P|BIKS1A|06|BIKSU|0|3
S|BIKSU|-8126942|161088161| |IF|0|0|0|0|0|0|0|0|0|0|0|0|0
S|DALTA|-9207231|159990183| |TF|0|0|0|0|0|0|0|0|0|0|0|0|0
S|APEXI|-9411067|159782031| |TF|0|0|0|0|0|0|0|0|0|0|0|0|0

P|BIKS1D|24|BIKSU|0|3
S|BIKSU|-8126942|161088161| |IF|0|0|0|0|0|0|0|0|0|0|0|0|0
S|MOSVI|-8813069|160606597| |TF|0|0|0|0|0|0|0|0|0|0|0|0|0
S|GOSNA|-9361833|160220111| |TF|0|0|0|0|0|0|0|0|0|0|0|0|0

P|DASA1A|06|DASSA|0|2
S|DASSA|-10385000|159705000| |IF|0|0|0|0|0|0|0|0|0|0|0|0|0
S|KOPAU|-9531667|159606667| |TF|0|0|0|0|0|0|0|0|0|0|0|0|0

P|DASA1B|06|DASSA|0|4
S|DASSA|-10385000|159705000| |IF|0|0|0|0|0|0|0|0|0|0|0|0|0
S|TAVIN|-9654756|160339358| |TF|0|0|0|0|0|0|0|0|0|0|0|0|0
S|DALTA|-9207231|159990183| |TF|0|0|0|0|0|0|0|0|0|0|0|0|0
S|APEXI|-9411067|159782031| |TF|1|0|0|0|0|0|0|0|0|0|0|0|0

P|DASA1D|24|DASSA|0|3
S|DASSA|-10385000|159705000| |IF|0|0|0|0|0|0|0|0|0|0|0|0|0
S|TAVIN|-9654756|160339358| |TF|0|0|0|0|0|220|0|0|0|0|0|0|0
S|EKOBU|-9439461|160251689| |TF|0|0|0|0|0|0|0|0|0|0|0|0|0

P|PAKM1A|06|PAKMI|0|2
S|PAKMI|-9607908|158358933| |IF|0|0|0|0|0|0|0|0|0|0|0|0|0
S|KOPAU|-9531667|159606667| |TF|0|0|0|0|0|0|0|0|0|0|0|0|0

P|PAKM1D|24|PAKMI|0|3
S|PAKMI|-9607908|158358933| |IF|0|0|0|0|0|0|0|0|0|0|0|0|0
S|LARUT|-9340750|159873281| |TF|0|0|0|0|0|0|0|0|0|0|0|0|0
S|DABIM|-9284203|160188550| |TF|0|0|0|0|0|0|0|0|0|0|0|0|0

P|VAKR1A|06|VAKRO|0|3
S|VAKRO|-9854983|160957139| |IF|0|0|0|0|0|0|0|0|0|0|0|0|0
S|DALTA|-9207231|159990183| |TF|0|0|0|0|0|0|0|0|0|0|0|0|0
S|APEXI|-9411067|159782031| |TF|0|0|0|0|0|0|0|0|0|0|0|0|0

P|VAKR1D|24|VAKRO|0|2
S|VAKRO|-9854983|160957139| |IF|0|0|0|0|0|0|0|0|0|0|0|0|0
S|GOSNA|-9361833|160220111| |TF|0|0|0|0|0|0|0|0|0|0|0|0|0

