P|APASS8|09|BOOTH|0|11
S|BOOTH|49522369|-122045139| |IF|0|0|0|0|0|0|0|0|0|0|0|0|0
S|STAVE|49401539|-122347997| |TF|0|0|0|0|0|0|0|0|0|0|0|0|0
S|LANNE|49279689|-122652183| |TF|0|0|0|0|0|0|2|20000|0|0|0|0|0
S|YVR|49077342|-123149064| |TF|0|0|0|0|0|250|3|16000|13000|0|0|0|0
S|YVR|49077342|-123149064| |IF|0|0|0|0|0|250|3|16000|13000|0|0|0|0
S|AMEBO|48873875|-123290003| |TF|0|0|0|0|0|0|0|0|0|1|0|0|0
S|AMEBO|48873875|-123290003| |IF|0|0|0|0|0|0|0|0|0|0|0|0|0
S|IKLER|48783397|-123409900| |TF|0|0|0|0|0|0|0|0|0|0|0|0|0
S|PELTI|48747150|-123457767| |TF|0|0|0|0|0|210|0|0|0|0|0|0|0
S|DAXET|48780358|-123633342| |TF|0|0|0|0|0|0|0|0|0|0|0|0|0
S|KELKU|48805517|-123767469| |TF|0|0|0|0|0|200|1|4000|0|0|0|0|0

P|APASS8|27|BOOTH|0|9
S|BOOTH|49522369|-122045139| |IF|0|0|0|0|0|0|0|0|0|0|0|0|0
S|STAVE|49401539|-122347997| |TF|0|0|0|0|0|0|0|0|0|0|0|0|0
S|LANNE|49279689|-122652183| |TF|0|0|0|0|0|0|2|20000|0|0|0|0|0
S|YVR|49077342|-123149064| |TF|0|0|0|0|0|250|3|16000|13000|0|0|0|0
S|YVR|49077342|-123149064| |IF|0|0|0|0|0|250|3|16000|13000|0|0|0|0
S|AMEBO|48873875|-123290003| |TF|0|0|0|0|0|0|0|0|0|1|0|0|0
S|AMEBO|48873875|-123290003| |IF|0|0|0|0|0|0|0|0|0|0|0|0|0
S|ADSIK|48727406|-123354136| |TF|0|0|0|0|0|0|0|0|0|0|0|0|0
S|OBSOP|48682417|-123120125| |TF|0|0|0|0|0|210|1|3000|0|0|0|0|0

P|APASS8|09|KEINN|0|10
S|KEINN|49816250|-123732225| |IF|0|0|0|0|0|0|0|0|0|0|0|0|0
S|FASBO|49373678|-123380581| |TF|0|0|0|0|0|0|2|20000|0|0|0|0|0
S|YVR|49077342|-123149064| |TF|0|0|0|0|0|250|3|16000|13000|0|0|0|0
S|YVR|49077342|-123149064| |IF|0|0|0|0|0|250|3|16000|13000|0|0|0|0
S|AMEBO|48873875|-123290003| |TF|0|0|0|0|0|0|0|0|0|1|0|0|0
S|AMEBO|48873875|-123290003| |IF|0|0|0|0|0|0|0|0|0|0|0|0|0
S|IKLER|48783397|-123409900| |TF|0|0|0|0|0|0|0|0|0|0|0|0|0
S|PELTI|48747150|-123457767| |TF|0|0|0|0|0|210|0|0|0|0|0|0|0
S|DAXET|48780358|-123633342| |TF|0|0|0|0|0|0|0|0|0|0|0|0|0
S|KELKU|48805517|-123767469| |TF|0|0|0|0|0|200|1|4000|0|0|0|0|0

P|APASS8|27|KEINN|0|8
S|KEINN|49816250|-123732225| |IF|0|0|0|0|0|0|0|0|0|0|0|0|0
S|FASBO|49373678|-123380581| |TF|0|0|0|0|0|0|2|20000|0|0|0|0|0
S|YVR|49077342|-123149064| |TF|0|0|0|0|0|250|3|16000|13000|0|0|0|0
S|YVR|49077342|-123149064| |IF|0|0|0|0|0|250|3|16000|13000|0|0|0|0
S|AMEBO|48873875|-123290003| |TF|0|0|0|0|0|0|0|0|0|1|0|0|0
S|AMEBO|48873875|-123290003| |IF|0|0|0|0|0|0|0|0|0|0|0|0|0
S|ADSIK|48727406|-123354136| |TF|0|0|0|0|0|0|0|0|0|0|0|0|0
S|OBSOP|48682417|-123120125| |TF|0|0|0|0|0|210|1|3000|0|0|0|0|0

P|DISCO6|09|DISCO|0|5
S|DISCO|48376614|-123158500| |IF|0|0|0|0|0|0|1|5000|0|0|0|0|0
S|DISCO|48376614|-123158500| |IF|0|0|0|0|0|0|1|5000|0|0|0|0|0
S|LUSHE|48551000|-123624833| |TF|0|0|0|0|0|0|0|0|0|0|0|0|0
S|LIDIS|48582297|-123718361| |TF|0|0|0|0|0|210|0|0|0|0|0|0|0
S|OMINU|48624408|-123844756| |TF|0|0|0|0|0|0|1|5000|0|0|0|0|0

P|DISCO6|27|DISCO|0|4
S|DISCO|48376614|-123158500| |IF|0|0|0|0|0|0|1|5000|0|0|0|0|0
S|DISCO|48376614|-123158500| |IF|0|0|0|0|0|0|1|5000|0|0|0|0|0
S|UKNUP|48514617|-123166233| |TF|0|0|0|0|0|210|1|3000|0|0|0|0|0
S|LAFFO|48597683|-123157442| |TF|0|0|0|0|0|0|1|2300|0|0|0|0|0

