P|ARAG1R|21|ARAGU|0|5
S|ARAGU|5343944|6177583| |IF|0|0|0|0|0|0|0|0|0|0|0|0|0
S|PO431|5145094|6625647| |TF|0|0|0|0|0|0|1|11700|0|0|0|0|0
S|PO422|5067872|6799414| |TF|0|0|0|0|0|0|1|8000|0|0|0|0|0
S|GAMEP|5203814|6955678| |TF|0|0|0|0|0|0|1|2500|0|0|0|0|0
S|BINIM|5164169|7029247| |TF|0|0|0|0|0|210|1|2300|0|0|0|0|0

P|ARAG2R|03|ARAGU|0|4
S|ARAGU|5343944|6177583| |IF|0|0|0|0|0|0|0|0|0|0|0|0|0
S|PO435|4977525|6533911| |TF|0|0|0|0|0|0|1|9000|0|0|0|0|0
S|AMKIX|4939089|6739792| |TF|0|0|0|0|0|0|1|2500|0|0|0|0|0
S|RUMKU|4876908|6818447| |TF|0|0|0|0|0|210|1|2500|0|0|0|0|0

P|BORM1R|21|BORMO|0|4
S|BORMO|5810556|7000833| |IF|0|0|0|0|0|0|0|0|0|0|0|0|0
S|PO440|5497336|7091117| |TF|0|0|0|0|0|0|1|9000|0|0|0|0|0
S|PITVU|5252675|7076708| |TF|0|0|0|0|0|0|1|2500|0|0|0|0|0
S|BINIM|5164169|7029247| |TF|0|0|0|0|0|210|1|2300|0|0|0|0|0

P|ODRE1R|21|ODRED|0|5
S|ODRED|4945556|7765833| |IF|0|0|0|0|0|0|0|0|0|0|0|0|0
S|PO437|4994964|7450083| |TF|0|0|0|0|0|0|1|11000|0|0|0|0|0
S|PO439|5060858|7273533| |TF|0|0|0|0|0|0|2|6000|0|0|0|0|0
S|IPUKA|5124517|7102806| |TF|0|0|0|0|0|0|1|2500|0|0|0|0|0
S|BINIM|5164169|7029247| |TF|0|0|0|0|0|210|1|2300|0|0|0|0|0

