P|ABAL1G|09R|ABALA|0|4
S|ABALA|16050000|4583333| |IF|0|0|0|0|0|0|0|0|0|0|0|0|0
S|D043T|13731000|2434694| |TF|0|0|0|0|0|0|0|0|0|0|0|0|0
S| |91000000|181000000| |CI|0|22300|0|0|0|0|0|0|0|0|0|0|0
S|GAMOX|13596278|2038667|NY|AF|1|4300|1200|30600|0|0|1|2500|0|0|0|0|0

P|ABAL1N|27L|ABALA|0|4
S|ABALA|16050000|4583333| |IF|0|0|0|0|0|0|0|0|0|0|0|0|0
S|D043T|13731000|2434694| |TF|0|0|0|0|0|0|0|0|0|0|0|0|0
S| |91000000|181000000| |CI|0|22300|0|0|0|0|0|0|0|0|0|0|0
S|NUSOD|13587500|2381028|NY|AF|2|4300|1200|5900|0|0|1|2500|0|0|0|0|0

P|BANG1D|27L|BANGA|0|4
S|BANGA|13090833|899167| |IF|0|0|0|0|0|0|0|0|0|0|0|0|0
S|D254T|13385833|1879167| |TF|0|0|0|0|0|0|0|0|0|0|0|0|0
S| |91000000|181000000| |CI|0|7400|0|0|0|0|0|0|0|0|0|0|0
S|DESIS|13316556|2324528|NY|AF|1|25400|1200|14600|0|0|1|2500|0|0|0|0|0

P|BANG2R|09R|BANGA|0|4
S|BANGA|13090833|899167| |IF|0|0|0|0|0|0|0|0|0|0|0|0|0
S|D254T|13385833|1879167| |TF|0|0|0|0|0|0|0|0|0|1|0|0|0
S| |91000000|181000000| |CI|0|4100|0|0|0|0|0|0|0|0|0|0|0
S|RITAT|13473778|2001361|NY|CF|0|8800|1200|26890|400|0|1|2500|0|0|0|0|0

P|BONK1N|27L|BONKU|0|4
S|BONKU|14232778|-341667| |IF|0|0|0|0|0|0|0|0|0|0|0|0|0
S|D288T|13581306|1879194| |TF|0|0|0|0|0|0|0|0|0|0|0|0|0
S| |91000000|181000000| |CI|0|10800|0|0|0|0|0|0|0|0|0|0|0
S|NUSOD|13587500|2381028|NY|AF|2|28800|1200|5900|0|0|1|2500|0|0|0|0|0

P|BONK2R|09R|BONKU|0|4
S|BONKU|14232778|-341667| |IF|0|0|0|0|0|0|0|0|0|0|0|0|0
S|D288T|13581306|1879194| |TF|0|0|0|0|0|0|0|0|0|1|0|0|0
S| |91000000|181000000| |CI|0|15000|0|0|0|0|0|0|0|0|0|0|0
S|RITAT|13473778|2001361|NY|CF|0|8800|1200|26890|200|0|1|2500|0|0|0|0|0

P|DAMN1G|09R|DAMNA|0|4
S|DAMNA|14942778|4583333| |IF|0|0|0|0|0|0|0|0|0|0|0|0|0
S|D059T|13660917|2495556| |TF|0|0|0|0|0|0|0|0|0|0|0|0|0
S| |91000000|181000000| |CI|0|23900|0|0|0|0|0|0|0|0|0|0|0
S|GAMOX|13596278|2038667|NY|AF|1|5900|1200|30600|0|0|1|2500|0|0|0|0|0

P|DAMN1S|27L|DAMNA|0|4
S|DAMNA|14942778|4583333| |IF|0|0|0|0|0|0|0|0|0|0|0|0|0
S|D059T|13660917|2495556| |TF|0|0|0|0|0|0|0|0|0|0|0|0|0
S| |91000000|181000000| |CI|0|23900|0|0|0|0|0|0|0|0|0|0|0
S|SEPON|13524278|2407361|NY|AF|2|5900|1200|7860|0|0|1|2500|0|0|0|0|0

P|DEPA1M|27L|INEPA|0|3
S|INEPA|16250000|2038611| |IF|0|0|0|0|0|0|0|0|0|0|0|0|0
S|DEPAM|13900003|2181372| |TF|0|0|0|0|0|0|1|10000|0|0|0|0|0
S|MOVID|13593019|2406561| |TF|0|0|0|0|0|230|1|2500|0|0|0|0|0

P|DEPA1P|09R|INEPA|0|3
S|INEPA|16250000|2038611| |IF|0|0|0|0|0|0|0|0|0|0|0|0|0
S|DEPAM|13900003|2181372| |TF|0|0|0|0|0|0|1|10000|0|0|0|0|0
S|POXAS|13574081|1996428| |TF|0|0|0|0|0|230|1|2500|0|0|0|0|0

P|ETRO1K|27L|BANGA|0|3
S|BANGA|13090833|899167| |IF|0|0|0|0|0|0|0|0|0|0|0|0|0
S|ETROT|13351442|1764069| |TF|0|0|0|0|0|0|1|14000|0|0|0|0|0
S|KELUT|13392367|2416267| |TF|0|0|0|0|0|230|1|2500|0|0|0|0|0

P|ETRO1R|09R|BANGA|0|3
S|BANGA|13090833|899167| |IF|0|0|0|0|0|0|0|0|0|0|0|0|0
S|ETROT|13351442|1764069| |TF|0|0|0|0|0|0|1|8000|0|0|0|0|0
S|RITAT|13473778|2001361| |TF|0|0|0|0|0|230|1|2500|0|0|0|0|0

P|GALE1G|09R|GALET|0|4
S|GALET|14537500|1360556| |IF|0|0|0|0|0|0|0|0|0|0|0|0|0
S|D323T|13744861|1996028| |TF|0|0|0|0|0|0|0|0|0|0|0|0|0
S| |91000000|181000000| |CI|0|14300|0|0|0|0|0|0|0|0|0|0|0
S|GAMOX|13596278|2038667|NY|AF|1|32300|1200|30600|0|0|1|2500|0|0|0|0|0

P|GALE1N|27L|GALET|0|4
S|GALET|14537500|1360556| |IF|0|0|0|0|0|0|0|0|0|0|0|0|0
S|D323T|13744861|1996028| |TF|0|0|0|0|0|0|0|0|0|0|0|0|0
S| |91000000|181000000| |CI|0|14300|0|0|0|0|0|0|0|0|0|0|0
S|NUSOD|13587500|2381028|NY|AF|2|32300|1200|5900|0|0|1|2500|0|0|0|0|0

P|GALI1R|09R|GALIV|0|4
S|GALIV|14014167|-426667| |IF|0|0|0|0|0|0|0|0|0|0|0|0|0
S|D283T|13552500|1871611| |TF|0|0|0|0|0|0|0|0|0|1|0|0|0
S| |91000000|181000000| |CI|0|13700|0|0|0|0|0|0|0|0|0|0|0
S|RITAT|13473778|2001361|NY|CF|0|8800|1200|26890|200|0|1|2500|0|0|0|0|0

P|GAPA1D|27L|GAPAG|0|4
S|GAPAG|11000000|325000| |IF|0|0|0|0|0|0|0|0|0|0|0|0|0
S|D218T|13213389|2001583| |TF|0|0|0|0|0|0|0|0|0|0|0|0|0
S| |91000000|181000000| |CI|0|3800|0|0|0|0|0|0|0|0|0|0|0
S|DESIS|13316556|2324528|NY|AF|1|21800|1200|14600|0|0|1|2500|0|0|0|0|0

P|GAPA1T|09R|GAPAG|0|4
S|GAPAG|11000000|325000| |IF|0|0|0|0|0|0|0|0|0|0|0|0|0
S|D218T|13213389|2001583| |TF|0|0|0|0|0|0|0|0|0|0|0|0|0
S| |91000000|181000000| |CI|0|3800|0|0|0|0|0|0|0|0|0|0|0
S|TIXEL|13339028|2061833|NY|AF|2|21800|1200|22600|0|0|1|2500|0|0|0|0|0

P|GASO1G|09R|GASON|0|4
S|GASON|16250000|3151389| |IF|0|0|0|0|0|0|0|0|0|0|0|0|0
S|D019T|13799083|2314083| |TF|0|0|0|0|0|0|0|0|0|0|0|0|0
S| |91000000|181000000| |CI|0|19900|0|0|0|0|0|0|0|0|0|0|0
S|GAMOX|13596278|2038667|NY|AF|1|1900|1200|30600|0|0|1|2500|0|0|0|0|0

P|GASO1N|27L|GASON|0|4
S|GASON|16250000|3151389| |IF|0|0|0|0|0|0|0|0|0|0|0|0|0
S|D019T|13799083|2314083| |TF|0|0|0|0|0|0|0|0|0|0|0|0|0
S| |91000000|181000000| |CI|0|19900|0|0|0|0|0|0|0|0|0|0|0
S|NUSOD|13587500|2381028|NY|AF|2|1900|1200|5900|0|0|1|2500|0|0|0|0|0

P|GULE1T|09R|GULEN|0|4
S|GULEN|13136556|4122528| |IF|0|0|0|0|0|0|0|0|0|0|0|0|0
S|D101T|13421694|2543500| |TF|0|0|0|0|0|0|0|0|0|0|0|0|0
S| |91000000|181000000| |CI|0|28100|0|0|0|0|0|0|0|0|0|0|0
S|TIXEL|13339028|2061833|NY|AF|2|10100|1200|22600|0|0|1|2500|0|0|0|0|0

P|GUMA1M|27L|GASON|0|3
S|GASON|16250000|3151389| |IF|0|0|0|0|0|0|0|0|0|0|0|0|0
S|GUMAT|13867486|2336100| |TF|0|0|0|0|0|0|1|8000|0|0|0|0|0
S|MOVID|13593019|2406561| |TF|0|0|0|0|0|230|1|2500|0|0|0|0|0

P|GUMA1P|09R|GASON|0|3
S|GASON|16250000|3151389| |IF|0|0|0|0|0|0|0|0|0|0|0|0|0
S|GUMAT|13867486|2336100| |TF|0|0|0|0|0|0|1|11000|0|0|0|0|0
S|POXAS|13574081|1996428| |TF|0|0|0|0|0|230|1|2500|0|0|0|0|0

P|INEP1G|09R|INEPA|0|4
S|INEPA|16250000|2038611| |IF|0|0|0|0|0|0|0|0|0|0|0|0|0
S|D358T|13815444|2188944| |TF|0|0|0|0|0|0|0|0|0|0|0|0|0
S| |91000000|181000000| |CI|0|17800|0|0|0|0|0|0|0|0|0|0|0
S|GAMOX|13596278|2038667|NY|AF|1|35800|1200|30600|0|0|1|2500|0|0|0|0|0

P|INEP1N|27L|INEPA|0|4
S|INEPA|16250000|2038611| |IF|0|0|0|0|0|0|0|0|0|0|0|0|0
S|D358T|13815444|2188944| |TF|0|0|0|0|0|0|0|0|0|0|0|0|0
S| |91000000|181000000| |CI|0|17800|0|0|0|0|0|0|0|0|0|0|0
S|NUSOD|13587500|2381028|NY|AF|2|35800|1200|5900|0|0|1|2500|0|0|0|0|0

P|IRAD1L|27L|IRADI|0|2
S|IRADI|13776617|2474119| |IF|0|0|0|0|0|0|1|8000|0|0|0|0|0
S|LILAM|13492694|2411417| |TF|0|0|0|0|0|230|1|2500|0|0|0|0|0

P|IRAD1P|09R|IRADI|0|2
S|IRADI|13776617|2474119| |IF|0|0|0|0|0|0|1|12000|0|0|0|0|0
S|POXAS|13574081|1996428| |TF|0|0|0|0|0|230|1|2500|0|0|0|0|0

P|IRTO1D|27L|IRTOD|0|4
S|IRTOD|12200000|1816111| |IF|0|0|0|0|0|0|0|0|0|0|0|0|0
S|D198T|13160444|2108667| |TF|0|0|0|0|0|0|0|0|0|0|0|0|0
S| |91000000|181000000| |CI|0|1800|0|0|0|0|0|0|0|0|0|0|0
S|DESIS|13316556|2324528|NY|AF|1|19800|1200|14600|0|0|1|2500|0|0|0|0|0

P|IRTO1T|09R|IRTOD|0|4
S|IRTOD|12200000|1816111| |IF|0|0|0|0|0|0|0|0|0|0|0|0|0
S|D198T|13160444|2108667| |TF|0|0|0|0|0|0|0|0|0|0|0|0|0
S| |91000000|181000000| |CI|0|1800|0|0|0|0|0|0|0|0|0|0|0
S|TIXEL|13339028|2061833|NY|AF|2|19800|1200|22600|0|0|1|2500|0|0|0|0|0

P|KOKA1L|27L|DAMNA|0|3
S|DAMNA|14942778|4583333| |IF|0|0|0|0|0|0|0|0|0|0|0|0|0
S|KOKAS|13691158|2540708| |TF|0|0|0|0|0|0|1|7000|0|0|0|0|0
S|LILAM|13492694|2411417| |TF|0|0|0|0|0|230|1|2500|0|0|0|0|0

P|KOKA1P|09R|DAMNA|0|3
S|DAMNA|14942778|4583333| |IF|0|0|0|0|0|0|0|0|0|0|0|0|0
S|KOKAS|13691158|2540708| |TF|0|0|0|0|0|0|1|13000|0|0|0|0|0
S|POXAS|13574081|1996428| |TF|0|0|0|0|0|230|1|2500|0|0|0|0|0

P|LIGI1L|27L|POLKI|0|3
S|POLKI|13556111|3573056| |IF|0|0|0|0|0|0|0|0|0|0|0|0|0
S|LIGIS|13504936|2597347| |TF|0|0|0|0|0|0|1|6000|0|0|0|0|0
S|LILAM|13492694|2411417| |TF|0|0|0|0|0|230|1|2500|0|0|0|0|0

P|LIGI1P|09R|POLKI|0|4
S|POLKI|13556111|3573056| |IF|0|0|0|0|0|0|0|0|0|0|0|0|0
S|LIGIS|13504936|2597347| |TF|0|0|0|0|0|0|1|14000|0|0|0|0|0
S|RN701|13578008|2081892| |TF|0|0|0|0|0|0|1|4000|0|0|0|0|0
S|POXAS|13574081|1996428| |TF|0|0|0|0|0|230|1|2500|0|0|0|0|0

P|MOVA1B|09R|GULEN|0|3
S|GULEN|13136556|4122528| |IF|0|0|0|0|0|0|0|0|0|0|0|0|0
S|MOVAG|13414722|2592425| |TF|0|0|0|0|0|0|1|13000|0|0|0|0|0
S|BISIK|13373447|2006261| |TF|0|0|0|0|0|230|1|2500|0|0|0|0|0

P|MOVA1L|27L|GULEN|0|3
S|GULEN|13136556|4122528| |IF|0|0|0|0|0|0|0|0|0|0|0|0|0
S|MOVAG|13414722|2592425| |TF|0|0|0|0|0|0|1|7000|0|0|0|0|0
S|LILAM|13492694|2411417| |TF|0|0|0|0|0|230|1|2500|0|0|0|0|0

P|NEBD1B|09R|IRTOD|0|3
S|IRTOD|12200000|1816111| |IF|0|0|0|0|0|0|0|0|0|0|0|0|0
S|NEBDO|13072408|2081003| |TF|0|0|0|0|0|0|1|9000|0|0|0|0|0
S|BISIK|13373447|2006261| |TF|0|0|0|0|0|230|1|2500|0|0|0|0|0

P|NEBD1K|27L|IRTOD|0|3
S|IRTOD|12200000|1816111| |IF|0|0|0|0|0|0|0|0|0|0|0|0|0
S|NEBDO|13072408|2081003| |TF|0|0|0|0|0|0|1|11000|0|0|0|0|0
S|KELUT|13392367|2416267| |TF|0|0|0|0|0|230|1|2500|0|0|0|0|0

P|OVRE1B|09R|TATAT|0|3
S|TATAT|11000000|2273333| |IF|0|0|0|0|0|0|0|0|0|0|0|0|0
S|OVREN|13065733|2217731| |TF|0|0|0|0|0|0|1|10000|0|0|0|0|0
S|BISIK|13373447|2006261| |TF|0|0|0|0|0|230|1|2500|0|0|0|0|0

P|OVRE1K|27L|TATAT|0|3
S|TATAT|11000000|2273333| |IF|0|0|0|0|0|0|0|0|0|0|0|0|0
S|OVREN|13065733|2217731| |TF|0|0|0|0|0|0|1|10000|0|0|0|0|0
S|KELUT|13392367|2416267| |TF|0|0|0|0|0|230|1|2500|0|0|0|0|0

P|PIVD1B|09R|VOLTI|0|3
S|VOLTI|12161944|2429167| |IF|0|0|0|0|0|0|0|0|0|0|0|0|0
S|PIVDO|13075981|2275333| |TF|0|0|0|0|0|0|1|10000|0|0|0|0|0
S|BISIK|13373447|2006261| |TF|0|0|0|0|0|230|1|2500|0|0|0|0|0

P|PIVD1K|27L|VOLTI|0|3
S|VOLTI|12161944|2429167| |IF|0|0|0|0|0|0|0|0|0|0|0|0|0
S|PIVDO|13075981|2275333| |TF|0|0|0|0|0|0|1|9000|0|0|0|0|0
S|KELUT|13392367|2416267| |TF|0|0|0|0|0|230|1|2500|0|0|0|0|0

P|RILO1B|09R|BOVDA|0|3
S|BOVDA|12451533|3630364| |IF|0|0|0|0|0|0|0|0|0|0|0|0|0
S|RILOS|13251989|2527672| |TF|0|0|0|0|0|0|1|13000|0|0|0|0|0
S|BISIK|13373447|2006261| |TF|0|0|0|0|0|230|1|2500|0|0|0|0|0

P|RILO1L|27L|BOVDA|0|3
S|BOVDA|12451533|3630364| |IF|0|0|0|0|0|0|0|0|0|0|0|0|0
S|RILOS|13251989|2527672| |TF|0|0|0|0|0|0|1|8000|0|0|0|0|0
S|LILAM|13492694|2411417| |TF|0|0|0|0|0|230|1|2500|0|0|0|0|0

P|SORK1K|27L|GAPAG|0|3
S|GAPAG|11000000|325000| |IF|0|0|0|0|0|0|0|0|0|0|0|0|0
S|SORKA|13131208|1936783| |TF|0|0|0|0|0|0|1|13000|0|0|0|0|0
S|KELUT|13392367|2416267| |TF|0|0|0|0|0|230|1|2500|0|0|0|0|0

P|SORK1R|09R|GAPAG|0|3
S|GAPAG|11000000|325000| |IF|0|0|0|0|0|0|0|0|0|0|0|0|0
S|SORKA|13131208|1936783| |TF|0|0|0|0|0|0|1|8000|0|0|0|0|0
S|RITAT|13473778|2001361| |TF|0|0|0|0|0|230|1|2500|0|0|0|0|0

P|TATA1D|27L|TATAT|0|4
S|TATAT|11000000|2273333| |IF|0|0|0|0|0|0|0|0|0|0|0|0|0
S|D179T|13146444|2215917| |TF|0|0|0|0|0|0|0|0|0|0|0|0|0
S| |91000000|181000000| |CI|0|35900|0|0|0|0|0|0|0|0|0|0|0
S|DESIS|13316556|2324528|NY|AF|1|17900|1200|14600|0|0|1|2500|0|0|0|0|0

P|TUPI1K|27L|EDKAP|0|3
S|EDKAP|13380889|842258| |IF|0|0|0|0|0|0|0|0|0|0|0|0|0
S|TUPIS|13449439|1744031| |TF|0|0|0|0|0|0|1|15000|0|0|0|0|0
S|KELUT|13392367|2416267| |TF|0|0|0|0|0|230|1|2500|0|0|0|0|0

P|TUPI1R|09R|EDKAP|0|3
S|EDKAP|13380889|842258| |IF|0|0|0|0|0|0|0|0|0|0|0|0|0
S|TUPIS|13449439|1744031| |TF|0|0|0|0|0|0|1|7000|0|0|0|0|0
S|RITAT|13473778|2001361| |TF|0|0|0|0|0|230|1|2500|0|0|0|0|0

P|UBOX1N|27L|UBOXA|0|4
S|UBOXA|13254328|-721178| |IF|0|0|0|0|0|0|0|0|0|0|0|0|0
S|D266T|13458417|1865250| |TF|0|0|0|0|0|0|0|0|0|0|0|0|0
S| |91000000|181000000| |CI|0|8700|0|0|0|0|0|0|0|0|0|0|0
S|NUSOD|13587500|2381028|NY|AF|2|26700|1200|5900|0|0|1|2500|0|0|0|0|0

P|ULGA1M|27L|LIPET|0|3
S|LIPET|13933056|-13889| |IF|0|0|0|0|0|0|0|0|0|0|0|0|0
S|ULGAS|13576722|1753831| |TF|0|0|0|0|0|0|1|14000|0|0|0|0|0
S|MOVID|13593019|2406561| |TF|0|0|0|0|0|230|1|2500|0|0|0|0|0

P|ULGA1R|09R|LIPET|0|3
S|LIPET|13933056|-13889| |IF|0|0|0|0|0|0|0|0|0|0|0|0|0
S|ULGAS|13576722|1753831| |TF|0|0|0|0|0|0|1|8000|0|0|0|0|0
S|RITAT|13473778|2001361| |TF|0|0|0|0|0|230|1|2500|0|0|0|0|0

P|VOLT1D|27L|VOLTI|0|4
S|VOLTI|12161944|2429167| |IF|0|0|0|0|0|0|0|0|0|0|0|0|0
S|D172T|13150833|2262750| |TF|0|0|0|0|0|0|0|0|0|0|0|0|0
S| |91000000|181000000| |CI|0|35200|0|0|0|0|0|0|0|0|0|0|0
S|DESIS|13316556|2324528|NY|AF|1|17200|1200|14600|0|0|1|2500|0|0|0|0|0

P|VOXI1M|27L|GALET|0|3
S|GALET|14537500|1360556| |IF|0|0|0|0|0|0|0|0|0|0|0|0|0
S|VOXIL|13828342|1930675| |TF|0|0|0|0|0|0|1|12000|0|0|0|0|0
S|MOVID|13593019|2406561| |TF|0|0|0|0|0|230|1|2500|0|0|0|0|0

P|VOXI1R|09R|GALET|0|3
S|GALET|14537500|1360556| |IF|0|0|0|0|0|0|0|0|0|0|0|0|0
S|VOXIL|13828342|1930675| |TF|0|0|0|0|0|0|1|9000|0|0|0|0|0
S|RITAT|13473778|2001361| |TF|0|0|0|0|0|230|1|2500|0|0|0|0|0

