P|GESB3J|ALL|GESBI|0|2
S|GESBI|51061111|6324722| |IF|0|0|0|0|0|0|0|0|0|0|0|0|0
S|MHV|51237300|6490244| |TF|0|0|0|0|0|0|0|0|0|0|0|0|0

P|LMA3J|ALL|LMA|0|2
S|LMA|51370914|6394925| |IF|0|0|0|0|0|0|0|0|0|0|0|0|0
S|MHV|51237300|6490244| |TF|0|0|0|0|0|0|0|0|0|0|0|0|0

P|NVO1J|ALL|NVO|0|3
S|NVO|50822675|6636536| |IF|0|0|0|0|0|0|0|0|0|0|0|0|0
S|GESBI|51061111|6324722| |TF|0|0|0|0|0|0|0|0|0|0|0|0|0
S|MHV|51237300|6490244| |TF|0|0|0|0|0|0|0|0|0|0|0|0|0

P|VEBA2J|ALL|VEBAK|0|3
S|VEBAK|51457978|6348067| |IF|0|0|0|0|0|0|0|0|0|0|0|0|0
S|LMA|51370914|6394925| |TF|0|0|0|0|0|0|0|0|0|0|0|0|0
S|MHV|51237300|6490244| |TF|0|0|0|0|0|0|0|0|0|0|0|0|0

