P|KPT1F|ALL|KPT|0|6
S|KPT|47745775|10349833| |IF|0|0|0|0|0|0|1|7000|0|0|0|0|0
S|NY900|47741983|10073044| |TF|0|0|0|0|0|0|1|7000|0|0|0|0|0
S|NY901|47739461|9916358| |TF|0|0|0|0|0|0|0|0|0|0|0|0|0
S|NY902|47735217|9678114| |TF|0|0|0|0|0|0|0|0|0|0|0|0|0
S|MOKOP|47729403|9389117| |TF|0|0|0|0|0|0|0|0|0|0|0|0|0
S|ARFAS|47848844|9236664| |TF|0|0|0|0|0|0|1|6000|0|0|0|0|0

P|ROLS1F|ALL|ROLSA|0|4
S|ROLSA|47289722|8889167| |IF|0|0|0|0|0|0|1|7000|0|0|0|0|0
S|DEGES|47412500|9201944| |TF|0|0|0|0|0|0|0|0|0|0|0|0|0
S|NY600|47561872|9230856| |TF|0|0|0|0|0|0|0|0|0|0|0|0|0
S|ARFAS|47848844|9236664| |TF|0|0|0|0|0|0|1|6000|0|0|0|0|0

P|ZUE1F|ALL|ZUE|0|3
S|ZUE|47592167|8817667| |IF|0|0|0|0|0|0|1|6000|0|0|0|0|0
S|NY903|47646975|9178053| |TF|0|0|0|0|0|0|0|0|0|0|0|0|0
S|ARFAS|47848844|9236664| |TF|0|0|0|0|0|0|1|6000|0|0|0|0|0

