P|DIVA4M|15|DIVAM|0|8
S|DIVAM|59848333|23593611| |IF|0|0|0|0|0|0|1|10000|0|0|0|0|0
S|PEXEN|59913056|23824444| |TF|0|0|0|0|0|250|0|0|0|0|0|0|0
S|HK804|60101703|24724994| |TF|0|0|0|0|0|0|0|0|0|0|0|0|0
S|HK766|60264736|25081922| |TF|0|0|0|0|0|0|0|0|0|0|0|0|0
S|HK817|60355242|25126969| |TF|0|0|0|0|0|0|0|0|0|0|0|0|0
S|HK941|60434728|25045642| |TF|0|0|0|0|0|0|0|0|0|0|0|0|0
S|SUTAX|60493961|24984744| |TF|0|0|0|0|0|220|1|2000|0|0|0|0|0
S|SUTAX|60493961|24984744|HEL|FM|0|32300|940|35560|0|220|1|2000|0|0|0|0|0

P|DIVA4W|33|DIVAM|0|5
S|DIVAM|59848333|23593611| |IF|0|0|0|0|0|0|1|10000|0|0|0|0|0
S|PEXEN|59913056|23824444| |TF|0|0|0|0|0|250|0|0|0|0|0|0|0
S|HK947|60195303|24915092| |TF|0|0|0|0|0|0|0|0|0|0|0|0|0
S|SOPOS|60121228|24990714| |TF|2|0|0|0|0|220|1|3000|0|0|0|0|0
S|SOPOS|60121228|24990714|HEL|FM|0|14300|1310|16510|0|220|1|3000|0|0|0|0|0

P|DIVA5A|22L|DIVAM|0|7
S|DIVAM|59848333|23593611| |IF|0|0|0|0|0|0|1|10000|0|0|0|0|0
S|PEXEN|59913056|23824444| |TF|0|0|0|0|0|250|0|0|0|0|0|0|0
S|HK804|60101703|24724994| |TF|0|0|0|0|0|0|0|0|0|0|0|0|0
S|HK891|60314978|25193050| |TF|0|0|0|0|0|0|0|0|0|0|0|0|0
S|VEMMI|60367589|25310053| |TF|0|0|0|0|0|220|0|0|0|0|0|0|0
S|KENON|60401058|25384728| |TF|0|0|0|0|0|220|1|3000|0|0|0|0|0
S|KENON|60401058|25384728|HEL|FM|0|3700|1340|6330|0|220|1|3000|0|0|0|0|0

P|DIVA5B|04L|DIVAM|0|5
S|DIVAM|59848333|23593611| |IF|0|0|0|0|0|0|1|10000|0|0|0|0|0
S|PEXEN|59913056|23824444| |TF|0|0|0|0|0|250|0|0|0|0|0|0|0
S|HK945|59980000|24247778| |TF|0|0|0|0|0|0|0|0|0|0|0|0|0
S|EHOTE|60017500|24488889| |TF|0|0|0|0|0|220|1|2300|0|0|0|0|0
S|EHOTE|60017500|24488889|HEL|FM|0|6200|2380|20610|0|220|1|2300|0|0|0|0|0

P|DIVA5R|04R|DIVAM|0|5
S|DIVAM|59848333|23593611| |IF|0|0|0|0|0|0|1|10000|0|0|0|0|0
S|PEXEN|59913056|23824444| |TF|0|0|0|0|0|250|0|0|0|0|0|0|0
S|HK945|59980000|24247778| |TF|0|0|0|0|0|0|0|0|0|0|0|0|0
S|EHOTE|60017500|24488889| |TF|0|0|0|0|0|220|1|3300|0|0|0|0|0
S|EHOTE|60017500|24488889|HEL|FM|0|6200|2380|20610|0|220|1|3300|0|0|0|0|0

P|DIVA5V|22R|DIVAM|0|8
S|DIVAM|59848333|23593611| |IF|0|0|0|0|0|0|1|10000|0|0|0|0|0
S|PEXEN|59913056|23824444| |TF|0|0|0|0|0|250|0|0|0|0|0|0|0
S|HK957|60104444|24191111| |TF|0|0|0|0|0|0|0|0|0|0|0|0|0
S|HK958|60283333|24539722| |TF|0|0|0|0|0|0|0|0|0|0|0|0|0
S|HK959|60345000|24730000| |TF|0|0|0|0|0|0|0|0|0|0|0|0|0
S|HK897|60413367|24876642| |TF|0|0|0|0|0|0|0|0|0|0|0|0|0
S|MILLI|60487489|25040514| |TF|0|0|0|0|0|220|1|2000|0|0|0|0|0
S|MILLI|60487489|25040514|HEL|FM|0|3700|940|600|0|220|1|2000|0|0|0|0|0

P|INTO6A|22L|INTOR|0|7
S|INTOR|59827778|25186667| |IF|0|0|0|0|0|0|1|12000|0|0|0|0|0
S|BALTI|59904167|25251667| |TF|0|0|0|0|0|250|0|0|0|0|0|0|0
S|HK943|60232078|25204997| |TF|0|0|0|0|0|0|0|0|0|0|0|0|0
S|HK891|60314978|25193050| |TF|0|0|0|0|0|0|0|0|0|0|0|0|0
S|VEMMI|60367589|25310053| |TF|0|0|0|0|0|220|0|0|0|0|0|0|0
S|KENON|60401058|25384728| |TF|0|0|0|0|0|220|1|3000|0|0|0|0|0
S|KENON|60401058|25384728|HEL|FM|0|3700|1340|6330|0|220|1|3000|0|0|0|0|0

P|INTO6V|22R|INTOR|0|6
S|INTOR|59827778|25186667| |IF|0|0|0|0|0|0|1|12000|0|0|0|0|0
S|BALTI|59904167|25251667| |TF|0|0|0|0|0|250|0|0|0|0|0|0|0
S|HK944|60228722|25199550| |TF|0|0|0|0|0|0|0|0|0|0|0|0|0
S|HK946|60311564|25186081| |TF|0|0|0|0|0|0|0|0|0|0|0|0|0
S|NOFOX|60355589|25283269| |TF|0|0|0|0|0|220|1|2000|0|0|0|0|0
S|NOFOX|60355589|25283269|HEL|FM|0|3700|990|7370|0|220|1|2000|0|0|0|0|0

P|INTO7R|04R|INTOR|0|8
S|INTOR|59827778|25186667| |IF|0|0|0|0|0|0|1|12000|0|0|0|0|0
S|BALTI|59904167|25251667| |TF|0|0|0|0|0|250|0|0|0|0|0|0|0
S|HK953|60063611|25150278| |TF|0|0|0|0|0|0|0|0|0|0|0|0|0
S|HK938|60142897|25099675| |TF|0|0|0|0|0|0|0|0|0|0|0|0|0
S|HK933|60187981|24913169| |TF|0|0|0|0|0|0|0|0|0|0|0|0|0
S|ORILE|60140758|24809983| |TF|0|0|0|0|0|220|0|0|0|0|0|0|0
S|VISSI|60106981|24736461| |TF|0|0|0|0|0|220|1|3300|0|0|0|0|0
S|VISSI|60106981|24736461|HEL|FM|0|21700|1530|19520|0|220|1|3300|0|0|0|0|0

P|INTO8B|04L|INTOR|0|7
S|INTOR|59827778|25186667| |IF|0|0|0|0|0|0|1|12000|0|0|0|0|0
S|BALTI|59904167|25251667| |TF|0|0|0|0|0|250|0|0|0|0|0|0|0
S|HK953|60063611|25150278| |TF|0|0|0|0|0|0|0|0|0|0|0|0|0
S|HK938|60142897|25099675| |TF|0|0|0|0|0|0|0|0|0|0|0|0|0
S|HK933|60187981|24913169| |TF|0|0|0|0|0|0|0|0|0|0|0|0|0
S|LOHIG|60135486|24798494| |TF|0|0|0|0|0|220|1|2300|0|0|0|0|0
S|LOHIG|60135486|24798494|HEL|FM|0|21700|1300|19100|0|220|1|2300|0|0|0|0|0

P|INTO8W|33|INTOR|0|4
S|INTOR|59827778|25186667| |IF|0|0|0|0|0|0|1|12000|0|0|0|0|0
S|BALTI|59904167|25251667| |TF|0|0|0|0|0|250|2|12000|0|0|0|0|0
S|EESTI|60081111|25406667| |TF|0|0|0|0|0|220|1|3000|0|0|0|0|0
S|EESTI|60081111|25406667|HEL|FM|0|1300|2060|12850|0|220|1|3000|0|0|0|0|0

P|INTO9M|15|INTOR|0|8
S|INTOR|59827778|25186667| |IF|0|0|0|0|0|0|1|12000|0|0|0|0|0
S|BALTI|59904167|25251667| |TF|0|0|0|0|0|250|0|0|0|0|0|0|0
S|HK806|59980536|25316878| |TF|0|0|0|0|0|0|0|0|0|0|0|0|0
S|HK805|60113333|25250000| |TF|0|0|0|0|0|0|0|0|0|0|0|0|0
S|HK817|60355242|25126969| |TF|0|0|0|0|0|0|0|0|0|0|0|0|0
S|HK941|60434728|25045642| |TF|0|0|0|0|0|0|0|0|0|0|0|0|0
S|SUTAX|60493961|24984744| |TF|0|0|0|0|0|220|1|2000|0|0|0|0|0
S|SUTAX|60493961|24984744|HEL|FM|0|32300|940|35560|0|220|1|2000|0|0|0|0|0

P|LAKU6V|22R|LAKUT|0|6
S|LAKUT|60438056|23876389| |IF|0|0|0|0|0|0|1|10000|0|0|0|0|0
S|MAROM|60447778|24043611| |TF|0|0|0|0|0|250|0|0|0|0|0|0|0
S|VIBEP|60459167|24244167| |TF|0|0|0|0|0|0|0|0|0|0|0|0|0
S|HK897|60413367|24876642| |TF|0|0|0|0|0|0|0|0|0|0|0|0|0
S|MILLI|60487489|25040514| |TF|0|0|0|0|0|220|1|2000|0|0|0|0|0
S|MILLI|60487489|25040514|HEL|FM|0|3700|940|600|0|220|1|2000|0|0|0|0|0

P|LAKU7A|22L|LAKUT|0|8
S|LAKUT|60438056|23876389| |IF|0|0|0|0|0|0|1|10000|0|0|0|0|0
S|MAROM|60447778|24043611| |TF|0|0|0|0|0|250|0|0|0|0|0|0|0
S|VIBEP|60459167|24244167| |TF|0|0|0|0|0|0|0|0|0|0|0|0|0
S|HK942|60473606|24613325| |TF|0|0|0|0|0|0|0|0|0|0|0|0|0
S|HK951|60444339|24941433| |TF|0|0|0|0|0|0|0|0|0|0|0|0|0
S|LASTU|60500422|25065675| |TF|0|0|0|0|0|220|0|0|0|0|0|0|0
S|KAAVI|60534017|25140428| |TF|0|0|0|0|0|220|1|3000|0|0|0|0|0
S|KAAVI|60534017|25140428|HEL|FM|0|3700|1300|1510|0|220|1|3000|0|0|0|0|0

P|LAKU8M|15|LAKUT|0|5
S|LAKUT|60438056|23876389| |IF|0|0|0|0|0|0|1|10000|0|0|0|0|0
S|MAROM|60447778|24043611| |TF|0|0|0|0|0|250|0|0|0|0|0|0|0
S|VIBEP|60459167|24244167| |TF|0|0|0|0|0|0|0|0|0|0|0|0|0
S|HELPO|60471181|24461697| |TF|0|0|0|0|0|220|1|3000|0|0|0|0|0
S|HELPO|60471181|24461697|HEL|FM|0|7300|1670|28890|0|220|1|3000|0|0|0|0|0

P|LAKU8W|33|LAKUT|0|7
S|LAKUT|60438056|23876389| |IF|0|0|0|0|0|0|1|10000|0|0|0|0|0
S|MAROM|60447778|24043611| |TF|0|0|0|0|0|250|0|0|0|0|0|0|0
S|VIBEP|60459167|24244167| |TF|0|0|0|0|0|0|0|0|0|0|0|0|0
S|HK862|60356631|24749053| |TF|0|0|0|0|0|0|0|0|0|0|0|0|0
S|HK947|60195303|24915092| |TF|0|0|0|0|0|0|0|0|0|0|0|0|0
S|SOPOS|60121228|24990714| |TF|0|0|0|0|0|220|1|3000|0|0|0|0|0
S|SOPOS|60121228|24990714|HEL|FM|0|14300|1310|16510|0|220|1|3000|0|0|0|0|0

P|LAKU9B|04L|LAKUT|0|7
S|LAKUT|60438056|23876389| |IF|0|0|0|0|0|0|1|10000|0|0|0|0|0
S|MAROM|60447778|24043611| |TF|0|0|0|0|0|250|0|0|0|0|0|0|0
S|HK871|60434067|24503836| |TF|0|0|0|0|0|0|0|0|0|0|0|0|0
S|HK937|60380050|24594539| |TF|0|0|0|0|0|0|0|0|0|0|0|0|0
S|HK932|60325972|24684942| |TF|0|0|0|0|0|0|0|0|0|0|0|0|0
S|NEMVI|60267069|24556658| |TF|0|0|0|0|0|220|1|2300|0|0|0|0|0
S|NEMVI|60267069|24556658|HEL|FM|0|21700|1260|24040|0|220|1|2300|0|0|0|0|0

P|LAKU9R|04R|LAKUT|0|8
S|LAKUT|60438056|23876389| |IF|0|0|0|0|0|0|1|10000|0|0|0|0|0
S|MAROM|60447778|24043611| |TF|0|0|0|0|0|250|0|0|0|0|0|0|0
S|HK871|60434067|24503836| |TF|0|0|0|0|0|0|0|0|0|0|0|0|0
S|HK937|60380050|24594539| |TF|0|0|0|0|0|0|0|0|0|0|0|0|0
S|HK932|60325972|24684942| |TF|0|0|0|0|0|0|0|0|0|0|0|0|0
S|NEKKU|60271794|24566922| |TF|0|0|0|0|0|220|0|0|0|0|0|0|0
S|MALKE|60237881|24493358| |TF|0|0|0|0|0|220|1|3300|0|0|0|0|0
S|MALKE|60237881|24493358|HEL|FM|0|21700|1500|23660|0|220|1|3300|0|0|0|0|0

P|LUSE4B|04L|LUSEP|0|7
S|LUSEP|60952222|25264722| |IF|0|0|0|0|0|0|1|10000|0|0|0|0|0
S|NAPUN|60828056|25272778| |TF|0|0|0|0|0|250|0|0|0|0|0|0|0
S|HK890|60598194|25287528| |TF|0|0|0|0|0|0|0|0|0|0|0|0|0
S|HK897|60413367|24876642| |TF|0|0|0|0|0|0|0|0|0|0|0|0|0
S|HK932|60325972|24684942| |TF|0|0|0|0|0|0|0|0|0|0|0|0|0
S|NEMVI|60267069|24556658| |TF|0|0|0|0|0|220|1|2300|0|0|0|0|0
S|NEMVI|60267069|24556658|HEL|FM|0|21700|1260|24040|0|220|1|2300|0|0|0|0|0

P|LUSE4M|15|LUSEP|0|6
S|LUSEP|60952222|25264722| |IF|0|0|0|0|0|0|1|10000|0|0|0|0|0
S|NAPUN|60828056|25272778| |TF|0|0|0|0|0|250|0|0|0|0|0|0|0
S|HK902|60692128|25281525| |TF|0|0|0|0|0|0|1|3000|0|0|0|0|0
S|HK950|60610833|25071111| |TF|0|0|0|0|0|0|0|0|0|0|0|0|0
S|NAHOP|60535556|25148611| |TF|0|0|0|0|0|220|1|2000|0|0|0|0|0
S|NAHOP|60535556|25148611|HEL|FM|0|14300|1320|1590|0|0|1|2000|0|0|0|0|0

P|LUSE4R|04R|LUSEP|0|8
S|LUSEP|60952222|25264722| |IF|0|0|0|0|0|0|1|10000|0|0|0|0|0
S|NAPUN|60828056|25272778| |TF|0|0|0|0|0|250|0|0|0|0|0|0|0
S|HK890|60598194|25287528| |TF|0|0|0|0|0|0|0|0|0|0|0|0|0
S|HK897|60413367|24876642| |TF|0|0|0|0|0|0|0|0|0|0|0|0|0
S|HK932|60325972|24684942| |TF|0|0|0|0|0|0|0|0|0|0|0|0|0
S|NEKKU|60271794|24566922| |TF|0|0|0|0|0|220|0|0|0|0|0|0|0
S|MALKE|60237881|24493358| |TF|0|0|0|0|0|220|1|3300|0|0|0|0|0
S|MALKE|60237881|24493358|HEL|FM|0|21700|1500|23660|0|220|1|3300|0|0|0|0|0

P|LUSE4W|33|LUSEP|0|6
S|LUSEP|60952222|25264722| |IF|0|0|0|0|0|0|1|10000|0|0|0|0|0
S|NAPUN|60828056|25272778| |TF|0|0|0|0|0|250|0|0|0|0|0|0|0
S|HK863|60331281|25151394| |TF|0|0|0|0|0|0|0|0|0|0|0|0|0
S|HK948|60270433|25213247| |TF|0|0|0|0|0|0|0|0|0|0|0|0|0
S|TOPPI|60196192|25288369| |TF|0|0|0|0|0|220|1|3000|0|0|0|0|0
S|TOPPI|60196192|25288369|HEL|FM|0|14300|1310|12030|0|220|1|3000|0|0|0|0|0

P|LUSE5A|22L|LUSEP|0|5
S|LUSEP|60952222|25264722| |IF|0|0|0|0|0|0|1|10000|0|0|0|0|0
S|NAPUN|60828056|25272778| |TF|0|0|0|0|0|250|0|0|0|0|0|0|0
S|HK902|60692128|25281525| |TF|0|0|0|0|0|0|0|0|0|0|0|0|0
S|KUKKA|60625042|25131181| |TF|0|0|0|0|0|220|1|3000|0|0|0|0|0
S|KUKKA|60625042|25131181|HEL|FM|0|21700|1810|690|0|220|1|3000|0|0|0|0|0

P|LUSE6V|22R|LUSEP|0|5
S|LUSEP|60952222|25264722| |IF|0|0|0|0|0|0|1|10000|0|0|0|0|0
S|NAPUN|60828056|25272778| |TF|0|0|0|0|0|250|0|0|0|0|0|0|0
S|HK902|60692128|25281525| |TF|0|0|0|0|0|0|1|3000|0|0|0|0|0
S|SELLU|60613889|25107222| |TF|0|0|0|0|0|220|1|2000|0|0|0|0|0
S|SELLU|60613889|25107222|HEL|FM|0|21700|1720|530|0|220|1|2000|0|0|0|0|0

P|MARO3V|22R|LAKUT|0|7
S|LAKUT|60438056|23876389| |IF|0|0|0|0|0|0|1|10000|0|0|0|0|0
S|MAROM|60447778|24043611| |TF|0|0|0|0|0|250|2|14000|0|0|0|0|0
S|VIBEP|60459167|24244167| |TF|0|0|0|0|0|0|0|0|0|0|0|0|0
S|HK897|60413367|24876642| |TF|0|0|0|0|0|0|0|0|0|0|0|0|0
S|MILLI|60487489|25040514| |TF|0|0|0|0|0|0|0|0|0|0|0|0|0
S|FANNI|60561358|25205022| |TF|0|0|0|0|0|220|0|2000|0|0|0|0|0
S|FANNI|60561358|25205022|HEL|FM|0|3700|1540|1890|0|220|0|2000|0|0|0|0|0

P|MARO7B|04L|LAKUT|0|7
S|LAKUT|60438056|23876389| |IF|0|0|0|0|0|0|1|10000|0|0|0|0|0
S|MAROM|60447778|24043611| |TF|0|0|0|0|0|250|0|0|0|0|0|0|0
S|HK871|60434067|24503836| |TF|0|0|0|0|0|0|2|7000|0|0|0|0|0
S|HK936|60349181|24530756| |TF|0|0|0|0|0|0|0|0|0|0|0|0|0
S|NEMVI|60267069|24556658| |TF|0|0|0|0|0|0|0|0|0|0|0|0|0
S|ASPIT|60199128|24409592| |TF|0|0|0|0|0|220|0|2300|0|0|0|0|0
S|ASPIT|60199128|24409592|HEL|FM|0|21700|1830|23310|0|220|0|2300|0|0|0|0|0

P|NAPU4B|04L|LUSEP|0|8
S|LUSEP|60952222|25264722| |IF|0|0|0|0|0|0|1|10000|0|0|0|0|0
S|NAPUN|60828056|25272778| |TF|0|0|0|0|0|250|0|0|0|0|0|0|0
S|HK890|60598194|25287528| |TF|0|0|0|0|0|0|0|0|0|0|0|0|0
S|HK897|60413367|24876642| |TF|0|0|0|0|0|0|0|0|0|0|0|0|0
S|HK932|60325972|24684942| |TF|0|0|0|0|0|0|0|0|0|0|0|0|0
S|NEMVI|60267069|24556658| |TF|0|0|0|0|0|0|0|0|0|0|0|0|0
S|ASPIT|60199128|24409592| |TF|0|0|0|0|0|220|0|2300|0|0|0|0|0
S|ASPIT|60199128|24409592|HEL|FM|0|21700|1830|23310|0|220|0|2300|0|0|0|0|0

P|NAPU4V|22R|LUSEP|0|6
S|LUSEP|60952222|25264722| |IF|0|0|0|0|0|0|1|10000|0|0|0|0|0
S|NAPUN|60828056|25272778| |TF|0|0|0|0|0|250|2|10000|0|0|0|0|0
S|HK940|60745278|25400000| |TF|0|0|0|0|0|0|0|0|0|0|0|0|0
S|HK902|60692128|25281525| |TF|0|0|0|0|0|0|1|3000|0|0|0|0|0
S|SELLU|60613889|25107222| |TF|0|0|0|0|0|220|2|3000|0|0|0|0|0
S|SELLU|60613889|25107222|HEL|FM|0|21700|1720|530|0|220|2|3000|0|0|0|0|0

P|PEXE6V|22R|DIVAM|0|9
S|DIVAM|59848333|23593611| |IF|0|0|0|0|0|0|1|10000|0|0|0|0|0
S|PEXEN|59913056|23824444| |TF|0|0|0|0|0|250|0|0|0|0|0|0|0
S|HK957|60104444|24191111| |TF|0|0|0|0|0|0|0|0|0|0|0|0|0
S|HK958|60283333|24539722| |TF|0|0|0|0|0|0|0|0|0|0|0|0|0
S|HK959|60345000|24730000| |TF|0|0|0|0|0|0|0|0|0|0|0|0|0
S|HK897|60413367|24876642| |TF|0|0|0|0|0|0|0|0|0|0|0|0|0
S|MILLI|60487489|25040514| |TF|0|0|0|0|0|0|0|0|0|0|0|0|0
S|FANNI|60561358|25205022| |TF|0|0|0|0|0|220|0|2000|0|0|0|0|0
S|FANNI|60561358|25205022|HEL|FM|0|3700|1540|1890|0|220|0|2000|0|0|0|0|0

P|PEXE7B|04L|DIVAM|0|6
S|DIVAM|59848333|23593611| |IF|0|0|0|0|0|0|1|10000|0|0|0|0|0
S|PEXEN|59913056|23824444| |TF|0|0|0|0|0|250|0|0|0|0|0|0|0
S|HK954|60000000|23948056| |TF|0|0|0|0|0|0|2|7000|0|0|0|0|0
S|HK955|60110833|23992500| |TF|0|0|0|0|0|0|2|5000|0|0|0|0|0
S|ROHJA|60201944|24190833| |TF|0|0|0|0|0|220|1|2300|0|0|0|0|0
S|ROHJA|60201944|24190833|HEL|FM|0|3700|2420|24060|0|220|1|2300|0|0|0|0|0

P|ROPA4B|04L|ROPAM|0|5
S|ROPAM|60133056|25601667| |IF|0|0|0|0|0|250|0|0|0|0|0|0|0
S|HK711|60272164|25098308| |TF|0|0|0|0|0|0|0|0|0|0|0|0|0
S|HK933|60187981|24913169| |TF|0|0|0|0|0|0|0|0|0|0|0|0|0
S|LOHIG|60135486|24798494| |TF|0|0|0|0|0|220|1|2300|0|0|0|0|0
S|LOHIG|60135486|24798494|HEL|FM|0|21700|1300|19100|0|220|1|2300|0|0|0|0|0

P|ROPA4M|15|ROPAM|0|5
S|ROPAM|60133056|25601667| |IF|0|0|0|0|0|250|0|0|0|0|0|0|0
S|HK817|60355242|25126969| |TF|0|0|0|0|0|0|0|0|0|0|0|0|0
S|HK941|60434728|25045642| |TF|0|0|0|0|0|0|0|0|0|0|0|0|0
S|SUTAX|60493961|24984744| |TF|0|0|0|0|0|220|1|2000|0|0|0|0|0
S|SUTAX|60493961|24984744|HEL|FM|0|32300|940|35560|0|220|1|2000|0|0|0|0|0

P|ROPA4R|04R|ROPAM|0|6
S|ROPAM|60133056|25601667| |IF|0|0|0|0|0|250|0|0|0|0|0|0|0
S|HK711|60272164|25098308| |TF|0|0|0|0|0|0|0|0|0|0|0|0|0
S|HK933|60187981|24913169| |TF|0|0|0|0|0|0|0|0|0|0|0|0|0
S|ORILE|60140758|24809983| |TF|0|0|0|0|0|220|0|0|0|0|0|0|0
S|VISSI|60106981|24736461| |TF|0|0|0|0|0|220|1|3300|0|0|0|0|0
S|VISSI|60106981|24736461|HEL|FM|0|21700|1530|19520|0|220|1|3300|0|0|0|0|0

P|ROPA4W|33|ROPAM|0|5
S|ROPAM|60133056|25601667| |IF|0|0|0|0|0|250|0|0|0|0|0|0|0
S|HK949|60322619|25343572| |TF|0|0|0|0|0|0|0|0|0|0|0|0|0
S|HK948|60270433|25213247| |TF|1|0|0|0|0|0|0|0|0|0|0|0|0
S|TOPPI|60196192|25288369| |TF|0|0|0|0|0|220|1|3000|0|0|0|0|0
S|TOPPI|60196192|25288369|HEL|FM|0|14300|1310|12030|0|220|1|3000|0|0|0|0|0

P|ROPA5A|22L|ROPAM|0|6
S|ROPAM|60133056|25601667| |IF|0|0|0|0|0|250|0|0|0|0|0|0|0
S|HK943|60232078|25204997| |TF|0|0|0|0|0|0|0|0|0|0|0|0|0
S|HK891|60314978|25193050| |TF|0|0|0|0|0|0|0|0|0|0|0|0|0
S|VEMMI|60367589|25310053| |TF|0|0|0|0|0|220|0|0|0|0|0|0|0
S|KENON|60401058|25384728| |TF|0|0|0|0|0|220|1|3000|0|0|0|0|0
S|KENON|60401058|25384728|HEL|FM|0|3700|1340|6330|0|220|1|3000|0|0|0|0|0

P|ROPA5V|22R|ROPAM|0|5
S|ROPAM|60133056|25601667| |IF|0|0|0|0|0|250|0|0|0|0|0|0|0
S|HK944|60228722|25199550| |TF|0|0|0|0|0|0|0|0|0|0|0|0|0
S|HK946|60311564|25186081| |TF|0|0|0|0|0|0|0|0|0|0|0|0|0
S|NOFOX|60355589|25283269| |TF|0|0|0|0|0|220|1|2000|0|0|0|0|0
S|NOFOX|60355589|25283269|HEL|FM|0|3700|990|7370|0|220|1|2000|0|0|0|0|0

P|VEPI4B|04L|VEPIN|0|7
S|VEPIN|60631389|26333056| |IF|0|0|0|0|0|0|1|10000|0|0|0|0|0
S|MAMOP|60575000|25984444| |TF|0|0|0|0|0|250|0|0|0|0|0|0|0
S|HK807|60417833|25420361| |TF|0|0|0|0|0|0|0|0|0|0|0|0|0
S|HK711|60272164|25098308| |TF|0|0|0|0|0|0|0|0|0|0|0|0|0
S|HK933|60187981|24913169| |TF|0|0|0|0|0|0|0|0|0|0|0|0|0
S|LOHIG|60135486|24798494| |TF|0|0|0|0|0|220|1|2300|0|0|0|0|0
S|LOHIG|60135486|24798494|HEL|FM|0|21700|1300|19100|0|220|1|2300|0|0|0|0|0

P|VEPI4M|15|VEPIN|0|6
S|VEPIN|60631389|26333056| |IF|0|0|0|0|0|0|1|10000|0|0|0|0|0
S|MAMOP|60575000|25984444| |TF|0|0|0|0|0|250|0|0|0|0|0|0|0
S|HK939|60446389|25214167| |TF|0|0|0|0|0|0|0|0|0|0|0|0|0
S|HK941|60434728|25045642| |TF|0|0|0|0|0|0|0|0|0|0|0|0|0
S|SUTAX|60493961|24984744| |TF|0|0|0|0|0|220|1|2000|0|0|0|0|0
S|SUTAX|60493961|24984744|HEL|FM|0|32300|940|35560|0|220|1|2000|0|0|0|0|0

P|VEPI4R|04R|VEPIN|0|8
S|VEPIN|60631389|26333056| |IF|0|0|0|0|0|0|1|10000|0|0|0|0|0
S|MAMOP|60575000|25984444| |TF|0|0|0|0|0|250|0|0|0|0|0|0|0
S|HK807|60417833|25420361| |TF|0|0|0|0|0|0|0|0|0|0|0|0|0
S|HK711|60272164|25098308| |TF|0|0|0|0|0|0|0|0|0|0|0|0|0
S|HK933|60187981|24913169| |TF|0|0|0|0|0|0|0|0|0|0|0|0|0
S|ORILE|60140758|24809983| |TF|0|0|0|0|0|220|0|0|0|0|0|0|0
S|VISSI|60106981|24736461| |TF|0|0|0|0|0|220|1|3300|0|0|0|0|0
S|VISSI|60106981|24736461|HEL|FM|0|21700|1530|19520|0|220|1|3300|0|0|0|0|0

P|VEPI4W|33|VEPIN|0|6
S|VEPIN|60631389|26333056| |IF|0|0|0|0|0|0|1|10000|0|0|0|0|0
S|MAMOP|60575000|25984444| |TF|0|0|0|0|0|250|0|0|0|0|0|0|0
S|HK949|60322619|25343572| |TF|0|0|0|0|0|0|0|0|0|0|0|0|0
S|HK948|60270433|25213247| |TF|0|0|0|0|0|0|0|0|0|0|0|0|0
S|TOPPI|60196192|25288369| |TF|0|0|0|0|0|220|1|3000|0|0|0|0|0
S|TOPPI|60196192|25288369|HEL|FM|0|14300|1310|12030|0|220|1|3000|0|0|0|0|0

P|VEPI5A|22L|VEPIN|0|5
S|VEPIN|60631389|26333056| |IF|0|0|0|0|0|0|1|10000|0|0|0|0|0
S|MAMOP|60575000|25984444| |TF|0|0|0|0|0|250|0|0|0|0|0|0|0
S|HK956|60455278|25717500| |TF|0|0|0|0|0|0|0|0|0|0|0|0|0
S|ARADE|60387778|25568889| |TF|0|0|0|0|0|220|1|3000|0|0|0|0|0
S|ARADE|60387778|25568889|HEL|FM|0|21700|1860|7040|0|220|1|3000|0|0|0|0|0

P|VEPI5V|22R|VEPIN|0|4
S|VEPIN|60631389|26333056| |IF|0|0|0|0|0|0|1|10000|0|0|0|0|0
S|MAMOP|60575000|25984444| |TF|0|0|0|0|0|250|0|0|0|0|0|0|0
S|RAHTU|60588150|25516997| |TF|0|0|0|0|0|220|1|3000|0|0|0|0|0
S|RAHTU|60588150|25516997|HEL|FM|0|26300|2250|3780|0|220|1|3000|0|0|0|0|0

