P|ETEN3A|10|ETENA|0|2
S|ETENA|62828889|28763889| |IF|0|0|0|0|0|0|1|10000|0|0|0|0|0
S|OTVIS|62721839|29258117| |TF|0|0|0|0|0|0|1|2900|0|0|0|0|0

P|ETEN4B|28|ETENA|0|5
S|ETENA|62828889|28763889| |IF|0|0|0|0|0|0|1|10000|0|0|0|0|0
S|PODUD|62799894|29320200| |TF|0|0|0|0|0|0|0|0|0|0|0|0|0
S|LOBSU|62738611|29683333| |TF|0|0|0|0|0|0|0|0|0|0|0|0|0
S|ARGAT|62675736|30048744| |TF|0|0|0|0|0|240|1|2900|0|0|0|0|0
S|TUPOT|62598003|29985011| |TF|2|0|0|0|0|0|1|2900|0|0|0|0|0

P|RISE3B|28|RISEV|0|2
S|RISEV|62531389|30503889| |IF|0|0|0|0|0|0|1|10000|0|0|0|0|0
S|TUPOT|62598003|29985011| |TF|0|0|0|0|0|0|1|2900|0|0|0|0|0

P|RISE4A|10|RISEV|0|5
S|RISEV|62531389|30503889| |IF|0|0|0|0|0|0|1|10000|0|0|0|0|0
S|ARGAT|62675736|30048744| |TF|0|0|0|0|0|0|0|0|0|0|0|0|0
S|LOBSU|62738611|29683333| |TF|0|0|0|0|0|0|0|0|0|0|0|0|0
S|PODUD|62799894|29320200| |TF|0|0|0|0|0|240|1|2900|0|0|0|0|0
S|OTVIS|62721839|29258117| |TF|0|0|0|0|0|0|1|2900|0|0|0|0|0

P|UVOV3A|10|UVOVO|0|3
S|UVOVO|62382500|29400278| |IF|0|0|0|0|0|0|1|10000|0|0|0|0|0
S|LIKLI|62643753|29196361| |TF|0|0|0|0|0|240|1|2900|0|0|0|0|0
S|OTVIS|62721839|29258117| |TF|0|0|0|0|0|0|1|2900|0|0|0|0|0

P|UVOV3B|28|UVOVO|0|3
S|UVOVO|62382500|29400278| |IF|0|0|0|0|0|0|1|10000|0|0|0|0|0
S|SOSET|62520242|29921611| |TF|0|0|0|0|0|240|1|2900|0|0|0|0|0
S|TUPOT|62598003|29985011| |TF|0|0|0|0|0|0|1|2900|0|0|0|0|0

