P|ADVE1A|09|EXMOR|0|2
S|EXMOR|51178544|-3359753| |IF|0|0|0|0|0|250|1|6000|0|0|0|0|0
S|ADVED|51294444|-3041050| |TF|0|0|0|0|0|220|1|3500|0|0|0|0|0

P|BAJA1B|ALL|BAJJA|0|5
S|BAJJA|51801392|-4284936| |IF|0|0|0|0|0|0|0|0|0|0|0|0|0
S|FANFE|51772439|-3880244| |TF|0|0|0|0|0|0|0|18000|0|0|0|0|0
S|BCN|51725525|-3263033| |TF|0|0|0|0|0|0|0|0|0|0|0|0|0
S|PEGZA|51625153|-3102639| |TF|0|0|0|0|0|250|0|0|0|0|0|0|0
S|BRI|51381442|-2717539| |TF|0|0|0|0|0|220|0|7000|0|0|0|0|0

P|BAXU1A|27|EXMOR|0|3
S|EXMOR|51178544|-3359753| |IF|0|0|0|0|0|250|1|6000|0|0|0|0|0
S|ROTLU|51308531|-2784028| |TF|0|0|0|0|0|250|0|0|0|0|0|0|0
S|BAXUN|51326503|-2439883| |TF|0|0|0|0|0|210|1|4000|0|0|0|0|0

P|DAWL1B|ALL|DAWLY|0|3
S|DAWLY|50574253|-3463953| |IF|0|0|0|0|0|0|0|0|0|0|0|0|0
S|EXMOR|51178544|-3359753| |TF|0|0|0|0|0|250|0|0|0|0|0|0|0
S|BRI|51381442|-2717539| |TF|0|0|0|0|0|220|0|7000|0|0|0|0|0

P|ELRE1B|ALL|ELREW|0|5
S|ELREW|52130600|-3110597| |IF|0|0|0|0|0|0|0|16000|0|0|0|0|0
S|DIZIM|52039886|-3185400| |TF|0|0|0|0|0|0|0|0|0|0|0|0|0
S|BCN|51725525|-3263033| |TF|0|0|0|0|0|0|0|0|0|0|0|0|0
S|PEGZA|51625153|-3102639| |TF|0|0|0|0|0|250|0|0|0|0|0|0|0
S|BRI|51381442|-2717539| |TF|0|0|0|0|0|220|0|7000|0|0|0|0|0

P|FIFA1B|ALL|FIFAH|0|5
S|FIFAH|51880142|-4259444| |IF|0|0|0|0|0|0|0|17000|0|0|0|0|0
S|AMMAN|51840542|-3998333| |TF|0|0|0|0|0|0|0|0|0|0|0|0|0
S|BCN|51725525|-3263033| |TF|0|0|0|0|0|0|0|0|0|0|0|0|0
S|PEGZA|51625153|-3102639| |TF|0|0|0|0|0|250|0|0|0|0|0|0|0
S|BRI|51381442|-2717539| |TF|0|0|0|0|0|220|0|7000|0|0|0|0|0

P|ICTA1B|ALL|ICTAM|0|5
S|ICTAM|51527047|-1163367| |IF|0|0|0|0|0|0|0|22000|0|0|0|0|0
S|SAWPE|51584631|-1654561| |TF|0|0|0|0|0|0|0|0|0|0|0|0|0
S|ASHUM|51602014|-1893461| |TF|0|0|0|0|0|300|0|0|0|0|0|0|0
S|POMAX|51527119|-2081228| |TF|0|0|0|0|0|250|0|0|0|0|0|0|0
S|BRI|51381442|-2717539| |TF|0|0|0|0|0|220|0|7000|0|0|0|0|0

P|TOJA2B|ALL|TOJAQ|0|5
S|TOJAQ|50483272|-3665628| |IF|0|0|0|0|0|0|0|0|0|0|0|0|0
S|FARJO|50937853|-3578528| |TF|0|0|0|0|0|250|0|0|0|0|0|0|0
S|IZLAW|51057069|-3380919| |TF|0|0|0|0|0|240|0|0|0|0|0|0|0
S|EXMOR|51178544|-3359753| |TF|0|0|0|0|0|240|0|0|0|0|0|0|0
S|BRI|51381442|-2717539| |TF|0|0|0|0|0|220|0|7000|0|0|0|0|0

P|WEVB1B|ALL|WEVBE|0|4
S|WEVBE|52126925|-2989206| |IF|0|0|0|0|0|0|0|16000|0|0|0|0|0
S|UBCAM|51951161|-3003386| |TF|0|0|0|0|0|0|0|15000|0|0|0|0|0
S|INGUR|51711575|-2860208| |TF|0|0|0|0|0|250|0|0|0|0|0|0|0
S|BRI|51381442|-2717539| |TF|0|0|0|0|0|220|0|7000|0|0|0|0|0

