P|DET2A|ALL|DET|0|3
S|DET|51304003|597275| |IF|0|0|0|0|0|0|0|17000|0|0|0|0|0
S|LOFFO|51836667|598992| |TF|0|0|0|0|0|250|0|0|0|0|0|0|0
S|ABBOT|52016111|599581| |TF|0|0|0|0|0|220|0|8000|0|0|0|0|0

P|FINM1N|ALL|FINMA|0|5
S|FINMA|51996447|-1053706| |IF|0|0|0|0|0|0|0|15000|0|0|0|0|0
S|WOBUN|52019519|-733333| |TF|0|0|0|0|0|250|0|0|0|0|0|0|0
S|EDCOX|52216578|-405533| |TF|0|0|0|0|0|220|0|0|0|0|0|0|0
S|JUMZI|52328772|-408419| |TF|0|0|0|0|0|0|0|0|0|1|0|0|0
S|ZAGZO|52303603|-231261|BKY|CF|2|14800|2180|32920|400|220|0|8000|0|0|0|0|0

P|LIST1N|ALL|LISTO|0|8
S|LISTO|53143314|-2199039| |IF|0|0|0|0|0|0|0|0|0|0|0|0|0
S|PEDIG|52746553|-1719436| |TF|0|0|0|0|0|0|0|0|0|0|0|0|0
S|ROGBI|52296286|-1335103| |TF|0|0|0|0|0|0|0|20000|0|0|0|0|0
S|FINMA|51996447|-1053706| |TF|0|0|0|0|0|0|0|15000|0|0|0|0|0
S|WOBUN|52019519|-733333| |TF|0|0|0|0|0|250|0|0|0|0|0|0|0
S|EDCOX|52216578|-405533| |TF|0|0|0|0|0|220|0|0|0|0|0|0|0
S|JUMZI|52328772|-408419| |TF|0|0|0|0|0|0|0|0|0|1|0|0|0
S|ZAGZO|52303603|-231261|BKY|CF|2|14800|2180|32920|400|220|0|8000|0|0|0|0|0

P|LOGA2A|ALL|LOGAN|0|3
S|LOGAN|51747589|1611828| |IF|0|0|0|0|0|0|0|10000|0|0|0|0|0
S|CLN|51848472|1147589| |TF|0|0|0|0|0|250|0|0|0|0|0|0|0
S|ABBOT|52016111|599581| |TF|0|0|0|0|0|220|0|8000|0|0|0|0|0

P|MEGE1N|ALL|MEGEL|0|9
S|MEGEL|52349428|2073667| |IF|0|0|0|0|0|0|0|22000|0|0|0|0|0
S|DITOB|52283653|1824189| |TF|0|0|0|0|0|0|0|0|0|0|0|0|0
S|WIQID|52162297|1370817| |TF|0|0|0|0|0|0|0|0|0|0|0|0|0
S|MUCTE|52175314|1207064| |TF|0|0|0|0|0|0|0|0|0|0|0|0|0
S|OFJES|52217231|658269| |TF|0|0|0|0|0|250|0|14000|0|0|0|0|0
S|UDDIZ|52251169|186508| |TF|0|0|0|0|0|0|0|0|0|0|0|0|0
S|COCCU|52267872|-56117| |TF|0|0|0|0|0|220|0|0|0|0|0|0|0
S|JUMZI|52328772|-408419| |TF|0|0|0|0|0|0|0|0|0|1|0|0|0
S|ZAGZO|52303603|-231261|BKY|CF|2|14800|2180|32920|600|220|0|8000|0|0|0|0|0

P|RINI1N|ALL|RINIS|0|9
S|RINIS|51908239|2322450| |IF|0|0|0|0|0|0|0|22000|0|0|0|0|0
S|IDESI|51897706|1885578| |TF|0|0|0|0|0|0|0|18000|0|0|0|0|0
S|WIQID|52162297|1370817| |TF|0|0|0|0|0|0|0|0|0|0|0|0|0
S|MUCTE|52175314|1207064| |TF|0|0|0|0|0|0|0|0|0|0|0|0|0
S|OFJES|52217231|658269| |TF|0|0|0|0|0|250|0|14000|0|0|0|0|0
S|UDDIZ|52251169|186508| |TF|0|0|0|0|0|0|0|0|0|0|0|0|0
S|COCCU|52267872|-56117| |TF|0|0|0|0|0|220|0|0|0|0|0|0|0
S|JUMZI|52328772|-408419| |TF|0|0|0|0|0|0|0|0|0|1|0|0|0
S|ZAGZO|52303603|-231261|BKY|CF|2|14800|2180|32920|600|220|0|8000|0|0|0|0|0

P|SILV1N|ALL|SILVA|0|5
S|SILVA|51847594|-1005389| |IF|0|0|0|0|0|0|0|0|0|0|0|0|0
S|WOBUN|52019519|-733333| |TF|0|0|0|0|0|250|0|0|0|0|0|0|0
S|EDCOX|52216578|-405533| |TF|0|0|0|0|0|220|0|0|0|0|0|0|0
S|JUMZI|52328772|-408419| |TF|0|0|0|0|0|0|0|0|0|1|0|0|0
S|ZAGZO|52303603|-231261|BKY|CF|2|14800|2180|32920|400|220|0|8000|0|0|0|0|0

P|SIRI1N|ALL|SIRIC|0|10
S|SIRIC|51343381|-1566358| |IF|0|0|0|0|0|0|0|18000|0|0|0|0|0
S|NIGIT|51313044|-1170753| |TF|0|0|0|0|0|0|0|0|0|0|0|0|0
S|VATON|51434397|-348917| |TF|0|0|0|0|0|0|0|0|0|0|0|0|0
S|OZZOT|51674703|-164703| |TF|0|0|0|0|0|0|0|15000|0|0|0|0|0
S|BPK|51749736|-106736| |TF|0|0|0|0|0|250|0|0|0|0|0|0|0
S|ILLOC|51921444|182389| |TF|0|0|0|0|0|0|0|0|0|0|0|0|0
S|OXDUF|52110056|316667| |TF|0|0|0|0|0|0|0|0|0|0|0|0|0
S|COCCU|52267872|-56117| |TF|0|0|0|0|0|220|0|0|0|0|0|0|0
S|JUMZI|52328772|-408419| |TF|0|0|0|0|0|0|0|0|0|1|0|0|0
S|ZAGZO|52303603|-231261|BKY|CF|2|14800|2180|32920|600|220|0|8000|0|0|0|0|0

P|TELT1N|ALL|TELTU|0|10
S|TELTU|50811089|-754914| |IF|0|0|0|0|0|0|0|19000|0|0|0|0|0
S|MOREZ|51209419|-496833| |TF|0|0|0|0|0|0|0|0|0|0|0|0|0
S|VATON|51434397|-348917| |TF|0|0|0|0|0|0|0|0|0|0|0|0|0
S|OZZOT|51674703|-164703| |TF|0|0|0|0|0|0|0|15000|0|0|0|0|0
S|BPK|51749736|-106736| |TF|0|0|0|0|0|250|0|0|0|0|0|0|0
S|ILLOC|51921444|182389| |TF|0|0|0|0|0|0|0|0|0|0|0|0|0
S|OXDUF|52110056|316667| |TF|0|0|0|0|0|0|0|0|0|0|0|0|0
S|COCCU|52267872|-56117| |TF|0|0|0|0|0|220|0|0|0|0|0|0|0
S|JUMZI|52328772|-408419| |TF|0|0|0|0|0|0|0|0|0|1|0|0|0
S|ZAGZO|52303603|-231261|BKY|CF|2|14800|2180|32920|600|220|0|8000|0|0|0|0|0

P|TOSV1N|ALL|TOSVA|0|9
S|TOSVA|51677056|2073983| |IF|0|0|0|0|0|0|0|22000|0|0|0|0|0
S|IDESI|51897706|1885578| |TF|0|0|0|0|0|0|0|18000|0|0|0|0|0
S|WIQID|52162297|1370817| |TF|0|0|0|0|0|0|0|0|0|0|0|0|0
S|MUCTE|52175314|1207064| |TF|0|0|0|0|0|0|0|0|0|0|0|0|0
S|OFJES|52217231|658269| |TF|0|0|0|0|0|250|0|14000|0|0|0|0|0
S|UDDIZ|52251169|186508| |TF|0|0|0|0|0|0|0|0|0|0|0|0|0
S|COCCU|52267872|-56117| |TF|0|0|0|0|0|220|0|0|0|0|0|0|0
S|JUMZI|52328772|-408419| |TF|0|0|0|0|0|0|0|0|0|1|0|0|0
S|ZAGZO|52303603|-231261|BKY|CF|2|14800|2180|32920|600|220|0|8000|0|0|0|0|0

P|UNDU1N|ALL|UNDUG|0|10
S|UNDUG|50789919|425008| |IF|0|0|0|0|0|0|0|0|0|0|0|0|0
S|MAY|51017183|116122| |TF|0|0|0|0|0|0|0|20000|0|0|0|0|0
S|VATON|51434397|-348917| |TF|0|0|0|0|0|0|0|0|0|0|0|0|0
S|OZZOT|51674703|-164703| |TF|0|0|0|0|0|0|0|15000|0|0|0|0|0
S|BPK|51749736|-106736| |TF|0|0|0|0|0|250|0|0|0|0|0|0|0
S|ILLOC|51921444|182389| |TF|0|0|0|0|0|0|0|0|0|0|0|0|0
S|OXDUF|52110056|316667| |TF|0|0|0|0|0|0|0|0|0|0|0|0|0
S|COCCU|52267872|-56117| |TF|0|0|0|0|0|220|0|0|0|0|0|0|0
S|JUMZI|52328772|-408419| |TF|0|0|0|0|0|0|0|0|0|1|0|0|0
S|ZAGZO|52303603|-231261|BKY|CF|2|14800|2180|32920|600|220|0|8000|0|0|0|0|0

P|XAMA1N|ALL|XAMAN|0|9
S|XAMAN|51784658|2224150| |IF|0|0|0|0|0|0|0|22000|0|0|0|0|0
S|IDESI|51897706|1885578| |TF|0|0|0|0|0|0|0|18000|0|0|0|0|0
S|WIQID|52162297|1370817| |TF|0|0|0|0|0|0|0|0|0|0|0|0|0
S|MUCTE|52175314|1207064| |TF|0|0|0|0|0|0|0|0|0|0|0|0|0
S|OFJES|52217231|658269| |TF|0|0|0|0|0|250|0|14000|0|0|0|0|0
S|UDDIZ|52251169|186508| |TF|0|0|0|0|0|0|0|0|0|0|0|0|0
S|COCCU|52267872|-56117| |TF|0|0|0|0|0|220|0|0|0|0|0|0|0
S|JUMZI|52328772|-408419| |TF|0|0|0|0|0|0|0|0|0|1|0|0|0
S|ZAGZO|52303603|-231261|BKY|CF|2|14800|2180|32920|600|220|0|8000|0|0|0|0|0

