P|ARRS|ALL|AGANO|0|3
S|AGANO|49665000|-2000000| |IF|0|0|0|0|0|0|0|0|0|0|0|0|0
S|ALD|49708869|-2199764| |TF|0|0|0|0|0|0|0|0|0|0|0|0|0
S|ALD|49708869|-2199764| |IF|0|0|0|0|0|0|0|0|0|0|0|0|0

P|ARRS|ALL|BHD|0|4
S|BHD|50398600|-3493689| |IF|0|0|0|0|0|0|0|0|0|0|0|0|0
S|SKERY|50000000|-3173072| |TF|0|0|0|0|0|0|0|0|0|0|0|0|0
S|ALD|49708869|-2199764| |TF|0|0|0|0|0|0|0|0|0|0|0|0|0
S|ALD|49708869|-2199764| |IF|0|0|0|0|0|0|0|0|0|0|0|0|0

P|ARRS|ALL|ORTAC|0|3
S|ORTAC|49999172|-2005006| |IF|0|0|0|0|0|0|0|0|0|0|0|0|0
S|ALD|49708869|-2199764| |TF|0|0|0|0|0|0|0|0|0|0|0|0|0
S|ALD|49708869|-2199764| |IF|0|0|0|0|0|0|0|0|0|0|0|0|0

