P|BEVA1J|26|BEVAV|0|2
S|BEVAV|49066944|-1690556| |IF|0|0|0|0|0|0|0|0|0|0|0|0|0
S|JSY|49221106|-2046144| |TF|0|0|0|0|0|0|0|0|0|0|0|0|0

P|BEVA1K|08|BEVAV|0|4
S|BEVAV|49066944|-1690556| |IF|0|0|0|0|0|0|0|0|0|0|0|0|0
S|OYSTA|49100000|-2523333| |TF|0|0|0|0|0|0|0|0|0|1|0|0|0
S|SHARK|49189722|-2429444|JSY|CF|2|8300|1520|26400|500|0|0|0|0|1|0|0|0
S|JW|49205914|-2219925| |TF|0|0|0|0|0|0|0|0|0|0|0|0|0

P|BIGN1J|26|BIGNO|0|2
S|BIGNO|50000000|-2825000| |IF|0|0|0|0|0|0|0|0|0|0|0|0|0
S|JSY|49221106|-2046144| |TF|0|0|0|0|0|0|0|0|0|0|0|0|0

P|BIGN1K|08|BIGNO|0|4
S|BIGNO|50000000|-2825000| |IF|0|0|0|0|0|0|0|0|0|0|0|0|0
S|GUR|49437097|-2603811| |TF|0|0|0|0|0|0|0|0|0|0|0|0|0
S|SHARK|49189722|-2429444| |TF|0|0|0|0|0|0|0|0|0|0|0|0|0
S|JW|49205914|-2219925| |TF|0|0|0|0|0|0|0|0|0|0|0|0|0

P|BIGN1L|26|BIGNO|0|6
S|BIGNO|50000000|-2825000| |IF|0|0|0|0|0|0|0|0|0|0|0|0|0
S|CHUBB|49431667|-2808333| |TF|0|0|0|0|0|0|0|0|0|0|0|0|0
S|OYSTA|49100000|-2523333| |TF|0|0|0|0|0|0|0|0|0|0|0|0|0
S|PERCH|49129167|-1937222| |TF|0|0|0|0|0|0|0|0|0|0|0|0|0
S| |91000000|181000000| |VI|1|30800|0|0|0|0|0|0|0|0|0|0|0
S|JSY|49221106|-2046144|JSY|CF|0|26300|0|0|400|0|0|0|0|0|0|0|0

P|LELN1J|26|LELNA|0|3
S|LELNA|49982444|-2106506| |IF|0|0|0|0|0|0|0|0|0|0|0|0|0
S|ANGLA|49703889|-2020833| |TF|0|0|0|0|0|0|0|0|0|0|0|0|0
S|JSY|49221106|-2046144| |TF|0|0|0|0|0|0|0|0|0|0|0|0|0

P|LELN1K|08|LELNA|0|4
S|LELNA|49982444|-2106506| |IF|0|0|0|0|0|0|0|0|0|0|0|0|0
S|ALD|49708869|-2199764| |TF|0|0|0|0|0|0|0|0|0|0|0|0|0
S|SHARK|49189722|-2429444| |TF|0|0|0|0|0|0|0|0|0|0|0|0|0
S|JW|49205914|-2219925| |TF|1|0|0|0|0|0|0|0|0|0|0|0|0

P|LERA1J|26|LERAK|0|2
S|LERAK|49018889|-2408611| |IF|0|0|0|0|0|0|0|0|0|0|0|0|0
S|JSY|49221106|-2046144| |TF|0|0|0|0|0|0|0|0|0|0|0|0|0

P|LERA1K|08|LERAK|0|5
S|LERAK|49018889|-2408611| |IF|0|0|0|0|0|0|0|0|0|0|0|0|0
S|OYSTA|49100000|-2523333| |TF|0|0|0|0|0|0|0|0|0|0|0|0|0
S| |91000000|181000000| |VI|0|3800|0|0|0|0|0|0|0|0|0|0|0
S|SHARK|49189722|-2429444|JSY|CF|0|8300|1520|26400|300|0|0|0|0|0|0|0|0
S|JW|49205914|-2219925| |TF|0|0|0|0|0|0|0|0|0|0|0|0|0

P|MINQ1J|26|MINQI|0|2
S|MINQI|49033333|-2056944| |IF|0|0|0|0|0|0|0|0|0|0|0|0|0
S|JSY|49221106|-2046144| |TF|0|0|0|0|0|0|0|0|0|0|0|0|0

P|ORTA1J|26|ORTAC|0|3
S|ORTAC|49999172|-2005006| |IF|0|0|0|0|0|0|0|0|0|0|0|0|0
S|ANGLA|49703889|-2020833| |TF|0|0|0|0|0|0|0|0|0|0|0|0|0
S|JSY|49221106|-2046144| |TF|0|0|0|0|0|0|0|0|0|0|0|0|0

P|ORTA1K|08|ORTAC|0|4
S|ORTAC|49999172|-2005006| |IF|0|0|0|0|0|0|0|0|0|0|0|0|0
S|ALD|49708869|-2199764| |TF|0|0|0|0|0|0|0|0|0|0|0|0|0
S|SHARK|49189722|-2429444| |TF|0|0|0|0|0|0|0|0|0|0|0|0|0
S|JW|49205914|-2219925| |TF|1|0|0|0|0|0|0|0|0|0|0|0|0

P|SKER1J|26|SKERY|0|2
S|SKERY|50000000|-3173072| |IF|0|0|0|0|0|0|0|0|0|0|0|0|0
S|JSY|49221106|-2046144| |TF|0|0|0|0|0|0|0|0|0|0|0|0|0

P|SKER1K|08|SKERY|0|4
S|SKERY|50000000|-3173072| |IF|0|0|0|0|0|0|0|0|0|0|0|0|0
S|GUR|49437097|-2603811| |TF|0|0|0|0|0|0|0|0|0|0|0|0|0
S|SHARK|49189722|-2429444| |TF|0|0|0|0|0|0|0|0|0|0|0|0|0
S|JW|49205914|-2219925| |TF|0|0|0|0|0|0|0|0|0|0|0|0|0

P|SKER1L|26|SKERY|0|6
S|SKERY|50000000|-3173072| |IF|0|0|0|0|0|0|0|0|0|0|0|0|0
S|CHUBB|49431667|-2808333| |TF|0|0|0|0|0|0|0|0|0|0|0|0|0
S|OYSTA|49100000|-2523333| |TF|0|0|0|0|0|0|0|0|0|0|0|0|0
S|PERCH|49129167|-1937222| |TF|0|0|0|0|0|0|0|0|0|0|0|0|0
S| |91000000|181000000| |VI|1|30800|0|0|0|0|0|0|0|0|0|0|0
S|JSY|49221106|-2046144|JSY|CF|0|26300|0|0|400|0|0|0|0|0|0|0|0

P|TUNI1J|26|TUNIT|0|5
S|TUNIT|49381389|-3000000| |IF|0|0|0|0|0|0|0|0|0|0|0|0|0
S|OYSTA|49100000|-2523333| |TF|0|0|0|0|0|0|0|0|0|0|0|0|0
S|PERCH|49129167|-1937222| |TF|0|0|0|0|0|0|0|0|0|0|0|0|0
S| |91000000|181000000| |VI|1|30800|0|0|0|0|0|0|0|0|0|0|0
S|JSY|49221106|-2046144|JSY|CF|0|26300|0|0|400|0|0|0|0|0|0|0|0

P|TUNI1K|08|TUNIT|0|3
S|TUNIT|49381389|-3000000| |IF|0|0|0|0|0|0|0|0|0|0|0|0|0
S|SHARK|49189722|-2429444| |TF|0|0|0|0|0|0|0|0|0|0|0|0|0
S|JW|49205914|-2219925| |TF|0|0|0|0|0|0|0|0|0|0|0|0|0

