P|ABSA1G|ALL|ABSAV|0|5
S|ABSAV|50641372|-1174736| |IF|0|0|0|0|0|0|0|0|0|0|0|0|0
S|AVANT|50820000|-938347| |TF|0|0|0|0|0|0|0|0|0|0|0|0|0
S|GWC|50855219|-756736| |TF|0|0|0|0|0|220|0|13000|0|0|0|0|0
S|HOLLY|50886667|-95000| |TF|0|0|0|0|0|220|0|0|0|1|0|0|0
S|WILLO|50984967|-191750|MID|CF|1|28300|1690|10300|500|220|0|7000|0|0|0|0|0

P|AMDU1G|ALL|AMDUT|0|3
S|AMDUT|50674417|796217| |IF|0|0|0|0|0|0|0|0|0|0|0|0|0
S|SFD|50760689|121914| |TF|0|0|0|0|0|220|0|0|0|0|0|0|0
S|WILLO|50984967|-191750| |TF|0|0|0|0|0|220|0|7000|0|0|0|0|0

P|ARNU1G|ALL|ARNUN|0|4
S|ARNUN|51057217|931383| |IF|0|0|0|0|0|0|0|0|0|0|0|0|0
S|HASTY|50728461|533436| |TF|0|0|0|0|0|0|0|0|0|0|0|0|0
S|SFD|50760689|121914| |TF|0|0|0|0|0|220|0|0|0|0|0|0|0
S|WILLO|50984967|-191750| |TF|0|0|0|0|0|220|0|7000|0|0|0|0|0

P|BARM1G|ALL|BARMI|0|9
S|BARMI|52478267|2570481| |IF|0|0|0|0|0|0|0|26000|0|0|0|0|0
S|SONOG|52105475|2269467| |TF|0|0|0|0|0|0|0|0|0|0|0|0|0
S|ODROB|51654197|1912547| |TF|0|0|0|0|0|0|0|22000|0|0|0|0|0
S|TEBRA|51488972|1611944| |TF|0|0|0|0|0|0|0|0|0|0|0|0|0
S|ABTUM|51434350|1374717| |TF|0|0|0|0|0|0|0|14000|0|0|0|0|0
S|ARNUN|51057217|931383| |TF|0|0|0|0|0|0|0|0|0|0|0|0|0
S|KKE63|50982417|681050| |TF|0|0|0|0|0|250|0|0|0|0|0|0|0
S|LARCK|50911619|446647| |TF|0|0|0|0|0|250|0|0|0|0|0|0|0
S|TIMBA|50945553|261736| |TF|0|0|0|0|0|220|0|7000|0|0|0|0|0

P|DISI1G|ALL|DISIT|0|6
S|DISIT|52103011|-1711364| |IF|0|0|0|0|0|0|0|20000|0|0|0|0|0
S|KIDLI|51771389|-1361353| |TF|0|0|0|0|0|0|0|15000|0|0|0|0|0
S|MID|51053953|-625003| |TF|0|0|0|0|0|0|0|0|0|0|0|0|0
S|TUFOZ|51016947|-506753| |TF|0|0|0|0|0|250|0|0|0|0|0|0|0
S|HOLLY|50886667|-95000| |TF|0|0|0|0|0|220|0|0|0|1|0|0|0
S|WILLO|50984967|-191750|MID|CF|1|28300|1690|10300|700|220|0|7000|0|0|0|0|0

P|GWC1G|ALL|GWC|0|3
S|GWC|50855219|-756736| |IF|0|0|0|0|0|220|0|13000|0|0|0|0|0
S|HOLLY|50886667|-95000| |TF|0|0|0|0|0|0|0|0|0|1|0|0|0
S|WILLO|50984967|-191750|MID|CF|1|28300|1690|10300|500|220|0|7000|0|0|0|0|0

P|KIDL1G|ALL|KIDLI|0|5
S|KIDLI|51771389|-1361353| |IF|0|0|0|0|0|0|0|15000|0|0|0|0|0
S|MID|51053953|-625003| |TF|0|0|0|0|0|0|0|0|0|0|0|0|0
S|TUFOZ|51016947|-506753| |TF|0|0|0|0|0|250|0|0|0|0|0|0|0
S|HOLLY|50886667|-95000| |TF|0|0|0|0|0|220|0|0|0|1|0|0|0
S|WILLO|50984967|-191750|MID|CF|1|28300|1690|10300|700|220|0|7000|0|0|0|0|0

P|KONA2G|ALL|KONAN|0|5
S|KONAN|51130764|2000000| |IF|0|0|0|0|0|0|0|0|0|0|0|0|0
S|ARNUN|51057217|931383| |TF|0|0|0|0|0|0|0|0|0|0|0|0|0
S|KKE63|50982417|681050| |TF|0|0|0|0|0|250|0|0|0|0|0|0|0
S|LARCK|50911619|446647| |TF|0|0|0|0|0|250|0|0|0|0|0|0|0
S|TIMBA|50945553|261736| |TF|0|0|0|0|0|220|0|7000|0|0|0|0|0

P|KUNA1G|ALL|KUNAV|0|4
S|KUNAV|50514917|1065611| |IF|0|0|0|0|0|0|0|0|0|0|0|0|0
S|AMDUT|50674417|796217| |TF|0|0|0|0|0|0|0|16000|0|0|0|0|0
S|KKE64|50821047|508478| |TF|0|0|0|0|0|250|0|0|0|0|0|0|0
S|TIMBA|50945553|261736| |TF|0|0|0|0|0|220|0|7000|0|0|0|0|0

P|MID1X|ALL|MID|0|5
S|MID|51053953|-625003| |IF|0|0|0|0|0|0|0|0|0|0|0|0|0
S|ZOPHI|51024056|-15397| |TF|0|0|0|0|0|250|0|0|0|0|0|0|0
S|MAY|51017183|116122| |TF|0|0|0|0|0|0|0|0|0|0|0|0|0
S|OSDEB|50948481|413292| |TF|0|0|0|0|0|220|0|0|0|1|0|0|0
S|TIMBA|50945553|261736|MAY|CF|2|30700|700|12690|600|220|0|7000|0|0|0|0|0

P|NEVI1G|ALL|NEVIL|0|7
S|NEVIL|50000000|-368233| |IF|0|0|0|0|0|0|0|22000|0|0|0|0|0
S|OSPOL|50150000|-185511| |TF|0|0|0|0|0|0|0|0|0|0|0|0|0
S|NETVU|50412500|481667| |TF|0|0|0|0|0|0|0|14000|0|0|0|0|0
S|ELDAX|50488433|658450| |TF|0|0|0|0|0|0|0|0|0|0|0|0|0
S|AMDUT|50674417|796217| |TF|0|0|0|0|0|0|0|0|0|0|0|0|0
S|KKE64|50821047|508478| |TF|0|0|0|0|0|250|0|0|0|0|0|0|0
S|TIMBA|50945553|261736| |TF|0|0|0|0|0|220|0|7000|0|0|0|0|0

P|OTME1G|ALL|OTMET|0|7
S|OTMET|50681961|-2514825| |IF|0|0|0|0|0|0|0|27000|0|0|0|0|0
S|SOKDU|50660894|-2025850| |TF|0|0|0|0|0|0|0|0|0|0|0|0|0
S|NEDUL|50666111|-1547739| |TF|0|0|0|0|0|0|0|21000|0|0|0|0|0
S|ELDER|50663361|-1337203| |TF|0|0|0|0|0|0|0|0|0|0|0|0|0
S|TELTU|50811089|-754914| |TF|0|0|0|0|0|250|0|13000|0|0|0|0|0
S|HOLLY|50886667|-95000| |TF|0|0|0|0|0|220|0|0|0|1|0|0|0
S|WILLO|50984967|-191750|MAY|CF|1|28300|1180|25970|500|220|0|7000|0|0|0|0|0

P|SIRI1G|ALL|SIRIC|0|6
S|SIRIC|51343381|-1566358| |IF|0|0|0|0|0|0|0|14000|0|0|0|0|0
S|NIGIT|51313044|-1170753| |TF|0|0|0|0|0|0|0|0|0|0|0|0|0
S|MID|51053953|-625003| |TF|0|0|0|0|0|0|0|0|0|0|0|0|0
S|TUFOZ|51016947|-506753| |TF|0|0|0|0|0|250|0|0|0|0|0|0|0
S|HOLLY|50886667|-95000| |TF|0|0|0|0|0|220|0|0|0|1|0|0|0
S|WILLO|50984967|-191750|MID|CF|1|28300|1690|10300|500|220|0|7000|0|0|0|0|0

P|TEBR2G|ALL|TEBRA|0|6
S|TEBRA|51488972|1611944| |IF|0|0|0|0|0|0|0|0|0|0|0|0|0
S|ABTUM|51434350|1374717| |TF|0|0|0|0|0|0|0|14000|0|0|0|0|0
S|ARNUN|51057217|931383| |TF|0|0|0|0|0|0|0|0|0|0|0|0|0
S|KKE63|50982417|681050| |TF|0|0|0|0|0|250|0|0|0|0|0|0|0
S|LARCK|50911619|446647| |TF|0|0|0|0|0|250|0|0|0|0|0|0|0
S|TIMBA|50945553|261736| |TF|0|0|0|0|0|220|0|7000|0|0|0|0|0

P|TELT1G|ALL|TELTU|0|3
S|TELTU|50811089|-754914| |IF|0|0|0|0|0|250|0|0|0|0|0|0|0
S|SFD|50760689|121914| |TF|0|0|0|0|0|220|0|0|0|0|0|0|0
S|TIMBA|50945553|261736| |TF|0|0|0|0|0|220|0|7000|0|0|0|0|0

P|VASU1G|ALL|VASUX|0|5
S|VASUX|50502564|-1254719| |IF|0|0|0|0|0|0|0|0|0|0|0|0|0
S|DISVO|50658717|-1049211| |TF|0|0|0|0|0|0|0|0|0|0|0|0|0
S|TELTU|50811089|-754914| |TF|0|0|0|0|0|250|0|13000|0|0|0|0|0
S|HOLLY|50886667|-95000| |TF|0|0|0|0|0|220|0|0|0|1|0|0|0
S|WILLO|50984967|-191750|MAY|CF|1|28300|1180|25970|500|220|0|7000|0|0|0|0|0

