P|COA5U|ALL|COA|0|7
S|COA|51348056|3355278| |IF|0|0|0|0|0|0|2|5000|0|0|0|0|0
S|RIMBU|51416972|3865444| |TF|0|0|0|0|0|0|0|0|0|0|0|0|0
S|LIKDO|51517722|4540556| |TF|0|0|0|0|0|0|0|0|0|0|0|0|0
S|TUPAK|51689417|4927389| |TF|0|0|0|0|0|0|0|0|0|0|0|0|0
S|IPTAS|51638028|5108806| |TF|0|0|0|0|0|0|0|0|0|0|0|0|0
S|EHOJI|51467861|5394861| |TF|0|0|0|0|0|0|0|0|0|0|0|0|0
S|BUDIP|51379278|5874278| |TF|0|0|0|0|0|0|0|0|0|0|0|0|0

P|DENU2U|ALL|DENUT|0|7
S|DENUT|51236111|3657611| |IF|0|0|0|0|0|0|2|18000|0|0|0|0|0
S|RIMBU|51416972|3865444| |TF|0|0|0|0|0|0|0|0|0|0|0|0|0
S|LIKDO|51517722|4540556| |TF|0|0|0|0|0|0|0|0|0|0|0|0|0
S|TUPAK|51689417|4927389| |TF|0|0|0|0|0|0|0|0|0|0|0|0|0
S|IPTAS|51638028|5108806| |TF|0|0|0|0|0|0|0|0|0|0|0|0|0
S|EHOJI|51467861|5394861| |TF|0|0|0|0|0|0|0|0|0|0|0|0|0
S|BUDIP|51379278|5874278| |TF|0|0|0|0|0|0|0|0|0|0|0|0|0

P|HELE6U|ALL|HELEN|0|7
S|HELEN|51235278|3869722| |IF|0|0|0|0|0|0|0|0|0|0|0|0|0
S|RIMBU|51416972|3865444| |TF|0|0|0|0|0|0|0|0|0|0|0|0|0
S|LIKDO|51517722|4540556| |TF|0|0|0|0|0|0|0|0|0|0|0|0|0
S|TUPAK|51689417|4927389| |TF|0|0|0|0|0|0|0|0|0|0|0|0|0
S|IPTAS|51638028|5108806| |TF|0|0|0|0|0|0|0|0|0|0|0|0|0
S|EHOJI|51467861|5394861| |TF|0|0|0|0|0|0|0|0|0|0|0|0|0
S|BUDIP|51379278|5874278| |TF|0|0|0|0|0|0|0|0|0|0|0|0|0

P|INKE3U|ALL|INKET|0|3
S|INKET|51814639|4771972| |IF|0|0|0|0|0|0|0|0|0|0|0|0|0
S|EHOJI|51467861|5394861| |TF|0|0|0|0|0|0|0|0|0|0|0|0|0
S|BUDIP|51379278|5874278| |TF|0|0|0|0|0|0|0|0|0|0|0|0|0

P|LAMS4U|ALL|LAMSO|0|7
S|LAMSO|52732889|2994361| |IF|0|0|0|0|0|0|0|0|0|0|0|0|0
S|HAMZA|51722722|3858194| |TF|0|0|0|0|0|0|0|0|0|0|0|0|0
S|LIKDO|51517722|4540556| |TF|0|0|0|0|0|0|0|0|0|0|0|0|0
S|TUPAK|51689417|4927389| |TF|0|0|0|0|0|0|0|0|0|0|0|0|0
S|IPTAS|51638028|5108806| |TF|0|0|0|0|0|0|0|0|0|0|0|0|0
S|EHOJI|51467861|5394861| |TF|0|0|0|0|0|0|0|0|0|0|0|0|0
S|BUDIP|51379278|5874278| |TF|0|0|0|0|0|0|0|0|0|0|0|0|0

P|LMA2U|ALL|LMA|0|2
S|LMA|51370914|6394925| |IF|0|0|0|0|0|0|0|0|0|0|0|0|0
S|BUDIP|51379278|5874278| |TF|0|0|0|0|0|0|0|0|0|0|0|0|0

P|LNO3U|ALL|LNO|0|4
S|LNO|50585833|5710278| |IF|0|0|0|0|0|0|0|0|0|0|0|0|0
S|EDUMA|51095714|5934411| |TF|0|0|0|0|0|0|0|0|0|0|0|0|0
S|OSGOS|51183333|5915917| |TF|0|0|0|0|0|0|0|0|0|0|0|0|0
S|BUDIP|51379278|5874278| |TF|0|0|0|0|0|0|0|0|0|0|0|0|0

P|LOPI3U|ALL|LOPIK|0|4
S|LOPIK|51930833|5129167| |IF|0|0|0|0|0|0|0|0|0|0|0|0|0
S|TOTNA|51703111|5260556| |TF|0|0|0|0|0|0|0|0|0|0|0|0|0
S|EHOJI|51467861|5394861| |TF|0|0|0|0|0|0|0|0|0|0|0|0|0
S|BUDIP|51379278|5874278| |TF|0|0|0|0|0|0|0|0|0|0|0|0|0

P|MOLI4U|ALL|MOLIX|0|7
S|MOLIX|52822003|3068672| |IF|0|0|0|0|0|0|0|0|0|0|0|0|0
S|HAMZA|51722722|3858194| |TF|0|0|0|0|0|0|0|0|0|0|0|0|0
S|LIKDO|51517722|4540556| |TF|0|0|0|0|0|0|0|0|0|0|0|0|0
S|TUPAK|51689417|4927389| |TF|0|0|0|0|0|0|0|0|0|0|0|0|0
S|IPTAS|51638028|5108806| |TF|0|0|0|0|0|0|0|0|0|0|0|0|0
S|EHOJI|51467861|5394861| |TF|0|0|0|0|0|0|0|0|0|0|0|0|0
S|BUDIP|51379278|5874278| |TF|0|0|0|0|0|0|0|0|0|0|0|0|0

P|OSGO1U|ALL|OSGOS|0|2
S|OSGOS|51183333|5915917| |IF|0|0|0|0|0|0|0|0|0|0|0|0|0
S|BUDIP|51379278|5874278| |TF|0|0|0|0|0|0|0|0|0|0|0|0|0

P|REDF4U|ALL|REDFA|0|7
S|REDFA|52114653|2488003| |IF|0|0|0|0|0|0|0|0|0|0|0|0|0
S|HAMZA|51722722|3858194| |TF|0|0|0|0|0|0|0|0|0|0|0|0|0
S|LIKDO|51517722|4540556| |TF|0|0|0|0|0|0|0|0|0|0|0|0|0
S|TUPAK|51689417|4927389| |TF|0|0|0|0|0|0|0|0|0|0|0|0|0
S|IPTAS|51638028|5108806| |TF|0|0|0|0|0|0|0|0|0|0|0|0|0
S|EHOJI|51467861|5394861| |TF|0|0|0|0|0|0|0|0|0|0|0|0|0
S|BUDIP|51379278|5874278| |TF|0|0|0|0|0|0|0|0|0|0|0|0|0

P|RUME2U|ALL|RUMER|0|2
S|RUMER|51620664|5884692| |IF|0|0|0|0|0|0|0|0|0|0|0|0|0
S|BUDIP|51379278|5874278| |TF|0|0|0|0|0|0|0|0|0|0|0|0|0

P|TENL3U|ALL|TENLI|0|5
S|TENLI|52246472|6250139| |IF|0|0|0|0|0|0|0|0|0|0|0|0|0
S|NIHOF|52009444|6247222| |TF|0|0|0|0|0|0|0|0|0|0|0|0|0
S|BASGU|51912222|5850000| |TF|0|0|0|0|0|0|0|0|0|0|0|0|0
S|RUMER|51620664|5884692| |TF|0|0|0|0|0|0|0|0|0|0|0|0|0
S|BUDIP|51379278|5874278| |TF|0|0|0|0|0|0|0|0|0|0|0|0|0

P|TOPA4U|ALL|TOPPA|0|7
S|TOPPA|53402583|3561472| |IF|0|0|0|0|0|0|0|0|0|0|0|0|0
S|HAMZA|51722722|3858194| |TF|0|0|0|0|0|0|0|0|0|0|0|0|0
S|LIKDO|51517722|4540556| |TF|0|0|0|0|0|0|0|0|0|0|0|0|0
S|TUPAK|51689417|4927389| |TF|0|0|0|0|0|0|0|0|0|0|0|0|0
S|IPTAS|51638028|5108806| |TF|0|0|0|0|0|0|0|0|0|0|0|0|0
S|EHOJI|51467861|5394861| |TF|0|0|0|0|0|0|0|0|0|0|0|0|0
S|BUDIP|51379278|5874278| |TF|0|0|0|0|0|0|0|0|0|0|0|0|0

