P|COA5E|ALL|COA|0|6
S|COA|51348056|3355278| |IF|0|0|0|0|0|0|2|5000|0|0|0|0|0
S|RIMBU|51416972|3865444| |TF|0|0|0|0|0|0|0|0|0|0|0|0|0
S|LIKDO|51517722|4540556| |TF|0|0|0|0|0|0|0|0|0|0|0|0|0
S|TUPAK|51689417|4927389| |TF|0|0|0|0|0|0|0|0|0|0|0|0|0
S|IPTAS|51638028|5108806| |TF|0|0|0|0|0|0|0|0|0|0|0|0|0
S|EHOJI|51467861|5394861| |TF|0|0|0|0|0|0|0|0|0|0|0|0|0

P|DENU2E|ALL|DENUT|0|6
S|DENUT|51236111|3657611| |IF|0|0|0|0|0|0|2|18000|0|0|0|0|0
S|RIMBU|51416972|3865444| |TF|0|0|0|0|0|0|0|0|0|0|0|0|0
S|LIKDO|51517722|4540556| |TF|0|0|0|0|0|0|0|0|0|0|0|0|0
S|TUPAK|51689417|4927389| |TF|0|0|0|0|0|0|0|0|0|0|0|0|0
S|IPTAS|51638028|5108806| |TF|0|0|0|0|0|0|0|0|0|0|0|0|0
S|EHOJI|51467861|5394861| |TF|0|0|0|0|0|0|0|0|0|0|0|0|0

P|ELSI2E|ALL|ELSIK|0|2
S|ELSIK|51195028|4998611| |IF|0|0|0|0|0|0|0|0|0|0|0|0|0
S|EHOJI|51467861|5394861| |TF|0|0|0|0|0|0|0|0|0|0|0|0|0

P|HELE6E|ALL|HELEN|0|6
S|HELEN|51235278|3869722| |IF|0|0|0|0|0|0|0|0|0|0|0|0|0
S|RIMBU|51416972|3865444| |TF|0|0|0|0|0|0|0|0|0|0|0|0|0
S|LIKDO|51517722|4540556| |TF|0|0|0|0|0|0|0|0|0|0|0|0|0
S|TUPAK|51689417|4927389| |TF|0|0|0|0|0|0|0|0|0|0|0|0|0
S|IPTAS|51638028|5108806| |TF|0|0|0|0|0|0|0|0|0|0|0|0|0
S|EHOJI|51467861|5394861| |TF|0|0|0|0|0|0|0|0|0|0|0|0|0

P|INKE3E|ALL|INKET|0|2
S|INKET|51814639|4771972| |IF|0|0|0|0|0|0|0|0|0|0|0|0|0
S|EHOJI|51467861|5394861| |TF|0|0|0|0|0|0|0|0|0|0|0|0|0

P|LAMS4E|ALL|LAMSO|0|6
S|LAMSO|52732889|2994361| |IF|0|0|0|0|0|0|0|0|0|0|0|0|0
S|HAMZA|51722722|3858194| |TF|0|0|0|0|0|0|0|0|0|0|0|0|0
S|LIKDO|51517722|4540556| |TF|0|0|0|0|0|0|0|0|0|0|0|0|0
S|TUPAK|51689417|4927389| |TF|0|0|0|0|0|0|0|0|0|0|0|0|0
S|IPTAS|51638028|5108806| |TF|0|0|0|0|0|0|0|0|0|0|0|0|0
S|EHOJI|51467861|5394861| |TF|0|0|0|0|0|0|0|0|0|0|0|0|0

P|LNO4E|ALL|LNO|0|5
S|LNO|50585833|5710278| |IF|0|0|0|0|0|0|0|0|0|0|0|0|0
S|EDUMA|51095714|5934411| |TF|0|0|0|0|0|0|0|0|0|0|0|0|0
S|OSGOS|51183333|5915917| |TF|0|0|0|0|0|0|0|0|0|0|0|0|0
S|SOPVI|51249694|5901861| |TF|0|0|0|0|0|0|0|0|0|0|0|0|0
S|EHOJI|51467861|5394861| |TF|0|0|0|0|0|0|0|0|0|0|0|0|0

P|LOPI2E|ALL|LOPIK|0|3
S|LOPIK|51930833|5129167| |IF|0|0|0|0|0|0|0|0|0|0|0|0|0
S|TOTNA|51703111|5260556| |TF|0|0|0|0|0|0|0|0|0|0|0|0|0
S|EHOJI|51467861|5394861| |TF|0|0|0|0|0|0|0|0|0|0|0|0|0

P|MOLI4E|ALL|MOLIX|0|6
S|MOLIX|52822003|3068672| |IF|0|0|0|0|0|0|0|0|0|0|0|0|0
S|HAMZA|51722722|3858194| |TF|0|0|0|0|0|0|0|0|0|0|0|0|0
S|LIKDO|51517722|4540556| |TF|0|0|0|0|0|0|0|0|0|0|0|0|0
S|TUPAK|51689417|4927389| |TF|0|0|0|0|0|0|0|0|0|0|0|0|0
S|IPTAS|51638028|5108806| |TF|0|0|0|0|0|0|0|0|0|0|0|0|0
S|EHOJI|51467861|5394861| |TF|0|0|0|0|0|0|0|0|0|0|0|0|0

P|OSGO2E|ALL|OSGOS|0|3
S|OSGOS|51183333|5915917| |IF|0|0|0|0|0|0|0|0|0|0|0|0|0
S|SOPVI|51249694|5901861| |TF|0|0|0|0|0|0|0|0|0|0|0|0|0
S|EHOJI|51467861|5394861| |TF|0|0|0|0|0|0|0|0|0|0|0|0|0

P|REDF4E|ALL|REDFA|0|6
S|REDFA|52114653|2488003| |IF|0|0|0|0|0|0|0|0|0|0|0|0|0
S|HAMZA|51722722|3858194| |TF|0|0|0|0|0|0|0|0|0|0|0|0|0
S|LIKDO|51517722|4540556| |TF|0|0|0|0|0|0|0|0|0|0|0|0|0
S|TUPAK|51689417|4927389| |TF|0|0|0|0|0|0|0|0|0|0|0|0|0
S|IPTAS|51638028|5108806| |TF|0|0|0|0|0|0|0|0|0|0|0|0|0
S|EHOJI|51467861|5394861| |TF|0|0|0|0|0|0|0|0|0|0|0|0|0

P|ROTE3E|ALL|ROTEK|0|2
S|ROTEK|51631111|6103306| |IF|0|0|0|0|0|0|0|0|0|0|0|0|0
S|EHOJI|51467861|5394861| |TF|0|0|0|0|0|0|0|0|0|0|0|0|0

P|RUME2E|ALL|RUMER|0|2
S|RUMER|51620664|5884692| |IF|0|0|0|0|0|0|0|0|0|0|0|0|0
S|EHOJI|51467861|5394861| |TF|0|0|0|0|0|0|0|0|0|0|0|0|0

P|TOPP4E|ALL|TOPPA|0|6
S|TOPPA|53402583|3561472| |IF|0|0|0|0|0|0|0|0|0|0|0|0|0
S|HAMZA|51722722|3858194| |TF|0|0|0|0|0|0|0|0|0|0|0|0|0
S|LIKDO|51517722|4540556| |TF|0|0|0|0|0|0|0|0|0|0|0|0|0
S|TUPAK|51689417|4927389| |TF|0|0|0|0|0|0|0|0|0|0|0|0|0
S|IPTAS|51638028|5108806| |TF|0|0|0|0|0|0|0|0|0|0|0|0|0
S|EHOJI|51467861|5394861| |TF|0|0|0|0|0|0|0|0|0|0|0|0|0

