P|ECQA1A|08|ECQAS|0|3
S|ECQAS|54047083|-8231028| |IF|0|0|0|0|0|0|1|10000|0|0|0|0|0
S|OKWAK|53987333|-8844361| |TF|0|0|0|0|0|0|0|0|0|0|0|0|0
S|AZAZE|53951083|-9151083| |TF|0|0|0|0|0|0|1|5000|0|0|0|0|0

P|EDON1A|08|EDONO|0|4
S|EDONO|53990944|-7706000| |IF|0|0|0|0|0|0|0|0|0|0|0|0|0
S|ECQAS|54047083|-8231028| |TF|0|0|0|0|0|0|1|10000|0|0|0|0|0
S|OKWAK|53987333|-8844361| |TF|0|0|0|0|0|0|0|0|0|0|0|0|0
S|AZAZE|53951083|-9151083| |TF|0|0|0|0|0|0|1|5000|0|0|0|0|0

P|EDON1B|26|EDONO|0|3
S|EDONO|53990944|-7706000| |IF|0|0|0|0|0|0|1|10000|0|0|0|0|0
S|TUVPU|54013639|-7932722| |TF|0|0|0|0|0|0|1|8000|0|0|0|0|0
S|HEXPO|53981417|-8209778| |TF|0|0|0|0|0|0|1|7000|0|0|0|0|0

P|EDON1C|08|EDONO|0|4
S|EDONO|53990944|-7706000| |IF|0|0|0|0|0|0|0|0|0|0|0|0|0
S|OCGOG|53882250|-8177806| |TF|0|0|0|0|0|0|1|10000|0|0|0|0|0
S|POHEH|53812417|-8785333| |TF|0|0|0|0|0|0|0|0|0|0|0|0|0
S|UNAXA|53775972|-9091361| |TF|0|0|0|0|0|0|1|5000|0|0|0|0|0

P|QIZO1A|08|QIZOH|0|3
S|QIZOH|53595389|-9281444| |IF|0|0|0|0|0|0|1|10000|0|0|0|0|0
S|TIDGO|53843889|-9370278| |TF|0|0|0|0|0|0|1|6500|0|0|0|0|0
S|MAPOT|53861417|-9227472| |TF|0|0|0|0|0|0|1|5000|0|0|0|0|0

P|WOWE1B|26|WOWEC|0|3
S|WOWEC|53740333|-8132333| |IF|0|0|0|0|0|0|1|10000|0|0|0|0|0
S|OCGOG|53882250|-8177806| |TF|0|0|0|0|0|0|1|9000|0|0|0|0|0
S|HEXPO|53981417|-8209778| |TF|0|0|0|0|0|0|1|7000|0|0|0|0|0

