P|ARDU7D|25|ARDUX|0|4
S|ARDUX|67611231|14533506| |IF|0|0|0|0|0|0|1|8000|0|0|0|0|0
S|LANOG|67495197|14476150| |TF|0|0|0|0|0|0|0|0|0|0|0|0|0
S|BO618|67394314|14519267| |TF|0|0|0|0|0|0|1|6000|0|0|0|0|0
S|BEKDI|67379681|14960142| |TF|0|0|0|0|0|230|1|5600|0|0|0|0|0

P|BNN1C|07|BNN|0|6
S|BNN|65457053|12214342| |IF|0|0|0|0|0|0|0|0|0|0|0|0|0
S|NIMAX|65750000|12000000| |TF|0|0|0|0|0|0|0|0|0|0|0|0|0
S|GAVPO|66169722|12419464| |TF|0|0|0|0|0|0|0|0|0|0|0|0|0
S|DIPWO|66554389|12817372| |TF|0|0|0|0|0|0|0|0|0|0|0|0|0
S|RILUN|66936794|13226456| |TF|0|0|0|0|0|0|1|7000|0|0|0|0|0
S|ROTOT|67219017|13777975| |TF|0|0|0|0|0|0|1|4000|0|0|0|0|0

P|BNN1D|25|BNN|0|5
S|BNN|65457053|12214342| |IF|0|0|0|0|0|0|0|0|0|0|0|0|0
S|HAWAJ|66132517|12657075| |TF|0|0|0|0|0|0|0|0|0|0|0|0|0
S|INFIM|66525747|13088233| |TF|0|0|0|0|0|0|0|0|0|0|0|0|0
S|EKSIS|66918333|13533856| |TF|0|0|0|0|0|0|1|7000|0|0|0|0|0
S|ADREL|67180869|14947894| |TF|0|0|0|0|0|230|1|5300|0|0|0|0|0

P|EMDA1C|07|EMDAM|0|4
S|EMDAM|65943056|13872778| |IF|0|0|0|0|0|0|0|0|0|0|0|0|0
S|EVROL|66594167|14403056| |TF|0|0|0|0|0|0|0|0|0|0|0|0|0
S|RANUM|66881144|14123667| |TF|0|0|0|0|0|0|1|7000|0|0|0|0|0
S|OKNED|67147931|13869314| |TF|0|0|0|0|0|220|1|4500|0|0|0|0|0

P|EMDA1D|25|EMDAM|0|6
S|EMDAM|65943056|13872778| |IF|0|0|0|0|0|0|0|0|0|0|0|0|0
S|MORFI|66066667|14294722| |TF|0|0|0|0|0|0|0|0|0|0|0|0|0
S|AGLIX|66594722|14741667| |TF|0|0|0|0|0|0|0|0|0|0|0|0|0
S|GOVUV|66838858|14753889| |TF|0|0|0|0|0|0|1|11000|0|0|0|0|0
S|UMBOT|67091108|14836692| |TF|0|0|0|0|0|0|1|7000|0|0|0|0|0
S|ADREL|67180869|14947894| |TF|0|0|0|0|0|230|1|5300|0|0|0|0|0

P|FUPA1C|07|FUPAC|0|5
S|FUPAC|68280000|15034722| |IF|0|0|0|0|0|0|1|5000|0|0|0|0|0
S|MIKMU|68192778|14875278| |TF|0|0|0|0|0|0|0|0|0|0|0|0|0
S|OXEMO|67930556|14390833| |TF|0|0|0|0|0|0|0|0|0|0|0|0|0
S|NERAM|67666667|13916667| |TF|0|0|0|0|0|0|0|0|0|0|0|0|0
S|ODAGO|67316406|13959092| |TF|0|0|0|0|0|220|1|4000|0|0|0|0|0

P|FUPA1D|25|FUPAC|0|5
S|FUPAC|68280000|15034722| |IF|0|0|0|0|0|0|0|0|0|0|0|0|0
S|KABJO|68142603|15218422| |TF|0|0|0|0|0|0|0|0|0|0|0|0|0
S|IHUSA|67754722|14436944| |TF|0|0|0|0|0|0|0|0|0|0|0|0|0
S|ARDUX|67611231|14533506| |TF|0|0|0|0|0|0|1|8000|0|0|0|0|0
S|BEKDI|67379681|14960142| |TF|0|0|0|0|0|230|1|5600|0|0|0|0|0

P|GEPT7C|07|GEPTU|0|3
S|GEPTU|67794208|15354450| |IF|0|0|0|0|0|0|0|0|0|0|0|0|0
S|ARDUX|67611231|14533506| |TF|0|0|0|0|0|0|1|8000|0|0|0|0|0
S|ODAGO|67316406|13959092| |TF|0|0|0|0|0|220|1|4000|0|0|0|0|0

P|GEPT7D|25|GEPTU|0|4
S|GEPTU|67794208|15354450| |IF|0|0|0|0|0|0|1|8000|0|0|0|0|0
S|INGET|67668739|15403689| |TF|0|0|0|0|0|0|0|0|0|0|0|0|0
S|EKLOR|67546981|15215317| |TF|0|0|0|0|0|0|1|8000|0|0|0|0|0
S|BEKDI|67379681|14960142| |TF|0|0|0|0|0|230|1|5600|0|0|0|0|0

P|ODNO1C|07|ODNOS|0|5
S|ODNOS|66290236|13768831| |IF|0|0|0|0|0|0|1|8000|0|0|0|0|0
S|BO526|66760072|13446672| |TF|0|0|0|0|0|0|0|0|0|0|0|0|0
S|EKSIS|66918333|13533856| |TF|0|0|0|0|0|0|1|7000|0|0|0|0|0
S|BO528|67018619|13679472| |TF|0|0|0|0|0|0|1|5000|0|0|0|0|0
S|OKNED|67147931|13869314| |TF|0|0|0|0|0|220|1|4500|0|0|0|0|0

P|ODNO1D|25|ODNOS|0|5
S|ODNOS|66290236|13768831| |IF|0|0|0|0|0|0|1|11000|0|0|0|0|0
S|BO601|66706239|14373358| |TF|0|0|0|0|0|0|0|0|0|0|0|0|0
S|BALAK|66853081|14546233| |TF|0|0|0|0|0|0|1|9000|0|0|0|0|0
S|UMBOT|67091108|14836692| |TF|0|0|0|0|0|0|1|7000|0|0|0|0|0
S|ADREL|67180869|14947894| |TF|0|0|0|0|0|230|1|5300|0|0|0|0|0

P|RANU6D|25|RANUM|0|4
S|RANUM|66881144|14123667| |IF|0|0|0|0|0|0|1|7000|0|0|0|0|0
S|MOREB|67040878|14222631| |TF|0|0|0|0|0|0|1|7000|0|0|0|0|0
S|BO607|67145556|14402367| |TF|0|0|0|0|0|0|1|6000|0|0|0|0|0
S|ADREL|67180869|14947894| |TF|0|0|0|0|0|230|1|5300|0|0|0|0|0

P|RANU7C|07|RANUM|0|4
S|RANUM|66881144|14123667| |IF|0|0|0|0|0|0|1|8000|0|0|0|0|0
S|MOREB|67040878|14222631| |TF|0|0|0|0|0|0|1|7000|0|0|0|0|0
S|GISDO|67137586|14283244| |TF|0|0|0|0|0|0|1|5000|0|0|0|0|0
S|OKNED|67147931|13869314| |TF|0|0|0|0|0|220|1|4500|0|0|0|0|0

