P|KOMI1N|04|KOMIG|0|2
S|KOMIG|70315097|23576814| |IF|0|0|0|0|0|0|0|0|0|0|0|0|0
S|RIGMO|70515700|23386928| |TF|0|0|0|0|0|0|1|4000|0|0|0|0|0

P|KOMI1P|22|KOMIG|0|2
S|KOMIG|70315097|23576814| |IF|0|0|0|0|0|0|0|0|0|0|0|0|0
S|ADVOR|70716319|24285950| |TF|0|0|0|0|0|0|1|4000|0|0|0|0|0

P|LAPV1N|04|LAPVI|0|2
S|LAPVI|70418394|24382303| |IF|0|0|0|0|0|0|0|0|0|0|0|0|0
S|RIGMO|70515700|23386928| |TF|0|0|0|0|0|0|1|4000|0|0|0|0|0

P|LAPV1P|22|LAPVI|0|2
S|LAPVI|70418394|24382303| |IF|0|0|0|0|0|0|0|0|0|0|0|0|0
S|ADVOR|70716319|24285950| |TF|0|0|0|0|0|0|1|4000|0|0|0|0|0

P|UBEL1N|04|UBELO|0|2
S|UBELO|70221067|21388661| |IF|0|0|0|0|0|0|0|0|0|0|0|0|0
S|INSEN|70537122|23041011| |TF|0|0|0|0|0|0|1|4600|0|0|0|0|0

P|UBEL1P|22|UBELO|0|4
S|UBELO|70221067|21388661| |IF|0|0|0|0|0|0|0|0|0|0|0|0|0
S|HF503|70316936|22430856| |TF|0|0|0|0|0|0|1|4900|0|0|0|0|0
S|HF502|70457117|23172694| |TF|0|0|0|0|0|0|1|4600|0|0|0|0|0
S|ADVOR|70716319|24285950| |TF|0|0|0|0|0|0|1|4000|0|0|0|0|0

P|UBEL1Z|22|UBELO|0|4
S|UBELO|70221067|21388661| |IF|0|0|0|0|0|0|0|0|0|0|0|0|0
S|HF505|70481142|22091300| |TF|0|0|0|0|0|0|1|4200|0|0|0|0|0
S|HF510|70733731|23355928| |TF|0|0|0|0|0|0|1|4000|0|0|0|0|0
S|UNGEP|70854575|24007025| |TF|0|0|0|0|0|0|1|3000|0|0|0|0|0

