P|ABAN1L|16|ABANU|0|2
S|ABANU|70133317|26000000| |IF|0|0|0|0|0|0|1|11000|0|0|0|0|0
S|BAXIN|70328319|25144081| |TF|0|0|0|0|0|230|1|4000|0|0|0|0|0

P|ABAN1M|34|ABANU|0|2
S|ABANU|70133317|26000000| |IF|0|0|0|0|0|0|1|11000|0|0|0|0|0
S|RENBU|69812375|25259517| |TF|0|0|0|0|0|230|1|4300|0|0|0|0|0

P|LAPV1L|16|LAPVI|0|2
S|LAPVI|70418394|24382303| |IF|0|0|0|0|0|0|0|0|0|0|0|0|0
S|NEPKO|70293892|24920097| |TF|0|0|0|0|0|230|1|4000|0|0|0|0|0

P|LAPV1M|34|LAPVI|0|2
S|LAPVI|70418394|24382303| |IF|0|0|0|0|0|0|0|0|0|0|0|0|0
S|ODVIG|69799933|24809406| |TF|0|0|0|0|0|230|1|4800|0|0|0|0|0

P|LUVE1L|16|LUVED|0|3
S|LUVED|69564931|22545081| |IF|0|0|0|0|0|0|1|12000|0|0|0|0|0
S|NA410|70084553|23999997| |TF|0|0|0|0|0|0|1|7000|0|0|0|0|0
S|GUBEX|70315767|24682711| |TF|0|0|0|0|0|230|1|4000|0|0|0|0|0

P|LUVE1M|34|LUVED|0|3
S|LUVED|69564931|22545081| |IF|0|0|0|0|0|0|1|12000|0|0|0|0|0
S|NA415|69719836|24000003| |TF|0|0|0|0|0|0|1|7000|0|0|0|0|0
S|ODVIG|69799933|24809406| |TF|0|0|0|0|0|230|1|4300|0|0|0|0|0

