P|REVT1L|14|REVTA|0|4
S|REVTA|59865917|6360306| |IF|0|0|0|0|0|0|1|10000|0|0|0|0|0
S|SO460|59854339|6108314| |TF|0|0|0|0|0|0|1|8000|0|0|0|0|0
S|SO450|59824239|5497528| |TF|0|0|0|0|0|0|1|6000|0|0|0|0|0
S|NATGA|59966922|5297408| |TF|0|0|0|0|0|0|1|4000|0|0|0|0|0

P|REVT1M|32|REVTA|0|4
S|REVTA|59865917|6360306| |IF|0|0|0|0|0|0|1|10000|0|0|0|0|0
S|SO560|59779075|5999114| |TF|0|0|0|0|0|0|1|8000|0|0|0|0|0
S|SO550|59738778|5833528| |TF|0|0|0|0|0|0|1|6000|0|0|0|0|0
S|ARVOG|59699019|5671386| |TF|0|0|0|0|0|0|1|4500|0|0|0|0|0

