P|ABAK2R|07|ABAKU|0|4
S|ABAKU|51676944|19081389| |IF|0|0|0|0|0|0|1|10000|0|0|0|0|0
S|LL706|51723500|19292778| |TF|0|0|0|0|0|220|0|0|0|0|0|0|0
S|LL702|51802000|19248111| |TF|0|0|0|0|0|220|0|0|0|0|0|0|0
S|LL701|51774194|19121611| |TF|0|0|0|0|0|0|1|3000|0|0|0|0|0

P|ABAK2T|25|ABAKU|0|5
S|ABAKU|51676944|19081389| |IF|0|0|0|0|0|0|1|10000|0|0|0|0|0
S|LL528|51692000|19643500| |TF|0|0|0|0|0|0|1|4000|0|0|0|0|0
S|LL527|51719250|19770083| |TF|0|0|0|0|0|220|0|0|0|0|0|0|0
S|LL522|51797917|19726250| |TF|0|0|0|0|0|220|0|0|0|0|0|0|0
S|LL501|51776083|19624806| |TF|0|0|0|0|0|0|1|3000|0|0|0|0|0

P|ADOX2R|07|ADOXO|0|4
S|ADOXO|52103056|19507222| |IF|0|0|0|0|0|0|1|10000|0|0|0|0|0
S|LL712|51872167|19570833| |TF|0|0|0|0|0|250|1|6000|0|0|0|0|0
S|LL702|51802000|19248111| |TF|0|0|0|0|0|220|0|0|0|0|0|0|0
S|LL701|51774194|19121611| |TF|0|0|0|0|0|0|1|3000|0|0|0|0|0

P|ADOX2T|25|ADOXO|0|4
S|ADOXO|52103056|19507222| |IF|0|0|0|0|0|0|1|10000|0|0|0|0|0
S|LL524|51896222|19671250| |TF|0|0|0|0|0|220|1|6000|0|0|0|0|0
S|LL522|51797917|19726250| |TF|0|0|0|0|0|220|0|0|0|0|0|0|0
S|LL501|51776083|19624806| |TF|0|0|0|0|0|0|1|3000|0|0|0|0|0

P|SOXE2R|07|SOXER|0|4
S|SOXER|52043833|19934972| |IF|0|0|0|0|0|0|1|8000|0|0|0|0|0
S|LL712|51872167|19570833| |TF|0|0|0|0|0|250|1|6000|0|0|0|0|0
S|LL702|51802000|19248111| |TF|0|0|0|0|0|220|0|0|0|0|0|0|0
S|LL701|51774194|19121611| |TF|0|0|0|0|0|0|1|3000|0|0|0|0|0

P|SOXE2T|25|SOXER|0|4
S|SOXER|52043833|19934972| |IF|0|0|0|0|0|0|1|8000|0|0|0|0|0
S|LL523|51819639|19827806| |TF|0|0|0|0|0|0|1|6000|0|0|0|0|0
S|LL522|51797917|19726250| |TF|0|0|0|0|0|220|0|0|0|0|0|0|0
S|LL501|51776083|19624806| |TF|0|0|0|0|0|0|1|3000|0|0|0|0|0

P|UTOL2R|07|UTOLU|0|5
S|UTOLU|51896944|18867500| |IF|0|0|0|0|0|0|1|10000|0|0|0|0|0
S|LL704|51852611|19076611| |TF|0|0|0|0|0|0|1|6000|0|0|0|0|0
S|LL703|51880472|19203278| |TF|0|0|0|0|0|220|0|0|0|0|0|0|0
S|LL702|51802000|19248111| |TF|2|0|0|0|0|220|0|0|0|0|0|0|0
S|LL701|51774194|19121611| |TF|0|0|0|0|0|0|1|3000|0|0|0|0|0

P|UTOL2T|25|UTOLU|0|6
S|UTOLU|51896944|18867500| |IF|0|0|0|0|0|0|1|10000|0|0|0|0|0
S|LL536|51881000|19376278| |TF|0|0|0|0|0|0|1|6000|0|0|0|0|0
S|LL526|51874361|19569611| |TF|0|0|0|0|0|0|1|4000|0|0|0|0|0
S|LL524|51896222|19671250| |TF|0|0|0|0|0|220|0|0|0|0|0|0|0
S|LL522|51797917|19726250| |TF|0|0|0|0|0|220|0|0|0|0|0|0|0
S|LL501|51776083|19624806| |TF|0|0|0|0|0|0|1|3000|0|0|0|0|0

P|VIDE2R|07|VIDEV|0|6
S|VIDEV|51521944|19802500| |IF|0|0|0|0|0|0|1|10000|0|0|0|0|0
S|LL713|51673889|19696667| |TF|0|0|0|0|0|0|1|6000|0|0|0|0|0
S|LL501|51776083|19624806| |TF|0|0|0|0|0|0|0|0|0|0|0|0|0
S|LL712|51872167|19570833| |TF|0|0|0|0|0|250|0|0|0|0|0|0|0
S|LL702|51802000|19248111| |TF|0|0|0|0|0|220|0|0|0|0|0|0|0
S|LL701|51774194|19121611| |TF|0|0|0|0|0|0|1|3000|0|0|0|0|0

P|VIDE2T|25|VIDEV|0|4
S|VIDEV|51521944|19802500| |IF|0|0|0|0|0|0|1|10000|0|0|0|0|0
S|LL527|51719250|19770083| |TF|0|0|0|0|0|220|1|6000|0|0|0|0|0
S|LL522|51797917|19726250| |TF|0|0|0|0|0|220|0|0|0|0|0|0|0
S|LL501|51776083|19624806| |TF|0|0|0|0|0|0|1|3000|0|0|0|0|0

