P|ARDU1R|01|ARDUT|0|5
S|ARDUT|53858056|21167222| |IF|0|0|0|0|0|0|0|0|0|0|0|0|0
S|SY362|53815194|20987083| |TF|0|0|0|0|0|0|0|0|0|0|0|0|0
S|SY357|53712694|20910500| |TF|0|0|0|0|0|0|1|10000|0|0|0|0|0
S|SY364|53562361|20798917| |TF|0|0|0|0|0|0|1|7000|0|0|0|0|0
S|SY366|53363750|20652806| |TF|0|0|0|0|0|0|1|4000|0|0|0|0|0

P|ARDU3T|19|ARDUT|0|4
S|ARDUT|53858056|21167222| |IF|0|0|0|0|0|0|0|0|0|0|0|0|0
S|SY793|53816972|20928389| |TF|0|0|0|0|0|0|1|8000|0|0|0|0|0
S|SY801|53739972|20873778| |TF|0|0|0|0|0|0|1|6000|0|0|0|0|0
S|SY802|53693889|21058278| |TF|0|0|0|0|0|0|1|4000|0|0|0|0|0

P|IBIN2R|01|IBINO|0|3
S|IBINO|53562861|19980611| |IF|0|0|0|0|0|0|0|0|0|0|0|0|0
S|SY361|53453000|20353833| |TF|0|0|0|0|0|0|3|9000|7000|0|0|0|0
S|SY366|53363750|20652806| |TF|0|0|0|0|0|0|1|4000|0|0|0|0|0

P|IBIN3T|19|IBINO|0|6
S|IBINO|53562861|19980611| |IF|0|0|0|0|0|0|0|0|0|0|0|0|0
S|SY791|53442944|20427889| |TF|0|0|0|0|0|0|0|0|0|0|0|0|0
S|SY792|53554917|20603861| |TF|0|0|0|0|0|0|1|10000|0|0|0|0|0
S|SY794|53631167|20714694| |TF|0|0|0|0|0|0|1|9000|0|0|0|0|0
S|SY801|53739972|20873778| |TF|0|0|0|0|0|0|1|6000|0|0|0|0|0
S|SY802|53693889|21058278| |TF|0|0|0|0|0|0|1|4000|0|0|0|0|0

P|UDRO1R|01|UDROV|0|4
S|UDROV|53260833|20833333| |IF|0|0|0|0|0|0|0|0|0|0|0|0|0
S|SY363|53531528|20970278| |TF|0|0|0|0|0|0|0|0|0|0|0|0|0
S|SY364|53562361|20798917| |TF|0|0|0|0|0|0|1|7000|0|0|0|0|0
S|SY366|53363750|20652806| |TF|0|0|0|0|0|0|1|4000|0|0|0|0|0

P|UDRO3T|19|UDROV|0|5
S|UDROV|53260833|20833333| |IF|0|0|0|0|0|0|0|0|0|0|0|0|0
S|SY792|53554917|20603861| |TF|0|0|0|0|0|0|1|10000|0|0|0|0|0
S|SY794|53631167|20714694| |TF|0|0|0|0|0|0|1|9000|0|0|0|0|0
S|SY801|53739972|20873778| |TF|0|0|0|0|0|0|1|6000|0|0|0|0|0
S|SY802|53693889|21058278| |TF|0|0|0|0|0|0|1|4000|0|0|0|0|0

