P|BAKL1S|17|BAKLI|0|5
S|BAKLI|54916667|13560833| |IF|0|0|0|0|0|0|0|0|0|0|0|0|0
S|TIDVU|55411389|13557500| |TF|0|0|0|0|0|0|1|4000|0|0|0|0|0
S|MS546|55751750|13495278| |TF|0|0|0|0|0|230|1|3000|0|0|0|0|0
S|MS545|55767028|13380444| |TF|0|0|0|0|0|0|0|0|0|0|0|0|0
S|MS850|55713583|13339583| |TF|0|0|0|0|0|200|1|2500|0|0|0|0|0

P|BAKL1T|35|BAKLI|0|3
S|BAKLI|54916667|13560833| |IF|0|0|0|0|0|0|0|0|0|0|0|0|0
S|MS613|55111639|13495806| |TF|0|0|0|0|0|0|1|4000|0|0|0|0|0
S|MS610|55358722|13412528| |TF|0|0|0|0|0|0|1|2500|0|0|0|0|0

P|DETU1T|35|DETUS|0|3
S|DETUS|55022778|12999722| |IF|0|0|0|0|0|0|2|11000|0|0|0|0|0
S|MS635|55305278|13372000| |TF|0|0|0|0|0|0|0|0|0|0|0|0|0
S|MS610|55358722|13412528| |TF|0|0|0|0|0|200|1|2500|0|0|0|0|0

P|DETU2S|17|DETUS|0|6
S|DETUS|55022778|12999722| |IF|0|0|0|0|0|0|2|11000|0|0|0|0|0
S|MS720|55243556|13103861| |TF|0|0|0|0|0|0|1|4000|0|0|0|0|0
S|MS721|55541472|13170833| |TF|0|0|0|0|0|0|0|0|0|0|0|0|0
S|MS853|55706500|13208361| |TF|0|0|0|0|0|230|0|0|0|0|0|0|0
S|MS851|55760250|13277889| |TF|0|0|0|0|0|200|0|0|0|0|0|0|0
S|MS850|55713583|13339583| |TF|2|0|0|0|0|200|1|2500|0|0|0|0|0

P|EKRA1S|17|EKRAL|0|4
S|EKRAL|55776667|13962778| |IF|0|0|0|0|0|0|0|0|0|0|0|0|0
S|MS539|55769250|13498389| |TF|0|0|0|0|0|230|1|3000|0|0|0|0|0
S|MS545|55767028|13380444| |TF|0|0|0|0|0|0|0|0|0|0|0|0|0
S|MS850|55713583|13339583| |TF|0|0|0|0|0|200|1|2500|0|0|0|0|0

P|EKRA1T|35|EKRAL|0|5
S|EKRAL|55776667|13962778| |IF|0|0|0|0|0|0|0|0|0|0|0|0|0
S|MS502|55552556|13758194| |TF|0|0|0|0|0|0|2|7000|0|0|0|0|0
S|MS612|55341694|13577861| |TF|0|0|0|0|0|230|1|3000|0|0|0|0|0
S|MS611|55311972|13473389| |TF|0|0|0|0|0|0|0|0|0|0|0|0|0
S|MS610|55358722|13412528| |TF|0|0|0|0|0|200|1|2500|0|0|0|0|0

P|ERNO1S|17|ERNOV|0|5
S|ERNOV|56168889|12573889| |IF|0|0|0|0|0|0|0|0|0|0|0|0|0
S|MS860|56021306|12962361| |TF|0|0|0|0|0|0|1|7000|0|0|0|0|0
S|BABSI|55930111|13199472| |TF|0|0|0|0|0|0|1|5000|0|0|0|0|0
S|NORVI|55746333|13332861| |TF|0|0|0|0|0|0|1|3000|0|0|0|0|0
S|MS850|55713583|13339583| |TF|0|0|0|0|0|0|1|2500|0|0|0|0|0

P|ERNO1T|35|ERNOV|0|6
S|ERNOV|56168889|12573889| |IF|0|0|0|0|0|0|0|0|0|0|0|0|0
S|BABSI|55930111|13199472| |TF|0|0|0|0|0|0|1|7000|0|0|0|0|0
S|MS900|55589722|13240528| |TF|0|0|0|0|0|0|2|7000|0|0|0|0|0
S|MS825|55320583|13258472| |TF|0|0|0|0|0|230|1|2500|0|0|0|0|0
S|MS635|55305278|13372000| |TF|0|0|0|0|0|0|0|0|0|0|0|0|0
S|MS610|55358722|13412528| |TF|0|0|0|0|0|200|1|2500|0|0|0|0|0

P|RASM1S|17|RASMU|0|6
S|RASMU|56758333|13815278| |IF|0|0|0|0|0|0|0|0|0|0|0|0|0
S|GAMVI|56575000|13566028| |TF|0|0|0|0|0|0|0|0|0|0|0|0|0
S|MS549|56033583|13412583| |TF|0|0|0|0|0|0|1|7000|0|0|0|0|0
S|MS548|55927472|13383000| |TF|0|0|0|0|0|0|1|5000|0|0|0|0|0
S|NORVI|55746333|13332861| |TF|0|0|0|0|0|0|1|3000|0|0|0|0|0
S|MS850|55713583|13339583| |TF|0|0|0|0|0|0|1|2500|0|0|0|0|0

P|RASM1T|35|RASMU|0|7
S|RASMU|56758333|13815278| |IF|0|0|0|0|0|0|0|0|0|0|0|0|0
S|GAMVI|56575000|13566028| |TF|0|0|0|0|0|0|0|0|0|0|0|0|0
S|MS501|55906222|13565417| |TF|0|0|0|0|0|0|1|7000|0|0|0|0|0
S|MS500|55550444|13565028| |TF|0|0|0|0|0|0|2|7000|0|0|0|0|0
S|MS612|55341694|13577861| |TF|0|0|0|0|0|230|1|3000|0|0|0|0|0
S|MS611|55311972|13473389| |TF|0|0|0|0|0|0|0|0|0|0|0|0|0
S|MS610|55358722|13412528| |TF|0|0|0|0|0|200|1|2500|0|0|0|0|0

P|ROE1S|17|ROE|0|5
S|ROE|55065578|14758692| |IF|0|0|0|0|0|0|0|0|0|0|0|0|0
S|MS540|55591639|13796222| |TF|0|0|0|0|0|0|1|5000|0|0|0|0|0
S|MS546|55751750|13495278| |TF|0|0|0|0|0|230|1|3000|0|0|0|0|0
S|MS545|55767028|13380444| |TF|0|0|0|0|0|0|0|0|0|0|0|0|0
S|MS850|55713583|13339583| |TF|0|0|0|0|0|200|1|2500|0|0|0|0|0

P|ROE1T|35|ROE|0|4
S|ROE|55065578|14758692| |IF|0|0|0|0|0|0|0|0|0|0|0|0|0
S|MS614|55253028|13788889| |TF|0|0|0|0|0|0|1|4000|0|0|0|0|0
S|MS611|55311972|13473389| |TF|0|0|0|0|0|0|0|0|0|0|0|0|0
S|MS610|55358722|13412528| |TF|0|0|0|0|0|200|1|2500|0|0|0|0|0

