P|DEGE1S|16|DEGED|0|4
S|DEGED|62100278|16812222| |IF|0|0|0|0|0|0|0|0|0|0|0|0|0
S|NN712|62313472|16910944| |TF|0|0|0|0|0|0|1|5000|0|0|0|0|0
S|NN850|62717778|17102194| |TF|0|0|0|0|0|0|1|3200|0|0|0|0|0
S|NEKPO|62746278|17272278| |TF|0|0|0|0|0|220|1|3000|0|0|0|0|0

P|DEGE1T|34|DEGED|0|4
S|DEGED|62100278|16812222| |IF|0|0|0|0|0|0|0|0|0|0|0|0|0
S|NN714|62172667|17043028| |TF|0|0|0|0|0|0|1|5000|0|0|0|0|0
S|NN700|62294111|17435528| |TF|0|0|0|0|0|0|1|3200|0|0|0|0|0
S|IXIBI|62322222|17603528| |TF|0|0|0|0|0|220|1|2500|0|0|0|0|0

P|GAJP1S|16|GAJPA|0|3
S|GAJPA|63003889|18018056| |IF|0|0|0|0|0|0|0|0|0|0|0|0|0
S|NN520|62871694|17632472| |TF|0|0|0|0|0|0|1|5000|0|0|0|0|0
S|NEKPO|62746278|17272278| |TF|0|0|0|0|0|220|1|3000|0|0|0|0|0

P|GAJP1T|34|GAJPA|0|4
S|GAJPA|63003889|18018056| |IF|0|0|0|0|0|0|0|0|0|0|0|0|0
S|NN521|62687028|17897333| |TF|0|0|0|0|0|0|1|5000|0|0|0|0|0
S|NN553|62350111|17771861| |TF|0|0|0|0|0|0|1|3200|0|0|0|0|0
S|IXIBI|62322222|17603528| |TF|0|0|0|0|0|220|1|2500|0|0|0|0|0

P|SINU1S|16|SINNU|0|4
S|SINNU|62363722|16652639| |IF|0|0|0|0|0|0|0|0|0|0|0|0|0
S|NN713|62459278|16772722| |TF|0|0|0|0|0|0|1|5000|0|0|0|0|0
S|NN850|62717778|17102194| |TF|0|0|0|0|0|0|1|3200|0|0|0|0|0
S|NEKPO|62746278|17272278| |TF|0|0|0|0|0|220|1|3000|0|0|0|0|0

P|SINU1T|34|SINNU|0|4
S|SINNU|62363722|16652639| |IF|0|0|0|0|0|0|0|0|0|0|0|0|0
S|NN715|62343778|16882417| |TF|0|0|0|0|0|0|1|5000|0|0|0|0|0
S|NN700|62294111|17435528| |TF|0|0|0|0|0|0|1|3200|0|0|0|0|0
S|IXIBI|62322222|17603528| |TF|0|0|0|0|0|220|1|2500|0|0|0|0|0

P|ZIPC1E|16|ZIPCO|0|5
S|ZIPCO|61870556|17632500| |IF|0|0|0|0|0|0|0|0|0|0|0|0|0
S|D165P|62265133|17528117| |TF|0|0|0|0|0|0|1|5000|0|0|0|0|0
S| |91000000|181000000| |CI|0|34500|0|0|0|0|0|0|0|0|0|0|0
S|D323N|62729681|17195222|SUN|AF|2|16500|1400|32300|0|0|0|0|0|0|0|0|0
S|FI16|62667392|17334781|SUN|CF|0|15300|900|33230|400|0|1|3000|0|0|0|0|0

P|ZIPC1F|34|ZIPCO|0|4
S|ZIPCO|61870556|17632500| |IF|0|0|0|0|0|0|0|0|0|0|0|0|0
S|D165S|62215756|17542850| |TF|0|0|0|0|0|0|1|5000|0|1|0|0|0
S| |91000000|181000000| |CI|0|300|0|0|0|0|0|0|0|0|0|0|0
S|FI34|62400811|17542844|SUN|CF|0|33300|810|15410|400|0|1|2500|0|0|0|0|0

P|ZIPC1S|16|ZIPCO|0|4
S|ZIPCO|61870556|17632500| |IF|0|0|0|0|0|0|0|0|0|0|0|0|0
S|NN711|62396472|17136972| |TF|0|0|0|0|0|0|1|5000|0|0|0|0|0
S|NN850|62717778|17102194| |TF|0|0|0|0|0|0|1|3200|0|0|0|0|0
S|NEKPO|62746278|17272278| |TF|0|0|0|0|0|220|1|3000|0|0|0|0|0

P|ZIPC1T|34|ZIPCO|0|4
S|ZIPCO|61870556|17632500| |IF|0|0|0|0|0|0|0|0|0|0|0|0|0
S|NN554|62137889|17645556| |TF|0|0|0|0|0|0|1|5000|0|0|0|0|0
S|NN551|62259639|17651611| |TF|0|0|0|0|0|0|1|3200|0|0|0|0|0
S|IXIBI|62322222|17603528| |TF|0|0|0|0|0|0|1|2500|0|0|0|0|0

