P|BENK2T|30|BENKA|0|3
S|BENKA|63310472|15409056| |IF|0|0|0|0|0|0|1|10000|0|0|0|0|0
S|NZ403|63210389|15128917| |TF|0|0|0|0|0|0|1|3800|0|0|0|0|0
S|NZ623|63116944|14870472| |TF|0|0|0|0|0|0|1|2800|0|0|0|0|0

P|BENK6E|12|BENKA|0|3
S|BENKA|63310472|15409056| |IF|0|0|0|0|0|0|0|0|0|0|0|0|0
S|D069O|63264597|15021025| |TF|0|0|0|0|0|0|0|0|0|0|0|0|0
S|OSS|63199556|14487556| |TF|0|0|0|0|0|0|0|0|0|0|0|0|0

P|BENK7F|30|BENKA|0|7
S|BENKA|63310472|15409056| |IF|0|0|0|0|0|0|0|0|0|0|0|0|0
S|D069O|63264597|15021025| |TF|0|0|0|0|0|0|0|0|0|0|0|0|0
S|D069L|63251747|14914139| |TF|0|0|0|0|0|0|0|0|0|0|0|0|0
S| |91000000|181000000| |CI|0|24900|0|0|0|0|0|0|0|0|0|0|0
S|D098J|63158911|14844125|OSS|AF|2|6900|1000|9800|0|0|0|0|0|0|0|0|0
S|CD30|63121181|14811603| |TF|0|0|0|0|0|0|0|0|0|0|0|0|0
S|FD30|63153403|14678956| |TF|0|0|0|0|0|0|0|0|0|0|0|0|0

P|LUHI1E|12|LUHIQ|0|3
S|LUHIQ|62703361|14633111| |IF|0|0|0|0|0|0|0|0|0|0|0|0|0
S|D166O|62952533|14560639| |TF|0|0|0|0|0|0|0|0|0|0|0|0|0
S|OSS|63199556|14487556| |TF|0|0|0|0|0|0|0|0|0|0|0|0|0

P|LUHI1F|30|LUHIQ|0|7
S|LUHIQ|62703361|14633111| |IF|0|0|0|0|0|0|0|0|0|0|0|0|0
S|D166O|62952533|14560639| |TF|0|0|0|0|0|0|0|0|0|0|0|0|0
S|D166L|63001942|14546122| |TF|0|0|0|0|0|0|0|0|0|0|0|0|0
S| |91000000|181000000| |CI|0|34600|0|0|0|0|0|0|0|0|0|0|0
S|D126J|63088114|14759986|OSS|AF|1|16600|1000|12600|0|0|0|0|0|0|0|0|0
S|CD30|63121181|14811603| |TF|0|0|0|0|0|0|0|0|0|0|0|0|0
S|FD30|63153403|14678956| |TF|0|0|0|0|0|0|0|0|0|0|0|0|0

P|LUHI1H|12|LUHIQ|0|3
S|LUHIQ|62703361|14633111| |IF|0|0|0|0|0|0|1|10000|0|0|0|0|0
S|DIGLO|62869333|14420611| |TF|0|0|0|0|0|0|1|7000|0|0|0|0|0
S|NZ704|63048028|14342278| |TF|0|0|0|0|0|0|1|3800|0|0|0|0|0

P|LUHI1S|12|LUHIQ|0|5
S|LUHIQ|62703361|14633111| |IF|0|0|0|0|0|0|1|10000|0|0|0|0|0
S|DIGLO|62869333|14420611| |TF|0|0|0|0|0|0|1|7000|0|0|0|0|0
S|NZ720|63115056|14157583| |TF|0|0|0|0|0|0|1|3800|0|0|0|0|0
S|NZ825|63191361|14071750| |TF|0|0|0|0|0|0|0|0|0|0|0|0|0
S|NZ855|63267056|14147639| |TF|0|0|0|0|0|210|1|2800|0|0|0|0|0

P|LUHI1T|30|LUHIQ|0|4
S|LUHIQ|62703361|14633111| |IF|0|0|0|0|0|0|1|10000|0|0|0|0|0
S|NZ551|62815944|14697028| |TF|0|0|0|0|0|0|1|7000|0|0|0|0|0
S|NZ552|62972361|14786333| |TF|0|0|0|0|0|0|1|3800|0|0|0|0|0
S|NZ623|63116944|14870472| |TF|0|0|0|0|0|0|1|2800|0|0|0|0|0

