P|BESL1S|14|BESLA|0|3
S|BESLA|65857500|22310278| |IF|0|0|0|0|0|0|0|0|0|0|0|0|0
S|PA922|65751611|21931028| |TF|0|0|0|0|0|0|0|0|0|0|0|0|0
S|PA920|65695361|21782639| |TF|0|0|0|0|0|210|1|2100|0|0|0|0|0

P|BESL1T|32|BESLA|0|4
S|BESLA|65857500|22310278| |IF|0|0|0|0|0|0|0|0|0|0|0|0|0
S|PA591|65800389|22352167| |TF|0|0|0|0|0|0|1|10000|0|0|0|0|0
S|PA590|65445694|22608306| |TF|0|0|0|0|0|0|0|0|0|0|0|0|0
S|PA570|65389972|22462194| |TF|0|0|0|0|0|210|1|2100|0|0|0|0|0

P|BESL4E|14|BESLA|0|5
S|BESLA|65857500|22310278| |IF|0|0|0|0|0|0|0|0|0|0|0|0|0
S|D003N|65766933|22259547| |TF|0|0|0|0|0|0|0|0|0|0|0|0|0
S| |91000000|181000000| |CI|0|18300|0|0|0|0|0|0|0|0|0|0|0
S|D318L|65709036|21877789|SLU|AF|1|300|1200|31800|0|0|0|0|0|0|0|0|0
S|FI14|65634461|21919167|SLU|CF|0|12700|780|30670|300|0|1|2100|0|0|0|0|0

P|BESL4F|32|BESLA|0|5
S|BESLA|65857500|22310278| |IF|0|0|0|0|0|0|0|0|0|0|0|0|0
S|D003N|65766933|22259547| |TF|0|0|0|0|0|0|0|0|0|0|0|0|0
S| |91000000|181000000| |CI|0|18300|0|0|0|0|0|0|0|0|0|0|0
S|D115L|65425386|22526397|SLU|AF|2|300|1200|11500|0|0|0|0|0|0|0|0|0
S|FI32|65451328|22326606|SLU|CF|0|30700|720|12800|300|0|1|2100|0|0|0|0|0

P|ELBO1E|14|ELBOG|0|5
S|ELBOG|65162778|21514722| |IF|0|0|0|0|0|0|0|0|0|0|0|0|0
S|D205N|65348689|21817278| |TF|0|0|0|0|0|0|1|2500|0|0|0|0|0
S| |91000000|181000000| |CI|0|2500|0|0|0|0|0|0|0|0|0|0|0
S|D296L|65656875|21743500|SLU|AF|2|20500|1200|29600|0|0|0|0|0|0|0|0|0
S|FI14|65634461|21919167|SLU|CF|0|12700|780|30670|300|0|1|2100|0|0|0|0|0

P|ELBO1F|32|ELBOG|0|5
S|ELBOG|65162778|21514722| |IF|0|0|0|0|0|0|0|0|0|0|0|0|0
S|D205N|65348689|21817278| |TF|0|0|0|0|0|0|1|2500|0|0|0|0|0
S| |91000000|181000000| |CI|0|2500|0|0|0|0|0|0|0|0|0|0|0
S|D139L|65369169|22380283|SLU|AF|1|20500|1200|13900|0|0|0|0|0|0|0|0|0
S|FI32|65451328|22326606|SLU|CF|0|30700|720|12800|300|0|1|2100|0|0|0|0|0

P|GOSD1S|14|GOSDI|0|3
S|GOSDI|64988611|21365000| |IF|0|0|0|0|0|0|1|10000|0|0|0|0|0
S|PA921|65638944|21634861| |TF|0|0|0|0|0|0|0|0|0|0|0|0|0
S|PA920|65695361|21782639| |TF|0|0|0|0|0|210|1|2100|0|0|0|0|0

P|GOSD1T|32|GOSDI|0|4
S|GOSDI|64988611|21365000| |IF|0|0|0|0|0|0|1|10000|0|0|0|0|0
S|PA700|65119556|21721083| |TF|0|0|0|0|0|0|1|5000|0|0|0|0|0
S|PA571|65333472|22315056| |TF|0|0|0|0|0|0|0|0|0|0|0|0|0
S|PA570|65389972|22462194| |TF|0|0|0|0|0|210|1|2100|0|0|0|0|0

P|RISE5E|14|RISEM|0|5
S|RISEM|65219167|21242222| |IF|0|0|0|0|0|0|0|0|0|0|0|0|0
S|D220N|65388933|21709458| |TF|0|0|0|0|0|0|1|2500|0|0|0|0|0
S| |91000000|181000000| |CI|0|4000|0|0|0|0|0|0|0|0|0|0|0
S|D296L|65656875|21743500|SLU|AF|2|22000|1200|29600|0|0|0|0|0|0|0|0|0
S|FI14|65634461|21919167|SLU|CF|0|12700|780|30670|300|0|1|2100|0|0|0|0|0

P|RISE5F|32|RISEM|0|5
S|RISEM|65219167|21242222| |IF|0|0|0|0|0|0|0|0|0|0|0|0|0
S|D220N|65388933|21709458| |TF|0|0|0|0|0|0|1|2500|0|0|0|0|0
S| |91000000|181000000| |CI|0|4000|0|0|0|0|0|0|0|0|0|0|0
S|D139L|65369169|22380283|SLU|AF|1|22000|1200|13900|0|0|0|0|0|0|0|0|0
S|FI32|65451328|22326606|SLU|CF|0|30700|720|12800|300|0|1|2100|0|0|0|0|0

P|SONI1S|14|SONIN|0|2
S|SONIN|65981944|21806111| |IF|0|0|0|0|0|0|1|10000|0|0|0|0|0
S|PA920|65695361|21782639| |TF|0|0|0|0|0|210|1|2100|0|0|0|0|0

P|SONI1T|32|SONIN|0|4
S|SONIN|65981944|21806111| |IF|0|0|0|0|0|0|1|10000|0|0|0|0|0
S|PA895|65889583|21947056| |TF|0|0|0|0|0|0|1|5000|0|0|0|0|0
S|PA590|65445694|22608306| |TF|0|0|0|0|0|0|0|0|0|0|0|0|0
S|PA570|65389972|22462194| |TF|0|0|0|0|0|210|1|2100|0|0|0|0|0

P|SONI4T|32|SONIN|0|4
S|SONIN|65981944|21806111| |IF|0|0|0|0|0|0|0|0|0|0|0|0|0
S|SLU|65540222|22134250| |TF|0|0|0|0|0|0|1|2500|0|0|0|0|0
S|D143J|65392117|22315133| |TF|0|0|0|0|0|0|0|0|0|1|0|0|0
S|FI32|65451328|22326606|SLU|CF|1|30700|720|12800|300|0|1|2100|0|0|0|0|0

P|SONI5E|14|SONIN|0|4
S|SONIN|65981944|21806111| |IF|0|0|0|0|0|0|0|0|0|0|0|0|0
S|D333Q|65802419|21940892| |TF|0|0|0|0|0|0|1|2500|0|1|0|0|0
S| |91000000|181000000|SLU|CR|0|18800|0|31300|0|0|0|0|0|0|0|0|0
S|FI14|65634461|21919167|SLU|CF|0|12700|780|30670|300|0|1|2100|0|0|0|0|0

P|TIMO1S|14|TIMOB|0|4
S|TIMOB|65069722|21001389| |IF|0|0|0|0|0|0|1|10000|0|0|0|0|0
S|RISEM|65219167|21242222| |TF|0|0|0|0|0|0|0|0|0|0|0|0|0
S|PA921|65638944|21634861| |TF|0|0|0|0|0|0|0|0|0|0|0|0|0
S|PA920|65695361|21782639| |TF|0|0|0|0|0|210|1|2100|0|0|0|0|0

P|TIMO1T|32|TIMOB|0|4
S|TIMOB|65069722|21001389| |IF|0|0|0|0|0|0|1|10000|0|0|0|0|0
S|PA701|65168806|21484750| |TF|0|0|0|0|0|0|1|5000|0|0|0|0|0
S|PA571|65333472|22315056| |TF|0|0|0|0|0|0|0|0|0|0|0|0|0
S|PA570|65389972|22462194| |TF|0|0|0|0|0|210|1|2100|0|0|0|0|0

