P|ARKE1G|01|ARKEV|0|5
S|ARKEV|3865992|12715094| |IF|0|0|0|0|0|0|0|0|0|0|0|0|0
S|D083O|3755972|11804750| |TF|0|0|0|0|0|0|0|0|0|0|0|0|0
S| |91000000|181000000| |CI|0|26300|0|0|0|0|0|0|0|0|0|0|0
S|D102M|3679486|11768239|NLY|AF|2|8300|1300|10230|0|0|0|0|0|0|0|0|0
S|GATSI|3554222|11689889|NLY|AF|2|10200|1300|14200|0|230|1|4600|0|0|0|0|0

P|ARKE1N|19|ARKEV|0|3
S|ARKEV|3865992|12715094| |IF|0|0|0|0|0|0|0|0|0|0|0|0|0
S|YS607|3919539|12190817| |TF|0|0|0|0|0|0|0|0|0|0|0|0|0
S|NASPA|4005708|11704569| |TF|0|0|0|0|0|230|1|5800|0|0|0|0|0

P|ARKE1T|01|ARKEV|0|4
S|ARKEV|3865992|12715094| |IF|0|0|0|0|0|0|0|0|0|0|0|0|0
S|NASPA|4005708|11704569| |TF|0|0|0|0|0|0|0|0|0|0|0|0|0
S|YS613|3796572|11667897| |TF|0|0|0|0|0|0|0|0|0|0|0|0|0
S|TEDSO|3520092|11619442| |TF|0|0|0|0|0|230|1|4600|0|0|0|0|0

P|ARKE1U|19|ARKEV|0|4
S|ARKEV|3865992|12715094| |IF|0|0|0|0|0|0|0|0|0|0|0|0|0
S|D083T|3766028|11887500| |TF|0|0|0|0|0|0|0|0|0|0|0|0|0
S| |91000000|181000000| |CI|0|26300|0|0|0|0|0|0|0|0|0|0|0
S|ULTEP|3956722|11749444|NLY|AF|1|8300|1800|4000|0|230|1|5800|0|0|0|0|0

P|DESA1G|01|DESAM|0|4
S|DESAM|3475833|12696389| |IF|0|0|0|0|0|0|0|0|0|0|0|0|0
S|D102O|3672361|11800833| |TF|0|0|0|0|0|0|0|0|0|0|0|0|0
S| |91000000|181000000| |CI|0|28200|0|0|0|0|0|0|0|0|0|0|0
S|GATSI|3554222|11689889|NLY|AF|2|10200|1300|14200|0|230|1|4600|0|0|0|0|0

P|DESA1N|19|DESAM|0|3
S|DESAM|3475833|12696389| |IF|0|0|0|0|0|0|0|0|0|0|0|0|0
S|YS607|3919539|12190817| |TF|0|0|0|0|0|0|0|0|0|0|0|0|0
S|NASPA|4005708|11704569| |TF|0|0|0|0|0|230|1|5800|0|0|0|0|0

P|DESA1T|01|DESAM|0|2
S|DESAM|3475833|12696389| |IF|0|0|0|0|0|0|0|0|0|0|0|0|0
S|TEDSO|3520092|11619442| |TF|0|0|0|0|0|230|1|4600|0|0|0|0|0

P|DESA1U|19|DESAM|0|4
S|DESAM|3475833|12696389| |IF|0|0|0|0|0|0|0|0|0|0|0|0|0
S|D102T|3654528|11882278| |TF|0|0|0|0|0|0|0|0|0|0|0|0|0
S| |91000000|181000000| |CI|0|28200|0|0|0|0|0|0|0|0|0|0|0
S|ULTEP|3956722|11749444|NLY|AF|1|10200|1800|4000|0|230|1|5800|0|0|0|0|0

P|ERKU1E|19|ERKUT|0|4
S|ERKUT|2911389|11014722| |IF|0|0|0|0|0|0|0|0|0|0|0|0|0
S|D214T|3447361|11371139| |TF|0|0|0|0|0|0|0|0|0|0|0|0|0
S| |91000000|181000000| |CI|0|3400|0|0|0|0|0|0|0|0|0|0|0
S|ERMES|3849278|11282694|NLY|AF|2|21400|1800|29420|0|230|1|5800|0|0|0|0|0

P|ERKU1K|01|ERKUT|0|4
S|ERKUT|2911389|11014722| |IF|0|0|0|0|0|0|0|0|0|0|0|0|0
S|D214O|3516972|11417472| |TF|0|0|0|0|0|0|0|0|0|0|0|0|0
S| |91000000|181000000| |CI|0|3400|0|0|0|0|0|0|0|0|0|0|0
S|KESOB|3514556|11504056|NLY|AF|1|21400|1300|19400|0|230|1|4600|0|0|0|0|0

P|ERKU1S|01|ERKUT|0|3
S|ERKUT|2911389|11014722| |IF|0|0|0|0|0|0|0|0|0|0|0|0|0
S|YS611|3310186|11481156| |TF|0|0|0|0|0|0|0|0|0|0|0|0|0
S|SEMOV|3537508|11520947| |TF|0|0|0|0|0|230|1|4600|0|0|0|0|0

P|ERKU1T|19|ERKUT|0|2
S|ERKUT|2911389|11014722| |IF|0|0|0|0|0|0|0|0|0|0|0|0|0
S|TIVEB|4052153|11441764| |TF|0|0|0|0|0|230|1|5800|0|0|0|0|0

P|GUKA1E|19|GUKAV|0|3
S|GUKAV|4058969|10817064| |IF|0|0|0|0|0|0|0|0|0|0|0|0|0
S|D294T|3862972|11252278| |TF|0|0|0|0|0|0|0|0|0|0|0|0|0
S|ERMES|3849278|11282694| |TF|0|0|0|0|0|230|1|5800|0|0|0|0|0

P|GUKA1L|01|GUKAV|0|4
S|GUKAV|4058969|10817064| |IF|0|0|0|0|0|0|0|0|0|0|0|0|0
S|D294O|3828694|11328333| |TF|0|0|0|0|0|0|0|0|0|0|0|0|0
S| |91000000|181000000| |CI|0|11400|0|0|0|0|0|0|0|0|0|0|0
S|LIGEB|3623556|11365139|NLY|AF|1|29400|1300|24200|0|230|1|5600|0|0|0|0|0

P|GUKA1M|01|GUKAV|0|4
S|GUKAV|4058969|10817064| |IF|0|0|0|0|0|0|0|0|0|0|0|0|0
S|YS609|4030767|11439417| |TF|0|0|0|0|0|0|0|0|0|0|0|0|0
S|YS612|3931847|11421803| |TF|0|0|0|0|0|0|1|16000|0|0|0|0|0
S|MOKPI|3566511|11356778| |TF|0|0|0|0|0|230|1|5600|0|0|0|0|0

P|GUKA1T|19|GUKAV|0|2
S|GUKAV|4058969|10817064| |IF|0|0|0|0|0|0|0|0|0|0|0|0|0
S|TIVEB|4052153|11441764| |TF|0|0|0|0|0|230|1|5800|0|0|0|0|0

P|ODRO1G|19|ODROL|0|2
S|ODROL|4843333|11909444| |IF|0|0|0|0|0|0|0|0|0|0|0|0|0
S|GAPSU|4023136|11606019| |TF|0|0|0|0|0|230|1|5800|0|0|0|0|0

P|ODRO1T|01|ODROL|0|4
S|ODROL|4843333|11909444| |IF|0|0|0|0|0|0|0|0|0|0|0|0|0
S|NASPA|4005708|11704569| |TF|0|0|0|0|0|0|0|0|0|0|0|0|0
S|YS613|3796572|11667897| |TF|0|0|0|0|0|0|0|0|0|0|0|0|0
S|TEDSO|3520092|11619442| |TF|0|0|0|0|0|230|1|4600|0|0|0|0|0

P|ODRO1X|01|ODROL|0|6
S|ODROL|4843333|11909444| |IF|0|0|0|0|0|0|0|0|0|0|0|0|0
S|D018O|3965278|11632028| |TF|0|0|0|0|0|0|0|0|0|0|0|0|0
S| |91000000|181000000| |CI|0|19800|0|0|0|0|0|0|0|0|0|0|0
S|D083M|3751958|11771639|NLY|AF|2|1800|1300|8310|0|0|0|0|0|0|0|0|0
S|D102M|3679486|11768239|NLY|AF|2|8300|1300|10230|0|0|0|0|0|0|0|0|0
S|GATSI|3554222|11689889|NLY|AF|2|10200|1300|14200|0|230|1|4600|0|0|0|0|0

P|ODRO3A|19|ODROL|0|3
S|ODROL|4843333|11909444| |IF|0|0|0|0|0|0|0|0|0|0|0|0|0
S|D018X|4108972|11677389| |TF|0|0|0|0|0|0|0|0|0|0|0|0|0
S|GAPSU|4023136|11606019| |TF|0|0|0|0|0|230|1|5800|0|0|0|0|0

P|TAPE1K|01|TAPEK|0|4
S|TAPEK|2602778|11951389| |IF|0|0|0|0|0|0|0|0|0|0|0|0|0
S|D161O|3488944|11639833| |TF|0|0|0|0|0|0|0|0|0|0|0|0|0
S| |91000000|181000000| |CI|0|34100|0|0|0|0|0|0|0|0|0|0|0
S|KESOB|3514556|11504056|NLY|AF|2|16100|1300|19400|0|230|1|4600|0|0|0|0|0

P|TAPE1N|19|TAPEK|0|2
S|TAPEK|2602778|11951389| |IF|0|0|0|0|0|0|0|0|0|0|0|0|0
S|NASPA|4005708|11704569| |TF|0|0|0|0|0|230|1|5800|0|0|0|0|0

P|TAPE1S|01|TAPEK|0|3
S|TAPEK|2602778|11951389| |IF|0|0|0|0|0|0|0|0|0|0|0|0|0
S|YS611|3310186|11481156| |TF|0|0|0|0|0|0|0|0|0|0|0|0|0
S|SEMOV|3537508|11520947| |TF|0|0|0|0|0|230|1|4600|0|0|0|0|0

P|TAPE1U|19|TAPEK|0|4
S|TAPEK|2602778|11951389| |IF|0|0|0|0|0|0|0|0|0|0|0|0|0
S|D161T|3410000|11667611| |TF|0|0|0|0|0|0|0|0|0|0|0|0|0
S| |91000000|181000000| |CI|0|34100|0|0|0|0|0|0|0|0|0|0|0
S|ULTEP|3956722|11749444|NLY|AF|1|16100|1800|4000|0|230|1|5800|0|0|0|0|0

P|UBOS1G|19|UBOSU|0|2
S|UBOSU|4806667|11103889| |IF|0|0|0|0|0|0|0|0|0|0|0|0|0
S|GAPSU|4023136|11606019| |TF|0|0|0|0|0|230|1|5800|0|0|0|0|0

P|UBOS1L|01|UBOSU|0|7
S|UBOSU|4806667|11103889| |IF|0|0|0|0|0|0|0|0|0|0|0|0|0
S|D337U|4050058|11420847| |TF|0|0|0|0|0|0|0|0|0|0|0|0|0
S| |91000000|181000000| |CI|0|15700|0|0|0|0|0|0|0|0|0|0|0
S|D300R|3876500|11296536|NLY|AF|1|33700|1800|30000|0|0|0|0|0|0|0|0|0
S|D294O|3828694|11328333|NLY|CF|0|11400|1500|29420|300|0|0|0|0|0|0|0|0
S| |91000000|181000000| |CI|0|11400|0|0|0|0|0|0|0|0|0|0|0
S|LIGEB|3623556|11365139|NLY|AF|1|29400|1300|24200|0|230|1|5600|0|0|0|0|0

P|UBOS1M|01|UBOSU|0|4
S|UBOSU|4806667|11103889| |IF|0|0|0|0|0|0|0|0|0|0|0|0|0
S|YS609|4030767|11439417| |TF|0|0|0|0|0|0|0|0|0|0|0|0|0
S|YS612|3931847|11421803| |TF|0|0|0|0|0|0|1|16000|0|0|0|0|0
S|MOKPI|3566511|11356778| |TF|0|0|0|0|0|230|1|5600|0|0|0|0|0

P|UBOS3A|19|UBOSU|0|4
S|UBOSU|4806667|11103889| |IF|0|0|0|0|0|0|0|0|0|0|0|0|0
S|D337T|4034611|11427306| |TF|0|0|0|0|0|0|0|0|0|0|0|0|0
S| |91000000|181000000| |CI|0|15700|0|0|0|0|0|0|0|0|0|0|0
S|GAPSU|4023136|11606019|NLY|AF|2|33700|1800|950|0|230|1|5800|0|0|0|0|0

