P|APGI1A|10|APGIS|0|2
S|APGIS|-17236667|25186667| |IF|0|0|0|0|0|0|1|14000|0|0|0|0|0
S|APKIM|-17720583|25642083| |TF|0|0|0|0|0|0|1|6300|0|0|0|0|0

P|AXOS1A|10|AXOSO|0|3
S|AXOSO|-17990000|26043333| |IF|0|0|0|0|0|0|1|12000|0|0|0|0|0
S|UMTUX|-18070306|25765000| |TF|0|0|0|0|0|0|1|9500|0|0|0|0|0
S|EGSUS|-17897667|25628750| |TF|0|0|0|0|0|0|1|6300|0|0|0|0|0

P|AXOS1B|28|AXOSO|0|2
S|AXOSO|-17990000|26043333| |IF|0|0|0|0|0|0|1|7500|0|0|0|0|0
S|AVIDU|-17921667|26008194| |TF|0|0|0|0|0|0|1|6300|0|0|0|0|0

P|EXOB1A|10|EXOBO|0|2
S|EXOBO|-18152503|25434083| |IF|0|0|0|0|0|0|1|10000|0|0|0|0|0
S|ATUSO|-17802722|25543000| |TF|0|0|0|0|0|0|1|6300|0|0|0|0|0

P|EXOB1B|28|EXOBO|0|3
S|EXOBO|-18152503|25434083| |IF|0|0|0|0|0|0|1|13500|0|0|0|0|0
S|UMTUX|-18070306|25765000| |TF|0|0|0|0|0|0|0|0|0|0|0|0|0
S|AVIDU|-17921667|26008194| |TF|0|0|0|0|0|0|1|6300|0|0|0|0|0

P|IBNI1A|10|IBNIR|0|3
S|IBNIR|-17232778|26448056| |IF|0|0|0|0|0|0|1|18000|0|0|0|0|0
S|EGVOK|-17666667|25976667| |TF|0|0|0|0|0|0|0|0|0|0|0|0|0
S|APKIM|-17720583|25642083| |TF|0|0|0|0|0|0|1|6300|0|0|0|0|0

P|IBNI1B|28|IBNIR|0|2
S|IBNIR|-17232778|26448056| |IF|0|0|0|0|0|0|1|14500|0|0|0|0|0
S|APKOM|-17839639|26090861| |TF|0|0|0|0|0|0|1|6300|0|0|0|0|0

P|UMTU1A|10|UMTUX|0|2
S|UMTUX|-18070306|25765000| |IF|0|0|0|0|0|0|1|9500|0|0|0|0|0
S|EGSUS|-17897667|25628750| |TF|0|0|0|0|0|0|1|6300|0|0|0|0|0

P|XORI1B|28|XORIN|0|2
S|XORIN|-17466667|24366667| |IF|0|0|0|0|0|0|1|24500|0|0|0|0|0
S|APKER|-17747417|26020889| |TF|0|0|0|0|0|0|1|6300|0|0|0|0|0

