P|AXEB1A|09|AXEBO|0|5
S|AXEBO|-13529444|32827500| |IF|0|0|0|0|0|0|1|9000|0|0|0|0|0
S|ADMIS|-13381111|32320833| |TF|0|0|0|0|0|0|0|0|0|0|0|0|0
S|UVLOT|-13349111|32027139| |TF|0|0|0|0|0|0|0|0|0|0|0|0|0
S|OKLUT|-13359667|31942333| |TF|0|0|0|0|0|0|1|9000|0|0|0|0|0
S|XAKDA|-13383306|31752028| |TF|0|0|0|0|0|0|1|5500|0|0|0|0|0

P|AXEB1B|27|AXEBO|0|3
S|AXEBO|-13529444|32827500| |IF|0|0|0|0|0|0|1|7500|0|0|0|0|0
S|NERAL|-13331722|32447056| |TF|0|0|0|0|0|0|1|6500|0|0|0|0|0
S|ANVOD|-13221222|32235278| |TF|0|0|0|0|0|0|1|5500|0|0|0|0|0

P|IBSO1A|27|IBSOR|0|4
S|IBSOR|-13040333|30817417| |IF|0|0|0|0|0|0|1|21500|0|0|0|0|0
S|XAGUV|-13118028|31202111| |TF|0|0|0|0|0|0|0|0|0|0|0|0|0
S|IMSAG|-13131861|31961694| |TF|0|0|0|0|0|0|1|7500|0|0|0|0|0
S|OKPAV|-13134472|32120500| |TF|0|0|0|0|0|0|1|5500|0|0|0|0|0

P|TEVA1A|09|TEVAS|0|4
S|TEVAS|-14371667|32058333| |IF|0|0|0|0|0|0|1|7500|0|0|0|0|0
S|UVEVO|-14039806|31837750| |TF|0|0|0|0|0|0|0|0|0|0|0|0|0
S|XUBIK|-13628861|31784028| |TF|0|0|0|0|0|0|2|10000|0|0|0|0|0
S|XAKDA|-13383306|31752028| |TF|0|0|0|0|0|0|1|5500|0|0|0|0|0

P|TEVA1B|27|TEVAS|0|4
S|TEVAS|-14371667|32058333| |IF|0|0|0|0|0|0|1|7500|0|0|0|0|0
S|UVMEB|-13891972|32220528| |TF|0|0|0|0|0|0|0|0|0|0|0|0|0
S|UTOSU|-13519500|32171250| |TF|0|0|0|0|0|0|1|6000|0|0|0|0|0
S|DULRU|-13333722|32146750| |TF|0|0|0|0|0|0|1|5500|0|0|0|0|0

P|UDLE1A|27|UDLED|0|3
S|UDLED|-12335139|32556194| |IF|0|0|0|0|0|0|1|16500|0|0|0|0|0
S|UNBET|-12700750|32433278| |TF|0|0|0|0|0|0|0|0|0|0|0|0|0
S|OKPAV|-13134472|32120500| |TF|0|0|0|0|0|0|1|5500|0|0|0|0|0

P|UTSI1A|09|UTSIG|0|4
S|UTSIG|-13185278|30917222| |IF|0|0|0|0|0|0|1|7500|0|0|0|0|0
S|NIGOB|-13238083|31257806| |TF|0|0|0|0|0|0|1|7000|0|0|0|0|0
S|UDKUG|-13264139|31427167| |TF|0|0|0|0|0|0|0|0|0|0|0|0|0
S|UDNIB|-13296333|31637333| |TF|0|0|0|0|0|0|1|5500|0|0|0|0|0

P|UVKE1A|09|UVKEM|0|3
S|UVKEM|-12354639|32386611| |IF|0|0|0|0|0|0|1|18500|0|0|0|0|0
S|IMLOD|-13043444|31838444| |TF|0|0|0|0|0|0|0|0|0|0|0|0|0
S|UVMEL|-13184028|31726083| |TF|0|0|0|0|0|0|1|5500|0|0|0|0|0

P|XOSO1A|09|XOSOM|0|3
S|XOSOM|-13689694|30648333| |IF|0|0|0|0|0|0|1|18500|0|0|0|0|0
S|UVBOL|-13419056|31077444| |TF|0|0|0|0|0|0|1|6500|0|0|0|0|0
S|UDNIB|-13296333|31637333| |TF|0|0|0|0|0|0|1|5500|0|0|0|0|0

P|XOSO1B|27|XOSOM|0|4
S|XOSOM|-13689694|30648333| |IF|0|0|0|0|0|0|1|24500|0|0|0|0|0
S|XASGA|-13567833|31166056| |TF|0|0|0|0|0|0|0|0|0|0|0|0|0
S|NIDUP|-13370583|31993472| |TF|0|0|0|0|0|0|1|7500|0|0|0|0|0
S|DULRU|-13333722|32146750| |TF|0|0|0|0|0|0|1|5500|0|0|0|0|0

