P|ERDI1B|30|ERDIL|0|2
S|ERDIL|-19513333|34230000| |IF|0|0|0|0|0|0|0|0|0|0|0|0|0
S|APREK|-19750000|35133333| |TF|0|0|0|0|0|0|0|0|0|0|0|0|0

P|ETBE1A|12|ETBER|0|2
S|ETBER|-20143333|35690000| |IF|0|0|0|0|0|0|0|0|0|0|0|0|0
S|AXISA|-19941667|35080000| |TF|0|0|0|0|0|0|0|0|0|0|0|0|0

P|ETBE1B|30|ETBER|0|2
S|ETBER|-20143333|35690000| |IF|0|0|0|0|0|0|0|0|0|0|0|0|0
S|EVOBA|-19871667|35210000| |TF|0|0|0|0|0|0|0|0|0|0|0|0|0

P|ETLA1A|12|ETLAM|0|2
S|ETLAM|-20970000|34438333| |IF|0|0|0|0|0|0|0|0|0|0|0|0|0
S|AVUNU|-19841667|34681667| |TF|0|0|0|0|0|0|0|0|0|0|0|0|0

P|ETLA1B|30|ETLAM|0|2
S|ETLAM|-20970000|34438333| |IF|0|0|0|0|0|0|0|0|0|0|0|0|0
S|AXISA|-19941667|35080000| |TF|0|0|0|0|0|0|0|0|0|0|0|0|0

P|IBMO1A|12|IBMOG|0|3
S|IBMOG|-19210000|33696667| |IF|0|0|0|0|0|0|0|0|0|0|0|0|0
S|ERDIL|-19513333|34230000| |TF|0|0|0|0|0|0|0|0|0|0|0|0|0
S|ERDET|-19720000|34606389| |TF|0|0|0|0|0|0|0|0|0|0|0|0|0

P|IBMO1B|30|IBMOG|0|3
S|IBMOG|-19210000|33696667| |IF|0|0|0|0|0|0|0|0|0|0|0|0|0
S|ERDIL|-19513333|34230000| |TF|0|0|0|0|0|0|0|0|0|0|0|0|0
S|APREK|-19750000|35133333| |TF|0|0|0|0|0|0|0|0|0|0|0|0|0

P|NESE1A|12|NESEG|0|2
S|NESEG|-18886667|35793333| |IF|0|0|0|0|0|0|0|0|0|0|0|0|0
S|EXADU|-19648333|34736667| |TF|0|0|0|0|0|0|0|0|0|0|0|0|0

P|NESE1B|30|NESEG|0|2
S|NESEG|-18886667|35793333| |IF|0|0|0|0|0|0|0|0|0|0|0|0|0
S|APREK|-19750000|35133333| |TF|0|0|0|0|0|0|0|0|0|0|0|0|0

P|NETA1A|12|NETAN|0|2
S|NETAN|-18596667|35293333| |IF|0|0|0|0|0|0|0|0|0|0|0|0|0
S|EXADU|-19648333|34736667| |TF|0|0|0|0|0|0|0|0|0|0|0|0|0

P|NETA1B|30|NETAN|0|2
S|NETAN|-18596667|35293333| |IF|0|0|0|0|0|0|0|0|0|0|0|0|0
S|APREK|-19750000|35133333| |TF|0|0|0|0|0|0|0|0|0|0|0|0|0

P|NIBA1A|12|NIBAD|0|3
S|NIBAD|-18593333|34463333| |IF|0|0|0|0|0|0|0|0|0|0|0|0|0
S|EPNIV|-19208333|34623333| |TF|0|0|0|0|0|0|0|0|0|0|0|0|0
S|EXADU|-19648333|34736667| |TF|0|0|0|0|0|0|0|0|0|0|0|0|0

P|NIBA1B|30|NIBAD|0|3
S|NIBAD|-18593333|34463333| |IF|0|0|0|0|0|0|0|0|0|0|0|0|0
S|EPNIV|-19208333|34623333| |TF|0|0|0|0|0|0|0|0|0|0|0|0|0
S|APREK|-19750000|35133333| |TF|0|0|0|0|0|0|0|0|0|0|0|0|0

P|UDKA1A|12|UDKAT|0|2
S|UDKAT|-21205000|35140000| |IF|0|0|0|0|0|0|0|0|0|0|0|0|0
S|AVUNU|-19841667|34681667| |TF|0|0|0|0|0|0|0|0|0|0|0|0|0

P|UDKA1B|30|UDKAT|0|2
S|UDKAT|-21205000|35140000| |IF|0|0|0|0|0|0|0|0|0|0|0|0|0
S|AXISA|-19941667|35080000| |TF|0|0|0|0|0|0|0|0|0|0|0|0|0

