P|KAVA1A|10|KAVAL|0|3
S|KAVAL|-15538056|33970000| |IF|0|0|0|0|0|0|0|0|0|0|0|0|0
S|UVDAR|-15651333|34565000| |TF|0|0|0|0|0|0|0|0|0|0|0|0|0
S|UVKOK|-15645297|34666786| |TF|0|0|0|0|0|0|0|0|0|0|0|0|0

P|KAVA1B|28|KAVAL|0|4
S|KAVAL|-15538056|33970000| |IF|0|0|0|0|0|0|0|0|0|0|0|0|0
S|XUBOS|-15383300|34742569| |TF|0|0|0|0|0|0|0|0|0|0|0|0|0
S|XOTEX|-15386592|35100064| |TF|0|0|0|0|0|0|0|0|0|0|0|0|0
S|EGLOD|-15571192|35158875| |TF|0|0|0|0|0|0|0|0|0|0|0|0|0

P|LABL1A|10|LABLO|0|3
S|LABLO|-15959722|34108333| |IF|0|0|0|0|0|0|0|0|0|0|0|0|0
S|UVDAR|-15651333|34565000| |TF|0|0|0|0|0|0|0|0|0|0|0|0|0
S|UVKOK|-15645297|34666786| |TF|0|0|0|0|0|0|0|0|0|0|0|0|0

P|LABL1B|28|LABLO|0|5
S|LABLO|-15959722|34108333| |IF|0|0|0|0|0|0|0|0|0|0|0|0|0
S|UVDAR|-15651333|34565000| |TF|0|0|0|0|0|0|0|0|0|0|0|0|0
S|XUBOS|-15383300|34742569| |TF|0|0|0|0|0|0|0|0|0|0|0|0|0
S|XOTEX|-15386592|35100064| |TF|0|0|0|0|0|0|0|0|0|0|0|0|0
S|EGLOD|-15571192|35158875| |TF|0|0|0|0|0|0|0|0|0|0|0|0|0

P|MELN1A|10|MELNA|0|3
S|MELNA|-15864722|35756667| |IF|0|0|0|0|0|0|0|0|0|0|0|0|0
S|UVGAS|-16006267|34979486| |TF|0|0|0|0|0|0|0|0|0|0|0|0|0
S|UVKEP|-15756431|34758056| |TF|0|0|0|0|0|0|0|0|0|0|0|0|0

P|OKMA1A|10|OKMAT|0|3
S|OKMAT|-16304722|34340000| |IF|0|0|0|0|0|0|0|0|0|0|0|0|0
S|XADOT|-15792989|34583400| |TF|0|0|0|0|0|0|0|0|0|0|0|0|0
S|UVKOK|-15645297|34666786| |TF|0|0|0|0|0|0|0|0|0|0|0|0|0

P|OKMA1B|10|OKMAT|0|3
S|OKMAT|-16304722|34340000| |IF|0|0|0|0|0|0|0|0|0|0|0|0|0
S|XARPO|-15937653|34683450| |TF|0|0|0|0|0|0|0|0|0|0|0|0|0
S|UVKEP|-15756431|34758056| |TF|0|0|0|0|0|0|0|0|0|0|0|0|0

P|OKMA1C|28|OKMAT|0|5
S|OKMAT|-16304722|34340000| |IF|0|0|0|0|0|0|0|0|0|0|0|0|0
S|XADOT|-15792989|34583400| |TF|0|0|0|0|0|0|0|0|0|0|0|0|0
S|XUBOS|-15383300|34742569| |TF|0|0|0|0|0|0|0|0|0|0|0|0|0
S|XOTEX|-15386592|35100064| |TF|0|0|0|0|0|0|0|0|0|0|0|0|0
S|EGLOD|-15571192|35158875| |TF|0|0|0|0|0|0|0|0|0|0|0|0|0

P|TETE1A|10|TETEM|0|3
S|TETEM|-14717222|34344444| |IF|0|0|0|0|0|0|0|0|0|0|0|0|0
S|XUBOS|-15383300|34742569| |TF|0|0|0|0|0|0|0|0|0|0|0|0|0
S|UVMAG|-15556878|34781453| |TF|0|0|0|0|0|0|0|0|0|0|0|0|0

P|TETE1B|28|TETEM|0|4
S|TETEM|-14717222|34344444| |IF|0|0|0|0|0|0|0|0|0|0|0|0|0
S|XUBOS|-15383300|34742569| |TF|0|0|0|0|0|0|0|0|0|0|0|0|0
S|XOTEX|-15386592|35100064| |TF|0|0|0|0|0|0|0|0|0|0|0|0|0
S|EGLOD|-15571192|35158875| |TF|0|0|0|0|0|0|0|0|0|0|0|0|0

P|UVBA1A|10|UVBAL|0|3
S|UVBAL|-15200294|34153931| |IF|0|0|0|0|0|0|0|0|0|0|0|0|0
S|UVDAR|-15651333|34565000| |TF|0|0|0|0|0|0|0|0|0|0|0|0|0
S|UVKOK|-15645297|34666786| |TF|0|0|0|0|0|0|0|0|0|0|0|0|0

P|UVBA1B|28|UVBAL|0|4
S|UVBAL|-15200294|34153931| |IF|0|0|0|0|0|0|0|0|0|0|0|0|0
S|XUBOS|-15383300|34742569| |TF|0|0|0|0|0|0|0|0|0|0|0|0|0
S|XOTEX|-15386592|35100064| |TF|0|0|0|0|0|0|0|0|0|0|0|0|0
S|EGLOD|-15571192|35158875| |TF|0|0|0|0|0|0|0|0|0|0|0|0|0

