P|EDUS1A|16|EDUSA|0|3
S|EDUSA|-6083333|24350000| |IF|0|0|0|0|0|0|0|0|0|0|0|0|0
S|D090L|-6109044|23765908| |TF|0|0|0|0|0|0|1|5000|0|1|0|0|0
S|PIPVI|-6110278|23732500| |TF|0|0|0|0|0|0|0|0|0|0|0|0|0

P|EDUS1B|34|EDUSA|0|3
S|EDUSA|-6083333|24350000| |IF|0|0|0|0|0|0|0|0|0|0|0|0|0
S|D090L|-6109044|23765908| |TF|0|0|0|0|0|0|0|0|0|1|0|0|0
S|PIPVI|-6110278|23732500| |TF|0|0|0|0|0|0|0|0|0|0|0|0|0

P|GARV1A|16|GARVO|0|5
S|GARVO|-5041667|23485000| |IF|0|0|0|0|0|0|0|0|0|0|0|0|0
S|D356L|-5917322|23550344| |TF|0|0|0|0|0|0|1|5000|0|1|0|0|0
S| |91000000|181000000| |CI|0|17600|0|0|0|0|0|0|0|0|0|0|0
S|EDLOB|-5955925|23522169|MBY|AF|1|35600|1000|34610|0|0|0|0|0|0|0|0|0
S|CD16N|-5988314|23530683|MBY|CF|0|16600|800|34600|200|0|0|0|0|0|0|0|0

P|GARV1B|34|GARVO|0|2
S|GARVO|-5041667|23485000| |IF|0|0|0|0|0|0|0|0|0|0|0|0|0
S|MBY|-6117725|23565300| |TF|0|0|0|0|0|0|0|0|0|0|0|0|0

P|INAD1A|16|INADO|0|5
S|INADO|-5440000|24060000| |IF|0|0|0|0|0|0|0|0|0|0|0|0|0
S|D036L|-5955531|23683847| |TF|0|0|0|0|0|0|1|5000|0|1|0|0|0
S| |91000000|181000000| |CI|0|21600|0|0|0|0|0|0|0|0|0|0|0
S|EDLOB|-5955925|23522169|MBY|AF|1|3600|1000|34610|0|0|0|0|0|0|0|0|0
S|CD16N|-5988314|23530683|MBY|CF|0|16600|800|34600|200|0|0|0|0|0|0|0|0

P|INAD1B|34|INADO|0|2
S|INADO|-5440000|24060000| |IF|0|0|0|0|0|0|0|0|0|0|0|0|0
S|MBY|-6117725|23565300| |TF|0|0|0|0|0|0|0|0|0|0|0|0|0

P|KGI1A|16|KGI|0|6
S|KGI|495867|25317700| |IF|0|0|0|0|0|0|0|0|0|0|0|0|0
S|TMA|-5308392|23779797| |TF|0|0|0|0|0|0|0|0|0|0|0|0|0
S|D015L|-5923483|23616853| |TF|0|0|0|0|0|0|1|5000|0|1|0|0|0
S| |91000000|181000000| |CI|0|19500|0|0|0|0|0|0|0|0|0|0|0
S|EDLOB|-5955925|23522169|MBY|AF|1|1500|1000|34610|0|0|0|0|0|0|0|0|0
S|CD16N|-5988314|23530683|MBY|CF|0|16600|800|34600|200|0|0|0|0|0|0|0|0

P|KGI1B|34|KGI|0|3
S|KGI|495867|25317700| |IF|0|0|0|0|0|0|0|0|0|0|0|0|0
S|TMA|-5308392|23779797| |TF|0|0|0|0|0|0|0|0|0|0|0|0|0
S|MBY|-6117725|23565300| |TF|0|0|0|0|0|0|0|0|0|0|0|0|0

P|KNG1A|16|KNG|0|4
S|KNG|-5898747|22476853| |IF|0|0|0|0|0|0|0|0|0|0|0|0|0
S|TERAN|-6003831|22984636| |TF|0|0|0|0|0|0|0|0|0|0|0|0|0
S|D283L|-6079753|23368167| |TF|0|0|0|0|0|0|1|5000|0|1|0|0|0
S|IPIDI|-6086089|23401022| |TF|0|0|0|0|0|0|0|0|0|0|0|0|0

P|KNG1B|34|KNG|0|4
S|KNG|-5898747|22476853| |IF|0|0|0|0|0|0|0|0|0|0|0|0|0
S|TERAN|-6003831|22984636| |TF|0|0|0|0|0|0|0|0|0|0|0|0|0
S|D283L|-6079753|23368167| |TF|0|0|0|0|0|0|0|0|0|1|0|0|0
S|IPIDI|-6086089|23401022| |TF|0|0|0|0|0|0|0|0|0|0|0|0|0

P|ONTU1A|16|ONTUV|0|2
S|ONTUV|-6810000|24028333| |IF|0|0|0|0|0|0|0|0|0|0|0|0|0
S|MBY|-6117725|23565300| |TF|0|0|0|0|0|0|0|0|0|0|0|0|0

P|ONTU1B|34|ONTUV|0|5
S|ONTUV|-6810000|24028333| |IF|0|0|0|0|0|0|0|0|0|0|0|0|0
S|D148L|-6284797|23668586| |TF|0|0|0|0|0|0|1|5000|0|1|0|0|0
S| |91000000|181000000| |CI|0|32800|0|0|0|0|0|0|0|0|0|0|0
S|KIBGU|-6270775|23633333|MBY|AF|2|14800|1000|15700|0|0|0|0|0|0|0|0|0
S|CD34N|-6240117|23619775|MBY|CF|0|33700|800|15700|200|0|0|0|0|0|0|0|0

