P|AMLE1A|12|AMLEB|0|2
S|AMLEB|9157778|-13216389| |IF|0|0|0|0|0|0|0|0|0|0|0|0|0
S|DBULL|8761978|-13357053| |TF|0|0|0|0|0|240|1|2500|0|0|0|0|0

P|AMLE1B|30|AMLEB|0|2
S|AMLEB|9157778|-13216389| |IF|0|0|0|0|0|0|0|0|0|0|0|0|0
S|MATEN|8647097|-12980364| |TF|0|0|0|0|0|240|1|2500|0|0|0|0|0

P|BILO1A|12|BILOB|0|3
S|BILOB|8350000|-12429444| |IF|0|0|0|0|0|0|0|0|0|0|0|0|0
S|LL420|8687117|-12968017| |TF|0|0|0|0|0|0|1|5000|0|0|0|0|0
S|DBULL|8761978|-13357053| |TF|0|0|0|0|0|240|1|2500|0|0|0|0|0

P|BILO1B|30|BILOB|0|2
S|BILOB|8350000|-12429444| |IF|0|0|0|0|0|0|0|0|0|0|0|0|0
S|KANNU|8532017|-12919078| |TF|0|0|0|0|0|240|1|2500|0|0|0|0|0

P|BIRE1A|12|BIREL|0|2
S|BIREL|9066667|-13383333| |IF|0|0|0|0|0|0|0|0|0|0|0|0|0
S|DBULL|8761978|-13357053| |TF|0|0|0|0|0|240|1|2500|0|0|0|0|0

P|BIRE1B|30|BIREL|0|2
S|BIREL|9066667|-13383333| |IF|0|0|0|0|0|0|0|0|0|0|0|0|0
S|MATEN|8647097|-12980364| |TF|0|0|0|0|0|240|1|2500|0|0|0|0|0

P|LIPO1A|12|LIPOG|0|2
S|LIPOG|9350000|-14683333| |IF|0|0|0|0|0|0|0|0|0|0|0|0|0
S|BANCO|8700839|-13472644| |TF|0|0|0|0|0|240|1|2500|0|0|0|0|0

P|LIPO1B|30|LIPOG|0|3
S|LIPOG|9350000|-14683333| |IF|0|0|0|0|0|0|0|0|0|0|0|0|0
S|LL520|8802008|-13344739| |TF|0|0|0|0|0|0|1|5000|0|0|0|0|0
S|MATEN|8647097|-12980364| |TF|0|0|0|0|0|240|1|2500|0|0|0|0|0

P|MATU1A|12|MATRU|0|3
S|MATRU|7666667|-12066667| |IF|0|0|0|0|0|0|0|0|0|0|0|0|0
S|LL420|8687117|-12968017| |TF|0|0|0|0|0|0|1|5000|0|0|0|0|0
S|DBULL|8761978|-13357053| |TF|0|0|0|0|0|240|1|2500|0|0|0|0|0

P|MATU1B|30|MATRU|0|3
S|MATRU|7666667|-12066667| |IF|0|0|0|0|0|0|0|0|0|0|0|0|0
S|LL522|8173739|-12565494| |TF|0|0|0|0|0|0|0|0|0|0|0|0|0
S|KANNU|8532017|-12919078| |TF|0|0|0|0|0|240|1|2500|0|0|0|0|0

P|OVLA1A|12|OVLAG|0|2
S|OVLAG|9068056|-12586111| |IF|0|0|0|0|0|0|0|0|0|0|0|0|0
S|DBULL|8761978|-13357053| |TF|0|0|0|0|0|240|1|2500|0|0|0|0|0

P|OVLA1B|30|OVLAG|0|2
S|OVLAG|9068056|-12586111| |IF|0|0|0|0|0|0|0|0|0|0|0|0|0
S|MATEN|8647097|-12980364| |TF|0|0|0|0|0|240|1|2500|0|0|0|0|0

