P|AMDE1F|01|BULVO|0|4
S|BULVO|14041111|-24503333| |IF|0|0|0|0|0|0|0|0|0|0|0|0|0
S|AMDER|15591978|-23324636| |TF|0|0|0|0|0|0|0|0|0|0|0|0|0
S|AMDER|15591978|-23324636| |IF|0|0|0|0|0|0|0|0|0|0|0|0|0
S|GUSAN|16446667|-22946944| |TF|0|0|0|0|0|230|1|2500|0|0|0|0|0

P|AMDE1F|01|ODMEN|0|4
S|ODMEN|13898333|-24342778| |IF|0|0|0|0|0|0|0|0|0|0|0|0|0
S|AMDER|15591978|-23324636| |TF|0|0|0|0|0|0|0|0|0|0|0|0|0
S|AMDER|15591978|-23324636| |IF|0|0|0|0|0|0|0|0|0|0|0|0|0
S|GUSAN|16446667|-22946944| |TF|0|0|0|0|0|230|1|2500|0|0|0|0|0

P|AMDE1F|01|SNT|0|4
S|SNT|14939094|-23482122| |IF|0|0|0|0|0|0|0|0|0|0|0|0|0
S|AMDER|15591978|-23324636| |TF|0|0|0|0|0|0|0|0|0|0|0|0|0
S|AMDER|15591978|-23324636| |IF|0|0|0|0|0|0|0|0|0|0|0|0|0
S|GUSAN|16446667|-22946944| |TF|0|0|0|0|0|230|1|2500|0|0|0|0|0

P|AMDE1G|19|BULVO|0|6
S|BULVO|14041111|-24503333| |IF|0|0|0|0|0|0|0|0|0|0|0|0|0
S|AMDER|15591978|-23324636| |TF|0|0|0|0|0|0|0|0|0|0|0|0|0
S|AMDER|15591978|-23324636| |IF|0|0|0|0|0|0|0|0|0|0|0|0|0
S|AC622|16659583|-23052722| |TF|0|0|0|0|0|0|1|10000|0|0|0|0|0
S|AC624|16801833|-23053722| |TF|0|0|0|0|0|0|1|9000|0|0|0|0|0
S|GALAV|16927750|-23054611| |TF|0|0|0|0|0|230|1|2500|0|0|0|0|0

P|AMDE1G|19|ODMEN|0|6
S|ODMEN|13898333|-24342778| |IF|0|0|0|0|0|0|0|0|0|0|0|0|0
S|AMDER|15591978|-23324636| |TF|0|0|0|0|0|0|0|0|0|0|0|0|0
S|AMDER|15591978|-23324636| |IF|0|0|0|0|0|0|0|0|0|0|0|0|0
S|AC622|16659583|-23052722| |TF|0|0|0|0|0|0|1|10000|0|0|0|0|0
S|AC624|16801833|-23053722| |TF|0|0|0|0|0|0|1|9000|0|0|0|0|0
S|GALAV|16927750|-23054611| |TF|0|0|0|0|0|230|1|2500|0|0|0|0|0

P|AMDE1G|19|SNT|0|6
S|SNT|14939094|-23482122| |IF|0|0|0|0|0|0|0|0|0|0|0|0|0
S|AMDER|15591978|-23324636| |TF|0|0|0|0|0|0|0|0|0|0|0|0|0
S|AMDER|15591978|-23324636| |IF|0|0|0|0|0|0|0|0|0|0|0|0|0
S|AC622|16659583|-23052722| |TF|0|0|0|0|0|0|1|10000|0|0|0|0|0
S|AC624|16801833|-23053722| |TF|0|0|0|0|0|0|1|9000|0|0|0|0|0
S|GALAV|16927750|-23054611| |TF|0|0|0|0|0|230|1|2500|0|0|0|0|0

P|BIRA1F|01|POLMO|0|5
S|POLMO|16274722|-21642778| |IF|0|0|0|0|0|0|0|0|0|0|0|0|0
S|BIRAP|16302111|-22357972| |TF|0|0|0|0|0|0|0|0|0|0|0|0|0
S|BIRAP|16302111|-22357972| |IF|0|0|0|0|0|0|0|0|0|0|0|0|0
S|AC612|16380861|-22677056| |TF|0|0|0|0|0|0|2|11000|0|0|0|0|0
S|GUSAN|16446667|-22946944| |TF|0|0|0|0|0|230|1|2500|0|0|0|0|0

P|BIRA1F|01|SONVA|0|5
S|SONVA|14837222|-22077222| |IF|0|0|0|0|0|0|0|0|0|0|0|0|0
S|BIRAP|16302111|-22357972| |TF|0|0|0|0|0|0|0|0|0|0|0|0|0
S|BIRAP|16302111|-22357972| |IF|0|0|0|0|0|0|0|0|0|0|0|0|0
S|AC612|16380861|-22677056| |TF|0|0|0|0|0|0|2|11000|0|0|0|0|0
S|GUSAN|16446667|-22946944| |TF|0|0|0|0|0|230|1|2500|0|0|0|0|0

P|BIRA1F|01|TOBIK|0|5
S|TOBIK|15861667|-21768333| |IF|0|0|0|0|0|0|0|0|0|0|0|0|0
S|BIRAP|16302111|-22357972| |TF|0|0|0|0|0|0|0|0|0|0|0|0|0
S|BIRAP|16302111|-22357972| |IF|0|0|0|0|0|0|0|0|0|0|0|0|0
S|AC612|16380861|-22677056| |TF|0|0|0|0|0|0|2|11000|0|0|0|0|0
S|GUSAN|16446667|-22946944| |TF|0|0|0|0|0|230|1|2500|0|0|0|0|0

P|BIRA1F|01|VONTO|0|5
S|VONTO|14467222|-22192778| |IF|0|0|0|0|0|0|0|0|0|0|0|0|0
S|BIRAP|16302111|-22357972| |TF|0|0|0|0|0|0|0|0|0|0|0|0|0
S|BIRAP|16302111|-22357972| |IF|0|0|0|0|0|0|0|0|0|0|0|0|0
S|AC612|16380861|-22677056| |TF|0|0|0|0|0|0|2|11000|0|0|0|0|0
S|GUSAN|16446667|-22946944| |TF|0|0|0|0|0|230|1|2500|0|0|0|0|0

P|BIRA1G|19|POLMO|0|6
S|POLMO|16274722|-21642778| |IF|0|0|0|0|0|0|0|0|0|0|0|0|0
S|BIRAP|16302111|-22357972| |TF|0|0|0|0|0|0|0|0|0|0|0|0|0
S|BIRAP|16302111|-22357972| |IF|0|0|0|0|0|0|0|0|0|0|0|0|0
S|RATIX|16547722|-22843528| |TF|0|0|0|0|0|0|0|0|0|0|0|0|0
S|AC621|16648500|-22844167| |TF|0|0|0|0|0|0|1|10000|0|0|0|0|0
S|ENIBO|16929111|-22845972| |TF|0|0|0|0|0|230|1|2500|0|0|0|0|0

P|BIRA1G|19|SONVA|0|6
S|SONVA|14837222|-22077222| |IF|0|0|0|0|0|0|0|0|0|0|0|0|0
S|BIRAP|16302111|-22357972| |TF|0|0|0|0|0|0|0|0|0|0|0|0|0
S|BIRAP|16302111|-22357972| |IF|0|0|0|0|0|0|0|0|0|0|0|0|0
S|RATIX|16547722|-22843528| |TF|0|0|0|0|0|0|0|0|0|0|0|0|0
S|AC621|16648500|-22844167| |TF|0|0|0|0|0|0|1|10000|0|0|0|0|0
S|ENIBO|16929111|-22845972| |TF|0|0|0|0|0|230|1|2500|0|0|0|0|0

P|BIRA1G|19|TOBIK|0|6
S|TOBIK|15861667|-21768333| |IF|0|0|0|0|0|0|0|0|0|0|0|0|0
S|BIRAP|16302111|-22357972| |TF|0|0|0|0|0|0|0|0|0|0|0|0|0
S|BIRAP|16302111|-22357972| |IF|0|0|0|0|0|0|0|0|0|0|0|0|0
S|RATIX|16547722|-22843528| |TF|0|0|0|0|0|0|0|0|0|0|0|0|0
S|AC621|16648500|-22844167| |TF|0|0|0|0|0|0|1|10000|0|0|0|0|0
S|ENIBO|16929111|-22845972| |TF|0|0|0|0|0|230|1|2500|0|0|0|0|0

P|BIRA1G|19|VONTO|0|6
S|VONTO|14467222|-22192778| |IF|0|0|0|0|0|0|0|0|0|0|0|0|0
S|BIRAP|16302111|-22357972| |TF|0|0|0|0|0|0|0|0|0|0|0|0|0
S|BIRAP|16302111|-22357972| |IF|0|0|0|0|0|0|0|0|0|0|0|0|0
S|RATIX|16547722|-22843528| |TF|0|0|0|0|0|0|0|0|0|0|0|0|0
S|AC621|16648500|-22844167| |TF|0|0|0|0|0|0|1|10000|0|0|0|0|0
S|ENIBO|16929111|-22845972| |TF|0|0|0|0|0|230|1|2500|0|0|0|0|0

P|BULV1N|01|BULVO|0|5
S|BULVO|14041111|-24503333| |IF|0|0|0|0|0|0|0|0|0|0|0|0|0
S|CV40C|16153197|-23291061| |TF|0|0|0|0|0|0|0|0|0|0|0|0|0
S|D218N|16532522|-23070264| |TF|0|0|0|0|0|0|0|0|0|0|0|0|0
S| |91000000|181000000| |CI|0|3800|0|0|0|0|0|0|0|0|0|0|0
S|BUBSI|16543639|-23008528|CVS|AF|1|21800|1200|20500|0|0|0|0|0|0|0|0|0

P|BULV1S|ALL|BULVO|0|3
S|BULVO|14041111|-24503333| |IF|0|0|0|0|0|0|0|0|0|0|0|0|0
S|CV40C|16153197|-23291061| |TF|0|0|0|0|0|0|0|0|0|0|0|0|0
S|CVS|16736675|-22951019| |TF|0|0|0|0|0|0|0|0|0|0|0|0|0

P|DIMK1S|ALL|DIMKI|0|2
S|DIMKI|17888889|-22248056| |IF|0|0|0|0|0|0|0|0|0|0|0|0|0
S|CVS|16736675|-22951019| |TF|0|0|0|0|0|0|0|0|0|0|0|0|0

P|DIMK1Z|19|DIMKI|0|2
S|DIMKI|17888889|-22248056| |IF|0|0|0|0|0|0|0|0|0|0|0|0|0
S|ERNIS|16910083|-22845861| |TF|0|0|0|0|0|0|0|0|0|0|0|0|0

P|GAGU1F|01|MELUT|0|4
S|MELUT|16131944|-26266667| |IF|0|0|0|0|0|0|0|0|0|0|0|0|0
S|GAGUS|16627889|-23705972| |TF|0|0|0|0|0|0|0|0|0|0|0|0|0
S|GAGUS|16627889|-23705972| |IF|0|0|0|0|0|0|0|0|0|0|0|0|0
S|KIVRO|16546361|-23051750| |TF|0|0|0|0|0|230|1|2500|0|0|0|0|0

P|GAGU1F|01|RANUR|0|4
S|RANUR|15456667|-25692222| |IF|0|0|0|0|0|0|0|0|0|0|0|0|0
S|GAGUS|16627889|-23705972| |TF|0|0|0|0|0|0|0|0|0|0|0|0|0
S|GAGUS|16627889|-23705972| |IF|0|0|0|0|0|0|0|0|0|0|0|0|0
S|KIVRO|16546361|-23051750| |TF|0|0|0|0|0|230|1|2500|0|0|0|0|0

P|GAGU1F|01|SVT|0|4
S|SVT|16829156|-25064625| |IF|0|0|0|0|0|0|0|0|0|0|0|0|0
S|GAGUS|16627889|-23705972| |TF|0|0|0|0|0|0|0|0|0|0|0|0|0
S|GAGUS|16627889|-23705972| |IF|0|0|0|0|0|0|0|0|0|0|0|0|0
S|KIVRO|16546361|-23051750| |TF|0|0|0|0|0|230|1|2500|0|0|0|0|0

P|GAGU1G|19|MELUT|0|6
S|MELUT|16131944|-26266667| |IF|0|0|0|0|0|0|0|0|0|0|0|0|0
S|GAGUS|16627889|-23705972| |TF|0|0|0|0|0|0|0|0|0|0|0|0|0
S|GAGUS|16627889|-23705972| |IF|0|0|0|0|0|0|0|0|0|0|0|0|0
S|AC623|16766417|-23187222| |TF|0|0|0|0|0|0|1|13000|0|0|0|0|0
S|AC624|16801833|-23053722| |TF|0|0|0|0|0|0|1|9000|0|0|0|0|0
S|GALAV|16927750|-23054611| |TF|0|0|0|0|0|230|1|2500|0|0|0|0|0

P|GAGU1G|19|RANUR|0|6
S|RANUR|15456667|-25692222| |IF|0|0|0|0|0|0|0|0|0|0|0|0|0
S|GAGUS|16627889|-23705972| |TF|0|0|0|0|0|0|0|0|0|0|0|0|0
S|GAGUS|16627889|-23705972| |IF|0|0|0|0|0|0|0|0|0|0|0|0|0
S|AC623|16766417|-23187222| |TF|0|0|0|0|0|0|1|13000|0|0|0|0|0
S|AC624|16801833|-23053722| |TF|0|0|0|0|0|0|1|9000|0|0|0|0|0
S|GALAV|16927750|-23054611| |TF|0|0|0|0|0|230|1|2500|0|0|0|0|0

P|GAGU1G|19|SVT|0|6
S|SVT|16829156|-25064625| |IF|0|0|0|0|0|0|0|0|0|0|0|0|0
S|GAGUS|16627889|-23705972| |TF|0|0|0|0|0|0|0|0|0|0|0|0|0
S|GAGUS|16627889|-23705972| |IF|0|0|0|0|0|0|0|0|0|0|0|0|0
S|AC623|16766417|-23187222| |TF|0|0|0|0|0|0|1|13000|0|0|0|0|0
S|AC624|16801833|-23053722| |TF|0|0|0|0|0|0|1|9000|0|0|0|0|0
S|GALAV|16927750|-23054611| |TF|0|0|0|0|0|230|1|2500|0|0|0|0|0

P|GUSO1F|01|LININ|0|6
S|LININ|18151389|-24756667| |IF|0|0|0|0|0|0|0|0|0|0|0|0|0
S|GUSOB|17367278|-23176889| |TF|0|0|0|0|0|0|0|0|0|0|0|0|0
S|GUSOB|17367278|-23176889| |IF|0|0|0|0|0|0|0|0|0|0|0|0|0
S|AC614|17027722|-23055361| |TF|0|0|0|0|0|0|0|0|0|0|0|0|0
S|AC613|16831222|-23053889| |TF|0|0|0|0|0|0|1|9000|0|0|0|0|0
S|KIVRO|16546361|-23051750| |TF|0|0|0|0|0|230|1|2500|0|0|0|0|0

P|GUSO1F|01|MOPAK|0|6
S|MOPAK|18122222|-24047222| |IF|0|0|0|0|0|0|0|0|0|0|0|0|0
S|GUSOB|17367278|-23176889| |TF|0|0|0|0|0|0|0|0|0|0|0|0|0
S|GUSOB|17367278|-23176889| |IF|0|0|0|0|0|0|0|0|0|0|0|0|0
S|AC614|17027722|-23055361| |TF|0|0|0|0|0|0|0|0|0|0|0|0|0
S|AC613|16831222|-23053889| |TF|0|0|0|0|0|0|1|9000|0|0|0|0|0
S|KIVRO|16546361|-23051750| |TF|0|0|0|0|0|230|1|2500|0|0|0|0|0

P|GUSO1F|01|NEMDO|0|6
S|NEMDO|18099167|-23531667| |IF|0|0|0|0|0|0|0|0|0|0|0|0|0
S|GUSOB|17367278|-23176889| |TF|0|0|0|0|0|0|0|0|0|0|0|0|0
S|GUSOB|17367278|-23176889| |IF|0|0|0|0|0|0|0|0|0|0|0|0|0
S|AC614|17027722|-23055361| |TF|0|0|0|0|0|0|0|0|0|0|0|0|0
S|AC613|16831222|-23053889| |TF|0|0|0|0|0|0|1|9000|0|0|0|0|0
S|KIVRO|16546361|-23051750| |TF|0|0|0|0|0|230|1|2500|0|0|0|0|0

P|GUSO1G|19|LININ|0|4
S|LININ|18151389|-24756667| |IF|0|0|0|0|0|0|0|0|0|0|0|0|0
S|GUSOB|17367278|-23176889| |TF|0|0|0|0|0|0|0|0|0|0|0|0|0
S|GUSOB|17367278|-23176889| |IF|0|0|0|0|0|0|0|0|0|0|0|0|0
S|LISET|17028861|-22951000| |TF|0|0|0|0|0|230|1|2500|0|0|0|0|0

P|GUSO1G|19|MOPAK|0|4
S|MOPAK|18122222|-24047222| |IF|0|0|0|0|0|0|0|0|0|0|0|0|0
S|GUSOB|17367278|-23176889| |TF|0|0|0|0|0|0|0|0|0|0|0|0|0
S|GUSOB|17367278|-23176889| |IF|0|0|0|0|0|0|0|0|0|0|0|0|0
S|LISET|17028861|-22951000| |TF|0|0|0|0|0|230|1|2500|0|0|0|0|0

P|GUSO1G|19|NEMDO|0|4
S|NEMDO|18099167|-23531667| |IF|0|0|0|0|0|0|0|0|0|0|0|0|0
S|GUSOB|17367278|-23176889| |TF|0|0|0|0|0|0|0|0|0|0|0|0|0
S|GUSOB|17367278|-23176889| |IF|0|0|0|0|0|0|0|0|0|0|0|0|0
S|LISET|17028861|-22951000| |TF|0|0|0|0|0|230|1|2500|0|0|0|0|0

P|KEGI1N|01|KEGIL|0|4
S|KEGIL|18157778|-24920278| |IF|0|0|0|0|0|0|0|0|0|0|0|0|0
S|D316N|16878328|-23144767| |TF|0|0|0|0|0|0|0|0|0|0|0|0|0
S| |91000000|181000000| |CI|0|13600|0|0|0|0|0|0|0|0|0|0|0
S|BUBSI|16543639|-23008528|CVS|AF|1|31600|1200|20500|0|0|0|0|0|0|0|0|0

P|KEGI1S|ALL|KEGIL|0|2
S|KEGIL|18157778|-24920278| |IF|0|0|0|0|0|0|0|0|0|0|0|0|0
S|CVS|16736675|-22951019| |TF|0|0|0|0|0|0|0|0|0|0|0|0|0

P|KEGI1Z|19|KEGIL|0|2
S|KEGIL|18157778|-24920278| |IF|0|0|0|0|0|0|0|0|0|0|0|0|0
S|ETSUS|16858111|-23117083| |TF|0|0|0|0|0|0|0|0|0|0|0|0|0

P|NCL1N|01|NCL|0|5
S|NCL|16562639|-24283167| |IF|0|0|0|0|0|0|0|0|0|0|0|0|0
S|CV40B|16647844|-23639439| |TF|0|0|0|0|0|0|0|0|0|0|0|0|0
S|D271N|16705844|-23192039| |TF|0|0|0|0|0|0|0|0|0|0|0|0|0
S| |91000000|181000000| |CI|0|9100|0|0|0|0|0|0|0|0|0|0|0
S|BUBSI|16543639|-23008528|CVS|AF|1|27100|1200|20500|0|0|0|0|0|0|0|0|0

P|NCL1S|ALL|NCL|0|3
S|NCL|16562639|-24283167| |IF|0|0|0|0|0|0|0|0|0|0|0|0|0
S|CV40B|16647844|-23639439| |TF|0|0|0|0|0|0|0|0|0|0|0|0|0
S|CVS|16736675|-22951019| |TF|0|0|0|0|0|0|0|0|0|0|0|0|0

P|NCL1Z|19|NCL|0|5
S|NCL|16562639|-24283167| |IF|0|0|0|0|0|0|0|0|0|0|0|0|0
S|CV40B|16647844|-23639439| |TF|0|0|0|0|0|0|0|0|0|0|0|0|0
S|D271N|16705844|-23192039| |TF|0|0|0|0|0|0|0|0|0|0|0|0|0
S| |91000000|181000000| |CI|0|9100|0|0|0|0|0|0|0|0|0|0|0
S|ETSUS|16858111|-23117083|CVS|AF|2|27100|1200|31620|0|0|0|0|0|0|0|0|0

P|ODME1N|01|ODMEN|0|5
S|ODMEN|13898333|-24342778| |IF|0|0|0|0|0|0|0|0|0|0|0|0|0
S|CV40D|16132933|-23250664| |TF|0|0|0|0|0|0|0|0|0|0|0|0|0
S|D214N|16525417|-23056106| |TF|0|0|0|0|0|0|0|0|0|0|0|0|0
S| |91000000|181000000| |CI|0|3400|0|0|0|0|0|0|0|0|0|0|0
S|BUBSI|16543639|-23008528|CVS|AF|1|21400|1200|20500|0|0|0|0|0|0|0|0|0

P|ODME1S|ALL|ODMEN|0|3
S|ODMEN|13898333|-24342778| |IF|0|0|0|0|0|0|0|0|0|0|0|0|0
S|CV40D|16132933|-23250664| |TF|0|0|0|0|0|0|0|0|0|0|0|0|0
S|CVS|16736675|-22951019| |TF|0|0|0|0|0|0|0|0|0|0|0|0|0

P|PINP1F|01|PINPO|0|4
S|PINPO|17651389|-21938333| |IF|0|0|0|0|0|0|0|0|0|0|0|0|0
S|AC610|16916250|-22846139| |TF|0|0|0|0|0|0|0|0|0|0|0|0|0
S|AC611|16832556|-22845556| |TF|0|0|0|0|0|0|1|9000|0|0|0|0|0
S|RATIX|16547722|-22843528| |TF|0|0|0|0|0|230|1|2500|0|0|0|0|0

P|PINP1G|19|PINPO|0|3
S|PINPO|17651389|-21938333| |IF|0|0|0|0|0|0|0|0|0|0|0|0|0
S|AC620|16929944|-22637361| |TF|0|0|0|0|0|0|2|10000|0|0|0|0|0
S|ENIBO|16929111|-22845972| |TF|0|0|0|0|0|230|1|2500|0|0|0|0|0

P|PINP1S|ALL|PINPO|0|2
S|PINPO|17651389|-21938333| |IF|0|0|0|0|0|0|0|0|0|0|0|0|0
S|CVS|16736675|-22951019| |TF|0|0|0|0|0|0|0|0|0|0|0|0|0

P|PINP1Z|19|PINPO|0|4
S|PINPO|17651389|-21938333| |IF|0|0|0|0|0|0|0|0|0|0|0|0|0
S|D055N|16897483|-22774111| |TF|0|0|0|0|0|0|0|0|0|0|0|0|0
S| |91000000|181000000| |CI|0|23500|0|0|0|0|0|0|0|0|0|0|0
S|ERNIS|16910083|-22845861|CVS|AF|1|5500|1200|3930|0|0|0|0|0|0|0|0|0

P|POLM1N|01|POLMO|0|4
S|POLMO|16274722|-21642778| |IF|0|0|0|0|0|0|0|0|0|0|0|0|0
S|D119N|16656733|-22722503| |TF|0|0|0|0|0|0|0|0|0|0|0|0|0
S| |91000000|181000000| |CI|0|29900|0|0|0|0|0|0|0|0|0|0|0
S|APULU|16614944|-22785306|CVS|AF|2|11900|1200|13630|0|0|0|0|0|0|0|0|0

P|POLM1S|ALL|POLMO|0|2
S|POLMO|16274722|-21642778| |IF|0|0|0|0|0|0|0|0|0|0|0|0|0
S|CVS|16736675|-22951019| |TF|0|0|0|0|0|0|0|0|0|0|0|0|0

P|POLM1Z|19|POLMO|0|4
S|POLMO|16274722|-21642778| |IF|0|0|0|0|0|0|0|0|0|0|0|0|0
S|D119N|16656733|-22722503| |TF|0|0|0|0|0|0|0|0|0|0|0|0|0
S| |91000000|181000000| |CI|0|29900|0|0|0|0|0|0|0|0|0|0|0
S|ERNIS|16910083|-22845861|CVS|AF|1|11900|1200|3930|0|0|0|0|0|0|0|0|0

P|SESA1A|19|SESAT|0|5
S|SESAT|16831111|-24263056| |IF|0|0|0|0|0|0|0|0|0|0|0|0|0
S|CV40A|16787592|-23643822| |TF|0|0|0|0|0|0|0|0|0|0|0|0|0
S|D283N|16754761|-23193458| |TF|0|0|0|0|0|0|0|0|0|0|0|0|0
S| |91000000|181000000| |CI|0|10300|0|0|0|0|0|0|0|0|0|0|0
S|ETSUS|16858111|-23117083|CVS|AF|2|28300|1200|31620|0|0|0|0|0|0|0|0|0

P|SESA1N|01|SESAT|0|5
S|SESAT|16831111|-24263056| |IF|0|0|0|0|0|0|0|0|0|0|0|0|0
S|CV40A|16787592|-23643822| |TF|0|0|0|0|0|0|0|0|0|0|0|0|0
S|D283N|16754761|-23193458| |TF|0|0|0|0|0|0|0|0|0|0|0|0|0
S| |91000000|181000000| |CI|0|10300|0|0|0|0|0|0|0|0|0|0|0
S|BUBSI|16543639|-23008528|CVS|AF|1|28300|1200|20500|0|0|0|0|0|0|0|0|0

P|SESA1S|ALL|SESAT|0|3
S|SESAT|16831111|-24263056| |IF|0|0|0|0|0|0|0|0|0|0|0|0|0
S|CV40A|16787592|-23643822| |TF|0|0|0|0|0|0|0|0|0|0|0|0|0
S|CVS|16736675|-22951019| |TF|0|0|0|0|0|0|0|0|0|0|0|0|0

P|SNT1N|01|SNT|0|3
S|SNT|14939094|-23482122| |IF|0|0|0|0|0|0|0|0|0|0|0|0|0
S|CV40E|16093203|-23142275| |TF|0|0|0|0|0|0|0|0|0|0|0|0|0
S|BUBSI|16543639|-23008528| |TF|0|0|0|0|0|0|0|0|0|0|0|0|0

P|SNT1S|ALL|SNT|0|3
S|SNT|14939094|-23482122| |IF|0|0|0|0|0|0|0|0|0|0|0|0|0
S|CV40E|16093203|-23142275| |TF|0|0|0|0|0|0|0|0|0|0|0|0|0
S|CVS|16736675|-22951019| |TF|0|0|0|0|0|0|0|0|0|0|0|0|0

P|TOBI1N|01|TOBIK|0|2
S|TOBIK|15861667|-21768333| |IF|0|0|0|0|0|0|0|0|0|0|0|0|0
S|APULU|16614944|-22785306| |TF|0|0|0|0|0|0|0|0|0|0|0|0|0

P|TOBI1S|ALL|TOBIK|0|2
S|TOBIK|15861667|-21768333| |IF|0|0|0|0|0|0|0|0|0|0|0|0|0
S|CVS|16736675|-22951019| |TF|0|0|0|0|0|0|0|0|0|0|0|0|0

P|TOBI1Z|19|TOBIK|0|4
S|TOBIK|15861667|-21768333| |IF|0|0|0|0|0|0|0|0|0|0|0|0|0
S|D136N|16594644|-22757706| |TF|0|0|0|0|0|0|0|0|0|0|0|0|0
S| |91000000|181000000| |CI|0|31600|0|0|0|0|0|0|0|0|0|0|0
S|ERNIS|16910083|-22845861|CVS|AF|1|13600|1200|3930|0|0|0|0|0|0|0|0|0

