P|DPK3|ALL|DPK|0|5
S|DPK|40791767|-73303678| |IF|0|0|0|0|0|0|0|0|0|0|0|0|0
S|BELTT|41063503|-72987089| |TF|0|0|0|0|0|0|0|0|0|0|0|0|0
S|MAD|41313861|-72692203| |TF|0|0|0|0|0|0|0|0|0|0|0|0|0
S|MAD|41313861|-72692203| |IF|0|0|0|0|0|0|0|0|0|0|0|0|0
S|BRISS|41702600|-73016708| |TF|0|0|0|0|0|0|0|0|0|0|0|0|0

P|DPK3|ALL|HTO|0|4
S|HTO|40918994|-72316706| |IF|0|0|0|0|0|0|0|0|0|0|0|0|0
S|MAD|41313861|-72692203| |TF|0|0|0|0|0|0|0|0|0|0|0|0|0
S|MAD|41313861|-72692203| |IF|0|0|0|0|0|0|0|0|0|0|0|0|0
S|BRISS|41702600|-73016708| |TF|0|0|0|0|0|0|0|0|0|0|0|0|0

P|DPK3|ALL|SARDI|0|5
S|SARDI|40524058|-72798853| |IF|0|0|0|0|0|0|0|0|0|0|0|0|0
S|CCC|40929619|-72798858| |TF|0|0|0|0|0|0|0|0|0|0|0|0|0
S|MAD|41313861|-72692203| |TF|0|0|0|0|0|0|0|0|0|0|0|0|0
S|MAD|41313861|-72692203| |IF|0|0|0|0|0|0|0|0|0|0|0|0|0
S|BRISS|41702600|-73016708| |TF|0|0|0|0|0|0|0|0|0|0|0|0|0

P|STELA1|ALL|ALB|0|7
S|ALB|42747281|-73803183| |IF|0|0|0|0|0|0|0|0|0|0|0|0|0
S|CANAN|42492839|-73446686| |TF|0|0|0|0|0|0|0|0|0|0|0|0|0
S|CANAN|42492839|-73446686| |IF|0|0|0|0|0|0|0|0|0|0|0|0|0
S|SHIGY|42399431|-73316939| |TF|0|0|0|0|0|0|0|0|0|0|0|0|0
S|STELA|42281431|-73153933| |TF|0|0|0|0|0|0|0|0|0|0|0|0|0
S|TOMES|42145353|-72967067| |TF|0|0|0|0|0|0|0|0|0|1|0|0|0
S|TOMES|42145353|-72967067|BAF|FM|0|14800|1120|27900|0|0|0|0|0|0|0|0|0

P|STELA1|ALL|ARRKK|0|8
S|ARRKK|42063478|-75316781| |IF|0|0|0|0|0|0|0|0|0|0|0|0|0
S|SWEDE|42477811|-74668919| |TF|0|0|0|0|0|0|0|0|0|0|0|0|0
S|CANAN|42492839|-73446686| |TF|0|0|0|0|0|0|0|0|0|0|0|0|0
S|CANAN|42492839|-73446686| |IF|0|0|0|0|0|0|0|0|0|0|0|0|0
S|SHIGY|42399431|-73316939| |TF|0|0|0|0|0|0|0|0|0|0|0|0|0
S|STELA|42281431|-73153933| |TF|0|0|0|0|0|0|0|0|0|0|0|0|0
S|TOMES|42145353|-72967067| |TF|0|0|0|0|0|0|0|0|0|1|0|0|0
S|TOMES|42145353|-72967067|BAF|FM|0|14800|1120|27900|0|0|0|0|0|0|0|0|0

P|STELA1|ALL|AUDIL|0|9
S|AUDIL|42871872|-76443075| |IF|0|0|0|0|0|0|0|0|0|0|0|0|0
S|RAHKS|42466467|-75239356| |TF|0|0|0|0|0|0|0|0|0|0|0|0|0
S|SWEDE|42477811|-74668919| |TF|0|0|0|0|0|0|0|0|0|0|0|0|0
S|CANAN|42492839|-73446686| |TF|0|0|0|0|0|0|0|0|0|0|0|0|0
S|CANAN|42492839|-73446686| |IF|0|0|0|0|0|0|0|0|0|0|0|0|0
S|SHIGY|42399431|-73316939| |TF|0|0|0|0|0|0|0|0|0|0|0|0|0
S|STELA|42281431|-73153933| |TF|0|0|0|0|0|0|0|0|0|0|0|0|0
S|TOMES|42145353|-72967067| |TF|0|0|0|0|0|0|0|0|0|1|0|0|0
S|TOMES|42145353|-72967067|BAF|FM|0|14800|1120|27900|0|0|0|0|0|0|0|0|0

P|STELA1|ALL|CAM|0|7
S|CAM|42994289|-73344019| |IF|0|0|0|0|0|0|0|0|0|0|0|0|0
S|CANAN|42492839|-73446686| |TF|0|0|0|0|0|0|0|0|0|0|0|0|0
S|CANAN|42492839|-73446686| |IF|0|0|0|0|0|0|0|0|0|0|0|0|0
S|SHIGY|42399431|-73316939| |TF|0|0|0|0|0|0|0|0|0|0|0|0|0
S|STELA|42281431|-73153933| |TF|0|0|0|0|0|0|0|0|0|0|0|0|0
S|TOMES|42145353|-72967067| |TF|0|0|0|0|0|0|0|0|0|1|0|0|0
S|TOMES|42145353|-72967067|BAF|FM|0|14800|1120|27900|0|0|0|0|0|0|0|0|0

P|STELA1|ALL|RAHKS|0|8
S|RAHKS|42466467|-75239356| |IF|0|0|0|0|0|0|0|0|0|0|0|0|0
S|SWEDE|42477811|-74668919| |TF|0|0|0|0|0|0|0|0|0|0|0|0|0
S|CANAN|42492839|-73446686| |TF|0|0|0|0|0|0|0|0|0|0|0|0|0
S|CANAN|42492839|-73446686| |IF|0|0|0|0|0|0|0|0|0|0|0|0|0
S|SHIGY|42399431|-73316939| |TF|0|0|0|0|0|0|0|0|0|0|0|0|0
S|STELA|42281431|-73153933| |TF|0|0|0|0|0|0|0|0|0|0|0|0|0
S|TOMES|42145353|-72967067| |TF|0|0|0|0|0|0|0|0|0|1|0|0|0
S|TOMES|42145353|-72967067|BAF|FM|0|14800|1120|27900|0|0|0|0|0|0|0|0|0

P|STELA1|ALL|WILET|0|9
S|WILET|42558819|-75888169| |IF|0|0|0|0|0|0|0|0|0|0|0|0|0
S|RAHKS|42466467|-75239356| |TF|0|0|0|0|0|0|0|0|0|0|0|0|0
S|SWEDE|42477811|-74668919| |TF|0|0|0|0|0|0|0|0|0|0|0|0|0
S|CANAN|42492839|-73446686| |TF|0|0|0|0|0|0|0|0|0|0|0|0|0
S|CANAN|42492839|-73446686| |IF|0|0|0|0|0|0|0|0|0|0|0|0|0
S|SHIGY|42399431|-73316939| |TF|0|0|0|0|0|0|0|0|0|0|0|0|0
S|STELA|42281431|-73153933| |TF|0|0|0|0|0|0|0|0|0|0|0|0|0
S|TOMES|42145353|-72967067| |TF|0|0|0|0|0|0|0|0|0|1|0|0|0
S|TOMES|42145353|-72967067|BAF|FM|0|14800|1120|27900|0|0|0|0|0|0|0|0|0

