P|AMYLU3|03|MRPIT|0|11
S|MRPIT|34434747|-79029194| |IF|0|0|0|0|0|0|0|0|0|0|0|0|0
S|AMYLU|33787639|-79237822| |TF|0|0|0|0|0|0|3|23000|14000|0|0|0|0
S|AMYLU|33787639|-79237822| |IF|0|0|0|0|0|0|3|23000|14000|0|0|0|0
S|WILIT|33491906|-79460789| |TF|0|0|0|0|0|0|0|0|0|0|0|0|0
S|CRAAW|33350617|-79566836| |TF|0|0|0|0|0|0|1|11000|0|0|0|0|0
S|FOURD|33280200|-79620264| |TF|0|0|0|0|0|0|0|0|0|0|0|0|0
S|RSRVE|33209761|-79673606| |TF|0|0|0|0|0|0|0|0|0|0|0|0|0
S|RSRVE|33209761|-79673606| |IF|0|0|0|0|0|0|0|0|0|0|0|0|0
S|ROHLO|32900292|-79913767| |TF|0|0|0|0|0|210|1|5000|0|0|0|0|0
S|STNNS|32824878|-79969183| |TF|0|0|0|0|0|210|0|4000|0|1|0|0|0
S|KCHS|32898647|-80040528| |VM|0|21900|0|0|0|0|0|0|0|0|0|0|0

P|AMYLU3|15|MRPIT|0|10
S|MRPIT|34434747|-79029194| |IF|0|0|0|0|0|0|0|0|0|0|0|0|0
S|AMYLU|33787639|-79237822| |TF|0|0|0|0|0|0|3|23000|14000|0|0|0|0
S|AMYLU|33787639|-79237822| |IF|0|0|0|0|0|0|3|23000|14000|0|0|0|0
S|WILIT|33491906|-79460789| |TF|0|0|0|0|0|0|0|0|0|0|0|0|0
S|CRAAW|33350617|-79566836| |TF|0|0|0|0|0|0|1|11000|0|0|0|0|0
S|FOURD|33280200|-79620264| |TF|0|0|0|0|0|0|0|0|0|0|0|0|0
S|RSRVE|33209761|-79673606| |TF|0|0|0|0|0|0|0|0|0|0|0|0|0
S|RSRVE|33209761|-79673606| |IF|0|0|0|0|0|0|0|0|0|0|0|0|0
S|KREIS|33059217|-80026278| |TF|0|0|0|0|0|0|0|3000|0|1|0|0|0
S|KCHS|32898647|-80040528| |VM|0|25000|0|0|0|0|0|0|0|0|0|0|0

P|AMYLU3|21|MRPIT|0|9
S|MRPIT|34434747|-79029194| |IF|0|0|0|0|0|0|0|0|0|0|0|0|0
S|AMYLU|33787639|-79237822| |TF|0|0|0|0|0|0|3|23000|14000|0|0|0|0
S|AMYLU|33787639|-79237822| |IF|0|0|0|0|0|0|3|23000|14000|0|0|0|0
S|WILIT|33491906|-79460789| |TF|0|0|0|0|0|0|0|0|0|0|0|0|0
S|CRAAW|33350617|-79566836| |TF|0|0|0|0|0|0|1|11000|0|0|0|0|0
S|FOURD|33280200|-79620264| |TF|0|0|0|0|0|0|0|0|0|0|0|0|0
S|RSRVE|33209761|-79673606| |TF|0|0|0|0|0|0|0|0|0|0|0|0|0
S|RSRVE|33209761|-79673606| |IF|0|0|0|0|0|0|0|0|0|0|0|0|0
S|BAMDE|33082650|-79938958| |TF|0|0|0|0|0|0|1|3000|0|0|0|0|0

P|AMYLU3|33|MRPIT|0|10
S|MRPIT|34434747|-79029194| |IF|0|0|0|0|0|0|0|0|0|0|0|0|0
S|AMYLU|33787639|-79237822| |TF|0|0|0|0|0|0|3|23000|14000|0|0|0|0
S|AMYLU|33787639|-79237822| |IF|0|0|0|0|0|0|3|23000|14000|0|0|0|0
S|WILIT|33491906|-79460789| |TF|0|0|0|0|0|0|0|0|0|0|0|0|0
S|CRAAW|33350617|-79566836| |TF|0|0|0|0|0|0|1|11000|0|0|0|0|0
S|FOURD|33280200|-79620264| |TF|0|0|0|0|0|0|0|0|0|0|0|0|0
S|RSRVE|33209761|-79673606| |TF|0|0|0|0|0|0|0|0|0|0|0|0|0
S|RSRVE|33209761|-79673606| |IF|0|0|0|0|0|0|0|0|0|0|0|0|0
S|SNOBB|32895861|-79893881| |TF|0|0|0|0|0|210|0|3000|0|1|0|0|0
S|KCHS|32898647|-80040528| |VM|0|21800|0|0|0|0|0|0|0|0|0|0|0

P|AMYLU3|03|RAPZZ|0|11
S|RAPZZ|34250928|-78488217| |IF|0|0|0|0|0|0|0|0|0|0|0|0|0
S|AMYLU|33787639|-79237822| |TF|0|0|0|0|0|0|3|23000|14000|0|0|0|0
S|AMYLU|33787639|-79237822| |IF|0|0|0|0|0|0|3|23000|14000|0|0|0|0
S|WILIT|33491906|-79460789| |TF|0|0|0|0|0|0|0|0|0|0|0|0|0
S|CRAAW|33350617|-79566836| |TF|0|0|0|0|0|0|1|11000|0|0|0|0|0
S|FOURD|33280200|-79620264| |TF|0|0|0|0|0|0|0|0|0|0|0|0|0
S|RSRVE|33209761|-79673606| |TF|0|0|0|0|0|0|0|0|0|0|0|0|0
S|RSRVE|33209761|-79673606| |IF|0|0|0|0|0|0|0|0|0|0|0|0|0
S|ROHLO|32900292|-79913767| |TF|0|0|0|0|0|210|1|5000|0|0|0|0|0
S|STNNS|32824878|-79969183| |TF|0|0|0|0|0|210|0|4000|0|1|0|0|0
S|KCHS|32898647|-80040528| |VM|0|21900|0|0|0|0|0|0|0|0|0|0|0

P|AMYLU3|15|RAPZZ|0|10
S|RAPZZ|34250928|-78488217| |IF|0|0|0|0|0|0|0|0|0|0|0|0|0
S|AMYLU|33787639|-79237822| |TF|0|0|0|0|0|0|3|23000|14000|0|0|0|0
S|AMYLU|33787639|-79237822| |IF|0|0|0|0|0|0|3|23000|14000|0|0|0|0
S|WILIT|33491906|-79460789| |TF|0|0|0|0|0|0|0|0|0|0|0|0|0
S|CRAAW|33350617|-79566836| |TF|0|0|0|0|0|0|1|11000|0|0|0|0|0
S|FOURD|33280200|-79620264| |TF|0|0|0|0|0|0|0|0|0|0|0|0|0
S|RSRVE|33209761|-79673606| |TF|0|0|0|0|0|0|0|0|0|0|0|0|0
S|RSRVE|33209761|-79673606| |IF|0|0|0|0|0|0|0|0|0|0|0|0|0
S|KREIS|33059217|-80026278| |TF|0|0|0|0|0|0|0|3000|0|1|0|0|0
S|KCHS|32898647|-80040528| |VM|0|25000|0|0|0|0|0|0|0|0|0|0|0

P|AMYLU3|21|RAPZZ|0|9
S|RAPZZ|34250928|-78488217| |IF|0|0|0|0|0|0|0|0|0|0|0|0|0
S|AMYLU|33787639|-79237822| |TF|0|0|0|0|0|0|3|23000|14000|0|0|0|0
S|AMYLU|33787639|-79237822| |IF|0|0|0|0|0|0|3|23000|14000|0|0|0|0
S|WILIT|33491906|-79460789| |TF|0|0|0|0|0|0|0|0|0|0|0|0|0
S|CRAAW|33350617|-79566836| |TF|0|0|0|0|0|0|1|11000|0|0|0|0|0
S|FOURD|33280200|-79620264| |TF|0|0|0|0|0|0|0|0|0|0|0|0|0
S|RSRVE|33209761|-79673606| |TF|0|0|0|0|0|0|0|0|0|0|0|0|0
S|RSRVE|33209761|-79673606| |IF|0|0|0|0|0|0|0|0|0|0|0|0|0
S|BAMDE|33082650|-79938958| |TF|0|0|0|0|0|0|1|3000|0|0|0|0|0

P|AMYLU3|33|RAPZZ|0|10
S|RAPZZ|34250928|-78488217| |IF|0|0|0|0|0|0|0|0|0|0|0|0|0
S|AMYLU|33787639|-79237822| |TF|0|0|0|0|0|0|3|23000|14000|0|0|0|0
S|AMYLU|33787639|-79237822| |IF|0|0|0|0|0|0|3|23000|14000|0|0|0|0
S|WILIT|33491906|-79460789| |TF|0|0|0|0|0|0|0|0|0|0|0|0|0
S|CRAAW|33350617|-79566836| |TF|0|0|0|0|0|0|1|11000|0|0|0|0|0
S|FOURD|33280200|-79620264| |TF|0|0|0|0|0|0|0|0|0|0|0|0|0
S|RSRVE|33209761|-79673606| |TF|0|0|0|0|0|0|0|0|0|0|0|0|0
S|RSRVE|33209761|-79673606| |IF|0|0|0|0|0|0|0|0|0|0|0|0|0
S|SNOBB|32895861|-79893881| |TF|0|0|0|0|0|210|0|3000|0|1|0|0|0
S|KCHS|32898647|-80040528| |VM|0|21800|0|0|0|0|0|0|0|0|0|0|0

P|BAGGY3|03|DEQUE|0|6
S|DEQUE|32426403|-81518550| |IF|0|0|0|0|0|0|0|0|0|0|0|0|0
S|BAGGY|32614906|-80450742| |TF|0|0|0|0|0|0|1|7000|0|0|0|0|0
S|BAGGY|32614906|-80450742| |IF|0|0|0|0|0|0|1|7000|0|0|0|0|0
S|DDENA|32685778|-80344133| |TF|0|0|0|0|0|0|1|5000|0|0|0|0|0
S|DDENA|32685778|-80344133| |IF|0|0|0|0|0|0|1|5000|0|0|0|0|0
S|FEPID|32705328|-80141886| |TF|0|0|0|0|0|0|1|3000|0|0|0|0|0

P|BAGGY3|15|DEQUE|0|7
S|DEQUE|32426403|-81518550| |IF|0|0|0|0|0|0|0|0|0|0|0|0|0
S|BAGGY|32614906|-80450742| |TF|0|0|0|0|0|0|1|7000|0|0|0|0|0
S|BAGGY|32614906|-80450742| |IF|0|0|0|0|0|0|1|7000|0|0|0|0|0
S|DDENA|32685778|-80344133| |TF|0|0|0|0|0|0|1|5000|0|0|0|0|0
S|DDENA|32685778|-80344133| |IF|0|0|0|0|0|0|1|5000|0|0|0|0|0
S|PIPPY|32902503|-80234881| |TF|0|0|0|0|0|0|0|5000|0|1|0|0|0
S|KCHS|32898647|-80040528| |VM|0|3000|0|0|0|0|0|0|0|0|0|0|0

P|BAGGY3|21|DEQUE|0|9
S|DEQUE|32426403|-81518550| |IF|0|0|0|0|0|0|0|0|0|0|0|0|0
S|BAGGY|32614906|-80450742| |TF|0|0|0|0|0|0|1|7000|0|0|0|0|0
S|BAGGY|32614906|-80450742| |IF|0|0|0|0|0|0|1|7000|0|0|0|0|0
S|DDENA|32685778|-80344133| |TF|0|0|0|0|0|0|1|5000|0|0|0|0|0
S|DDENA|32685778|-80344133| |IF|0|0|0|0|0|0|1|5000|0|0|0|0|0
S|MURAY|32873189|-80186450| |TF|0|0|0|0|0|0|1|5000|0|0|0|0|0
S|ADERY|32947997|-80123275| |TF|0|0|0|0|0|0|1|4000|0|0|0|0|0
S|MRISS|33019194|-80072381| |TF|0|0|0|0|0|0|0|3000|0|1|0|0|0
S|KCHS|32898647|-80040528| |VM|0|3100|0|0|0|0|0|0|0|0|0|0|0

P|BAGGY3|33|DEQUE|0|7
S|DEQUE|32426403|-81518550| |IF|0|0|0|0|0|0|0|0|0|0|0|0|0
S|BAGGY|32614906|-80450742| |TF|0|0|0|0|0|0|1|7000|0|0|0|0|0
S|BAGGY|32614906|-80450742| |IF|0|0|0|0|0|0|1|7000|0|0|0|0|0
S|DDENA|32685778|-80344133| |TF|0|0|0|0|0|0|1|5000|0|0|0|0|0
S|DDENA|32685778|-80344133| |IF|0|0|0|0|0|0|1|5000|0|0|0|0|0
S|CZSAR|32772969|-80055069| |TF|0|0|0|0|0|0|0|3000|0|1|0|0|0
S|KCHS|32898647|-80040528| |VM|0|7700|0|0|0|0|0|0|0|0|0|0|0

P|BAGGY3|03|SAV|0|7
S|SAV|32146267|-81199106| |IF|0|0|0|0|0|0|0|0|0|0|0|0|0
S|DREWE|32516111|-80609744| |TF|0|0|0|0|0|0|1|11000|0|0|0|0|0
S|BAGGY|32614906|-80450742| |TF|0|0|0|0|0|0|1|7000|0|0|0|0|0
S|BAGGY|32614906|-80450742| |IF|0|0|0|0|0|0|1|7000|0|0|0|0|0
S|DDENA|32685778|-80344133| |TF|0|0|0|0|0|0|1|5000|0|0|0|0|0
S|DDENA|32685778|-80344133| |IF|0|0|0|0|0|0|1|5000|0|0|0|0|0
S|FEPID|32705328|-80141886| |TF|0|0|0|0|0|0|1|3000|0|0|0|0|0

P|BAGGY3|15|SAV|0|8
S|SAV|32146267|-81199106| |IF|0|0|0|0|0|0|0|0|0|0|0|0|0
S|DREWE|32516111|-80609744| |TF|0|0|0|0|0|0|1|11000|0|0|0|0|0
S|BAGGY|32614906|-80450742| |TF|0|0|0|0|0|0|1|7000|0|0|0|0|0
S|BAGGY|32614906|-80450742| |IF|0|0|0|0|0|0|1|7000|0|0|0|0|0
S|DDENA|32685778|-80344133| |TF|0|0|0|0|0|0|1|5000|0|0|0|0|0
S|DDENA|32685778|-80344133| |IF|0|0|0|0|0|0|1|5000|0|0|0|0|0
S|PIPPY|32902503|-80234881| |TF|0|0|0|0|0|0|0|5000|0|1|0|0|0
S|KCHS|32898647|-80040528| |VM|0|3000|0|0|0|0|0|0|0|0|0|0|0

P|BAGGY3|21|SAV|0|10
S|SAV|32146267|-81199106| |IF|0|0|0|0|0|0|0|0|0|0|0|0|0
S|DREWE|32516111|-80609744| |TF|0|0|0|0|0|0|1|11000|0|0|0|0|0
S|BAGGY|32614906|-80450742| |TF|0|0|0|0|0|0|1|7000|0|0|0|0|0
S|BAGGY|32614906|-80450742| |IF|0|0|0|0|0|0|1|7000|0|0|0|0|0
S|DDENA|32685778|-80344133| |TF|0|0|0|0|0|0|1|5000|0|0|0|0|0
S|DDENA|32685778|-80344133| |IF|0|0|0|0|0|0|1|5000|0|0|0|0|0
S|MURAY|32873189|-80186450| |TF|0|0|0|0|0|0|1|5000|0|0|0|0|0
S|ADERY|32947997|-80123275| |TF|0|0|0|0|0|0|1|4000|0|0|0|0|0
S|MRISS|33019194|-80072381| |TF|0|0|0|0|0|0|0|3000|0|1|0|0|0
S|KCHS|32898647|-80040528| |VM|0|3100|0|0|0|0|0|0|0|0|0|0|0

P|BAGGY3|33|SAV|0|8
S|SAV|32146267|-81199106| |IF|0|0|0|0|0|0|0|0|0|0|0|0|0
S|DREWE|32516111|-80609744| |TF|0|0|0|0|0|0|1|11000|0|0|0|0|0
S|BAGGY|32614906|-80450742| |TF|0|0|0|0|0|0|1|7000|0|0|0|0|0
S|BAGGY|32614906|-80450742| |IF|0|0|0|0|0|0|1|7000|0|0|0|0|0
S|DDENA|32685778|-80344133| |TF|0|0|0|0|0|0|1|5000|0|0|0|0|0
S|DDENA|32685778|-80344133| |IF|0|0|0|0|0|0|1|5000|0|0|0|0|0
S|CZSAR|32772969|-80055069| |TF|0|0|0|0|0|0|0|3000|0|1|0|0|0
S|KCHS|32898647|-80040528| |VM|0|7700|0|0|0|0|0|0|0|0|0|0|0

P|OSPRI7|03|DEFFN|0|11
S|DEFFN|34487061|-81918233| |IF|0|0|0|0|0|0|0|0|0|0|0|0|0
S|WBODY|34148442|-81631981| |TF|0|0|0|0|0|0|0|0|0|0|0|0|0
S|BJETS|33915728|-81439575| |TF|0|0|0|0|0|0|0|0|0|0|0|0|0
S|GMAST|33728819|-81289647| |TF|0|0|0|0|0|0|1|24000|0|0|0|0|0
S|TRTLS|33232878|-80673475| |TF|0|0|0|0|0|0|1|10000|0|0|0|0|0
S|TRTLS|33232878|-80673475| |IF|0|0|0|0|0|0|1|10000|0|0|0|0|0
S|OSPRI|33136356|-80388450| |TF|0|0|0|0|0|0|0|0|0|0|0|0|0
S|OSPRI|33136356|-80388450| |IF|0|0|0|0|0|0|0|0|0|0|0|0|0
S|AALEX|33053547|-80340769| |TF|0|0|0|0|0|250|3|10000|5000|0|0|0|0
S|RECHY|32865839|-80241333| |TF|0|0|0|0|0|210|0|4000|0|1|0|0|0
S|KCHS|32898647|-80040528| |VM|0|12500|0|0|0|0|0|0|0|0|0|0|0

P|OSPRI7|15|DEFFN|0|9
S|DEFFN|34487061|-81918233| |IF|0|0|0|0|0|0|0|0|0|0|0|0|0
S|WBODY|34148442|-81631981| |TF|0|0|0|0|0|0|0|0|0|0|0|0|0
S|BJETS|33915728|-81439575| |TF|0|0|0|0|0|0|0|0|0|0|0|0|0
S|GMAST|33728819|-81289647| |TF|0|0|0|0|0|0|1|24000|0|0|0|0|0
S|TRTLS|33232878|-80673475| |TF|0|0|0|0|0|0|1|10000|0|0|0|0|0
S|TRTLS|33232878|-80673475| |IF|0|0|0|0|0|0|1|10000|0|0|0|0|0
S|OSPRI|33136356|-80388450| |TF|0|0|0|0|0|0|0|0|0|0|0|0|0
S|OSPRI|33136356|-80388450| |IF|0|0|0|0|0|0|0|0|0|0|0|0|0
S|LUTHR|33134597|-80216561| |TF|0|0|0|0|0|0|1|4000|0|0|0|0|0

P|OSPRI7|21|DEFFN|0|11
S|DEFFN|34487061|-81918233| |IF|0|0|0|0|0|0|0|0|0|0|0|0|0
S|WBODY|34148442|-81631981| |TF|0|0|0|0|0|0|0|0|0|0|0|0|0
S|BJETS|33915728|-81439575| |TF|0|0|0|0|0|0|0|0|0|0|0|0|0
S|GMAST|33728819|-81289647| |TF|0|0|0|0|0|0|1|24000|0|0|0|0|0
S|TRTLS|33232878|-80673475| |TF|0|0|0|0|0|0|1|10000|0|0|0|0|0
S|TRTLS|33232878|-80673475| |IF|0|0|0|0|0|0|1|10000|0|0|0|0|0
S|OSPRI|33136356|-80388450| |TF|0|0|0|0|0|0|0|0|0|0|0|0|0
S|OSPRI|33136356|-80388450| |IF|0|0|0|0|0|0|0|0|0|0|0|0|0
S|LUTHR|33134597|-80216561| |TF|0|0|0|0|0|0|1|4000|0|0|0|0|0
S|MYERS|33028183|-80067489| |TF|0|0|0|0|0|0|0|3000|0|1|0|0|0
S|KCHS|32898647|-80040528| |VM|0|13700|0|0|0|0|0|0|0|0|0|0|0

P|OSPRI7|33|DEFFN|0|12
S|DEFFN|34487061|-81918233| |IF|0|0|0|0|0|0|0|0|0|0|0|0|0
S|WBODY|34148442|-81631981| |TF|0|0|0|0|0|0|0|0|0|0|0|0|0
S|BJETS|33915728|-81439575| |TF|0|0|0|0|0|0|0|0|0|0|0|0|0
S|GMAST|33728819|-81289647| |TF|0|0|0|0|0|0|1|24000|0|0|0|0|0
S|TRTLS|33232878|-80673475| |TF|0|0|0|0|0|0|1|10000|0|0|0|0|0
S|TRTLS|33232878|-80673475| |IF|0|0|0|0|0|0|1|10000|0|0|0|0|0
S|OSPRI|33136356|-80388450| |TF|0|0|0|0|0|0|0|0|0|0|0|0|0
S|OSPRI|33136356|-80388450| |IF|0|0|0|0|0|0|0|0|0|0|0|0|0
S|PAMJE|33050664|-80306819| |TF|0|0|0|0|0|250|3|10000|5000|0|0|0|0
S|LLEXI|32902231|-80169789| |TF|0|0|0|0|0|210|1|5000|0|0|0|0|0
S|JAARD|32842994|-80114994| |TF|0|0|0|0|0|210|0|4000|0|1|0|0|0
S|KCHS|32898647|-80040528| |VM|0|14900|0|0|0|0|0|0|0|0|0|0|0

P|OSPRI7|03|IRQ|0|10
S|IRQ|33707353|-82162064| |IF|0|0|0|0|0|0|0|0|0|0|0|0|0
S|BEEFE|33589803|-81787014| |TF|0|0|0|0|0|0|1|24000|0|0|0|0|0
S|BUBOO|33256592|-80747786| |TF|0|0|0|0|0|0|3|21000|11000|0|0|0|0
S|TRTLS|33232878|-80673475| |TF|0|0|0|0|0|0|1|10000|0|0|0|0|0
S|TRTLS|33232878|-80673475| |IF|0|0|0|0|0|0|1|10000|0|0|0|0|0
S|OSPRI|33136356|-80388450| |TF|0|0|0|0|0|0|0|0|0|0|0|0|0
S|OSPRI|33136356|-80388450| |IF|0|0|0|0|0|0|0|0|0|0|0|0|0
S|AALEX|33053547|-80340769| |TF|0|0|0|0|0|250|3|10000|5000|0|0|0|0
S|RECHY|32865839|-80241333| |TF|0|0|0|0|0|210|0|4000|0|1|0|0|0
S|KCHS|32898647|-80040528| |VM|0|12500|0|0|0|0|0|0|0|0|0|0|0

P|OSPRI7|15|IRQ|0|8
S|IRQ|33707353|-82162064| |IF|0|0|0|0|0|0|0|0|0|0|0|0|0
S|BEEFE|33589803|-81787014| |TF|0|0|0|0|0|0|1|24000|0|0|0|0|0
S|BUBOO|33256592|-80747786| |TF|0|0|0|0|0|0|3|21000|11000|0|0|0|0
S|TRTLS|33232878|-80673475| |TF|0|0|0|0|0|0|1|10000|0|0|0|0|0
S|TRTLS|33232878|-80673475| |IF|0|0|0|0|0|0|1|10000|0|0|0|0|0
S|OSPRI|33136356|-80388450| |TF|0|0|0|0|0|0|0|0|0|0|0|0|0
S|OSPRI|33136356|-80388450| |IF|0|0|0|0|0|0|0|0|0|0|0|0|0
S|LUTHR|33134597|-80216561| |TF|0|0|0|0|0|0|1|4000|0|0|0|0|0

P|OSPRI7|21|IRQ|0|10
S|IRQ|33707353|-82162064| |IF|0|0|0|0|0|0|0|0|0|0|0|0|0
S|BEEFE|33589803|-81787014| |TF|0|0|0|0|0|0|1|24000|0|0|0|0|0
S|BUBOO|33256592|-80747786| |TF|0|0|0|0|0|0|3|21000|11000|0|0|0|0
S|TRTLS|33232878|-80673475| |TF|0|0|0|0|0|0|1|10000|0|0|0|0|0
S|TRTLS|33232878|-80673475| |IF|0|0|0|0|0|0|1|10000|0|0|0|0|0
S|OSPRI|33136356|-80388450| |TF|0|0|0|0|0|0|0|0|0|0|0|0|0
S|OSPRI|33136356|-80388450| |IF|0|0|0|0|0|0|0|0|0|0|0|0|0
S|LUTHR|33134597|-80216561| |TF|0|0|0|0|0|0|1|4000|0|0|0|0|0
S|MYERS|33028183|-80067489| |TF|0|0|0|0|0|0|0|3000|0|1|0|0|0
S|KCHS|32898647|-80040528| |VM|0|13700|0|0|0|0|0|0|0|0|0|0|0

P|OSPRI7|33|IRQ|0|11
S|IRQ|33707353|-82162064| |IF|0|0|0|0|0|0|0|0|0|0|0|0|0
S|BEEFE|33589803|-81787014| |TF|0|0|0|0|0|0|1|24000|0|0|0|0|0
S|BUBOO|33256592|-80747786| |TF|0|0|0|0|0|0|3|21000|11000|0|0|0|0
S|TRTLS|33232878|-80673475| |TF|0|0|0|0|0|0|1|10000|0|0|0|0|0
S|TRTLS|33232878|-80673475| |IF|0|0|0|0|0|0|1|10000|0|0|0|0|0
S|OSPRI|33136356|-80388450| |TF|0|0|0|0|0|0|0|0|0|0|0|0|0
S|OSPRI|33136356|-80388450| |IF|0|0|0|0|0|0|0|0|0|0|0|0|0
S|PAMJE|33050664|-80306819| |TF|0|0|0|0|0|250|3|10000|5000|0|0|0|0
S|LLEXI|32902231|-80169789| |TF|0|0|0|0|0|210|1|5000|0|0|0|0|0
S|JAARD|32842994|-80114994| |TF|0|0|0|0|0|210|0|4000|0|1|0|0|0
S|KCHS|32898647|-80040528| |VM|0|14900|0|0|0|0|0|0|0|0|0|0|0

P|OSPRI7|03|OBNEE|0|12
S|OBNEE|34740056|-80626644| |IF|0|0|0|0|0|0|0|0|0|0|0|0|0
S|NALVE|34531608|-80626661| |TF|0|0|0|0|0|0|0|0|0|0|0|0|0
S|COINT|33972908|-80631508| |TF|0|0|0|0|0|0|0|0|0|0|0|0|0
S|COBDA|33341186|-80747144| |TF|0|0|0|0|0|0|0|0|0|0|0|0|0
S|NINJA|33290881|-80712900| |TF|0|0|0|0|0|0|3|22000|11000|0|0|0|0
S|TRTLS|33232878|-80673475| |TF|0|0|0|0|0|0|1|10000|0|0|0|0|0
S|TRTLS|33232878|-80673475| |IF|0|0|0|0|0|0|1|10000|0|0|0|0|0
S|OSPRI|33136356|-80388450| |TF|0|0|0|0|0|0|0|0|0|0|0|0|0
S|OSPRI|33136356|-80388450| |IF|0|0|0|0|0|0|0|0|0|0|0|0|0
S|AALEX|33053547|-80340769| |TF|0|0|0|0|0|250|3|10000|5000|0|0|0|0
S|RECHY|32865839|-80241333| |TF|0|0|0|0|0|210|0|4000|0|1|0|0|0
S|KCHS|32898647|-80040528| |VM|0|12500|0|0|0|0|0|0|0|0|0|0|0

P|OSPRI7|15|OBNEE|0|10
S|OBNEE|34740056|-80626644| |IF|0|0|0|0|0|0|0|0|0|0|0|0|0
S|NALVE|34531608|-80626661| |TF|0|0|0|0|0|0|0|0|0|0|0|0|0
S|COINT|33972908|-80631508| |TF|0|0|0|0|0|0|0|0|0|0|0|0|0
S|COBDA|33341186|-80747144| |TF|0|0|0|0|0|0|0|0|0|0|0|0|0
S|NINJA|33290881|-80712900| |TF|0|0|0|0|0|0|3|22000|11000|0|0|0|0
S|TRTLS|33232878|-80673475| |TF|0|0|0|0|0|0|1|10000|0|0|0|0|0
S|TRTLS|33232878|-80673475| |IF|0|0|0|0|0|0|1|10000|0|0|0|0|0
S|OSPRI|33136356|-80388450| |TF|0|0|0|0|0|0|0|0|0|0|0|0|0
S|OSPRI|33136356|-80388450| |IF|0|0|0|0|0|0|0|0|0|0|0|0|0
S|LUTHR|33134597|-80216561| |TF|0|0|0|0|0|0|1|4000|0|0|0|0|0

P|OSPRI7|21|OBNEE|0|12
S|OBNEE|34740056|-80626644| |IF|0|0|0|0|0|0|0|0|0|0|0|0|0
S|NALVE|34531608|-80626661| |TF|0|0|0|0|0|0|0|0|0|0|0|0|0
S|COINT|33972908|-80631508| |TF|0|0|0|0|0|0|0|0|0|0|0|0|0
S|COBDA|33341186|-80747144| |TF|0|0|0|0|0|0|0|0|0|0|0|0|0
S|NINJA|33290881|-80712900| |TF|0|0|0|0|0|0|3|22000|11000|0|0|0|0
S|TRTLS|33232878|-80673475| |TF|0|0|0|0|0|0|1|10000|0|0|0|0|0
S|TRTLS|33232878|-80673475| |IF|0|0|0|0|0|0|1|10000|0|0|0|0|0
S|OSPRI|33136356|-80388450| |TF|0|0|0|0|0|0|0|0|0|0|0|0|0
S|OSPRI|33136356|-80388450| |IF|0|0|0|0|0|0|0|0|0|0|0|0|0
S|LUTHR|33134597|-80216561| |TF|0|0|0|0|0|0|1|4000|0|0|0|0|0
S|MYERS|33028183|-80067489| |TF|0|0|0|0|0|0|0|3000|0|1|0|0|0
S|KCHS|32898647|-80040528| |VM|0|13700|0|0|0|0|0|0|0|0|0|0|0

P|OSPRI7|33|OBNEE|0|13
S|OBNEE|34740056|-80626644| |IF|0|0|0|0|0|0|0|0|0|0|0|0|0
S|NALVE|34531608|-80626661| |TF|0|0|0|0|0|0|0|0|0|0|0|0|0
S|COINT|33972908|-80631508| |TF|0|0|0|0|0|0|0|0|0|0|0|0|0
S|COBDA|33341186|-80747144| |TF|0|0|0|0|0|0|0|0|0|0|0|0|0
S|NINJA|33290881|-80712900| |TF|0|0|0|0|0|0|3|22000|11000|0|0|0|0
S|TRTLS|33232878|-80673475| |TF|0|0|0|0|0|0|1|10000|0|0|0|0|0
S|TRTLS|33232878|-80673475| |IF|0|0|0|0|0|0|1|10000|0|0|0|0|0
S|OSPRI|33136356|-80388450| |TF|0|0|0|0|0|0|0|0|0|0|0|0|0
S|OSPRI|33136356|-80388450| |IF|0|0|0|0|0|0|0|0|0|0|0|0|0
S|PAMJE|33050664|-80306819| |TF|0|0|0|0|0|250|3|10000|5000|0|0|0|0
S|LLEXI|32902231|-80169789| |TF|0|0|0|0|0|210|1|5000|0|0|0|0|0
S|JAARD|32842994|-80114994| |TF|0|0|0|0|0|210|0|4000|0|1|0|0|0
S|KCHS|32898647|-80040528| |VM|0|14900|0|0|0|0|0|0|0|0|0|0|0

P|OSPRI7|03|UNJAM|0|10
S|UNJAM|34215694|-80803003| |IF|0|0|0|0|0|0|0|0|0|0|0|0|0
S|COBDA|33341186|-80747144| |TF|0|0|0|0|0|0|0|0|0|0|0|0|0
S|NINJA|33290881|-80712900| |TF|0|0|0|0|0|0|3|22000|11000|0|0|0|0
S|TRTLS|33232878|-80673475| |TF|0|0|0|0|0|0|1|10000|0|0|0|0|0
S|TRTLS|33232878|-80673475| |IF|0|0|0|0|0|0|1|10000|0|0|0|0|0
S|OSPRI|33136356|-80388450| |TF|0|0|0|0|0|0|0|0|0|0|0|0|0
S|OSPRI|33136356|-80388450| |IF|0|0|0|0|0|0|0|0|0|0|0|0|0
S|AALEX|33053547|-80340769| |TF|0|0|0|0|0|250|3|10000|5000|0|0|0|0
S|RECHY|32865839|-80241333| |TF|0|0|0|0|0|210|0|4000|0|1|0|0|0
S|KCHS|32898647|-80040528| |VM|0|12500|0|0|0|0|0|0|0|0|0|0|0

P|OSPRI7|15|UNJAM|0|8
S|UNJAM|34215694|-80803003| |IF|0|0|0|0|0|0|0|0|0|0|0|0|0
S|COBDA|33341186|-80747144| |TF|0|0|0|0|0|0|0|0|0|0|0|0|0
S|NINJA|33290881|-80712900| |TF|0|0|0|0|0|0|3|22000|11000|0|0|0|0
S|TRTLS|33232878|-80673475| |TF|0|0|0|0|0|0|1|10000|0|0|0|0|0
S|TRTLS|33232878|-80673475| |IF|0|0|0|0|0|0|1|10000|0|0|0|0|0
S|OSPRI|33136356|-80388450| |TF|0|0|0|0|0|0|0|0|0|0|0|0|0
S|OSPRI|33136356|-80388450| |IF|0|0|0|0|0|0|0|0|0|0|0|0|0
S|LUTHR|33134597|-80216561| |TF|0|0|0|0|0|0|1|4000|0|0|0|0|0

P|OSPRI7|21|UNJAM|0|10
S|UNJAM|34215694|-80803003| |IF|0|0|0|0|0|0|0|0|0|0|0|0|0
S|COBDA|33341186|-80747144| |TF|0|0|0|0|0|0|0|0|0|0|0|0|0
S|NINJA|33290881|-80712900| |TF|0|0|0|0|0|0|3|22000|11000|0|0|0|0
S|TRTLS|33232878|-80673475| |TF|0|0|0|0|0|0|1|10000|0|0|0|0|0
S|TRTLS|33232878|-80673475| |IF|0|0|0|0|0|0|1|10000|0|0|0|0|0
S|OSPRI|33136356|-80388450| |TF|0|0|0|0|0|0|0|0|0|0|0|0|0
S|OSPRI|33136356|-80388450| |IF|0|0|0|0|0|0|0|0|0|0|0|0|0
S|LUTHR|33134597|-80216561| |TF|0|0|0|0|0|0|1|4000|0|0|0|0|0
S|MYERS|33028183|-80067489| |TF|0|0|0|0|0|0|0|3000|0|1|0|0|0
S|KCHS|32898647|-80040528| |VM|0|13700|0|0|0|0|0|0|0|0|0|0|0

P|OSPRI7|33|UNJAM|0|11
S|UNJAM|34215694|-80803003| |IF|0|0|0|0|0|0|0|0|0|0|0|0|0
S|COBDA|33341186|-80747144| |TF|0|0|0|0|0|0|0|0|0|0|0|0|0
S|NINJA|33290881|-80712900| |TF|0|0|0|0|0|0|3|22000|11000|0|0|0|0
S|TRTLS|33232878|-80673475| |TF|0|0|0|0|0|0|1|10000|0|0|0|0|0
S|TRTLS|33232878|-80673475| |IF|0|0|0|0|0|0|1|10000|0|0|0|0|0
S|OSPRI|33136356|-80388450| |TF|0|0|0|0|0|0|0|0|0|0|0|0|0
S|OSPRI|33136356|-80388450| |IF|0|0|0|0|0|0|0|0|0|0|0|0|0
S|PAMJE|33050664|-80306819| |TF|0|0|0|0|0|250|3|10000|5000|0|0|0|0
S|LLEXI|32902231|-80169789| |TF|0|0|0|0|0|210|1|5000|0|0|0|0|0
S|JAARD|32842994|-80114994| |TF|0|0|0|0|0|210|0|4000|0|1|0|0|0
S|KCHS|32898647|-80040528| |VM|0|14900|0|0|0|0|0|0|0|0|0|0|0

