P|BUUDD3|12R|BUUDD|0|6
S|BUUDD|39246433|-89723747| |IF|0|0|0|0|0|0|0|0|0|0|0|0|0
S|WEIZZ|39148808|-89918644| |TF|0|0|0|0|0|0|0|0|0|0|0|0|0
S|WEIZZ|39148808|-89918644| |IF|0|0|0|0|0|0|0|0|0|0|0|0|0
S|JULYA|38975919|-89960906| |TF|0|0|0|0|0|0|0|0|0|0|0|0|0
S|PAMMM|38805253|-89930400| |TF|0|0|0|0|0|0|0|0|0|1|0|0|0
S|PAMMM|38805253|-89930400|SPI|FM|0|18600|6310|19180|0|0|0|0|0|0|0|0|0

P|BUUDD3|30L|BUUDD|0|7
S|BUUDD|39246433|-89723747| |IF|0|0|0|0|0|0|0|0|0|0|0|0|0
S|WEIZZ|39148808|-89918644| |TF|0|0|0|0|0|0|0|0|0|0|0|0|0
S|WEIZZ|39148808|-89918644| |IF|0|0|0|0|0|0|0|0|0|0|0|0|0
S|JULYA|38975919|-89960906| |TF|0|0|0|0|0|0|0|0|0|0|0|0|0
S|PAMMM|38805253|-89930400| |TF|0|0|0|0|0|0|0|0|0|0|0|0|0
S|SUGAR|38524300|-89824467| |TF|0|0|0|0|0|0|0|0|0|1|0|0|0
S|SUGAR|38524300|-89824467|SPI|FM|0|23300|7920|18600|0|0|0|0|0|0|0|0|0

P|BUUDD3|30R|BUUDD|0|7
S|BUUDD|39246433|-89723747| |IF|0|0|0|0|0|0|0|0|0|0|0|0|0
S|WEIZZ|39148808|-89918644| |TF|0|0|0|0|0|0|0|0|0|0|0|0|0
S|WEIZZ|39148808|-89918644| |IF|0|0|0|0|0|0|0|0|0|0|0|0|0
S|JULYA|38975919|-89960906| |TF|0|0|0|0|0|0|0|0|0|0|0|0|0
S|PAMMM|38805253|-89930400| |TF|0|0|0|0|0|0|0|0|0|0|0|0|0
S|SUGAR|38524300|-89824467| |TF|0|0|0|0|0|0|0|0|0|1|0|0|0
S|SUGAR|38524300|-89824467|SPI|FM|0|23300|7920|18600|0|0|0|0|0|0|0|0|0

P|DELMA4|12R|DELMA|0|5
S|DELMA|38137172|-90912258| |IF|0|0|0|0|0|0|0|0|0|0|0|0|0
S|MMRSN|38303608|-90814214| |TF|0|0|0|0|0|0|0|0|0|0|0|0|0
S|MMRSN|38303608|-90814214| |IF|0|0|0|0|0|0|0|0|0|0|0|0|0
S|FOSKU|38578600|-90399144| |TF|0|0|0|0|0|0|0|0|0|1|0|0|0
S|FOSKU|38578600|-90399144|SPI|FM|0|8000|8280|20520|0|0|0|0|0|0|0|0|0

P|DELMA4|30L|DELMA|0|6
S|DELMA|38137172|-90912258| |IF|0|0|0|0|0|0|0|0|0|0|0|0|0
S|MMRSN|38303608|-90814214| |TF|0|0|0|0|0|0|0|0|0|0|0|0|0
S|MMRSN|38303608|-90814214| |IF|0|0|0|0|0|0|0|0|0|0|0|0|0
S|ESSAR|38357617|-90197297| |TF|0|0|0|0|0|0|0|0|0|0|0|0|0
S|HOLLT|38374561|-89994267| |TF|0|0|0|0|0|0|0|0|0|1|0|0|0
S|HOLLT|38374561|-89994267|SPI|FM|0|3300|8910|19070|0|0|0|0|0|0|0|0|0

P|DELMA4|30R|DELMA|0|6
S|DELMA|38137172|-90912258| |IF|0|0|0|0|0|0|0|0|0|0|0|0|0
S|MMRSN|38303608|-90814214| |TF|0|0|0|0|0|0|0|0|0|0|0|0|0
S|MMRSN|38303608|-90814214| |IF|0|0|0|0|0|0|0|0|0|0|0|0|0
S|ESSAR|38357617|-90197297| |TF|0|0|0|0|0|0|0|0|0|0|0|0|0
S|HOLLT|38374561|-89994267| |TF|0|0|0|0|0|0|0|0|0|1|0|0|0
S|HOLLT|38374561|-89994267|SPI|FM|0|3300|8910|19070|0|0|0|0|0|0|0|0|0

P|DIXEE3|12R|DIXEE|0|5
S|DIXEE|38580528|-91208278| |IF|0|0|0|0|0|0|0|0|0|0|0|0|0
S|EVVNS|38521464|-90935908| |TF|0|0|0|0|0|0|0|0|0|0|0|0|0
S|EVVNS|38521464|-90935908| |IF|0|0|0|0|0|0|0|0|0|0|0|0|0
S|FOSKU|38578600|-90399144| |TF|0|0|0|0|0|0|0|0|0|1|0|0|0
S|FOSKU|38578600|-90399144|STL|FM|0|8200|1740|16600|0|0|0|0|0|0|0|0|0

P|DIXEE3|30L|DIXEE|0|6
S|DIXEE|38580528|-91208278| |IF|0|0|0|0|0|0|0|0|0|0|0|0|0
S|EVVNS|38521464|-90935908| |TF|0|0|0|0|0|0|0|0|0|0|0|0|0
S|EVVNS|38521464|-90935908| |IF|0|0|0|0|0|0|0|0|0|0|0|0|0
S|ESSAR|38357617|-90197297| |TF|0|0|0|0|0|0|0|0|0|0|0|0|0
S|HOLLT|38374561|-89994267| |TF|0|0|0|0|0|0|0|0|0|1|0|0|0
S|HOLLT|38374561|-89994267|STL|FM|0|3000|3710|14060|0|0|0|0|0|0|0|0|0

P|DIXEE3|30R|DIXEE|0|6
S|DIXEE|38580528|-91208278| |IF|0|0|0|0|0|0|0|0|0|0|0|0|0
S|EVVNS|38521464|-90935908| |TF|0|0|0|0|0|0|0|0|0|0|0|0|0
S|EVVNS|38521464|-90935908| |IF|0|0|0|0|0|0|0|0|0|0|0|0|0
S|ESSAR|38357617|-90197297| |TF|0|0|0|0|0|0|0|0|0|0|0|0|0
S|HOLLT|38374561|-89994267| |TF|0|0|0|0|0|0|0|0|0|1|0|0|0
S|HOLLT|38374561|-89994267|STL|FM|0|3000|3710|14060|0|0|0|0|0|0|0|0|0

P|FARMR3|12R|FARMR|0|5
S|FARMR|39409064|-90739775| |IF|0|0|0|0|0|0|0|0|0|0|0|0|0
S|FASHE|39133669|-90260714| |TF|0|0|0|0|0|0|0|0|0|0|0|0|0
S|FASHE|39133669|-90260714| |IF|0|0|0|0|0|0|0|0|0|0|0|0|0
S|PAMMM|38805253|-89930400| |TF|0|0|0|0|0|0|0|0|0|1|0|0|0
S|PAMMM|38805253|-89930400|STL|FM|0|18500|2610|9610|0|0|0|0|0|0|0|0|0

P|FARMR3|30L|FARMR|0|5
S|FARMR|39409064|-90739775| |IF|0|0|0|0|0|0|0|0|0|0|0|0|0
S|FASHE|39133669|-90260714| |TF|0|0|0|0|0|0|0|0|0|0|0|0|0
S|FASHE|39133669|-90260714| |IF|0|0|0|0|0|0|0|0|0|0|0|0|0
S|PAMMM|38805253|-89930400| |TF|0|0|0|0|0|0|0|0|0|1|0|0|0
S|PAMMM|38805253|-89930400|STL|FM|0|18500|2610|9610|0|0|0|0|0|0|0|0|0

P|FARMR3|30R|FARMR|0|5
S|FARMR|39409064|-90739775| |IF|0|0|0|0|0|0|0|0|0|0|0|0|0
S|FASHE|39133669|-90260714| |TF|0|0|0|0|0|0|0|0|0|0|0|0|0
S|FASHE|39133669|-90260714| |IF|0|0|0|0|0|0|0|0|0|0|0|0|0
S|PAMMM|38805253|-89930400| |TF|0|0|0|0|0|0|0|0|0|1|0|0|0
S|PAMMM|38805253|-89930400|STL|FM|0|18500|2610|9610|0|0|0|0|0|0|0|0|0

