P|BONZZ2|21L|JAMOX|0|13
S|JAMOX|39710750|-81862256| |IF|0|0|0|0|0|0|0|0|0|0|0|0|0
S|BOBCT|40548783|-82012858| |TF|0|0|0|0|0|0|0|0|0|0|0|0|0
S|SSAID|40919542|-82139692| |TF|0|0|0|0|0|0|0|0|0|0|0|0|0
S|EEEZI|41225875|-82245453| |TF|0|0|0|0|0|280|3|27000|24000|0|0|0|0
S|HUMRR|41503347|-82536936| |TF|0|0|0|0|0|0|0|0|0|0|0|0|0
S|BONZZ|41748414|-82797125| |TF|0|0|0|0|0|280|3|21000|15000|0|0|0|0
S|BONZZ|41748414|-82797125| |IF|0|0|0|0|0|280|3|21000|15000|0|0|0|0
S|KLYNK|41879364|-82988794| |TF|0|0|0|0|0|0|3|15000|12000|0|0|0|0
S|TMBIT|42038839|-83225794| |TF|0|0|0|0|0|250|3|11000|10000|0|0|0|0
S|FFORK|42087578|-83296769| |TF|0|0|0|0|0|0|1|9000|0|0|0|0|0
S|FFORK|42087578|-83296769| |IF|0|0|0|0|0|0|1|9000|0|0|0|0|0
S|TBRRD|42230578|-83184953| |TF|0|0|0|0|0|210|0|8000|0|1|0|0|0
S|TBRRD|42230578|-83184953|AIR|FM|0|3600|17070|32880|0|0|0|0|0|0|0|0|0

P|BONZZ2|21R|JAMOX|0|13
S|JAMOX|39710750|-81862256| |IF|0|0|0|0|0|0|0|0|0|0|0|0|0
S|BOBCT|40548783|-82012858| |TF|0|0|0|0|0|0|0|0|0|0|0|0|0
S|SSAID|40919542|-82139692| |TF|0|0|0|0|0|0|0|0|0|0|0|0|0
S|EEEZI|41225875|-82245453| |TF|0|0|0|0|0|280|3|27000|24000|0|0|0|0
S|HUMRR|41503347|-82536936| |TF|0|0|0|0|0|0|0|0|0|0|0|0|0
S|BONZZ|41748414|-82797125| |TF|0|0|0|0|0|280|3|21000|15000|0|0|0|0
S|BONZZ|41748414|-82797125| |IF|0|0|0|0|0|280|3|21000|15000|0|0|0|0
S|KLYNK|41879364|-82988794| |TF|0|0|0|0|0|0|3|15000|12000|0|0|0|0
S|TMBIT|42038839|-83225794| |TF|0|0|0|0|0|250|3|11000|10000|0|0|0|0
S|FFORK|42087578|-83296769| |TF|0|0|0|0|0|0|1|9000|0|0|0|0|0
S|FFORK|42087578|-83296769| |IF|0|0|0|0|0|0|1|9000|0|0|0|0|0
S|TBRRD|42230578|-83184953| |TF|0|0|0|0|0|210|0|8000|0|1|0|0|0
S|TBRRD|42230578|-83184953|AIR|FM|0|3600|17070|32880|0|0|0|0|0|0|0|0|0

P|BONZZ2|22L|JAMOX|0|13
S|JAMOX|39710750|-81862256| |IF|0|0|0|0|0|0|0|0|0|0|0|0|0
S|BOBCT|40548783|-82012858| |TF|0|0|0|0|0|0|0|0|0|0|0|0|0
S|SSAID|40919542|-82139692| |TF|0|0|0|0|0|0|0|0|0|0|0|0|0
S|EEEZI|41225875|-82245453| |TF|0|0|0|0|0|280|3|27000|24000|0|0|0|0
S|HUMRR|41503347|-82536936| |TF|0|0|0|0|0|0|0|0|0|0|0|0|0
S|BONZZ|41748414|-82797125| |TF|0|0|0|0|0|280|3|21000|15000|0|0|0|0
S|BONZZ|41748414|-82797125| |IF|0|0|0|0|0|280|3|21000|15000|0|0|0|0
S|KLYNK|41879364|-82988794| |TF|0|0|0|0|0|0|3|15000|12000|0|0|0|0
S|TMBIT|42038839|-83225794| |TF|0|0|0|0|0|250|3|11000|10000|0|0|0|0
S|FFORK|42087578|-83296769| |TF|0|0|0|0|0|0|1|9000|0|0|0|0|0
S|FFORK|42087578|-83296769| |IF|0|0|0|0|0|0|1|9000|0|0|0|0|0
S|TBRRD|42230578|-83184953| |TF|0|0|0|0|0|210|0|8000|0|1|0|0|0
S|TBRRD|42230578|-83184953|AIR|FM|0|3600|17070|32880|0|0|0|0|0|0|0|0|0

P|BONZZ2|22R|JAMOX|0|14
S|JAMOX|39710750|-81862256| |IF|0|0|0|0|0|0|0|0|0|0|0|0|0
S|BOBCT|40548783|-82012858| |TF|0|0|0|0|0|0|0|0|0|0|0|0|0
S|SSAID|40919542|-82139692| |TF|0|0|0|0|0|0|0|0|0|0|0|0|0
S|EEEZI|41225875|-82245453| |TF|0|0|0|0|0|280|3|27000|24000|0|0|0|0
S|HUMRR|41503347|-82536936| |TF|0|0|0|0|0|0|0|0|0|0|0|0|0
S|BONZZ|41748414|-82797125| |TF|0|0|0|0|0|280|3|21000|15000|0|0|0|0
S|BONZZ|41748414|-82797125| |IF|0|0|0|0|0|280|3|21000|15000|0|0|0|0
S|KLYNK|41879364|-82988794| |TF|0|0|0|0|0|0|3|15000|12000|0|0|0|0
S|TMBIT|42038839|-83225794| |TF|0|0|0|0|0|250|3|11000|10000|0|0|0|0
S|FFORK|42087578|-83296769| |TF|0|0|0|0|0|0|1|9000|0|0|0|0|0
S|FFORK|42087578|-83296769| |IF|0|0|0|0|0|0|1|9000|0|0|0|0|0
S|TRPRS|42190553|-83532172| |TF|0|0|0|0|0|0|0|0|0|0|0|0|0
S|DZMND|42261908|-83480056| |TF|0|0|0|0|0|210|0|8000|0|1|0|0|0
S|DZMND|42261908|-83480056|AIR|FM|0|3300|18080|32600|0|0|0|0|0|0|0|0|0

P|BONZZ2|21L|KOZAR|0|11
S|KOZAR|40595047|-80584736| |IF|0|0|0|0|0|0|0|0|0|0|0|0|0
S|EEEZI|41225875|-82245453| |TF|0|0|0|0|0|280|3|27000|24000|0|0|0|0
S|HUMRR|41503347|-82536936| |TF|0|0|0|0|0|0|0|0|0|0|0|0|0
S|BONZZ|41748414|-82797125| |TF|0|0|0|0|0|280|3|21000|15000|0|0|0|0
S|BONZZ|41748414|-82797125| |IF|0|0|0|0|0|280|3|21000|15000|0|0|0|0
S|KLYNK|41879364|-82988794| |TF|0|0|0|0|0|0|3|15000|12000|0|0|0|0
S|TMBIT|42038839|-83225794| |TF|0|0|0|0|0|250|3|11000|10000|0|0|0|0
S|FFORK|42087578|-83296769| |TF|0|0|0|0|0|0|1|9000|0|0|0|0|0
S|FFORK|42087578|-83296769| |IF|0|0|0|0|0|0|1|9000|0|0|0|0|0
S|TBRRD|42230578|-83184953| |TF|0|0|0|0|0|210|0|8000|0|1|0|0|0
S|TBRRD|42230578|-83184953|AIR|FM|0|3600|17070|32880|0|0|0|0|0|0|0|0|0

P|BONZZ2|21R|KOZAR|0|11
S|KOZAR|40595047|-80584736| |IF|0|0|0|0|0|0|0|0|0|0|0|0|0
S|EEEZI|41225875|-82245453| |TF|0|0|0|0|0|280|3|27000|24000|0|0|0|0
S|HUMRR|41503347|-82536936| |TF|0|0|0|0|0|0|0|0|0|0|0|0|0
S|BONZZ|41748414|-82797125| |TF|0|0|0|0|0|280|3|21000|15000|0|0|0|0
S|BONZZ|41748414|-82797125| |IF|0|0|0|0|0|280|3|21000|15000|0|0|0|0
S|KLYNK|41879364|-82988794| |TF|0|0|0|0|0|0|3|15000|12000|0|0|0|0
S|TMBIT|42038839|-83225794| |TF|0|0|0|0|0|250|3|11000|10000|0|0|0|0
S|FFORK|42087578|-83296769| |TF|0|0|0|0|0|0|1|9000|0|0|0|0|0
S|FFORK|42087578|-83296769| |IF|0|0|0|0|0|0|1|9000|0|0|0|0|0
S|TBRRD|42230578|-83184953| |TF|0|0|0|0|0|210|0|8000|0|1|0|0|0
S|TBRRD|42230578|-83184953|AIR|FM|0|3600|17070|32880|0|0|0|0|0|0|0|0|0

P|BONZZ2|22L|KOZAR|0|11
S|KOZAR|40595047|-80584736| |IF|0|0|0|0|0|0|0|0|0|0|0|0|0
S|EEEZI|41225875|-82245453| |TF|0|0|0|0|0|280|3|27000|24000|0|0|0|0
S|HUMRR|41503347|-82536936| |TF|0|0|0|0|0|0|0|0|0|0|0|0|0
S|BONZZ|41748414|-82797125| |TF|0|0|0|0|0|280|3|21000|15000|0|0|0|0
S|BONZZ|41748414|-82797125| |IF|0|0|0|0|0|280|3|21000|15000|0|0|0|0
S|KLYNK|41879364|-82988794| |TF|0|0|0|0|0|0|3|15000|12000|0|0|0|0
S|TMBIT|42038839|-83225794| |TF|0|0|0|0|0|250|3|11000|10000|0|0|0|0
S|FFORK|42087578|-83296769| |TF|0|0|0|0|0|0|1|9000|0|0|0|0|0
S|FFORK|42087578|-83296769| |IF|0|0|0|0|0|0|1|9000|0|0|0|0|0
S|TBRRD|42230578|-83184953| |TF|0|0|0|0|0|210|0|8000|0|1|0|0|0
S|TBRRD|42230578|-83184953|AIR|FM|0|3600|17070|32880|0|0|0|0|0|0|0|0|0

P|BONZZ2|22R|KOZAR|0|12
S|KOZAR|40595047|-80584736| |IF|0|0|0|0|0|0|0|0|0|0|0|0|0
S|EEEZI|41225875|-82245453| |TF|0|0|0|0|0|280|3|27000|24000|0|0|0|0
S|HUMRR|41503347|-82536936| |TF|0|0|0|0|0|0|0|0|0|0|0|0|0
S|BONZZ|41748414|-82797125| |TF|0|0|0|0|0|280|3|21000|15000|0|0|0|0
S|BONZZ|41748414|-82797125| |IF|0|0|0|0|0|280|3|21000|15000|0|0|0|0
S|KLYNK|41879364|-82988794| |TF|0|0|0|0|0|0|3|15000|12000|0|0|0|0
S|TMBIT|42038839|-83225794| |TF|0|0|0|0|0|250|3|11000|10000|0|0|0|0
S|FFORK|42087578|-83296769| |TF|0|0|0|0|0|0|1|9000|0|0|0|0|0
S|FFORK|42087578|-83296769| |IF|0|0|0|0|0|0|1|9000|0|0|0|0|0
S|TRPRS|42190553|-83532172| |TF|0|0|0|0|0|0|0|0|0|0|0|0|0
S|DZMND|42261908|-83480056| |TF|0|0|0|0|0|210|0|8000|0|1|0|0|0
S|DZMND|42261908|-83480056|AIR|FM|0|3300|18080|32600|0|0|0|0|0|0|0|0|0

P|CRAKN2|ALL|SUBWY|0|9
S|SUBWY|39697800|-82176156| |IF|0|0|0|0|0|0|0|0|0|0|0|0|0
S|COLTZ|40492172|-82305664| |TF|0|0|0|0|0|0|0|0|0|0|0|0|0
S|BUCKN|41078317|-82551544| |TF|0|0|0|0|0|280|3|27000|24000|0|0|0|0
S|FIYUR|41293036|-82646950| |TF|0|0|0|0|0|0|1|20000|0|0|0|0|0
S|CRAKN|41672925|-82940567| |TF|0|0|0|0|0|260|1|12000|0|0|0|0|0
S|CRAKN|41672925|-82940567| |IF|0|0|0|0|0|260|1|12000|0|0|0|0|0
S|CLDON|41816094|-83080953| |TF|0|0|0|0|0|0|3|10000|9000|0|0|0|0
S|MERCA|41842033|-83386989| |TF|0|0|0|0|0|210|0|7000|0|1|0|0|0
S|MERCA|41842033|-83386989|AIR|FM|0|28400|16010|32100|0|0|0|0|0|0|0|0|0

P|CUUGR2|03L|BOBTA|0|13
S|BOBTA|43814444|-79658611| |IF|0|0|0|0|0|0|0|0|0|0|0|0|0
S|JAIBE|43005661|-80564169| |TF|0|0|0|0|0|0|0|0|0|0|0|0|0
S|GGUCE|42706844|-80890758| |TF|0|0|0|0|0|0|0|0|0|0|0|0|0
S|WLFMN|42684719|-81347706| |TF|0|0|0|0|0|280|1|24000|0|0|0|0|0
S|MAVVV|42644950|-81810158| |TF|0|0|0|0|0|0|0|0|0|0|0|0|0
S|TPGUN|42589556|-82420136| |TF|0|0|0|0|0|280|3|23000|16000|0|0|0|0
S|TPGUN|42589556|-82420136| |IF|0|0|0|0|0|280|3|23000|16000|0|0|0|0
S|HHUNT|42446575|-82852153| |TF|0|0|0|0|0|0|3|15000|12000|0|0|0|0
S|CUUGR|42364381|-83097431| |TF|0|0|0|0|0|250|3|11000|10000|0|0|0|0
S|CUUGR|42364381|-83097431| |IF|0|0|0|0|0|250|3|11000|10000|0|0|0|0
S|ROOAD|42284311|-83152878| |TF|0|0|0|0|0|0|0|0|0|0|0|0|0
S|ROYYY|42106114|-83275717| |TF|0|0|0|0|0|210|0|8000|0|1|0|0|0
S|ROYYY|42106114|-83275717|AIR|FM|0|21600|16770|32610|0|0|0|0|0|0|0|0|0

P|CUUGR2|03R|BOBTA|0|13
S|BOBTA|43814444|-79658611| |IF|0|0|0|0|0|0|0|0|0|0|0|0|0
S|JAIBE|43005661|-80564169| |TF|0|0|0|0|0|0|0|0|0|0|0|0|0
S|GGUCE|42706844|-80890758| |TF|0|0|0|0|0|0|0|0|0|0|0|0|0
S|WLFMN|42684719|-81347706| |TF|0|0|0|0|0|280|1|24000|0|0|0|0|0
S|MAVVV|42644950|-81810158| |TF|0|0|0|0|0|0|0|0|0|0|0|0|0
S|TPGUN|42589556|-82420136| |TF|0|0|0|0|0|280|3|23000|16000|0|0|0|0
S|TPGUN|42589556|-82420136| |IF|0|0|0|0|0|280|3|23000|16000|0|0|0|0
S|HHUNT|42446575|-82852153| |TF|0|0|0|0|0|0|3|15000|12000|0|0|0|0
S|CUUGR|42364381|-83097431| |TF|0|0|0|0|0|250|3|11000|10000|0|0|0|0
S|CUUGR|42364381|-83097431| |IF|0|0|0|0|0|250|3|11000|10000|0|0|0|0
S|ROOAD|42284311|-83152878| |TF|0|0|0|0|0|0|0|0|0|0|0|0|0
S|ROYYY|42106114|-83275717| |TF|0|0|0|0|0|210|0|8000|0|1|0|0|0
S|ROYYY|42106114|-83275717|AIR|FM|0|21600|16770|32610|0|0|0|0|0|0|0|0|0

P|CUUGR2|04L|BOBTA|0|13
S|BOBTA|43814444|-79658611| |IF|0|0|0|0|0|0|0|0|0|0|0|0|0
S|JAIBE|43005661|-80564169| |TF|0|0|0|0|0|0|0|0|0|0|0|0|0
S|GGUCE|42706844|-80890758| |TF|0|0|0|0|0|0|0|0|0|0|0|0|0
S|WLFMN|42684719|-81347706| |TF|0|0|0|0|0|280|1|24000|0|0|0|0|0
S|MAVVV|42644950|-81810158| |TF|0|0|0|0|0|0|0|0|0|0|0|0|0
S|TPGUN|42589556|-82420136| |TF|0|0|0|0|0|280|3|23000|16000|0|0|0|0
S|TPGUN|42589556|-82420136| |IF|0|0|0|0|0|280|3|23000|16000|0|0|0|0
S|HHUNT|42446575|-82852153| |TF|0|0|0|0|0|0|3|15000|12000|0|0|0|0
S|CUUGR|42364381|-83097431| |TF|0|0|0|0|0|250|3|11000|10000|0|0|0|0
S|CUUGR|42364381|-83097431| |IF|0|0|0|0|0|250|3|11000|10000|0|0|0|0
S|ZUBBY|42318094|-83437981| |TF|0|0|0|0|0|0|0|0|0|0|0|0|0
S|SKRUG|42259836|-83481700| |TF|0|0|0|0|0|210|0|8000|0|1|0|0|0
S|SKRUG|42259836|-83481700|AIR|FM|0|21800|18080|32590|0|0|0|0|0|0|0|0|0

P|CUUGR2|04R|BOBTA|0|13
S|BOBTA|43814444|-79658611| |IF|0|0|0|0|0|0|0|0|0|0|0|0|0
S|JAIBE|43005661|-80564169| |TF|0|0|0|0|0|0|0|0|0|0|0|0|0
S|GGUCE|42706844|-80890758| |TF|0|0|0|0|0|0|0|0|0|0|0|0|0
S|WLFMN|42684719|-81347706| |TF|0|0|0|0|0|280|1|24000|0|0|0|0|0
S|MAVVV|42644950|-81810158| |TF|0|0|0|0|0|0|0|0|0|0|0|0|0
S|TPGUN|42589556|-82420136| |TF|0|0|0|0|0|280|3|23000|16000|0|0|0|0
S|TPGUN|42589556|-82420136| |IF|0|0|0|0|0|280|3|23000|16000|0|0|0|0
S|HHUNT|42446575|-82852153| |TF|0|0|0|0|0|0|3|15000|12000|0|0|0|0
S|CUUGR|42364381|-83097431| |TF|0|0|0|0|0|250|3|11000|10000|0|0|0|0
S|CUUGR|42364381|-83097431| |IF|0|0|0|0|0|250|3|11000|10000|0|0|0|0
S|ROOAD|42284311|-83152878| |TF|0|0|0|0|0|0|0|0|0|0|0|0|0
S|ROYYY|42106114|-83275717| |TF|0|0|0|0|0|210|0|8000|0|1|0|0|0
S|ROYYY|42106114|-83275717|AIR|FM|0|21600|16770|32610|0|0|0|0|0|0|0|0|0

P|CUUGR2|03L|DONEO|0|13
S|DONEO|42784714|-79727344| |IF|0|0|0|0|0|0|0|0|0|0|0|0|0
S|VYPRE|42729706|-80371703| |TF|0|0|0|0|0|0|0|0|0|0|0|0|0
S|GGUCE|42706844|-80890758| |TF|0|0|0|0|0|0|0|0|0|0|0|0|0
S|WLFMN|42684719|-81347706| |TF|0|0|0|0|0|280|1|24000|0|0|0|0|0
S|MAVVV|42644950|-81810158| |TF|0|0|0|0|0|0|0|0|0|0|0|0|0
S|TPGUN|42589556|-82420136| |TF|0|0|0|0|0|280|3|23000|16000|0|0|0|0
S|TPGUN|42589556|-82420136| |IF|0|0|0|0|0|280|3|23000|16000|0|0|0|0
S|HHUNT|42446575|-82852153| |TF|0|0|0|0|0|0|3|15000|12000|0|0|0|0
S|CUUGR|42364381|-83097431| |TF|0|0|0|0|0|250|3|11000|10000|0|0|0|0
S|CUUGR|42364381|-83097431| |IF|0|0|0|0|0|250|3|11000|10000|0|0|0|0
S|ROOAD|42284311|-83152878| |TF|0|0|0|0|0|0|0|0|0|0|0|0|0
S|ROYYY|42106114|-83275717| |TF|0|0|0|0|0|210|0|8000|0|1|0|0|0
S|ROYYY|42106114|-83275717|AIR|FM|0|21600|16770|32610|0|0|0|0|0|0|0|0|0

P|CUUGR2|03R|DONEO|0|13
S|DONEO|42784714|-79727344| |IF|0|0|0|0|0|0|0|0|0|0|0|0|0
S|VYPRE|42729706|-80371703| |TF|0|0|0|0|0|0|0|0|0|0|0|0|0
S|GGUCE|42706844|-80890758| |TF|0|0|0|0|0|0|0|0|0|0|0|0|0
S|WLFMN|42684719|-81347706| |TF|0|0|0|0|0|280|1|24000|0|0|0|0|0
S|MAVVV|42644950|-81810158| |TF|0|0|0|0|0|0|0|0|0|0|0|0|0
S|TPGUN|42589556|-82420136| |TF|0|0|0|0|0|280|3|23000|16000|0|0|0|0
S|TPGUN|42589556|-82420136| |IF|0|0|0|0|0|280|3|23000|16000|0|0|0|0
S|HHUNT|42446575|-82852153| |TF|0|0|0|0|0|0|3|15000|12000|0|0|0|0
S|CUUGR|42364381|-83097431| |TF|0|0|0|0|0|250|3|11000|10000|0|0|0|0
S|CUUGR|42364381|-83097431| |IF|0|0|0|0|0|250|3|11000|10000|0|0|0|0
S|ROOAD|42284311|-83152878| |TF|0|0|0|0|0|0|0|0|0|0|0|0|0
S|ROYYY|42106114|-83275717| |TF|0|0|0|0|0|210|0|8000|0|1|0|0|0
S|ROYYY|42106114|-83275717|AIR|FM|0|21600|16770|32610|0|0|0|0|0|0|0|0|0

P|CUUGR2|04L|DONEO|0|13
S|DONEO|42784714|-79727344| |IF|0|0|0|0|0|0|0|0|0|0|0|0|0
S|VYPRE|42729706|-80371703| |TF|0|0|0|0|0|0|0|0|0|0|0|0|0
S|GGUCE|42706844|-80890758| |TF|0|0|0|0|0|0|0|0|0|0|0|0|0
S|WLFMN|42684719|-81347706| |TF|0|0|0|0|0|280|1|24000|0|0|0|0|0
S|MAVVV|42644950|-81810158| |TF|0|0|0|0|0|0|0|0|0|0|0|0|0
S|TPGUN|42589556|-82420136| |TF|0|0|0|0|0|280|3|23000|16000|0|0|0|0
S|TPGUN|42589556|-82420136| |IF|0|0|0|0|0|280|3|23000|16000|0|0|0|0
S|HHUNT|42446575|-82852153| |TF|0|0|0|0|0|0|3|15000|12000|0|0|0|0
S|CUUGR|42364381|-83097431| |TF|0|0|0|0|0|250|3|11000|10000|0|0|0|0
S|CUUGR|42364381|-83097431| |IF|0|0|0|0|0|250|3|11000|10000|0|0|0|0
S|ZUBBY|42318094|-83437981| |TF|0|0|0|0|0|0|0|0|0|0|0|0|0
S|SKRUG|42259836|-83481700| |TF|0|0|0|0|0|210|0|8000|0|1|0|0|0
S|SKRUG|42259836|-83481700|AIR|FM|0|21800|18080|32590|0|0|0|0|0|0|0|0|0

P|CUUGR2|04R|DONEO|0|13
S|DONEO|42784714|-79727344| |IF|0|0|0|0|0|0|0|0|0|0|0|0|0
S|VYPRE|42729706|-80371703| |TF|0|0|0|0|0|0|0|0|0|0|0|0|0
S|GGUCE|42706844|-80890758| |TF|0|0|0|0|0|0|0|0|0|0|0|0|0
S|WLFMN|42684719|-81347706| |TF|0|0|0|0|0|280|1|24000|0|0|0|0|0
S|MAVVV|42644950|-81810158| |TF|0|0|0|0|0|0|0|0|0|0|0|0|0
S|TPGUN|42589556|-82420136| |TF|0|0|0|0|0|280|3|23000|16000|0|0|0|0
S|TPGUN|42589556|-82420136| |IF|0|0|0|0|0|280|3|23000|16000|0|0|0|0
S|HHUNT|42446575|-82852153| |TF|0|0|0|0|0|0|3|15000|12000|0|0|0|0
S|CUUGR|42364381|-83097431| |TF|0|0|0|0|0|250|3|11000|10000|0|0|0|0
S|CUUGR|42364381|-83097431| |IF|0|0|0|0|0|250|3|11000|10000|0|0|0|0
S|ROOAD|42284311|-83152878| |TF|0|0|0|0|0|0|0|0|0|0|0|0|0
S|ROYYY|42106114|-83275717| |TF|0|0|0|0|0|210|0|8000|0|1|0|0|0
S|ROYYY|42106114|-83275717|AIR|FM|0|21600|16770|32610|0|0|0|0|0|0|0|0|0

P|CUUGR2|03L|GGUCE|0|11
S|GGUCE|42706844|-80890758| |IF|0|0|0|0|0|0|0|0|0|0|0|0|0
S|WLFMN|42684719|-81347706| |TF|0|0|0|0|0|280|1|24000|0|0|0|0|0
S|MAVVV|42644950|-81810158| |TF|0|0|0|0|0|0|0|0|0|0|0|0|0
S|TPGUN|42589556|-82420136| |TF|0|0|0|0|0|280|3|23000|16000|0|0|0|0
S|TPGUN|42589556|-82420136| |IF|0|0|0|0|0|280|3|23000|16000|0|0|0|0
S|HHUNT|42446575|-82852153| |TF|0|0|0|0|0|0|3|15000|12000|0|0|0|0
S|CUUGR|42364381|-83097431| |TF|0|0|0|0|0|250|3|11000|10000|0|0|0|0
S|CUUGR|42364381|-83097431| |IF|0|0|0|0|0|250|3|11000|10000|0|0|0|0
S|ROOAD|42284311|-83152878| |TF|0|0|0|0|0|0|0|0|0|0|0|0|0
S|ROYYY|42106114|-83275717| |TF|0|0|0|0|0|210|0|8000|0|1|0|0|0
S|ROYYY|42106114|-83275717|AIR|FM|0|21600|16770|32610|0|0|0|0|0|0|0|0|0

P|CUUGR2|03R|GGUCE|0|11
S|GGUCE|42706844|-80890758| |IF|0|0|0|0|0|0|0|0|0|0|0|0|0
S|WLFMN|42684719|-81347706| |TF|0|0|0|0|0|280|1|24000|0|0|0|0|0
S|MAVVV|42644950|-81810158| |TF|0|0|0|0|0|0|0|0|0|0|0|0|0
S|TPGUN|42589556|-82420136| |TF|0|0|0|0|0|280|3|23000|16000|0|0|0|0
S|TPGUN|42589556|-82420136| |IF|0|0|0|0|0|280|3|23000|16000|0|0|0|0
S|HHUNT|42446575|-82852153| |TF|0|0|0|0|0|0|3|15000|12000|0|0|0|0
S|CUUGR|42364381|-83097431| |TF|0|0|0|0|0|250|3|11000|10000|0|0|0|0
S|CUUGR|42364381|-83097431| |IF|0|0|0|0|0|250|3|11000|10000|0|0|0|0
S|ROOAD|42284311|-83152878| |TF|0|0|0|0|0|0|0|0|0|0|0|0|0
S|ROYYY|42106114|-83275717| |TF|0|0|0|0|0|210|0|8000|0|1|0|0|0
S|ROYYY|42106114|-83275717|AIR|FM|0|21600|16770|32610|0|0|0|0|0|0|0|0|0

P|CUUGR2|04L|GGUCE|0|11
S|GGUCE|42706844|-80890758| |IF|0|0|0|0|0|0|0|0|0|0|0|0|0
S|WLFMN|42684719|-81347706| |TF|0|0|0|0|0|280|1|24000|0|0|0|0|0
S|MAVVV|42644950|-81810158| |TF|0|0|0|0|0|0|0|0|0|0|0|0|0
S|TPGUN|42589556|-82420136| |TF|0|0|0|0|0|280|3|23000|16000|0|0|0|0
S|TPGUN|42589556|-82420136| |IF|0|0|0|0|0|280|3|23000|16000|0|0|0|0
S|HHUNT|42446575|-82852153| |TF|0|0|0|0|0|0|3|15000|12000|0|0|0|0
S|CUUGR|42364381|-83097431| |TF|0|0|0|0|0|250|3|11000|10000|0|0|0|0
S|CUUGR|42364381|-83097431| |IF|0|0|0|0|0|250|3|11000|10000|0|0|0|0
S|ZUBBY|42318094|-83437981| |TF|0|0|0|0|0|0|0|0|0|0|0|0|0
S|SKRUG|42259836|-83481700| |TF|0|0|0|0|0|210|0|8000|0|1|0|0|0
S|SKRUG|42259836|-83481700|AIR|FM|0|21800|18080|32590|0|0|0|0|0|0|0|0|0

P|CUUGR2|04R|GGUCE|0|11
S|GGUCE|42706844|-80890758| |IF|0|0|0|0|0|0|0|0|0|0|0|0|0
S|WLFMN|42684719|-81347706| |TF|0|0|0|0|0|280|1|24000|0|0|0|0|0
S|MAVVV|42644950|-81810158| |TF|0|0|0|0|0|0|0|0|0|0|0|0|0
S|TPGUN|42589556|-82420136| |TF|0|0|0|0|0|280|3|23000|16000|0|0|0|0
S|TPGUN|42589556|-82420136| |IF|0|0|0|0|0|280|3|23000|16000|0|0|0|0
S|HHUNT|42446575|-82852153| |TF|0|0|0|0|0|0|3|15000|12000|0|0|0|0
S|CUUGR|42364381|-83097431| |TF|0|0|0|0|0|250|3|11000|10000|0|0|0|0
S|CUUGR|42364381|-83097431| |IF|0|0|0|0|0|250|3|11000|10000|0|0|0|0
S|ROOAD|42284311|-83152878| |TF|0|0|0|0|0|0|0|0|0|0|0|0|0
S|ROYYY|42106114|-83275717| |TF|0|0|0|0|0|210|0|8000|0|1|0|0|0
S|ROYYY|42106114|-83275717|AIR|FM|0|21600|16770|32610|0|0|0|0|0|0|0|0|0

P|FERRL2|ALL|JACCI|0|11
S|JACCI|42469803|-78729681| |IF|0|0|0|0|0|0|0|0|0|0|0|0|0
S|VOLPE|42519167|-80616667| |TF|0|0|0|0|0|0|0|0|0|0|0|0|0
S|SAYCH|42525258|-81370250| |TF|0|0|0|0|0|280|1|24000|0|0|0|0|0
S|NUTTZ|42492956|-81798236| |TF|0|0|0|0|0|0|0|0|0|0|0|0|0
S|WNGNT|42450756|-82326719| |TF|0|0|0|0|0|280|3|14000|11000|0|0|0|0
S|WNGNT|42450756|-82326719| |IF|0|0|0|0|0|280|3|14000|11000|0|0|0|0
S|FERRL|42416522|-82609253| |TF|0|0|0|0|0|0|3|10000|8000|0|0|0|0
S|GMOTR|42395581|-82779025| |TF|0|0|0|0|0|0|0|7000|0|0|0|0|0
S|CHEWZ|42460597|-82936594| |TF|0|0|0|0|0|210|0|6000|0|0|0|0|0
S|COBBO|42488061|-83003081| |TF|0|0|0|0|0|210|0|6000|0|1|0|0|0
S|COBBO|42488061|-83003081|AIR|FM|0|30600|17820|33400|0|0|0|0|0|0|0|0|0

P|GRAYT2|03L|DAYYY|0|13
S|DAYYY|44169444|-84373056| |IF|0|0|0|0|0|0|0|0|0|0|0|0|0
S|PNNTO|43778900|-84316047| |TF|0|0|0|0|0|0|0|0|0|0|0|0|0
S|WLEYE|43613800|-84186381| |TF|0|0|0|0|0|280|1|24000|0|0|0|0|0
S|YUUPR|43422842|-84036889| |TF|0|0|0|0|0|0|2|23000|0|0|0|0|0
S|THEEE|43163994|-83812839| |TF|0|0|0|0|0|0|0|0|0|0|0|0|0
S|GRAYT|42915064|-83601972| |TF|0|0|0|0|0|280|3|22000|17000|0|0|0|0
S|GRAYT|42915064|-83601972| |IF|0|0|0|0|0|280|3|22000|17000|0|0|0|0
S|HYPED|42560828|-83376097| |TF|0|0|0|0|0|250|3|15000|12000|0|0|0|0
S|MERFI|42450714|-83337961| |TF|0|0|0|0|0|0|0|12000|0|0|0|0|0
S|MERFI|42450714|-83337961| |IF|0|0|0|0|0|0|0|12000|0|0|0|0|0
S|QWYNN|42160783|-83238203| |TF|0|0|0|0|0|0|0|0|0|0|0|0|0
S|SPRTS|42107578|-83274642| |TF|0|0|0|0|0|210|0|12000|0|1|0|0|0
S|SPRTS|42107578|-83274642|AIR|FM|0|21600|16780|32610|0|0|0|0|0|0|0|0|0

P|GRAYT2|03R|DAYYY|0|13
S|DAYYY|44169444|-84373056| |IF|0|0|0|0|0|0|0|0|0|0|0|0|0
S|PNNTO|43778900|-84316047| |TF|0|0|0|0|0|0|0|0|0|0|0|0|0
S|WLEYE|43613800|-84186381| |TF|0|0|0|0|0|280|1|24000|0|0|0|0|0
S|YUUPR|43422842|-84036889| |TF|0|0|0|0|0|0|2|23000|0|0|0|0|0
S|THEEE|43163994|-83812839| |TF|0|0|0|0|0|0|0|0|0|0|0|0|0
S|GRAYT|42915064|-83601972| |TF|0|0|0|0|0|280|3|22000|17000|0|0|0|0
S|GRAYT|42915064|-83601972| |IF|0|0|0|0|0|280|3|22000|17000|0|0|0|0
S|HYPED|42560828|-83376097| |TF|0|0|0|0|0|250|3|15000|12000|0|0|0|0
S|MERFI|42450714|-83337961| |TF|0|0|0|0|0|0|0|12000|0|0|0|0|0
S|MERFI|42450714|-83337961| |IF|0|0|0|0|0|0|0|12000|0|0|0|0|0
S|QWYNN|42160783|-83238203| |TF|0|0|0|0|0|0|0|0|0|0|0|0|0
S|SPRTS|42107578|-83274642| |TF|0|0|0|0|0|210|0|12000|0|1|0|0|0
S|SPRTS|42107578|-83274642|AIR|FM|0|21600|16780|32610|0|0|0|0|0|0|0|0|0

P|GRAYT2|04L|DAYYY|0|13
S|DAYYY|44169444|-84373056| |IF|0|0|0|0|0|0|0|0|0|0|0|0|0
S|PNNTO|43778900|-84316047| |TF|0|0|0|0|0|0|0|0|0|0|0|0|0
S|WLEYE|43613800|-84186381| |TF|0|0|0|0|0|280|1|24000|0|0|0|0|0
S|YUUPR|43422842|-84036889| |TF|0|0|0|0|0|0|2|23000|0|0|0|0|0
S|THEEE|43163994|-83812839| |TF|0|0|0|0|0|0|0|0|0|0|0|0|0
S|GRAYT|42915064|-83601972| |TF|0|0|0|0|0|280|3|22000|17000|0|0|0|0
S|GRAYT|42915064|-83601972| |IF|0|0|0|0|0|280|3|22000|17000|0|0|0|0
S|HYPED|42560828|-83376097| |TF|0|0|0|0|0|250|3|15000|12000|0|0|0|0
S|MERFI|42450714|-83337961| |TF|0|0|0|0|0|0|0|12000|0|0|0|0|0
S|MERFI|42450714|-83337961| |IF|0|0|0|0|0|0|0|12000|0|0|0|0|0
S|ZUBBY|42318094|-83437981| |TF|0|0|0|0|0|0|0|0|0|0|0|0|0
S|CADLC|42261264|-83480539| |TF|0|0|0|0|0|210|0|12000|0|1|0|0|0
S|CADLC|42261264|-83480539|AIR|FM|0|21800|18080|32600|0|0|0|0|0|0|0|0|0

P|GRAYT2|04R|DAYYY|0|13
S|DAYYY|44169444|-84373056| |IF|0|0|0|0|0|0|0|0|0|0|0|0|0
S|PNNTO|43778900|-84316047| |TF|0|0|0|0|0|0|0|0|0|0|0|0|0
S|WLEYE|43613800|-84186381| |TF|0|0|0|0|0|280|1|24000|0|0|0|0|0
S|YUUPR|43422842|-84036889| |TF|0|0|0|0|0|0|2|23000|0|0|0|0|0
S|THEEE|43163994|-83812839| |TF|0|0|0|0|0|0|0|0|0|0|0|0|0
S|GRAYT|42915064|-83601972| |TF|0|0|0|0|0|280|3|22000|17000|0|0|0|0
S|GRAYT|42915064|-83601972| |IF|0|0|0|0|0|280|3|22000|17000|0|0|0|0
S|HYPED|42560828|-83376097| |TF|0|0|0|0|0|250|3|15000|12000|0|0|0|0
S|MERFI|42450714|-83337961| |TF|0|0|0|0|0|0|0|12000|0|0|0|0|0
S|MERFI|42450714|-83337961| |IF|0|0|0|0|0|0|0|12000|0|0|0|0|0
S|ZUBBY|42318094|-83437981| |TF|0|0|0|0|0|0|0|0|0|0|0|0|0
S|CADLC|42261264|-83480539| |TF|0|0|0|0|0|210|0|12000|0|1|0|0|0
S|CADLC|42261264|-83480539|AIR|FM|0|21800|18080|32600|0|0|0|0|0|0|0|0|0

P|GRAYT2|27L|DAYYY|0|13
S|DAYYY|44169444|-84373056| |IF|0|0|0|0|0|0|0|0|0|0|0|0|0
S|PNNTO|43778900|-84316047| |TF|0|0|0|0|0|0|0|0|0|0|0|0|0
S|WLEYE|43613800|-84186381| |TF|0|0|0|0|0|280|1|24000|0|0|0|0|0
S|YUUPR|43422842|-84036889| |TF|0|0|0|0|0|0|2|23000|0|0|0|0|0
S|THEEE|43163994|-83812839| |TF|0|0|0|0|0|0|0|0|0|0|0|0|0
S|GRAYT|42915064|-83601972| |TF|0|0|0|0|0|280|3|22000|17000|0|0|0|0
S|GRAYT|42915064|-83601972| |IF|0|0|0|0|0|280|3|22000|17000|0|0|0|0
S|HYPED|42560828|-83376097| |TF|0|0|0|0|0|250|3|15000|12000|0|0|0|0
S|MERFI|42450714|-83337961| |TF|0|0|0|0|0|0|0|12000|0|0|0|0|0
S|MERFI|42450714|-83337961| |IF|0|0|0|0|0|0|0|12000|0|0|0|0|0
S|TMTOM|42286639|-83280983| |TF|0|0|0|0|0|0|0|0|0|0|0|0|0
S|TUUBR|42288414|-83168736| |TF|0|0|0|0|0|210|0|12000|0|1|0|0|0
S|TUUBR|42288414|-83168736|AIR|FM|0|9600|17290|32970|0|0|0|0|0|0|0|0|0

P|GRAYT2|27R|DAYYY|0|13
S|DAYYY|44169444|-84373056| |IF|0|0|0|0|0|0|0|0|0|0|0|0|0
S|PNNTO|43778900|-84316047| |TF|0|0|0|0|0|0|0|0|0|0|0|0|0
S|WLEYE|43613800|-84186381| |TF|0|0|0|0|0|280|1|24000|0|0|0|0|0
S|YUUPR|43422842|-84036889| |TF|0|0|0|0|0|0|2|23000|0|0|0|0|0
S|THEEE|43163994|-83812839| |TF|0|0|0|0|0|0|0|0|0|0|0|0|0
S|GRAYT|42915064|-83601972| |TF|0|0|0|0|0|280|3|22000|17000|0|0|0|0
S|GRAYT|42915064|-83601972| |IF|0|0|0|0|0|280|3|22000|17000|0|0|0|0
S|HYPED|42560828|-83376097| |TF|0|0|0|0|0|250|3|15000|12000|0|0|0|0
S|MERFI|42450714|-83337961| |TF|0|0|0|0|0|0|0|12000|0|0|0|0|0
S|MERFI|42450714|-83337961| |IF|0|0|0|0|0|0|0|12000|0|0|0|0|0
S|TMTOM|42286639|-83280983| |TF|0|0|0|0|0|0|0|0|0|0|0|0|0
S|TUUBR|42288414|-83168736| |TF|0|0|0|0|0|210|0|12000|0|1|0|0|0
S|TUUBR|42288414|-83168736|AIR|FM|0|9600|17290|32970|0|0|0|0|0|0|0|0|0

P|GRAYT2|03L|LEFSA|0|13
S|LEFSA|44100000|-84766667| |IF|0|0|0|0|0|0|0|0|0|0|0|0|0
S|PNNTO|43778900|-84316047| |TF|0|0|0|0|0|0|0|0|0|0|0|0|0
S|WLEYE|43613800|-84186381| |TF|0|0|0|0|0|280|1|24000|0|0|0|0|0
S|YUUPR|43422842|-84036889| |TF|0|0|0|0|0|0|2|23000|0|0|0|0|0
S|THEEE|43163994|-83812839| |TF|0|0|0|0|0|0|0|0|0|0|0|0|0
S|GRAYT|42915064|-83601972| |TF|0|0|0|0|0|280|3|22000|17000|0|0|0|0
S|GRAYT|42915064|-83601972| |IF|0|0|0|0|0|280|3|22000|17000|0|0|0|0
S|HYPED|42560828|-83376097| |TF|0|0|0|0|0|250|3|15000|12000|0|0|0|0
S|MERFI|42450714|-83337961| |TF|0|0|0|0|0|0|0|12000|0|0|0|0|0
S|MERFI|42450714|-83337961| |IF|0|0|0|0|0|0|0|12000|0|0|0|0|0
S|QWYNN|42160783|-83238203| |TF|0|0|0|0|0|0|0|0|0|0|0|0|0
S|SPRTS|42107578|-83274642| |TF|0|0|0|0|0|210|0|12000|0|1|0|0|0
S|SPRTS|42107578|-83274642|AIR|FM|0|21600|16780|32610|0|0|0|0|0|0|0|0|0

P|GRAYT2|03R|LEFSA|0|13
S|LEFSA|44100000|-84766667| |IF|0|0|0|0|0|0|0|0|0|0|0|0|0
S|PNNTO|43778900|-84316047| |TF|0|0|0|0|0|0|0|0|0|0|0|0|0
S|WLEYE|43613800|-84186381| |TF|0|0|0|0|0|280|1|24000|0|0|0|0|0
S|YUUPR|43422842|-84036889| |TF|0|0|0|0|0|0|2|23000|0|0|0|0|0
S|THEEE|43163994|-83812839| |TF|0|0|0|0|0|0|0|0|0|0|0|0|0
S|GRAYT|42915064|-83601972| |TF|0|0|0|0|0|280|3|22000|17000|0|0|0|0
S|GRAYT|42915064|-83601972| |IF|0|0|0|0|0|280|3|22000|17000|0|0|0|0
S|HYPED|42560828|-83376097| |TF|0|0|0|0|0|250|3|15000|12000|0|0|0|0
S|MERFI|42450714|-83337961| |TF|0|0|0|0|0|0|0|12000|0|0|0|0|0
S|MERFI|42450714|-83337961| |IF|0|0|0|0|0|0|0|12000|0|0|0|0|0
S|QWYNN|42160783|-83238203| |TF|0|0|0|0|0|0|0|0|0|0|0|0|0
S|SPRTS|42107578|-83274642| |TF|0|0|0|0|0|210|0|12000|0|1|0|0|0
S|SPRTS|42107578|-83274642|AIR|FM|0|21600|16780|32610|0|0|0|0|0|0|0|0|0

P|GRAYT2|04L|LEFSA|0|13
S|LEFSA|44100000|-84766667| |IF|0|0|0|0|0|0|0|0|0|0|0|0|0
S|PNNTO|43778900|-84316047| |TF|0|0|0|0|0|0|0|0|0|0|0|0|0
S|WLEYE|43613800|-84186381| |TF|0|0|0|0|0|280|1|24000|0|0|0|0|0
S|YUUPR|43422842|-84036889| |TF|0|0|0|0|0|0|2|23000|0|0|0|0|0
S|THEEE|43163994|-83812839| |TF|0|0|0|0|0|0|0|0|0|0|0|0|0
S|GRAYT|42915064|-83601972| |TF|0|0|0|0|0|280|3|22000|17000|0|0|0|0
S|GRAYT|42915064|-83601972| |IF|0|0|0|0|0|280|3|22000|17000|0|0|0|0
S|HYPED|42560828|-83376097| |TF|0|0|0|0|0|250|3|15000|12000|0|0|0|0
S|MERFI|42450714|-83337961| |TF|0|0|0|0|0|0|0|12000|0|0|0|0|0
S|MERFI|42450714|-83337961| |IF|0|0|0|0|0|0|0|12000|0|0|0|0|0
S|ZUBBY|42318094|-83437981| |TF|0|0|0|0|0|0|0|0|0|0|0|0|0
S|CADLC|42261264|-83480539| |TF|0|0|0|0|0|210|0|12000|0|1|0|0|0
S|CADLC|42261264|-83480539|AIR|FM|0|21800|18080|32600|0|0|0|0|0|0|0|0|0

P|GRAYT2|04R|LEFSA|0|13
S|LEFSA|44100000|-84766667| |IF|0|0|0|0|0|0|0|0|0|0|0|0|0
S|PNNTO|43778900|-84316047| |TF|0|0|0|0|0|0|0|0|0|0|0|0|0
S|WLEYE|43613800|-84186381| |TF|0|0|0|0|0|280|1|24000|0|0|0|0|0
S|YUUPR|43422842|-84036889| |TF|0|0|0|0|0|0|2|23000|0|0|0|0|0
S|THEEE|43163994|-83812839| |TF|0|0|0|0|0|0|0|0|0|0|0|0|0
S|GRAYT|42915064|-83601972| |TF|0|0|0|0|0|280|3|22000|17000|0|0|0|0
S|GRAYT|42915064|-83601972| |IF|0|0|0|0|0|280|3|22000|17000|0|0|0|0
S|HYPED|42560828|-83376097| |TF|0|0|0|0|0|250|3|15000|12000|0|0|0|0
S|MERFI|42450714|-83337961| |TF|0|0|0|0|0|0|0|12000|0|0|0|0|0
S|MERFI|42450714|-83337961| |IF|0|0|0|0|0|0|0|12000|0|0|0|0|0
S|ZUBBY|42318094|-83437981| |TF|0|0|0|0|0|0|0|0|0|0|0|0|0
S|CADLC|42261264|-83480539| |TF|0|0|0|0|0|210|0|12000|0|1|0|0|0
S|CADLC|42261264|-83480539|AIR|FM|0|21800|18080|32600|0|0|0|0|0|0|0|0|0

P|GRAYT2|27L|LEFSA|0|13
S|LEFSA|44100000|-84766667| |IF|0|0|0|0|0|0|0|0|0|0|0|0|0
S|PNNTO|43778900|-84316047| |TF|0|0|0|0|0|0|0|0|0|0|0|0|0
S|WLEYE|43613800|-84186381| |TF|0|0|0|0|0|280|1|24000|0|0|0|0|0
S|YUUPR|43422842|-84036889| |TF|0|0|0|0|0|0|2|23000|0|0|0|0|0
S|THEEE|43163994|-83812839| |TF|0|0|0|0|0|0|0|0|0|0|0|0|0
S|GRAYT|42915064|-83601972| |TF|0|0|0|0|0|280|3|22000|17000|0|0|0|0
S|GRAYT|42915064|-83601972| |IF|0|0|0|0|0|280|3|22000|17000|0|0|0|0
S|HYPED|42560828|-83376097| |TF|0|0|0|0|0|250|3|15000|12000|0|0|0|0
S|MERFI|42450714|-83337961| |TF|0|0|0|0|0|0|0|12000|0|0|0|0|0
S|MERFI|42450714|-83337961| |IF|0|0|0|0|0|0|0|12000|0|0|0|0|0
S|TMTOM|42286639|-83280983| |TF|0|0|0|0|0|0|0|0|0|0|0|0|0
S|TUUBR|42288414|-83168736| |TF|0|0|0|0|0|210|0|12000|0|1|0|0|0
S|TUUBR|42288414|-83168736|AIR|FM|0|9600|17290|32970|0|0|0|0|0|0|0|0|0

P|GRAYT2|27R|LEFSA|0|13
S|LEFSA|44100000|-84766667| |IF|0|0|0|0|0|0|0|0|0|0|0|0|0
S|PNNTO|43778900|-84316047| |TF|0|0|0|0|0|0|0|0|0|0|0|0|0
S|WLEYE|43613800|-84186381| |TF|0|0|0|0|0|280|1|24000|0|0|0|0|0
S|YUUPR|43422842|-84036889| |TF|0|0|0|0|0|0|2|23000|0|0|0|0|0
S|THEEE|43163994|-83812839| |TF|0|0|0|0|0|0|0|0|0|0|0|0|0
S|GRAYT|42915064|-83601972| |TF|0|0|0|0|0|280|3|22000|17000|0|0|0|0
S|GRAYT|42915064|-83601972| |IF|0|0|0|0|0|280|3|22000|17000|0|0|0|0
S|HYPED|42560828|-83376097| |TF|0|0|0|0|0|250|3|15000|12000|0|0|0|0
S|MERFI|42450714|-83337961| |TF|0|0|0|0|0|0|0|12000|0|0|0|0|0
S|MERFI|42450714|-83337961| |IF|0|0|0|0|0|0|0|12000|0|0|0|0|0
S|TMTOM|42286639|-83280983| |TF|0|0|0|0|0|0|0|0|0|0|0|0|0
S|TUUBR|42288414|-83168736| |TF|0|0|0|0|0|210|0|12000|0|1|0|0|0
S|TUUBR|42288414|-83168736|AIR|FM|0|9600|17290|32970|0|0|0|0|0|0|0|0|0

P|HANBL3|21L|SWAYD|0|13
S|SWAYD|40676150|-85484083| |IF|0|0|0|0|0|0|0|0|0|0|0|0|0
S|JOEBU|40870694|-85256056| |TF|0|0|0|0|0|0|0|0|0|0|0|0|0
S|VDUUB|41163781|-84804322| |TF|0|0|0|0|0|0|0|0|0|0|0|0|0
S|CLRIC|41328928|-84578667| |TF|0|0|0|0|0|280|3|23000|20000|0|0|0|0
S|SHANX|41440719|-84425297| |TF|0|0|0|0|0|0|0|0|0|0|0|0|0
S|HANBL|41735903|-84177364| |TF|0|0|0|0|0|280|3|21000|17000|0|0|0|0
S|HANBL|41735903|-84177364| |IF|0|0|0|0|0|280|3|21000|17000|0|0|0|0
S|PRWLR|41968319|-83841683| |TF|0|0|0|0|0|0|3|15000|12000|0|0|0|0
S|HEMIE|42095969|-83658550| |TF|0|0|0|0|0|250|3|11000|10000|0|0|0|0
S|HEMIE|42095969|-83658550| |IF|0|0|0|0|0|250|3|11000|10000|0|0|0|0
S|RAAMM|42165203|-83236442| |TF|0|0|0|0|0|0|0|0|0|0|0|0|0
S|TBRRD|42230578|-83184953| |TF|0|0|0|0|0|210|0|8000|0|1|0|0|0
S|TBRRD|42230578|-83184953|AIR|FM|0|3600|17070|32880|0|0|0|0|0|0|0|0|0

P|HANBL3|21R|SWAYD|0|13
S|SWAYD|40676150|-85484083| |IF|0|0|0|0|0|0|0|0|0|0|0|0|0
S|JOEBU|40870694|-85256056| |TF|0|0|0|0|0|0|0|0|0|0|0|0|0
S|VDUUB|41163781|-84804322| |TF|0|0|0|0|0|0|0|0|0|0|0|0|0
S|CLRIC|41328928|-84578667| |TF|0|0|0|0|0|280|3|23000|20000|0|0|0|0
S|SHANX|41440719|-84425297| |TF|0|0|0|0|0|0|0|0|0|0|0|0|0
S|HANBL|41735903|-84177364| |TF|0|0|0|0|0|280|3|21000|17000|0|0|0|0
S|HANBL|41735903|-84177364| |IF|0|0|0|0|0|280|3|21000|17000|0|0|0|0
S|PRWLR|41968319|-83841683| |TF|0|0|0|0|0|0|3|15000|12000|0|0|0|0
S|HEMIE|42095969|-83658550| |TF|0|0|0|0|0|250|3|11000|10000|0|0|0|0
S|HEMIE|42095969|-83658550| |IF|0|0|0|0|0|250|3|11000|10000|0|0|0|0
S|RAAMM|42165203|-83236442| |TF|0|0|0|0|0|0|0|0|0|0|0|0|0
S|TBRRD|42230578|-83184953| |TF|0|0|0|0|0|210|0|8000|0|1|0|0|0
S|TBRRD|42230578|-83184953|AIR|FM|0|3600|17070|32880|0|0|0|0|0|0|0|0|0

P|HANBL3|22L|SWAYD|0|13
S|SWAYD|40676150|-85484083| |IF|0|0|0|0|0|0|0|0|0|0|0|0|0
S|JOEBU|40870694|-85256056| |TF|0|0|0|0|0|0|0|0|0|0|0|0|0
S|VDUUB|41163781|-84804322| |TF|0|0|0|0|0|0|0|0|0|0|0|0|0
S|CLRIC|41328928|-84578667| |TF|0|0|0|0|0|280|3|23000|20000|0|0|0|0
S|SHANX|41440719|-84425297| |TF|0|0|0|0|0|0|0|0|0|0|0|0|0
S|HANBL|41735903|-84177364| |TF|0|0|0|0|0|280|3|21000|17000|0|0|0|0
S|HANBL|41735903|-84177364| |IF|0|0|0|0|0|280|3|21000|17000|0|0|0|0
S|PRWLR|41968319|-83841683| |TF|0|0|0|0|0|0|3|15000|12000|0|0|0|0
S|HEMIE|42095969|-83658550| |TF|0|0|0|0|0|250|3|11000|10000|0|0|0|0
S|HEMIE|42095969|-83658550| |IF|0|0|0|0|0|250|3|11000|10000|0|0|0|0
S|TRPRS|42190553|-83532172| |TF|0|0|0|0|0|0|1|8000|0|0|0|0|0
S|DZMND|42261908|-83480056| |TF|0|0|0|0|0|210|0|8000|0|1|0|0|0
S|DZMND|42261908|-83480056|AIR|FM|0|3300|18080|32600|0|0|0|0|0|0|0|0|0

P|HANBL3|22R|SWAYD|0|13
S|SWAYD|40676150|-85484083| |IF|0|0|0|0|0|0|0|0|0|0|0|0|0
S|JOEBU|40870694|-85256056| |TF|0|0|0|0|0|0|0|0|0|0|0|0|0
S|VDUUB|41163781|-84804322| |TF|0|0|0|0|0|0|0|0|0|0|0|0|0
S|CLRIC|41328928|-84578667| |TF|0|0|0|0|0|280|3|23000|20000|0|0|0|0
S|SHANX|41440719|-84425297| |TF|0|0|0|0|0|0|0|0|0|0|0|0|0
S|HANBL|41735903|-84177364| |TF|0|0|0|0|0|280|3|21000|17000|0|0|0|0
S|HANBL|41735903|-84177364| |IF|0|0|0|0|0|280|3|21000|17000|0|0|0|0
S|PRWLR|41968319|-83841683| |TF|0|0|0|0|0|0|3|15000|12000|0|0|0|0
S|HEMIE|42095969|-83658550| |TF|0|0|0|0|0|250|3|11000|10000|0|0|0|0
S|HEMIE|42095969|-83658550| |IF|0|0|0|0|0|250|3|11000|10000|0|0|0|0
S|TRPRS|42190553|-83532172| |TF|0|0|0|0|0|0|1|8000|0|0|0|0|0
S|DZMND|42261908|-83480056| |TF|0|0|0|0|0|210|0|8000|0|1|0|0|0
S|DZMND|42261908|-83480056|AIR|FM|0|3300|18080|32600|0|0|0|0|0|0|0|0|0

P|HANBL3|27L|SWAYD|0|13
S|SWAYD|40676150|-85484083| |IF|0|0|0|0|0|0|0|0|0|0|0|0|0
S|JOEBU|40870694|-85256056| |TF|0|0|0|0|0|0|0|0|0|0|0|0|0
S|VDUUB|41163781|-84804322| |TF|0|0|0|0|0|0|0|0|0|0|0|0|0
S|CLRIC|41328928|-84578667| |TF|0|0|0|0|0|280|3|23000|20000|0|0|0|0
S|SHANX|41440719|-84425297| |TF|0|0|0|0|0|0|0|0|0|0|0|0|0
S|HANBL|41735903|-84177364| |TF|0|0|0|0|0|280|3|21000|17000|0|0|0|0
S|HANBL|41735903|-84177364| |IF|0|0|0|0|0|280|3|21000|17000|0|0|0|0
S|PRWLR|41968319|-83841683| |TF|0|0|0|0|0|0|3|15000|12000|0|0|0|0
S|HEMIE|42095969|-83658550| |TF|0|0|0|0|0|250|3|11000|10000|0|0|0|0
S|HEMIE|42095969|-83658550| |IF|0|0|0|0|0|250|3|11000|10000|0|0|0|0
S|WUDSN|42131950|-83276414| |TF|0|0|0|0|0|210|0|8000|0|0|0|0|0
S|BRDDY|42133719|-83031106| |TF|0|0|0|0|0|0|0|8000|0|1|0|0|0
S|BRDDY|42133719|-83031106|AIR|FM|0|9600|16190|32940|0|0|0|0|0|0|0|0|0

P|HANBL3|27R|SWAYD|0|13
S|SWAYD|40676150|-85484083| |IF|0|0|0|0|0|0|0|0|0|0|0|0|0
S|JOEBU|40870694|-85256056| |TF|0|0|0|0|0|0|0|0|0|0|0|0|0
S|VDUUB|41163781|-84804322| |TF|0|0|0|0|0|0|0|0|0|0|0|0|0
S|CLRIC|41328928|-84578667| |TF|0|0|0|0|0|280|3|23000|20000|0|0|0|0
S|SHANX|41440719|-84425297| |TF|0|0|0|0|0|0|0|0|0|0|0|0|0
S|HANBL|41735903|-84177364| |TF|0|0|0|0|0|280|3|21000|17000|0|0|0|0
S|HANBL|41735903|-84177364| |IF|0|0|0|0|0|280|3|21000|17000|0|0|0|0
S|PRWLR|41968319|-83841683| |TF|0|0|0|0|0|0|3|15000|12000|0|0|0|0
S|HEMIE|42095969|-83658550| |TF|0|0|0|0|0|250|3|11000|10000|0|0|0|0
S|HEMIE|42095969|-83658550| |IF|0|0|0|0|0|250|3|11000|10000|0|0|0|0
S|WUDSN|42131950|-83276414| |TF|0|0|0|0|0|210|0|8000|0|0|0|0|0
S|BRDDY|42133719|-83031106| |TF|0|0|0|0|0|0|0|8000|0|1|0|0|0
S|BRDDY|42133719|-83031106|AIR|FM|0|9600|16190|32940|0|0|0|0|0|0|0|0|0

P|HANBL3|21L|TORRR|0|10
S|TORRR|40741603|-84416358| |IF|0|0|0|0|0|280|2|21000|0|0|0|0|0
S|SHANX|41440719|-84425297| |TF|0|0|0|0|0|0|0|0|0|0|0|0|0
S|HANBL|41735903|-84177364| |TF|0|0|0|0|0|280|3|21000|17000|0|0|0|0
S|HANBL|41735903|-84177364| |IF|0|0|0|0|0|280|3|21000|17000|0|0|0|0
S|PRWLR|41968319|-83841683| |TF|0|0|0|0|0|0|3|15000|12000|0|0|0|0
S|HEMIE|42095969|-83658550| |TF|0|0|0|0|0|250|3|11000|10000|0|0|0|0
S|HEMIE|42095969|-83658550| |IF|0|0|0|0|0|250|3|11000|10000|0|0|0|0
S|RAAMM|42165203|-83236442| |TF|0|0|0|0|0|0|0|0|0|0|0|0|0
S|TBRRD|42230578|-83184953| |TF|0|0|0|0|0|210|0|8000|0|1|0|0|0
S|TBRRD|42230578|-83184953|AIR|FM|0|3600|17070|32880|0|0|0|0|0|0|0|0|0

P|HANBL3|21R|TORRR|0|10
S|TORRR|40741603|-84416358| |IF|0|0|0|0|0|280|2|21000|0|0|0|0|0
S|SHANX|41440719|-84425297| |TF|0|0|0|0|0|0|0|0|0|0|0|0|0
S|HANBL|41735903|-84177364| |TF|0|0|0|0|0|280|3|21000|17000|0|0|0|0
S|HANBL|41735903|-84177364| |IF|0|0|0|0|0|280|3|21000|17000|0|0|0|0
S|PRWLR|41968319|-83841683| |TF|0|0|0|0|0|0|3|15000|12000|0|0|0|0
S|HEMIE|42095969|-83658550| |TF|0|0|0|0|0|250|3|11000|10000|0|0|0|0
S|HEMIE|42095969|-83658550| |IF|0|0|0|0|0|250|3|11000|10000|0|0|0|0
S|RAAMM|42165203|-83236442| |TF|0|0|0|0|0|0|0|0|0|0|0|0|0
S|TBRRD|42230578|-83184953| |TF|0|0|0|0|0|210|0|8000|0|1|0|0|0
S|TBRRD|42230578|-83184953|AIR|FM|0|3600|17070|32880|0|0|0|0|0|0|0|0|0

P|HANBL3|22L|TORRR|0|10
S|TORRR|40741603|-84416358| |IF|0|0|0|0|0|280|2|21000|0|0|0|0|0
S|SHANX|41440719|-84425297| |TF|0|0|0|0|0|0|0|0|0|0|0|0|0
S|HANBL|41735903|-84177364| |TF|0|0|0|0|0|280|3|21000|17000|0|0|0|0
S|HANBL|41735903|-84177364| |IF|0|0|0|0|0|280|3|21000|17000|0|0|0|0
S|PRWLR|41968319|-83841683| |TF|0|0|0|0|0|0|3|15000|12000|0|0|0|0
S|HEMIE|42095969|-83658550| |TF|0|0|0|0|0|250|3|11000|10000|0|0|0|0
S|HEMIE|42095969|-83658550| |IF|0|0|0|0|0|250|3|11000|10000|0|0|0|0
S|TRPRS|42190553|-83532172| |TF|0|0|0|0|0|0|1|8000|0|0|0|0|0
S|DZMND|42261908|-83480056| |TF|0|0|0|0|0|210|0|8000|0|1|0|0|0
S|DZMND|42261908|-83480056|AIR|FM|0|3300|18080|32600|0|0|0|0|0|0|0|0|0

P|HANBL3|22R|TORRR|0|10
S|TORRR|40741603|-84416358| |IF|0|0|0|0|0|280|2|21000|0|0|0|0|0
S|SHANX|41440719|-84425297| |TF|0|0|0|0|0|0|0|0|0|0|0|0|0
S|HANBL|41735903|-84177364| |TF|0|0|0|0|0|280|3|21000|17000|0|0|0|0
S|HANBL|41735903|-84177364| |IF|0|0|0|0|0|280|3|21000|17000|0|0|0|0
S|PRWLR|41968319|-83841683| |TF|0|0|0|0|0|0|3|15000|12000|0|0|0|0
S|HEMIE|42095969|-83658550| |TF|0|0|0|0|0|250|3|11000|10000|0|0|0|0
S|HEMIE|42095969|-83658550| |IF|0|0|0|0|0|250|3|11000|10000|0|0|0|0
S|TRPRS|42190553|-83532172| |TF|0|0|0|0|0|0|1|8000|0|0|0|0|0
S|DZMND|42261908|-83480056| |TF|0|0|0|0|0|210|0|8000|0|1|0|0|0
S|DZMND|42261908|-83480056|AIR|FM|0|3300|18080|32600|0|0|0|0|0|0|0|0|0

P|HANBL3|27L|TORRR|0|10
S|TORRR|40741603|-84416358| |IF|0|0|0|0|0|280|2|21000|0|0|0|0|0
S|SHANX|41440719|-84425297| |TF|0|0|0|0|0|0|0|0|0|0|0|0|0
S|HANBL|41735903|-84177364| |TF|0|0|0|0|0|280|3|21000|17000|0|0|0|0
S|HANBL|41735903|-84177364| |IF|0|0|0|0|0|280|3|21000|17000|0|0|0|0
S|PRWLR|41968319|-83841683| |TF|0|0|0|0|0|0|3|15000|12000|0|0|0|0
S|HEMIE|42095969|-83658550| |TF|0|0|0|0|0|250|3|11000|10000|0|0|0|0
S|HEMIE|42095969|-83658550| |IF|0|0|0|0|0|250|3|11000|10000|0|0|0|0
S|WUDSN|42131950|-83276414| |TF|0|0|0|0|0|210|0|8000|0|0|0|0|0
S|BRDDY|42133719|-83031106| |TF|0|0|0|0|0|0|0|8000|0|1|0|0|0
S|BRDDY|42133719|-83031106|AIR|FM|0|9600|16190|32940|0|0|0|0|0|0|0|0|0

P|HANBL3|27R|TORRR|0|10
S|TORRR|40741603|-84416358| |IF|0|0|0|0|0|280|2|21000|0|0|0|0|0
S|SHANX|41440719|-84425297| |TF|0|0|0|0|0|0|0|0|0|0|0|0|0
S|HANBL|41735903|-84177364| |TF|0|0|0|0|0|280|3|21000|17000|0|0|0|0
S|HANBL|41735903|-84177364| |IF|0|0|0|0|0|280|3|21000|17000|0|0|0|0
S|PRWLR|41968319|-83841683| |TF|0|0|0|0|0|0|3|15000|12000|0|0|0|0
S|HEMIE|42095969|-83658550| |TF|0|0|0|0|0|250|3|11000|10000|0|0|0|0
S|HEMIE|42095969|-83658550| |IF|0|0|0|0|0|250|3|11000|10000|0|0|0|0
S|WUDSN|42131950|-83276414| |TF|0|0|0|0|0|210|0|8000|0|0|0|0|0
S|BRDDY|42133719|-83031106| |TF|0|0|0|0|0|0|0|8000|0|1|0|0|0
S|BRDDY|42133719|-83031106|AIR|FM|0|9600|16190|32940|0|0|0|0|0|0|0|0|0

P|HANBL3|21L|WWODD|0|15
S|WWODD|39867792|-86353225| |IF|0|0|0|0|0|0|0|0|0|0|0|0|0
S|DERBN|40070317|-86131294| |TF|0|0|0|0|0|0|0|0|0|0|0|0|0
S|SWAYD|40676150|-85484083| |TF|0|0|0|0|0|0|0|0|0|0|0|0|0
S|JOEBU|40870694|-85256056| |TF|0|0|0|0|0|0|0|0|0|0|0|0|0
S|VDUUB|41163781|-84804322| |TF|0|0|0|0|0|0|0|0|0|0|0|0|0
S|CLRIC|41328928|-84578667| |TF|0|0|0|0|0|280|3|23000|20000|0|0|0|0
S|SHANX|41440719|-84425297| |TF|0|0|0|0|0|0|0|0|0|0|0|0|0
S|HANBL|41735903|-84177364| |TF|0|0|0|0|0|280|3|21000|17000|0|0|0|0
S|HANBL|41735903|-84177364| |IF|0|0|0|0|0|280|3|21000|17000|0|0|0|0
S|PRWLR|41968319|-83841683| |TF|0|0|0|0|0|0|3|15000|12000|0|0|0|0
S|HEMIE|42095969|-83658550| |TF|0|0|0|0|0|250|3|11000|10000|0|0|0|0
S|HEMIE|42095969|-83658550| |IF|0|0|0|0|0|250|3|11000|10000|0|0|0|0
S|RAAMM|42165203|-83236442| |TF|0|0|0|0|0|0|0|0|0|0|0|0|0
S|TBRRD|42230578|-83184953| |TF|0|0|0|0|0|210|0|8000|0|1|0|0|0
S|TBRRD|42230578|-83184953|AIR|FM|0|3600|17070|32880|0|0|0|0|0|0|0|0|0

P|HANBL3|21R|WWODD|0|15
S|WWODD|39867792|-86353225| |IF|0|0|0|0|0|0|0|0|0|0|0|0|0
S|DERBN|40070317|-86131294| |TF|0|0|0|0|0|0|0|0|0|0|0|0|0
S|SWAYD|40676150|-85484083| |TF|0|0|0|0|0|0|0|0|0|0|0|0|0
S|JOEBU|40870694|-85256056| |TF|0|0|0|0|0|0|0|0|0|0|0|0|0
S|VDUUB|41163781|-84804322| |TF|0|0|0|0|0|0|0|0|0|0|0|0|0
S|CLRIC|41328928|-84578667| |TF|0|0|0|0|0|280|3|23000|20000|0|0|0|0
S|SHANX|41440719|-84425297| |TF|0|0|0|0|0|0|0|0|0|0|0|0|0
S|HANBL|41735903|-84177364| |TF|0|0|0|0|0|280|3|21000|17000|0|0|0|0
S|HANBL|41735903|-84177364| |IF|0|0|0|0|0|280|3|21000|17000|0|0|0|0
S|PRWLR|41968319|-83841683| |TF|0|0|0|0|0|0|3|15000|12000|0|0|0|0
S|HEMIE|42095969|-83658550| |TF|0|0|0|0|0|250|3|11000|10000|0|0|0|0
S|HEMIE|42095969|-83658550| |IF|0|0|0|0|0|250|3|11000|10000|0|0|0|0
S|RAAMM|42165203|-83236442| |TF|0|0|0|0|0|0|0|0|0|0|0|0|0
S|TBRRD|42230578|-83184953| |TF|0|0|0|0|0|210|0|8000|0|1|0|0|0
S|TBRRD|42230578|-83184953|AIR|FM|0|3600|17070|32880|0|0|0|0|0|0|0|0|0

P|HANBL3|22L|WWODD|0|15
S|WWODD|39867792|-86353225| |IF|0|0|0|0|0|0|0|0|0|0|0|0|0
S|DERBN|40070317|-86131294| |TF|0|0|0|0|0|0|0|0|0|0|0|0|0
S|SWAYD|40676150|-85484083| |TF|0|0|0|0|0|0|0|0|0|0|0|0|0
S|JOEBU|40870694|-85256056| |TF|0|0|0|0|0|0|0|0|0|0|0|0|0
S|VDUUB|41163781|-84804322| |TF|0|0|0|0|0|0|0|0|0|0|0|0|0
S|CLRIC|41328928|-84578667| |TF|0|0|0|0|0|280|3|23000|20000|0|0|0|0
S|SHANX|41440719|-84425297| |TF|0|0|0|0|0|0|0|0|0|0|0|0|0
S|HANBL|41735903|-84177364| |TF|0|0|0|0|0|280|3|21000|17000|0|0|0|0
S|HANBL|41735903|-84177364| |IF|0|0|0|0|0|280|3|21000|17000|0|0|0|0
S|PRWLR|41968319|-83841683| |TF|0|0|0|0|0|0|3|15000|12000|0|0|0|0
S|HEMIE|42095969|-83658550| |TF|0|0|0|0|0|250|3|11000|10000|0|0|0|0
S|HEMIE|42095969|-83658550| |IF|0|0|0|0|0|250|3|11000|10000|0|0|0|0
S|TRPRS|42190553|-83532172| |TF|0|0|0|0|0|0|1|8000|0|0|0|0|0
S|DZMND|42261908|-83480056| |TF|0|0|0|0|0|210|0|8000|0|1|0|0|0
S|DZMND|42261908|-83480056|AIR|FM|0|3300|18080|32600|0|0|0|0|0|0|0|0|0

P|HANBL3|22R|WWODD|0|15
S|WWODD|39867792|-86353225| |IF|0|0|0|0|0|0|0|0|0|0|0|0|0
S|DERBN|40070317|-86131294| |TF|0|0|0|0|0|0|0|0|0|0|0|0|0
S|SWAYD|40676150|-85484083| |TF|0|0|0|0|0|0|0|0|0|0|0|0|0
S|JOEBU|40870694|-85256056| |TF|0|0|0|0|0|0|0|0|0|0|0|0|0
S|VDUUB|41163781|-84804322| |TF|0|0|0|0|0|0|0|0|0|0|0|0|0
S|CLRIC|41328928|-84578667| |TF|0|0|0|0|0|280|3|23000|20000|0|0|0|0
S|SHANX|41440719|-84425297| |TF|0|0|0|0|0|0|0|0|0|0|0|0|0
S|HANBL|41735903|-84177364| |TF|0|0|0|0|0|280|3|21000|17000|0|0|0|0
S|HANBL|41735903|-84177364| |IF|0|0|0|0|0|280|3|21000|17000|0|0|0|0
S|PRWLR|41968319|-83841683| |TF|0|0|0|0|0|0|3|15000|12000|0|0|0|0
S|HEMIE|42095969|-83658550| |TF|0|0|0|0|0|250|3|11000|10000|0|0|0|0
S|HEMIE|42095969|-83658550| |IF|0|0|0|0|0|250|3|11000|10000|0|0|0|0
S|TRPRS|42190553|-83532172| |TF|0|0|0|0|0|0|1|8000|0|0|0|0|0
S|DZMND|42261908|-83480056| |TF|0|0|0|0|0|210|0|8000|0|1|0|0|0
S|DZMND|42261908|-83480056|AIR|FM|0|3300|18080|32600|0|0|0|0|0|0|0|0|0

P|HANBL3|27L|WWODD|0|15
S|WWODD|39867792|-86353225| |IF|0|0|0|0|0|0|0|0|0|0|0|0|0
S|DERBN|40070317|-86131294| |TF|0|0|0|0|0|0|0|0|0|0|0|0|0
S|SWAYD|40676150|-85484083| |TF|0|0|0|0|0|0|0|0|0|0|0|0|0
S|JOEBU|40870694|-85256056| |TF|0|0|0|0|0|0|0|0|0|0|0|0|0
S|VDUUB|41163781|-84804322| |TF|0|0|0|0|0|0|0|0|0|0|0|0|0
S|CLRIC|41328928|-84578667| |TF|0|0|0|0|0|280|3|23000|20000|0|0|0|0
S|SHANX|41440719|-84425297| |TF|0|0|0|0|0|0|0|0|0|0|0|0|0
S|HANBL|41735903|-84177364| |TF|0|0|0|0|0|280|3|21000|17000|0|0|0|0
S|HANBL|41735903|-84177364| |IF|0|0|0|0|0|280|3|21000|17000|0|0|0|0
S|PRWLR|41968319|-83841683| |TF|0|0|0|0|0|0|3|15000|12000|0|0|0|0
S|HEMIE|42095969|-83658550| |TF|0|0|0|0|0|250|3|11000|10000|0|0|0|0
S|HEMIE|42095969|-83658550| |IF|0|0|0|0|0|250|3|11000|10000|0|0|0|0
S|WUDSN|42131950|-83276414| |TF|0|0|0|0|0|210|0|8000|0|0|0|0|0
S|BRDDY|42133719|-83031106| |TF|0|0|0|0|0|0|0|8000|0|1|0|0|0
S|BRDDY|42133719|-83031106|AIR|FM|0|9600|16190|32940|0|0|0|0|0|0|0|0|0

P|HANBL3|27R|WWODD|0|15
S|WWODD|39867792|-86353225| |IF|0|0|0|0|0|0|0|0|0|0|0|0|0
S|DERBN|40070317|-86131294| |TF|0|0|0|0|0|0|0|0|0|0|0|0|0
S|SWAYD|40676150|-85484083| |TF|0|0|0|0|0|0|0|0|0|0|0|0|0
S|JOEBU|40870694|-85256056| |TF|0|0|0|0|0|0|0|0|0|0|0|0|0
S|VDUUB|41163781|-84804322| |TF|0|0|0|0|0|0|0|0|0|0|0|0|0
S|CLRIC|41328928|-84578667| |TF|0|0|0|0|0|280|3|23000|20000|0|0|0|0
S|SHANX|41440719|-84425297| |TF|0|0|0|0|0|0|0|0|0|0|0|0|0
S|HANBL|41735903|-84177364| |TF|0|0|0|0|0|280|3|21000|17000|0|0|0|0
S|HANBL|41735903|-84177364| |IF|0|0|0|0|0|280|3|21000|17000|0|0|0|0
S|PRWLR|41968319|-83841683| |TF|0|0|0|0|0|0|3|15000|12000|0|0|0|0
S|HEMIE|42095969|-83658550| |TF|0|0|0|0|0|250|3|11000|10000|0|0|0|0
S|HEMIE|42095969|-83658550| |IF|0|0|0|0|0|250|3|11000|10000|0|0|0|0
S|WUDSN|42131950|-83276414| |TF|0|0|0|0|0|210|0|8000|0|0|0|0|0
S|BRDDY|42133719|-83031106| |TF|0|0|0|0|0|0|0|8000|0|1|0|0|0
S|BRDDY|42133719|-83031106|AIR|FM|0|9600|16190|32940|0|0|0|0|0|0|0|0|0

P|HAYLL3|ALL|HOSSA|0|9
S|HOSSA|42007033|-85070064| |IF|0|0|0|0|0|0|0|0|0|0|0|0|0
S|KRABN|41993747|-84810439| |TF|0|0|0|0|0|280|3|19000|16000|0|0|0|0
S|URBAN|41981036|-84567575| |TF|0|0|0|0|0|0|0|0|0|0|0|0|0
S|HAYLL|41966147|-84297500| |TF|0|0|0|0|0|260|1|11000|0|0|0|0|0
S|HAYLL|41966147|-84297500| |IF|0|0|0|0|0|260|1|11000|0|0|0|0|0
S|VCTRZ|41987794|-84066928| |TF|0|0|0|0|0|0|3|10000|8000|0|0|0|0
S|MAAZE|42071169|-83801031| |TF|0|0|0|0|0|0|0|0|0|0|0|0|0
S|GRBAC|42023908|-83735383| |TF|0|0|0|0|0|210|0|5000|0|1|0|0|0
S|GRBAC|42023908|-83735383|AIR|FM|0|14100|17900|32020|0|0|0|0|0|0|0|0|0

P|HAYLL3|ALL|SAMPL|0|12
S|SAMPL|41979167|-87462500| |IF|0|0|0|0|0|0|0|0|0|0|0|0|0
S|WNNNE|42054992|-86137722| |TF|0|0|0|0|0|0|0|0|0|0|0|0|0
S|SAADD|42028883|-85545336| |TF|0|0|0|0|0|0|0|0|0|0|0|0|0
S|HOSSA|42007033|-85070064| |TF|0|0|0|0|0|0|0|0|0|0|0|0|0
S|KRABN|41993747|-84810439| |TF|0|0|0|0|0|280|3|19000|16000|0|0|0|0
S|URBAN|41981036|-84567575| |TF|0|0|0|0|0|0|0|0|0|0|0|0|0
S|HAYLL|41966147|-84297500| |TF|0|0|0|0|0|260|1|11000|0|0|0|0|0
S|HAYLL|41966147|-84297500| |IF|0|0|0|0|0|260|1|11000|0|0|0|0|0
S|VCTRZ|41987794|-84066928| |TF|0|0|0|0|0|0|3|10000|8000|0|0|0|0
S|MAAZE|42071169|-83801031| |TF|0|0|0|0|0|0|0|0|0|0|0|0|0
S|GRBAC|42023908|-83735383| |TF|0|0|0|0|0|210|0|5000|0|1|0|0|0
S|GRBAC|42023908|-83735383|AIR|FM|0|14100|17900|32020|0|0|0|0|0|0|0|0|0

P|HTROD2|21L|SUBWY|0|12
S|SUBWY|39697800|-82176156| |IF|0|0|0|0|0|0|0|0|0|0|0|0|0
S|COLTZ|40492172|-82305664| |TF|0|0|0|0|0|0|0|0|0|0|0|0|0
S|BUCKN|41078317|-82551544| |TF|0|0|0|0|0|280|3|27000|24000|0|0|0|0
S|FIYUR|41293036|-82646950| |TF|0|0|0|0|0|0|1|20000|0|0|0|0|0
S|CRAKN|41672925|-82940567| |TF|0|0|0|0|0|280|3|21000|15000|0|0|0|0
S|CRAKN|41672925|-82940567| |IF|0|0|0|0|0|280|3|21000|15000|0|0|0|0
S|BEERR|41853017|-83148239| |TF|0|0|0|0|0|0|3|15000|12000|0|0|0|0
S|HTROD|42027892|-83344186| |TF|0|0|0|0|0|250|0|12000|0|0|0|0|0
S|HTROD|42027892|-83344186| |IF|0|0|0|0|0|250|0|12000|0|0|0|0|0
S|FFORK|42087578|-83296769| |TF|0|0|0|0|0|0|0|0|0|0|0|0|0
S|MODLT|42229117|-83186033| |TF|0|0|0|0|0|210|0|12000|0|1|0|0|0
S|MODLT|42229117|-83186033|AIR|FM|0|3600|17070|32880|0|0|0|0|0|0|0|0|0

P|HTROD2|21R|SUBWY|0|12
S|SUBWY|39697800|-82176156| |IF|0|0|0|0|0|0|0|0|0|0|0|0|0
S|COLTZ|40492172|-82305664| |TF|0|0|0|0|0|0|0|0|0|0|0|0|0
S|BUCKN|41078317|-82551544| |TF|0|0|0|0|0|280|3|27000|24000|0|0|0|0
S|FIYUR|41293036|-82646950| |TF|0|0|0|0|0|0|1|20000|0|0|0|0|0
S|CRAKN|41672925|-82940567| |TF|0|0|0|0|0|280|3|21000|15000|0|0|0|0
S|CRAKN|41672925|-82940567| |IF|0|0|0|0|0|280|3|21000|15000|0|0|0|0
S|BEERR|41853017|-83148239| |TF|0|0|0|0|0|0|3|15000|12000|0|0|0|0
S|HTROD|42027892|-83344186| |TF|0|0|0|0|0|250|0|12000|0|0|0|0|0
S|HTROD|42027892|-83344186| |IF|0|0|0|0|0|250|0|12000|0|0|0|0|0
S|FFORK|42087578|-83296769| |TF|0|0|0|0|0|0|0|0|0|0|0|0|0
S|MODLT|42229117|-83186033| |TF|0|0|0|0|0|210|0|12000|0|1|0|0|0
S|MODLT|42229117|-83186033|AIR|FM|0|3600|17070|32880|0|0|0|0|0|0|0|0|0

P|HTROD2|22L|SUBWY|0|12
S|SUBWY|39697800|-82176156| |IF|0|0|0|0|0|0|0|0|0|0|0|0|0
S|COLTZ|40492172|-82305664| |TF|0|0|0|0|0|0|0|0|0|0|0|0|0
S|BUCKN|41078317|-82551544| |TF|0|0|0|0|0|280|3|27000|24000|0|0|0|0
S|FIYUR|41293036|-82646950| |TF|0|0|0|0|0|0|1|20000|0|0|0|0|0
S|CRAKN|41672925|-82940567| |TF|0|0|0|0|0|280|3|21000|15000|0|0|0|0
S|CRAKN|41672925|-82940567| |IF|0|0|0|0|0|280|3|21000|15000|0|0|0|0
S|BEERR|41853017|-83148239| |TF|0|0|0|0|0|0|3|15000|12000|0|0|0|0
S|HTROD|42027892|-83344186| |TF|0|0|0|0|0|250|0|12000|0|0|0|0|0
S|HTROD|42027892|-83344186| |IF|0|0|0|0|0|250|0|12000|0|0|0|0|0
S|FFORK|42087578|-83296769| |TF|0|0|0|0|0|0|0|0|0|0|0|0|0
S|MODLT|42229117|-83186033| |TF|0|0|0|0|0|210|0|12000|0|1|0|0|0
S|MODLT|42229117|-83186033|AIR|FM|0|3600|17070|32880|0|0|0|0|0|0|0|0|0

P|HTROD2|22R|SUBWY|0|12
S|SUBWY|39697800|-82176156| |IF|0|0|0|0|0|0|0|0|0|0|0|0|0
S|COLTZ|40492172|-82305664| |TF|0|0|0|0|0|0|0|0|0|0|0|0|0
S|BUCKN|41078317|-82551544| |TF|0|0|0|0|0|280|3|27000|24000|0|0|0|0
S|FIYUR|41293036|-82646950| |TF|0|0|0|0|0|0|1|20000|0|0|0|0|0
S|CRAKN|41672925|-82940567| |TF|0|0|0|0|0|280|3|21000|15000|0|0|0|0
S|CRAKN|41672925|-82940567| |IF|0|0|0|0|0|280|3|21000|15000|0|0|0|0
S|BEERR|41853017|-83148239| |TF|0|0|0|0|0|0|3|15000|12000|0|0|0|0
S|HTROD|42027892|-83344186| |TF|0|0|0|0|0|250|0|12000|0|0|0|0|0
S|HTROD|42027892|-83344186| |IF|0|0|0|0|0|250|0|12000|0|0|0|0|0
S|TRPRS|42190553|-83532172| |TF|0|0|0|0|0|0|0|0|0|0|0|0|0
S|SEEGR|42260414|-83481050| |TF|0|0|0|0|0|210|0|12000|0|1|0|0|0
S|SEEGR|42260414|-83481050|AIR|FM|0|3300|18080|32600|0|0|0|0|0|0|0|0|0

P|KKISS2|03L|DUUDA|0|13
S|DUUDA|43076261|-85524700| |IF|0|0|0|0|0|0|0|0|0|0|0|0|0
S|TINDR|43137417|-84860983| |TF|0|0|0|0|0|280|3|23000|21000|0|0|0|0
S|FRELE|42946525|-84482214| |TF|0|0|0|0|0|280|3|21000|19000|0|0|0|0
S|SMMNS|42761481|-84109389| |TF|0|0|0|0|0|0|0|0|0|0|0|0|0
S|RKCTY|42687069|-83960358| |TF|0|0|0|0|0|280|3|21000|16000|0|0|0|0
S|RKCTY|42687069|-83960358| |IF|0|0|0|0|0|280|3|21000|16000|0|0|0|0
S|KKISS|42544414|-83761953| |TF|0|0|0|0|0|0|3|15000|12000|0|0|0|0
S|STLEY|42406222|-83563700| |TF|0|0|0|0|0|250|3|11000|10000|0|0|0|0
S|ZUBBY|42318094|-83437981| |TF|0|0|0|0|0|0|0|0|0|0|0|0|0
S|ZUBBY|42318094|-83437981| |IF|0|0|0|0|0|0|0|0|0|0|0|0|0
S|QWYNN|42160783|-83238203| |TF|0|0|0|0|0|0|0|0|0|0|0|0|0
S|ROYYY|42106114|-83275717| |TF|0|0|0|0|0|210|0|8000|0|1|0|0|0
S|ROYYY|42106114|-83275717|AIR|FM|0|21600|16770|32610|0|0|0|0|0|0|0|0|0

P|KKISS2|03R|DUUDA|0|13
S|DUUDA|43076261|-85524700| |IF|0|0|0|0|0|0|0|0|0|0|0|0|0
S|TINDR|43137417|-84860983| |TF|0|0|0|0|0|280|3|23000|21000|0|0|0|0
S|FRELE|42946525|-84482214| |TF|0|0|0|0|0|280|3|21000|19000|0|0|0|0
S|SMMNS|42761481|-84109389| |TF|0|0|0|0|0|0|0|0|0|0|0|0|0
S|RKCTY|42687069|-83960358| |TF|0|0|0|0|0|280|3|21000|16000|0|0|0|0
S|RKCTY|42687069|-83960358| |IF|0|0|0|0|0|280|3|21000|16000|0|0|0|0
S|KKISS|42544414|-83761953| |TF|0|0|0|0|0|0|3|15000|12000|0|0|0|0
S|STLEY|42406222|-83563700| |TF|0|0|0|0|0|250|3|11000|10000|0|0|0|0
S|ZUBBY|42318094|-83437981| |TF|0|0|0|0|0|0|0|0|0|0|0|0|0
S|ZUBBY|42318094|-83437981| |IF|0|0|0|0|0|0|0|0|0|0|0|0|0
S|QWYNN|42160783|-83238203| |TF|0|0|0|0|0|0|0|0|0|0|0|0|0
S|ROYYY|42106114|-83275717| |TF|0|0|0|0|0|210|0|8000|0|1|0|0|0
S|ROYYY|42106114|-83275717|AIR|FM|0|21600|16770|32610|0|0|0|0|0|0|0|0|0

P|KKISS2|04L|DUUDA|0|12
S|DUUDA|43076261|-85524700| |IF|0|0|0|0|0|0|0|0|0|0|0|0|0
S|TINDR|43137417|-84860983| |TF|0|0|0|0|0|280|3|23000|21000|0|0|0|0
S|FRELE|42946525|-84482214| |TF|0|0|0|0|0|280|3|21000|19000|0|0|0|0
S|SMMNS|42761481|-84109389| |TF|0|0|0|0|0|0|0|0|0|0|0|0|0
S|RKCTY|42687069|-83960358| |TF|0|0|0|0|0|280|3|21000|16000|0|0|0|0
S|RKCTY|42687069|-83960358| |IF|0|0|0|0|0|280|3|21000|16000|0|0|0|0
S|KKISS|42544414|-83761953| |TF|0|0|0|0|0|0|3|15000|12000|0|0|0|0
S|STLEY|42406222|-83563700| |TF|0|0|0|0|0|250|3|11000|10000|0|0|0|0
S|ZUBBY|42318094|-83437981| |TF|0|0|0|0|0|0|0|0|0|0|0|0|0
S|ZUBBY|42318094|-83437981| |IF|0|0|0|0|0|0|0|0|0|0|0|0|0
S|SKRUG|42259836|-83481700| |TF|0|0|0|0|0|210|0|8000|0|1|0|0|0
S|SKRUG|42259836|-83481700|AIR|FM|0|21800|18080|32590|0|0|0|0|0|0|0|0|0

P|KKISS2|04R|DUUDA|0|12
S|DUUDA|43076261|-85524700| |IF|0|0|0|0|0|0|0|0|0|0|0|0|0
S|TINDR|43137417|-84860983| |TF|0|0|0|0|0|280|3|23000|21000|0|0|0|0
S|FRELE|42946525|-84482214| |TF|0|0|0|0|0|280|3|21000|19000|0|0|0|0
S|SMMNS|42761481|-84109389| |TF|0|0|0|0|0|0|0|0|0|0|0|0|0
S|RKCTY|42687069|-83960358| |TF|0|0|0|0|0|280|3|21000|16000|0|0|0|0
S|RKCTY|42687069|-83960358| |IF|0|0|0|0|0|280|3|21000|16000|0|0|0|0
S|KKISS|42544414|-83761953| |TF|0|0|0|0|0|0|3|15000|12000|0|0|0|0
S|STLEY|42406222|-83563700| |TF|0|0|0|0|0|250|3|11000|10000|0|0|0|0
S|ZUBBY|42318094|-83437981| |TF|0|0|0|0|0|0|0|0|0|0|0|0|0
S|ZUBBY|42318094|-83437981| |IF|0|0|0|0|0|0|0|0|0|0|0|0|0
S|SKRUG|42259836|-83481700| |TF|0|0|0|0|0|210|0|8000|0|1|0|0|0
S|SKRUG|42259836|-83481700|AIR|FM|0|21800|18080|32590|0|0|0|0|0|0|0|0|0

P|KKISS2|27L|DUUDA|0|13
S|DUUDA|43076261|-85524700| |IF|0|0|0|0|0|0|0|0|0|0|0|0|0
S|TINDR|43137417|-84860983| |TF|0|0|0|0|0|280|3|23000|21000|0|0|0|0
S|FRELE|42946525|-84482214| |TF|0|0|0|0|0|280|3|21000|19000|0|0|0|0
S|SMMNS|42761481|-84109389| |TF|0|0|0|0|0|0|0|0|0|0|0|0|0
S|RKCTY|42687069|-83960358| |TF|0|0|0|0|0|280|3|21000|16000|0|0|0|0
S|RKCTY|42687069|-83960358| |IF|0|0|0|0|0|280|3|21000|16000|0|0|0|0
S|KKISS|42544414|-83761953| |TF|0|0|0|0|0|0|3|15000|12000|0|0|0|0
S|STLEY|42406222|-83563700| |TF|0|0|0|0|0|250|3|11000|10000|0|0|0|0
S|ZUBBY|42318094|-83437981| |TF|0|0|0|0|0|0|0|0|0|0|0|0|0
S|ZUBBY|42318094|-83437981| |IF|0|0|0|0|0|0|0|0|0|0|0|0|0
S|TMTOM|42286639|-83280983| |TF|0|0|0|0|0|210|0|8000|0|0|0|0|0
S|TUUBR|42288414|-83168736| |TF|0|0|0|0|0|0|0|8000|0|1|0|0|0
S|TUUBR|42288414|-83168736|AIR|FM|0|9600|17290|32970|0|0|0|0|0|0|0|0|0

P|KKISS2|27R|DUUDA|0|13
S|DUUDA|43076261|-85524700| |IF|0|0|0|0|0|0|0|0|0|0|0|0|0
S|TINDR|43137417|-84860983| |TF|0|0|0|0|0|280|3|23000|21000|0|0|0|0
S|FRELE|42946525|-84482214| |TF|0|0|0|0|0|280|3|21000|19000|0|0|0|0
S|SMMNS|42761481|-84109389| |TF|0|0|0|0|0|0|0|0|0|0|0|0|0
S|RKCTY|42687069|-83960358| |TF|0|0|0|0|0|280|3|21000|16000|0|0|0|0
S|RKCTY|42687069|-83960358| |IF|0|0|0|0|0|280|3|21000|16000|0|0|0|0
S|KKISS|42544414|-83761953| |TF|0|0|0|0|0|0|3|15000|12000|0|0|0|0
S|STLEY|42406222|-83563700| |TF|0|0|0|0|0|250|3|11000|10000|0|0|0|0
S|ZUBBY|42318094|-83437981| |TF|0|0|0|0|0|0|0|0|0|0|0|0|0
S|ZUBBY|42318094|-83437981| |IF|0|0|0|0|0|0|0|0|0|0|0|0|0
S|TMTOM|42286639|-83280983| |TF|0|0|0|0|0|210|0|8000|0|0|0|0|0
S|TUUBR|42288414|-83168736| |TF|0|0|0|0|0|0|0|8000|0|1|0|0|0
S|TUUBR|42288414|-83168736|AIR|FM|0|9600|17290|32970|0|0|0|0|0|0|0|0|0

P|KKISS2|03L|ENGRM|0|13
S|ENGRM|42853181|-85078981| |IF|0|0|0|0|0|0|0|0|0|0|0|0|0
S|DYWKR|42874322|-84944611| |TF|0|0|0|0|0|0|3|23000|20000|0|0|0|0
S|FRELE|42946525|-84482214| |TF|0|0|0|0|0|280|3|21000|19000|0|0|0|0
S|SMMNS|42761481|-84109389| |TF|0|0|0|0|0|0|0|0|0|0|0|0|0
S|RKCTY|42687069|-83960358| |TF|0|0|0|0|0|280|3|21000|16000|0|0|0|0
S|RKCTY|42687069|-83960358| |IF|0|0|0|0|0|280|3|21000|16000|0|0|0|0
S|KKISS|42544414|-83761953| |TF|0|0|0|0|0|0|3|15000|12000|0|0|0|0
S|STLEY|42406222|-83563700| |TF|0|0|0|0|0|250|3|11000|10000|0|0|0|0
S|ZUBBY|42318094|-83437981| |TF|0|0|0|0|0|0|0|0|0|0|0|0|0
S|ZUBBY|42318094|-83437981| |IF|0|0|0|0|0|0|0|0|0|0|0|0|0
S|QWYNN|42160783|-83238203| |TF|0|0|0|0|0|0|0|0|0|0|0|0|0
S|ROYYY|42106114|-83275717| |TF|0|0|0|0|0|210|0|8000|0|1|0|0|0
S|ROYYY|42106114|-83275717|AIR|FM|0|21600|16770|32610|0|0|0|0|0|0|0|0|0

P|KKISS2|03R|ENGRM|0|13
S|ENGRM|42853181|-85078981| |IF|0|0|0|0|0|0|0|0|0|0|0|0|0
S|DYWKR|42874322|-84944611| |TF|0|0|0|0|0|0|3|23000|20000|0|0|0|0
S|FRELE|42946525|-84482214| |TF|0|0|0|0|0|280|3|21000|19000|0|0|0|0
S|SMMNS|42761481|-84109389| |TF|0|0|0|0|0|0|0|0|0|0|0|0|0
S|RKCTY|42687069|-83960358| |TF|0|0|0|0|0|280|3|21000|16000|0|0|0|0
S|RKCTY|42687069|-83960358| |IF|0|0|0|0|0|280|3|21000|16000|0|0|0|0
S|KKISS|42544414|-83761953| |TF|0|0|0|0|0|0|3|15000|12000|0|0|0|0
S|STLEY|42406222|-83563700| |TF|0|0|0|0|0|250|3|11000|10000|0|0|0|0
S|ZUBBY|42318094|-83437981| |TF|0|0|0|0|0|0|0|0|0|0|0|0|0
S|ZUBBY|42318094|-83437981| |IF|0|0|0|0|0|0|0|0|0|0|0|0|0
S|QWYNN|42160783|-83238203| |TF|0|0|0|0|0|0|0|0|0|0|0|0|0
S|ROYYY|42106114|-83275717| |TF|0|0|0|0|0|210|0|8000|0|1|0|0|0
S|ROYYY|42106114|-83275717|AIR|FM|0|21600|16770|32610|0|0|0|0|0|0|0|0|0

P|KKISS2|04L|ENGRM|0|12
S|ENGRM|42853181|-85078981| |IF|0|0|0|0|0|0|0|0|0|0|0|0|0
S|DYWKR|42874322|-84944611| |TF|0|0|0|0|0|0|3|23000|20000|0|0|0|0
S|FRELE|42946525|-84482214| |TF|0|0|0|0|0|280|3|21000|19000|0|0|0|0
S|SMMNS|42761481|-84109389| |TF|0|0|0|0|0|0|0|0|0|0|0|0|0
S|RKCTY|42687069|-83960358| |TF|0|0|0|0|0|280|3|21000|16000|0|0|0|0
S|RKCTY|42687069|-83960358| |IF|0|0|0|0|0|280|3|21000|16000|0|0|0|0
S|KKISS|42544414|-83761953| |TF|0|0|0|0|0|0|3|15000|12000|0|0|0|0
S|STLEY|42406222|-83563700| |TF|0|0|0|0|0|250|3|11000|10000|0|0|0|0
S|ZUBBY|42318094|-83437981| |TF|0|0|0|0|0|0|0|0|0|0|0|0|0
S|ZUBBY|42318094|-83437981| |IF|0|0|0|0|0|0|0|0|0|0|0|0|0
S|SKRUG|42259836|-83481700| |TF|0|0|0|0|0|210|0|8000|0|1|0|0|0
S|SKRUG|42259836|-83481700|AIR|FM|0|21800|18080|32590|0|0|0|0|0|0|0|0|0

P|KKISS2|04R|ENGRM|0|12
S|ENGRM|42853181|-85078981| |IF|0|0|0|0|0|0|0|0|0|0|0|0|0
S|DYWKR|42874322|-84944611| |TF|0|0|0|0|0|0|3|23000|20000|0|0|0|0
S|FRELE|42946525|-84482214| |TF|0|0|0|0|0|280|3|21000|19000|0|0|0|0
S|SMMNS|42761481|-84109389| |TF|0|0|0|0|0|0|0|0|0|0|0|0|0
S|RKCTY|42687069|-83960358| |TF|0|0|0|0|0|280|3|21000|16000|0|0|0|0
S|RKCTY|42687069|-83960358| |IF|0|0|0|0|0|280|3|21000|16000|0|0|0|0
S|KKISS|42544414|-83761953| |TF|0|0|0|0|0|0|3|15000|12000|0|0|0|0
S|STLEY|42406222|-83563700| |TF|0|0|0|0|0|250|3|11000|10000|0|0|0|0
S|ZUBBY|42318094|-83437981| |TF|0|0|0|0|0|0|0|0|0|0|0|0|0
S|ZUBBY|42318094|-83437981| |IF|0|0|0|0|0|0|0|0|0|0|0|0|0
S|SKRUG|42259836|-83481700| |TF|0|0|0|0|0|210|0|8000|0|1|0|0|0
S|SKRUG|42259836|-83481700|AIR|FM|0|21800|18080|32590|0|0|0|0|0|0|0|0|0

P|KKISS2|27L|ENGRM|0|13
S|ENGRM|42853181|-85078981| |IF|0|0|0|0|0|0|0|0|0|0|0|0|0
S|DYWKR|42874322|-84944611| |TF|0|0|0|0|0|0|3|23000|20000|0|0|0|0
S|FRELE|42946525|-84482214| |TF|0|0|0|0|0|280|3|21000|19000|0|0|0|0
S|SMMNS|42761481|-84109389| |TF|0|0|0|0|0|0|0|0|0|0|0|0|0
S|RKCTY|42687069|-83960358| |TF|0|0|0|0|0|280|3|21000|16000|0|0|0|0
S|RKCTY|42687069|-83960358| |IF|0|0|0|0|0|280|3|21000|16000|0|0|0|0
S|KKISS|42544414|-83761953| |TF|0|0|0|0|0|0|3|15000|12000|0|0|0|0
S|STLEY|42406222|-83563700| |TF|0|0|0|0|0|250|3|11000|10000|0|0|0|0
S|ZUBBY|42318094|-83437981| |TF|0|0|0|0|0|0|0|0|0|0|0|0|0
S|ZUBBY|42318094|-83437981| |IF|0|0|0|0|0|0|0|0|0|0|0|0|0
S|TMTOM|42286639|-83280983| |TF|0|0|0|0|0|210|0|8000|0|0|0|0|0
S|TUUBR|42288414|-83168736| |TF|0|0|0|0|0|0|0|8000|0|1|0|0|0
S|TUUBR|42288414|-83168736|AIR|FM|0|9600|17290|32970|0|0|0|0|0|0|0|0|0

P|KKISS2|27R|ENGRM|0|13
S|ENGRM|42853181|-85078981| |IF|0|0|0|0|0|0|0|0|0|0|0|0|0
S|DYWKR|42874322|-84944611| |TF|0|0|0|0|0|0|3|23000|20000|0|0|0|0
S|FRELE|42946525|-84482214| |TF|0|0|0|0|0|280|3|21000|19000|0|0|0|0
S|SMMNS|42761481|-84109389| |TF|0|0|0|0|0|0|0|0|0|0|0|0|0
S|RKCTY|42687069|-83960358| |TF|0|0|0|0|0|280|3|21000|16000|0|0|0|0
S|RKCTY|42687069|-83960358| |IF|0|0|0|0|0|280|3|21000|16000|0|0|0|0
S|KKISS|42544414|-83761953| |TF|0|0|0|0|0|0|3|15000|12000|0|0|0|0
S|STLEY|42406222|-83563700| |TF|0|0|0|0|0|250|3|11000|10000|0|0|0|0
S|ZUBBY|42318094|-83437981| |TF|0|0|0|0|0|0|0|0|0|0|0|0|0
S|ZUBBY|42318094|-83437981| |IF|0|0|0|0|0|0|0|0|0|0|0|0|0
S|TMTOM|42286639|-83280983| |TF|0|0|0|0|0|210|0|8000|0|0|0|0|0
S|TUUBR|42288414|-83168736| |TF|0|0|0|0|0|0|0|8000|0|1|0|0|0
S|TUUBR|42288414|-83168736|AIR|FM|0|9600|17290|32970|0|0|0|0|0|0|0|0|0

P|KKISS2|03L|HOOTA|0|15
S|HOOTA|43806594|-86501550| |IF|0|0|0|0|0|0|0|0|0|0|0|0|0
S|STIDL|43411000|-85487164| |TF|0|0|0|0|0|0|0|0|0|0|0|0|0
S|BUCKE|43301836|-85212417| |TF|0|0|0|0|0|0|0|0|0|0|0|0|0
S|TINDR|43137417|-84860983| |TF|0|0|0|0|0|280|3|23000|21000|0|0|0|0
S|FRELE|42946525|-84482214| |TF|0|0|0|0|0|280|3|21000|19000|0|0|0|0
S|SMMNS|42761481|-84109389| |TF|0|0|0|0|0|0|0|0|0|0|0|0|0
S|RKCTY|42687069|-83960358| |TF|0|0|0|0|0|280|3|21000|16000|0|0|0|0
S|RKCTY|42687069|-83960358| |IF|0|0|0|0|0|280|3|21000|16000|0|0|0|0
S|KKISS|42544414|-83761953| |TF|0|0|0|0|0|0|3|15000|12000|0|0|0|0
S|STLEY|42406222|-83563700| |TF|0|0|0|0|0|250|3|11000|10000|0|0|0|0
S|ZUBBY|42318094|-83437981| |TF|0|0|0|0|0|0|0|0|0|0|0|0|0
S|ZUBBY|42318094|-83437981| |IF|0|0|0|0|0|0|0|0|0|0|0|0|0
S|QWYNN|42160783|-83238203| |TF|0|0|0|0|0|0|0|0|0|0|0|0|0
S|ROYYY|42106114|-83275717| |TF|0|0|0|0|0|210|0|8000|0|1|0|0|0
S|ROYYY|42106114|-83275717|AIR|FM|0|21600|16770|32610|0|0|0|0|0|0|0|0|0

P|KKISS2|03R|HOOTA|0|15
S|HOOTA|43806594|-86501550| |IF|0|0|0|0|0|0|0|0|0|0|0|0|0
S|STIDL|43411000|-85487164| |TF|0|0|0|0|0|0|0|0|0|0|0|0|0
S|BUCKE|43301836|-85212417| |TF|0|0|0|0|0|0|0|0|0|0|0|0|0
S|TINDR|43137417|-84860983| |TF|0|0|0|0|0|280|3|23000|21000|0|0|0|0
S|FRELE|42946525|-84482214| |TF|0|0|0|0|0|280|3|21000|19000|0|0|0|0
S|SMMNS|42761481|-84109389| |TF|0|0|0|0|0|0|0|0|0|0|0|0|0
S|RKCTY|42687069|-83960358| |TF|0|0|0|0|0|280|3|21000|16000|0|0|0|0
S|RKCTY|42687069|-83960358| |IF|0|0|0|0|0|280|3|21000|16000|0|0|0|0
S|KKISS|42544414|-83761953| |TF|0|0|0|0|0|0|3|15000|12000|0|0|0|0
S|STLEY|42406222|-83563700| |TF|0|0|0|0|0|250|3|11000|10000|0|0|0|0
S|ZUBBY|42318094|-83437981| |TF|0|0|0|0|0|0|0|0|0|0|0|0|0
S|ZUBBY|42318094|-83437981| |IF|0|0|0|0|0|0|0|0|0|0|0|0|0
S|QWYNN|42160783|-83238203| |TF|0|0|0|0|0|0|0|0|0|0|0|0|0
S|ROYYY|42106114|-83275717| |TF|0|0|0|0|0|210|0|8000|0|1|0|0|0
S|ROYYY|42106114|-83275717|AIR|FM|0|21600|16770|32610|0|0|0|0|0|0|0|0|0

P|KKISS2|04L|HOOTA|0|14
S|HOOTA|43806594|-86501550| |IF|0|0|0|0|0|0|0|0|0|0|0|0|0
S|STIDL|43411000|-85487164| |TF|0|0|0|0|0|0|0|0|0|0|0|0|0
S|BUCKE|43301836|-85212417| |TF|0|0|0|0|0|0|0|0|0|0|0|0|0
S|TINDR|43137417|-84860983| |TF|0|0|0|0|0|280|3|23000|21000|0|0|0|0
S|FRELE|42946525|-84482214| |TF|0|0|0|0|0|280|3|21000|19000|0|0|0|0
S|SMMNS|42761481|-84109389| |TF|0|0|0|0|0|0|0|0|0|0|0|0|0
S|RKCTY|42687069|-83960358| |TF|0|0|0|0|0|280|3|21000|16000|0|0|0|0
S|RKCTY|42687069|-83960358| |IF|0|0|0|0|0|280|3|21000|16000|0|0|0|0
S|KKISS|42544414|-83761953| |TF|0|0|0|0|0|0|3|15000|12000|0|0|0|0
S|STLEY|42406222|-83563700| |TF|0|0|0|0|0|250|3|11000|10000|0|0|0|0
S|ZUBBY|42318094|-83437981| |TF|0|0|0|0|0|0|0|0|0|0|0|0|0
S|ZUBBY|42318094|-83437981| |IF|0|0|0|0|0|0|0|0|0|0|0|0|0
S|SKRUG|42259836|-83481700| |TF|0|0|0|0|0|210|0|8000|0|1|0|0|0
S|SKRUG|42259836|-83481700|AIR|FM|0|21800|18080|32590|0|0|0|0|0|0|0|0|0

P|KKISS2|04R|HOOTA|0|14
S|HOOTA|43806594|-86501550| |IF|0|0|0|0|0|0|0|0|0|0|0|0|0
S|STIDL|43411000|-85487164| |TF|0|0|0|0|0|0|0|0|0|0|0|0|0
S|BUCKE|43301836|-85212417| |TF|0|0|0|0|0|0|0|0|0|0|0|0|0
S|TINDR|43137417|-84860983| |TF|0|0|0|0|0|280|3|23000|21000|0|0|0|0
S|FRELE|42946525|-84482214| |TF|0|0|0|0|0|280|3|21000|19000|0|0|0|0
S|SMMNS|42761481|-84109389| |TF|0|0|0|0|0|0|0|0|0|0|0|0|0
S|RKCTY|42687069|-83960358| |TF|0|0|0|0|0|280|3|21000|16000|0|0|0|0
S|RKCTY|42687069|-83960358| |IF|0|0|0|0|0|280|3|21000|16000|0|0|0|0
S|KKISS|42544414|-83761953| |TF|0|0|0|0|0|0|3|15000|12000|0|0|0|0
S|STLEY|42406222|-83563700| |TF|0|0|0|0|0|250|3|11000|10000|0|0|0|0
S|ZUBBY|42318094|-83437981| |TF|0|0|0|0|0|0|0|0|0|0|0|0|0
S|ZUBBY|42318094|-83437981| |IF|0|0|0|0|0|0|0|0|0|0|0|0|0
S|SKRUG|42259836|-83481700| |TF|0|0|0|0|0|210|0|8000|0|1|0|0|0
S|SKRUG|42259836|-83481700|AIR|FM|0|21800|18080|32590|0|0|0|0|0|0|0|0|0

P|KKISS2|27L|HOOTA|0|15
S|HOOTA|43806594|-86501550| |IF|0|0|0|0|0|0|0|0|0|0|0|0|0
S|STIDL|43411000|-85487164| |TF|0|0|0|0|0|0|0|0|0|0|0|0|0
S|BUCKE|43301836|-85212417| |TF|0|0|0|0|0|0|0|0|0|0|0|0|0
S|TINDR|43137417|-84860983| |TF|0|0|0|0|0|280|3|23000|21000|0|0|0|0
S|FRELE|42946525|-84482214| |TF|0|0|0|0|0|280|3|21000|19000|0|0|0|0
S|SMMNS|42761481|-84109389| |TF|0|0|0|0|0|0|0|0|0|0|0|0|0
S|RKCTY|42687069|-83960358| |TF|0|0|0|0|0|280|3|21000|16000|0|0|0|0
S|RKCTY|42687069|-83960358| |IF|0|0|0|0|0|280|3|21000|16000|0|0|0|0
S|KKISS|42544414|-83761953| |TF|0|0|0|0|0|0|3|15000|12000|0|0|0|0
S|STLEY|42406222|-83563700| |TF|0|0|0|0|0|250|3|11000|10000|0|0|0|0
S|ZUBBY|42318094|-83437981| |TF|0|0|0|0|0|0|0|0|0|0|0|0|0
S|ZUBBY|42318094|-83437981| |IF|0|0|0|0|0|0|0|0|0|0|0|0|0
S|TMTOM|42286639|-83280983| |TF|0|0|0|0|0|210|0|8000|0|0|0|0|0
S|TUUBR|42288414|-83168736| |TF|0|0|0|0|0|0|0|8000|0|1|0|0|0
S|TUUBR|42288414|-83168736|AIR|FM|0|9600|17290|32970|0|0|0|0|0|0|0|0|0

P|KKISS2|27R|HOOTA|0|15
S|HOOTA|43806594|-86501550| |IF|0|0|0|0|0|0|0|0|0|0|0|0|0
S|STIDL|43411000|-85487164| |TF|0|0|0|0|0|0|0|0|0|0|0|0|0
S|BUCKE|43301836|-85212417| |TF|0|0|0|0|0|0|0|0|0|0|0|0|0
S|TINDR|43137417|-84860983| |TF|0|0|0|0|0|280|3|23000|21000|0|0|0|0
S|FRELE|42946525|-84482214| |TF|0|0|0|0|0|280|3|21000|19000|0|0|0|0
S|SMMNS|42761481|-84109389| |TF|0|0|0|0|0|0|0|0|0|0|0|0|0
S|RKCTY|42687069|-83960358| |TF|0|0|0|0|0|280|3|21000|16000|0|0|0|0
S|RKCTY|42687069|-83960358| |IF|0|0|0|0|0|280|3|21000|16000|0|0|0|0
S|KKISS|42544414|-83761953| |TF|0|0|0|0|0|0|3|15000|12000|0|0|0|0
S|STLEY|42406222|-83563700| |TF|0|0|0|0|0|250|3|11000|10000|0|0|0|0
S|ZUBBY|42318094|-83437981| |TF|0|0|0|0|0|0|0|0|0|0|0|0|0
S|ZUBBY|42318094|-83437981| |IF|0|0|0|0|0|0|0|0|0|0|0|0|0
S|TMTOM|42286639|-83280983| |TF|0|0|0|0|0|210|0|8000|0|0|0|0|0
S|TUUBR|42288414|-83168736| |TF|0|0|0|0|0|0|0|8000|0|1|0|0|0
S|TUUBR|42288414|-83168736|AIR|FM|0|9600|17290|32970|0|0|0|0|0|0|0|0|0

P|KKISS2|03L|PORZL|0|15
S|PORZL|43259864|-87123717| |IF|0|0|0|0|0|0|0|0|0|0|0|0|0
S|CHEFE|43298139|-86050936| |TF|0|0|0|0|0|0|0|0|0|0|0|0|0
S|BUCKE|43301836|-85212417| |TF|0|0|0|0|0|0|0|0|0|0|0|0|0
S|TINDR|43137417|-84860983| |TF|0|0|0|0|0|280|3|23000|21000|0|0|0|0
S|FRELE|42946525|-84482214| |TF|0|0|0|0|0|280|3|21000|19000|0|0|0|0
S|SMMNS|42761481|-84109389| |TF|0|0|0|0|0|0|0|0|0|0|0|0|0
S|RKCTY|42687069|-83960358| |TF|0|0|0|0|0|280|3|21000|16000|0|0|0|0
S|RKCTY|42687069|-83960358| |IF|0|0|0|0|0|280|3|21000|16000|0|0|0|0
S|KKISS|42544414|-83761953| |TF|0|0|0|0|0|0|3|15000|12000|0|0|0|0
S|STLEY|42406222|-83563700| |TF|0|0|0|0|0|250|3|11000|10000|0|0|0|0
S|ZUBBY|42318094|-83437981| |TF|0|0|0|0|0|0|0|0|0|0|0|0|0
S|ZUBBY|42318094|-83437981| |IF|0|0|0|0|0|0|0|0|0|0|0|0|0
S|QWYNN|42160783|-83238203| |TF|0|0|0|0|0|0|0|0|0|0|0|0|0
S|ROYYY|42106114|-83275717| |TF|0|0|0|0|0|210|0|8000|0|1|0|0|0
S|ROYYY|42106114|-83275717|AIR|FM|0|21600|16770|32610|0|0|0|0|0|0|0|0|0

P|KKISS2|03R|PORZL|0|15
S|PORZL|43259864|-87123717| |IF|0|0|0|0|0|0|0|0|0|0|0|0|0
S|CHEFE|43298139|-86050936| |TF|0|0|0|0|0|0|0|0|0|0|0|0|0
S|BUCKE|43301836|-85212417| |TF|0|0|0|0|0|0|0|0|0|0|0|0|0
S|TINDR|43137417|-84860983| |TF|0|0|0|0|0|280|3|23000|21000|0|0|0|0
S|FRELE|42946525|-84482214| |TF|0|0|0|0|0|280|3|21000|19000|0|0|0|0
S|SMMNS|42761481|-84109389| |TF|0|0|0|0|0|0|0|0|0|0|0|0|0
S|RKCTY|42687069|-83960358| |TF|0|0|0|0|0|280|3|21000|16000|0|0|0|0
S|RKCTY|42687069|-83960358| |IF|0|0|0|0|0|280|3|21000|16000|0|0|0|0
S|KKISS|42544414|-83761953| |TF|0|0|0|0|0|0|3|15000|12000|0|0|0|0
S|STLEY|42406222|-83563700| |TF|0|0|0|0|0|250|3|11000|10000|0|0|0|0
S|ZUBBY|42318094|-83437981| |TF|0|0|0|0|0|0|0|0|0|0|0|0|0
S|ZUBBY|42318094|-83437981| |IF|0|0|0|0|0|0|0|0|0|0|0|0|0
S|QWYNN|42160783|-83238203| |TF|0|0|0|0|0|0|0|0|0|0|0|0|0
S|ROYYY|42106114|-83275717| |TF|0|0|0|0|0|210|0|8000|0|1|0|0|0
S|ROYYY|42106114|-83275717|AIR|FM|0|21600|16770|32610|0|0|0|0|0|0|0|0|0

P|KKISS2|04L|PORZL|0|14
S|PORZL|43259864|-87123717| |IF|0|0|0|0|0|0|0|0|0|0|0|0|0
S|CHEFE|43298139|-86050936| |TF|0|0|0|0|0|0|0|0|0|0|0|0|0
S|BUCKE|43301836|-85212417| |TF|0|0|0|0|0|0|0|0|0|0|0|0|0
S|TINDR|43137417|-84860983| |TF|0|0|0|0|0|280|3|23000|21000|0|0|0|0
S|FRELE|42946525|-84482214| |TF|0|0|0|0|0|280|3|21000|19000|0|0|0|0
S|SMMNS|42761481|-84109389| |TF|0|0|0|0|0|0|0|0|0|0|0|0|0
S|RKCTY|42687069|-83960358| |TF|0|0|0|0|0|280|3|21000|16000|0|0|0|0
S|RKCTY|42687069|-83960358| |IF|0|0|0|0|0|280|3|21000|16000|0|0|0|0
S|KKISS|42544414|-83761953| |TF|0|0|0|0|0|0|3|15000|12000|0|0|0|0
S|STLEY|42406222|-83563700| |TF|0|0|0|0|0|250|3|11000|10000|0|0|0|0
S|ZUBBY|42318094|-83437981| |TF|0|0|0|0|0|0|0|0|0|0|0|0|0
S|ZUBBY|42318094|-83437981| |IF|0|0|0|0|0|0|0|0|0|0|0|0|0
S|SKRUG|42259836|-83481700| |TF|0|0|0|0|0|210|0|8000|0|1|0|0|0
S|SKRUG|42259836|-83481700|AIR|FM|0|21800|18080|32590|0|0|0|0|0|0|0|0|0

P|KKISS2|04R|PORZL|0|14
S|PORZL|43259864|-87123717| |IF|0|0|0|0|0|0|0|0|0|0|0|0|0
S|CHEFE|43298139|-86050936| |TF|0|0|0|0|0|0|0|0|0|0|0|0|0
S|BUCKE|43301836|-85212417| |TF|0|0|0|0|0|0|0|0|0|0|0|0|0
S|TINDR|43137417|-84860983| |TF|0|0|0|0|0|280|3|23000|21000|0|0|0|0
S|FRELE|42946525|-84482214| |TF|0|0|0|0|0|280|3|21000|19000|0|0|0|0
S|SMMNS|42761481|-84109389| |TF|0|0|0|0|0|0|0|0|0|0|0|0|0
S|RKCTY|42687069|-83960358| |TF|0|0|0|0|0|280|3|21000|16000|0|0|0|0
S|RKCTY|42687069|-83960358| |IF|0|0|0|0|0|280|3|21000|16000|0|0|0|0
S|KKISS|42544414|-83761953| |TF|0|0|0|0|0|0|3|15000|12000|0|0|0|0
S|STLEY|42406222|-83563700| |TF|0|0|0|0|0|250|3|11000|10000|0|0|0|0
S|ZUBBY|42318094|-83437981| |TF|0|0|0|0|0|0|0|0|0|0|0|0|0
S|ZUBBY|42318094|-83437981| |IF|0|0|0|0|0|0|0|0|0|0|0|0|0
S|SKRUG|42259836|-83481700| |TF|0|0|0|0|0|210|0|8000|0|1|0|0|0
S|SKRUG|42259836|-83481700|AIR|FM|0|21800|18080|32590|0|0|0|0|0|0|0|0|0

P|KKISS2|27L|PORZL|0|15
S|PORZL|43259864|-87123717| |IF|0|0|0|0|0|0|0|0|0|0|0|0|0
S|CHEFE|43298139|-86050936| |TF|0|0|0|0|0|0|0|0|0|0|0|0|0
S|BUCKE|43301836|-85212417| |TF|0|0|0|0|0|0|0|0|0|0|0|0|0
S|TINDR|43137417|-84860983| |TF|0|0|0|0|0|280|3|23000|21000|0|0|0|0
S|FRELE|42946525|-84482214| |TF|0|0|0|0|0|280|3|21000|19000|0|0|0|0
S|SMMNS|42761481|-84109389| |TF|0|0|0|0|0|0|0|0|0|0|0|0|0
S|RKCTY|42687069|-83960358| |TF|0|0|0|0|0|280|3|21000|16000|0|0|0|0
S|RKCTY|42687069|-83960358| |IF|0|0|0|0|0|280|3|21000|16000|0|0|0|0
S|KKISS|42544414|-83761953| |TF|0|0|0|0|0|0|3|15000|12000|0|0|0|0
S|STLEY|42406222|-83563700| |TF|0|0|0|0|0|250|3|11000|10000|0|0|0|0
S|ZUBBY|42318094|-83437981| |TF|0|0|0|0|0|0|0|0|0|0|0|0|0
S|ZUBBY|42318094|-83437981| |IF|0|0|0|0|0|0|0|0|0|0|0|0|0
S|TMTOM|42286639|-83280983| |TF|0|0|0|0|0|210|0|8000|0|0|0|0|0
S|TUUBR|42288414|-83168736| |TF|0|0|0|0|0|0|0|8000|0|1|0|0|0
S|TUUBR|42288414|-83168736|AIR|FM|0|9600|17290|32970|0|0|0|0|0|0|0|0|0

P|KKISS2|27R|PORZL|0|15
S|PORZL|43259864|-87123717| |IF|0|0|0|0|0|0|0|0|0|0|0|0|0
S|CHEFE|43298139|-86050936| |TF|0|0|0|0|0|0|0|0|0|0|0|0|0
S|BUCKE|43301836|-85212417| |TF|0|0|0|0|0|0|0|0|0|0|0|0|0
S|TINDR|43137417|-84860983| |TF|0|0|0|0|0|280|3|23000|21000|0|0|0|0
S|FRELE|42946525|-84482214| |TF|0|0|0|0|0|280|3|21000|19000|0|0|0|0
S|SMMNS|42761481|-84109389| |TF|0|0|0|0|0|0|0|0|0|0|0|0|0
S|RKCTY|42687069|-83960358| |TF|0|0|0|0|0|280|3|21000|16000|0|0|0|0
S|RKCTY|42687069|-83960358| |IF|0|0|0|0|0|280|3|21000|16000|0|0|0|0
S|KKISS|42544414|-83761953| |TF|0|0|0|0|0|0|3|15000|12000|0|0|0|0
S|STLEY|42406222|-83563700| |TF|0|0|0|0|0|250|3|11000|10000|0|0|0|0
S|ZUBBY|42318094|-83437981| |TF|0|0|0|0|0|0|0|0|0|0|0|0|0
S|ZUBBY|42318094|-83437981| |IF|0|0|0|0|0|0|0|0|0|0|0|0|0
S|TMTOM|42286639|-83280983| |TF|0|0|0|0|0|210|0|8000|0|0|0|0|0
S|TUUBR|42288414|-83168736| |TF|0|0|0|0|0|0|0|8000|0|1|0|0|0
S|TUUBR|42288414|-83168736|AIR|FM|0|9600|17290|32970|0|0|0|0|0|0|0|0|0

P|KLYNK3|ALL|JAMOX|0|10
S|JAMOX|39710750|-81862256| |IF|0|0|0|0|0|0|0|0|0|0|0|0|0
S|BOBCT|40548783|-82012858| |TF|0|0|0|0|0|0|0|0|0|0|0|0|0
S|SSAID|40919542|-82139692| |TF|0|0|0|0|0|0|0|0|0|0|0|0|0
S|EEEZI|41225875|-82245453| |TF|0|0|0|0|0|280|3|27000|24000|0|0|0|0
S|HUMRR|41503347|-82536936| |TF|0|0|0|0|0|0|1|17000|0|0|0|0|0
S|BONZZ|41748414|-82797125| |TF|0|0|0|0|0|260|1|12000|0|0|0|0|0
S|BONZZ|41748414|-82797125| |IF|0|0|0|0|0|260|1|12000|0|0|0|0|0
S|KLYNK|41879364|-82988794| |TF|0|0|0|0|0|0|3|10000|9000|0|0|0|0
S|BRDER|41895725|-83345375| |TF|0|0|0|0|0|210|0|6000|0|1|0|0|0
S|BRDER|41895725|-83345375|AIR|FM|0|28100|16090|32230|0|0|0|0|0|0|0|0|0

P|KLYNK3|ALL|KOZAR|0|8
S|KOZAR|40595047|-80584736| |IF|0|0|0|0|0|0|0|0|0|0|0|0|0
S|EEEZI|41225875|-82245453| |TF|0|0|0|0|0|280|3|27000|24000|0|0|0|0
S|HUMRR|41503347|-82536936| |TF|0|0|0|0|0|0|1|17000|0|0|0|0|0
S|BONZZ|41748414|-82797125| |TF|0|0|0|0|0|260|1|12000|0|0|0|0|0
S|BONZZ|41748414|-82797125| |IF|0|0|0|0|0|260|1|12000|0|0|0|0|0
S|KLYNK|41879364|-82988794| |TF|0|0|0|0|0|0|3|10000|9000|0|0|0|0
S|BRDER|41895725|-83345375| |TF|0|0|0|0|0|210|0|6000|0|1|0|0|0
S|BRDER|41895725|-83345375|AIR|FM|0|28100|16090|32230|0|0|0|0|0|0|0|0|0

P|LAYKS2|ALL|DAYYY|0|12
S|DAYYY|44169444|-84373056| |IF|0|0|0|0|0|0|0|0|0|0|0|0|0
S|PNNTO|43778900|-84316047| |TF|0|0|0|0|0|0|0|0|0|0|0|0|0
S|WLEYE|43613800|-84186381| |TF|0|0|0|0|0|280|1|24000|0|0|0|0|0
S|YUUPR|43422842|-84036889| |TF|0|0|0|0|0|0|3|23000|21000|0|0|0|0
S|THEEE|43163994|-83812839| |TF|0|0|0|0|0|280|3|20000|16000|0|0|0|0
S|GRAYT|42915064|-83601972| |TF|0|0|0|0|0|260|3|12000|11000|0|0|0|0
S|GRAYT|42915064|-83601972| |IF|0|0|0|0|0|260|3|12000|11000|0|0|0|0
S|LAYKS|42853133|-83549819| |TF|0|0|0|0|0|0|1|10000|0|0|0|0|0
S|STAAT|42795942|-83501494| |TF|0|0|0|0|0|0|1|9000|0|0|0|0|0
S|MCHGN|42651067|-83392050| |TF|0|0|0|0|0|0|0|6000|0|0|0|0|0
S|HRRON|42627425|-83307350| |TF|0|0|0|0|0|210|0|6000|0|1|0|0|0
S|HRRON|42627425|-83307350|AIR|FM|0|11800|19280|33210|0|0|0|0|0|0|0|0|0

P|LAYKS2|ALL|LEFSA|0|12
S|LEFSA|44100000|-84766667| |IF|0|0|0|0|0|0|0|0|0|0|0|0|0
S|PNNTO|43778900|-84316047| |TF|0|0|0|0|0|0|0|0|0|0|0|0|0
S|WLEYE|43613800|-84186381| |TF|0|0|0|0|0|280|1|24000|0|0|0|0|0
S|YUUPR|43422842|-84036889| |TF|0|0|0|0|0|0|3|23000|21000|0|0|0|0
S|THEEE|43163994|-83812839| |TF|0|0|0|0|0|280|3|20000|16000|0|0|0|0
S|GRAYT|42915064|-83601972| |TF|0|0|0|0|0|260|3|12000|11000|0|0|0|0
S|GRAYT|42915064|-83601972| |IF|0|0|0|0|0|260|3|12000|11000|0|0|0|0
S|LAYKS|42853133|-83549819| |TF|0|0|0|0|0|0|1|10000|0|0|0|0|0
S|STAAT|42795942|-83501494| |TF|0|0|0|0|0|0|1|9000|0|0|0|0|0
S|MCHGN|42651067|-83392050| |TF|0|0|0|0|0|0|0|6000|0|0|0|0|0
S|HRRON|42627425|-83307350| |TF|0|0|0|0|0|210|0|6000|0|1|0|0|0
S|HRRON|42627425|-83307350|AIR|FM|0|11800|19280|33210|0|0|0|0|0|0|0|0|0

P|LECTR3|ALL|SWAYD|0|11
S|SWAYD|40676150|-85484083| |IF|0|0|0|0|0|0|0|0|0|0|0|0|0
S|JOEBU|40870694|-85256056| |TF|0|0|0|0|0|0|0|0|0|0|0|0|0
S|VDUUB|41163781|-84804322| |TF|0|0|0|0|0|0|0|0|0|0|0|0|0
S|CLRIC|41328928|-84578667| |TF|0|0|0|0|0|280|3|23000|17000|0|0|0|0
S|SHANX|41440719|-84425297| |TF|0|0|0|0|0|280|1|16000|0|0|0|0|0
S|HANBL|41735903|-84177364| |TF|0|0|0|0|0|260|1|11000|0|0|0|0|0
S|HANBL|41735903|-84177364| |IF|0|0|0|0|0|260|1|11000|0|0|0|0|0
S|LECTR|41918272|-84019847| |TF|0|0|0|0|0|0|3|10000|8000|0|0|0|0
S|FAAVA|41962244|-83879700| |TF|0|0|0|0|0|0|0|6000|0|0|0|0|0
S|SIZOR|41944764|-83793367| |TF|0|0|0|0|0|210|0|6000|0|1|0|0|0
S|SIZOR|41944764|-83793367|AIR|FM|0|12300|17790|31850|0|0|0|0|0|0|0|0|0

P|LECTR3|ALL|TORRR|0|8
S|TORRR|40741603|-84416358| |IF|0|0|0|0|0|280|2|21000|0|0|0|0|0
S|SHANX|41440719|-84425297| |TF|0|0|0|0|0|280|1|16000|0|0|0|0|0
S|HANBL|41735903|-84177364| |TF|0|0|0|0|0|260|1|11000|0|0|0|0|0
S|HANBL|41735903|-84177364| |IF|0|0|0|0|0|260|1|11000|0|0|0|0|0
S|LECTR|41918272|-84019847| |TF|0|0|0|0|0|0|3|10000|8000|0|0|0|0
S|FAAVA|41962244|-83879700| |TF|0|0|0|0|0|0|0|6000|0|0|0|0|0
S|SIZOR|41944764|-83793367| |TF|0|0|0|0|0|210|0|6000|0|1|0|0|0
S|SIZOR|41944764|-83793367|AIR|FM|0|12300|17790|31850|0|0|0|0|0|0|0|0|0

P|LECTR3|ALL|WWODD|0|13
S|WWODD|39867792|-86353225| |IF|0|0|0|0|0|0|0|0|0|0|0|0|0
S|DERBN|40070317|-86131294| |TF|0|0|0|0|0|0|0|0|0|0|0|0|0
S|SWAYD|40676150|-85484083| |TF|0|0|0|0|0|0|0|0|0|0|0|0|0
S|JOEBU|40870694|-85256056| |TF|0|0|0|0|0|0|0|0|0|0|0|0|0
S|VDUUB|41163781|-84804322| |TF|0|0|0|0|0|0|0|0|0|0|0|0|0
S|CLRIC|41328928|-84578667| |TF|0|0|0|0|0|280|3|23000|17000|0|0|0|0
S|SHANX|41440719|-84425297| |TF|0|0|0|0|0|280|1|16000|0|0|0|0|0
S|HANBL|41735903|-84177364| |TF|0|0|0|0|0|260|1|11000|0|0|0|0|0
S|HANBL|41735903|-84177364| |IF|0|0|0|0|0|260|1|11000|0|0|0|0|0
S|LECTR|41918272|-84019847| |TF|0|0|0|0|0|0|3|10000|8000|0|0|0|0
S|FAAVA|41962244|-83879700| |TF|0|0|0|0|0|0|0|6000|0|0|0|0|0
S|SIZOR|41944764|-83793367| |TF|0|0|0|0|0|210|0|6000|0|1|0|0|0
S|SIZOR|41944764|-83793367|AIR|FM|0|12300|17790|31850|0|0|0|0|0|0|0|0|0

P|RKCTY2|ALL|DUUDA|0|9
S|DUUDA|43076261|-85524700| |IF|0|0|0|0|0|0|0|0|0|0|0|0|0
S|TINDR|43137417|-84860983| |TF|0|0|0|0|0|280|3|23000|21000|0|0|0|0
S|FRELE|42946525|-84482214| |TF|0|0|0|0|0|280|3|19000|16000|0|0|0|0
S|SMMNS|42761481|-84109389| |TF|0|0|0|0|0|0|1|12000|0|0|0|0|0
S|RKCTY|42687069|-83960358| |TF|0|0|0|0|0|260|3|13000|11000|0|0|0|0
S|RKCTY|42687069|-83960358| |IF|0|0|0|0|0|260|3|13000|11000|0|0|0|0
S|DREME|42625897|-83636739| |TF|0|0|0|0|0|230|3|10000|8000|0|0|0|0
S|VALLI|42565647|-83355028| |TF|0|0|0|0|0|210|0|6000|0|1|0|0|0
S|VALLI|42565647|-83355028|AIR|FM|0|11300|19110|33090|0|0|0|0|0|0|0|0|0

P|RKCTY2|ALL|ENGRM|0|9
S|ENGRM|42853181|-85078981| |IF|0|0|0|0|0|0|0|0|0|0|0|0|0
S|DYWKR|42874322|-84944611| |TF|0|0|0|0|0|0|3|23000|20000|0|0|0|0
S|FRELE|42946525|-84482214| |TF|0|0|0|0|0|280|3|19000|16000|0|0|0|0
S|SMMNS|42761481|-84109389| |TF|0|0|0|0|0|0|1|12000|0|0|0|0|0
S|RKCTY|42687069|-83960358| |TF|0|0|0|0|0|260|3|13000|11000|0|0|0|0
S|RKCTY|42687069|-83960358| |IF|0|0|0|0|0|260|3|13000|11000|0|0|0|0
S|DREME|42625897|-83636739| |TF|0|0|0|0|0|230|3|10000|8000|0|0|0|0
S|VALLI|42565647|-83355028| |TF|0|0|0|0|0|210|0|6000|0|1|0|0|0
S|VALLI|42565647|-83355028|AIR|FM|0|11300|19110|33090|0|0|0|0|0|0|0|0|0

P|RKCTY2|ALL|HOOTA|0|11
S|HOOTA|43806594|-86501550| |IF|0|0|0|0|0|0|0|0|0|0|0|0|0
S|STIDL|43411000|-85487164| |TF|0|0|0|0|0|0|0|0|0|0|0|0|0
S|BUCKE|43301836|-85212417| |TF|0|0|0|0|0|0|0|0|0|0|0|0|0
S|TINDR|43137417|-84860983| |TF|0|0|0|0|0|280|3|23000|21000|0|0|0|0
S|FRELE|42946525|-84482214| |TF|0|0|0|0|0|280|3|19000|16000|0|0|0|0
S|SMMNS|42761481|-84109389| |TF|0|0|0|0|0|0|1|12000|0|0|0|0|0
S|RKCTY|42687069|-83960358| |TF|0|0|0|0|0|260|3|13000|11000|0|0|0|0
S|RKCTY|42687069|-83960358| |IF|0|0|0|0|0|260|3|13000|11000|0|0|0|0
S|DREME|42625897|-83636739| |TF|0|0|0|0|0|230|3|10000|8000|0|0|0|0
S|VALLI|42565647|-83355028| |TF|0|0|0|0|0|210|0|6000|0|1|0|0|0
S|VALLI|42565647|-83355028|AIR|FM|0|11300|19110|33090|0|0|0|0|0|0|0|0|0

P|RKCTY2|ALL|PORZL|0|11
S|PORZL|43259864|-87123717| |IF|0|0|0|0|0|0|0|0|0|0|0|0|0
S|CHEFE|43298139|-86050936| |TF|0|0|0|0|0|0|0|0|0|0|0|0|0
S|BUCKE|43301836|-85212417| |TF|0|0|0|0|0|0|0|0|0|0|0|0|0
S|TINDR|43137417|-84860983| |TF|0|0|0|0|0|280|3|23000|21000|0|0|0|0
S|FRELE|42946525|-84482214| |TF|0|0|0|0|0|280|3|19000|16000|0|0|0|0
S|SMMNS|42761481|-84109389| |TF|0|0|0|0|0|0|1|12000|0|0|0|0|0
S|RKCTY|42687069|-83960358| |TF|0|0|0|0|0|260|3|13000|11000|0|0|0|0
S|RKCTY|42687069|-83960358| |IF|0|0|0|0|0|260|3|13000|11000|0|0|0|0
S|DREME|42625897|-83636739| |TF|0|0|0|0|0|230|3|10000|8000|0|0|0|0
S|VALLI|42565647|-83355028| |TF|0|0|0|0|0|210|0|6000|0|1|0|0|0
S|VALLI|42565647|-83355028|AIR|FM|0|11300|19110|33090|0|0|0|0|0|0|0|0|0

P|TPGUN2|ALL|BOBTA|0|12
S|BOBTA|43814444|-79658611| |IF|0|0|0|0|0|0|0|0|0|0|0|0|0
S|JAIBE|43005661|-80564169| |TF|0|0|0|0|0|0|0|0|0|0|0|0|0
S|GGUCE|42706844|-80890758| |TF|0|0|0|0|0|0|0|0|0|0|0|0|0
S|WLFMN|42684719|-81347706| |TF|0|0|0|0|0|280|1|24000|0|0|0|0|0
S|MAVVV|42644950|-81810158| |TF|0|0|0|0|0|0|0|0|0|0|0|0|0
S|TPGUN|42589556|-82420136| |TF|0|0|0|0|0|280|3|14000|11000|0|0|0|0
S|TPGUN|42589556|-82420136| |IF|0|0|0|0|0|280|3|14000|11000|0|0|0|0
S|HLIWD|42509486|-82679139| |TF|0|0|0|0|0|0|3|10000|8000|0|0|0|0
S|CHZTR|42480358|-82770428| |TF|0|0|0|0|0|0|0|7000|0|0|0|0|0
S|GOHST|42512261|-82849567| |TF|0|0|0|0|0|210|0|7000|0|0|0|0|0
S|RYEDR|42546139|-82933772| |TF|0|0|0|0|0|210|0|7000|0|1|0|0|0
S|RYEDR|42546139|-82933772|AIR|FM|0|30600|17930|33540|0|0|0|0|0|0|0|0|0

P|TPGUN2|ALL|DONEO|0|12
S|DONEO|42784714|-79727344| |IF|0|0|0|0|0|0|0|0|0|0|0|0|0
S|VYPRE|42729706|-80371703| |TF|0|0|0|0|0|0|0|0|0|0|0|0|0
S|GGUCE|42706844|-80890758| |TF|0|0|0|0|0|0|0|0|0|0|0|0|0
S|WLFMN|42684719|-81347706| |TF|0|0|0|0|0|280|1|24000|0|0|0|0|0
S|MAVVV|42644950|-81810158| |TF|0|0|0|0|0|0|0|0|0|0|0|0|0
S|TPGUN|42589556|-82420136| |TF|0|0|0|0|0|280|3|14000|11000|0|0|0|0
S|TPGUN|42589556|-82420136| |IF|0|0|0|0|0|280|3|14000|11000|0|0|0|0
S|HLIWD|42509486|-82679139| |TF|0|0|0|0|0|0|3|10000|8000|0|0|0|0
S|CHZTR|42480358|-82770428| |TF|0|0|0|0|0|0|0|7000|0|0|0|0|0
S|GOHST|42512261|-82849567| |TF|0|0|0|0|0|210|0|7000|0|0|0|0|0
S|RYEDR|42546139|-82933772| |TF|0|0|0|0|0|210|0|7000|0|1|0|0|0
S|RYEDR|42546139|-82933772|AIR|FM|0|30600|17930|33540|0|0|0|0|0|0|0|0|0

P|TPGUN2|ALL|GGUCE|0|10
S|GGUCE|42706844|-80890758| |IF|0|0|0|0|0|0|0|0|0|0|0|0|0
S|WLFMN|42684719|-81347706| |TF|0|0|0|0|0|280|1|24000|0|0|0|0|0
S|MAVVV|42644950|-81810158| |TF|0|0|0|0|0|0|0|0|0|0|0|0|0
S|TPGUN|42589556|-82420136| |TF|0|0|0|0|0|280|3|14000|11000|0|0|0|0
S|TPGUN|42589556|-82420136| |IF|0|0|0|0|0|280|3|14000|11000|0|0|0|0
S|HLIWD|42509486|-82679139| |TF|0|0|0|0|0|0|3|10000|8000|0|0|0|0
S|CHZTR|42480358|-82770428| |TF|0|0|0|0|0|0|0|7000|0|0|0|0|0
S|GOHST|42512261|-82849567| |TF|0|0|0|0|0|210|0|7000|0|0|0|0|0
S|RYEDR|42546139|-82933772| |TF|0|0|0|0|0|210|0|7000|0|1|0|0|0
S|RYEDR|42546139|-82933772|AIR|FM|0|30600|17930|33540|0|0|0|0|0|0|0|0|0

P|VCTRZ2|21L|HOSSA|0|12
S|HOSSA|42007033|-85070064| |IF|0|0|0|0|0|0|0|0|0|0|0|0|0
S|KRABN|41993747|-84810439| |TF|0|0|0|0|0|280|3|19000|17000|0|0|0|0
S|URBAN|41981036|-84567575| |TF|0|0|0|0|0|0|0|0|0|0|0|0|0
S|HAYLL|41966147|-84297500| |TF|0|0|0|0|0|280|1|17000|0|0|0|0|0
S|HAYLL|41966147|-84297500| |IF|0|0|0|0|0|280|1|17000|0|0|0|0|0
S|VCTRZ|41987794|-84066928| |TF|0|0|0|0|0|0|0|0|0|0|0|0|0
S|HYSMN|42026883|-83898231| |TF|0|0|0|0|0|0|3|15000|12000|0|0|0|0
S|UUOFM|42143261|-83722514| |TF|0|0|0|0|0|250|0|12000|0|0|0|0|0
S|UUOFM|42143261|-83722514| |IF|0|0|0|0|0|250|0|12000|0|0|0|0|0
S|RAAMM|42165203|-83236442| |TF|0|0|0|0|0|0|0|0|0|0|0|0|0
S|MODLT|42229117|-83186033| |TF|0|0|0|0|0|210|0|12000|0|1|0|0|0
S|MODLT|42229117|-83186033|AIR|FM|0|3600|17070|32880|0|0|0|0|0|0|0|0|0

P|VCTRZ2|21R|HOSSA|0|12
S|HOSSA|42007033|-85070064| |IF|0|0|0|0|0|0|0|0|0|0|0|0|0
S|KRABN|41993747|-84810439| |TF|0|0|0|0|0|280|3|19000|17000|0|0|0|0
S|URBAN|41981036|-84567575| |TF|0|0|0|0|0|0|0|0|0|0|0|0|0
S|HAYLL|41966147|-84297500| |TF|0|0|0|0|0|280|1|17000|0|0|0|0|0
S|HAYLL|41966147|-84297500| |IF|0|0|0|0|0|280|1|17000|0|0|0|0|0
S|VCTRZ|41987794|-84066928| |TF|0|0|0|0|0|0|0|0|0|0|0|0|0
S|HYSMN|42026883|-83898231| |TF|0|0|0|0|0|0|3|15000|12000|0|0|0|0
S|UUOFM|42143261|-83722514| |TF|0|0|0|0|0|250|0|12000|0|0|0|0|0
S|UUOFM|42143261|-83722514| |IF|0|0|0|0|0|250|0|12000|0|0|0|0|0
S|RAAMM|42165203|-83236442| |TF|0|0|0|0|0|0|0|0|0|0|0|0|0
S|MODLT|42229117|-83186033| |TF|0|0|0|0|0|210|0|12000|0|1|0|0|0
S|MODLT|42229117|-83186033|AIR|FM|0|3600|17070|32880|0|0|0|0|0|0|0|0|0

P|VCTRZ2|22L|HOSSA|0|12
S|HOSSA|42007033|-85070064| |IF|0|0|0|0|0|0|0|0|0|0|0|0|0
S|KRABN|41993747|-84810439| |TF|0|0|0|0|0|280|3|19000|17000|0|0|0|0
S|URBAN|41981036|-84567575| |TF|0|0|0|0|0|0|0|0|0|0|0|0|0
S|HAYLL|41966147|-84297500| |TF|0|0|0|0|0|280|1|17000|0|0|0|0|0
S|HAYLL|41966147|-84297500| |IF|0|0|0|0|0|280|1|17000|0|0|0|0|0
S|VCTRZ|41987794|-84066928| |TF|0|0|0|0|0|0|0|0|0|0|0|0|0
S|HYSMN|42026883|-83898231| |TF|0|0|0|0|0|0|3|15000|12000|0|0|0|0
S|UUOFM|42143261|-83722514| |TF|0|0|0|0|0|250|0|12000|0|0|0|0|0
S|UUOFM|42143261|-83722514| |IF|0|0|0|0|0|250|0|12000|0|0|0|0|0
S|TRPRS|42190553|-83532172| |TF|0|0|0|0|0|0|0|0|0|0|0|0|0
S|SEEGR|42260414|-83481050| |TF|0|0|0|0|0|210|0|12000|0|1|0|0|0
S|SEEGR|42260414|-83481050|AIR|FM|0|3300|18080|32600|0|0|0|0|0|0|0|0|0

P|VCTRZ2|22R|HOSSA|0|12
S|HOSSA|42007033|-85070064| |IF|0|0|0|0|0|0|0|0|0|0|0|0|0
S|KRABN|41993747|-84810439| |TF|0|0|0|0|0|280|3|19000|17000|0|0|0|0
S|URBAN|41981036|-84567575| |TF|0|0|0|0|0|0|0|0|0|0|0|0|0
S|HAYLL|41966147|-84297500| |TF|0|0|0|0|0|280|1|17000|0|0|0|0|0
S|HAYLL|41966147|-84297500| |IF|0|0|0|0|0|280|1|17000|0|0|0|0|0
S|VCTRZ|41987794|-84066928| |TF|0|0|0|0|0|0|0|0|0|0|0|0|0
S|HYSMN|42026883|-83898231| |TF|0|0|0|0|0|0|3|15000|12000|0|0|0|0
S|UUOFM|42143261|-83722514| |TF|0|0|0|0|0|250|0|12000|0|0|0|0|0
S|UUOFM|42143261|-83722514| |IF|0|0|0|0|0|250|0|12000|0|0|0|0|0
S|TRPRS|42190553|-83532172| |TF|0|0|0|0|0|0|0|0|0|0|0|0|0
S|SEEGR|42260414|-83481050| |TF|0|0|0|0|0|210|0|12000|0|1|0|0|0
S|SEEGR|42260414|-83481050|AIR|FM|0|3300|18080|32600|0|0|0|0|0|0|0|0|0

P|VCTRZ2|27L|HOSSA|0|12
S|HOSSA|42007033|-85070064| |IF|0|0|0|0|0|0|0|0|0|0|0|0|0
S|KRABN|41993747|-84810439| |TF|0|0|0|0|0|280|3|19000|17000|0|0|0|0
S|URBAN|41981036|-84567575| |TF|0|0|0|0|0|0|0|0|0|0|0|0|0
S|HAYLL|41966147|-84297500| |TF|0|0|0|0|0|280|1|17000|0|0|0|0|0
S|HAYLL|41966147|-84297500| |IF|0|0|0|0|0|280|1|17000|0|0|0|0|0
S|VCTRZ|41987794|-84066928| |TF|0|0|0|0|0|0|0|0|0|0|0|0|0
S|HYSMN|42026883|-83898231| |TF|0|0|0|0|0|0|3|15000|12000|0|0|0|0
S|UUOFM|42143261|-83722514| |TF|0|0|0|0|0|250|0|12000|0|0|0|0|0
S|UUOFM|42143261|-83722514| |IF|0|0|0|0|0|250|0|12000|0|0|0|0|0
S|WUDSN|42131950|-83276414| |TF|0|0|0|0|0|0|0|0|0|0|0|0|0
S|BRDDY|42133719|-83031106| |TF|0|0|0|0|0|210|0|12000|0|1|0|0|0
S|BRDDY|42133719|-83031106|AIR|FM|0|9600|16190|32940|0|0|0|0|0|0|0|0|0

P|VCTRZ2|27R|HOSSA|0|12
S|HOSSA|42007033|-85070064| |IF|0|0|0|0|0|0|0|0|0|0|0|0|0
S|KRABN|41993747|-84810439| |TF|0|0|0|0|0|280|3|19000|17000|0|0|0|0
S|URBAN|41981036|-84567575| |TF|0|0|0|0|0|0|0|0|0|0|0|0|0
S|HAYLL|41966147|-84297500| |TF|0|0|0|0|0|280|1|17000|0|0|0|0|0
S|HAYLL|41966147|-84297500| |IF|0|0|0|0|0|280|1|17000|0|0|0|0|0
S|VCTRZ|41987794|-84066928| |TF|0|0|0|0|0|0|0|0|0|0|0|0|0
S|HYSMN|42026883|-83898231| |TF|0|0|0|0|0|0|3|15000|12000|0|0|0|0
S|UUOFM|42143261|-83722514| |TF|0|0|0|0|0|250|0|12000|0|0|0|0|0
S|UUOFM|42143261|-83722514| |IF|0|0|0|0|0|250|0|12000|0|0|0|0|0
S|WUDSN|42131950|-83276414| |TF|0|0|0|0|0|0|0|0|0|0|0|0|0
S|BRDDY|42133719|-83031106| |TF|0|0|0|0|0|210|0|12000|0|1|0|0|0
S|BRDDY|42133719|-83031106|AIR|FM|0|9600|16190|32940|0|0|0|0|0|0|0|0|0

P|VCTRZ2|21L|SAMPL|0|15
S|SAMPL|41979167|-87462500| |IF|0|0|0|0|0|0|0|0|0|0|0|0|0
S|WNNNE|42054992|-86137722| |TF|0|0|0|0|0|0|0|0|0|0|0|0|0
S|SAADD|42028883|-85545336| |TF|0|0|0|0|0|0|0|0|0|0|0|0|0
S|HOSSA|42007033|-85070064| |TF|0|0|0|0|0|0|0|0|0|0|0|0|0
S|KRABN|41993747|-84810439| |TF|0|0|0|0|0|280|3|19000|17000|0|0|0|0
S|URBAN|41981036|-84567575| |TF|0|0|0|0|0|0|0|0|0|0|0|0|0
S|HAYLL|41966147|-84297500| |TF|0|0|0|0|0|280|1|17000|0|0|0|0|0
S|HAYLL|41966147|-84297500| |IF|0|0|0|0|0|280|1|17000|0|0|0|0|0
S|VCTRZ|41987794|-84066928| |TF|0|0|0|0|0|0|0|0|0|0|0|0|0
S|HYSMN|42026883|-83898231| |TF|0|0|0|0|0|0|3|15000|12000|0|0|0|0
S|UUOFM|42143261|-83722514| |TF|0|0|0|0|0|250|0|12000|0|0|0|0|0
S|UUOFM|42143261|-83722514| |IF|0|0|0|0|0|250|0|12000|0|0|0|0|0
S|RAAMM|42165203|-83236442| |TF|0|0|0|0|0|0|0|0|0|0|0|0|0
S|MODLT|42229117|-83186033| |TF|0|0|0|0|0|210|0|12000|0|1|0|0|0
S|MODLT|42229117|-83186033|AIR|FM|0|3600|17070|32880|0|0|0|0|0|0|0|0|0

P|VCTRZ2|21R|SAMPL|0|15
S|SAMPL|41979167|-87462500| |IF|0|0|0|0|0|0|0|0|0|0|0|0|0
S|WNNNE|42054992|-86137722| |TF|0|0|0|0|0|0|0|0|0|0|0|0|0
S|SAADD|42028883|-85545336| |TF|0|0|0|0|0|0|0|0|0|0|0|0|0
S|HOSSA|42007033|-85070064| |TF|0|0|0|0|0|0|0|0|0|0|0|0|0
S|KRABN|41993747|-84810439| |TF|0|0|0|0|0|280|3|19000|17000|0|0|0|0
S|URBAN|41981036|-84567575| |TF|0|0|0|0|0|0|0|0|0|0|0|0|0
S|HAYLL|41966147|-84297500| |TF|0|0|0|0|0|280|1|17000|0|0|0|0|0
S|HAYLL|41966147|-84297500| |IF|0|0|0|0|0|280|1|17000|0|0|0|0|0
S|VCTRZ|41987794|-84066928| |TF|0|0|0|0|0|0|0|0|0|0|0|0|0
S|HYSMN|42026883|-83898231| |TF|0|0|0|0|0|0|3|15000|12000|0|0|0|0
S|UUOFM|42143261|-83722514| |TF|0|0|0|0|0|250|0|12000|0|0|0|0|0
S|UUOFM|42143261|-83722514| |IF|0|0|0|0|0|250|0|12000|0|0|0|0|0
S|RAAMM|42165203|-83236442| |TF|0|0|0|0|0|0|0|0|0|0|0|0|0
S|MODLT|42229117|-83186033| |TF|0|0|0|0|0|210|0|12000|0|1|0|0|0
S|MODLT|42229117|-83186033|AIR|FM|0|3600|17070|32880|0|0|0|0|0|0|0|0|0

P|VCTRZ2|22L|SAMPL|0|15
S|SAMPL|41979167|-87462500| |IF|0|0|0|0|0|0|0|0|0|0|0|0|0
S|WNNNE|42054992|-86137722| |TF|0|0|0|0|0|0|0|0|0|0|0|0|0
S|SAADD|42028883|-85545336| |TF|0|0|0|0|0|0|0|0|0|0|0|0|0
S|HOSSA|42007033|-85070064| |TF|0|0|0|0|0|0|0|0|0|0|0|0|0
S|KRABN|41993747|-84810439| |TF|0|0|0|0|0|280|3|19000|17000|0|0|0|0
S|URBAN|41981036|-84567575| |TF|0|0|0|0|0|0|0|0|0|0|0|0|0
S|HAYLL|41966147|-84297500| |TF|0|0|0|0|0|280|1|17000|0|0|0|0|0
S|HAYLL|41966147|-84297500| |IF|0|0|0|0|0|280|1|17000|0|0|0|0|0
S|VCTRZ|41987794|-84066928| |TF|0|0|0|0|0|0|0|0|0|0|0|0|0
S|HYSMN|42026883|-83898231| |TF|0|0|0|0|0|0|3|15000|12000|0|0|0|0
S|UUOFM|42143261|-83722514| |TF|0|0|0|0|0|250|0|12000|0|0|0|0|0
S|UUOFM|42143261|-83722514| |IF|0|0|0|0|0|250|0|12000|0|0|0|0|0
S|TRPRS|42190553|-83532172| |TF|0|0|0|0|0|0|0|0|0|0|0|0|0
S|SEEGR|42260414|-83481050| |TF|0|0|0|0|0|210|0|12000|0|1|0|0|0
S|SEEGR|42260414|-83481050|AIR|FM|0|3300|18080|32600|0|0|0|0|0|0|0|0|0

P|VCTRZ2|22R|SAMPL|0|15
S|SAMPL|41979167|-87462500| |IF|0|0|0|0|0|0|0|0|0|0|0|0|0
S|WNNNE|42054992|-86137722| |TF|0|0|0|0|0|0|0|0|0|0|0|0|0
S|SAADD|42028883|-85545336| |TF|0|0|0|0|0|0|0|0|0|0|0|0|0
S|HOSSA|42007033|-85070064| |TF|0|0|0|0|0|0|0|0|0|0|0|0|0
S|KRABN|41993747|-84810439| |TF|0|0|0|0|0|280|3|19000|17000|0|0|0|0
S|URBAN|41981036|-84567575| |TF|0|0|0|0|0|0|0|0|0|0|0|0|0
S|HAYLL|41966147|-84297500| |TF|0|0|0|0|0|280|1|17000|0|0|0|0|0
S|HAYLL|41966147|-84297500| |IF|0|0|0|0|0|280|1|17000|0|0|0|0|0
S|VCTRZ|41987794|-84066928| |TF|0|0|0|0|0|0|0|0|0|0|0|0|0
S|HYSMN|42026883|-83898231| |TF|0|0|0|0|0|0|3|15000|12000|0|0|0|0
S|UUOFM|42143261|-83722514| |TF|0|0|0|0|0|250|0|12000|0|0|0|0|0
S|UUOFM|42143261|-83722514| |IF|0|0|0|0|0|250|0|12000|0|0|0|0|0
S|TRPRS|42190553|-83532172| |TF|0|0|0|0|0|0|0|0|0|0|0|0|0
S|SEEGR|42260414|-83481050| |TF|0|0|0|0|0|210|0|12000|0|1|0|0|0
S|SEEGR|42260414|-83481050|AIR|FM|0|3300|18080|32600|0|0|0|0|0|0|0|0|0

P|VCTRZ2|27L|SAMPL|0|15
S|SAMPL|41979167|-87462500| |IF|0|0|0|0|0|0|0|0|0|0|0|0|0
S|WNNNE|42054992|-86137722| |TF|0|0|0|0|0|0|0|0|0|0|0|0|0
S|SAADD|42028883|-85545336| |TF|0|0|0|0|0|0|0|0|0|0|0|0|0
S|HOSSA|42007033|-85070064| |TF|0|0|0|0|0|0|0|0|0|0|0|0|0
S|KRABN|41993747|-84810439| |TF|0|0|0|0|0|280|3|19000|17000|0|0|0|0
S|URBAN|41981036|-84567575| |TF|0|0|0|0|0|0|0|0|0|0|0|0|0
S|HAYLL|41966147|-84297500| |TF|0|0|0|0|0|280|1|17000|0|0|0|0|0
S|HAYLL|41966147|-84297500| |IF|0|0|0|0|0|280|1|17000|0|0|0|0|0
S|VCTRZ|41987794|-84066928| |TF|0|0|0|0|0|0|0|0|0|0|0|0|0
S|HYSMN|42026883|-83898231| |TF|0|0|0|0|0|0|3|15000|12000|0|0|0|0
S|UUOFM|42143261|-83722514| |TF|0|0|0|0|0|250|0|12000|0|0|0|0|0
S|UUOFM|42143261|-83722514| |IF|0|0|0|0|0|250|0|12000|0|0|0|0|0
S|WUDSN|42131950|-83276414| |TF|0|0|0|0|0|0|0|0|0|0|0|0|0
S|BRDDY|42133719|-83031106| |TF|0|0|0|0|0|210|0|12000|0|1|0|0|0
S|BRDDY|42133719|-83031106|AIR|FM|0|9600|16190|32940|0|0|0|0|0|0|0|0|0

P|VCTRZ2|27R|SAMPL|0|15
S|SAMPL|41979167|-87462500| |IF|0|0|0|0|0|0|0|0|0|0|0|0|0
S|WNNNE|42054992|-86137722| |TF|0|0|0|0|0|0|0|0|0|0|0|0|0
S|SAADD|42028883|-85545336| |TF|0|0|0|0|0|0|0|0|0|0|0|0|0
S|HOSSA|42007033|-85070064| |TF|0|0|0|0|0|0|0|0|0|0|0|0|0
S|KRABN|41993747|-84810439| |TF|0|0|0|0|0|280|3|19000|17000|0|0|0|0
S|URBAN|41981036|-84567575| |TF|0|0|0|0|0|0|0|0|0|0|0|0|0
S|HAYLL|41966147|-84297500| |TF|0|0|0|0|0|280|1|17000|0|0|0|0|0
S|HAYLL|41966147|-84297500| |IF|0|0|0|0|0|280|1|17000|0|0|0|0|0
S|VCTRZ|41987794|-84066928| |TF|0|0|0|0|0|0|0|0|0|0|0|0|0
S|HYSMN|42026883|-83898231| |TF|0|0|0|0|0|0|3|15000|12000|0|0|0|0
S|UUOFM|42143261|-83722514| |TF|0|0|0|0|0|250|0|12000|0|0|0|0|0
S|UUOFM|42143261|-83722514| |IF|0|0|0|0|0|250|0|12000|0|0|0|0|0
S|WUDSN|42131950|-83276414| |TF|0|0|0|0|0|0|0|0|0|0|0|0|0
S|BRDDY|42133719|-83031106| |TF|0|0|0|0|0|210|0|12000|0|1|0|0|0
S|BRDDY|42133719|-83031106|AIR|FM|0|9600|16190|32940|0|0|0|0|0|0|0|0|0

P|WNGNT2|03L|JACCI|0|11
S|JACCI|42469803|-78729681| |IF|0|0|0|0|0|0|0|0|0|0|0|0|0
S|VOLPE|42519167|-80616667| |TF|0|0|0|0|0|0|0|0|0|0|0|0|0
S|SAYCH|42525258|-81370250| |TF|0|0|0|0|0|280|1|24000|0|0|0|0|0
S|NUTTZ|42492956|-81798236| |TF|0|0|0|0|0|0|0|0|0|0|0|0|0
S|WNGNT|42450756|-82326719| |TF|0|0|0|0|0|280|3|23000|16000|0|0|0|0
S|WNGNT|42450756|-82326719| |IF|0|0|0|0|0|280|3|23000|16000|0|0|0|0
S|BOUTU|42388939|-82771003| |TF|0|0|0|0|0|0|3|15000|12000|0|0|0|0
S|ROOAD|42284311|-83152878| |TF|0|0|0|0|0|250|0|12000|0|0|0|0|0
S|ROOAD|42284311|-83152878| |IF|0|0|0|0|0|250|0|12000|0|0|0|0|0
S|SPRTS|42107578|-83274642| |TF|0|0|0|0|0|210|0|12000|0|1|0|0|0
S|SPRTS|42107578|-83274642|AIR|FM|0|21600|16780|32610|0|0|0|0|0|0|0|0|0

P|WNGNT2|03R|JACCI|0|11
S|JACCI|42469803|-78729681| |IF|0|0|0|0|0|0|0|0|0|0|0|0|0
S|VOLPE|42519167|-80616667| |TF|0|0|0|0|0|0|0|0|0|0|0|0|0
S|SAYCH|42525258|-81370250| |TF|0|0|0|0|0|280|1|24000|0|0|0|0|0
S|NUTTZ|42492956|-81798236| |TF|0|0|0|0|0|0|0|0|0|0|0|0|0
S|WNGNT|42450756|-82326719| |TF|0|0|0|0|0|280|3|23000|16000|0|0|0|0
S|WNGNT|42450756|-82326719| |IF|0|0|0|0|0|280|3|23000|16000|0|0|0|0
S|BOUTU|42388939|-82771003| |TF|0|0|0|0|0|0|3|15000|12000|0|0|0|0
S|ROOAD|42284311|-83152878| |TF|0|0|0|0|0|250|0|12000|0|0|0|0|0
S|ROOAD|42284311|-83152878| |IF|0|0|0|0|0|250|0|12000|0|0|0|0|0
S|SPRTS|42107578|-83274642| |TF|0|0|0|0|0|210|0|12000|0|1|0|0|0
S|SPRTS|42107578|-83274642|AIR|FM|0|21600|16780|32610|0|0|0|0|0|0|0|0|0

P|WNGNT2|04L|JACCI|0|12
S|JACCI|42469803|-78729681| |IF|0|0|0|0|0|0|0|0|0|0|0|0|0
S|VOLPE|42519167|-80616667| |TF|0|0|0|0|0|0|0|0|0|0|0|0|0
S|SAYCH|42525258|-81370250| |TF|0|0|0|0|0|280|1|24000|0|0|0|0|0
S|NUTTZ|42492956|-81798236| |TF|0|0|0|0|0|0|0|0|0|0|0|0|0
S|WNGNT|42450756|-82326719| |TF|0|0|0|0|0|280|3|23000|16000|0|0|0|0
S|WNGNT|42450756|-82326719| |IF|0|0|0|0|0|280|3|23000|16000|0|0|0|0
S|BOUTU|42388939|-82771003| |TF|0|0|0|0|0|0|3|15000|12000|0|0|0|0
S|ROOAD|42284311|-83152878| |TF|0|0|0|0|0|250|0|12000|0|0|0|0|0
S|ROOAD|42284311|-83152878| |IF|0|0|0|0|0|250|0|12000|0|0|0|0|0
S|CADLC|42261264|-83480539| |TF|0|0|0|0|0|0|0|0|0|0|0|0|0
S|YNDER|42204197|-83526981| |TF|0|0|0|0|0|210|0|12000|0|1|0|0|0
S|YNDER|42204197|-83526981|AIR|FM|0|21800|17960|32480|0|0|0|0|0|0|0|0|0

P|WNGNT2|04R|JACCI|0|11
S|JACCI|42469803|-78729681| |IF|0|0|0|0|0|0|0|0|0|0|0|0|0
S|VOLPE|42519167|-80616667| |TF|0|0|0|0|0|0|0|0|0|0|0|0|0
S|SAYCH|42525258|-81370250| |TF|0|0|0|0|0|280|1|24000|0|0|0|0|0
S|NUTTZ|42492956|-81798236| |TF|0|0|0|0|0|0|0|0|0|0|0|0|0
S|WNGNT|42450756|-82326719| |TF|0|0|0|0|0|280|3|23000|16000|0|0|0|0
S|WNGNT|42450756|-82326719| |IF|0|0|0|0|0|280|3|23000|16000|0|0|0|0
S|BOUTU|42388939|-82771003| |TF|0|0|0|0|0|0|3|15000|12000|0|0|0|0
S|ROOAD|42284311|-83152878| |TF|0|0|0|0|0|250|0|12000|0|0|0|0|0
S|ROOAD|42284311|-83152878| |IF|0|0|0|0|0|250|0|12000|0|0|0|0|0
S|SPRTS|42107578|-83274642| |TF|0|0|0|0|0|210|0|12000|0|1|0|0|0
S|SPRTS|42107578|-83274642|AIR|FM|0|21600|16780|32610|0|0|0|0|0|0|0|0|0

