P|AAVON1|ALL|HYPPE|0|6
S|HYPPE|40374381|-109247044| |IF|0|0|0|0|0|0|0|0|0|0|0|0|0
S|AAVON|39764239|-108136019| |TF|0|0|0|0|0|0|0|0|0|0|0|0|0
S|AAVON|39764239|-108136019| |IF|0|0|0|0|0|0|0|0|0|0|0|0|0
S|BAAHN|40027697|-107341367| |TF|0|0|0|0|0|280|3|23000|19000|0|0|0|0
S|LAAND|40084111|-106815342| |TF|0|0|0|0|0|230|3|16000|15000|0|0|0|0
S|DUCES|40060222|-106579989| |TF|0|0|0|0|0|210|1|14000|0|0|0|0|0

P|AAVON1|ALL|IBSKI|0|8
S|IBSKI|37997200|-109997208| |IF|0|0|0|0|0|0|0|0|0|0|0|0|0
S|TESSY|39496200|-108829822| |TF|0|0|0|0|0|0|0|0|0|0|0|0|0
S|PPLAY|39659386|-108409147| |TF|0|0|0|0|0|0|0|0|0|0|0|0|0
S|AAVON|39764239|-108136019| |TF|0|0|0|0|0|0|0|0|0|0|0|0|0
S|AAVON|39764239|-108136019| |IF|0|0|0|0|0|0|0|0|0|0|0|0|0
S|BAAHN|40027697|-107341367| |TF|0|0|0|0|0|280|3|23000|19000|0|0|0|0
S|LAAND|40084111|-106815342| |TF|0|0|0|0|0|230|3|16000|15000|0|0|0|0
S|DUCES|40060222|-106579989| |TF|0|0|0|0|0|210|1|14000|0|0|0|0|0

P|AAVON1|ALL|KIMMR|0|8
S|KIMMR|39229233|-109958361| |IF|0|0|0|0|0|0|0|0|0|0|0|0|0
S|TESSY|39496200|-108829822| |TF|0|0|0|0|0|0|0|0|0|0|0|0|0
S|PPLAY|39659386|-108409147| |TF|0|0|0|0|0|0|0|0|0|0|0|0|0
S|AAVON|39764239|-108136019| |TF|0|0|0|0|0|0|0|0|0|0|0|0|0
S|AAVON|39764239|-108136019| |IF|0|0|0|0|0|0|0|0|0|0|0|0|0
S|BAAHN|40027697|-107341367| |TF|0|0|0|0|0|280|3|23000|19000|0|0|0|0
S|LAAND|40084111|-106815342| |TF|0|0|0|0|0|230|3|16000|15000|0|0|0|0
S|DUCES|40060222|-106579989| |TF|0|0|0|0|0|210|1|14000|0|0|0|0|0

P|AAVON1|ALL|MAESA|0|9
S|MAESA|37510797|-108883753| |IF|0|0|0|0|0|0|0|0|0|0|0|0|0
S|VIRDE|38175608|-108866206| |TF|0|0|0|0|0|0|0|0|0|0|0|0|0
S|TESSY|39496200|-108829822| |TF|0|0|0|0|0|0|0|0|0|0|0|0|0
S|PPLAY|39659386|-108409147| |TF|0|0|0|0|0|0|0|0|0|0|0|0|0
S|AAVON|39764239|-108136019| |TF|0|0|0|0|0|0|0|0|0|0|0|0|0
S|AAVON|39764239|-108136019| |IF|0|0|0|0|0|0|0|0|0|0|0|0|0
S|BAAHN|40027697|-107341367| |TF|0|0|0|0|0|280|3|23000|19000|0|0|0|0
S|LAAND|40084111|-106815342| |TF|0|0|0|0|0|230|3|16000|15000|0|0|0|0
S|DUCES|40060222|-106579989| |TF|0|0|0|0|0|210|1|14000|0|0|0|0|0

P|AAVON1|ALL|PPLAY|0|6
S|PPLAY|39659386|-108409147| |IF|0|0|0|0|0|0|0|0|0|0|0|0|0
S|AAVON|39764239|-108136019| |TF|0|0|0|0|0|0|0|0|0|0|0|0|0
S|AAVON|39764239|-108136019| |IF|0|0|0|0|0|0|0|0|0|0|0|0|0
S|BAAHN|40027697|-107341367| |TF|0|0|0|0|0|280|3|23000|19000|0|0|0|0
S|LAAND|40084111|-106815342| |TF|0|0|0|0|0|230|3|16000|15000|0|0|0|0
S|DUCES|40060222|-106579989| |TF|0|0|0|0|0|210|1|14000|0|0|0|0|0

P|AAVON1|ALL|TESSY|0|7
S|TESSY|39496200|-108829822| |IF|0|0|0|0|0|0|0|0|0|0|0|0|0
S|PPLAY|39659386|-108409147| |TF|0|0|0|0|0|0|0|0|0|0|0|0|0
S|AAVON|39764239|-108136019| |TF|0|0|0|0|0|0|0|0|0|0|0|0|0
S|AAVON|39764239|-108136019| |IF|0|0|0|0|0|0|0|0|0|0|0|0|0
S|BAAHN|40027697|-107341367| |TF|0|0|0|0|0|280|3|23000|19000|0|0|0|0
S|LAAND|40084111|-106815342| |TF|0|0|0|0|0|230|3|16000|15000|0|0|0|0
S|DUCES|40060222|-106579989| |TF|0|0|0|0|0|210|1|14000|0|0|0|0|0

P|AAVON1|ALL|VIRDE|0|8
S|VIRDE|38175608|-108866206| |IF|0|0|0|0|0|0|0|0|0|0|0|0|0
S|TESSY|39496200|-108829822| |TF|0|0|0|0|0|0|0|0|0|0|0|0|0
S|PPLAY|39659386|-108409147| |TF|0|0|0|0|0|0|0|0|0|0|0|0|0
S|AAVON|39764239|-108136019| |TF|0|0|0|0|0|0|0|0|0|0|0|0|0
S|AAVON|39764239|-108136019| |IF|0|0|0|0|0|0|0|0|0|0|0|0|0
S|BAAHN|40027697|-107341367| |TF|0|0|0|0|0|280|3|23000|19000|0|0|0|0
S|LAAND|40084111|-106815342| |TF|0|0|0|0|0|230|3|16000|15000|0|0|0|0
S|DUCES|40060222|-106579989| |TF|0|0|0|0|0|210|1|14000|0|0|0|0|0

P|VAAIL1|ALL|BIGBL|0|7
S|BIGBL|40069261|-103661428| |IF|0|0|0|0|0|0|0|0|0|0|0|0|0
S|ELDRA|40032825|-104617542| |TF|0|0|0|0|0|0|0|0|0|0|0|0|0
S|ELDRA|40032825|-104617542| |IF|0|0|0|0|0|0|0|0|0|0|0|0|0
S|LVLND|40139131|-105209122| |TF|0|0|0|0|0|0|1|24000|0|0|0|0|0
S|GORRE|40117564|-105630164| |TF|0|0|0|0|0|260|3|26000|24000|0|0|0|0
S|VAAIL|40089228|-106186017| |TF|0|0|0|0|0|250|0|16000|0|0|0|0|0
S|CULCH|40014550|-106434392| |TF|0|0|0|0|0|210|1|14000|0|0|0|0|0

P|VAAIL1|ALL|BKPCK|0|8
S|BKPCK|40383189|-103288236| |IF|0|0|0|0|0|0|0|0|0|0|0|0|0
S|BIGBL|40069261|-103661428| |TF|0|0|0|0|0|0|0|0|0|0|0|0|0
S|ELDRA|40032825|-104617542| |TF|0|0|0|0|0|0|0|0|0|0|0|0|0
S|ELDRA|40032825|-104617542| |IF|0|0|0|0|0|0|0|0|0|0|0|0|0
S|LVLND|40139131|-105209122| |TF|0|0|0|0|0|0|1|24000|0|0|0|0|0
S|GORRE|40117564|-105630164| |TF|0|0|0|0|0|260|3|26000|24000|0|0|0|0
S|VAAIL|40089228|-106186017| |TF|0|0|0|0|0|250|0|16000|0|0|0|0|0
S|CULCH|40014550|-106434392| |TF|0|0|0|0|0|210|1|14000|0|0|0|0|0

P|VAAIL1|ALL|HIKNG|0|7
S|HIKNG|39642611|-103210456| |IF|0|0|0|0|0|0|0|0|0|0|0|0|0
S|ELDRA|40032825|-104617542| |TF|0|0|0|0|0|0|0|0|0|0|0|0|0
S|ELDRA|40032825|-104617542| |IF|0|0|0|0|0|0|0|0|0|0|0|0|0
S|LVLND|40139131|-105209122| |TF|0|0|0|0|0|0|1|24000|0|0|0|0|0
S|GORRE|40117564|-105630164| |TF|0|0|0|0|0|260|3|26000|24000|0|0|0|0
S|VAAIL|40089228|-106186017| |TF|0|0|0|0|0|250|0|16000|0|0|0|0|0
S|CULCH|40014550|-106434392| |TF|0|0|0|0|0|210|1|14000|0|0|0|0|0

P|VAAIL1|ALL|LPINE|0|7
S|LPINE|39670644|-104465844| |IF|0|0|0|0|0|0|0|0|0|0|0|0|0
S|ELDRA|40032825|-104617542| |TF|0|0|0|0|0|0|0|0|0|0|0|0|0
S|ELDRA|40032825|-104617542| |IF|0|0|0|0|0|0|0|0|0|0|0|0|0
S|LVLND|40139131|-105209122| |TF|0|0|0|0|0|0|1|24000|0|0|0|0|0
S|GORRE|40117564|-105630164| |TF|0|0|0|0|0|260|3|26000|24000|0|0|0|0
S|VAAIL|40089228|-106186017| |TF|0|0|0|0|0|250|0|16000|0|0|0|0|0
S|CULCH|40014550|-106434392| |TF|0|0|0|0|0|210|1|14000|0|0|0|0|0

P|VAAIL1|ALL|WIZZR|0|8
S|WIZZR|40084772|-103113203| |IF|0|0|0|0|0|0|0|0|0|0|0|0|0
S|BIGBL|40069261|-103661428| |TF|0|0|0|0|0|0|0|0|0|0|0|0|0
S|ELDRA|40032825|-104617542| |TF|0|0|0|0|0|0|0|0|0|0|0|0|0
S|ELDRA|40032825|-104617542| |IF|0|0|0|0|0|0|0|0|0|0|0|0|0
S|LVLND|40139131|-105209122| |TF|0|0|0|0|0|0|1|24000|0|0|0|0|0
S|GORRE|40117564|-105630164| |TF|0|0|0|0|0|260|3|26000|24000|0|0|0|0
S|VAAIL|40089228|-106186017| |TF|0|0|0|0|0|250|0|16000|0|0|0|0|0
S|CULCH|40014550|-106434392| |TF|0|0|0|0|0|210|1|14000|0|0|0|0|0

