P|BOKRT3|ALL|KEEPS|0|9
S|KEEPS|33000783|-85370839| |IF|0|0|0|0|0|0|0|0|0|0|0|0|0
S|BOKRT|33259289|-85143003| |TF|0|0|0|0|0|0|0|0|0|0|0|0|0
S|BOKRT|33259289|-85143003| |IF|0|0|0|0|0|0|0|0|0|0|0|0|0
S|PINGG|33422906|-85103261| |TF|0|0|0|0|0|0|0|0|0|0|0|0|0
S|PONGG|33798872|-85011358| |TF|0|0|0|0|0|0|0|0|0|0|0|0|0
S|BRTEN|34008397|-84835600| |TF|0|0|0|0|0|0|0|0|0|0|0|0|0
S|BAPPY|34130325|-84424553| |TF|0|0|0|0|0|0|0|0|0|0|0|0|0
S|KENZI|34137717|-84384683| |TF|0|0|0|0|0|0|0|0|0|1|0|0|0
S|KENZI|34137717|-84384683|DBN|FM|0|8200|12240|32580|0|0|0|0|0|0|0|0|0

P|BUKHD3|ALL|RIZZZ|0|7
S|RIZZZ|35488361|-86061053| |IF|0|0|0|0|0|0|0|0|0|0|0|0|0
S|MDTWN|34830725|-85435961| |TF|0|0|0|0|0|0|0|0|0|0|0|0|0
S|HLNDS|34491908|-85116581| |TF|0|0|0|0|0|0|0|0|0|0|0|0|0
S|HLNDS|34491908|-85116581| |IF|0|0|0|0|0|0|0|0|0|0|0|0|0
S|BUKHD|34209861|-84852722| |TF|0|0|0|0|0|0|0|0|0|0|0|0|0
S|DRINC|34080506|-84753339| |TF|0|0|0|0|0|0|0|0|0|1|0|0|0
S|DRINC|34080506|-84753339|DBN|FM|0|15200|13270|31870|0|0|0|0|0|0|0|0|0

P|BUKHD3|ALL|WUDYA|0|7
S|WUDYA|36367389|-84937961| |IF|0|0|0|0|0|0|0|0|0|0|0|0|0
S|HAVVE|34999253|-85182167| |TF|0|0|0|0|0|0|0|0|0|0|0|0|0
S|HLNDS|34491908|-85116581| |TF|0|0|0|0|0|0|0|0|0|0|0|0|0
S|HLNDS|34491908|-85116581| |IF|0|0|0|0|0|0|0|0|0|0|0|0|0
S|BUKHD|34209861|-84852722| |TF|0|0|0|0|0|0|0|0|0|0|0|0|0
S|DRINC|34080506|-84753339| |TF|0|0|0|0|0|0|0|0|0|1|0|0|0
S|DRINC|34080506|-84753339|DBN|FM|0|15200|13270|31870|0|0|0|0|0|0|0|0|0

P|DEHAN3|ALL|APPLS|0|9
S|APPLS|35908631|-83672547| |IF|0|0|0|0|0|0|0|0|0|0|0|0|0
S|HIGGI|35446269|-83778069| |TF|0|0|0|0|0|0|0|0|0|0|0|0|0
S|HELNN|35015308|-83869403| |TF|0|0|0|0|0|0|0|0|0|0|0|0|0
S|AWSON|34480322|-83984292| |TF|0|0|0|0|0|0|0|0|0|0|0|0|0
S|AWSON|34480322|-83984292| |IF|0|0|0|0|0|0|0|0|0|0|0|0|0
S|DEHAN|34316736|-84071692| |TF|0|0|0|0|0|0|0|0|0|0|0|0|0
S|TFALS|34257672|-84101622| |TF|0|0|0|0|0|0|0|0|0|0|0|0|0
S|SHUNS|34153125|-84226503| |TF|0|0|0|0|0|0|0|0|0|1|0|0|0
S|SHUNS|34153125|-84226503|DBN|FM|0|23000|11830|32900|0|0|0|0|0|0|0|0|0

P|DEHAN3|ALL|MILBY|0|7
S|MILBY|34683953|-83311814| |IF|0|0|0|0|0|0|0|0|0|0|0|0|0
S|AWSON|34480322|-83984292| |TF|0|0|0|0|0|0|0|0|0|0|0|0|0
S|AWSON|34480322|-83984292| |IF|0|0|0|0|0|0|0|0|0|0|0|0|0
S|DEHAN|34316736|-84071692| |TF|0|0|0|0|0|0|0|0|0|0|0|0|0
S|TFALS|34257672|-84101622| |TF|0|0|0|0|0|0|0|0|0|0|0|0|0
S|SHUNS|34153125|-84226503| |TF|0|0|0|0|0|0|0|0|0|1|0|0|0
S|SHUNS|34153125|-84226503|DBN|FM|0|23000|11830|32900|0|0|0|0|0|0|0|0|0

P|DEHAN3|ALL|SCNRY|0|8
S|SCNRY|36008597|-83050067| |IF|0|0|0|0|0|0|0|0|0|0|0|0|0
S|TRALZ|34991883|-83675442| |TF|0|0|0|0|0|0|0|0|0|0|0|0|0
S|AWSON|34480322|-83984292| |TF|0|0|0|0|0|0|0|0|0|0|0|0|0
S|AWSON|34480322|-83984292| |IF|0|0|0|0|0|0|0|0|0|0|0|0|0
S|DEHAN|34316736|-84071692| |TF|0|0|0|0|0|0|0|0|0|0|0|0|0
S|TFALS|34257672|-84101622| |TF|0|0|0|0|0|0|0|0|0|0|0|0|0
S|SHUNS|34153125|-84226503| |TF|0|0|0|0|0|0|0|0|0|1|0|0|0
S|SHUNS|34153125|-84226503|DBN|FM|0|23000|11830|32900|0|0|0|0|0|0|0|0|0

P|DEHAN3|ALL|VIEWS|0|8
S|VIEWS|35597089|-82414081| |IF|0|0|0|0|0|0|0|0|0|0|0|0|0
S|TARAA|34856461|-83463375| |TF|0|0|0|0|0|0|0|0|0|0|0|0|0
S|AWSON|34480322|-83984292| |TF|0|0|0|0|0|0|0|0|0|0|0|0|0
S|AWSON|34480322|-83984292| |IF|0|0|0|0|0|0|0|0|0|0|0|0|0
S|DEHAN|34316736|-84071692| |TF|0|0|0|0|0|0|0|0|0|0|0|0|0
S|TFALS|34257672|-84101622| |TF|0|0|0|0|0|0|0|0|0|0|0|0|0
S|SHUNS|34153125|-84226503| |TF|0|0|0|0|0|0|0|0|0|1|0|0|0
S|SHUNS|34153125|-84226503|DBN|FM|0|23000|11830|32900|0|0|0|0|0|0|0|0|0

P|SWTEE2|ALL|BIZKT|0|5
S|BIZKT|34087797|-85637903| |IF|0|0|0|0|0|0|0|0|0|0|0|0|0
S|SWTEE|33959267|-85149444| |TF|0|0|0|0|0|0|0|0|0|0|0|0|0
S|SWTEE|33959267|-85149444| |IF|0|0|0|0|0|0|0|0|0|0|0|0|0
S|LACCE|33959225|-85049192| |TF|0|0|0|0|0|0|0|0|0|1|0|0|0
S|LACCE|33959225|-85049192|DBN|FM|0|9500|13950|31240|0|0|0|0|0|0|0|0|0

P|SWTEE2|ALL|LPTON|0|7
S|LPTON|34429031|-86979853| |IF|0|0|0|0|0|0|0|0|0|0|0|0|0
S|OKRAA|34257681|-86297644| |TF|0|0|0|0|0|0|0|0|0|0|0|0|0
S|BIZKT|34087797|-85637903| |TF|0|0|0|0|0|0|0|0|0|0|0|0|0
S|SWTEE|33959267|-85149444| |TF|0|0|0|0|0|0|0|0|0|0|0|0|0
S|SWTEE|33959267|-85149444| |IF|0|0|0|0|0|0|0|0|0|0|0|0|0
S|LACCE|33959225|-85049192| |TF|0|0|0|0|0|0|0|0|0|1|0|0|0
S|LACCE|33959225|-85049192|DBN|FM|0|9500|13950|31240|0|0|0|0|0|0|0|0|0

P|WRGNZ3|ALL|DBOLT|0|11
S|DBOLT|33265067|-81864619| |IF|0|0|0|0|0|0|0|0|0|0|0|0|0
S|LUKIE|33425206|-82936853| |TF|0|0|0|0|0|0|0|0|0|0|0|0|0
S|WRGNZ|33378872|-83670900| |TF|0|0|0|0|0|0|0|0|0|0|0|0|0
S|WRGNZ|33378872|-83670900| |IF|0|0|0|0|0|0|0|0|0|0|0|0|0
S|SKYME|33536606|-83736267| |TF|0|0|0|0|0|0|0|0|0|0|0|0|0
S|CADUR|33821847|-83855122| |TF|0|0|0|0|0|0|0|0|0|0|0|0|0
S|LOGEN|33988050|-84056786| |TF|0|0|0|0|0|0|0|0|0|0|0|0|0
S|LOGEC|34045997|-84160514| |TF|0|0|0|0|0|0|0|0|0|0|0|0|0
S|BAPPY|34130325|-84424553| |TF|0|0|0|0|0|0|0|0|0|0|0|0|0
S|DECLN|34130319|-84464708| |TF|0|0|0|0|0|0|0|0|0|1|0|0|0
S|DECLN|34130319|-84464708|DBN|FM|0|27500|12470|32420|0|0|0|0|0|0|0|0|0

P|WRGNZ3|ALL|KISTN|0|11
S|KISTN|33739086|-81871167| |IF|0|0|0|0|0|0|0|0|0|0|0|0|0
S|LUKIE|33425206|-82936853| |TF|0|0|0|0|0|0|0|0|0|0|0|0|0
S|WRGNZ|33378872|-83670900| |TF|0|0|0|0|0|0|0|0|0|0|0|0|0
S|WRGNZ|33378872|-83670900| |IF|0|0|0|0|0|0|0|0|0|0|0|0|0
S|SKYME|33536606|-83736267| |TF|0|0|0|0|0|0|0|0|0|0|0|0|0
S|CADUR|33821847|-83855122| |TF|0|0|0|0|0|0|0|0|0|0|0|0|0
S|LOGEN|33988050|-84056786| |TF|0|0|0|0|0|0|0|0|0|0|0|0|0
S|LOGEC|34045997|-84160514| |TF|0|0|0|0|0|0|0|0|0|0|0|0|0
S|BAPPY|34130325|-84424553| |TF|0|0|0|0|0|0|0|0|0|0|0|0|0
S|DECLN|34130319|-84464708| |TF|0|0|0|0|0|0|0|0|0|1|0|0|0
S|DECLN|34130319|-84464708|DBN|FM|0|27500|12470|32420|0|0|0|0|0|0|0|0|0

P|WRGNZ3|ALL|LUKIE|0|10
S|LUKIE|33425206|-82936853| |IF|0|0|0|0|0|0|0|0|0|0|0|0|0
S|WRGNZ|33378872|-83670900| |TF|0|0|0|0|0|0|0|0|0|0|0|0|0
S|WRGNZ|33378872|-83670900| |IF|0|0|0|0|0|0|0|0|0|0|0|0|0
S|SKYME|33536606|-83736267| |TF|0|0|0|0|0|0|0|0|0|0|0|0|0
S|CADUR|33821847|-83855122| |TF|0|0|0|0|0|0|0|0|0|0|0|0|0
S|LOGEN|33988050|-84056786| |TF|0|0|0|0|0|0|0|0|0|0|0|0|0
S|LOGEC|34045997|-84160514| |TF|0|0|0|0|0|0|0|0|0|0|0|0|0
S|BAPPY|34130325|-84424553| |TF|0|0|0|0|0|0|0|0|0|0|0|0|0
S|DECLN|34130319|-84464708| |TF|0|0|0|0|0|0|0|0|0|1|0|0|0
S|DECLN|34130319|-84464708|DBN|FM|0|27500|12470|32420|0|0|0|0|0|0|0|0|0

P|WRGNZ3|ALL|MMMOE|0|11
S|MMMOE|32403608|-82119872| |IF|0|0|0|0|0|0|0|0|0|0|0|0|0
S|MUARY|32523264|-82801572| |TF|0|0|0|0|0|0|0|0|0|0|0|0|0
S|WRGNZ|33378872|-83670900| |TF|0|0|0|0|0|0|0|0|0|0|0|0|0
S|WRGNZ|33378872|-83670900| |IF|0|0|0|0|0|0|0|0|0|0|0|0|0
S|SKYME|33536606|-83736267| |TF|0|0|0|0|0|0|0|0|0|0|0|0|0
S|CADUR|33821847|-83855122| |TF|0|0|0|0|0|0|0|0|0|0|0|0|0
S|LOGEN|33988050|-84056786| |TF|0|0|0|0|0|0|0|0|0|0|0|0|0
S|LOGEC|34045997|-84160514| |TF|0|0|0|0|0|0|0|0|0|0|0|0|0
S|BAPPY|34130325|-84424553| |TF|0|0|0|0|0|0|0|0|0|0|0|0|0
S|DECLN|34130319|-84464708| |TF|0|0|0|0|0|0|0|0|0|1|0|0|0
S|DECLN|34130319|-84464708|DBN|FM|0|27500|12470|32420|0|0|0|0|0|0|0|0|0

P|WRGNZ3|ALL|NOKIE|0|10
S|NOKIE|32691350|-83647189| |IF|0|0|0|0|0|0|0|0|0|0|0|0|0
S|WRGNZ|33378872|-83670900| |TF|0|0|0|0|0|0|0|0|0|0|0|0|0
S|WRGNZ|33378872|-83670900| |IF|0|0|0|0|0|0|0|0|0|0|0|0|0
S|SKYME|33536606|-83736267| |TF|0|0|0|0|0|0|0|0|0|0|0|0|0
S|CADUR|33821847|-83855122| |TF|0|0|0|0|0|0|0|0|0|0|0|0|0
S|LOGEN|33988050|-84056786| |TF|0|0|0|0|0|0|0|0|0|0|0|0|0
S|LOGEC|34045997|-84160514| |TF|0|0|0|0|0|0|0|0|0|0|0|0|0
S|BAPPY|34130325|-84424553| |TF|0|0|0|0|0|0|0|0|0|0|0|0|0
S|DECLN|34130319|-84464708| |TF|0|0|0|0|0|0|0|0|0|1|0|0|0
S|DECLN|34130319|-84464708|DBN|FM|0|27500|12470|32420|0|0|0|0|0|0|0|0|0

P|WRGNZ3|ALL|SHRLT|0|11
S|SHRLT|32438256|-82718147| |IF|0|0|0|0|0|0|0|0|0|0|0|0|0
S|MUARY|32523264|-82801572| |TF|0|0|0|0|0|0|0|0|0|0|0|0|0
S|WRGNZ|33378872|-83670900| |TF|0|0|0|0|0|0|0|0|0|0|0|0|0
S|WRGNZ|33378872|-83670900| |IF|0|0|0|0|0|0|0|0|0|0|0|0|0
S|SKYME|33536606|-83736267| |TF|0|0|0|0|0|0|0|0|0|0|0|0|0
S|CADUR|33821847|-83855122| |TF|0|0|0|0|0|0|0|0|0|0|0|0|0
S|LOGEN|33988050|-84056786| |TF|0|0|0|0|0|0|0|0|0|0|0|0|0
S|LOGEC|34045997|-84160514| |TF|0|0|0|0|0|0|0|0|0|0|0|0|0
S|BAPPY|34130325|-84424553| |TF|0|0|0|0|0|0|0|0|0|0|0|0|0
S|DECLN|34130319|-84464708| |TF|0|0|0|0|0|0|0|0|0|1|0|0|0
S|DECLN|34130319|-84464708|DBN|FM|0|27500|12470|32420|0|0|0|0|0|0|0|0|0

P|WRGNZ3|ALL|WOGOM|0|10
S|WOGOM|32983161|-83455008| |IF|0|0|0|0|0|0|0|0|0|0|0|0|0
S|WRGNZ|33378872|-83670900| |TF|0|0|0|0|0|0|0|0|0|0|0|0|0
S|WRGNZ|33378872|-83670900| |IF|0|0|0|0|0|0|0|0|0|0|0|0|0
S|SKYME|33536606|-83736267| |TF|0|0|0|0|0|0|0|0|0|0|0|0|0
S|CADUR|33821847|-83855122| |TF|0|0|0|0|0|0|0|0|0|0|0|0|0
S|LOGEN|33988050|-84056786| |TF|0|0|0|0|0|0|0|0|0|0|0|0|0
S|LOGEC|34045997|-84160514| |TF|0|0|0|0|0|0|0|0|0|0|0|0|0
S|BAPPY|34130325|-84424553| |TF|0|0|0|0|0|0|0|0|0|0|0|0|0
S|DECLN|34130319|-84464708| |TF|0|0|0|0|0|0|0|0|0|1|0|0|0
S|DECLN|34130319|-84464708|DBN|FM|0|27500|12470|32420|0|0|0|0|0|0|0|0|0

