P|STELA1|02|ALB|0|7
S|ALB|42747281|-73803183| |IF|0|0|0|0|0|0|0|0|0|0|0|0|0
S|CANAN|42492839|-73446686| |TF|0|0|0|0|0|0|0|0|0|0|0|0|0
S|CANAN|42492839|-73446686| |IF|0|0|0|0|0|0|0|0|0|0|0|0|0
S|SHIGY|42399431|-73316939| |TF|0|0|0|0|0|0|0|0|0|0|0|0|0
S|STELA|42281431|-73153933| |TF|0|0|0|0|0|0|0|0|0|0|0|0|0
S|TOMES|42145353|-72967067| |TF|0|0|0|0|0|0|0|0|0|1|0|0|0
S|TOMES|42145353|-72967067|BAF|FM|0|14800|1120|27900|0|0|0|0|0|0|0|0|0

P|STELA1|11|ALB|0|7
S|ALB|42747281|-73803183| |IF|0|0|0|0|0|0|0|0|0|0|0|0|0
S|CANAN|42492839|-73446686| |TF|0|0|0|0|0|0|0|0|0|0|0|0|0
S|CANAN|42492839|-73446686| |IF|0|0|0|0|0|0|0|0|0|0|0|0|0
S|SHIGY|42399431|-73316939| |TF|0|0|0|0|0|0|0|0|0|0|0|0|0
S|STELA|42281431|-73153933| |TF|0|0|0|0|0|0|0|0|0|0|0|0|0
S|TOMES|42145353|-72967067| |TF|0|0|0|0|0|0|0|0|0|1|0|0|0
S|TOMES|42145353|-72967067|BAF|FM|0|14800|1120|27900|0|0|0|0|0|0|0|0|0

P|STELA1|20|ALB|0|7
S|ALB|42747281|-73803183| |IF|0|0|0|0|0|0|0|0|0|0|0|0|0
S|CANAN|42492839|-73446686| |TF|0|0|0|0|0|0|0|0|0|0|0|0|0
S|CANAN|42492839|-73446686| |IF|0|0|0|0|0|0|0|0|0|0|0|0|0
S|SHIGY|42399431|-73316939| |TF|0|0|0|0|0|0|0|0|0|0|0|0|0
S|STELA|42281431|-73153933| |TF|0|0|0|0|0|0|0|0|0|0|0|0|0
S|TOMES|42145353|-72967067| |TF|0|0|0|0|0|0|0|0|0|1|0|0|0
S|TOMES|42145353|-72967067|BAF|FM|0|14800|1120|27900|0|0|0|0|0|0|0|0|0

P|STELA1|29|ALB|0|7
S|ALB|42747281|-73803183| |IF|0|0|0|0|0|0|0|0|0|0|0|0|0
S|CANAN|42492839|-73446686| |TF|0|0|0|0|0|0|0|0|0|0|0|0|0
S|CANAN|42492839|-73446686| |IF|0|0|0|0|0|0|0|0|0|0|0|0|0
S|SHIGY|42399431|-73316939| |TF|0|0|0|0|0|0|0|0|0|0|0|0|0
S|STELA|42281431|-73153933| |TF|0|0|0|0|0|0|0|0|0|0|0|0|0
S|TOMES|42145353|-72967067| |TF|0|0|0|0|0|0|0|0|0|1|0|0|0
S|TOMES|42145353|-72967067|BAF|FM|0|14800|1120|27900|0|0|0|0|0|0|0|0|0

P|STELA1|02|ARRKK|0|8
S|ARRKK|42063478|-75316781| |IF|0|0|0|0|0|0|0|0|0|0|0|0|0
S|SWEDE|42477811|-74668919| |TF|0|0|0|0|0|0|0|0|0|0|0|0|0
S|CANAN|42492839|-73446686| |TF|0|0|0|0|0|0|0|0|0|0|0|0|0
S|CANAN|42492839|-73446686| |IF|0|0|0|0|0|0|0|0|0|0|0|0|0
S|SHIGY|42399431|-73316939| |TF|0|0|0|0|0|0|0|0|0|0|0|0|0
S|STELA|42281431|-73153933| |TF|0|0|0|0|0|0|0|0|0|0|0|0|0
S|TOMES|42145353|-72967067| |TF|0|0|0|0|0|0|0|0|0|1|0|0|0
S|TOMES|42145353|-72967067|BAF|FM|0|14800|1120|27900|0|0|0|0|0|0|0|0|0

P|STELA1|11|ARRKK|0|8
S|ARRKK|42063478|-75316781| |IF|0|0|0|0|0|0|0|0|0|0|0|0|0
S|SWEDE|42477811|-74668919| |TF|0|0|0|0|0|0|0|0|0|0|0|0|0
S|CANAN|42492839|-73446686| |TF|0|0|0|0|0|0|0|0|0|0|0|0|0
S|CANAN|42492839|-73446686| |IF|0|0|0|0|0|0|0|0|0|0|0|0|0
S|SHIGY|42399431|-73316939| |TF|0|0|0|0|0|0|0|0|0|0|0|0|0
S|STELA|42281431|-73153933| |TF|0|0|0|0|0|0|0|0|0|0|0|0|0
S|TOMES|42145353|-72967067| |TF|0|0|0|0|0|0|0|0|0|1|0|0|0
S|TOMES|42145353|-72967067|BAF|FM|0|14800|1120|27900|0|0|0|0|0|0|0|0|0

P|STELA1|20|ARRKK|0|8
S|ARRKK|42063478|-75316781| |IF|0|0|0|0|0|0|0|0|0|0|0|0|0
S|SWEDE|42477811|-74668919| |TF|0|0|0|0|0|0|0|0|0|0|0|0|0
S|CANAN|42492839|-73446686| |TF|0|0|0|0|0|0|0|0|0|0|0|0|0
S|CANAN|42492839|-73446686| |IF|0|0|0|0|0|0|0|0|0|0|0|0|0
S|SHIGY|42399431|-73316939| |TF|0|0|0|0|0|0|0|0|0|0|0|0|0
S|STELA|42281431|-73153933| |TF|0|0|0|0|0|0|0|0|0|0|0|0|0
S|TOMES|42145353|-72967067| |TF|0|0|0|0|0|0|0|0|0|1|0|0|0
S|TOMES|42145353|-72967067|BAF|FM|0|14800|1120|27900|0|0|0|0|0|0|0|0|0

P|STELA1|29|ARRKK|0|8
S|ARRKK|42063478|-75316781| |IF|0|0|0|0|0|0|0|0|0|0|0|0|0
S|SWEDE|42477811|-74668919| |TF|0|0|0|0|0|0|0|0|0|0|0|0|0
S|CANAN|42492839|-73446686| |TF|0|0|0|0|0|0|0|0|0|0|0|0|0
S|CANAN|42492839|-73446686| |IF|0|0|0|0|0|0|0|0|0|0|0|0|0
S|SHIGY|42399431|-73316939| |TF|0|0|0|0|0|0|0|0|0|0|0|0|0
S|STELA|42281431|-73153933| |TF|0|0|0|0|0|0|0|0|0|0|0|0|0
S|TOMES|42145353|-72967067| |TF|0|0|0|0|0|0|0|0|0|1|0|0|0
S|TOMES|42145353|-72967067|BAF|FM|0|14800|1120|27900|0|0|0|0|0|0|0|0|0

P|STELA1|02|AUDIL|0|9
S|AUDIL|42871872|-76443075| |IF|0|0|0|0|0|0|0|0|0|0|0|0|0
S|RAHKS|42466467|-75239356| |TF|0|0|0|0|0|0|0|0|0|0|0|0|0
S|SWEDE|42477811|-74668919| |TF|0|0|0|0|0|0|0|0|0|0|0|0|0
S|CANAN|42492839|-73446686| |TF|0|0|0|0|0|0|0|0|0|0|0|0|0
S|CANAN|42492839|-73446686| |IF|0|0|0|0|0|0|0|0|0|0|0|0|0
S|SHIGY|42399431|-73316939| |TF|0|0|0|0|0|0|0|0|0|0|0|0|0
S|STELA|42281431|-73153933| |TF|0|0|0|0|0|0|0|0|0|0|0|0|0
S|TOMES|42145353|-72967067| |TF|0|0|0|0|0|0|0|0|0|1|0|0|0
S|TOMES|42145353|-72967067|BAF|FM|0|14800|1120|27900|0|0|0|0|0|0|0|0|0

P|STELA1|11|AUDIL|0|9
S|AUDIL|42871872|-76443075| |IF|0|0|0|0|0|0|0|0|0|0|0|0|0
S|RAHKS|42466467|-75239356| |TF|0|0|0|0|0|0|0|0|0|0|0|0|0
S|SWEDE|42477811|-74668919| |TF|0|0|0|0|0|0|0|0|0|0|0|0|0
S|CANAN|42492839|-73446686| |TF|0|0|0|0|0|0|0|0|0|0|0|0|0
S|CANAN|42492839|-73446686| |IF|0|0|0|0|0|0|0|0|0|0|0|0|0
S|SHIGY|42399431|-73316939| |TF|0|0|0|0|0|0|0|0|0|0|0|0|0
S|STELA|42281431|-73153933| |TF|0|0|0|0|0|0|0|0|0|0|0|0|0
S|TOMES|42145353|-72967067| |TF|0|0|0|0|0|0|0|0|0|1|0|0|0
S|TOMES|42145353|-72967067|BAF|FM|0|14800|1120|27900|0|0|0|0|0|0|0|0|0

P|STELA1|20|AUDIL|0|9
S|AUDIL|42871872|-76443075| |IF|0|0|0|0|0|0|0|0|0|0|0|0|0
S|RAHKS|42466467|-75239356| |TF|0|0|0|0|0|0|0|0|0|0|0|0|0
S|SWEDE|42477811|-74668919| |TF|0|0|0|0|0|0|0|0|0|0|0|0|0
S|CANAN|42492839|-73446686| |TF|0|0|0|0|0|0|0|0|0|0|0|0|0
S|CANAN|42492839|-73446686| |IF|0|0|0|0|0|0|0|0|0|0|0|0|0
S|SHIGY|42399431|-73316939| |TF|0|0|0|0|0|0|0|0|0|0|0|0|0
S|STELA|42281431|-73153933| |TF|0|0|0|0|0|0|0|0|0|0|0|0|0
S|TOMES|42145353|-72967067| |TF|0|0|0|0|0|0|0|0|0|1|0|0|0
S|TOMES|42145353|-72967067|BAF|FM|0|14800|1120|27900|0|0|0|0|0|0|0|0|0

P|STELA1|29|AUDIL|0|9
S|AUDIL|42871872|-76443075| |IF|0|0|0|0|0|0|0|0|0|0|0|0|0
S|RAHKS|42466467|-75239356| |TF|0|0|0|0|0|0|0|0|0|0|0|0|0
S|SWEDE|42477811|-74668919| |TF|0|0|0|0|0|0|0|0|0|0|0|0|0
S|CANAN|42492839|-73446686| |TF|0|0|0|0|0|0|0|0|0|0|0|0|0
S|CANAN|42492839|-73446686| |IF|0|0|0|0|0|0|0|0|0|0|0|0|0
S|SHIGY|42399431|-73316939| |TF|0|0|0|0|0|0|0|0|0|0|0|0|0
S|STELA|42281431|-73153933| |TF|0|0|0|0|0|0|0|0|0|0|0|0|0
S|TOMES|42145353|-72967067| |TF|0|0|0|0|0|0|0|0|0|1|0|0|0
S|TOMES|42145353|-72967067|BAF|FM|0|14800|1120|27900|0|0|0|0|0|0|0|0|0

P|STELA1|02|CAM|0|7
S|CAM|42994289|-73344019| |IF|0|0|0|0|0|0|0|0|0|0|0|0|0
S|CANAN|42492839|-73446686| |TF|0|0|0|0|0|0|0|0|0|0|0|0|0
S|CANAN|42492839|-73446686| |IF|0|0|0|0|0|0|0|0|0|0|0|0|0
S|SHIGY|42399431|-73316939| |TF|0|0|0|0|0|0|0|0|0|0|0|0|0
S|STELA|42281431|-73153933| |TF|0|0|0|0|0|0|0|0|0|0|0|0|0
S|TOMES|42145353|-72967067| |TF|0|0|0|0|0|0|0|0|0|1|0|0|0
S|TOMES|42145353|-72967067|BAF|FM|0|14800|1120|27900|0|0|0|0|0|0|0|0|0

P|STELA1|11|CAM|0|7
S|CAM|42994289|-73344019| |IF|0|0|0|0|0|0|0|0|0|0|0|0|0
S|CANAN|42492839|-73446686| |TF|0|0|0|0|0|0|0|0|0|0|0|0|0
S|CANAN|42492839|-73446686| |IF|0|0|0|0|0|0|0|0|0|0|0|0|0
S|SHIGY|42399431|-73316939| |TF|0|0|0|0|0|0|0|0|0|0|0|0|0
S|STELA|42281431|-73153933| |TF|0|0|0|0|0|0|0|0|0|0|0|0|0
S|TOMES|42145353|-72967067| |TF|0|0|0|0|0|0|0|0|0|1|0|0|0
S|TOMES|42145353|-72967067|BAF|FM|0|14800|1120|27900|0|0|0|0|0|0|0|0|0

P|STELA1|20|CAM|0|7
S|CAM|42994289|-73344019| |IF|0|0|0|0|0|0|0|0|0|0|0|0|0
S|CANAN|42492839|-73446686| |TF|0|0|0|0|0|0|0|0|0|0|0|0|0
S|CANAN|42492839|-73446686| |IF|0|0|0|0|0|0|0|0|0|0|0|0|0
S|SHIGY|42399431|-73316939| |TF|0|0|0|0|0|0|0|0|0|0|0|0|0
S|STELA|42281431|-73153933| |TF|0|0|0|0|0|0|0|0|0|0|0|0|0
S|TOMES|42145353|-72967067| |TF|0|0|0|0|0|0|0|0|0|1|0|0|0
S|TOMES|42145353|-72967067|BAF|FM|0|14800|1120|27900|0|0|0|0|0|0|0|0|0

P|STELA1|29|CAM|0|7
S|CAM|42994289|-73344019| |IF|0|0|0|0|0|0|0|0|0|0|0|0|0
S|CANAN|42492839|-73446686| |TF|0|0|0|0|0|0|0|0|0|0|0|0|0
S|CANAN|42492839|-73446686| |IF|0|0|0|0|0|0|0|0|0|0|0|0|0
S|SHIGY|42399431|-73316939| |TF|0|0|0|0|0|0|0|0|0|0|0|0|0
S|STELA|42281431|-73153933| |TF|0|0|0|0|0|0|0|0|0|0|0|0|0
S|TOMES|42145353|-72967067| |TF|0|0|0|0|0|0|0|0|0|1|0|0|0
S|TOMES|42145353|-72967067|BAF|FM|0|14800|1120|27900|0|0|0|0|0|0|0|0|0

P|STELA1|02|RAHKS|0|8
S|RAHKS|42466467|-75239356| |IF|0|0|0|0|0|0|0|0|0|0|0|0|0
S|SWEDE|42477811|-74668919| |TF|0|0|0|0|0|0|0|0|0|0|0|0|0
S|CANAN|42492839|-73446686| |TF|0|0|0|0|0|0|0|0|0|0|0|0|0
S|CANAN|42492839|-73446686| |IF|0|0|0|0|0|0|0|0|0|0|0|0|0
S|SHIGY|42399431|-73316939| |TF|0|0|0|0|0|0|0|0|0|0|0|0|0
S|STELA|42281431|-73153933| |TF|0|0|0|0|0|0|0|0|0|0|0|0|0
S|TOMES|42145353|-72967067| |TF|0|0|0|0|0|0|0|0|0|1|0|0|0
S|TOMES|42145353|-72967067|BAF|FM|0|14800|1120|27900|0|0|0|0|0|0|0|0|0

P|STELA1|11|RAHKS|0|8
S|RAHKS|42466467|-75239356| |IF|0|0|0|0|0|0|0|0|0|0|0|0|0
S|SWEDE|42477811|-74668919| |TF|0|0|0|0|0|0|0|0|0|0|0|0|0
S|CANAN|42492839|-73446686| |TF|0|0|0|0|0|0|0|0|0|0|0|0|0
S|CANAN|42492839|-73446686| |IF|0|0|0|0|0|0|0|0|0|0|0|0|0
S|SHIGY|42399431|-73316939| |TF|0|0|0|0|0|0|0|0|0|0|0|0|0
S|STELA|42281431|-73153933| |TF|0|0|0|0|0|0|0|0|0|0|0|0|0
S|TOMES|42145353|-72967067| |TF|0|0|0|0|0|0|0|0|0|1|0|0|0
S|TOMES|42145353|-72967067|BAF|FM|0|14800|1120|27900|0|0|0|0|0|0|0|0|0

P|STELA1|20|RAHKS|0|8
S|RAHKS|42466467|-75239356| |IF|0|0|0|0|0|0|0|0|0|0|0|0|0
S|SWEDE|42477811|-74668919| |TF|0|0|0|0|0|0|0|0|0|0|0|0|0
S|CANAN|42492839|-73446686| |TF|0|0|0|0|0|0|0|0|0|0|0|0|0
S|CANAN|42492839|-73446686| |IF|0|0|0|0|0|0|0|0|0|0|0|0|0
S|SHIGY|42399431|-73316939| |TF|0|0|0|0|0|0|0|0|0|0|0|0|0
S|STELA|42281431|-73153933| |TF|0|0|0|0|0|0|0|0|0|0|0|0|0
S|TOMES|42145353|-72967067| |TF|0|0|0|0|0|0|0|0|0|1|0|0|0
S|TOMES|42145353|-72967067|BAF|FM|0|14800|1120|27900|0|0|0|0|0|0|0|0|0

P|STELA1|29|RAHKS|0|8
S|RAHKS|42466467|-75239356| |IF|0|0|0|0|0|0|0|0|0|0|0|0|0
S|SWEDE|42477811|-74668919| |TF|0|0|0|0|0|0|0|0|0|0|0|0|0
S|CANAN|42492839|-73446686| |TF|0|0|0|0|0|0|0|0|0|0|0|0|0
S|CANAN|42492839|-73446686| |IF|0|0|0|0|0|0|0|0|0|0|0|0|0
S|SHIGY|42399431|-73316939| |TF|0|0|0|0|0|0|0|0|0|0|0|0|0
S|STELA|42281431|-73153933| |TF|0|0|0|0|0|0|0|0|0|0|0|0|0
S|TOMES|42145353|-72967067| |TF|0|0|0|0|0|0|0|0|0|1|0|0|0
S|TOMES|42145353|-72967067|BAF|FM|0|14800|1120|27900|0|0|0|0|0|0|0|0|0

P|STELA1|02|WILET|0|9
S|WILET|42558819|-75888169| |IF|0|0|0|0|0|0|0|0|0|0|0|0|0
S|RAHKS|42466467|-75239356| |TF|0|0|0|0|0|0|0|0|0|0|0|0|0
S|SWEDE|42477811|-74668919| |TF|0|0|0|0|0|0|0|0|0|0|0|0|0
S|CANAN|42492839|-73446686| |TF|0|0|0|0|0|0|0|0|0|0|0|0|0
S|CANAN|42492839|-73446686| |IF|0|0|0|0|0|0|0|0|0|0|0|0|0
S|SHIGY|42399431|-73316939| |TF|0|0|0|0|0|0|0|0|0|0|0|0|0
S|STELA|42281431|-73153933| |TF|0|0|0|0|0|0|0|0|0|0|0|0|0
S|TOMES|42145353|-72967067| |TF|0|0|0|0|0|0|0|0|0|1|0|0|0
S|TOMES|42145353|-72967067|BAF|FM|0|14800|1120|27900|0|0|0|0|0|0|0|0|0

P|STELA1|11|WILET|0|9
S|WILET|42558819|-75888169| |IF|0|0|0|0|0|0|0|0|0|0|0|0|0
S|RAHKS|42466467|-75239356| |TF|0|0|0|0|0|0|0|0|0|0|0|0|0
S|SWEDE|42477811|-74668919| |TF|0|0|0|0|0|0|0|0|0|0|0|0|0
S|CANAN|42492839|-73446686| |TF|0|0|0|0|0|0|0|0|0|0|0|0|0
S|CANAN|42492839|-73446686| |IF|0|0|0|0|0|0|0|0|0|0|0|0|0
S|SHIGY|42399431|-73316939| |TF|0|0|0|0|0|0|0|0|0|0|0|0|0
S|STELA|42281431|-73153933| |TF|0|0|0|0|0|0|0|0|0|0|0|0|0
S|TOMES|42145353|-72967067| |TF|0|0|0|0|0|0|0|0|0|1|0|0|0
S|TOMES|42145353|-72967067|BAF|FM|0|14800|1120|27900|0|0|0|0|0|0|0|0|0

P|STELA1|20|WILET|0|9
S|WILET|42558819|-75888169| |IF|0|0|0|0|0|0|0|0|0|0|0|0|0
S|RAHKS|42466467|-75239356| |TF|0|0|0|0|0|0|0|0|0|0|0|0|0
S|SWEDE|42477811|-74668919| |TF|0|0|0|0|0|0|0|0|0|0|0|0|0
S|CANAN|42492839|-73446686| |TF|0|0|0|0|0|0|0|0|0|0|0|0|0
S|CANAN|42492839|-73446686| |IF|0|0|0|0|0|0|0|0|0|0|0|0|0
S|SHIGY|42399431|-73316939| |TF|0|0|0|0|0|0|0|0|0|0|0|0|0
S|STELA|42281431|-73153933| |TF|0|0|0|0|0|0|0|0|0|0|0|0|0
S|TOMES|42145353|-72967067| |TF|0|0|0|0|0|0|0|0|0|1|0|0|0
S|TOMES|42145353|-72967067|BAF|FM|0|14800|1120|27900|0|0|0|0|0|0|0|0|0

P|STELA1|29|WILET|0|9
S|WILET|42558819|-75888169| |IF|0|0|0|0|0|0|0|0|0|0|0|0|0
S|RAHKS|42466467|-75239356| |TF|0|0|0|0|0|0|0|0|0|0|0|0|0
S|SWEDE|42477811|-74668919| |TF|0|0|0|0|0|0|0|0|0|0|0|0|0
S|CANAN|42492839|-73446686| |TF|0|0|0|0|0|0|0|0|0|0|0|0|0
S|CANAN|42492839|-73446686| |IF|0|0|0|0|0|0|0|0|0|0|0|0|0
S|SHIGY|42399431|-73316939| |TF|0|0|0|0|0|0|0|0|0|0|0|0|0
S|STELA|42281431|-73153933| |TF|0|0|0|0|0|0|0|0|0|0|0|0|0
S|TOMES|42145353|-72967067| |TF|0|0|0|0|0|0|0|0|0|1|0|0|0
S|TOMES|42145353|-72967067|BAF|FM|0|14800|1120|27900|0|0|0|0|0|0|0|0|0

