P|KOHLS1|ALL|NUTZE|0|5
S|NUTZE|35844564|-77682422| |IF|0|0|0|0|0|0|0|0|0|0|0|0|0
S|KOHLS|36371600|-76872633| |TF|0|0|0|0|0|0|0|0|0|0|0|0|0
S|KOHLS|36371600|-76872633| |IF|0|0|0|0|0|0|0|0|0|0|0|0|0
S|DRONE|36529231|-76670847| |TF|0|0|0|0|0|0|0|0|0|1|0|0|0
S|DRONE|36529231|-76670847|RIC|FM|0|5500|6610|16070|0|0|0|0|0|0|0|0|0

P|KOHLS1|ALL|RDU|0|7
S|RDU|35872522|-78783342| |IF|0|0|0|0|0|0|0|0|0|0|0|0|0
S|TYI|35976725|-77703731| |TF|0|0|0|0|0|0|0|0|0|0|0|0|0
S|DEENE|36075794|-77497617| |TF|0|0|0|0|0|0|0|0|0|0|0|0|0
S|KOHLS|36371600|-76872633| |TF|0|0|0|0|0|0|0|0|0|0|0|0|0
S|KOHLS|36371600|-76872633| |IF|0|0|0|0|0|0|0|0|0|0|0|0|0
S|DRONE|36529231|-76670847| |TF|0|0|0|0|0|0|0|0|0|1|0|0|0
S|DRONE|36529231|-76670847|RIC|FM|0|5500|6610|16070|0|0|0|0|0|0|0|0|0

P|KOHLS1|ALL|RREGG|0|5
S|RREGG|35138744|-77543394| |IF|0|0|0|0|0|0|0|0|0|0|0|0|0
S|KOHLS|36371600|-76872633| |TF|0|0|0|0|0|0|0|0|0|0|0|0|0
S|KOHLS|36371600|-76872633| |IF|0|0|0|0|0|0|0|0|0|0|0|0|0
S|DRONE|36529231|-76670847| |TF|0|0|0|0|0|0|0|0|0|1|0|0|0
S|DRONE|36529231|-76670847|RIC|FM|0|5500|6610|16070|0|0|0|0|0|0|0|0|0

P|KOHLS1|ALL|TYI|0|6
S|TYI|35976725|-77703731| |IF|0|0|0|0|0|0|0|0|0|0|0|0|0
S|DEENE|36075794|-77497617| |TF|0|0|0|0|0|0|0|0|0|0|0|0|0
S|KOHLS|36371600|-76872633| |TF|0|0|0|0|0|0|0|0|0|0|0|0|0
S|KOHLS|36371600|-76872633| |IF|0|0|0|0|0|0|0|0|0|0|0|0|0
S|DRONE|36529231|-76670847| |TF|0|0|0|0|0|0|0|0|0|1|0|0|0
S|DRONE|36529231|-76670847|RIC|FM|0|5500|6610|16070|0|0|0|0|0|0|0|0|0

