P|CBUSS2|ALL|WWSHR|0|6
S|WWSHR|41342803|-82051600| |IF|0|0|0|0|0|0|0|0|0|0|0|0|0
S|WAAHU|40634503|-82419469| |TF|0|0|0|0|0|0|0|0|0|0|0|0|0
S|BUGZZ|40565011|-82454067| |TF|0|0|0|0|0|0|0|0|0|0|0|0|0
S|BUGZZ|40565011|-82454067| |IF|0|0|0|0|0|0|0|0|0|0|0|0|0
S|THORO|40439550|-82403986| |TF|0|0|0|0|0|0|0|6000|0|1|0|0|0
S|THORO|40439550|-82403986|AIR|FM|0|17000|7720|29670|0|0|0|0|0|0|0|0|0

P|CLPRR3|ALL|AIR|0|7
S|AIR|40017025|-80817228| |IF|0|0|0|0|0|0|1|24000|0|0|0|0|0
S|MEYRR|39811333|-81492567| |TF|0|0|0|0|0|0|3|22000|16000|0|0|0|0
S|CLPRR|39623942|-82127247| |TF|0|0|0|0|0|0|3|18000|11000|0|0|0|0
S|CLPRR|39623942|-82127247| |IF|0|0|0|0|0|0|3|18000|11000|0|0|0|0
S|DAYVE|39719633|-82296736| |TF|0|0|0|0|0|0|0|0|0|0|0|0|0
S|JIDAN|39704444|-82415089| |TF|0|0|0|0|0|0|0|9000|0|1|0|0|0
S|JIDAN|39704444|-82415089|AIR|FM|0|26800|7620|26330|0|0|0|0|0|0|0|0|0

P|CLPRR3|ALL|ZANDR|0|7
S|ZANDR|40005208|-81532875| |IF|0|0|0|0|0|0|0|0|0|0|0|0|0
S|SACHO|39805653|-81845528| |TF|0|0|0|0|0|0|0|0|0|0|0|0|0
S|CLPRR|39623942|-82127247| |TF|0|0|0|0|0|0|3|18000|11000|0|0|0|0
S|CLPRR|39623942|-82127247| |IF|0|0|0|0|0|0|3|18000|11000|0|0|0|0
S|DAYVE|39719633|-82296736| |TF|0|0|0|0|0|0|0|0|0|0|0|0|0
S|JIDAN|39704444|-82415089| |TF|0|0|0|0|0|0|0|9000|0|1|0|0|0
S|JIDAN|39704444|-82415089|AIR|FM|0|26800|7620|26330|0|0|0|0|0|0|0|0|0

P|DUBLN1|ALL|BRYEN|0|7
S|BRYEN|40854369|-84780250| |IF|0|0|0|0|0|0|2|23000|0|0|0|0|0
S|CHDRS|40521358|-83721158| |TF|0|0|0|0|0|0|0|0|0|0|0|0|0
S|IKALE|40443589|-83479653| |TF|0|0|0|0|0|0|0|0|0|0|0|0|0
S|MELZZ|40313422|-83247186| |TF|0|0|0|0|0|0|0|0|0|0|0|0|0
S|MELZZ|40313422|-83247186| |IF|0|0|0|0|0|0|0|0|0|0|0|0|0
S|MAJGE|40233000|-83252333| |TF|0|0|0|0|0|0|0|7000|0|1|0|0|0
S|MAJGE|40233000|-83252333|AIR|FM|0|19000|11280|28440|0|0|0|0|0|0|0|0|0

P|DUBLN1|ALL|ESSIE|0|5
S|ESSIE|40550000|-83396339| |IF|0|0|0|0|0|0|0|10000|0|0|0|0|0
S|MELZZ|40313422|-83247186| |TF|0|0|0|0|0|0|0|0|0|0|0|0|0
S|MELZZ|40313422|-83247186| |IF|0|0|0|0|0|0|0|0|0|0|0|0|0
S|MAJGE|40233000|-83252333| |TF|0|0|0|0|0|0|0|7000|0|1|0|0|0
S|MAJGE|40233000|-83252333|AIR|FM|0|19000|11280|28440|0|0|0|0|0|0|0|0|0

P|DUBLN1|ALL|FBC|0|6
S|FBC|40955333|-83756025| |IF|0|0|0|0|0|0|0|0|0|0|0|0|0
S|ESSIE|40550000|-83396339| |TF|0|0|0|0|0|0|0|10000|0|0|0|0|0
S|MELZZ|40313422|-83247186| |TF|0|0|0|0|0|0|0|0|0|0|0|0|0
S|MELZZ|40313422|-83247186| |IF|0|0|0|0|0|0|0|0|0|0|0|0|0
S|MAJGE|40233000|-83252333| |TF|0|0|0|0|0|0|0|7000|0|1|0|0|0
S|MAJGE|40233000|-83252333|AIR|FM|0|19000|11280|28440|0|0|0|0|0|0|0|0|0

P|DUBLN1|ALL|JADUB|0|7
S|JADUB|40029714|-85343461| |IF|0|0|0|0|0|0|1|24000|0|0|0|0|0
S|CYRAH|40389642|-83731811| |TF|0|0|0|0|0|0|0|0|0|0|0|0|0
S|IKALE|40443589|-83479653| |TF|0|0|0|0|0|0|0|0|0|0|0|0|0
S|MELZZ|40313422|-83247186| |TF|0|0|0|0|0|0|0|0|0|0|0|0|0
S|MELZZ|40313422|-83247186| |IF|0|0|0|0|0|0|0|0|0|0|0|0|0
S|MAJGE|40233000|-83252333| |TF|0|0|0|0|0|0|0|7000|0|1|0|0|0
S|MAJGE|40233000|-83252333|AIR|FM|0|19000|11280|28440|0|0|0|0|0|0|0|0|0

P|JAKTZ2|ALL|GETTA|0|9
S|GETTA|38093019|-85589000| |IF|0|0|0|0|0|0|0|0|0|0|0|0|0
S|JIMUR|39021561|-84683925| |TF|0|0|0|0|0|0|1|24000|0|0|0|0|0
S|MOAKS|39295189|-84195919| |TF|0|0|0|0|0|0|0|0|0|0|0|0|0
S|PODGY|39391406|-83945631| |TF|0|0|0|0|0|0|3|23000|17000|0|0|0|0
S|FISUL|39503347|-83651781| |TF|0|0|0|0|0|0|3|21000|15000|0|0|0|0
S|JAKTZ|39591022|-83419586| |TF|0|0|0|0|0|0|3|16000|10000|0|0|0|0
S|JAKTZ|39591022|-83419586| |IF|0|0|0|0|0|0|3|16000|10000|0|0|0|0
S|PAAPP|39638203|-83222294| |TF|0|0|0|0|0|0|0|10000|0|1|0|0|0
S|PAAPP|39638203|-83222294|AIR|FM|0|8000|11350|26620|0|0|0|0|0|0|0|0|0

P|JAKTZ2|ALL|JUDDI|0|9
S|JUDDI|38759356|-86440172| |IF|0|0|0|0|0|0|0|0|0|0|0|0|0
S|JIMUR|39021561|-84683925| |TF|0|0|0|0|0|0|1|24000|0|0|0|0|0
S|MOAKS|39295189|-84195919| |TF|0|0|0|0|0|0|0|0|0|0|0|0|0
S|PODGY|39391406|-83945631| |TF|0|0|0|0|0|0|3|23000|17000|0|0|0|0
S|FISUL|39503347|-83651781| |TF|0|0|0|0|0|0|3|21000|15000|0|0|0|0
S|JAKTZ|39591022|-83419586| |TF|0|0|0|0|0|0|3|16000|10000|0|0|0|0
S|JAKTZ|39591022|-83419586| |IF|0|0|0|0|0|0|3|16000|10000|0|0|0|0
S|PAAPP|39638203|-83222294| |TF|0|0|0|0|0|0|0|10000|0|1|0|0|0
S|PAAPP|39638203|-83222294|AIR|FM|0|8000|11350|26620|0|0|0|0|0|0|0|0|0

P|SCRLT2|ALL|HACKS|0|6
S|HACKS|39129414|-81093028| |IF|0|0|0|0|0|0|0|0|0|0|0|0|0
S|SCRLT|39502914|-82350839| |TF|0|0|0|0|0|0|3|17000|10000|0|0|0|0
S|SCRLT|39502914|-82350839| |IF|0|0|0|0|0|0|3|17000|10000|0|0|0|0
S|MLORA|39586814|-82399836| |TF|0|0|0|0|0|0|0|0|0|0|0|0|0
S|JOSIK|39597903|-82592633| |TF|0|0|0|0|0|0|0|9000|0|1|0|0|0
S|JOSIK|39597903|-82592633|AIR|FM|0|26800|8590|26060|0|0|0|0|0|0|0|0|0

P|SCRLT2|ALL|MCGNS|0|7
S|MCGNS|38486539|-82159064| |IF|0|0|0|0|0|0|0|0|0|0|0|0|0
S|ZEDNO|39090364|-82272322| |TF|0|0|0|0|0|0|0|0|0|0|0|0|0
S|SCRLT|39502914|-82350839| |TF|0|0|0|0|0|0|3|17000|10000|0|0|0|0
S|SCRLT|39502914|-82350839| |IF|0|0|0|0|0|0|3|17000|10000|0|0|0|0
S|MLORA|39586814|-82399836| |TF|0|0|0|0|0|0|0|0|0|0|0|0|0
S|JOSIK|39597903|-82592633| |TF|0|0|0|0|0|0|0|9000|0|1|0|0|0
S|JOSIK|39597903|-82592633|AIR|FM|0|26800|8590|26060|0|0|0|0|0|0|0|0|0

