P|ALYNA4|04|BEAUX|0|6
S|BEAUX|28970197|-79974775| |IF|0|0|0|0|0|0|0|0|0|0|0|0|0
S|SURFR|28830942|-80474608| |TF|0|0|0|0|0|0|0|14000|0|0|0|0|0
S|ALYNA|28784825|-81030539| |TF|0|0|0|0|0|0|0|0|0|0|0|0|0
S|ALYNA|28784825|-81030539| |IF|0|0|0|0|0|0|0|0|0|0|0|0|0
S|BUDLE|28758858|-81155703| |TF|0|0|0|0|0|0|0|6000|0|1|0|0|0
S|KLEE|28822897|-81808417| |VM|0|26300|0|0|0|0|0|0|0|0|0|0|0

P|ALYNA4|13|BEAUX|0|6
S|BEAUX|28970197|-79974775| |IF|0|0|0|0|0|0|0|0|0|0|0|0|0
S|SURFR|28830942|-80474608| |TF|0|0|0|0|0|0|0|14000|0|0|0|0|0
S|ALYNA|28784825|-81030539| |TF|0|0|0|0|0|0|0|0|0|0|0|0|0
S|ALYNA|28784825|-81030539| |IF|0|0|0|0|0|0|0|0|0|0|0|0|0
S|BUDLE|28758858|-81155703| |TF|0|0|0|0|0|0|0|6000|0|1|0|0|0
S|KLEE|28822897|-81808417| |VM|0|26300|0|0|0|0|0|0|0|0|0|0|0

P|ALYNA4|22|BEAUX|0|6
S|BEAUX|28970197|-79974775| |IF|0|0|0|0|0|0|0|0|0|0|0|0|0
S|SURFR|28830942|-80474608| |TF|0|0|0|0|0|0|0|14000|0|0|0|0|0
S|ALYNA|28784825|-81030539| |TF|0|0|0|0|0|0|0|0|0|0|0|0|0
S|ALYNA|28784825|-81030539| |IF|0|0|0|0|0|0|0|0|0|0|0|0|0
S|BUDLE|28758858|-81155703| |TF|0|0|0|0|0|0|0|6000|0|1|0|0|0
S|KLEE|28822897|-81808417| |VM|0|26300|0|0|0|0|0|0|0|0|0|0|0

P|ALYNA4|31|BEAUX|0|6
S|BEAUX|28970197|-79974775| |IF|0|0|0|0|0|0|0|0|0|0|0|0|0
S|SURFR|28830942|-80474608| |TF|0|0|0|0|0|0|0|14000|0|0|0|0|0
S|ALYNA|28784825|-81030539| |TF|0|0|0|0|0|0|0|0|0|0|0|0|0
S|ALYNA|28784825|-81030539| |IF|0|0|0|0|0|0|0|0|0|0|0|0|0
S|BUDLE|28758858|-81155703| |TF|0|0|0|0|0|0|0|6000|0|1|0|0|0
S|KLEE|28822897|-81808417| |VM|0|26300|0|0|0|0|0|0|0|0|0|0|0

P|ALYNA4|04|GRDON|0|7
S|GRDON|29377972|-80646642| |IF|0|0|0|0|0|0|0|0|0|0|0|0|0
S|TIMIE|29013817|-80740178| |TF|0|0|0|0|0|0|0|12000|0|0|0|0|0
S|BURNE|28882597|-80780436| |TF|0|0|0|0|0|0|0|0|0|0|0|0|0
S|ALYNA|28784825|-81030539| |TF|0|0|0|0|0|0|0|0|0|0|0|0|0
S|ALYNA|28784825|-81030539| |IF|0|0|0|0|0|0|0|0|0|0|0|0|0
S|BUDLE|28758858|-81155703| |TF|0|0|0|0|0|0|0|6000|0|1|0|0|0
S|KLEE|28822897|-81808417| |VM|0|26300|0|0|0|0|0|0|0|0|0|0|0

P|ALYNA4|13|GRDON|0|7
S|GRDON|29377972|-80646642| |IF|0|0|0|0|0|0|0|0|0|0|0|0|0
S|TIMIE|29013817|-80740178| |TF|0|0|0|0|0|0|0|12000|0|0|0|0|0
S|BURNE|28882597|-80780436| |TF|0|0|0|0|0|0|0|0|0|0|0|0|0
S|ALYNA|28784825|-81030539| |TF|0|0|0|0|0|0|0|0|0|0|0|0|0
S|ALYNA|28784825|-81030539| |IF|0|0|0|0|0|0|0|0|0|0|0|0|0
S|BUDLE|28758858|-81155703| |TF|0|0|0|0|0|0|0|6000|0|1|0|0|0
S|KLEE|28822897|-81808417| |VM|0|26300|0|0|0|0|0|0|0|0|0|0|0

P|ALYNA4|22|GRDON|0|7
S|GRDON|29377972|-80646642| |IF|0|0|0|0|0|0|0|0|0|0|0|0|0
S|TIMIE|29013817|-80740178| |TF|0|0|0|0|0|0|0|12000|0|0|0|0|0
S|BURNE|28882597|-80780436| |TF|0|0|0|0|0|0|0|0|0|0|0|0|0
S|ALYNA|28784825|-81030539| |TF|0|0|0|0|0|0|0|0|0|0|0|0|0
S|ALYNA|28784825|-81030539| |IF|0|0|0|0|0|0|0|0|0|0|0|0|0
S|BUDLE|28758858|-81155703| |TF|0|0|0|0|0|0|0|6000|0|1|0|0|0
S|KLEE|28822897|-81808417| |VM|0|26300|0|0|0|0|0|0|0|0|0|0|0

P|ALYNA4|31|GRDON|0|7
S|GRDON|29377972|-80646642| |IF|0|0|0|0|0|0|0|0|0|0|0|0|0
S|TIMIE|29013817|-80740178| |TF|0|0|0|0|0|0|0|12000|0|0|0|0|0
S|BURNE|28882597|-80780436| |TF|0|0|0|0|0|0|0|0|0|0|0|0|0
S|ALYNA|28784825|-81030539| |TF|0|0|0|0|0|0|0|0|0|0|0|0|0
S|ALYNA|28784825|-81030539| |IF|0|0|0|0|0|0|0|0|0|0|0|0|0
S|BUDLE|28758858|-81155703| |TF|0|0|0|0|0|0|0|6000|0|1|0|0|0
S|KLEE|28822897|-81808417| |VM|0|26300|0|0|0|0|0|0|0|0|0|0|0

P|ALYNA4|04|HIBAC|0|7
S|HIBAC|29094064|-79567958| |IF|0|0|0|0|0|0|0|0|0|0|0|0|0
S|BEAUX|28970197|-79974775| |TF|0|0|0|0|0|0|0|0|0|0|0|0|0
S|SURFR|28830942|-80474608| |TF|0|0|0|0|0|0|0|14000|0|0|0|0|0
S|ALYNA|28784825|-81030539| |TF|0|0|0|0|0|0|0|0|0|0|0|0|0
S|ALYNA|28784825|-81030539| |IF|0|0|0|0|0|0|0|0|0|0|0|0|0
S|BUDLE|28758858|-81155703| |TF|0|0|0|0|0|0|0|6000|0|1|0|0|0
S|KLEE|28822897|-81808417| |VM|0|26300|0|0|0|0|0|0|0|0|0|0|0

P|ALYNA4|13|HIBAC|0|7
S|HIBAC|29094064|-79567958| |IF|0|0|0|0|0|0|0|0|0|0|0|0|0
S|BEAUX|28970197|-79974775| |TF|0|0|0|0|0|0|0|0|0|0|0|0|0
S|SURFR|28830942|-80474608| |TF|0|0|0|0|0|0|0|14000|0|0|0|0|0
S|ALYNA|28784825|-81030539| |TF|0|0|0|0|0|0|0|0|0|0|0|0|0
S|ALYNA|28784825|-81030539| |IF|0|0|0|0|0|0|0|0|0|0|0|0|0
S|BUDLE|28758858|-81155703| |TF|0|0|0|0|0|0|0|6000|0|1|0|0|0
S|KLEE|28822897|-81808417| |VM|0|26300|0|0|0|0|0|0|0|0|0|0|0

P|ALYNA4|22|HIBAC|0|7
S|HIBAC|29094064|-79567958| |IF|0|0|0|0|0|0|0|0|0|0|0|0|0
S|BEAUX|28970197|-79974775| |TF|0|0|0|0|0|0|0|0|0|0|0|0|0
S|SURFR|28830942|-80474608| |TF|0|0|0|0|0|0|0|14000|0|0|0|0|0
S|ALYNA|28784825|-81030539| |TF|0|0|0|0|0|0|0|0|0|0|0|0|0
S|ALYNA|28784825|-81030539| |IF|0|0|0|0|0|0|0|0|0|0|0|0|0
S|BUDLE|28758858|-81155703| |TF|0|0|0|0|0|0|0|6000|0|1|0|0|0
S|KLEE|28822897|-81808417| |VM|0|26300|0|0|0|0|0|0|0|0|0|0|0

P|ALYNA4|31|HIBAC|0|7
S|HIBAC|29094064|-79567958| |IF|0|0|0|0|0|0|0|0|0|0|0|0|0
S|BEAUX|28970197|-79974775| |TF|0|0|0|0|0|0|0|0|0|0|0|0|0
S|SURFR|28830942|-80474608| |TF|0|0|0|0|0|0|0|14000|0|0|0|0|0
S|ALYNA|28784825|-81030539| |TF|0|0|0|0|0|0|0|0|0|0|0|0|0
S|ALYNA|28784825|-81030539| |IF|0|0|0|0|0|0|0|0|0|0|0|0|0
S|BUDLE|28758858|-81155703| |TF|0|0|0|0|0|0|0|6000|0|1|0|0|0
S|KLEE|28822897|-81808417| |VM|0|26300|0|0|0|0|0|0|0|0|0|0|0

P|ALYNA4|04|SURFR|0|5
S|SURFR|28830942|-80474608| |IF|0|0|0|0|0|0|0|14000|0|0|0|0|0
S|ALYNA|28784825|-81030539| |TF|0|0|0|0|0|0|0|0|0|0|0|0|0
S|ALYNA|28784825|-81030539| |IF|0|0|0|0|0|0|0|0|0|0|0|0|0
S|BUDLE|28758858|-81155703| |TF|0|0|0|0|0|0|0|6000|0|1|0|0|0
S|KLEE|28822897|-81808417| |VM|0|26300|0|0|0|0|0|0|0|0|0|0|0

P|ALYNA4|13|SURFR|0|5
S|SURFR|28830942|-80474608| |IF|0|0|0|0|0|0|0|14000|0|0|0|0|0
S|ALYNA|28784825|-81030539| |TF|0|0|0|0|0|0|0|0|0|0|0|0|0
S|ALYNA|28784825|-81030539| |IF|0|0|0|0|0|0|0|0|0|0|0|0|0
S|BUDLE|28758858|-81155703| |TF|0|0|0|0|0|0|0|6000|0|1|0|0|0
S|KLEE|28822897|-81808417| |VM|0|26300|0|0|0|0|0|0|0|0|0|0|0

P|ALYNA4|22|SURFR|0|5
S|SURFR|28830942|-80474608| |IF|0|0|0|0|0|0|0|14000|0|0|0|0|0
S|ALYNA|28784825|-81030539| |TF|0|0|0|0|0|0|0|0|0|0|0|0|0
S|ALYNA|28784825|-81030539| |IF|0|0|0|0|0|0|0|0|0|0|0|0|0
S|BUDLE|28758858|-81155703| |TF|0|0|0|0|0|0|0|6000|0|1|0|0|0
S|KLEE|28822897|-81808417| |VM|0|26300|0|0|0|0|0|0|0|0|0|0|0

P|ALYNA4|31|SURFR|0|5
S|SURFR|28830942|-80474608| |IF|0|0|0|0|0|0|0|14000|0|0|0|0|0
S|ALYNA|28784825|-81030539| |TF|0|0|0|0|0|0|0|0|0|0|0|0|0
S|ALYNA|28784825|-81030539| |IF|0|0|0|0|0|0|0|0|0|0|0|0|0
S|BUDLE|28758858|-81155703| |TF|0|0|0|0|0|0|0|6000|0|1|0|0|0
S|KLEE|28822897|-81808417| |VM|0|26300|0|0|0|0|0|0|0|0|0|0|0

P|ALYNA4|04|WOPNR|0|8
S|WOPNR|30626675|-81074011| |IF|0|0|0|0|0|0|0|0|0|0|0|0|0
S|PRMUS|29818242|-81122428| |TF|0|0|0|0|0|0|0|0|0|0|0|0|0
S|TIMIE|29013817|-80740178| |TF|0|0|0|0|0|0|0|12000|0|0|0|0|0
S|BURNE|28882597|-80780436| |TF|0|0|0|0|0|0|0|0|0|0|0|0|0
S|ALYNA|28784825|-81030539| |TF|0|0|0|0|0|0|0|0|0|0|0|0|0
S|ALYNA|28784825|-81030539| |IF|0|0|0|0|0|0|0|0|0|0|0|0|0
S|BUDLE|28758858|-81155703| |TF|0|0|0|0|0|0|0|6000|0|1|0|0|0
S|KLEE|28822897|-81808417| |VM|0|26300|0|0|0|0|0|0|0|0|0|0|0

P|ALYNA4|13|WOPNR|0|8
S|WOPNR|30626675|-81074011| |IF|0|0|0|0|0|0|0|0|0|0|0|0|0
S|PRMUS|29818242|-81122428| |TF|0|0|0|0|0|0|0|0|0|0|0|0|0
S|TIMIE|29013817|-80740178| |TF|0|0|0|0|0|0|0|12000|0|0|0|0|0
S|BURNE|28882597|-80780436| |TF|0|0|0|0|0|0|0|0|0|0|0|0|0
S|ALYNA|28784825|-81030539| |TF|0|0|0|0|0|0|0|0|0|0|0|0|0
S|ALYNA|28784825|-81030539| |IF|0|0|0|0|0|0|0|0|0|0|0|0|0
S|BUDLE|28758858|-81155703| |TF|0|0|0|0|0|0|0|6000|0|1|0|0|0
S|KLEE|28822897|-81808417| |VM|0|26300|0|0|0|0|0|0|0|0|0|0|0

P|ALYNA4|22|WOPNR|0|8
S|WOPNR|30626675|-81074011| |IF|0|0|0|0|0|0|0|0|0|0|0|0|0
S|PRMUS|29818242|-81122428| |TF|0|0|0|0|0|0|0|0|0|0|0|0|0
S|TIMIE|29013817|-80740178| |TF|0|0|0|0|0|0|0|12000|0|0|0|0|0
S|BURNE|28882597|-80780436| |TF|0|0|0|0|0|0|0|0|0|0|0|0|0
S|ALYNA|28784825|-81030539| |TF|0|0|0|0|0|0|0|0|0|0|0|0|0
S|ALYNA|28784825|-81030539| |IF|0|0|0|0|0|0|0|0|0|0|0|0|0
S|BUDLE|28758858|-81155703| |TF|0|0|0|0|0|0|0|6000|0|1|0|0|0
S|KLEE|28822897|-81808417| |VM|0|26300|0|0|0|0|0|0|0|0|0|0|0

P|ALYNA4|31|WOPNR|0|8
S|WOPNR|30626675|-81074011| |IF|0|0|0|0|0|0|0|0|0|0|0|0|0
S|PRMUS|29818242|-81122428| |TF|0|0|0|0|0|0|0|0|0|0|0|0|0
S|TIMIE|29013817|-80740178| |TF|0|0|0|0|0|0|0|12000|0|0|0|0|0
S|BURNE|28882597|-80780436| |TF|0|0|0|0|0|0|0|0|0|0|0|0|0
S|ALYNA|28784825|-81030539| |TF|0|0|0|0|0|0|0|0|0|0|0|0|0
S|ALYNA|28784825|-81030539| |IF|0|0|0|0|0|0|0|0|0|0|0|0|0
S|BUDLE|28758858|-81155703| |TF|0|0|0|0|0|0|0|6000|0|1|0|0|0
S|KLEE|28822897|-81808417| |VM|0|26300|0|0|0|0|0|0|0|0|0|0|0

P|JOKRS4|04|COREA|0|8
S|COREA|26635822|-81214525| |IF|0|0|0|0|0|0|0|0|0|0|0|0|0
S|SIMIE|27272633|-81728569| |TF|0|0|0|0|0|0|0|0|0|0|0|0|0
S|FAZES|27655397|-81857328| |TF|0|0|0|0|0|0|0|0|0|0|0|0|0
S|MOANS|27913881|-81748581| |TF|0|0|0|0|0|0|0|0|0|0|0|0|0
S|JOKRS|28033953|-81723389| |TF|0|0|0|0|0|0|0|0|0|0|0|0|0
S|JOKRS|28033953|-81723389| |IF|0|0|0|0|0|0|0|0|0|0|0|0|0
S|ZALEK|28138664|-81634706| |TF|0|0|0|0|0|0|0|0|0|1|0|0|0
S|KLEE|28822897|-81808417| |VM|0|4300|0|0|0|0|0|0|0|0|0|0|0

P|JOKRS4|13|COREA|0|8
S|COREA|26635822|-81214525| |IF|0|0|0|0|0|0|0|0|0|0|0|0|0
S|SIMIE|27272633|-81728569| |TF|0|0|0|0|0|0|0|0|0|0|0|0|0
S|FAZES|27655397|-81857328| |TF|0|0|0|0|0|0|0|0|0|0|0|0|0
S|MOANS|27913881|-81748581| |TF|0|0|0|0|0|0|0|0|0|0|0|0|0
S|JOKRS|28033953|-81723389| |TF|0|0|0|0|0|0|0|0|0|0|0|0|0
S|JOKRS|28033953|-81723389| |IF|0|0|0|0|0|0|0|0|0|0|0|0|0
S|ZALEK|28138664|-81634706| |TF|0|0|0|0|0|0|0|0|0|1|0|0|0
S|KLEE|28822897|-81808417| |VM|0|4300|0|0|0|0|0|0|0|0|0|0|0

P|JOKRS4|22|COREA|0|8
S|COREA|26635822|-81214525| |IF|0|0|0|0|0|0|0|0|0|0|0|0|0
S|SIMIE|27272633|-81728569| |TF|0|0|0|0|0|0|0|0|0|0|0|0|0
S|FAZES|27655397|-81857328| |TF|0|0|0|0|0|0|0|0|0|0|0|0|0
S|MOANS|27913881|-81748581| |TF|0|0|0|0|0|0|0|0|0|0|0|0|0
S|JOKRS|28033953|-81723389| |TF|0|0|0|0|0|0|0|0|0|0|0|0|0
S|JOKRS|28033953|-81723389| |IF|0|0|0|0|0|0|0|0|0|0|0|0|0
S|ZALEK|28138664|-81634706| |TF|0|0|0|0|0|0|0|0|0|1|0|0|0
S|KLEE|28822897|-81808417| |VM|0|4300|0|0|0|0|0|0|0|0|0|0|0

P|JOKRS4|31|COREA|0|8
S|COREA|26635822|-81214525| |IF|0|0|0|0|0|0|0|0|0|0|0|0|0
S|SIMIE|27272633|-81728569| |TF|0|0|0|0|0|0|0|0|0|0|0|0|0
S|FAZES|27655397|-81857328| |TF|0|0|0|0|0|0|0|0|0|0|0|0|0
S|MOANS|27913881|-81748581| |TF|0|0|0|0|0|0|0|0|0|0|0|0|0
S|JOKRS|28033953|-81723389| |TF|0|0|0|0|0|0|0|0|0|0|0|0|0
S|JOKRS|28033953|-81723389| |IF|0|0|0|0|0|0|0|0|0|0|0|0|0
S|ZALEK|28138664|-81634706| |TF|0|0|0|0|0|0|0|0|0|1|0|0|0
S|KLEE|28822897|-81808417| |VM|0|4300|0|0|0|0|0|0|0|0|0|0|0

P|JOKRS4|04|CSHEL|0|8
S|CSHEL|27023422|-81744672| |IF|0|0|0|0|0|0|0|0|0|0|0|0|0
S|SIMIE|27272633|-81728569| |TF|0|0|0|0|0|0|0|0|0|0|0|0|0
S|FAZES|27655397|-81857328| |TF|0|0|0|0|0|0|0|0|0|0|0|0|0
S|MOANS|27913881|-81748581| |TF|0|0|0|0|0|0|0|0|0|0|0|0|0
S|JOKRS|28033953|-81723389| |TF|0|0|0|0|0|0|0|0|0|0|0|0|0
S|JOKRS|28033953|-81723389| |IF|0|0|0|0|0|0|0|0|0|0|0|0|0
S|ZALEK|28138664|-81634706| |TF|0|0|0|0|0|0|0|0|0|1|0|0|0
S|KLEE|28822897|-81808417| |VM|0|4300|0|0|0|0|0|0|0|0|0|0|0

P|JOKRS4|13|CSHEL|0|8
S|CSHEL|27023422|-81744672| |IF|0|0|0|0|0|0|0|0|0|0|0|0|0
S|SIMIE|27272633|-81728569| |TF|0|0|0|0|0|0|0|0|0|0|0|0|0
S|FAZES|27655397|-81857328| |TF|0|0|0|0|0|0|0|0|0|0|0|0|0
S|MOANS|27913881|-81748581| |TF|0|0|0|0|0|0|0|0|0|0|0|0|0
S|JOKRS|28033953|-81723389| |TF|0|0|0|0|0|0|0|0|0|0|0|0|0
S|JOKRS|28033953|-81723389| |IF|0|0|0|0|0|0|0|0|0|0|0|0|0
S|ZALEK|28138664|-81634706| |TF|0|0|0|0|0|0|0|0|0|1|0|0|0
S|KLEE|28822897|-81808417| |VM|0|4300|0|0|0|0|0|0|0|0|0|0|0

P|JOKRS4|22|CSHEL|0|8
S|CSHEL|27023422|-81744672| |IF|0|0|0|0|0|0|0|0|0|0|0|0|0
S|SIMIE|27272633|-81728569| |TF|0|0|0|0|0|0|0|0|0|0|0|0|0
S|FAZES|27655397|-81857328| |TF|0|0|0|0|0|0|0|0|0|0|0|0|0
S|MOANS|27913881|-81748581| |TF|0|0|0|0|0|0|0|0|0|0|0|0|0
S|JOKRS|28033953|-81723389| |TF|0|0|0|0|0|0|0|0|0|0|0|0|0
S|JOKRS|28033953|-81723389| |IF|0|0|0|0|0|0|0|0|0|0|0|0|0
S|ZALEK|28138664|-81634706| |TF|0|0|0|0|0|0|0|0|0|1|0|0|0
S|KLEE|28822897|-81808417| |VM|0|4300|0|0|0|0|0|0|0|0|0|0|0

P|JOKRS4|31|CSHEL|0|8
S|CSHEL|27023422|-81744672| |IF|0|0|0|0|0|0|0|0|0|0|0|0|0
S|SIMIE|27272633|-81728569| |TF|0|0|0|0|0|0|0|0|0|0|0|0|0
S|FAZES|27655397|-81857328| |TF|0|0|0|0|0|0|0|0|0|0|0|0|0
S|MOANS|27913881|-81748581| |TF|0|0|0|0|0|0|0|0|0|0|0|0|0
S|JOKRS|28033953|-81723389| |TF|0|0|0|0|0|0|0|0|0|0|0|0|0
S|JOKRS|28033953|-81723389| |IF|0|0|0|0|0|0|0|0|0|0|0|0|0
S|ZALEK|28138664|-81634706| |TF|0|0|0|0|0|0|0|0|0|1|0|0|0
S|KLEE|28822897|-81808417| |VM|0|4300|0|0|0|0|0|0|0|0|0|0|0

P|JOKRS4|04|FAZES|0|6
S|FAZES|27655397|-81857328| |IF|0|0|0|0|0|0|0|0|0|0|0|0|0
S|MOANS|27913881|-81748581| |TF|0|0|0|0|0|0|0|0|0|0|0|0|0
S|JOKRS|28033953|-81723389| |TF|0|0|0|0|0|0|0|0|0|0|0|0|0
S|JOKRS|28033953|-81723389| |IF|0|0|0|0|0|0|0|0|0|0|0|0|0
S|ZALEK|28138664|-81634706| |TF|0|0|0|0|0|0|0|0|0|1|0|0|0
S|KLEE|28822897|-81808417| |VM|0|4300|0|0|0|0|0|0|0|0|0|0|0

P|JOKRS4|13|FAZES|0|6
S|FAZES|27655397|-81857328| |IF|0|0|0|0|0|0|0|0|0|0|0|0|0
S|MOANS|27913881|-81748581| |TF|0|0|0|0|0|0|0|0|0|0|0|0|0
S|JOKRS|28033953|-81723389| |TF|0|0|0|0|0|0|0|0|0|0|0|0|0
S|JOKRS|28033953|-81723389| |IF|0|0|0|0|0|0|0|0|0|0|0|0|0
S|ZALEK|28138664|-81634706| |TF|0|0|0|0|0|0|0|0|0|1|0|0|0
S|KLEE|28822897|-81808417| |VM|0|4300|0|0|0|0|0|0|0|0|0|0|0

P|JOKRS4|22|FAZES|0|6
S|FAZES|27655397|-81857328| |IF|0|0|0|0|0|0|0|0|0|0|0|0|0
S|MOANS|27913881|-81748581| |TF|0|0|0|0|0|0|0|0|0|0|0|0|0
S|JOKRS|28033953|-81723389| |TF|0|0|0|0|0|0|0|0|0|0|0|0|0
S|JOKRS|28033953|-81723389| |IF|0|0|0|0|0|0|0|0|0|0|0|0|0
S|ZALEK|28138664|-81634706| |TF|0|0|0|0|0|0|0|0|0|1|0|0|0
S|KLEE|28822897|-81808417| |VM|0|4300|0|0|0|0|0|0|0|0|0|0|0

P|JOKRS4|31|FAZES|0|6
S|FAZES|27655397|-81857328| |IF|0|0|0|0|0|0|0|0|0|0|0|0|0
S|MOANS|27913881|-81748581| |TF|0|0|0|0|0|0|0|0|0|0|0|0|0
S|JOKRS|28033953|-81723389| |TF|0|0|0|0|0|0|0|0|0|0|0|0|0
S|JOKRS|28033953|-81723389| |IF|0|0|0|0|0|0|0|0|0|0|0|0|0
S|ZALEK|28138664|-81634706| |TF|0|0|0|0|0|0|0|0|0|1|0|0|0
S|KLEE|28822897|-81808417| |VM|0|4300|0|0|0|0|0|0|0|0|0|0|0

P|JOKRS4|04|FERAL|0|9
S|FERAL|26513156|-81771039| |IF|0|0|0|0|0|0|0|0|0|0|0|0|0
S|CSHEL|27023422|-81744672| |TF|0|0|0|0|0|0|0|0|0|0|0|0|0
S|SIMIE|27272633|-81728569| |TF|0|0|0|0|0|0|0|0|0|0|0|0|0
S|FAZES|27655397|-81857328| |TF|0|0|0|0|0|0|0|0|0|0|0|0|0
S|MOANS|27913881|-81748581| |TF|0|0|0|0|0|0|0|0|0|0|0|0|0
S|JOKRS|28033953|-81723389| |TF|0|0|0|0|0|0|0|0|0|0|0|0|0
S|JOKRS|28033953|-81723389| |IF|0|0|0|0|0|0|0|0|0|0|0|0|0
S|ZALEK|28138664|-81634706| |TF|0|0|0|0|0|0|0|0|0|1|0|0|0
S|KLEE|28822897|-81808417| |VM|0|4300|0|0|0|0|0|0|0|0|0|0|0

P|JOKRS4|13|FERAL|0|9
S|FERAL|26513156|-81771039| |IF|0|0|0|0|0|0|0|0|0|0|0|0|0
S|CSHEL|27023422|-81744672| |TF|0|0|0|0|0|0|0|0|0|0|0|0|0
S|SIMIE|27272633|-81728569| |TF|0|0|0|0|0|0|0|0|0|0|0|0|0
S|FAZES|27655397|-81857328| |TF|0|0|0|0|0|0|0|0|0|0|0|0|0
S|MOANS|27913881|-81748581| |TF|0|0|0|0|0|0|0|0|0|0|0|0|0
S|JOKRS|28033953|-81723389| |TF|0|0|0|0|0|0|0|0|0|0|0|0|0
S|JOKRS|28033953|-81723389| |IF|0|0|0|0|0|0|0|0|0|0|0|0|0
S|ZALEK|28138664|-81634706| |TF|0|0|0|0|0|0|0|0|0|1|0|0|0
S|KLEE|28822897|-81808417| |VM|0|4300|0|0|0|0|0|0|0|0|0|0|0

P|JOKRS4|22|FERAL|0|9
S|FERAL|26513156|-81771039| |IF|0|0|0|0|0|0|0|0|0|0|0|0|0
S|CSHEL|27023422|-81744672| |TF|0|0|0|0|0|0|0|0|0|0|0|0|0
S|SIMIE|27272633|-81728569| |TF|0|0|0|0|0|0|0|0|0|0|0|0|0
S|FAZES|27655397|-81857328| |TF|0|0|0|0|0|0|0|0|0|0|0|0|0
S|MOANS|27913881|-81748581| |TF|0|0|0|0|0|0|0|0|0|0|0|0|0
S|JOKRS|28033953|-81723389| |TF|0|0|0|0|0|0|0|0|0|0|0|0|0
S|JOKRS|28033953|-81723389| |IF|0|0|0|0|0|0|0|0|0|0|0|0|0
S|ZALEK|28138664|-81634706| |TF|0|0|0|0|0|0|0|0|0|1|0|0|0
S|KLEE|28822897|-81808417| |VM|0|4300|0|0|0|0|0|0|0|0|0|0|0

P|JOKRS4|31|FERAL|0|9
S|FERAL|26513156|-81771039| |IF|0|0|0|0|0|0|0|0|0|0|0|0|0
S|CSHEL|27023422|-81744672| |TF|0|0|0|0|0|0|0|0|0|0|0|0|0
S|SIMIE|27272633|-81728569| |TF|0|0|0|0|0|0|0|0|0|0|0|0|0
S|FAZES|27655397|-81857328| |TF|0|0|0|0|0|0|0|0|0|0|0|0|0
S|MOANS|27913881|-81748581| |TF|0|0|0|0|0|0|0|0|0|0|0|0|0
S|JOKRS|28033953|-81723389| |TF|0|0|0|0|0|0|0|0|0|0|0|0|0
S|JOKRS|28033953|-81723389| |IF|0|0|0|0|0|0|0|0|0|0|0|0|0
S|ZALEK|28138664|-81634706| |TF|0|0|0|0|0|0|0|0|0|1|0|0|0
S|KLEE|28822897|-81808417| |VM|0|4300|0|0|0|0|0|0|0|0|0|0|0

P|JOKRS4|04|MOANS|0|5
S|MOANS|27913881|-81748581| |IF|0|0|0|0|0|0|0|0|0|0|0|0|0
S|JOKRS|28033953|-81723389| |TF|0|0|0|0|0|0|0|0|0|0|0|0|0
S|JOKRS|28033953|-81723389| |IF|0|0|0|0|0|0|0|0|0|0|0|0|0
S|ZALEK|28138664|-81634706| |TF|0|0|0|0|0|0|0|0|0|1|0|0|0
S|KLEE|28822897|-81808417| |VM|0|4300|0|0|0|0|0|0|0|0|0|0|0

P|JOKRS4|13|MOANS|0|5
S|MOANS|27913881|-81748581| |IF|0|0|0|0|0|0|0|0|0|0|0|0|0
S|JOKRS|28033953|-81723389| |TF|0|0|0|0|0|0|0|0|0|0|0|0|0
S|JOKRS|28033953|-81723389| |IF|0|0|0|0|0|0|0|0|0|0|0|0|0
S|ZALEK|28138664|-81634706| |TF|0|0|0|0|0|0|0|0|0|1|0|0|0
S|KLEE|28822897|-81808417| |VM|0|4300|0|0|0|0|0|0|0|0|0|0|0

P|JOKRS4|22|MOANS|0|5
S|MOANS|27913881|-81748581| |IF|0|0|0|0|0|0|0|0|0|0|0|0|0
S|JOKRS|28033953|-81723389| |TF|0|0|0|0|0|0|0|0|0|0|0|0|0
S|JOKRS|28033953|-81723389| |IF|0|0|0|0|0|0|0|0|0|0|0|0|0
S|ZALEK|28138664|-81634706| |TF|0|0|0|0|0|0|0|0|0|1|0|0|0
S|KLEE|28822897|-81808417| |VM|0|4300|0|0|0|0|0|0|0|0|0|0|0

P|JOKRS4|31|MOANS|0|5
S|MOANS|27913881|-81748581| |IF|0|0|0|0|0|0|0|0|0|0|0|0|0
S|JOKRS|28033953|-81723389| |TF|0|0|0|0|0|0|0|0|0|0|0|0|0
S|JOKRS|28033953|-81723389| |IF|0|0|0|0|0|0|0|0|0|0|0|0|0
S|ZALEK|28138664|-81634706| |TF|0|0|0|0|0|0|0|0|0|1|0|0|0
S|KLEE|28822897|-81808417| |VM|0|4300|0|0|0|0|0|0|0|0|0|0|0

P|MINEE6|04|BOXKR|0|9
S|BOXKR|27585992|-83298789| |IF|0|0|0|0|0|0|0|0|0|0|0|0|0
S|SYKES|27664711|-83049783| |TF|0|0|0|0|0|0|0|0|0|0|0|0|0
S|GUMMY|27826503|-82532353| |TF|0|0|0|0|0|0|0|0|0|0|0|0|0
S|LAL|27986197|-82013906| |TF|0|0|0|0|0|0|0|0|0|0|0|0|0
S|ANDRO|28049181|-81885686| |TF|0|0|0|0|0|0|0|0|0|0|0|0|0
S|MINEE|28118339|-81744494| |TF|0|0|0|0|0|0|0|0|0|0|0|0|0
S|MINEE|28118339|-81744494| |IF|0|0|0|0|0|0|0|0|0|0|0|0|0
S|UNITY|28261508|-81450583| |TF|0|0|0|0|0|0|0|0|0|0|0|0|0
S|ORL|28542722|-81335014| |TF|0|0|0|0|0|0|0|0|0|0|0|0|0

P|MINEE6|13|BOXKR|0|9
S|BOXKR|27585992|-83298789| |IF|0|0|0|0|0|0|0|0|0|0|0|0|0
S|SYKES|27664711|-83049783| |TF|0|0|0|0|0|0|0|0|0|0|0|0|0
S|GUMMY|27826503|-82532353| |TF|0|0|0|0|0|0|0|0|0|0|0|0|0
S|LAL|27986197|-82013906| |TF|0|0|0|0|0|0|0|0|0|0|0|0|0
S|ANDRO|28049181|-81885686| |TF|0|0|0|0|0|0|0|0|0|0|0|0|0
S|MINEE|28118339|-81744494| |TF|0|0|0|0|0|0|0|0|0|0|0|0|0
S|MINEE|28118339|-81744494| |IF|0|0|0|0|0|0|0|0|0|0|0|0|0
S|UNITY|28261508|-81450583| |TF|0|0|0|0|0|0|0|0|0|0|0|0|0
S|ORL|28542722|-81335014| |TF|0|0|0|0|0|0|0|0|0|0|0|0|0

P|MINEE6|22|BOXKR|0|9
S|BOXKR|27585992|-83298789| |IF|0|0|0|0|0|0|0|0|0|0|0|0|0
S|SYKES|27664711|-83049783| |TF|0|0|0|0|0|0|0|0|0|0|0|0|0
S|GUMMY|27826503|-82532353| |TF|0|0|0|0|0|0|0|0|0|0|0|0|0
S|LAL|27986197|-82013906| |TF|0|0|0|0|0|0|0|0|0|0|0|0|0
S|ANDRO|28049181|-81885686| |TF|0|0|0|0|0|0|0|0|0|0|0|0|0
S|MINEE|28118339|-81744494| |TF|0|0|0|0|0|0|0|0|0|0|0|0|0
S|MINEE|28118339|-81744494| |IF|0|0|0|0|0|0|0|0|0|0|0|0|0
S|UNITY|28261508|-81450583| |TF|0|0|0|0|0|0|0|0|0|0|0|0|0
S|ORL|28542722|-81335014| |TF|0|0|0|0|0|0|0|0|0|0|0|0|0

P|MINEE6|31|BOXKR|0|9
S|BOXKR|27585992|-83298789| |IF|0|0|0|0|0|0|0|0|0|0|0|0|0
S|SYKES|27664711|-83049783| |TF|0|0|0|0|0|0|0|0|0|0|0|0|0
S|GUMMY|27826503|-82532353| |TF|0|0|0|0|0|0|0|0|0|0|0|0|0
S|LAL|27986197|-82013906| |TF|0|0|0|0|0|0|0|0|0|0|0|0|0
S|ANDRO|28049181|-81885686| |TF|0|0|0|0|0|0|0|0|0|0|0|0|0
S|MINEE|28118339|-81744494| |TF|0|0|0|0|0|0|0|0|0|0|0|0|0
S|MINEE|28118339|-81744494| |IF|0|0|0|0|0|0|0|0|0|0|0|0|0
S|UNITY|28261508|-81450583| |TF|0|0|0|0|0|0|0|0|0|0|0|0|0
S|ORL|28542722|-81335014| |TF|0|0|0|0|0|0|0|0|0|0|0|0|0

P|MINEE6|04|PIE|0|8
S|PIE|27907764|-82684308| |IF|0|0|0|0|0|0|0|0|0|0|0|0|0
S|GUMMY|27826503|-82532353| |TF|0|0|0|0|0|0|0|0|0|0|0|0|0
S|LAL|27986197|-82013906| |TF|0|0|0|0|0|0|0|0|0|0|0|0|0
S|ANDRO|28049181|-81885686| |TF|0|0|0|0|0|0|0|0|0|0|0|0|0
S|MINEE|28118339|-81744494| |TF|0|0|0|0|0|0|0|0|0|0|0|0|0
S|MINEE|28118339|-81744494| |IF|0|0|0|0|0|0|0|0|0|0|0|0|0
S|UNITY|28261508|-81450583| |TF|0|0|0|0|0|0|0|0|0|0|0|0|0
S|ORL|28542722|-81335014| |TF|0|0|0|0|0|0|0|0|0|0|0|0|0

P|MINEE6|13|PIE|0|8
S|PIE|27907764|-82684308| |IF|0|0|0|0|0|0|0|0|0|0|0|0|0
S|GUMMY|27826503|-82532353| |TF|0|0|0|0|0|0|0|0|0|0|0|0|0
S|LAL|27986197|-82013906| |TF|0|0|0|0|0|0|0|0|0|0|0|0|0
S|ANDRO|28049181|-81885686| |TF|0|0|0|0|0|0|0|0|0|0|0|0|0
S|MINEE|28118339|-81744494| |TF|0|0|0|0|0|0|0|0|0|0|0|0|0
S|MINEE|28118339|-81744494| |IF|0|0|0|0|0|0|0|0|0|0|0|0|0
S|UNITY|28261508|-81450583| |TF|0|0|0|0|0|0|0|0|0|0|0|0|0
S|ORL|28542722|-81335014| |TF|0|0|0|0|0|0|0|0|0|0|0|0|0

P|MINEE6|22|PIE|0|8
S|PIE|27907764|-82684308| |IF|0|0|0|0|0|0|0|0|0|0|0|0|0
S|GUMMY|27826503|-82532353| |TF|0|0|0|0|0|0|0|0|0|0|0|0|0
S|LAL|27986197|-82013906| |TF|0|0|0|0|0|0|0|0|0|0|0|0|0
S|ANDRO|28049181|-81885686| |TF|0|0|0|0|0|0|0|0|0|0|0|0|0
S|MINEE|28118339|-81744494| |TF|0|0|0|0|0|0|0|0|0|0|0|0|0
S|MINEE|28118339|-81744494| |IF|0|0|0|0|0|0|0|0|0|0|0|0|0
S|UNITY|28261508|-81450583| |TF|0|0|0|0|0|0|0|0|0|0|0|0|0
S|ORL|28542722|-81335014| |TF|0|0|0|0|0|0|0|0|0|0|0|0|0

P|MINEE6|31|PIE|0|8
S|PIE|27907764|-82684308| |IF|0|0|0|0|0|0|0|0|0|0|0|0|0
S|GUMMY|27826503|-82532353| |TF|0|0|0|0|0|0|0|0|0|0|0|0|0
S|LAL|27986197|-82013906| |TF|0|0|0|0|0|0|0|0|0|0|0|0|0
S|ANDRO|28049181|-81885686| |TF|0|0|0|0|0|0|0|0|0|0|0|0|0
S|MINEE|28118339|-81744494| |TF|0|0|0|0|0|0|0|0|0|0|0|0|0
S|MINEE|28118339|-81744494| |IF|0|0|0|0|0|0|0|0|0|0|0|0|0
S|UNITY|28261508|-81450583| |TF|0|0|0|0|0|0|0|0|0|0|0|0|0
S|ORL|28542722|-81335014| |TF|0|0|0|0|0|0|0|0|0|0|0|0|0

P|MINEE6|04|RSW|0|7
S|RSW|26529886|-81775769| |IF|0|0|0|0|0|0|0|0|0|0|0|0|0
S|DOWNN|27510767|-81756578| |TF|0|0|0|0|0|0|0|0|0|0|0|0|0
S|MOANS|27913881|-81748581| |TF|0|0|0|0|0|0|0|0|0|0|0|0|0
S|MINEE|28118339|-81744494| |TF|0|0|0|0|0|0|0|0|0|0|0|0|0
S|MINEE|28118339|-81744494| |IF|0|0|0|0|0|0|0|0|0|0|0|0|0
S|UNITY|28261508|-81450583| |TF|0|0|0|0|0|0|0|0|0|0|0|0|0
S|ORL|28542722|-81335014| |TF|0|0|0|0|0|0|0|0|0|0|0|0|0

P|MINEE6|13|RSW|0|7
S|RSW|26529886|-81775769| |IF|0|0|0|0|0|0|0|0|0|0|0|0|0
S|DOWNN|27510767|-81756578| |TF|0|0|0|0|0|0|0|0|0|0|0|0|0
S|MOANS|27913881|-81748581| |TF|0|0|0|0|0|0|0|0|0|0|0|0|0
S|MINEE|28118339|-81744494| |TF|0|0|0|0|0|0|0|0|0|0|0|0|0
S|MINEE|28118339|-81744494| |IF|0|0|0|0|0|0|0|0|0|0|0|0|0
S|UNITY|28261508|-81450583| |TF|0|0|0|0|0|0|0|0|0|0|0|0|0
S|ORL|28542722|-81335014| |TF|0|0|0|0|0|0|0|0|0|0|0|0|0

P|MINEE6|22|RSW|0|7
S|RSW|26529886|-81775769| |IF|0|0|0|0|0|0|0|0|0|0|0|0|0
S|DOWNN|27510767|-81756578| |TF|0|0|0|0|0|0|0|0|0|0|0|0|0
S|MOANS|27913881|-81748581| |TF|0|0|0|0|0|0|0|0|0|0|0|0|0
S|MINEE|28118339|-81744494| |TF|0|0|0|0|0|0|0|0|0|0|0|0|0
S|MINEE|28118339|-81744494| |IF|0|0|0|0|0|0|0|0|0|0|0|0|0
S|UNITY|28261508|-81450583| |TF|0|0|0|0|0|0|0|0|0|0|0|0|0
S|ORL|28542722|-81335014| |TF|0|0|0|0|0|0|0|0|0|0|0|0|0

P|MINEE6|31|RSW|0|7
S|RSW|26529886|-81775769| |IF|0|0|0|0|0|0|0|0|0|0|0|0|0
S|DOWNN|27510767|-81756578| |TF|0|0|0|0|0|0|0|0|0|0|0|0|0
S|MOANS|27913881|-81748581| |TF|0|0|0|0|0|0|0|0|0|0|0|0|0
S|MINEE|28118339|-81744494| |TF|0|0|0|0|0|0|0|0|0|0|0|0|0
S|MINEE|28118339|-81744494| |IF|0|0|0|0|0|0|0|0|0|0|0|0|0
S|UNITY|28261508|-81450583| |TF|0|0|0|0|0|0|0|0|0|0|0|0|0
S|ORL|28542722|-81335014| |TF|0|0|0|0|0|0|0|0|0|0|0|0|0

P|MUNGI1|04|CCLUB|0|6
S|CCLUB|27216175|-79521311| |IF|0|0|0|0|0|0|0|0|0|0|0|0|0
S|ZALUP|27773375|-80771342| |TF|0|0|0|0|0|0|0|0|0|0|0|0|0
S|MUNGI|27934722|-81038950| |TF|0|0|0|0|0|0|0|0|0|0|0|0|0
S|MUNGI|27934722|-81038950| |IF|0|0|0|0|0|0|0|0|0|0|0|0|0
S|BLOKD|28045647|-81085875| |TF|0|0|0|0|0|250|0|12000|0|1|0|0|0
S|BLOKD|28045647|-81085875|SGJ|FM|0|34500|11510|17950|0|0|0|0|0|0|0|0|0

P|MUNGI1|13|CCLUB|0|6
S|CCLUB|27216175|-79521311| |IF|0|0|0|0|0|0|0|0|0|0|0|0|0
S|ZALUP|27773375|-80771342| |TF|0|0|0|0|0|0|0|0|0|0|0|0|0
S|MUNGI|27934722|-81038950| |TF|0|0|0|0|0|0|0|0|0|0|0|0|0
S|MUNGI|27934722|-81038950| |IF|0|0|0|0|0|0|0|0|0|0|0|0|0
S|BLOKD|28045647|-81085875| |TF|0|0|0|0|0|250|0|12000|0|1|0|0|0
S|BLOKD|28045647|-81085875|SGJ|FM|0|34500|11510|17950|0|0|0|0|0|0|0|0|0

P|MUNGI1|22|CCLUB|0|6
S|CCLUB|27216175|-79521311| |IF|0|0|0|0|0|0|0|0|0|0|0|0|0
S|ZALUP|27773375|-80771342| |TF|0|0|0|0|0|0|0|0|0|0|0|0|0
S|MUNGI|27934722|-81038950| |TF|0|0|0|0|0|0|0|0|0|0|0|0|0
S|MUNGI|27934722|-81038950| |IF|0|0|0|0|0|0|0|0|0|0|0|0|0
S|BLOKD|28045647|-81085875| |TF|0|0|0|0|0|250|0|12000|0|1|0|0|0
S|BLOKD|28045647|-81085875|SGJ|FM|0|34500|11510|17950|0|0|0|0|0|0|0|0|0

P|MUNGI1|31|CCLUB|0|6
S|CCLUB|27216175|-79521311| |IF|0|0|0|0|0|0|0|0|0|0|0|0|0
S|ZALUP|27773375|-80771342| |TF|0|0|0|0|0|0|0|0|0|0|0|0|0
S|MUNGI|27934722|-81038950| |TF|0|0|0|0|0|0|0|0|0|0|0|0|0
S|MUNGI|27934722|-81038950| |IF|0|0|0|0|0|0|0|0|0|0|0|0|0
S|BLOKD|28045647|-81085875| |TF|0|0|0|0|0|250|0|12000|0|1|0|0|0
S|BLOKD|28045647|-81085875|SGJ|FM|0|34500|11510|17950|0|0|0|0|0|0|0|0|0

P|MUNGI1|04|CHEFS|0|6
S|CHEFS|27370825|-80760822| |IF|0|0|0|0|0|280|3|21000|19000|0|0|0|0
S|MOOTS|27564722|-80844792| |TF|0|0|0|0|0|0|1|15000|0|0|0|0|0
S|MUNGI|27934722|-81038950| |TF|0|0|0|0|0|0|0|0|0|0|0|0|0
S|MUNGI|27934722|-81038950| |IF|0|0|0|0|0|0|0|0|0|0|0|0|0
S|BLOKD|28045647|-81085875| |TF|0|0|0|0|0|250|0|12000|0|1|0|0|0
S|BLOKD|28045647|-81085875|SGJ|FM|0|34500|11510|17950|0|0|0|0|0|0|0|0|0

P|MUNGI1|13|CHEFS|0|6
S|CHEFS|27370825|-80760822| |IF|0|0|0|0|0|280|3|21000|19000|0|0|0|0
S|MOOTS|27564722|-80844792| |TF|0|0|0|0|0|0|1|15000|0|0|0|0|0
S|MUNGI|27934722|-81038950| |TF|0|0|0|0|0|0|0|0|0|0|0|0|0
S|MUNGI|27934722|-81038950| |IF|0|0|0|0|0|0|0|0|0|0|0|0|0
S|BLOKD|28045647|-81085875| |TF|0|0|0|0|0|250|0|12000|0|1|0|0|0
S|BLOKD|28045647|-81085875|SGJ|FM|0|34500|11510|17950|0|0|0|0|0|0|0|0|0

P|MUNGI1|22|CHEFS|0|6
S|CHEFS|27370825|-80760822| |IF|0|0|0|0|0|280|3|21000|19000|0|0|0|0
S|MOOTS|27564722|-80844792| |TF|0|0|0|0|0|0|1|15000|0|0|0|0|0
S|MUNGI|27934722|-81038950| |TF|0|0|0|0|0|0|0|0|0|0|0|0|0
S|MUNGI|27934722|-81038950| |IF|0|0|0|0|0|0|0|0|0|0|0|0|0
S|BLOKD|28045647|-81085875| |TF|0|0|0|0|0|250|0|12000|0|1|0|0|0
S|BLOKD|28045647|-81085875|SGJ|FM|0|34500|11510|17950|0|0|0|0|0|0|0|0|0

P|MUNGI1|31|CHEFS|0|6
S|CHEFS|27370825|-80760822| |IF|0|0|0|0|0|280|3|21000|19000|0|0|0|0
S|MOOTS|27564722|-80844792| |TF|0|0|0|0|0|0|1|15000|0|0|0|0|0
S|MUNGI|27934722|-81038950| |TF|0|0|0|0|0|0|0|0|0|0|0|0|0
S|MUNGI|27934722|-81038950| |IF|0|0|0|0|0|0|0|0|0|0|0|0|0
S|BLOKD|28045647|-81085875| |TF|0|0|0|0|0|250|0|12000|0|1|0|0|0
S|BLOKD|28045647|-81085875|SGJ|FM|0|34500|11510|17950|0|0|0|0|0|0|0|0|0

P|MUNGI1|04|KUTNE|0|9
S|KUTNE|25728547|-80662211| |IF|0|0|0|0|0|0|0|0|0|0|0|0|0
S|CORNN|26621189|-80448864| |TF|0|0|0|0|0|0|0|0|0|0|0|0|0
S|BANDZ|27105367|-80649419| |TF|0|0|0|0|0|0|3|23000|21000|0|0|0|0
S|CHEFS|27370825|-80760822| |TF|0|0|0|0|0|280|3|21000|19000|0|0|0|0
S|MOOTS|27564722|-80844792| |TF|0|0|0|0|0|0|1|15000|0|0|0|0|0
S|MUNGI|27934722|-81038950| |TF|0|0|0|0|0|0|0|0|0|0|0|0|0
S|MUNGI|27934722|-81038950| |IF|0|0|0|0|0|0|0|0|0|0|0|0|0
S|BLOKD|28045647|-81085875| |TF|0|0|0|0|0|250|0|12000|0|1|0|0|0
S|BLOKD|28045647|-81085875|SGJ|FM|0|34500|11510|17950|0|0|0|0|0|0|0|0|0

P|MUNGI1|13|KUTNE|0|9
S|KUTNE|25728547|-80662211| |IF|0|0|0|0|0|0|0|0|0|0|0|0|0
S|CORNN|26621189|-80448864| |TF|0|0|0|0|0|0|0|0|0|0|0|0|0
S|BANDZ|27105367|-80649419| |TF|0|0|0|0|0|0|3|23000|21000|0|0|0|0
S|CHEFS|27370825|-80760822| |TF|0|0|0|0|0|280|3|21000|19000|0|0|0|0
S|MOOTS|27564722|-80844792| |TF|0|0|0|0|0|0|1|15000|0|0|0|0|0
S|MUNGI|27934722|-81038950| |TF|0|0|0|0|0|0|0|0|0|0|0|0|0
S|MUNGI|27934722|-81038950| |IF|0|0|0|0|0|0|0|0|0|0|0|0|0
S|BLOKD|28045647|-81085875| |TF|0|0|0|0|0|250|0|12000|0|1|0|0|0
S|BLOKD|28045647|-81085875|SGJ|FM|0|34500|11510|17950|0|0|0|0|0|0|0|0|0

P|MUNGI1|22|KUTNE|0|9
S|KUTNE|25728547|-80662211| |IF|0|0|0|0|0|0|0|0|0|0|0|0|0
S|CORNN|26621189|-80448864| |TF|0|0|0|0|0|0|0|0|0|0|0|0|0
S|BANDZ|27105367|-80649419| |TF|0|0|0|0|0|0|3|23000|21000|0|0|0|0
S|CHEFS|27370825|-80760822| |TF|0|0|0|0|0|280|3|21000|19000|0|0|0|0
S|MOOTS|27564722|-80844792| |TF|0|0|0|0|0|0|1|15000|0|0|0|0|0
S|MUNGI|27934722|-81038950| |TF|0|0|0|0|0|0|0|0|0|0|0|0|0
S|MUNGI|27934722|-81038950| |IF|0|0|0|0|0|0|0|0|0|0|0|0|0
S|BLOKD|28045647|-81085875| |TF|0|0|0|0|0|250|0|12000|0|1|0|0|0
S|BLOKD|28045647|-81085875|SGJ|FM|0|34500|11510|17950|0|0|0|0|0|0|0|0|0

P|MUNGI1|31|KUTNE|0|9
S|KUTNE|25728547|-80662211| |IF|0|0|0|0|0|0|0|0|0|0|0|0|0
S|CORNN|26621189|-80448864| |TF|0|0|0|0|0|0|0|0|0|0|0|0|0
S|BANDZ|27105367|-80649419| |TF|0|0|0|0|0|0|3|23000|21000|0|0|0|0
S|CHEFS|27370825|-80760822| |TF|0|0|0|0|0|280|3|21000|19000|0|0|0|0
S|MOOTS|27564722|-80844792| |TF|0|0|0|0|0|0|1|15000|0|0|0|0|0
S|MUNGI|27934722|-81038950| |TF|0|0|0|0|0|0|0|0|0|0|0|0|0
S|MUNGI|27934722|-81038950| |IF|0|0|0|0|0|0|0|0|0|0|0|0|0
S|BLOKD|28045647|-81085875| |TF|0|0|0|0|0|250|0|12000|0|1|0|0|0
S|BLOKD|28045647|-81085875|SGJ|FM|0|34500|11510|17950|0|0|0|0|0|0|0|0|0

P|MUNGI1|04|LAIZY|0|9
S|LAIZY|26422261|-79922211| |IF|0|0|0|0|0|0|0|0|0|0|0|0|0
S|CORNN|26621189|-80448864| |TF|0|0|0|0|0|0|0|0|0|0|0|0|0
S|BANDZ|27105367|-80649419| |TF|0|0|0|0|0|0|3|23000|21000|0|0|0|0
S|CHEFS|27370825|-80760822| |TF|0|0|0|0|0|280|3|21000|19000|0|0|0|0
S|MOOTS|27564722|-80844792| |TF|0|0|0|0|0|0|1|15000|0|0|0|0|0
S|MUNGI|27934722|-81038950| |TF|0|0|0|0|0|0|0|0|0|0|0|0|0
S|MUNGI|27934722|-81038950| |IF|0|0|0|0|0|0|0|0|0|0|0|0|0
S|BLOKD|28045647|-81085875| |TF|0|0|0|0|0|250|0|12000|0|1|0|0|0
S|BLOKD|28045647|-81085875|SGJ|FM|0|34500|11510|17950|0|0|0|0|0|0|0|0|0

P|MUNGI1|13|LAIZY|0|9
S|LAIZY|26422261|-79922211| |IF|0|0|0|0|0|0|0|0|0|0|0|0|0
S|CORNN|26621189|-80448864| |TF|0|0|0|0|0|0|0|0|0|0|0|0|0
S|BANDZ|27105367|-80649419| |TF|0|0|0|0|0|0|3|23000|21000|0|0|0|0
S|CHEFS|27370825|-80760822| |TF|0|0|0|0|0|280|3|21000|19000|0|0|0|0
S|MOOTS|27564722|-80844792| |TF|0|0|0|0|0|0|1|15000|0|0|0|0|0
S|MUNGI|27934722|-81038950| |TF|0|0|0|0|0|0|0|0|0|0|0|0|0
S|MUNGI|27934722|-81038950| |IF|0|0|0|0|0|0|0|0|0|0|0|0|0
S|BLOKD|28045647|-81085875| |TF|0|0|0|0|0|250|0|12000|0|1|0|0|0
S|BLOKD|28045647|-81085875|SGJ|FM|0|34500|11510|17950|0|0|0|0|0|0|0|0|0

P|MUNGI1|22|LAIZY|0|9
S|LAIZY|26422261|-79922211| |IF|0|0|0|0|0|0|0|0|0|0|0|0|0
S|CORNN|26621189|-80448864| |TF|0|0|0|0|0|0|0|0|0|0|0|0|0
S|BANDZ|27105367|-80649419| |TF|0|0|0|0|0|0|3|23000|21000|0|0|0|0
S|CHEFS|27370825|-80760822| |TF|0|0|0|0|0|280|3|21000|19000|0|0|0|0
S|MOOTS|27564722|-80844792| |TF|0|0|0|0|0|0|1|15000|0|0|0|0|0
S|MUNGI|27934722|-81038950| |TF|0|0|0|0|0|0|0|0|0|0|0|0|0
S|MUNGI|27934722|-81038950| |IF|0|0|0|0|0|0|0|0|0|0|0|0|0
S|BLOKD|28045647|-81085875| |TF|0|0|0|0|0|250|0|12000|0|1|0|0|0
S|BLOKD|28045647|-81085875|SGJ|FM|0|34500|11510|17950|0|0|0|0|0|0|0|0|0

P|MUNGI1|31|LAIZY|0|9
S|LAIZY|26422261|-79922211| |IF|0|0|0|0|0|0|0|0|0|0|0|0|0
S|CORNN|26621189|-80448864| |TF|0|0|0|0|0|0|0|0|0|0|0|0|0
S|BANDZ|27105367|-80649419| |TF|0|0|0|0|0|0|3|23000|21000|0|0|0|0
S|CHEFS|27370825|-80760822| |TF|0|0|0|0|0|280|3|21000|19000|0|0|0|0
S|MOOTS|27564722|-80844792| |TF|0|0|0|0|0|0|1|15000|0|0|0|0|0
S|MUNGI|27934722|-81038950| |TF|0|0|0|0|0|0|0|0|0|0|0|0|0
S|MUNGI|27934722|-81038950| |IF|0|0|0|0|0|0|0|0|0|0|0|0|0
S|BLOKD|28045647|-81085875| |TF|0|0|0|0|0|250|0|12000|0|1|0|0|0
S|BLOKD|28045647|-81085875|SGJ|FM|0|34500|11510|17950|0|0|0|0|0|0|0|0|0

P|MUNGI1|04|OCTAL|0|9
S|OCTAL|26150533|-80203222| |IF|0|0|0|0|0|0|2|30000|0|0|0|0|0
S|CORNN|26621189|-80448864| |TF|0|0|0|0|0|0|0|0|0|0|0|0|0
S|BANDZ|27105367|-80649419| |TF|0|0|0|0|0|0|3|23000|21000|0|0|0|0
S|CHEFS|27370825|-80760822| |TF|0|0|0|0|0|280|3|21000|19000|0|0|0|0
S|MOOTS|27564722|-80844792| |TF|0|0|0|0|0|0|1|15000|0|0|0|0|0
S|MUNGI|27934722|-81038950| |TF|0|0|0|0|0|0|0|0|0|0|0|0|0
S|MUNGI|27934722|-81038950| |IF|0|0|0|0|0|0|0|0|0|0|0|0|0
S|BLOKD|28045647|-81085875| |TF|0|0|0|0|0|250|0|12000|0|1|0|0|0
S|BLOKD|28045647|-81085875|SGJ|FM|0|34500|11510|17950|0|0|0|0|0|0|0|0|0

P|MUNGI1|13|OCTAL|0|9
S|OCTAL|26150533|-80203222| |IF|0|0|0|0|0|0|2|30000|0|0|0|0|0
S|CORNN|26621189|-80448864| |TF|0|0|0|0|0|0|0|0|0|0|0|0|0
S|BANDZ|27105367|-80649419| |TF|0|0|0|0|0|0|3|23000|21000|0|0|0|0
S|CHEFS|27370825|-80760822| |TF|0|0|0|0|0|280|3|21000|19000|0|0|0|0
S|MOOTS|27564722|-80844792| |TF|0|0|0|0|0|0|1|15000|0|0|0|0|0
S|MUNGI|27934722|-81038950| |TF|0|0|0|0|0|0|0|0|0|0|0|0|0
S|MUNGI|27934722|-81038950| |IF|0|0|0|0|0|0|0|0|0|0|0|0|0
S|BLOKD|28045647|-81085875| |TF|0|0|0|0|0|250|0|12000|0|1|0|0|0
S|BLOKD|28045647|-81085875|SGJ|FM|0|34500|11510|17950|0|0|0|0|0|0|0|0|0

P|MUNGI1|22|OCTAL|0|9
S|OCTAL|26150533|-80203222| |IF|0|0|0|0|0|0|2|30000|0|0|0|0|0
S|CORNN|26621189|-80448864| |TF|0|0|0|0|0|0|0|0|0|0|0|0|0
S|BANDZ|27105367|-80649419| |TF|0|0|0|0|0|0|3|23000|21000|0|0|0|0
S|CHEFS|27370825|-80760822| |TF|0|0|0|0|0|280|3|21000|19000|0|0|0|0
S|MOOTS|27564722|-80844792| |TF|0|0|0|0|0|0|1|15000|0|0|0|0|0
S|MUNGI|27934722|-81038950| |TF|0|0|0|0|0|0|0|0|0|0|0|0|0
S|MUNGI|27934722|-81038950| |IF|0|0|0|0|0|0|0|0|0|0|0|0|0
S|BLOKD|28045647|-81085875| |TF|0|0|0|0|0|250|0|12000|0|1|0|0|0
S|BLOKD|28045647|-81085875|SGJ|FM|0|34500|11510|17950|0|0|0|0|0|0|0|0|0

P|MUNGI1|31|OCTAL|0|9
S|OCTAL|26150533|-80203222| |IF|0|0|0|0|0|0|2|30000|0|0|0|0|0
S|CORNN|26621189|-80448864| |TF|0|0|0|0|0|0|0|0|0|0|0|0|0
S|BANDZ|27105367|-80649419| |TF|0|0|0|0|0|0|3|23000|21000|0|0|0|0
S|CHEFS|27370825|-80760822| |TF|0|0|0|0|0|280|3|21000|19000|0|0|0|0
S|MOOTS|27564722|-80844792| |TF|0|0|0|0|0|0|1|15000|0|0|0|0|0
S|MUNGI|27934722|-81038950| |TF|0|0|0|0|0|0|0|0|0|0|0|0|0
S|MUNGI|27934722|-81038950| |IF|0|0|0|0|0|0|0|0|0|0|0|0|0
S|BLOKD|28045647|-81085875| |TF|0|0|0|0|0|250|0|12000|0|1|0|0|0
S|BLOKD|28045647|-81085875|SGJ|FM|0|34500|11510|17950|0|0|0|0|0|0|0|0|0

P|MUNGI1|04|SPIFF|0|6
S|SPIFF|27814531|-80296608| |IF|0|0|0|0|0|0|0|0|0|0|0|0|0
S|ZALUP|27773375|-80771342| |TF|0|0|0|0|0|0|0|0|0|0|0|0|0
S|MUNGI|27934722|-81038950| |TF|0|0|0|0|0|0|0|0|0|0|0|0|0
S|MUNGI|27934722|-81038950| |IF|0|0|0|0|0|0|0|0|0|0|0|0|0
S|BLOKD|28045647|-81085875| |TF|0|0|0|0|0|250|0|12000|0|1|0|0|0
S|BLOKD|28045647|-81085875|SGJ|FM|0|34500|11510|17950|0|0|0|0|0|0|0|0|0

P|MUNGI1|13|SPIFF|0|6
S|SPIFF|27814531|-80296608| |IF|0|0|0|0|0|0|0|0|0|0|0|0|0
S|ZALUP|27773375|-80771342| |TF|0|0|0|0|0|0|0|0|0|0|0|0|0
S|MUNGI|27934722|-81038950| |TF|0|0|0|0|0|0|0|0|0|0|0|0|0
S|MUNGI|27934722|-81038950| |IF|0|0|0|0|0|0|0|0|0|0|0|0|0
S|BLOKD|28045647|-81085875| |TF|0|0|0|0|0|250|0|12000|0|1|0|0|0
S|BLOKD|28045647|-81085875|SGJ|FM|0|34500|11510|17950|0|0|0|0|0|0|0|0|0

P|MUNGI1|22|SPIFF|0|6
S|SPIFF|27814531|-80296608| |IF|0|0|0|0|0|0|0|0|0|0|0|0|0
S|ZALUP|27773375|-80771342| |TF|0|0|0|0|0|0|0|0|0|0|0|0|0
S|MUNGI|27934722|-81038950| |TF|0|0|0|0|0|0|0|0|0|0|0|0|0
S|MUNGI|27934722|-81038950| |IF|0|0|0|0|0|0|0|0|0|0|0|0|0
S|BLOKD|28045647|-81085875| |TF|0|0|0|0|0|250|0|12000|0|1|0|0|0
S|BLOKD|28045647|-81085875|SGJ|FM|0|34500|11510|17950|0|0|0|0|0|0|0|0|0

P|MUNGI1|31|SPIFF|0|6
S|SPIFF|27814531|-80296608| |IF|0|0|0|0|0|0|0|0|0|0|0|0|0
S|ZALUP|27773375|-80771342| |TF|0|0|0|0|0|0|0|0|0|0|0|0|0
S|MUNGI|27934722|-81038950| |TF|0|0|0|0|0|0|0|0|0|0|0|0|0
S|MUNGI|27934722|-81038950| |IF|0|0|0|0|0|0|0|0|0|0|0|0|0
S|BLOKD|28045647|-81085875| |TF|0|0|0|0|0|250|0|12000|0|1|0|0|0
S|BLOKD|28045647|-81085875|SGJ|FM|0|34500|11510|17950|0|0|0|0|0|0|0|0|0

P|MUNGI1|04|WAPOM|0|5
S|WAPOM|27321683|-80855983| |IF|0|0|0|0|0|0|0|0|0|0|0|0|0
S|MUNGI|27934722|-81038950| |TF|0|0|0|0|0|0|0|0|0|0|0|0|0
S|MUNGI|27934722|-81038950| |IF|0|0|0|0|0|0|0|0|0|0|0|0|0
S|BLOKD|28045647|-81085875| |TF|0|0|0|0|0|250|0|12000|0|1|0|0|0
S|BLOKD|28045647|-81085875|SGJ|FM|0|34500|11510|17950|0|0|0|0|0|0|0|0|0

P|MUNGI1|13|WAPOM|0|5
S|WAPOM|27321683|-80855983| |IF|0|0|0|0|0|0|0|0|0|0|0|0|0
S|MUNGI|27934722|-81038950| |TF|0|0|0|0|0|0|0|0|0|0|0|0|0
S|MUNGI|27934722|-81038950| |IF|0|0|0|0|0|0|0|0|0|0|0|0|0
S|BLOKD|28045647|-81085875| |TF|0|0|0|0|0|250|0|12000|0|1|0|0|0
S|BLOKD|28045647|-81085875|SGJ|FM|0|34500|11510|17950|0|0|0|0|0|0|0|0|0

P|MUNGI1|22|WAPOM|0|5
S|WAPOM|27321683|-80855983| |IF|0|0|0|0|0|0|0|0|0|0|0|0|0
S|MUNGI|27934722|-81038950| |TF|0|0|0|0|0|0|0|0|0|0|0|0|0
S|MUNGI|27934722|-81038950| |IF|0|0|0|0|0|0|0|0|0|0|0|0|0
S|BLOKD|28045647|-81085875| |TF|0|0|0|0|0|250|0|12000|0|1|0|0|0
S|BLOKD|28045647|-81085875|SGJ|FM|0|34500|11510|17950|0|0|0|0|0|0|0|0|0

P|MUNGI1|31|WAPOM|0|5
S|WAPOM|27321683|-80855983| |IF|0|0|0|0|0|0|0|0|0|0|0|0|0
S|MUNGI|27934722|-81038950| |TF|0|0|0|0|0|0|0|0|0|0|0|0|0
S|MUNGI|27934722|-81038950| |IF|0|0|0|0|0|0|0|0|0|0|0|0|0
S|BLOKD|28045647|-81085875| |TF|0|0|0|0|0|250|0|12000|0|1|0|0|0
S|BLOKD|28045647|-81085875|SGJ|FM|0|34500|11510|17950|0|0|0|0|0|0|0|0|0

P|PRICY5|04|BAYNE|0|7
S|BAYNE|28055622|-82928200| |IF|0|0|0|0|0|0|0|0|0|0|0|0|0
S|BULKS|27876700|-82410822| |TF|0|0|0|0|0|280|3|20000|19000|0|0|0|0
S|PRICY|28054656|-81966064| |TF|0|0|0|0|0|250|3|16000|13000|0|0|0|0
S|PRICY|28054656|-81966064| |IF|0|0|0|0|0|250|3|16000|13000|0|0|0|0
S|BOCCE|28088792|-81882147| |TF|0|0|0|0|0|0|0|0|0|0|0|0|0
S|OTKEE|28150169|-81799586| |TF|0|0|0|0|0|0|0|11000|0|1|0|0|0
S|OTKEE|28150169|-81799586|SGJ|FM|0|5600|11090|19900|0|0|0|0|0|0|0|0|0

P|PRICY5|13|BAYNE|0|7
S|BAYNE|28055622|-82928200| |IF|0|0|0|0|0|0|0|0|0|0|0|0|0
S|BULKS|27876700|-82410822| |TF|0|0|0|0|0|280|3|20000|19000|0|0|0|0
S|PRICY|28054656|-81966064| |TF|0|0|0|0|0|250|3|16000|13000|0|0|0|0
S|PRICY|28054656|-81966064| |IF|0|0|0|0|0|250|3|16000|13000|0|0|0|0
S|BOCCE|28088792|-81882147| |TF|0|0|0|0|0|0|0|0|0|0|0|0|0
S|OTKEE|28150169|-81799586| |TF|0|0|0|0|0|0|0|11000|0|1|0|0|0
S|OTKEE|28150169|-81799586|SGJ|FM|0|5600|11090|19900|0|0|0|0|0|0|0|0|0

P|PRICY5|22|BAYNE|0|7
S|BAYNE|28055622|-82928200| |IF|0|0|0|0|0|0|0|0|0|0|0|0|0
S|BULKS|27876700|-82410822| |TF|0|0|0|0|0|280|3|20000|19000|0|0|0|0
S|PRICY|28054656|-81966064| |TF|0|0|0|0|0|250|3|16000|13000|0|0|0|0
S|PRICY|28054656|-81966064| |IF|0|0|0|0|0|250|3|16000|13000|0|0|0|0
S|BOCCE|28088792|-81882147| |TF|0|0|0|0|0|0|0|0|0|0|0|0|0
S|OTKEE|28150169|-81799586| |TF|0|0|0|0|0|0|0|11000|0|1|0|0|0
S|OTKEE|28150169|-81799586|SGJ|FM|0|5600|11090|19900|0|0|0|0|0|0|0|0|0

P|PRICY5|31|BAYNE|0|7
S|BAYNE|28055622|-82928200| |IF|0|0|0|0|0|0|0|0|0|0|0|0|0
S|BULKS|27876700|-82410822| |TF|0|0|0|0|0|280|3|20000|19000|0|0|0|0
S|PRICY|28054656|-81966064| |TF|0|0|0|0|0|250|3|16000|13000|0|0|0|0
S|PRICY|28054656|-81966064| |IF|0|0|0|0|0|250|3|16000|13000|0|0|0|0
S|BOCCE|28088792|-81882147| |TF|0|0|0|0|0|0|0|0|0|0|0|0|0
S|OTKEE|28150169|-81799586| |TF|0|0|0|0|0|0|0|11000|0|1|0|0|0
S|OTKEE|28150169|-81799586|SGJ|FM|0|5600|11090|19900|0|0|0|0|0|0|0|0|0

P|PRICY5|04|BULKS|0|6
S|BULKS|27876700|-82410822| |IF|0|0|0|0|0|280|3|20000|19000|0|0|0|0
S|PRICY|28054656|-81966064| |TF|0|0|0|0|0|250|3|16000|13000|0|0|0|0
S|PRICY|28054656|-81966064| |IF|0|0|0|0|0|250|3|16000|13000|0|0|0|0
S|BOCCE|28088792|-81882147| |TF|0|0|0|0|0|0|0|0|0|0|0|0|0
S|OTKEE|28150169|-81799586| |TF|0|0|0|0|0|0|0|11000|0|1|0|0|0
S|OTKEE|28150169|-81799586|SGJ|FM|0|5600|11090|19900|0|0|0|0|0|0|0|0|0

P|PRICY5|13|BULKS|0|6
S|BULKS|27876700|-82410822| |IF|0|0|0|0|0|280|3|20000|19000|0|0|0|0
S|PRICY|28054656|-81966064| |TF|0|0|0|0|0|250|3|16000|13000|0|0|0|0
S|PRICY|28054656|-81966064| |IF|0|0|0|0|0|250|3|16000|13000|0|0|0|0
S|BOCCE|28088792|-81882147| |TF|0|0|0|0|0|0|0|0|0|0|0|0|0
S|OTKEE|28150169|-81799586| |TF|0|0|0|0|0|0|0|11000|0|1|0|0|0
S|OTKEE|28150169|-81799586|SGJ|FM|0|5600|11090|19900|0|0|0|0|0|0|0|0|0

P|PRICY5|22|BULKS|0|6
S|BULKS|27876700|-82410822| |IF|0|0|0|0|0|280|3|20000|19000|0|0|0|0
S|PRICY|28054656|-81966064| |TF|0|0|0|0|0|250|3|16000|13000|0|0|0|0
S|PRICY|28054656|-81966064| |IF|0|0|0|0|0|250|3|16000|13000|0|0|0|0
S|BOCCE|28088792|-81882147| |TF|0|0|0|0|0|0|0|0|0|0|0|0|0
S|OTKEE|28150169|-81799586| |TF|0|0|0|0|0|0|0|11000|0|1|0|0|0
S|OTKEE|28150169|-81799586|SGJ|FM|0|5600|11090|19900|0|0|0|0|0|0|0|0|0

P|PRICY5|31|BULKS|0|6
S|BULKS|27876700|-82410822| |IF|0|0|0|0|0|280|3|20000|19000|0|0|0|0
S|PRICY|28054656|-81966064| |TF|0|0|0|0|0|250|3|16000|13000|0|0|0|0
S|PRICY|28054656|-81966064| |IF|0|0|0|0|0|250|3|16000|13000|0|0|0|0
S|BOCCE|28088792|-81882147| |TF|0|0|0|0|0|0|0|0|0|0|0|0|0
S|OTKEE|28150169|-81799586| |TF|0|0|0|0|0|0|0|11000|0|1|0|0|0
S|OTKEE|28150169|-81799586|SGJ|FM|0|5600|11090|19900|0|0|0|0|0|0|0|0|0

P|PRICY5|04|CHIVE|0|8
S|CHIVE|27880317|-83264844| |IF|0|0|0|0|0|0|3|26000|24000|0|0|0|0
S|DECKS|27880592|-82672400| |TF|0|0|0|0|0|0|1|21000|0|0|0|0|0
S|BULKS|27876700|-82410822| |TF|0|0|0|0|0|280|3|20000|19000|0|0|0|0
S|PRICY|28054656|-81966064| |TF|0|0|0|0|0|250|3|16000|13000|0|0|0|0
S|PRICY|28054656|-81966064| |IF|0|0|0|0|0|250|3|16000|13000|0|0|0|0
S|BOCCE|28088792|-81882147| |TF|0|0|0|0|0|0|0|0|0|0|0|0|0
S|OTKEE|28150169|-81799586| |TF|0|0|0|0|0|0|0|11000|0|1|0|0|0
S|OTKEE|28150169|-81799586|SGJ|FM|0|5600|11090|19900|0|0|0|0|0|0|0|0|0

P|PRICY5|13|CHIVE|0|8
S|CHIVE|27880317|-83264844| |IF|0|0|0|0|0|0|3|26000|24000|0|0|0|0
S|DECKS|27880592|-82672400| |TF|0|0|0|0|0|0|1|21000|0|0|0|0|0
S|BULKS|27876700|-82410822| |TF|0|0|0|0|0|280|3|20000|19000|0|0|0|0
S|PRICY|28054656|-81966064| |TF|0|0|0|0|0|250|3|16000|13000|0|0|0|0
S|PRICY|28054656|-81966064| |IF|0|0|0|0|0|250|3|16000|13000|0|0|0|0
S|BOCCE|28088792|-81882147| |TF|0|0|0|0|0|0|0|0|0|0|0|0|0
S|OTKEE|28150169|-81799586| |TF|0|0|0|0|0|0|0|11000|0|1|0|0|0
S|OTKEE|28150169|-81799586|SGJ|FM|0|5600|11090|19900|0|0|0|0|0|0|0|0|0

P|PRICY5|22|CHIVE|0|8
S|CHIVE|27880317|-83264844| |IF|0|0|0|0|0|0|3|26000|24000|0|0|0|0
S|DECKS|27880592|-82672400| |TF|0|0|0|0|0|0|1|21000|0|0|0|0|0
S|BULKS|27876700|-82410822| |TF|0|0|0|0|0|280|3|20000|19000|0|0|0|0
S|PRICY|28054656|-81966064| |TF|0|0|0|0|0|250|3|16000|13000|0|0|0|0
S|PRICY|28054656|-81966064| |IF|0|0|0|0|0|250|3|16000|13000|0|0|0|0
S|BOCCE|28088792|-81882147| |TF|0|0|0|0|0|0|0|0|0|0|0|0|0
S|OTKEE|28150169|-81799586| |TF|0|0|0|0|0|0|0|11000|0|1|0|0|0
S|OTKEE|28150169|-81799586|SGJ|FM|0|5600|11090|19900|0|0|0|0|0|0|0|0|0

P|PRICY5|31|CHIVE|0|8
S|CHIVE|27880317|-83264844| |IF|0|0|0|0|0|0|3|26000|24000|0|0|0|0
S|DECKS|27880592|-82672400| |TF|0|0|0|0|0|0|1|21000|0|0|0|0|0
S|BULKS|27876700|-82410822| |TF|0|0|0|0|0|280|3|20000|19000|0|0|0|0
S|PRICY|28054656|-81966064| |TF|0|0|0|0|0|250|3|16000|13000|0|0|0|0
S|PRICY|28054656|-81966064| |IF|0|0|0|0|0|250|3|16000|13000|0|0|0|0
S|BOCCE|28088792|-81882147| |TF|0|0|0|0|0|0|0|0|0|0|0|0|0
S|OTKEE|28150169|-81799586| |TF|0|0|0|0|0|0|0|11000|0|1|0|0|0
S|OTKEE|28150169|-81799586|SGJ|FM|0|5600|11090|19900|0|0|0|0|0|0|0|0|0

P|PRICY5|04|CHRGE|0|10
S|CHRGE|27812356|-84832203| |IF|0|0|0|0|0|0|0|0|0|0|0|0|0
S|DAAWG|27854278|-83915422| |TF|0|0|0|0|0|0|0|0|0|0|0|0|0
S|CHIVE|27880317|-83264844| |TF|0|0|0|0|0|0|3|26000|24000|0|0|0|0
S|DECKS|27880592|-82672400| |TF|0|0|0|0|0|0|1|21000|0|0|0|0|0
S|BULKS|27876700|-82410822| |TF|0|0|0|0|0|280|3|20000|19000|0|0|0|0
S|PRICY|28054656|-81966064| |TF|0|0|0|0|0|250|3|16000|13000|0|0|0|0
S|PRICY|28054656|-81966064| |IF|0|0|0|0|0|250|3|16000|13000|0|0|0|0
S|BOCCE|28088792|-81882147| |TF|0|0|0|0|0|0|0|0|0|0|0|0|0
S|OTKEE|28150169|-81799586| |TF|0|0|0|0|0|0|0|11000|0|1|0|0|0
S|OTKEE|28150169|-81799586|SGJ|FM|0|5600|11090|19900|0|0|0|0|0|0|0|0|0

P|PRICY5|13|CHRGE|0|10
S|CHRGE|27812356|-84832203| |IF|0|0|0|0|0|0|0|0|0|0|0|0|0
S|DAAWG|27854278|-83915422| |TF|0|0|0|0|0|0|0|0|0|0|0|0|0
S|CHIVE|27880317|-83264844| |TF|0|0|0|0|0|0|3|26000|24000|0|0|0|0
S|DECKS|27880592|-82672400| |TF|0|0|0|0|0|0|1|21000|0|0|0|0|0
S|BULKS|27876700|-82410822| |TF|0|0|0|0|0|280|3|20000|19000|0|0|0|0
S|PRICY|28054656|-81966064| |TF|0|0|0|0|0|250|3|16000|13000|0|0|0|0
S|PRICY|28054656|-81966064| |IF|0|0|0|0|0|250|3|16000|13000|0|0|0|0
S|BOCCE|28088792|-81882147| |TF|0|0|0|0|0|0|0|0|0|0|0|0|0
S|OTKEE|28150169|-81799586| |TF|0|0|0|0|0|0|0|11000|0|1|0|0|0
S|OTKEE|28150169|-81799586|SGJ|FM|0|5600|11090|19900|0|0|0|0|0|0|0|0|0

P|PRICY5|22|CHRGE|0|10
S|CHRGE|27812356|-84832203| |IF|0|0|0|0|0|0|0|0|0|0|0|0|0
S|DAAWG|27854278|-83915422| |TF|0|0|0|0|0|0|0|0|0|0|0|0|0
S|CHIVE|27880317|-83264844| |TF|0|0|0|0|0|0|3|26000|24000|0|0|0|0
S|DECKS|27880592|-82672400| |TF|0|0|0|0|0|0|1|21000|0|0|0|0|0
S|BULKS|27876700|-82410822| |TF|0|0|0|0|0|280|3|20000|19000|0|0|0|0
S|PRICY|28054656|-81966064| |TF|0|0|0|0|0|250|3|16000|13000|0|0|0|0
S|PRICY|28054656|-81966064| |IF|0|0|0|0|0|250|3|16000|13000|0|0|0|0
S|BOCCE|28088792|-81882147| |TF|0|0|0|0|0|0|0|0|0|0|0|0|0
S|OTKEE|28150169|-81799586| |TF|0|0|0|0|0|0|0|11000|0|1|0|0|0
S|OTKEE|28150169|-81799586|SGJ|FM|0|5600|11090|19900|0|0|0|0|0|0|0|0|0

P|PRICY5|31|CHRGE|0|10
S|CHRGE|27812356|-84832203| |IF|0|0|0|0|0|0|0|0|0|0|0|0|0
S|DAAWG|27854278|-83915422| |TF|0|0|0|0|0|0|0|0|0|0|0|0|0
S|CHIVE|27880317|-83264844| |TF|0|0|0|0|0|0|3|26000|24000|0|0|0|0
S|DECKS|27880592|-82672400| |TF|0|0|0|0|0|0|1|21000|0|0|0|0|0
S|BULKS|27876700|-82410822| |TF|0|0|0|0|0|280|3|20000|19000|0|0|0|0
S|PRICY|28054656|-81966064| |TF|0|0|0|0|0|250|3|16000|13000|0|0|0|0
S|PRICY|28054656|-81966064| |IF|0|0|0|0|0|250|3|16000|13000|0|0|0|0
S|BOCCE|28088792|-81882147| |TF|0|0|0|0|0|0|0|0|0|0|0|0|0
S|OTKEE|28150169|-81799586| |TF|0|0|0|0|0|0|0|11000|0|1|0|0|0
S|OTKEE|28150169|-81799586|SGJ|FM|0|5600|11090|19900|0|0|0|0|0|0|0|0|0

P|PRICY5|04|CIGAR|0|10
S|CIGAR|27493503|-84783197| |IF|0|0|0|0|0|0|0|0|0|0|0|0|0
S|DAAWG|27854278|-83915422| |TF|0|0|0|0|0|0|0|0|0|0|0|0|0
S|CHIVE|27880317|-83264844| |TF|0|0|0|0|0|0|3|26000|24000|0|0|0|0
S|DECKS|27880592|-82672400| |TF|0|0|0|0|0|0|1|21000|0|0|0|0|0
S|BULKS|27876700|-82410822| |TF|0|0|0|0|0|280|3|20000|19000|0|0|0|0
S|PRICY|28054656|-81966064| |TF|0|0|0|0|0|250|3|16000|13000|0|0|0|0
S|PRICY|28054656|-81966064| |IF|0|0|0|0|0|250|3|16000|13000|0|0|0|0
S|BOCCE|28088792|-81882147| |TF|0|0|0|0|0|0|0|0|0|0|0|0|0
S|OTKEE|28150169|-81799586| |TF|0|0|0|0|0|0|0|11000|0|1|0|0|0
S|OTKEE|28150169|-81799586|SGJ|FM|0|5600|11090|19900|0|0|0|0|0|0|0|0|0

P|PRICY5|13|CIGAR|0|10
S|CIGAR|27493503|-84783197| |IF|0|0|0|0|0|0|0|0|0|0|0|0|0
S|DAAWG|27854278|-83915422| |TF|0|0|0|0|0|0|0|0|0|0|0|0|0
S|CHIVE|27880317|-83264844| |TF|0|0|0|0|0|0|3|26000|24000|0|0|0|0
S|DECKS|27880592|-82672400| |TF|0|0|0|0|0|0|1|21000|0|0|0|0|0
S|BULKS|27876700|-82410822| |TF|0|0|0|0|0|280|3|20000|19000|0|0|0|0
S|PRICY|28054656|-81966064| |TF|0|0|0|0|0|250|3|16000|13000|0|0|0|0
S|PRICY|28054656|-81966064| |IF|0|0|0|0|0|250|3|16000|13000|0|0|0|0
S|BOCCE|28088792|-81882147| |TF|0|0|0|0|0|0|0|0|0|0|0|0|0
S|OTKEE|28150169|-81799586| |TF|0|0|0|0|0|0|0|11000|0|1|0|0|0
S|OTKEE|28150169|-81799586|SGJ|FM|0|5600|11090|19900|0|0|0|0|0|0|0|0|0

P|PRICY5|22|CIGAR|0|10
S|CIGAR|27493503|-84783197| |IF|0|0|0|0|0|0|0|0|0|0|0|0|0
S|DAAWG|27854278|-83915422| |TF|0|0|0|0|0|0|0|0|0|0|0|0|0
S|CHIVE|27880317|-83264844| |TF|0|0|0|0|0|0|3|26000|24000|0|0|0|0
S|DECKS|27880592|-82672400| |TF|0|0|0|0|0|0|1|21000|0|0|0|0|0
S|BULKS|27876700|-82410822| |TF|0|0|0|0|0|280|3|20000|19000|0|0|0|0
S|PRICY|28054656|-81966064| |TF|0|0|0|0|0|250|3|16000|13000|0|0|0|0
S|PRICY|28054656|-81966064| |IF|0|0|0|0|0|250|3|16000|13000|0|0|0|0
S|BOCCE|28088792|-81882147| |TF|0|0|0|0|0|0|0|0|0|0|0|0|0
S|OTKEE|28150169|-81799586| |TF|0|0|0|0|0|0|0|11000|0|1|0|0|0
S|OTKEE|28150169|-81799586|SGJ|FM|0|5600|11090|19900|0|0|0|0|0|0|0|0|0

P|PRICY5|31|CIGAR|0|10
S|CIGAR|27493503|-84783197| |IF|0|0|0|0|0|0|0|0|0|0|0|0|0
S|DAAWG|27854278|-83915422| |TF|0|0|0|0|0|0|0|0|0|0|0|0|0
S|CHIVE|27880317|-83264844| |TF|0|0|0|0|0|0|3|26000|24000|0|0|0|0
S|DECKS|27880592|-82672400| |TF|0|0|0|0|0|0|1|21000|0|0|0|0|0
S|BULKS|27876700|-82410822| |TF|0|0|0|0|0|280|3|20000|19000|0|0|0|0
S|PRICY|28054656|-81966064| |TF|0|0|0|0|0|250|3|16000|13000|0|0|0|0
S|PRICY|28054656|-81966064| |IF|0|0|0|0|0|250|3|16000|13000|0|0|0|0
S|BOCCE|28088792|-81882147| |TF|0|0|0|0|0|0|0|0|0|0|0|0|0
S|OTKEE|28150169|-81799586| |TF|0|0|0|0|0|0|0|11000|0|1|0|0|0
S|OTKEE|28150169|-81799586|SGJ|FM|0|5600|11090|19900|0|0|0|0|0|0|0|0|0

P|PRICY5|04|DOZES|0|8
S|DOZES|27523842|-83230683| |IF|0|0|0|0|0|0|0|24000|0|0|0|0|0
S|QUAYL|27775997|-82646500| |TF|0|0|0|0|0|0|1|21000|0|0|0|0|0
S|BULKS|27876700|-82410822| |TF|0|0|0|0|0|280|3|20000|19000|0|0|0|0
S|PRICY|28054656|-81966064| |TF|0|0|0|0|0|250|3|16000|13000|0|0|0|0
S|PRICY|28054656|-81966064| |IF|0|0|0|0|0|250|3|16000|13000|0|0|0|0
S|BOCCE|28088792|-81882147| |TF|0|0|0|0|0|0|0|0|0|0|0|0|0
S|OTKEE|28150169|-81799586| |TF|0|0|0|0|0|0|0|11000|0|1|0|0|0
S|OTKEE|28150169|-81799586|SGJ|FM|0|5600|11090|19900|0|0|0|0|0|0|0|0|0

P|PRICY5|13|DOZES|0|8
S|DOZES|27523842|-83230683| |IF|0|0|0|0|0|0|0|24000|0|0|0|0|0
S|QUAYL|27775997|-82646500| |TF|0|0|0|0|0|0|1|21000|0|0|0|0|0
S|BULKS|27876700|-82410822| |TF|0|0|0|0|0|280|3|20000|19000|0|0|0|0
S|PRICY|28054656|-81966064| |TF|0|0|0|0|0|250|3|16000|13000|0|0|0|0
S|PRICY|28054656|-81966064| |IF|0|0|0|0|0|250|3|16000|13000|0|0|0|0
S|BOCCE|28088792|-81882147| |TF|0|0|0|0|0|0|0|0|0|0|0|0|0
S|OTKEE|28150169|-81799586| |TF|0|0|0|0|0|0|0|11000|0|1|0|0|0
S|OTKEE|28150169|-81799586|SGJ|FM|0|5600|11090|19900|0|0|0|0|0|0|0|0|0

P|PRICY5|22|DOZES|0|8
S|DOZES|27523842|-83230683| |IF|0|0|0|0|0|0|0|24000|0|0|0|0|0
S|QUAYL|27775997|-82646500| |TF|0|0|0|0|0|0|1|21000|0|0|0|0|0
S|BULKS|27876700|-82410822| |TF|0|0|0|0|0|280|3|20000|19000|0|0|0|0
S|PRICY|28054656|-81966064| |TF|0|0|0|0|0|250|3|16000|13000|0|0|0|0
S|PRICY|28054656|-81966064| |IF|0|0|0|0|0|250|3|16000|13000|0|0|0|0
S|BOCCE|28088792|-81882147| |TF|0|0|0|0|0|0|0|0|0|0|0|0|0
S|OTKEE|28150169|-81799586| |TF|0|0|0|0|0|0|0|11000|0|1|0|0|0
S|OTKEE|28150169|-81799586|SGJ|FM|0|5600|11090|19900|0|0|0|0|0|0|0|0|0

P|PRICY5|31|DOZES|0|8
S|DOZES|27523842|-83230683| |IF|0|0|0|0|0|0|0|24000|0|0|0|0|0
S|QUAYL|27775997|-82646500| |TF|0|0|0|0|0|0|1|21000|0|0|0|0|0
S|BULKS|27876700|-82410822| |TF|0|0|0|0|0|280|3|20000|19000|0|0|0|0
S|PRICY|28054656|-81966064| |TF|0|0|0|0|0|250|3|16000|13000|0|0|0|0
S|PRICY|28054656|-81966064| |IF|0|0|0|0|0|250|3|16000|13000|0|0|0|0
S|BOCCE|28088792|-81882147| |TF|0|0|0|0|0|0|0|0|0|0|0|0|0
S|OTKEE|28150169|-81799586| |TF|0|0|0|0|0|0|0|11000|0|1|0|0|0
S|OTKEE|28150169|-81799586|SGJ|FM|0|5600|11090|19900|0|0|0|0|0|0|0|0|0

P|SLOAO1|04|CCLUB|0|6
S|CCLUB|27216175|-79521311| |IF|0|0|0|0|0|0|0|0|0|0|0|0|0
S|MATLK|27826817|-80951186| |TF|0|0|0|0|0|0|0|0|0|0|0|0|0
S|SLOAO|27947881|-81114911| |TF|0|0|0|0|0|0|1|6000|0|0|0|0|0
S|SLOAO|27947881|-81114911| |IF|0|0|0|0|0|0|1|6000|0|0|0|0|0
S|DORMS|28096433|-81088378| |TF|0|0|0|0|0|0|0|0|0|1|0|0|0
S|DORMS|28096433|-81088378|SGJ|FM|0|1500|11210|17940|0|0|0|0|0|0|0|0|0

P|SLOAO1|13|CCLUB|0|6
S|CCLUB|27216175|-79521311| |IF|0|0|0|0|0|0|0|0|0|0|0|0|0
S|MATLK|27826817|-80951186| |TF|0|0|0|0|0|0|0|0|0|0|0|0|0
S|SLOAO|27947881|-81114911| |TF|0|0|0|0|0|0|1|6000|0|0|0|0|0
S|SLOAO|27947881|-81114911| |IF|0|0|0|0|0|0|1|6000|0|0|0|0|0
S|DORMS|28096433|-81088378| |TF|0|0|0|0|0|0|0|0|0|1|0|0|0
S|DORMS|28096433|-81088378|SGJ|FM|0|1500|11210|17940|0|0|0|0|0|0|0|0|0

P|SLOAO1|22|CCLUB|0|6
S|CCLUB|27216175|-79521311| |IF|0|0|0|0|0|0|0|0|0|0|0|0|0
S|MATLK|27826817|-80951186| |TF|0|0|0|0|0|0|0|0|0|0|0|0|0
S|SLOAO|27947881|-81114911| |TF|0|0|0|0|0|0|1|6000|0|0|0|0|0
S|SLOAO|27947881|-81114911| |IF|0|0|0|0|0|0|1|6000|0|0|0|0|0
S|DORMS|28096433|-81088378| |TF|0|0|0|0|0|0|0|0|0|1|0|0|0
S|DORMS|28096433|-81088378|SGJ|FM|0|1500|11210|17940|0|0|0|0|0|0|0|0|0

P|SLOAO1|31|CCLUB|0|6
S|CCLUB|27216175|-79521311| |IF|0|0|0|0|0|0|0|0|0|0|0|0|0
S|MATLK|27826817|-80951186| |TF|0|0|0|0|0|0|0|0|0|0|0|0|0
S|SLOAO|27947881|-81114911| |TF|0|0|0|0|0|0|1|6000|0|0|0|0|0
S|SLOAO|27947881|-81114911| |IF|0|0|0|0|0|0|1|6000|0|0|0|0|0
S|DORMS|28096433|-81088378| |TF|0|0|0|0|0|0|0|0|0|1|0|0|0
S|DORMS|28096433|-81088378|SGJ|FM|0|1500|11210|17940|0|0|0|0|0|0|0|0|0

P|SLOAO1|04|MATLK|0|5
S|MATLK|27826817|-80951186| |IF|0|0|0|0|0|0|0|0|0|0|0|0|0
S|SLOAO|27947881|-81114911| |TF|0|0|0|0|0|0|1|6000|0|0|0|0|0
S|SLOAO|27947881|-81114911| |IF|0|0|0|0|0|0|1|6000|0|0|0|0|0
S|DORMS|28096433|-81088378| |TF|0|0|0|0|0|0|0|0|0|1|0|0|0
S|DORMS|28096433|-81088378|SGJ|FM|0|1500|11210|17940|0|0|0|0|0|0|0|0|0

P|SLOAO1|13|MATLK|0|5
S|MATLK|27826817|-80951186| |IF|0|0|0|0|0|0|0|0|0|0|0|0|0
S|SLOAO|27947881|-81114911| |TF|0|0|0|0|0|0|1|6000|0|0|0|0|0
S|SLOAO|27947881|-81114911| |IF|0|0|0|0|0|0|1|6000|0|0|0|0|0
S|DORMS|28096433|-81088378| |TF|0|0|0|0|0|0|0|0|0|1|0|0|0
S|DORMS|28096433|-81088378|SGJ|FM|0|1500|11210|17940|0|0|0|0|0|0|0|0|0

P|SLOAO1|22|MATLK|0|5
S|MATLK|27826817|-80951186| |IF|0|0|0|0|0|0|0|0|0|0|0|0|0
S|SLOAO|27947881|-81114911| |TF|0|0|0|0|0|0|1|6000|0|0|0|0|0
S|SLOAO|27947881|-81114911| |IF|0|0|0|0|0|0|1|6000|0|0|0|0|0
S|DORMS|28096433|-81088378| |TF|0|0|0|0|0|0|0|0|0|1|0|0|0
S|DORMS|28096433|-81088378|SGJ|FM|0|1500|11210|17940|0|0|0|0|0|0|0|0|0

P|SLOAO1|31|MATLK|0|5
S|MATLK|27826817|-80951186| |IF|0|0|0|0|0|0|0|0|0|0|0|0|0
S|SLOAO|27947881|-81114911| |TF|0|0|0|0|0|0|1|6000|0|0|0|0|0
S|SLOAO|27947881|-81114911| |IF|0|0|0|0|0|0|1|6000|0|0|0|0|0
S|DORMS|28096433|-81088378| |TF|0|0|0|0|0|0|0|0|0|1|0|0|0
S|DORMS|28096433|-81088378|SGJ|FM|0|1500|11210|17940|0|0|0|0|0|0|0|0|0

P|TTHOR3|04|KYLEG|0|11
S|KYLEG|30826225|-81646089| |IF|0|0|0|0|0|0|0|0|0|0|0|0|0
S|JAGGZ|30273231|-81264303| |TF|0|0|0|0|0|0|1|24000|0|0|0|0|0
S|WEEEK|29921892|-81242714| |TF|0|0|0|0|0|0|1|16000|0|0|0|0|0
S|TTHOR|29664778|-81233342| |TF|0|0|0|0|0|0|0|12000|0|0|0|0|0
S|TTHOR|29664778|-81233342| |IF|0|0|0|0|0|0|0|12000|0|0|0|0|0
S|OWEDN|29369514|-81216967| |TF|0|0|0|0|0|250|3|11000|8000|0|0|0|0
S|THANO|29247944|-81211911| |TF|0|0|0|0|0|0|3|9000|7000|0|0|0|0
S|RAGNR|29119097|-81203206| |TF|0|0|0|0|0|0|2|7000|0|0|0|0|0
S|LOKII|29026200|-81202308| |TF|0|0|0|0|0|0|0|5000|0|0|0|0|0
S|MUNKZ|28919492|-81234636| |TF|0|0|0|0|0|210|0|5000|0|1|0|0|0
S|MUNKZ|28919492|-81234636|PIE|FM|0|20100|9770|5640|0|0|0|0|0|0|0|0|0

P|TTHOR3|13|KYLEG|0|11
S|KYLEG|30826225|-81646089| |IF|0|0|0|0|0|0|0|0|0|0|0|0|0
S|JAGGZ|30273231|-81264303| |TF|0|0|0|0|0|0|1|24000|0|0|0|0|0
S|WEEEK|29921892|-81242714| |TF|0|0|0|0|0|0|1|16000|0|0|0|0|0
S|TTHOR|29664778|-81233342| |TF|0|0|0|0|0|0|0|12000|0|0|0|0|0
S|TTHOR|29664778|-81233342| |IF|0|0|0|0|0|0|0|12000|0|0|0|0|0
S|OWEDN|29369514|-81216967| |TF|0|0|0|0|0|250|3|11000|8000|0|0|0|0
S|THANO|29247944|-81211911| |TF|0|0|0|0|0|0|3|9000|7000|0|0|0|0
S|RAGNR|29119097|-81203206| |TF|0|0|0|0|0|0|2|7000|0|0|0|0|0
S|LOKII|29026200|-81202308| |TF|0|0|0|0|0|0|0|5000|0|0|0|0|0
S|MUNKZ|28919492|-81234636| |TF|0|0|0|0|0|210|0|5000|0|1|0|0|0
S|MUNKZ|28919492|-81234636|PIE|FM|0|20100|9770|5640|0|0|0|0|0|0|0|0|0

P|TTHOR3|22|KYLEG|0|11
S|KYLEG|30826225|-81646089| |IF|0|0|0|0|0|0|0|0|0|0|0|0|0
S|JAGGZ|30273231|-81264303| |TF|0|0|0|0|0|0|1|24000|0|0|0|0|0
S|WEEEK|29921892|-81242714| |TF|0|0|0|0|0|0|1|16000|0|0|0|0|0
S|TTHOR|29664778|-81233342| |TF|0|0|0|0|0|0|0|12000|0|0|0|0|0
S|TTHOR|29664778|-81233342| |IF|0|0|0|0|0|0|0|12000|0|0|0|0|0
S|OWEDN|29369514|-81216967| |TF|0|0|0|0|0|250|3|11000|8000|0|0|0|0
S|THANO|29247944|-81211911| |TF|0|0|0|0|0|0|3|9000|7000|0|0|0|0
S|RAGNR|29119097|-81203206| |TF|0|0|0|0|0|0|2|7000|0|0|0|0|0
S|LOKII|29026200|-81202308| |TF|0|0|0|0|0|0|0|5000|0|0|0|0|0
S|MUNKZ|28919492|-81234636| |TF|0|0|0|0|0|210|0|5000|0|1|0|0|0
S|MUNKZ|28919492|-81234636|PIE|FM|0|20100|9770|5640|0|0|0|0|0|0|0|0|0

P|TTHOR3|31|KYLEG|0|11
S|KYLEG|30826225|-81646089| |IF|0|0|0|0|0|0|0|0|0|0|0|0|0
S|JAGGZ|30273231|-81264303| |TF|0|0|0|0|0|0|1|24000|0|0|0|0|0
S|WEEEK|29921892|-81242714| |TF|0|0|0|0|0|0|1|16000|0|0|0|0|0
S|TTHOR|29664778|-81233342| |TF|0|0|0|0|0|0|0|12000|0|0|0|0|0
S|TTHOR|29664778|-81233342| |IF|0|0|0|0|0|0|0|12000|0|0|0|0|0
S|OWEDN|29369514|-81216967| |TF|0|0|0|0|0|250|3|11000|8000|0|0|0|0
S|THANO|29247944|-81211911| |TF|0|0|0|0|0|0|3|9000|7000|0|0|0|0
S|RAGNR|29119097|-81203206| |TF|0|0|0|0|0|0|2|7000|0|0|0|0|0
S|LOKII|29026200|-81202308| |TF|0|0|0|0|0|0|0|5000|0|0|0|0|0
S|MUNKZ|28919492|-81234636| |TF|0|0|0|0|0|210|0|5000|0|1|0|0|0
S|MUNKZ|28919492|-81234636|PIE|FM|0|20100|9770|5640|0|0|0|0|0|0|0|0|0

P|TTHOR3|04|LPERD|0|11
S|LPERD|30602550|-81281156| |IF|0|0|0|0|0|0|0|0|0|0|0|0|0
S|JAGGZ|30273231|-81264303| |TF|0|0|0|0|0|0|1|24000|0|0|0|0|0
S|WEEEK|29921892|-81242714| |TF|0|0|0|0|0|0|1|16000|0|0|0|0|0
S|TTHOR|29664778|-81233342| |TF|0|0|0|0|0|0|0|12000|0|0|0|0|0
S|TTHOR|29664778|-81233342| |IF|0|0|0|0|0|0|0|12000|0|0|0|0|0
S|OWEDN|29369514|-81216967| |TF|0|0|0|0|0|250|3|11000|8000|0|0|0|0
S|THANO|29247944|-81211911| |TF|0|0|0|0|0|0|3|9000|7000|0|0|0|0
S|RAGNR|29119097|-81203206| |TF|0|0|0|0|0|0|2|7000|0|0|0|0|0
S|LOKII|29026200|-81202308| |TF|0|0|0|0|0|0|0|5000|0|0|0|0|0
S|MUNKZ|28919492|-81234636| |TF|0|0|0|0|0|210|0|5000|0|1|0|0|0
S|MUNKZ|28919492|-81234636|PIE|FM|0|20100|9770|5640|0|0|0|0|0|0|0|0|0

P|TTHOR3|13|LPERD|0|11
S|LPERD|30602550|-81281156| |IF|0|0|0|0|0|0|0|0|0|0|0|0|0
S|JAGGZ|30273231|-81264303| |TF|0|0|0|0|0|0|1|24000|0|0|0|0|0
S|WEEEK|29921892|-81242714| |TF|0|0|0|0|0|0|1|16000|0|0|0|0|0
S|TTHOR|29664778|-81233342| |TF|0|0|0|0|0|0|0|12000|0|0|0|0|0
S|TTHOR|29664778|-81233342| |IF|0|0|0|0|0|0|0|12000|0|0|0|0|0
S|OWEDN|29369514|-81216967| |TF|0|0|0|0|0|250|3|11000|8000|0|0|0|0
S|THANO|29247944|-81211911| |TF|0|0|0|0|0|0|3|9000|7000|0|0|0|0
S|RAGNR|29119097|-81203206| |TF|0|0|0|0|0|0|2|7000|0|0|0|0|0
S|LOKII|29026200|-81202308| |TF|0|0|0|0|0|0|0|5000|0|0|0|0|0
S|MUNKZ|28919492|-81234636| |TF|0|0|0|0|0|210|0|5000|0|1|0|0|0
S|MUNKZ|28919492|-81234636|PIE|FM|0|20100|9770|5640|0|0|0|0|0|0|0|0|0

P|TTHOR3|22|LPERD|0|11
S|LPERD|30602550|-81281156| |IF|0|0|0|0|0|0|0|0|0|0|0|0|0
S|JAGGZ|30273231|-81264303| |TF|0|0|0|0|0|0|1|24000|0|0|0|0|0
S|WEEEK|29921892|-81242714| |TF|0|0|0|0|0|0|1|16000|0|0|0|0|0
S|TTHOR|29664778|-81233342| |TF|0|0|0|0|0|0|0|12000|0|0|0|0|0
S|TTHOR|29664778|-81233342| |IF|0|0|0|0|0|0|0|12000|0|0|0|0|0
S|OWEDN|29369514|-81216967| |TF|0|0|0|0|0|250|3|11000|8000|0|0|0|0
S|THANO|29247944|-81211911| |TF|0|0|0|0|0|0|3|9000|7000|0|0|0|0
S|RAGNR|29119097|-81203206| |TF|0|0|0|0|0|0|2|7000|0|0|0|0|0
S|LOKII|29026200|-81202308| |TF|0|0|0|0|0|0|0|5000|0|0|0|0|0
S|MUNKZ|28919492|-81234636| |TF|0|0|0|0|0|210|0|5000|0|1|0|0|0
S|MUNKZ|28919492|-81234636|PIE|FM|0|20100|9770|5640|0|0|0|0|0|0|0|0|0

P|TTHOR3|31|LPERD|0|11
S|LPERD|30602550|-81281156| |IF|0|0|0|0|0|0|0|0|0|0|0|0|0
S|JAGGZ|30273231|-81264303| |TF|0|0|0|0|0|0|1|24000|0|0|0|0|0
S|WEEEK|29921892|-81242714| |TF|0|0|0|0|0|0|1|16000|0|0|0|0|0
S|TTHOR|29664778|-81233342| |TF|0|0|0|0|0|0|0|12000|0|0|0|0|0
S|TTHOR|29664778|-81233342| |IF|0|0|0|0|0|0|0|12000|0|0|0|0|0
S|OWEDN|29369514|-81216967| |TF|0|0|0|0|0|250|3|11000|8000|0|0|0|0
S|THANO|29247944|-81211911| |TF|0|0|0|0|0|0|3|9000|7000|0|0|0|0
S|RAGNR|29119097|-81203206| |TF|0|0|0|0|0|0|2|7000|0|0|0|0|0
S|LOKII|29026200|-81202308| |TF|0|0|0|0|0|0|0|5000|0|0|0|0|0
S|MUNKZ|28919492|-81234636| |TF|0|0|0|0|0|210|0|5000|0|1|0|0|0
S|MUNKZ|28919492|-81234636|PIE|FM|0|20100|9770|5640|0|0|0|0|0|0|0|0|0

