P|AGUDE6|ALL|BAE|0|10
S|BAE|43116853|-88284344| |IF|0|0|0|0|0|0|0|0|0|0|0|0|0
S|BEERI|43769167|-89413950| |TF|0|0|0|0|0|0|0|0|0|0|0|0|0
S|ROBBY|44075781|-89960447| |TF|0|0|0|0|0|0|0|0|0|0|0|0|0
S|EAU|44897669|-91478536| |TF|0|0|0|0|0|0|0|0|0|0|0|0|0
S|AGUDE|45129356|-92391942| |TF|0|0|0|0|0|0|0|0|0|0|0|0|0
S|AGUDE|45129356|-92391942| |IF|0|0|0|0|0|0|0|0|0|0|0|0|0
S|STILS|45134394|-92644783| |TF|0|0|0|0|0|0|0|0|0|0|0|0|0
S|WHISK|45139881|-92962144| |TF|0|0|0|0|0|0|0|0|0|0|0|0|0
S|GEP|45145686|-93373181| |TF|0|0|0|0|0|0|0|0|0|1|0|0|0
S|GEP|45145686|-93373181|GEP|FM|0|26500|0|0|0|0|0|0|0|0|0|0|0

P|AGUDE6|ALL|THATS|0|7
S|THATS|45106394|-91472689| |IF|0|0|0|0|0|0|0|0|0|0|0|0|0
S|AGUDE|45129356|-92391942| |TF|0|0|0|0|0|0|0|0|0|0|0|0|0
S|AGUDE|45129356|-92391942| |IF|0|0|0|0|0|0|0|0|0|0|0|0|0
S|STILS|45134394|-92644783| |TF|0|0|0|0|0|0|0|0|0|0|0|0|0
S|WHISK|45139881|-92962144| |TF|0|0|0|0|0|0|0|0|0|0|0|0|0
S|GEP|45145686|-93373181| |TF|0|0|0|0|0|0|0|0|0|1|0|0|0
S|GEP|45145686|-93373181|GEP|FM|0|26500|0|0|0|0|0|0|0|0|0|0|0

P|ENCEE3|06L|FSD|0|12
S|FSD|43649492|-96781125| |IF|0|0|0|0|0|0|0|0|0|0|0|0|0
S|RAZMU|44234100|-95948108| |TF|0|0|0|0|0|0|0|0|0|0|0|0|0
S|ENCEE|44586719|-95433303| |TF|0|0|0|0|0|0|0|0|0|0|0|0|0
S|ENCEE|44586719|-95433303| |IF|0|0|0|0|0|0|0|0|0|0|0|0|0
S|WOOOD|44691336|-94938194| |TF|0|0|0|0|0|0|0|0|0|0|0|0|0
S|CASNS|44771425|-94550861| |TF|0|0|0|0|0|0|0|0|0|0|0|0|0
S|MLHOF|44822947|-94297681| |TF|0|0|0|0|0|0|0|0|0|0|0|0|0
S|RIXIE|44854767|-94139464| |TF|0|0|0|0|0|0|0|0|0|0|0|0|0
S|MAYER|44917992|-93974744| |TF|0|0|0|0|0|0|0|0|0|0|0|0|0
S|FUDGE|45067575|-93581058| |TF|0|0|0|0|0|0|0|0|0|0|0|0|0
S|GEP|45145686|-93373181| |TF|0|0|0|0|0|0|0|0|0|1|0|0|0
S|KMIC|45062469|-93353967| |VM|0|6000|0|0|0|0|0|0|0|0|0|0|0

P|ENCEE3|14|FSD|0|12
S|FSD|43649492|-96781125| |IF|0|0|0|0|0|0|0|0|0|0|0|0|0
S|RAZMU|44234100|-95948108| |TF|0|0|0|0|0|0|0|0|0|0|0|0|0
S|ENCEE|44586719|-95433303| |TF|0|0|0|0|0|0|0|0|0|0|0|0|0
S|ENCEE|44586719|-95433303| |IF|0|0|0|0|0|0|0|0|0|0|0|0|0
S|WOOOD|44691336|-94938194| |TF|0|0|0|0|0|0|0|0|0|0|0|0|0
S|CASNS|44771425|-94550861| |TF|0|0|0|0|0|0|0|0|0|0|0|0|0
S|MLHOF|44822947|-94297681| |TF|0|0|0|0|0|0|0|0|0|0|0|0|0
S|RIXIE|44854767|-94139464| |TF|0|0|0|0|0|0|0|0|0|0|0|0|0
S|MAYER|44917992|-93974744| |TF|0|0|0|0|0|0|0|0|0|0|0|0|0
S|FUDGE|45067575|-93581058| |TF|0|0|0|0|0|0|0|0|0|0|0|0|0
S|GEP|45145686|-93373181| |TF|0|0|0|0|0|0|0|0|0|1|0|0|0
S|KMIC|45062469|-93353967| |VM|0|6000|0|0|0|0|0|0|0|0|0|0|0

P|ENCEE3|24R|FSD|0|12
S|FSD|43649492|-96781125| |IF|0|0|0|0|0|0|0|0|0|0|0|0|0
S|RAZMU|44234100|-95948108| |TF|0|0|0|0|0|0|0|0|0|0|0|0|0
S|ENCEE|44586719|-95433303| |TF|0|0|0|0|0|0|0|0|0|0|0|0|0
S|ENCEE|44586719|-95433303| |IF|0|0|0|0|0|0|0|0|0|0|0|0|0
S|WOOOD|44691336|-94938194| |TF|0|0|0|0|0|0|0|0|0|0|0|0|0
S|CASNS|44771425|-94550861| |TF|0|0|0|0|0|0|0|0|0|0|0|0|0
S|MLHOF|44822947|-94297681| |TF|0|0|0|0|0|0|0|0|0|0|0|0|0
S|RIXIE|44854767|-94139464| |TF|0|0|0|0|0|0|0|0|0|0|0|0|0
S|MAYER|44917992|-93974744| |TF|0|0|0|0|0|0|0|0|0|0|0|0|0
S|FUDGE|45067575|-93581058| |TF|0|0|0|0|0|0|0|0|0|0|0|0|0
S|GEP|45145686|-93373181| |TF|0|0|0|0|0|0|0|0|0|1|0|0|0
S|KMIC|45062469|-93353967| |VM|0|6000|0|0|0|0|0|0|0|0|0|0|0

P|ENCEE3|32|FSD|0|12
S|FSD|43649492|-96781125| |IF|0|0|0|0|0|0|0|0|0|0|0|0|0
S|RAZMU|44234100|-95948108| |TF|0|0|0|0|0|0|0|0|0|0|0|0|0
S|ENCEE|44586719|-95433303| |TF|0|0|0|0|0|0|0|0|0|0|0|0|0
S|ENCEE|44586719|-95433303| |IF|0|0|0|0|0|0|0|0|0|0|0|0|0
S|WOOOD|44691336|-94938194| |TF|0|0|0|0|0|0|0|0|0|0|0|0|0
S|CASNS|44771425|-94550861| |TF|0|0|0|0|0|0|0|0|0|0|0|0|0
S|MLHOF|44822947|-94297681| |TF|0|0|0|0|0|0|0|0|0|0|0|0|0
S|RIXIE|44854767|-94139464| |TF|0|0|0|0|0|0|0|0|0|0|0|0|0
S|MAYER|44917992|-93974744| |TF|0|0|0|0|0|0|0|0|0|0|0|0|0
S|FUDGE|45067575|-93581058| |TF|0|0|0|0|0|0|0|0|0|0|0|0|0
S|GEP|45145686|-93373181| |TF|0|0|0|0|0|0|0|0|0|1|0|0|0
S|KMIC|45062469|-93353967| |VM|0|6000|0|0|0|0|0|0|0|0|0|0|0

P|GEP1|ALL|AXN|0|7
S|AXN|45958389|-95232636| |IF|0|0|0|0|0|0|0|0|0|0|0|0|0
S|GOLLF|45753636|-93699503| |TF|0|0|0|0|0|0|0|0|0|0|0|0|0
S|GOLLF|45753636|-93699503| |IF|0|0|0|0|0|0|0|0|0|0|0|0|0
S|OLLEE|45535525|-93581525| |TF|0|0|0|0|0|0|0|0|0|0|0|0|0
S|SAUGR|45348458|-93481169| |TF|0|0|0|0|0|0|0|0|0|0|0|0|0
S|GEP|45145686|-93373181| |TF|0|0|0|0|0|0|0|0|0|0|0|0|0
S|VYKES|45036667|-93314167| |TF|0|0|0|0|0|0|0|0|0|1|0|0|0

P|GEP1|ALL|FAR|0|8
S|FAR|46753336|-96851319| |IF|0|0|0|0|0|0|0|0|0|0|0|0|0
S|WENNR|46244497|-95198681| |TF|0|0|0|0|0|0|0|0|0|0|0|0|0
S|GOLLF|45753636|-93699503| |TF|0|0|0|0|0|0|0|0|0|0|0|0|0
S|GOLLF|45753636|-93699503| |IF|0|0|0|0|0|0|0|0|0|0|0|0|0
S|OLLEE|45535525|-93581525| |TF|0|0|0|0|0|0|0|0|0|0|0|0|0
S|SAUGR|45348458|-93481169| |TF|0|0|0|0|0|0|0|0|0|0|0|0|0
S|GEP|45145686|-93373181| |TF|0|0|0|0|0|0|0|0|0|0|0|0|0
S|VYKES|45036667|-93314167| |TF|0|0|0|0|0|0|0|0|0|1|0|0|0

P|TWOLF4|ALL|ALOCK|0|8
S|ALOCK|42590086|-93428731| |IF|0|0|0|0|0|0|0|0|0|0|0|0|0
S|MCW|43094758|-93329872| |TF|0|0|0|0|0|0|0|0|0|0|0|0|0
S|TWOLF|43316628|-93548331| |TF|0|0|0|0|0|0|0|0|0|0|0|0|0
S|TWOLF|43316628|-93548331| |IF|0|0|0|0|0|0|0|0|0|0|0|0|0
S|KGEEE|43749036|-93507914| |TF|0|0|0|0|0|0|0|0|0|0|0|0|0
S|LYNKS|44114875|-93473247| |TF|0|0|0|0|0|0|0|0|0|0|0|0|0
S|TRGET|44231272|-93462125| |TF|0|0|0|0|0|0|3|8000|7000|0|0|0|0
S|KEWTY|44646936|-93422036| |TF|0|0|0|0|0|0|0|5000|0|0|0|0|0

