P|ALCRN1|ALL|ALLMA|0|5
S|ALLMA|31536428|-82507964| |IF|0|0|0|0|0|0|2|23000|0|0|0|0|0
S|ALCRN|30986925|-82235842| |TF|0|0|0|0|0|0|3|14000|12000|0|0|0|0
S|ALCRN|30986925|-82235842| |IF|0|0|0|0|0|0|3|14000|12000|0|0|0|0
S|SNKEM|30568400|-81754194| |TF|0|0|0|0|0|0|1|4000|0|1|0|0|0
S|SNKEM|30568400|-81754194|SGJ|FM|0|14100|4270|33510|0|0|0|0|0|0|0|0|0

P|HOTAR1|ALL|BASLE|0|7
S|BASLE|32162044|-80763481| |IF|0|0|0|0|0|0|0|0|0|0|0|0|0
S|WYTOK|31207081|-81050558| |TF|0|0|0|0|0|0|0|0|0|0|0|0|0
S|JABOR|30814439|-81093647| |TF|0|0|0|0|0|0|0|0|0|0|0|0|0
S|JABOR|30814439|-81093647| |IF|0|0|0|0|0|0|0|0|0|0|0|0|0
S|HOTAR|30639811|-81112697| |TF|0|0|0|0|0|0|0|0|0|0|0|0|0
S|LESVE|30563600|-81152219| |TF|0|0|0|0|0|0|0|0|0|1|0|0|0
S|KNRB|30391375|-81424522| |VM|0|21300|0|0|0|0|0|0|0|0|0|0|0

P|MARQO3|ALL|ZOOSS|0|9
S|ZOOSS|30535178|-83517050| |IF|0|0|0|0|0|0|0|24000|0|0|0|0|0
S|WALOP|30522778|-83108333| |TF|0|0|0|0|0|0|0|0|0|0|0|0|0
S|CAMJO|30508889|-82686389| |TF|0|0|0|0|0|0|0|0|0|0|0|0|0
S|MARQO|30514881|-82546006| |TF|0|0|0|0|0|0|0|0|0|0|0|0|0
S|MARQO|30514881|-82546006| |IF|0|0|0|0|0|0|0|0|0|0|0|0|0
S|COROE|30522858|-82353269| |TF|0|0|0|0|0|0|2|11000|0|0|0|0|0
S|GWIIZ|30564194|-81870194| |TF|0|0|0|0|0|0|0|0|0|0|0|0|0
S|EGAGE|30578550|-81697233| |TF|0|0|0|0|0|210|0|4000|0|1|0|0|0
S|EGAGE|30578550|-81697233|SGJ|FM|0|7700|4180|33900|0|0|0|0|0|0|0|0|0

P|POGIE2|ALL|ORL|0|7
S|ORL|28542722|-81335014| |IF|0|0|0|0|0|0|0|0|0|0|0|0|0
S|CROPY|28792419|-81359828| |TF|0|0|0|0|0|0|0|0|0|0|0|0|0
S|SHINR|29588706|-81439731| |TF|0|0|0|0|0|0|0|0|0|0|0|0|0
S|BASSS|29680611|-81545633| |TF|0|0|0|0|0|0|0|0|0|0|0|0|0
S|POGIE|29769731|-81648594| |TF|0|0|0|0|0|0|0|0|0|0|0|0|0
S|MOSEL|30175444|-81549922| |TF|0|0|0|0|0|0|0|0|0|0|0|0|0
S|CRG|30338881|-81509928| |TF|0|0|0|0|0|0|0|0|0|0|0|0|0

P|QUBEN2|ALL|HAINY|0|8
S|HAINY|28984722|-81364167| |IF|0|0|0|0|0|0|1|24000|0|0|0|0|0
S|MISCL|29274167|-81383889| |TF|0|0|0|0|0|0|0|0|0|0|0|0|0
S|MEAAT|29558889|-81403056| |TF|0|0|0|0|0|0|0|0|0|0|0|0|0
S|BASSS|29680611|-81545633| |TF|0|0|0|0|0|0|0|0|0|0|0|0|0
S|POGIE|29769731|-81648594| |TF|0|0|0|0|0|0|0|13000|0|0|0|0|0
S|POGIE|29769731|-81648594| |IF|0|0|0|0|0|0|0|13000|0|0|0|0|0
S|QUBEN|29936289|-81663611| |TF|0|0|0|0|0|0|0|0|0|1|0|0|0
S|QUBEN|29936289|-81663611|SGJ|FM|0|36000|1740|27210|0|0|0|0|0|0|0|0|0

P|QUBEN2|ALL|MEAAT|0|6
S|MEAAT|29558889|-81403056| |IF|0|0|0|0|0|0|0|0|0|0|0|0|0
S|BASSS|29680611|-81545633| |TF|0|0|0|0|0|0|0|0|0|0|0|0|0
S|POGIE|29769731|-81648594| |TF|0|0|0|0|0|0|0|13000|0|0|0|0|0
S|POGIE|29769731|-81648594| |IF|0|0|0|0|0|0|0|13000|0|0|0|0|0
S|QUBEN|29936289|-81663611| |TF|0|0|0|0|0|0|0|0|0|1|0|0|0
S|QUBEN|29936289|-81663611|SGJ|FM|0|36000|1740|27210|0|0|0|0|0|0|0|0|0

P|TEBOW2|ALL|HILIS|0|6
S|HILIS|29676483|-82279819| |IF|0|0|0|0|0|0|0|0|0|0|0|0|0
S|FABES|29853111|-82202314| |TF|0|0|0|0|0|0|0|0|0|0|0|0|0
S|MCFIE|29992189|-82129953| |TF|0|0|0|0|0|0|0|12000|0|0|0|0|0
S|MCFIE|29992189|-82129953| |IF|0|0|0|0|0|0|0|12000|0|0|0|0|0
S|TEBOW|30096092|-82075750| |TF|0|0|0|0|0|0|0|0|0|1|0|0|0
S|TEBOW|30096092|-82075750|SGJ|FM|0|4600|3970|28830|0|0|0|0|0|0|0|0|0

