P|CLOWD1|ALL|BLH|0|6
S|BLH|33596064|-114761272| |IF|0|0|0|0|0|0|0|0|0|0|0|0|0
S|DECAS|33823592|-115456611| |TF|0|0|0|0|0|0|0|0|0|0|0|0|0
S|UBABE|33915453|-115741906| |TF|0|0|0|0|0|0|0|0|0|0|0|0|0
S|CLOWD|33902803|-115939406| |TF|0|0|0|0|0|0|0|0|0|0|0|0|0
S|CLOWD|33902803|-115939406| |IF|0|0|0|0|0|0|0|0|0|0|0|0|0
S|TRM|33628097|-116160194| |TF|0|0|0|0|0|0|0|0|0|0|0|0|0

P|CLOWD1|ALL|DECAS|0|5
S|DECAS|33823592|-115456611| |IF|0|0|0|0|0|0|0|0|0|0|0|0|0
S|UBABE|33915453|-115741906| |TF|0|0|0|0|0|0|0|0|0|0|0|0|0
S|CLOWD|33902803|-115939406| |TF|0|0|0|0|0|0|0|0|0|0|0|0|0
S|CLOWD|33902803|-115939406| |IF|0|0|0|0|0|0|0|0|0|0|0|0|0
S|TRM|33628097|-116160194| |TF|0|0|0|0|0|0|0|0|0|0|0|0|0

P|CLOWD1|ALL|EED|0|5
S|EED|34766003|-114474103| |IF|0|0|0|0|0|0|0|0|0|0|0|0|0
S|UBABE|33915453|-115741906| |TF|0|0|0|0|0|0|0|0|0|0|0|0|0
S|CLOWD|33902803|-115939406| |TF|0|0|0|0|0|0|0|0|0|0|0|0|0
S|CLOWD|33902803|-115939406| |IF|0|0|0|0|0|0|0|0|0|0|0|0|0
S|TRM|33628097|-116160194| |TF|0|0|0|0|0|0|0|0|0|0|0|0|0

P|CLOWD1|ALL|GFS|0|7
S|GFS|35131144|-115176442| |IF|0|0|0|0|0|0|0|0|0|0|0|0|0
S|ZELMA|34783331|-115329864| |TF|0|0|0|0|0|0|0|0|0|0|0|0|0
S|JOTNU|34325864|-115529525| |TF|0|0|0|0|0|0|0|0|0|0|0|0|0
S|TNP|34112233|-115769906| |TF|0|0|0|0|0|0|0|0|0|0|0|0|0
S|CLOWD|33902803|-115939406| |TF|0|0|0|0|0|0|0|0|0|0|0|0|0
S|CLOWD|33902803|-115939406| |IF|0|0|0|0|0|0|0|0|0|0|0|0|0
S|TRM|33628097|-116160194| |TF|0|0|0|0|0|0|0|0|0|0|0|0|0

P|RDBUL1|13L|CURIV|0|7
S|CURIV|33773047|-114544064| |IF|0|0|0|0|0|0|0|0|0|0|0|0|0
S|TUUNE|33958994|-115121367| |TF|0|0|0|0|0|0|3|23000|17000|0|0|0|0
S|BRRAP|33878419|-115614850| |TF|0|0|0|0|0|0|3|15000|10000|0|0|0|0
S|RDBUL|33878258|-115959658| |TF|0|0|0|0|0|0|3|9000|8000|0|0|0|0
S|RDBUL|33878258|-115959658| |IF|0|0|0|0|0|0|3|9000|8000|0|0|0|0
S|YAGUS|33861964|-116156464| |TF|0|0|0|0|0|230|0|8000|0|1|0|0|0
S|YAGUS|33861964|-116156464|PSP|FM|0|25900|1370|7900|0|0|0|0|0|0|0|0|0

P|RDBUL1|13R|CURIV|0|7
S|CURIV|33773047|-114544064| |IF|0|0|0|0|0|0|0|0|0|0|0|0|0
S|TUUNE|33958994|-115121367| |TF|0|0|0|0|0|0|3|23000|17000|0|0|0|0
S|BRRAP|33878419|-115614850| |TF|0|0|0|0|0|0|3|15000|10000|0|0|0|0
S|RDBUL|33878258|-115959658| |TF|0|0|0|0|0|0|3|9000|8000|0|0|0|0
S|RDBUL|33878258|-115959658| |IF|0|0|0|0|0|0|3|9000|8000|0|0|0|0
S|YAGUS|33861964|-116156464| |TF|0|0|0|0|0|230|0|8000|0|1|0|0|0
S|YAGUS|33861964|-116156464|PSP|FM|0|25900|1370|7900|0|0|0|0|0|0|0|0|0

P|RDBUL1|31L|CURIV|0|7
S|CURIV|33773047|-114544064| |IF|0|0|0|0|0|0|0|0|0|0|0|0|0
S|TUUNE|33958994|-115121367| |TF|0|0|0|0|0|0|3|23000|17000|0|0|0|0
S|BRRAP|33878419|-115614850| |TF|0|0|0|0|0|0|3|15000|10000|0|0|0|0
S|RDBUL|33878258|-115959658| |TF|0|0|0|0|0|0|3|9000|8000|0|0|0|0
S|RDBUL|33878258|-115959658| |IF|0|0|0|0|0|0|3|9000|8000|0|0|0|0
S|MERCK|33816425|-116080411| |TF|0|0|0|0|0|230|0|8000|0|1|0|0|0
S|MERCK|33816425|-116080411|PSP|FM|0|23800|1780|8730|0|0|0|0|0|0|0|0|0

P|RDBUL1|31R|CURIV|0|7
S|CURIV|33773047|-114544064| |IF|0|0|0|0|0|0|0|0|0|0|0|0|0
S|TUUNE|33958994|-115121367| |TF|0|0|0|0|0|0|3|23000|17000|0|0|0|0
S|BRRAP|33878419|-115614850| |TF|0|0|0|0|0|0|3|15000|10000|0|0|0|0
S|RDBUL|33878258|-115959658| |TF|0|0|0|0|0|0|3|9000|8000|0|0|0|0
S|RDBUL|33878258|-115959658| |IF|0|0|0|0|0|0|3|9000|8000|0|0|0|0
S|MERCK|33816425|-116080411| |TF|0|0|0|0|0|230|0|8000|0|1|0|0|0
S|MERCK|33816425|-116080411|PSP|FM|0|23800|1780|8730|0|0|0|0|0|0|0|0|0

P|RDBUL1|13L|PKE|0|7
S|PKE|34101972|-114682067| |IF|0|0|0|0|0|0|0|0|0|0|0|0|0
S|TUUNE|33958994|-115121367| |TF|0|0|0|0|0|0|3|23000|17000|0|0|0|0
S|BRRAP|33878419|-115614850| |TF|0|0|0|0|0|0|3|15000|10000|0|0|0|0
S|RDBUL|33878258|-115959658| |TF|0|0|0|0|0|0|3|9000|8000|0|0|0|0
S|RDBUL|33878258|-115959658| |IF|0|0|0|0|0|0|3|9000|8000|0|0|0|0
S|YAGUS|33861964|-116156464| |TF|0|0|0|0|0|230|0|8000|0|1|0|0|0
S|YAGUS|33861964|-116156464|PSP|FM|0|25900|1370|7900|0|0|0|0|0|0|0|0|0

P|RDBUL1|13R|PKE|0|7
S|PKE|34101972|-114682067| |IF|0|0|0|0|0|0|0|0|0|0|0|0|0
S|TUUNE|33958994|-115121367| |TF|0|0|0|0|0|0|3|23000|17000|0|0|0|0
S|BRRAP|33878419|-115614850| |TF|0|0|0|0|0|0|3|15000|10000|0|0|0|0
S|RDBUL|33878258|-115959658| |TF|0|0|0|0|0|0|3|9000|8000|0|0|0|0
S|RDBUL|33878258|-115959658| |IF|0|0|0|0|0|0|3|9000|8000|0|0|0|0
S|YAGUS|33861964|-116156464| |TF|0|0|0|0|0|230|0|8000|0|1|0|0|0
S|YAGUS|33861964|-116156464|PSP|FM|0|25900|1370|7900|0|0|0|0|0|0|0|0|0

P|RDBUL1|31L|PKE|0|7
S|PKE|34101972|-114682067| |IF|0|0|0|0|0|0|0|0|0|0|0|0|0
S|TUUNE|33958994|-115121367| |TF|0|0|0|0|0|0|3|23000|17000|0|0|0|0
S|BRRAP|33878419|-115614850| |TF|0|0|0|0|0|0|3|15000|10000|0|0|0|0
S|RDBUL|33878258|-115959658| |TF|0|0|0|0|0|0|3|9000|8000|0|0|0|0
S|RDBUL|33878258|-115959658| |IF|0|0|0|0|0|0|3|9000|8000|0|0|0|0
S|MERCK|33816425|-116080411| |TF|0|0|0|0|0|230|0|8000|0|1|0|0|0
S|MERCK|33816425|-116080411|PSP|FM|0|23800|1780|8730|0|0|0|0|0|0|0|0|0

P|RDBUL1|31R|PKE|0|7
S|PKE|34101972|-114682067| |IF|0|0|0|0|0|0|0|0|0|0|0|0|0
S|TUUNE|33958994|-115121367| |TF|0|0|0|0|0|0|3|23000|17000|0|0|0|0
S|BRRAP|33878419|-115614850| |TF|0|0|0|0|0|0|3|15000|10000|0|0|0|0
S|RDBUL|33878258|-115959658| |TF|0|0|0|0|0|0|3|9000|8000|0|0|0|0
S|RDBUL|33878258|-115959658| |IF|0|0|0|0|0|0|3|9000|8000|0|0|0|0
S|MERCK|33816425|-116080411| |TF|0|0|0|0|0|230|0|8000|0|1|0|0|0
S|MERCK|33816425|-116080411|PSP|FM|0|23800|1780|8730|0|0|0|0|0|0|0|0|0

P|RDBUL1|13L|YORRK|0|9
S|YORRK|34867564|-113932817| |IF|0|0|0|0|0|0|0|0|0|0|0|0|0
S|DYNAN|34625122|-114202028| |TF|0|0|0|0|0|0|2|28000|0|0|0|0|0
S|BURBL|34172211|-114829714| |TF|0|0|0|0|0|0|1|23000|0|0|0|0|0
S|TUUNE|33958994|-115121367| |TF|0|0|0|0|0|0|3|23000|17000|0|0|0|0
S|BRRAP|33878419|-115614850| |TF|0|0|0|0|0|0|3|15000|10000|0|0|0|0
S|RDBUL|33878258|-115959658| |TF|0|0|0|0|0|0|3|9000|8000|0|0|0|0
S|RDBUL|33878258|-115959658| |IF|0|0|0|0|0|0|3|9000|8000|0|0|0|0
S|YAGUS|33861964|-116156464| |TF|0|0|0|0|0|230|0|8000|0|1|0|0|0
S|YAGUS|33861964|-116156464|PSP|FM|0|25900|1370|7900|0|0|0|0|0|0|0|0|0

P|RDBUL1|13R|YORRK|0|9
S|YORRK|34867564|-113932817| |IF|0|0|0|0|0|0|0|0|0|0|0|0|0
S|DYNAN|34625122|-114202028| |TF|0|0|0|0|0|0|2|28000|0|0|0|0|0
S|BURBL|34172211|-114829714| |TF|0|0|0|0|0|0|1|23000|0|0|0|0|0
S|TUUNE|33958994|-115121367| |TF|0|0|0|0|0|0|3|23000|17000|0|0|0|0
S|BRRAP|33878419|-115614850| |TF|0|0|0|0|0|0|3|15000|10000|0|0|0|0
S|RDBUL|33878258|-115959658| |TF|0|0|0|0|0|0|3|9000|8000|0|0|0|0
S|RDBUL|33878258|-115959658| |IF|0|0|0|0|0|0|3|9000|8000|0|0|0|0
S|YAGUS|33861964|-116156464| |TF|0|0|0|0|0|230|0|8000|0|1|0|0|0
S|YAGUS|33861964|-116156464|PSP|FM|0|25900|1370|7900|0|0|0|0|0|0|0|0|0

P|RDBUL1|31L|YORRK|0|9
S|YORRK|34867564|-113932817| |IF|0|0|0|0|0|0|0|0|0|0|0|0|0
S|DYNAN|34625122|-114202028| |TF|0|0|0|0|0|0|2|28000|0|0|0|0|0
S|BURBL|34172211|-114829714| |TF|0|0|0|0|0|0|1|23000|0|0|0|0|0
S|TUUNE|33958994|-115121367| |TF|0|0|0|0|0|0|3|23000|17000|0|0|0|0
S|BRRAP|33878419|-115614850| |TF|0|0|0|0|0|0|3|15000|10000|0|0|0|0
S|RDBUL|33878258|-115959658| |TF|0|0|0|0|0|0|3|9000|8000|0|0|0|0
S|RDBUL|33878258|-115959658| |IF|0|0|0|0|0|0|3|9000|8000|0|0|0|0
S|MERCK|33816425|-116080411| |TF|0|0|0|0|0|230|0|8000|0|1|0|0|0
S|MERCK|33816425|-116080411|PSP|FM|0|23800|1780|8730|0|0|0|0|0|0|0|0|0

P|RDBUL1|31R|YORRK|0|9
S|YORRK|34867564|-113932817| |IF|0|0|0|0|0|0|0|0|0|0|0|0|0
S|DYNAN|34625122|-114202028| |TF|0|0|0|0|0|0|2|28000|0|0|0|0|0
S|BURBL|34172211|-114829714| |TF|0|0|0|0|0|0|1|23000|0|0|0|0|0
S|TUUNE|33958994|-115121367| |TF|0|0|0|0|0|0|3|23000|17000|0|0|0|0
S|BRRAP|33878419|-115614850| |TF|0|0|0|0|0|0|3|15000|10000|0|0|0|0
S|RDBUL|33878258|-115959658| |TF|0|0|0|0|0|0|3|9000|8000|0|0|0|0
S|RDBUL|33878258|-115959658| |IF|0|0|0|0|0|0|3|9000|8000|0|0|0|0
S|MERCK|33816425|-116080411| |TF|0|0|0|0|0|230|0|8000|0|1|0|0|0
S|MERCK|33816425|-116080411|PSP|FM|0|23800|1780|8730|0|0|0|0|0|0|0|0|0

P|RDBUL1|13L|ZELMA|0|7
S|ZELMA|34783331|-115329864| |IF|0|0|0|0|0|0|0|0|0|0|0|0|0
S|JOTNU|34325864|-115529525| |TF|0|0|0|0|0|0|0|0|0|0|0|0|0
S|TNP|34112233|-115769906| |TF|0|0|0|0|0|0|3|15000|10000|0|0|0|0
S|RDBUL|33878258|-115959658| |TF|0|0|0|0|0|0|3|9000|8000|0|0|0|0
S|RDBUL|33878258|-115959658| |IF|0|0|0|0|0|0|3|9000|8000|0|0|0|0
S|YAGUS|33861964|-116156464| |TF|0|0|0|0|0|230|0|8000|0|1|0|0|0
S|YAGUS|33861964|-116156464|PSP|FM|0|25900|1370|7900|0|0|0|0|0|0|0|0|0

P|RDBUL1|13R|ZELMA|0|7
S|ZELMA|34783331|-115329864| |IF|0|0|0|0|0|0|0|0|0|0|0|0|0
S|JOTNU|34325864|-115529525| |TF|0|0|0|0|0|0|0|0|0|0|0|0|0
S|TNP|34112233|-115769906| |TF|0|0|0|0|0|0|3|15000|10000|0|0|0|0
S|RDBUL|33878258|-115959658| |TF|0|0|0|0|0|0|3|9000|8000|0|0|0|0
S|RDBUL|33878258|-115959658| |IF|0|0|0|0|0|0|3|9000|8000|0|0|0|0
S|YAGUS|33861964|-116156464| |TF|0|0|0|0|0|230|0|8000|0|1|0|0|0
S|YAGUS|33861964|-116156464|PSP|FM|0|25900|1370|7900|0|0|0|0|0|0|0|0|0

P|RDBUL1|31L|ZELMA|0|7
S|ZELMA|34783331|-115329864| |IF|0|0|0|0|0|0|0|0|0|0|0|0|0
S|JOTNU|34325864|-115529525| |TF|0|0|0|0|0|0|0|0|0|0|0|0|0
S|TNP|34112233|-115769906| |TF|0|0|0|0|0|0|3|15000|10000|0|0|0|0
S|RDBUL|33878258|-115959658| |TF|0|0|0|0|0|0|3|9000|8000|0|0|0|0
S|RDBUL|33878258|-115959658| |IF|0|0|0|0|0|0|3|9000|8000|0|0|0|0
S|MERCK|33816425|-116080411| |TF|0|0|0|0|0|230|0|8000|0|1|0|0|0
S|MERCK|33816425|-116080411|PSP|FM|0|23800|1780|8730|0|0|0|0|0|0|0|0|0

P|RDBUL1|31R|ZELMA|0|7
S|ZELMA|34783331|-115329864| |IF|0|0|0|0|0|0|0|0|0|0|0|0|0
S|JOTNU|34325864|-115529525| |TF|0|0|0|0|0|0|0|0|0|0|0|0|0
S|TNP|34112233|-115769906| |TF|0|0|0|0|0|0|3|15000|10000|0|0|0|0
S|RDBUL|33878258|-115959658| |TF|0|0|0|0|0|0|3|9000|8000|0|0|0|0
S|RDBUL|33878258|-115959658| |IF|0|0|0|0|0|0|3|9000|8000|0|0|0|0
S|MERCK|33816425|-116080411| |TF|0|0|0|0|0|230|0|8000|0|1|0|0|0
S|MERCK|33816425|-116080411|PSP|FM|0|23800|1780|8730|0|0|0|0|0|0|0|0|0

P|SBONO1|ALL|BLH|0|6
S|BLH|33596064|-114761272| |IF|0|0|0|0|0|0|0|0|0|0|0|0|0
S|DECAS|33823592|-115456611| |TF|0|0|0|0|0|0|0|0|0|0|0|0|0
S|UBABE|33915453|-115741906| |TF|0|0|0|0|0|0|0|0|0|0|0|0|0
S|CLOWD|33902803|-115939406| |TF|0|0|0|0|0|0|0|0|0|0|0|0|0
S|SBONO|33893575|-116080392| |TF|0|0|0|0|0|0|0|0|0|0|0|0|0
S|SBONO|33893575|-116080392| |IF|0|0|0|0|0|0|0|0|0|0|0|0|0

P|SBONO1|ALL|DECAS|0|5
S|DECAS|33823592|-115456611| |IF|0|0|0|0|0|0|0|0|0|0|0|0|0
S|UBABE|33915453|-115741906| |TF|0|0|0|0|0|0|0|0|0|0|0|0|0
S|CLOWD|33902803|-115939406| |TF|0|0|0|0|0|0|0|0|0|0|0|0|0
S|SBONO|33893575|-116080392| |TF|0|0|0|0|0|0|0|0|0|0|0|0|0
S|SBONO|33893575|-116080392| |IF|0|0|0|0|0|0|0|0|0|0|0|0|0

P|SBONO1|ALL|EED|0|5
S|EED|34766003|-114474103| |IF|0|0|0|0|0|0|0|0|0|0|0|0|0
S|UBABE|33915453|-115741906| |TF|0|0|0|0|0|0|0|0|0|0|0|0|0
S|CLOWD|33902803|-115939406| |TF|0|0|0|0|0|0|0|0|0|0|0|0|0
S|SBONO|33893575|-116080392| |TF|0|0|0|0|0|0|0|0|0|0|0|0|0
S|SBONO|33893575|-116080392| |IF|0|0|0|0|0|0|0|0|0|0|0|0|0

P|SBONO1|ALL|GFS|0|7
S|GFS|35131144|-115176442| |IF|0|0|0|0|0|0|0|0|0|0|0|0|0
S|ZELMA|34783331|-115329864| |TF|0|0|0|0|0|0|0|0|0|0|0|0|0
S|JOTNU|34325864|-115529525| |TF|0|0|0|0|0|0|0|0|0|0|0|0|0
S|TNP|34112233|-115769906| |TF|0|0|0|0|0|0|0|0|0|0|0|0|0
S|CLOWD|33902803|-115939406| |TF|0|0|0|0|0|0|0|0|0|0|0|0|0
S|SBONO|33893575|-116080392| |TF|0|0|0|0|0|0|0|0|0|0|0|0|0
S|SBONO|33893575|-116080392| |IF|0|0|0|0|0|0|0|0|0|0|0|0|0

P|SIZLR4|ALL|CLASN|0|12
S|CLASN|35659833|-119502417| |IF|0|0|0|0|0|0|0|0|0|0|0|0|0
S|MURDY|35316278|-119040167| |TF|0|0|0|0|0|0|0|0|0|0|0|0|0
S|GLRNO|34780833|-118336417| |TF|0|0|0|0|0|0|1|24000|0|0|0|0|0
S|SIZLR|34579286|-118024836| |TF|0|0|0|0|0|0|3|23000|20000|0|0|0|0
S|SIZLR|34579286|-118024836| |IF|0|0|0|0|0|0|3|23000|20000|0|0|0|0
S|MXIMO|34446278|-117700358| |TF|0|0|0|0|0|0|2|19000|0|0|0|0|0
S|HITOP|34299639|-117342550| |TF|0|0|0|0|0|0|0|16000|0|0|0|0|0
S|CURKO|34171994|-117067069| |TF|0|0|0|0|0|280|0|16000|0|0|0|0|0
S|GEBEE|34094278|-116904250| |TF|0|0|0|0|0|0|0|15000|0|0|0|0|0
S|MORON|34033547|-116774350| |TF|0|0|0|0|0|0|0|14000|0|0|0|0|0
S|FERNN|33972817|-116547053| |TF|0|0|0|0|0|0|0|11000|0|1|0|0|0
S|FERNN|33972817|-116547053|PSP|FM|0|12400|850|30350|0|0|0|0|0|0|0|0|0

P|SIZLR4|ALL|GLRNO|0|10
S|GLRNO|34780833|-118336417| |IF|0|0|0|0|0|0|1|24000|0|0|0|0|0
S|SIZLR|34579286|-118024836| |TF|0|0|0|0|0|0|3|23000|20000|0|0|0|0
S|SIZLR|34579286|-118024836| |IF|0|0|0|0|0|0|3|23000|20000|0|0|0|0
S|MXIMO|34446278|-117700358| |TF|0|0|0|0|0|0|2|19000|0|0|0|0|0
S|HITOP|34299639|-117342550| |TF|0|0|0|0|0|0|0|16000|0|0|0|0|0
S|CURKO|34171994|-117067069| |TF|0|0|0|0|0|280|0|16000|0|0|0|0|0
S|GEBEE|34094278|-116904250| |TF|0|0|0|0|0|0|0|15000|0|0|0|0|0
S|MORON|34033547|-116774350| |TF|0|0|0|0|0|0|0|14000|0|0|0|0|0
S|FERNN|33972817|-116547053| |TF|0|0|0|0|0|0|0|11000|0|1|0|0|0
S|FERNN|33972817|-116547053|PSP|FM|0|12400|850|30350|0|0|0|0|0|0|0|0|0

P|SIZLR4|ALL|MURDY|0|11
S|MURDY|35316278|-119040167| |IF|0|0|0|0|0|0|0|0|0|0|0|0|0
S|GLRNO|34780833|-118336417| |TF|0|0|0|0|0|0|1|24000|0|0|0|0|0
S|SIZLR|34579286|-118024836| |TF|0|0|0|0|0|0|3|23000|20000|0|0|0|0
S|SIZLR|34579286|-118024836| |IF|0|0|0|0|0|0|3|23000|20000|0|0|0|0
S|MXIMO|34446278|-117700358| |TF|0|0|0|0|0|0|2|19000|0|0|0|0|0
S|HITOP|34299639|-117342550| |TF|0|0|0|0|0|0|0|16000|0|0|0|0|0
S|CURKO|34171994|-117067069| |TF|0|0|0|0|0|280|0|16000|0|0|0|0|0
S|GEBEE|34094278|-116904250| |TF|0|0|0|0|0|0|0|15000|0|0|0|0|0
S|MORON|34033547|-116774350| |TF|0|0|0|0|0|0|0|14000|0|0|0|0|0
S|FERNN|33972817|-116547053| |TF|0|0|0|0|0|0|0|11000|0|1|0|0|0
S|FERNN|33972817|-116547053|PSP|FM|0|12400|850|30350|0|0|0|0|0|0|0|0|0

P|SIZLR4|ALL|OYVEY|0|14
S|OYVEY|35799722|-118922500| |IF|0|0|0|0|0|0|0|0|0|0|0|0|0
S|SOSHA|35605000|-118884167| |TF|0|0|0|0|0|0|0|0|0|0|0|0|0
S|KARNY|35403194|-118844167| |TF|0|0|0|0|0|0|0|0|0|0|0|0|0
S|RABBL|35179444|-118660767| |TF|0|0|0|0|0|0|0|0|0|0|0|0|0
S|GLRNO|34780833|-118336417| |TF|0|0|0|0|0|0|1|24000|0|0|0|0|0
S|SIZLR|34579286|-118024836| |TF|0|0|0|0|0|0|3|23000|20000|0|0|0|0
S|SIZLR|34579286|-118024836| |IF|0|0|0|0|0|0|3|23000|20000|0|0|0|0
S|MXIMO|34446278|-117700358| |TF|0|0|0|0|0|0|2|19000|0|0|0|0|0
S|HITOP|34299639|-117342550| |TF|0|0|0|0|0|0|0|16000|0|0|0|0|0
S|CURKO|34171994|-117067069| |TF|0|0|0|0|0|280|0|16000|0|0|0|0|0
S|GEBEE|34094278|-116904250| |TF|0|0|0|0|0|0|0|15000|0|0|0|0|0
S|MORON|34033547|-116774350| |TF|0|0|0|0|0|0|0|14000|0|0|0|0|0
S|FERNN|33972817|-116547053| |TF|0|0|0|0|0|0|0|11000|0|1|0|0|0
S|FERNN|33972817|-116547053|PSP|FM|0|12400|850|30350|0|0|0|0|0|0|0|0|0

P|SIZLR4|ALL|SOSHA|0|13
S|SOSHA|35605000|-118884167| |IF|0|0|0|0|0|0|0|0|0|0|0|0|0
S|KARNY|35403194|-118844167| |TF|0|0|0|0|0|0|0|0|0|0|0|0|0
S|RABBL|35179444|-118660767| |TF|0|0|0|0|0|0|0|0|0|0|0|0|0
S|GLRNO|34780833|-118336417| |TF|0|0|0|0|0|0|1|24000|0|0|0|0|0
S|SIZLR|34579286|-118024836| |TF|0|0|0|0|0|0|3|23000|20000|0|0|0|0
S|SIZLR|34579286|-118024836| |IF|0|0|0|0|0|0|3|23000|20000|0|0|0|0
S|MXIMO|34446278|-117700358| |TF|0|0|0|0|0|0|2|19000|0|0|0|0|0
S|HITOP|34299639|-117342550| |TF|0|0|0|0|0|0|0|16000|0|0|0|0|0
S|CURKO|34171994|-117067069| |TF|0|0|0|0|0|280|0|16000|0|0|0|0|0
S|GEBEE|34094278|-116904250| |TF|0|0|0|0|0|0|0|15000|0|0|0|0|0
S|MORON|34033547|-116774350| |TF|0|0|0|0|0|0|0|14000|0|0|0|0|0
S|FERNN|33972817|-116547053| |TF|0|0|0|0|0|0|0|11000|0|1|0|0|0
S|FERNN|33972817|-116547053|PSP|FM|0|12400|850|30350|0|0|0|0|0|0|0|0|0

