P|BASTS1|17L|GIMLE|0|10
S|GIMLE|33987500|-98593472| |IF|0|0|0|0|0|0|0|0|0|0|0|0|0
S|FOYER|34554661|-98228517| |TF|0|0|0|0|0|0|0|0|0|0|0|0|0
S|YUCKS|34978794|-98012189| |TF|0|0|0|0|0|0|0|0|0|0|0|0|0
S|YUCKS|34978794|-98012189| |IF|0|0|0|0|0|0|0|0|0|0|0|0|0
S|BASTS|35110553|-97872478| |TF|0|0|0|0|0|0|0|0|0|0|0|0|0
S|BASTS|35110553|-97872478| |IF|0|0|0|0|0|0|0|0|0|0|0|0|0
S|DIGHT|35275758|-97815219| |TF|0|0|0|0|0|0|0|0|0|0|0|0|0
S|KOLPE|35496397|-97786539| |TF|0|0|0|0|0|0|0|0|0|0|0|0|0
S|HEDIP|35577864|-97786831| |TF|0|0|0|0|0|0|0|0|0|1|0|0|0
S|HEDIP|35577864|-97786831|END|FM|0|35500|4640|16700|0|0|0|0|0|0|0|0|0

P|BASTS1|35R|GIMLE|0|8
S|GIMLE|33987500|-98593472| |IF|0|0|0|0|0|0|0|0|0|0|0|0|0
S|FOYER|34554661|-98228517| |TF|0|0|0|0|0|0|0|0|0|0|0|0|0
S|YUCKS|34978794|-98012189| |TF|0|0|0|0|0|0|0|0|0|0|0|0|0
S|YUCKS|34978794|-98012189| |IF|0|0|0|0|0|0|0|0|0|0|0|0|0
S|BASTS|35110553|-97872478| |TF|0|0|0|0|0|0|0|0|0|0|0|0|0
S|BASTS|35110553|-97872478| |IF|0|0|0|0|0|0|0|0|0|0|0|0|0
S|JEKAL|35191919|-97840178| |TF|0|0|0|0|0|0|0|0|0|1|0|0|0
S|JEKAL|35191919|-97840178|END|FM|0|1300|6920|17180|0|0|0|0|0|0|0|0|0

P|CCASH1|17L|BROMA|0|9
S|BROMA|35254389|-98502789| |IF|0|0|0|0|0|0|0|0|0|0|0|0|0
S|GHOST|35255858|-98213814| |TF|0|0|0|0|0|0|0|0|0|0|0|0|0
S|GHOST|35255858|-98213814| |IF|0|0|0|0|0|0|0|0|0|0|0|0|0
S|CCASH|35265944|-98005619| |TF|0|0|0|0|0|0|0|0|0|0|0|0|0
S|CCASH|35265944|-98005619| |IF|0|0|0|0|0|0|0|0|0|0|0|0|0
S|DIGHT|35275758|-97815219| |TF|0|0|0|0|0|0|0|0|0|0|0|0|0
S|KOLPE|35496397|-97786539| |TF|0|0|0|0|0|0|0|0|0|0|0|0|0
S|HEDIP|35577864|-97786831| |TF|0|0|0|0|0|0|0|0|0|1|0|0|0
S|HEDIP|35577864|-97786831|END|FM|0|35500|4640|16700|0|0|0|0|0|0|0|0|0

P|CCASH1|35R|BROMA|0|7
S|BROMA|35254389|-98502789| |IF|0|0|0|0|0|0|0|0|0|0|0|0|0
S|GHOST|35255858|-98213814| |TF|0|0|0|0|0|0|0|0|0|0|0|0|0
S|GHOST|35255858|-98213814| |IF|0|0|0|0|0|0|0|0|0|0|0|0|0
S|CCASH|35265944|-98005619| |TF|0|0|0|0|0|0|0|0|0|0|0|0|0
S|CCASH|35265944|-98005619| |IF|0|0|0|0|0|0|0|0|0|0|0|0|0
S|FALAB|35271322|-97902203| |TF|0|0|0|0|0|0|0|0|0|1|0|0|0
S|FALAB|35271322|-97902203|END|FM|0|8100|6430|17430|0|0|0|0|0|0|0|0|0

P|CCASH1|17L|RUSTS|0|10
S|RUSTS|35236947|-99205964| |IF|0|0|0|0|0|0|0|0|0|0|0|0|0
S|BROMA|35254389|-98502789| |TF|0|0|0|0|0|0|0|0|0|0|0|0|0
S|GHOST|35255858|-98213814| |TF|0|0|0|0|0|0|0|0|0|0|0|0|0
S|GHOST|35255858|-98213814| |IF|0|0|0|0|0|0|0|0|0|0|0|0|0
S|CCASH|35265944|-98005619| |TF|0|0|0|0|0|0|0|0|0|0|0|0|0
S|CCASH|35265944|-98005619| |IF|0|0|0|0|0|0|0|0|0|0|0|0|0
S|DIGHT|35275758|-97815219| |TF|0|0|0|0|0|0|0|0|0|0|0|0|0
S|KOLPE|35496397|-97786539| |TF|0|0|0|0|0|0|0|0|0|0|0|0|0
S|HEDIP|35577864|-97786831| |TF|0|0|0|0|0|0|0|0|0|1|0|0|0
S|HEDIP|35577864|-97786831|END|FM|0|35500|4640|16700|0|0|0|0|0|0|0|0|0

P|CCASH1|35R|RUSTS|0|8
S|RUSTS|35236947|-99205964| |IF|0|0|0|0|0|0|0|0|0|0|0|0|0
S|BROMA|35254389|-98502789| |TF|0|0|0|0|0|0|0|0|0|0|0|0|0
S|GHOST|35255858|-98213814| |TF|0|0|0|0|0|0|0|0|0|0|0|0|0
S|GHOST|35255858|-98213814| |IF|0|0|0|0|0|0|0|0|0|0|0|0|0
S|CCASH|35265944|-98005619| |TF|0|0|0|0|0|0|0|0|0|0|0|0|0
S|CCASH|35265944|-98005619| |IF|0|0|0|0|0|0|0|0|0|0|0|0|0
S|FALAB|35271322|-97902203| |TF|0|0|0|0|0|0|0|0|0|1|0|0|0
S|FALAB|35271322|-97902203|END|FM|0|8100|6430|17430|0|0|0|0|0|0|0|0|0

P|DAWKS1|17L|ROLLS|0|8
S|ROLLS|35722744|-99470697| |IF|0|0|0|0|0|0|0|0|0|0|0|0|0
S|SCUFF|35656369|-98389103| |TF|0|0|0|0|0|0|0|0|0|0|0|0|0
S|CAMET|35617131|-98190361| |TF|0|0|0|0|0|0|0|0|0|0|0|0|0
S|CAMET|35617131|-98190361| |IF|0|0|0|0|0|0|0|0|0|0|0|0|0
S|DAWKS|35580075|-97990336| |TF|0|0|0|0|0|0|0|0|0|0|0|0|0
S|DAWKS|35580075|-97990336| |IF|0|0|0|0|0|0|0|0|0|0|0|0|0
S|WHIMS|35594594|-97889664| |TF|0|0|0|0|0|0|0|0|0|1|0|0|0
S|WHIMS|35594594|-97889664|END|FM|0|7500|4500|17320|0|0|0|0|0|0|0|0|0

P|DAWKS1|35R|ROLLS|0|8
S|ROLLS|35722744|-99470697| |IF|0|0|0|0|0|0|0|0|0|0|0|0|0
S|SCUFF|35656369|-98389103| |TF|0|0|0|0|0|0|0|0|0|0|0|0|0
S|CAMET|35617131|-98190361| |TF|0|0|0|0|0|0|0|0|0|0|0|0|0
S|CAMET|35617131|-98190361| |IF|0|0|0|0|0|0|0|0|0|0|0|0|0
S|DAWKS|35580075|-97990336| |TF|0|0|0|0|0|0|0|0|0|0|0|0|0
S|DAWKS|35580075|-97990336| |IF|0|0|0|0|0|0|0|0|0|0|0|0|0
S|KEWEE|35550153|-97893619| |TF|0|0|0|0|0|0|0|0|0|1|0|0|0
S|KEWEE|35550153|-97893619|END|FM|0|10600|4760|17350|0|0|0|0|0|0|0|0|0

P|DAWKS1|17L|SCUFF|0|7
S|SCUFF|35656369|-98389103| |IF|0|0|0|0|0|0|0|0|0|0|0|0|0
S|CAMET|35617131|-98190361| |TF|0|0|0|0|0|0|0|0|0|0|0|0|0
S|CAMET|35617131|-98190361| |IF|0|0|0|0|0|0|0|0|0|0|0|0|0
S|DAWKS|35580075|-97990336| |TF|0|0|0|0|0|0|0|0|0|0|0|0|0
S|DAWKS|35580075|-97990336| |IF|0|0|0|0|0|0|0|0|0|0|0|0|0
S|WHIMS|35594594|-97889664| |TF|0|0|0|0|0|0|0|0|0|1|0|0|0
S|WHIMS|35594594|-97889664|END|FM|0|7500|4500|17320|0|0|0|0|0|0|0|0|0

P|DAWKS1|35R|SCUFF|0|7
S|SCUFF|35656369|-98389103| |IF|0|0|0|0|0|0|0|0|0|0|0|0|0
S|CAMET|35617131|-98190361| |TF|0|0|0|0|0|0|0|0|0|0|0|0|0
S|CAMET|35617131|-98190361| |IF|0|0|0|0|0|0|0|0|0|0|0|0|0
S|DAWKS|35580075|-97990336| |TF|0|0|0|0|0|0|0|0|0|0|0|0|0
S|DAWKS|35580075|-97990336| |IF|0|0|0|0|0|0|0|0|0|0|0|0|0
S|KEWEE|35550153|-97893619| |TF|0|0|0|0|0|0|0|0|0|1|0|0|0
S|KEWEE|35550153|-97893619|END|FM|0|10600|4760|17350|0|0|0|0|0|0|0|0|0

P|FAKEY1|ALL|DIMPL|0|6
S|DIMPL|35248703|-96628464| |IF|0|0|0|0|0|0|0|0|0|0|0|0|0
S|RIFFL|35258375|-96837692| |TF|0|0|0|0|0|0|0|0|0|0|0|0|0
S|RIFFL|35258375|-96837692| |IF|0|0|0|0|0|0|0|0|0|0|0|0|0
S|FAKEY|35267567|-97042539| |TF|0|0|0|0|0|0|0|0|0|0|0|0|0
S|AACES|35272086|-97144439| |TF|0|0|0|0|0|0|0|0|0|1|0|0|0
S|AACES|35272086|-97144439|END|FM|0|26800|7460|14430|0|0|0|0|0|0|0|0|0

P|FAKEY1|ALL|DWINE|0|7
S|DWINE|35208061|-96216261| |IF|0|0|0|0|0|0|0|0|0|0|0|0|0
S|DIMPL|35248703|-96628464| |TF|0|0|0|0|0|0|0|0|0|0|0|0|0
S|RIFFL|35258375|-96837692| |TF|0|0|0|0|0|0|0|0|0|0|0|0|0
S|RIFFL|35258375|-96837692| |IF|0|0|0|0|0|0|0|0|0|0|0|0|0
S|FAKEY|35267567|-97042539| |TF|0|0|0|0|0|0|0|0|0|0|0|0|0
S|AACES|35272086|-97144439| |TF|0|0|0|0|0|0|0|0|0|1|0|0|0
S|AACES|35272086|-97144439|END|FM|0|26800|7460|14430|0|0|0|0|0|0|0|0|0

P|GULLI3|ALL|BVO|0|5
S|BVO|36834336|-96018431| |IF|0|0|0|0|0|0|0|0|0|0|0|0|0
S|SEGLR|36166722|-97032894| |TF|0|0|0|0|0|0|0|0|0|0|0|0|0
S|GULLI|36011950|-97144342| |TF|0|0|0|0|0|0|1|4000|0|0|0|0|0
S|GULLI|36011950|-97144342| |IF|0|0|0|0|0|0|0|0|0|0|0|0|0
S|KPWA|35534011|-97646947| |VM|0|23000|0|0|0|0|0|0|0|0|0|0|0

P|GULLI3|ALL|PER|0|4
S|PER|36746531|-97160156| |IF|0|0|0|0|0|0|0|0|0|0|0|0|0
S|GULLI|36011950|-97144342| |TF|0|0|0|0|0|0|1|6000|0|0|0|0|0
S|GULLI|36011950|-97144342| |IF|0|0|0|0|0|0|0|0|0|0|0|0|0
S|KPWA|35534011|-97646947| |VM|0|23000|0|0|0|0|0|0|0|0|0|0|0

P|GULLI3|ALL|TUL|0|4
S|TUL|36196253|-95788092| |IF|0|0|0|0|0|0|0|0|0|0|0|0|0
S|GULLI|36011950|-97144342| |TF|0|0|0|0|0|0|1|6000|0|0|0|0|0
S|GULLI|36011950|-97144342| |IF|0|0|0|0|0|0|0|0|0|0|0|0|0
S|KPWA|35534011|-97646947| |VM|0|23000|0|0|0|0|0|0|0|0|0|0|0

P|JUDDG2|17L|AWLIV|0|7
S|AWLIV|36059858|-96802936| |IF|0|0|0|0|0|0|0|0|0|0|0|0|0
S|MURAH|36012092|-97144239| |TF|0|0|0|0|0|0|0|0|0|0|0|0|0
S|MURAH|36012092|-97144239| |IF|0|0|0|0|0|0|0|0|0|0|0|0|0
S|JUDDG|35887897|-97281356| |TF|0|0|0|0|0|0|0|0|0|0|0|0|0
S|JUDDG|35887897|-97281356| |IF|0|0|0|0|0|0|0|0|0|0|0|0|0
S|ODPIE|35847294|-97371103| |TF|0|0|0|0|0|0|0|0|0|1|0|0|0
S|ODPIE|35847294|-97371103|END|FM|0|23600|4000|13310|0|0|0|0|0|0|0|0|0

P|JUDDG2|35R|AWLIV|0|7
S|AWLIV|36059858|-96802936| |IF|0|0|0|0|0|0|0|0|0|0|0|0|0
S|MURAH|36012092|-97144239| |TF|0|0|0|0|0|0|0|0|0|0|0|0|0
S|MURAH|36012092|-97144239| |IF|0|0|0|0|0|0|0|0|0|0|0|0|0
S|JUDDG|35887897|-97281356| |TF|0|0|0|0|0|0|0|0|0|0|0|0|0
S|JUDDG|35887897|-97281356| |IF|0|0|0|0|0|0|0|0|0|0|0|0|0
S|QUOIT|35807825|-97399239| |TF|0|0|0|0|0|0|0|0|0|1|0|0|0
S|QUOIT|35807825|-97399239|END|FM|0|22500|4090|13670|0|0|0|0|0|0|0|0|0

P|JUDDG2|17L|BELMN|0|8
S|BELMN|36746531|-97160153| |IF|0|0|0|0|0|0|0|0|0|0|0|0|0
S|MIICK|36462658|-97153967| |TF|0|0|0|0|0|0|0|0|0|0|0|0|0
S|MURAH|36012092|-97144239| |TF|0|0|0|0|0|0|0|0|0|0|0|0|0
S|MURAH|36012092|-97144239| |IF|0|0|0|0|0|0|0|0|0|0|0|0|0
S|JUDDG|35887897|-97281356| |TF|0|0|0|0|0|0|0|0|0|0|0|0|0
S|JUDDG|35887897|-97281356| |IF|0|0|0|0|0|0|0|0|0|0|0|0|0
S|ODPIE|35847294|-97371103| |TF|0|0|0|0|0|0|0|0|0|1|0|0|0
S|ODPIE|35847294|-97371103|END|FM|0|23600|4000|13310|0|0|0|0|0|0|0|0|0

P|JUDDG2|35R|BELMN|0|8
S|BELMN|36746531|-97160153| |IF|0|0|0|0|0|0|0|0|0|0|0|0|0
S|MIICK|36462658|-97153967| |TF|0|0|0|0|0|0|0|0|0|0|0|0|0
S|MURAH|36012092|-97144239| |TF|0|0|0|0|0|0|0|0|0|0|0|0|0
S|MURAH|36012092|-97144239| |IF|0|0|0|0|0|0|0|0|0|0|0|0|0
S|JUDDG|35887897|-97281356| |TF|0|0|0|0|0|0|0|0|0|0|0|0|0
S|JUDDG|35887897|-97281356| |IF|0|0|0|0|0|0|0|0|0|0|0|0|0
S|QUOIT|35807825|-97399239| |TF|0|0|0|0|0|0|0|0|0|1|0|0|0
S|QUOIT|35807825|-97399239|END|FM|0|22500|4090|13670|0|0|0|0|0|0|0|0|0

P|JUDDG2|17L|BMART|0|8
S|BMART|36130903|-96282822| |IF|0|0|0|0|0|0|0|0|0|0|0|0|0
S|JSTCE|36088239|-96597275| |TF|0|0|0|0|0|0|0|0|0|0|0|0|0
S|MURAH|36012092|-97144239| |TF|0|0|0|0|0|0|0|0|0|0|0|0|0
S|MURAH|36012092|-97144239| |IF|0|0|0|0|0|0|0|0|0|0|0|0|0
S|JUDDG|35887897|-97281356| |TF|0|0|0|0|0|0|0|0|0|0|0|0|0
S|JUDDG|35887897|-97281356| |IF|0|0|0|0|0|0|0|0|0|0|0|0|0
S|ODPIE|35847294|-97371103| |TF|0|0|0|0|0|0|0|0|0|1|0|0|0
S|ODPIE|35847294|-97371103|END|FM|0|23600|4000|13310|0|0|0|0|0|0|0|0|0

P|JUDDG2|35R|BMART|0|8
S|BMART|36130903|-96282822| |IF|0|0|0|0|0|0|0|0|0|0|0|0|0
S|JSTCE|36088239|-96597275| |TF|0|0|0|0|0|0|0|0|0|0|0|0|0
S|MURAH|36012092|-97144239| |TF|0|0|0|0|0|0|0|0|0|0|0|0|0
S|MURAH|36012092|-97144239| |IF|0|0|0|0|0|0|0|0|0|0|0|0|0
S|JUDDG|35887897|-97281356| |TF|0|0|0|0|0|0|0|0|0|0|0|0|0
S|JUDDG|35887897|-97281356| |IF|0|0|0|0|0|0|0|0|0|0|0|0|0
S|QUOIT|35807825|-97399239| |TF|0|0|0|0|0|0|0|0|0|1|0|0|0
S|QUOIT|35807825|-97399239|END|FM|0|22500|4090|13670|0|0|0|0|0|0|0|0|0

P|JUDDG2|17L|DRLER|0|9
S|DRLER|36196258|-95788083| |IF|0|0|0|0|0|0|0|0|0|0|0|0|0
S|BMART|36130903|-96282822| |TF|0|0|0|0|0|0|0|0|0|0|0|0|0
S|JSTCE|36088239|-96597275| |TF|0|0|0|0|0|0|0|0|0|0|0|0|0
S|MURAH|36012092|-97144239| |TF|0|0|0|0|0|0|0|0|0|0|0|0|0
S|MURAH|36012092|-97144239| |IF|0|0|0|0|0|0|0|0|0|0|0|0|0
S|JUDDG|35887897|-97281356| |TF|0|0|0|0|0|0|0|0|0|0|0|0|0
S|JUDDG|35887897|-97281356| |IF|0|0|0|0|0|0|0|0|0|0|0|0|0
S|ODPIE|35847294|-97371103| |TF|0|0|0|0|0|0|0|0|0|1|0|0|0
S|ODPIE|35847294|-97371103|END|FM|0|23600|4000|13310|0|0|0|0|0|0|0|0|0

P|JUDDG2|35R|DRLER|0|9
S|DRLER|36196258|-95788083| |IF|0|0|0|0|0|0|0|0|0|0|0|0|0
S|BMART|36130903|-96282822| |TF|0|0|0|0|0|0|0|0|0|0|0|0|0
S|JSTCE|36088239|-96597275| |TF|0|0|0|0|0|0|0|0|0|0|0|0|0
S|MURAH|36012092|-97144239| |TF|0|0|0|0|0|0|0|0|0|0|0|0|0
S|MURAH|36012092|-97144239| |IF|0|0|0|0|0|0|0|0|0|0|0|0|0
S|JUDDG|35887897|-97281356| |TF|0|0|0|0|0|0|0|0|0|0|0|0|0
S|JUDDG|35887897|-97281356| |IF|0|0|0|0|0|0|0|0|0|0|0|0|0
S|QUOIT|35807825|-97399239| |TF|0|0|0|0|0|0|0|0|0|1|0|0|0
S|QUOIT|35807825|-97399239|END|FM|0|22500|4090|13670|0|0|0|0|0|0|0|0|0

P|JUDDG2|17L|JTUNE|0|8
S|JTUNE|36360186|-96415375| |IF|0|0|0|0|0|0|0|0|0|0|0|0|0
S|FEDRL|36141667|-97050950| |TF|0|0|0|0|0|0|0|0|0|0|0|0|0
S|MURAH|36012092|-97144239| |TF|0|0|0|0|0|0|0|0|0|0|0|0|0
S|MURAH|36012092|-97144239| |IF|0|0|0|0|0|0|0|0|0|0|0|0|0
S|JUDDG|35887897|-97281356| |TF|0|0|0|0|0|0|0|0|0|0|0|0|0
S|JUDDG|35887897|-97281356| |IF|0|0|0|0|0|0|0|0|0|0|0|0|0
S|ODPIE|35847294|-97371103| |TF|0|0|0|0|0|0|0|0|0|1|0|0|0
S|ODPIE|35847294|-97371103|END|FM|0|23600|4000|13310|0|0|0|0|0|0|0|0|0

P|JUDDG2|35R|JTUNE|0|8
S|JTUNE|36360186|-96415375| |IF|0|0|0|0|0|0|0|0|0|0|0|0|0
S|FEDRL|36141667|-97050950| |TF|0|0|0|0|0|0|0|0|0|0|0|0|0
S|MURAH|36012092|-97144239| |TF|0|0|0|0|0|0|0|0|0|0|0|0|0
S|MURAH|36012092|-97144239| |IF|0|0|0|0|0|0|0|0|0|0|0|0|0
S|JUDDG|35887897|-97281356| |TF|0|0|0|0|0|0|0|0|0|0|0|0|0
S|JUDDG|35887897|-97281356| |IF|0|0|0|0|0|0|0|0|0|0|0|0|0
S|QUOIT|35807825|-97399239| |TF|0|0|0|0|0|0|0|0|0|1|0|0|0
S|QUOIT|35807825|-97399239|END|FM|0|22500|4090|13670|0|0|0|0|0|0|0|0|0

P|JUDDG2|17L|LFRED|0|10
S|LFRED|36911369|-95864383| |IF|0|0|0|0|0|0|0|0|0|0|0|0|0
S|PAAUL|36493347|-96513603| |TF|0|0|0|0|0|0|0|0|0|0|0|0|0
S|MOMMY|36330997|-96762778| |TF|0|0|0|0|0|0|0|0|0|0|0|0|0
S|FEDRL|36141667|-97050950| |TF|0|0|0|0|0|0|0|0|0|0|0|0|0
S|MURAH|36012092|-97144239| |TF|0|0|0|0|0|0|0|0|0|0|0|0|0
S|MURAH|36012092|-97144239| |IF|0|0|0|0|0|0|0|0|0|0|0|0|0
S|JUDDG|35887897|-97281356| |TF|0|0|0|0|0|0|0|0|0|0|0|0|0
S|JUDDG|35887897|-97281356| |IF|0|0|0|0|0|0|0|0|0|0|0|0|0
S|ODPIE|35847294|-97371103| |TF|0|0|0|0|0|0|0|0|0|1|0|0|0
S|ODPIE|35847294|-97371103|END|FM|0|23600|4000|13310|0|0|0|0|0|0|0|0|0

P|JUDDG2|35R|LFRED|0|10
S|LFRED|36911369|-95864383| |IF|0|0|0|0|0|0|0|0|0|0|0|0|0
S|PAAUL|36493347|-96513603| |TF|0|0|0|0|0|0|0|0|0|0|0|0|0
S|MOMMY|36330997|-96762778| |TF|0|0|0|0|0|0|0|0|0|0|0|0|0
S|FEDRL|36141667|-97050950| |TF|0|0|0|0|0|0|0|0|0|0|0|0|0
S|MURAH|36012092|-97144239| |TF|0|0|0|0|0|0|0|0|0|0|0|0|0
S|MURAH|36012092|-97144239| |IF|0|0|0|0|0|0|0|0|0|0|0|0|0
S|JUDDG|35887897|-97281356| |TF|0|0|0|0|0|0|0|0|0|0|0|0|0
S|JUDDG|35887897|-97281356| |IF|0|0|0|0|0|0|0|0|0|0|0|0|0
S|QUOIT|35807825|-97399239| |TF|0|0|0|0|0|0|0|0|0|1|0|0|0
S|QUOIT|35807825|-97399239|END|FM|0|22500|4090|13670|0|0|0|0|0|0|0|0|0

P|JUDDG2|17L|MPYRE|0|10
S|MPYRE|36527858|-95918781| |IF|0|0|0|0|0|0|0|0|0|0|0|0|0
S|JTUNE|36360186|-96415375| |TF|0|0|0|0|0|0|0|0|0|0|0|0|0
S|KNEWT|36259567|-96709839| |TF|0|0|0|0|0|0|0|0|0|0|0|0|0
S|FEDRL|36141667|-97050950| |TF|0|0|0|0|0|0|0|0|0|0|0|0|0
S|MURAH|36012092|-97144239| |TF|0|0|0|0|0|0|0|0|0|0|0|0|0
S|MURAH|36012092|-97144239| |IF|0|0|0|0|0|0|0|0|0|0|0|0|0
S|JUDDG|35887897|-97281356| |TF|0|0|0|0|0|0|0|0|0|0|0|0|0
S|JUDDG|35887897|-97281356| |IF|0|0|0|0|0|0|0|0|0|0|0|0|0
S|ODPIE|35847294|-97371103| |TF|0|0|0|0|0|0|0|0|0|1|0|0|0
S|ODPIE|35847294|-97371103|END|FM|0|23600|4000|13310|0|0|0|0|0|0|0|0|0

P|JUDDG2|35R|MPYRE|0|10
S|MPYRE|36527858|-95918781| |IF|0|0|0|0|0|0|0|0|0|0|0|0|0
S|JTUNE|36360186|-96415375| |TF|0|0|0|0|0|0|0|0|0|0|0|0|0
S|KNEWT|36259567|-96709839| |TF|0|0|0|0|0|0|0|0|0|0|0|0|0
S|FEDRL|36141667|-97050950| |TF|0|0|0|0|0|0|0|0|0|0|0|0|0
S|MURAH|36012092|-97144239| |TF|0|0|0|0|0|0|0|0|0|0|0|0|0
S|MURAH|36012092|-97144239| |IF|0|0|0|0|0|0|0|0|0|0|0|0|0
S|JUDDG|35887897|-97281356| |TF|0|0|0|0|0|0|0|0|0|0|0|0|0
S|JUDDG|35887897|-97281356| |IF|0|0|0|0|0|0|0|0|0|0|0|0|0
S|QUOIT|35807825|-97399239| |TF|0|0|0|0|0|0|0|0|0|1|0|0|0
S|QUOIT|35807825|-97399239|END|FM|0|22500|4090|13670|0|0|0|0|0|0|0|0|0

P|JUDDG2|17L|PAAUL|0|8
S|PAAUL|36493347|-96513603| |IF|0|0|0|0|0|0|0|0|0|0|0|0|0
S|FEDRL|36141667|-97050950| |TF|0|0|0|0|0|0|0|0|0|0|0|0|0
S|MURAH|36012092|-97144239| |TF|0|0|0|0|0|0|0|0|0|0|0|0|0
S|MURAH|36012092|-97144239| |IF|0|0|0|0|0|0|0|0|0|0|0|0|0
S|JUDDG|35887897|-97281356| |TF|0|0|0|0|0|0|0|0|0|0|0|0|0
S|JUDDG|35887897|-97281356| |IF|0|0|0|0|0|0|0|0|0|0|0|0|0
S|ODPIE|35847294|-97371103| |TF|0|0|0|0|0|0|0|0|0|1|0|0|0
S|ODPIE|35847294|-97371103|END|FM|0|23600|4000|13310|0|0|0|0|0|0|0|0|0

P|JUDDG2|35R|PAAUL|0|8
S|PAAUL|36493347|-96513603| |IF|0|0|0|0|0|0|0|0|0|0|0|0|0
S|FEDRL|36141667|-97050950| |TF|0|0|0|0|0|0|0|0|0|0|0|0|0
S|MURAH|36012092|-97144239| |TF|0|0|0|0|0|0|0|0|0|0|0|0|0
S|MURAH|36012092|-97144239| |IF|0|0|0|0|0|0|0|0|0|0|0|0|0
S|JUDDG|35887897|-97281356| |TF|0|0|0|0|0|0|0|0|0|0|0|0|0
S|JUDDG|35887897|-97281356| |IF|0|0|0|0|0|0|0|0|0|0|0|0|0
S|QUOIT|35807825|-97399239| |TF|0|0|0|0|0|0|0|0|0|1|0|0|0
S|QUOIT|35807825|-97399239|END|FM|0|22500|4090|13670|0|0|0|0|0|0|0|0|0

P|WAYMN1|17L|FIGET|0|10
S|FIGET|34782222|-97245000| |IF|0|0|0|0|0|0|0|0|0|0|0|0|0
S|TSDEL|34895586|-97329831| |TF|0|0|0|0|0|0|0|0|0|0|0|0|0
S|TSDEL|34895586|-97329831| |IF|0|0|0|0|0|0|0|0|0|0|0|0|0
S|WAYMN|35075200|-97466692| |TF|0|0|0|0|0|0|0|0|0|0|0|0|0
S|WAYMN|35075200|-97466692| |IF|0|0|0|0|0|0|0|0|0|0|0|0|0
S|BAISS|35178169|-97473328| |TF|0|0|0|0|0|0|0|0|0|0|0|0|0
S|DIGSE|35294950|-97480817| |TF|0|0|0|0|0|0|0|0|0|0|0|0|0
S|PALMR|35386808|-97486758| |TF|0|0|0|0|0|0|0|0|0|0|0|0|0
S|ISAKE|35455247|-97486817| |TF|0|0|0|0|0|0|0|0|0|1|0|0|0
S|ISAKE|35455247|-97486817|END|FM|0|35500|5730|15330|0|0|0|0|0|0|0|0|0

P|WAYMN1|35R|FIGET|0|7
S|FIGET|34782222|-97245000| |IF|0|0|0|0|0|0|0|0|0|0|0|0|0
S|TSDEL|34895586|-97329831| |TF|0|0|0|0|0|0|0|0|0|0|0|0|0
S|TSDEL|34895586|-97329831| |IF|0|0|0|0|0|0|0|0|0|0|0|0|0
S|WAYMN|35075200|-97466692| |TF|0|0|0|0|0|0|0|0|0|0|0|0|0
S|WAYMN|35075200|-97466692| |IF|0|0|0|0|0|0|0|0|0|0|0|0|0
S|NUTRE|35223806|-97605581| |TF|0|0|0|0|0|0|0|0|0|1|0|0|0
S|NUTRE|35223806|-97605581|END|FM|0|31800|6890|16210|0|0|0|0|0|0|0|0|0

P|WAYMN1|17L|ZEMMA|0|11
S|ZEMMA|34383836|-96990003| |IF|0|0|0|0|0|0|0|0|0|0|0|0|0
S|FIGET|34782222|-97245000| |TF|0|0|0|0|0|0|0|0|0|0|0|0|0
S|TSDEL|34895586|-97329831| |TF|0|0|0|0|0|0|0|0|0|0|0|0|0
S|TSDEL|34895586|-97329831| |IF|0|0|0|0|0|0|0|0|0|0|0|0|0
S|WAYMN|35075200|-97466692| |TF|0|0|0|0|0|0|0|0|0|0|0|0|0
S|WAYMN|35075200|-97466692| |IF|0|0|0|0|0|0|0|0|0|0|0|0|0
S|BAISS|35178169|-97473328| |TF|0|0|0|0|0|0|0|0|0|0|0|0|0
S|DIGSE|35294950|-97480817| |TF|0|0|0|0|0|0|0|0|0|0|0|0|0
S|PALMR|35386808|-97486758| |TF|0|0|0|0|0|0|0|0|0|0|0|0|0
S|ISAKE|35455247|-97486817| |TF|0|0|0|0|0|0|0|0|0|1|0|0|0
S|ISAKE|35455247|-97486817|END|FM|0|35500|5730|15330|0|0|0|0|0|0|0|0|0

P|WAYMN1|35R|ZEMMA|0|8
S|ZEMMA|34383836|-96990003| |IF|0|0|0|0|0|0|0|0|0|0|0|0|0
S|FIGET|34782222|-97245000| |TF|0|0|0|0|0|0|0|0|0|0|0|0|0
S|TSDEL|34895586|-97329831| |TF|0|0|0|0|0|0|0|0|0|0|0|0|0
S|TSDEL|34895586|-97329831| |IF|0|0|0|0|0|0|0|0|0|0|0|0|0
S|WAYMN|35075200|-97466692| |TF|0|0|0|0|0|0|0|0|0|0|0|0|0
S|WAYMN|35075200|-97466692| |IF|0|0|0|0|0|0|0|0|0|0|0|0|0
S|NUTRE|35223806|-97605581| |TF|0|0|0|0|0|0|0|0|0|1|0|0|0
S|NUTRE|35223806|-97605581|END|FM|0|31800|6890|16210|0|0|0|0|0|0|0|0|0

