P|AAVON1|ALL|HYPPE|0|5
S|HYPPE|40374381|-109247044| |IF|0|0|0|0|0|0|0|0|0|0|0|0|0
S|AAVON|39764239|-108136019| |TF|0|0|0|0|0|0|0|0|0|0|0|0|0
S|AAVON|39764239|-108136019| |IF|0|0|0|0|0|0|0|0|0|0|0|0|0
S|GRFLD|39719017|-107740406| |TF|0|0|0|0|0|0|0|17000|0|1|0|0|0
S|GRFLD|39719017|-107740406|EKR|FM|0|8900|2260|14880|0|0|0|0|0|0|0|0|0

P|AAVON1|ALL|IBSKI|0|7
S|IBSKI|37997200|-109997208| |IF|0|0|0|0|0|0|0|0|0|0|0|0|0
S|TESSY|39496200|-108829822| |TF|0|0|0|0|0|0|0|0|0|0|0|0|0
S|PPLAY|39659386|-108409147| |TF|0|0|0|0|0|0|0|0|0|0|0|0|0
S|AAVON|39764239|-108136019| |TF|0|0|0|0|0|0|0|0|0|0|0|0|0
S|AAVON|39764239|-108136019| |IF|0|0|0|0|0|0|0|0|0|0|0|0|0
S|GRFLD|39719017|-107740406| |TF|0|0|0|0|0|0|0|17000|0|1|0|0|0
S|GRFLD|39719017|-107740406|EKR|FM|0|8900|2260|14880|0|0|0|0|0|0|0|0|0

P|AAVON1|ALL|KIMMR|0|7
S|KIMMR|39229233|-109958361| |IF|0|0|0|0|0|0|0|0|0|0|0|0|0
S|TESSY|39496200|-108829822| |TF|0|0|0|0|0|0|0|0|0|0|0|0|0
S|PPLAY|39659386|-108409147| |TF|0|0|0|0|0|0|0|0|0|0|0|0|0
S|AAVON|39764239|-108136019| |TF|0|0|0|0|0|0|0|0|0|0|0|0|0
S|AAVON|39764239|-108136019| |IF|0|0|0|0|0|0|0|0|0|0|0|0|0
S|GRFLD|39719017|-107740406| |TF|0|0|0|0|0|0|0|17000|0|1|0|0|0
S|GRFLD|39719017|-107740406|EKR|FM|0|8900|2260|14880|0|0|0|0|0|0|0|0|0

P|AAVON1|ALL|MAESA|0|8
S|MAESA|37510797|-108883753| |IF|0|0|0|0|0|0|0|0|0|0|0|0|0
S|VIRDE|38175608|-108866206| |TF|0|0|0|0|0|0|0|0|0|0|0|0|0
S|TESSY|39496200|-108829822| |TF|0|0|0|0|0|0|0|0|0|0|0|0|0
S|PPLAY|39659386|-108409147| |TF|0|0|0|0|0|0|0|0|0|0|0|0|0
S|AAVON|39764239|-108136019| |TF|0|0|0|0|0|0|0|0|0|0|0|0|0
S|AAVON|39764239|-108136019| |IF|0|0|0|0|0|0|0|0|0|0|0|0|0
S|GRFLD|39719017|-107740406| |TF|0|0|0|0|0|0|0|17000|0|1|0|0|0
S|GRFLD|39719017|-107740406|EKR|FM|0|8900|2260|14880|0|0|0|0|0|0|0|0|0

P|AAVON1|ALL|PPLAY|0|5
S|PPLAY|39659386|-108409147| |IF|0|0|0|0|0|0|0|0|0|0|0|0|0
S|AAVON|39764239|-108136019| |TF|0|0|0|0|0|0|0|0|0|0|0|0|0
S|AAVON|39764239|-108136019| |IF|0|0|0|0|0|0|0|0|0|0|0|0|0
S|GRFLD|39719017|-107740406| |TF|0|0|0|0|0|0|0|17000|0|1|0|0|0
S|GRFLD|39719017|-107740406|EKR|FM|0|8900|2260|14880|0|0|0|0|0|0|0|0|0

P|AAVON1|ALL|TESSY|0|6
S|TESSY|39496200|-108829822| |IF|0|0|0|0|0|0|0|0|0|0|0|0|0
S|PPLAY|39659386|-108409147| |TF|0|0|0|0|0|0|0|0|0|0|0|0|0
S|AAVON|39764239|-108136019| |TF|0|0|0|0|0|0|0|0|0|0|0|0|0
S|AAVON|39764239|-108136019| |IF|0|0|0|0|0|0|0|0|0|0|0|0|0
S|GRFLD|39719017|-107740406| |TF|0|0|0|0|0|0|0|17000|0|1|0|0|0
S|GRFLD|39719017|-107740406|EKR|FM|0|8900|2260|14880|0|0|0|0|0|0|0|0|0

P|AAVON1|ALL|VIRDE|0|7
S|VIRDE|38175608|-108866206| |IF|0|0|0|0|0|0|0|0|0|0|0|0|0
S|TESSY|39496200|-108829822| |TF|0|0|0|0|0|0|0|0|0|0|0|0|0
S|PPLAY|39659386|-108409147| |TF|0|0|0|0|0|0|0|0|0|0|0|0|0
S|AAVON|39764239|-108136019| |TF|0|0|0|0|0|0|0|0|0|0|0|0|0
S|AAVON|39764239|-108136019| |IF|0|0|0|0|0|0|0|0|0|0|0|0|0
S|GRFLD|39719017|-107740406| |TF|0|0|0|0|0|0|0|17000|0|1|0|0|0
S|GRFLD|39719017|-107740406|EKR|FM|0|8900|2260|14880|0|0|0|0|0|0|0|0|0

P|HAREI1|ALL|CUTTZ|0|7
S|CUTTZ|38483264|-106082617| |IF|0|0|0|0|0|0|3|26000|24000|0|0|0|0
S|DUMBR|38938978|-106460394| |TF|0|0|0|0|0|280|3|21000|19000|0|0|0|0
S|DUMBR|38938978|-106460394| |IF|0|0|0|0|0|280|3|21000|19000|0|0|0|0
S|HAREI|39078294|-106578736| |TF|0|0|0|0|0|250|0|17000|0|0|0|0|0
S|DBL|39439344|-106894681| |TF|0|0|0|0|0|0|0|17000|0|0|0|0|0
S|IIOOU|39479036|-107060281| |TF|0|0|0|0|0|0|0|16000|0|1|0|0|0
S|IIOOU|39479036|-107060281|EKR|FM|0|27800|5330|12210|0|0|0|0|0|0|0|0|0

P|HAREI1|ALL|MMUTT|0|8
S|MMUTT|38080658|-105747819| |IF|0|0|0|0|0|0|0|0|0|0|0|0|0
S|CUTTZ|38483264|-106082617| |TF|0|0|0|0|0|0|3|26000|24000|0|0|0|0
S|DUMBR|38938978|-106460394| |TF|0|0|0|0|0|280|3|21000|19000|0|0|0|0
S|DUMBR|38938978|-106460394| |IF|0|0|0|0|0|280|3|21000|19000|0|0|0|0
S|HAREI|39078294|-106578736| |TF|0|0|0|0|0|250|0|17000|0|0|0|0|0
S|DBL|39439344|-106894681| |TF|0|0|0|0|0|0|0|17000|0|0|0|0|0
S|IIOOU|39479036|-107060281| |TF|0|0|0|0|0|0|0|16000|0|1|0|0|0
S|IIOOU|39479036|-107060281|EKR|FM|0|27800|5330|12210|0|0|0|0|0|0|0|0|0

P|MMARY1|ALL|DORPH|0|12
S|DORPH|39504253|-103231628| |IF|0|0|0|0|0|0|0|0|0|0|0|0|0
S|CBAAS|39550264|-104081575| |TF|0|0|0|0|0|0|0|0|0|0|0|0|0
S|BBEER|39585756|-104603975| |TF|0|0|0|0|0|0|0|0|0|0|0|0|0
S|FLOWS|39645106|-105081769| |TF|0|0|0|0|0|0|0|0|0|0|0|0|0
S|LYKKE|39683250|-105419211| |TF|0|0|0|0|0|0|0|0|0|0|0|0|0
S|WIINE|39610111|-105697519| |TF|0|0|0|0|0|280|3|27000|24000|0|0|0|0
S|SWNCN|39531075|-106067736| |TF|0|0|0|0|0|0|3|24000|20000|0|0|0|0
S|MMARY|39542114|-106433836| |TF|0|0|0|0|0|250|3|19000|17000|0|0|0|0
S|MMARY|39542114|-106433836| |IF|0|0|0|0|0|250|3|19000|17000|0|0|0|0
S|DBL|39439344|-106894681| |TF|0|0|0|0|0|0|0|17000|0|0|0|0|0
S|IIOOU|39479036|-107060281| |TF|0|0|0|0|0|0|0|16000|0|1|0|0|0
S|IIOOU|39479036|-107060281|EKR|FM|0|27800|5330|12210|0|0|0|0|0|0|0|0|0

