P|BRINY2|ALL|ENI|0|6
S|ENI|39053217|-123274328| |IF|0|0|0|0|0|0|0|0|0|0|0|0|0
S|PYE|38079756|-122867828| |TF|0|0|0|0|0|0|0|0|0|0|0|0|0
S|PYE|38079756|-122867828| |IF|0|0|0|0|0|0|0|0|0|0|0|0|0
S|FATHM|37797731|-122792286| |TF|0|0|0|0|0|0|0|0|0|0|0|0|0
S|BRINY|37304761|-122661656| |TF|0|0|0|0|0|0|0|0|0|0|0|0|0
S|OSI|37392500|-122281303| |TF|0|0|0|0|0|0|0|0|0|0|0|0|0

P|BRINY2|ALL|FMG|0|8
S|FMG|39531278|-119656075| |IF|0|0|0|0|0|0|0|0|0|0|0|0|0
S|ILA|39071175|-122027269| |TF|0|0|0|0|0|0|0|0|0|0|0|0|0
S|ENI|39053217|-123274328| |TF|0|0|0|0|0|0|0|0|0|0|0|0|0
S|PYE|38079756|-122867828| |TF|1|0|0|0|0|0|0|0|0|0|0|0|0
S|PYE|38079756|-122867828| |IF|0|0|0|0|0|0|0|0|0|0|0|0|0
S|FATHM|37797731|-122792286| |TF|0|0|0|0|0|0|0|0|0|0|0|0|0
S|BRINY|37304761|-122661656| |TF|0|0|0|0|0|0|0|0|0|0|0|0|0
S|OSI|37392500|-122281303| |TF|0|0|0|0|0|0|0|0|0|0|0|0|0

P|BRINY2|ALL|RBL|0|7
S|RBL|40098911|-122236350| |IF|0|0|0|0|0|0|0|0|0|0|0|0|0
S|ENI|39053217|-123274328| |TF|0|0|0|0|0|0|0|0|0|0|0|0|0
S|PYE|38079756|-122867828| |TF|0|0|0|0|0|0|0|0|0|0|0|0|0
S|PYE|38079756|-122867828| |IF|0|0|0|0|0|0|0|0|0|0|0|0|0
S|FATHM|37797731|-122792286| |TF|0|0|0|0|0|0|0|0|0|0|0|0|0
S|BRINY|37304761|-122661656| |TF|0|0|0|0|0|0|0|0|0|0|0|0|0
S|OSI|37392500|-122281303| |TF|0|0|0|0|0|0|0|0|0|0|0|0|0

P|BRIXX4|ALL|CHBLI|0|8
S|CHBLI|38563978|-122538764| |IF|0|0|0|0|0|0|1|28000|0|0|0|0|0
S|GRIJO|38193303|-122526294| |TF|0|0|0|0|0|280|1|22000|0|0|0|0|0
S|ZINNN|38062364|-122521922| |TF|0|0|0|0|0|0|0|0|0|0|0|0|0
S|CORKK|37733589|-122497550| |TF|0|0|0|0|0|0|1|14000|0|0|0|0|0
S|BRIXX|37617844|-122374528| |TF|0|0|0|0|0|250|0|12000|0|0|0|0|0
S|BRIXX|37617844|-122374528| |IF|0|0|0|0|0|250|0|12000|0|0|0|0|0
S|LUYTA|37294889|-122204553| |TF|0|0|0|0|0|0|0|12000|0|1|0|0|0
S|LUYTA|37294889|-122204553|MCY|FM|0|14000|30710|25950|0|0|0|0|0|0|0|0|0

P|FRLON2|ALL|GGULF|0|8
S|GGULF|38857767|-123085225| |IF|0|0|0|0|0|0|1|28000|0|0|0|0|0
S|FRLON|37862875|-122792619| |TF|0|0|0|0|0|280|1|13000|0|0|0|0|0
S|FRLON|37862875|-122792619| |IF|0|0|0|0|0|280|1|13000|0|0|0|0|0
S|STLER|37701364|-122711064| |TF|0|0|0|0|0|250|0|12000|0|0|0|0|0
S|MNTNA|37538747|-122629342| |TF|0|0|0|0|0|0|0|0|0|0|0|0|0
S|MISSS|37477289|-122483614| |TF|0|0|0|0|0|0|0|7000|0|0|0|0|0
S|PPEGS|37392072|-122281722| |TF|0|0|0|0|0|210|0|5500|0|1|0|0|0
S|PPEGS|37392072|-122281722|SJC|FM|0|14000|1620|25780|0|0|0|0|0|0|0|0|0

P|PYE3|ALL|ENI|0|6
S|ENI|39053217|-123274328| |IF|0|0|0|0|0|0|0|0|0|0|0|0|0
S|PYE|38079756|-122867828| |TF|0|0|0|0|0|0|0|0|0|0|0|0|0
S|PYE|38079756|-122867828| |IF|0|0|0|0|0|0|0|0|0|0|0|0|0
S|STINS|37823678|-122756683| |TF|0|0|0|0|0|0|0|0|0|0|0|0|0
S|HADLY|37402358|-122575592| |TF|0|0|0|0|0|0|0|0|0|0|0|0|0
S|OSI|37392500|-122281303| |TF|0|0|0|0|0|0|0|0|0|0|0|0|0

P|PYE3|ALL|SAC|0|7
S|SAC|38443739|-121551653| |IF|0|0|0|0|0|0|0|0|0|0|0|0|0
S|POPES|38485947|-122345878| |TF|0|0|0|0|0|0|0|0|0|0|0|0|0
S|PYE|38079756|-122867828| |TF|0|0|0|0|0|0|0|0|0|0|0|0|0
S|PYE|38079756|-122867828| |IF|0|0|0|0|0|0|0|0|0|0|0|0|0
S|STINS|37823678|-122756683| |TF|0|0|0|0|0|0|0|0|0|0|0|0|0
S|HADLY|37402358|-122575592| |TF|0|0|0|0|0|0|0|0|0|0|0|0|0
S|OSI|37392500|-122281303| |TF|0|0|0|0|0|0|0|0|0|0|0|0|0

P|RAZRR5|12L|FAANG|0|16
S|FAANG|36999947|-118584089| |IF|0|0|0|0|0|0|0|0|0|0|0|0|0
S|STUBL|37227750|-119946989| |TF|0|0|0|0|0|280|3|27000|24000|0|0|0|0
S|STUBL|37227750|-119946989| |IF|0|0|0|0|0|280|3|27000|24000|0|0|0|0
S|RAZRR|37181300|-120381664| |TF|0|0|0|0|0|0|3|22000|20000|0|0|0|0
S|OUCHH|37139628|-120754675| |TF|0|0|0|0|0|0|3|19000|16000|0|0|0|0
S|NIKKT|37098086|-121126708| |TF|0|0|0|0|0|0|3|14000|10000|0|0|0|0
S|NIKKT|37098086|-121126708| |IF|0|0|0|0|0|0|3|14000|10000|0|0|0|0
S|GOTEE|37037531|-121368069| |TF|0|0|0|0|0|280|3|12000|10000|0|0|0|0
S|SHIKK|37001081|-121515942| |TF|0|0|0|0|0|0|0|0|0|0|0|0|0
S|TRCOT|37081961|-121738633| |TF|0|0|0|0|0|240|1|9000|0|0|0|0|0
S|GGUGL|37125467|-121859500| |TF|0|0|0|0|0|0|3|8000|7000|0|0|0|0
S|GAARY|37190947|-121904306| |TF|0|0|0|0|0|0|1|5800|0|0|0|0|0
S|EDMND|37231919|-121932386| |TF|0|0|0|0|0|0|1|5600|0|0|0|0|0
S|JESEN|37294831|-121975569| |TF|0|0|0|0|0|0|1|4100|0|0|0|0|0
S|HITIR|37323567|-122007392| |TF|0|0|0|0|0|0|0|4000|0|1|0|0|0
S|HITIR|37323567|-122007392|MCY|FM|0|30600|29760|25980|0|0|0|0|0|0|0|0|0

P|RAZRR5|12R|FAANG|0|16
S|FAANG|36999947|-118584089| |IF|0|0|0|0|0|0|0|0|0|0|0|0|0
S|STUBL|37227750|-119946989| |TF|0|0|0|0|0|280|3|27000|24000|0|0|0|0
S|STUBL|37227750|-119946989| |IF|0|0|0|0|0|280|3|27000|24000|0|0|0|0
S|RAZRR|37181300|-120381664| |TF|0|0|0|0|0|0|3|22000|20000|0|0|0|0
S|OUCHH|37139628|-120754675| |TF|0|0|0|0|0|0|3|19000|16000|0|0|0|0
S|NIKKT|37098086|-121126708| |TF|0|0|0|0|0|0|3|14000|10000|0|0|0|0
S|NIKKT|37098086|-121126708| |IF|0|0|0|0|0|0|3|14000|10000|0|0|0|0
S|GOTEE|37037531|-121368069| |TF|0|0|0|0|0|280|3|12000|10000|0|0|0|0
S|SHIKK|37001081|-121515942| |TF|0|0|0|0|0|0|0|0|0|0|0|0|0
S|TRCOT|37081961|-121738633| |TF|0|0|0|0|0|240|1|9000|0|0|0|0|0
S|GGUGL|37125467|-121859500| |TF|0|0|0|0|0|0|3|8000|7000|0|0|0|0
S|GAARY|37190947|-121904306| |TF|0|0|0|0|0|0|1|5800|0|0|0|0|0
S|EDMND|37231919|-121932386| |TF|0|0|0|0|0|0|1|5600|0|0|0|0|0
S|JESEN|37294831|-121975569| |TF|0|0|0|0|0|0|1|4100|0|0|0|0|0
S|HITIR|37323567|-122007392| |TF|0|0|0|0|0|0|0|4000|0|1|0|0|0
S|HITIR|37323567|-122007392|MCY|FM|0|30600|29760|25980|0|0|0|0|0|0|0|0|0

P|RAZRR5|30L|FAANG|0|10
S|FAANG|36999947|-118584089| |IF|0|0|0|0|0|0|0|0|0|0|0|0|0
S|STUBL|37227750|-119946989| |TF|0|0|0|0|0|280|3|27000|24000|0|0|0|0
S|STUBL|37227750|-119946989| |IF|0|0|0|0|0|280|3|27000|24000|0|0|0|0
S|RAZRR|37181300|-120381664| |TF|0|0|0|0|0|0|3|22000|20000|0|0|0|0
S|OUCHH|37139628|-120754675| |TF|0|0|0|0|0|0|3|19000|16000|0|0|0|0
S|NIKKT|37098086|-121126708| |TF|0|0|0|0|0|0|3|14000|10000|0|0|0|0
S|NIKKT|37098086|-121126708| |IF|0|0|0|0|0|0|3|14000|10000|0|0|0|0
S|SEKKO|37129531|-121400836| |TF|0|0|0|0|0|250|3|10000|8000|0|0|0|0
S|SCOPR|37155083|-121630367| |TF|0|0|0|0|0|0|3|7000|5000|0|0|0|0
S|KLIDE|37164175|-121713050| |TF|0|0|0|0|0|230|1|4000|0|0|0|0|0

P|RAZRR5|30R|FAANG|0|10
S|FAANG|36999947|-118584089| |IF|0|0|0|0|0|0|0|0|0|0|0|0|0
S|STUBL|37227750|-119946989| |TF|0|0|0|0|0|280|3|27000|24000|0|0|0|0
S|STUBL|37227750|-119946989| |IF|0|0|0|0|0|280|3|27000|24000|0|0|0|0
S|RAZRR|37181300|-120381664| |TF|0|0|0|0|0|0|3|22000|20000|0|0|0|0
S|OUCHH|37139628|-120754675| |TF|0|0|0|0|0|0|3|19000|16000|0|0|0|0
S|NIKKT|37098086|-121126708| |TF|0|0|0|0|0|0|3|14000|10000|0|0|0|0
S|NIKKT|37098086|-121126708| |IF|0|0|0|0|0|0|3|14000|10000|0|0|0|0
S|SEKKO|37129531|-121400836| |TF|0|0|0|0|0|250|3|10000|8000|0|0|0|0
S|SCOPR|37155083|-121630367| |TF|0|0|0|0|0|0|3|7000|5000|0|0|0|0
S|KLIDE|37164175|-121713050| |TF|0|0|0|0|0|230|1|4000|0|0|0|0|0

P|RAZRR5|12L|KNGRY|0|17
S|KNGRY|38011556|-117557856| |IF|0|0|0|0|0|0|0|0|0|0|0|0|0
S|GYLET|37455556|-119001389| |TF|0|0|0|0|0|0|0|0|0|0|0|0|0
S|STUBL|37227750|-119946989| |TF|0|0|0|0|0|280|3|27000|24000|0|0|0|0
S|STUBL|37227750|-119946989| |IF|0|0|0|0|0|280|3|27000|24000|0|0|0|0
S|RAZRR|37181300|-120381664| |TF|0|0|0|0|0|0|3|22000|20000|0|0|0|0
S|OUCHH|37139628|-120754675| |TF|0|0|0|0|0|0|3|19000|16000|0|0|0|0
S|NIKKT|37098086|-121126708| |TF|0|0|0|0|0|0|3|14000|10000|0|0|0|0
S|NIKKT|37098086|-121126708| |IF|0|0|0|0|0|0|3|14000|10000|0|0|0|0
S|GOTEE|37037531|-121368069| |TF|0|0|0|0|0|280|3|12000|10000|0|0|0|0
S|SHIKK|37001081|-121515942| |TF|0|0|0|0|0|0|0|0|0|0|0|0|0
S|TRCOT|37081961|-121738633| |TF|0|0|0|0|0|240|1|9000|0|0|0|0|0
S|GGUGL|37125467|-121859500| |TF|0|0|0|0|0|0|3|8000|7000|0|0|0|0
S|GAARY|37190947|-121904306| |TF|0|0|0|0|0|0|1|5800|0|0|0|0|0
S|EDMND|37231919|-121932386| |TF|0|0|0|0|0|0|1|5600|0|0|0|0|0
S|JESEN|37294831|-121975569| |TF|0|0|0|0|0|0|1|4100|0|0|0|0|0
S|HITIR|37323567|-122007392| |TF|0|0|0|0|0|0|0|4000|0|1|0|0|0
S|HITIR|37323567|-122007392|MCY|FM|0|30600|29760|25980|0|0|0|0|0|0|0|0|0

P|RAZRR5|12R|KNGRY|0|17
S|KNGRY|38011556|-117557856| |IF|0|0|0|0|0|0|0|0|0|0|0|0|0
S|GYLET|37455556|-119001389| |TF|0|0|0|0|0|0|0|0|0|0|0|0|0
S|STUBL|37227750|-119946989| |TF|0|0|0|0|0|280|3|27000|24000|0|0|0|0
S|STUBL|37227750|-119946989| |IF|0|0|0|0|0|280|3|27000|24000|0|0|0|0
S|RAZRR|37181300|-120381664| |TF|0|0|0|0|0|0|3|22000|20000|0|0|0|0
S|OUCHH|37139628|-120754675| |TF|0|0|0|0|0|0|3|19000|16000|0|0|0|0
S|NIKKT|37098086|-121126708| |TF|0|0|0|0|0|0|3|14000|10000|0|0|0|0
S|NIKKT|37098086|-121126708| |IF|0|0|0|0|0|0|3|14000|10000|0|0|0|0
S|GOTEE|37037531|-121368069| |TF|0|0|0|0|0|280|3|12000|10000|0|0|0|0
S|SHIKK|37001081|-121515942| |TF|0|0|0|0|0|0|0|0|0|0|0|0|0
S|TRCOT|37081961|-121738633| |TF|0|0|0|0|0|240|1|9000|0|0|0|0|0
S|GGUGL|37125467|-121859500| |TF|0|0|0|0|0|0|3|8000|7000|0|0|0|0
S|GAARY|37190947|-121904306| |TF|0|0|0|0|0|0|1|5800|0|0|0|0|0
S|EDMND|37231919|-121932386| |TF|0|0|0|0|0|0|1|5600|0|0|0|0|0
S|JESEN|37294831|-121975569| |TF|0|0|0|0|0|0|1|4100|0|0|0|0|0
S|HITIR|37323567|-122007392| |TF|0|0|0|0|0|0|0|4000|0|1|0|0|0
S|HITIR|37323567|-122007392|MCY|FM|0|30600|29760|25980|0|0|0|0|0|0|0|0|0

P|RAZRR5|30L|KNGRY|0|11
S|KNGRY|38011556|-117557856| |IF|0|0|0|0|0|0|0|0|0|0|0|0|0
S|GYLET|37455556|-119001389| |TF|0|0|0|0|0|0|0|0|0|0|0|0|0
S|STUBL|37227750|-119946989| |TF|0|0|0|0|0|280|3|27000|24000|0|0|0|0
S|STUBL|37227750|-119946989| |IF|0|0|0|0|0|280|3|27000|24000|0|0|0|0
S|RAZRR|37181300|-120381664| |TF|0|0|0|0|0|0|3|22000|20000|0|0|0|0
S|OUCHH|37139628|-120754675| |TF|0|0|0|0|0|0|3|19000|16000|0|0|0|0
S|NIKKT|37098086|-121126708| |TF|0|0|0|0|0|0|3|14000|10000|0|0|0|0
S|NIKKT|37098086|-121126708| |IF|0|0|0|0|0|0|3|14000|10000|0|0|0|0
S|SEKKO|37129531|-121400836| |TF|0|0|0|0|0|250|3|10000|8000|0|0|0|0
S|SCOPR|37155083|-121630367| |TF|0|0|0|0|0|0|3|7000|5000|0|0|0|0
S|KLIDE|37164175|-121713050| |TF|0|0|0|0|0|230|1|4000|0|0|0|0|0

P|RAZRR5|30R|KNGRY|0|11
S|KNGRY|38011556|-117557856| |IF|0|0|0|0|0|0|0|0|0|0|0|0|0
S|GYLET|37455556|-119001389| |TF|0|0|0|0|0|0|0|0|0|0|0|0|0
S|STUBL|37227750|-119946989| |TF|0|0|0|0|0|280|3|27000|24000|0|0|0|0
S|STUBL|37227750|-119946989| |IF|0|0|0|0|0|280|3|27000|24000|0|0|0|0
S|RAZRR|37181300|-120381664| |TF|0|0|0|0|0|0|3|22000|20000|0|0|0|0
S|OUCHH|37139628|-120754675| |TF|0|0|0|0|0|0|3|19000|16000|0|0|0|0
S|NIKKT|37098086|-121126708| |TF|0|0|0|0|0|0|3|14000|10000|0|0|0|0
S|NIKKT|37098086|-121126708| |IF|0|0|0|0|0|0|3|14000|10000|0|0|0|0
S|SEKKO|37129531|-121400836| |TF|0|0|0|0|0|250|3|10000|8000|0|0|0|0
S|SCOPR|37155083|-121630367| |TF|0|0|0|0|0|0|3|7000|5000|0|0|0|0
S|KLIDE|37164175|-121713050| |TF|0|0|0|0|0|230|1|4000|0|0|0|0|0

P|RAZRR5|12L|MDOWS|0|17
S|MDOWS|39784281|-119128322| |IF|0|0|0|0|0|0|0|0|0|0|0|0|0
S|STSHH|38110244|-119671136| |TF|0|0|0|0|0|0|0|0|0|0|0|0|0
S|STUBL|37227750|-119946989| |TF|0|0|0|0|0|280|3|27000|24000|0|0|0|0
S|STUBL|37227750|-119946989| |IF|0|0|0|0|0|280|3|27000|24000|0|0|0|0
S|RAZRR|37181300|-120381664| |TF|0|0|0|0|0|0|3|22000|20000|0|0|0|0
S|OUCHH|37139628|-120754675| |TF|0|0|0|0|0|0|3|19000|16000|0|0|0|0
S|NIKKT|37098086|-121126708| |TF|0|0|0|0|0|0|3|14000|10000|0|0|0|0
S|NIKKT|37098086|-121126708| |IF|0|0|0|0|0|0|3|14000|10000|0|0|0|0
S|GOTEE|37037531|-121368069| |TF|0|0|0|0|0|280|3|12000|10000|0|0|0|0
S|SHIKK|37001081|-121515942| |TF|0|0|0|0|0|0|0|0|0|0|0|0|0
S|TRCOT|37081961|-121738633| |TF|0|0|0|0|0|240|1|9000|0|0|0|0|0
S|GGUGL|37125467|-121859500| |TF|0|0|0|0|0|0|3|8000|7000|0|0|0|0
S|GAARY|37190947|-121904306| |TF|0|0|0|0|0|0|1|5800|0|0|0|0|0
S|EDMND|37231919|-121932386| |TF|0|0|0|0|0|0|1|5600|0|0|0|0|0
S|JESEN|37294831|-121975569| |TF|0|0|0|0|0|0|1|4100|0|0|0|0|0
S|HITIR|37323567|-122007392| |TF|0|0|0|0|0|0|0|4000|0|1|0|0|0
S|HITIR|37323567|-122007392|MCY|FM|0|30600|29760|25980|0|0|0|0|0|0|0|0|0

P|RAZRR5|12R|MDOWS|0|17
S|MDOWS|39784281|-119128322| |IF|0|0|0|0|0|0|0|0|0|0|0|0|0
S|STSHH|38110244|-119671136| |TF|0|0|0|0|0|0|0|0|0|0|0|0|0
S|STUBL|37227750|-119946989| |TF|0|0|0|0|0|280|3|27000|24000|0|0|0|0
S|STUBL|37227750|-119946989| |IF|0|0|0|0|0|280|3|27000|24000|0|0|0|0
S|RAZRR|37181300|-120381664| |TF|0|0|0|0|0|0|3|22000|20000|0|0|0|0
S|OUCHH|37139628|-120754675| |TF|0|0|0|0|0|0|3|19000|16000|0|0|0|0
S|NIKKT|37098086|-121126708| |TF|0|0|0|0|0|0|3|14000|10000|0|0|0|0
S|NIKKT|37098086|-121126708| |IF|0|0|0|0|0|0|3|14000|10000|0|0|0|0
S|GOTEE|37037531|-121368069| |TF|0|0|0|0|0|280|3|12000|10000|0|0|0|0
S|SHIKK|37001081|-121515942| |TF|0|0|0|0|0|0|0|0|0|0|0|0|0
S|TRCOT|37081961|-121738633| |TF|0|0|0|0|0|240|1|9000|0|0|0|0|0
S|GGUGL|37125467|-121859500| |TF|0|0|0|0|0|0|3|8000|7000|0|0|0|0
S|GAARY|37190947|-121904306| |TF|0|0|0|0|0|0|1|5800|0|0|0|0|0
S|EDMND|37231919|-121932386| |TF|0|0|0|0|0|0|1|5600|0|0|0|0|0
S|JESEN|37294831|-121975569| |TF|0|0|0|0|0|0|1|4100|0|0|0|0|0
S|HITIR|37323567|-122007392| |TF|0|0|0|0|0|0|0|4000|0|1|0|0|0
S|HITIR|37323567|-122007392|MCY|FM|0|30600|29760|25980|0|0|0|0|0|0|0|0|0

P|RAZRR5|30L|MDOWS|0|11
S|MDOWS|39784281|-119128322| |IF|0|0|0|0|0|0|0|0|0|0|0|0|0
S|STSHH|38110244|-119671136| |TF|0|0|0|0|0|0|0|0|0|0|0|0|0
S|STUBL|37227750|-119946989| |TF|0|0|0|0|0|280|3|27000|24000|0|0|0|0
S|STUBL|37227750|-119946989| |IF|0|0|0|0|0|280|3|27000|24000|0|0|0|0
S|RAZRR|37181300|-120381664| |TF|0|0|0|0|0|0|3|22000|20000|0|0|0|0
S|OUCHH|37139628|-120754675| |TF|0|0|0|0|0|0|3|19000|16000|0|0|0|0
S|NIKKT|37098086|-121126708| |TF|0|0|0|0|0|0|3|14000|10000|0|0|0|0
S|NIKKT|37098086|-121126708| |IF|0|0|0|0|0|0|3|14000|10000|0|0|0|0
S|SEKKO|37129531|-121400836| |TF|0|0|0|0|0|250|3|10000|8000|0|0|0|0
S|SCOPR|37155083|-121630367| |TF|0|0|0|0|0|0|3|7000|5000|0|0|0|0
S|KLIDE|37164175|-121713050| |TF|0|0|0|0|0|230|1|4000|0|0|0|0|0

P|RAZRR5|30R|MDOWS|0|11
S|MDOWS|39784281|-119128322| |IF|0|0|0|0|0|0|0|0|0|0|0|0|0
S|STSHH|38110244|-119671136| |TF|0|0|0|0|0|0|0|0|0|0|0|0|0
S|STUBL|37227750|-119946989| |TF|0|0|0|0|0|280|3|27000|24000|0|0|0|0
S|STUBL|37227750|-119946989| |IF|0|0|0|0|0|280|3|27000|24000|0|0|0|0
S|RAZRR|37181300|-120381664| |TF|0|0|0|0|0|0|3|22000|20000|0|0|0|0
S|OUCHH|37139628|-120754675| |TF|0|0|0|0|0|0|3|19000|16000|0|0|0|0
S|NIKKT|37098086|-121126708| |TF|0|0|0|0|0|0|3|14000|10000|0|0|0|0
S|NIKKT|37098086|-121126708| |IF|0|0|0|0|0|0|3|14000|10000|0|0|0|0
S|SEKKO|37129531|-121400836| |TF|0|0|0|0|0|250|3|10000|8000|0|0|0|0
S|SCOPR|37155083|-121630367| |TF|0|0|0|0|0|0|3|7000|5000|0|0|0|0
S|KLIDE|37164175|-121713050| |TF|0|0|0|0|0|230|1|4000|0|0|0|0|0

P|RAZRR5|12L|RUSME|0|17
S|RUSME|37494167|-117520000| |IF|0|0|0|0|0|0|0|0|0|0|0|0|0
S|CANDA|37389592|-118783864| |TF|0|0|0|0|0|0|0|0|0|0|0|0|0
S|STUBL|37227750|-119946989| |TF|0|0|0|0|0|280|3|27000|24000|0|0|0|0
S|STUBL|37227750|-119946989| |IF|0|0|0|0|0|280|3|27000|24000|0|0|0|0
S|RAZRR|37181300|-120381664| |TF|0|0|0|0|0|0|3|22000|20000|0|0|0|0
S|OUCHH|37139628|-120754675| |TF|0|0|0|0|0|0|3|19000|16000|0|0|0|0
S|NIKKT|37098086|-121126708| |TF|0|0|0|0|0|0|3|14000|10000|0|0|0|0
S|NIKKT|37098086|-121126708| |IF|0|0|0|0|0|0|3|14000|10000|0|0|0|0
S|GOTEE|37037531|-121368069| |TF|0|0|0|0|0|280|3|12000|10000|0|0|0|0
S|SHIKK|37001081|-121515942| |TF|0|0|0|0|0|0|0|0|0|0|0|0|0
S|TRCOT|37081961|-121738633| |TF|0|0|0|0|0|240|1|9000|0|0|0|0|0
S|GGUGL|37125467|-121859500| |TF|0|0|0|0|0|0|3|8000|7000|0|0|0|0
S|GAARY|37190947|-121904306| |TF|0|0|0|0|0|0|1|5800|0|0|0|0|0
S|EDMND|37231919|-121932386| |TF|0|0|0|0|0|0|1|5600|0|0|0|0|0
S|JESEN|37294831|-121975569| |TF|0|0|0|0|0|0|1|4100|0|0|0|0|0
S|HITIR|37323567|-122007392| |TF|0|0|0|0|0|0|0|4000|0|1|0|0|0
S|HITIR|37323567|-122007392|MCY|FM|0|30600|29760|25980|0|0|0|0|0|0|0|0|0

P|RAZRR5|12R|RUSME|0|17
S|RUSME|37494167|-117520000| |IF|0|0|0|0|0|0|0|0|0|0|0|0|0
S|CANDA|37389592|-118783864| |TF|0|0|0|0|0|0|0|0|0|0|0|0|0
S|STUBL|37227750|-119946989| |TF|0|0|0|0|0|280|3|27000|24000|0|0|0|0
S|STUBL|37227750|-119946989| |IF|0|0|0|0|0|280|3|27000|24000|0|0|0|0
S|RAZRR|37181300|-120381664| |TF|0|0|0|0|0|0|3|22000|20000|0|0|0|0
S|OUCHH|37139628|-120754675| |TF|0|0|0|0|0|0|3|19000|16000|0|0|0|0
S|NIKKT|37098086|-121126708| |TF|0|0|0|0|0|0|3|14000|10000|0|0|0|0
S|NIKKT|37098086|-121126708| |IF|0|0|0|0|0|0|3|14000|10000|0|0|0|0
S|GOTEE|37037531|-121368069| |TF|0|0|0|0|0|280|3|12000|10000|0|0|0|0
S|SHIKK|37001081|-121515942| |TF|0|0|0|0|0|0|0|0|0|0|0|0|0
S|TRCOT|37081961|-121738633| |TF|0|0|0|0|0|240|1|9000|0|0|0|0|0
S|GGUGL|37125467|-121859500| |TF|0|0|0|0|0|0|3|8000|7000|0|0|0|0
S|GAARY|37190947|-121904306| |TF|0|0|0|0|0|0|1|5800|0|0|0|0|0
S|EDMND|37231919|-121932386| |TF|0|0|0|0|0|0|1|5600|0|0|0|0|0
S|JESEN|37294831|-121975569| |TF|0|0|0|0|0|0|1|4100|0|0|0|0|0
S|HITIR|37323567|-122007392| |TF|0|0|0|0|0|0|0|4000|0|1|0|0|0
S|HITIR|37323567|-122007392|MCY|FM|0|30600|29760|25980|0|0|0|0|0|0|0|0|0

P|RAZRR5|30L|RUSME|0|11
S|RUSME|37494167|-117520000| |IF|0|0|0|0|0|0|0|0|0|0|0|0|0
S|CANDA|37389592|-118783864| |TF|0|0|0|0|0|0|0|0|0|0|0|0|0
S|STUBL|37227750|-119946989| |TF|0|0|0|0|0|280|3|27000|24000|0|0|0|0
S|STUBL|37227750|-119946989| |IF|0|0|0|0|0|280|3|27000|24000|0|0|0|0
S|RAZRR|37181300|-120381664| |TF|0|0|0|0|0|0|3|22000|20000|0|0|0|0
S|OUCHH|37139628|-120754675| |TF|0|0|0|0|0|0|3|19000|16000|0|0|0|0
S|NIKKT|37098086|-121126708| |TF|0|0|0|0|0|0|3|14000|10000|0|0|0|0
S|NIKKT|37098086|-121126708| |IF|0|0|0|0|0|0|3|14000|10000|0|0|0|0
S|SEKKO|37129531|-121400836| |TF|0|0|0|0|0|250|3|10000|8000|0|0|0|0
S|SCOPR|37155083|-121630367| |TF|0|0|0|0|0|0|3|7000|5000|0|0|0|0
S|KLIDE|37164175|-121713050| |TF|0|0|0|0|0|230|1|4000|0|0|0|0|0

P|RAZRR5|30R|RUSME|0|11
S|RUSME|37494167|-117520000| |IF|0|0|0|0|0|0|0|0|0|0|0|0|0
S|CANDA|37389592|-118783864| |TF|0|0|0|0|0|0|0|0|0|0|0|0|0
S|STUBL|37227750|-119946989| |TF|0|0|0|0|0|280|3|27000|24000|0|0|0|0
S|STUBL|37227750|-119946989| |IF|0|0|0|0|0|280|3|27000|24000|0|0|0|0
S|RAZRR|37181300|-120381664| |TF|0|0|0|0|0|0|3|22000|20000|0|0|0|0
S|OUCHH|37139628|-120754675| |TF|0|0|0|0|0|0|3|19000|16000|0|0|0|0
S|NIKKT|37098086|-121126708| |TF|0|0|0|0|0|0|3|14000|10000|0|0|0|0
S|NIKKT|37098086|-121126708| |IF|0|0|0|0|0|0|3|14000|10000|0|0|0|0
S|SEKKO|37129531|-121400836| |TF|0|0|0|0|0|250|3|10000|8000|0|0|0|0
S|SCOPR|37155083|-121630367| |TF|0|0|0|0|0|0|3|7000|5000|0|0|0|0
S|KLIDE|37164175|-121713050| |TF|0|0|0|0|0|230|1|4000|0|0|0|0|0

P|RISTI1|ALL|ORRCA|0|9
S|ORRCA|38443658|-121551622| |IF|0|0|0|0|0|0|0|0|0|0|0|0|0
S|HAIRE|37907136|-121480378| |TF|0|0|0|0|0|0|0|0|0|0|0|0|0
S|BYRON|37822864|-121469369| |TF|0|0|0|0|0|0|0|0|0|0|0|0|0
S|TRACY|37731439|-121459303| |TF|0|0|0|0|0|0|0|0|0|0|0|0|0
S|MOVDD|37661356|-121448203| |TF|0|0|0|0|0|0|0|0|0|0|0|0|0
S|RISTI|37608125|-121533278| |TF|0|0|0|0|0|0|0|0|0|0|0|0|0
S|RISTI|37608125|-121533278| |IF|0|0|0|0|0|0|0|0|0|0|0|0|0
S|CEDES|37550822|-121624586| |TF|0|0|0|0|0|0|0|9000|0|1|0|0|0
S|KSJC|37362994|-121928619| |VM|0|22000|0|0|0|0|0|0|0|0|0|0|0

P|RISTI1|ALL|TIPRE|0|7
S|TIPRE|38205833|-121035833| |IF|0|0|0|0|0|0|0|0|0|0|0|0|0
S|OOWEN|37706992|-121274781| |TF|0|0|0|0|0|0|0|0|0|0|0|0|0
S|MOVDD|37661356|-121448203| |TF|0|0|0|0|0|0|0|0|0|0|0|0|0
S|RISTI|37608125|-121533278| |TF|0|0|0|0|0|0|0|0|0|0|0|0|0
S|RISTI|37608125|-121533278| |IF|0|0|0|0|0|0|0|0|0|0|0|0|0
S|CEDES|37550822|-121624586| |TF|0|0|0|0|0|0|0|9000|0|1|0|0|0
S|KSJC|37362994|-121928619| |VM|0|22000|0|0|0|0|0|0|0|0|0|0|0

P|ROBIE5|ALL|AVE|0|6
S|AVE|35646975|-119978606| |IF|0|0|0|0|0|0|0|0|0|0|0|0|0
S|ROBIE|35981472|-121009458| |TF|0|0|0|0|0|0|0|0|0|0|0|0|0
S|ROBIE|35981472|-121009458| |IF|0|0|0|0|0|0|0|0|0|0|0|0|0
S|GOALI|36459453|-121423983| |TF|0|0|0|0|0|0|0|0|0|0|0|0|0
S|SNS|36663836|-121603183| |TF|0|0|0|0|0|0|0|0|0|0|0|0|0
S|GILRO|37046283|-121568544| |TF|0|0|0|0|0|0|0|0|0|0|0|0|0

P|ROBIE5|ALL|RZS|0|6
S|RZS|34509533|-119770989| |IF|0|0|0|0|0|0|0|0|0|0|0|0|0
S|ROBIE|35981472|-121009458| |TF|0|0|0|0|0|0|0|0|0|0|0|0|0
S|ROBIE|35981472|-121009458| |IF|0|0|0|0|0|0|0|0|0|0|0|0|0
S|GOALI|36459453|-121423983| |TF|0|0|0|0|0|0|0|0|0|0|0|0|0
S|SNS|36663836|-121603183| |TF|0|0|0|0|0|0|0|0|0|0|0|0|0
S|GILRO|37046283|-121568544| |TF|0|0|0|0|0|0|0|0|0|0|0|0|0

P|SILCN6|12L|TROXX|0|13
S|TROXX|36008081|-120961222| |IF|0|0|0|0|0|280|3|32000|26000|0|0|0|0
S|SILCN|36353644|-121290786| |TF|0|0|0|0|0|280|1|20000|0|0|0|0|0
S|SILCN|36353644|-121290786| |IF|0|0|0|0|0|280|1|20000|0|0|0|0|0
S|VLLEY|36498853|-121430831| |TF|0|0|0|0|0|280|3|19000|15000|0|0|0|0
S|VLLEY|36498853|-121430831| |IF|0|0|0|0|0|280|3|19000|15000|0|0|0|0
S|BAXBE|36770508|-121615803| |TF|0|0|0|0|0|0|1|12000|0|0|0|0|0
S|APLLE|37033575|-121796372| |TF|0|0|0|0|0|240|1|9000|0|0|0|0|0
S|GGUGL|37125467|-121859500| |TF|0|0|0|0|0|0|3|8000|7000|0|0|0|0
S|GAARY|37190947|-121904306| |TF|0|0|0|0|0|0|1|5800|0|0|0|0|0
S|EDMND|37231919|-121932386| |TF|0|0|0|0|0|0|1|5600|0|0|0|0|0
S|JESEN|37294831|-121975569| |TF|0|0|0|0|0|0|1|4100|0|0|0|0|0
S|HITIR|37323567|-122007392| |TF|0|0|0|0|0|0|0|4000|0|1|0|0|0
S|HITIR|37323567|-122007392|MCY|FM|0|30600|29760|25980|0|0|0|0|0|0|0|0|0

P|SILCN6|12R|TROXX|0|13
S|TROXX|36008081|-120961222| |IF|0|0|0|0|0|280|3|32000|26000|0|0|0|0
S|SILCN|36353644|-121290786| |TF|0|0|0|0|0|280|1|20000|0|0|0|0|0
S|SILCN|36353644|-121290786| |IF|0|0|0|0|0|280|1|20000|0|0|0|0|0
S|VLLEY|36498853|-121430831| |TF|0|0|0|0|0|280|3|19000|15000|0|0|0|0
S|VLLEY|36498853|-121430831| |IF|0|0|0|0|0|280|3|19000|15000|0|0|0|0
S|BAXBE|36770508|-121615803| |TF|0|0|0|0|0|0|1|12000|0|0|0|0|0
S|APLLE|37033575|-121796372| |TF|0|0|0|0|0|240|1|9000|0|0|0|0|0
S|GGUGL|37125467|-121859500| |TF|0|0|0|0|0|0|3|8000|7000|0|0|0|0
S|GAARY|37190947|-121904306| |TF|0|0|0|0|0|0|1|5800|0|0|0|0|0
S|EDMND|37231919|-121932386| |TF|0|0|0|0|0|0|1|5600|0|0|0|0|0
S|JESEN|37294831|-121975569| |TF|0|0|0|0|0|0|1|4100|0|0|0|0|0
S|HITIR|37323567|-122007392| |TF|0|0|0|0|0|0|0|4000|0|1|0|0|0
S|HITIR|37323567|-122007392|MCY|FM|0|30600|29760|25980|0|0|0|0|0|0|0|0|0

P|SILCN6|30L|TROXX|0|9
S|TROXX|36008081|-120961222| |IF|0|0|0|0|0|280|3|32000|26000|0|0|0|0
S|SILCN|36353644|-121290786| |TF|0|0|0|0|0|280|1|20000|0|0|0|0|0
S|SILCN|36353644|-121290786| |IF|0|0|0|0|0|280|1|20000|0|0|0|0|0
S|VLLEY|36498853|-121430831| |TF|0|0|0|0|0|280|3|19000|15000|0|0|0|0
S|VLLEY|36498853|-121430831| |IF|0|0|0|0|0|280|3|19000|15000|0|0|0|0
S|GUUYY|36737000|-121531403| |TF|0|0|0|0|0|0|1|11000|0|0|0|0|0
S|WLSSN|36925028|-121611369| |TF|0|0|0|0|0|250|3|11000|8000|0|0|0|0
S|GSTEE|37062486|-121669731| |TF|0|0|0|0|0|0|3|7200|4200|0|0|0|0
S|KLIDE|37164175|-121713050| |TF|0|0|0|0|0|230|1|4000|0|0|0|0|0

P|SILCN6|30R|TROXX|0|9
S|TROXX|36008081|-120961222| |IF|0|0|0|0|0|280|3|32000|26000|0|0|0|0
S|SILCN|36353644|-121290786| |TF|0|0|0|0|0|280|1|20000|0|0|0|0|0
S|SILCN|36353644|-121290786| |IF|0|0|0|0|0|280|1|20000|0|0|0|0|0
S|VLLEY|36498853|-121430831| |TF|0|0|0|0|0|280|3|19000|15000|0|0|0|0
S|VLLEY|36498853|-121430831| |IF|0|0|0|0|0|280|3|19000|15000|0|0|0|0
S|GUUYY|36737000|-121531403| |TF|0|0|0|0|0|0|1|11000|0|0|0|0|0
S|WLSSN|36925028|-121611369| |TF|0|0|0|0|0|250|3|11000|8000|0|0|0|0
S|GSTEE|37062486|-121669731| |TF|0|0|0|0|0|0|3|7200|4200|0|0|0|0
S|KLIDE|37164175|-121713050| |TF|0|0|0|0|0|230|1|4000|0|0|0|0|0

