P|TTYLR4|ALL|PIE|0|6
S|PIE|27907764|-82684308| |IF|0|0|0|0|0|0|0|5000|0|0|0|0|0
S|SRQ|27407017|-82563661| |TF|0|0|0|0|0|0|0|0|0|0|0|0|0
S|RACNO|26673564|-81491133| |TF|0|0|0|0|0|0|0|0|0|0|0|0|0
S|TTYLR|26932942|-80972525| |TF|0|0|0|0|0|0|0|0|0|0|0|0|0
S|TTYLR|26932942|-80972525| |IF|0|0|0|0|0|0|0|0|0|0|0|0|0
S|PBI|26680056|-80086489| |TF|0|0|0|0|0|0|0|3000|0|0|0|0|0

P|TTYLR4|ALL|RACNO|0|4
S|RACNO|26673564|-81491133| |IF|0|0|0|0|0|0|0|0|0|0|0|0|0
S|TTYLR|26932942|-80972525| |TF|0|0|0|0|0|0|0|0|0|0|0|0|0
S|TTYLR|26932942|-80972525| |IF|0|0|0|0|0|0|0|0|0|0|0|0|0
S|PBI|26680056|-80086489| |TF|0|0|0|0|0|0|0|3000|0|0|0|0|0

P|VUUDU1|ALL|ACORI|0|17
S|ACORI|31773156|-85858197| |IF|0|0|0|0|0|0|0|0|0|0|0|0|0
S|BULZI|30373592|-84076242| |TF|0|0|0|0|0|0|0|0|0|0|0|0|0
S|SNAPY|29814214|-83706558| |TF|0|0|0|0|0|0|0|0|0|0|0|0|0
S|NICKI|29255608|-83342167| |TF|0|0|0|0|0|0|0|0|0|0|0|0|0
S|MOLIE|28032092|-82307097| |TF|0|0|0|0|0|0|0|0|0|0|0|0|0
S|SANTR|27619044|-82167539| |TF|0|0|0|0|0|0|0|0|0|0|0|0|0
S|HORUT|27346406|-82077881| |TF|0|0|0|0|0|280|2|26000|0|0|0|0|0
S|FANTE|27036503|-81974364| |TF|0|0|0|0|0|0|3|25000|24000|0|0|0|0
S|HUCUR|26865692|-81742994| |TF|0|0|0|0|0|0|2|22000|0|0|0|0|0
S|RACNO|26673564|-81491133| |TF|0|0|0|0|0|280|0|19000|0|0|0|0|0
S|LUCYS|26732928|-81238164| |TF|0|0|0|0|0|0|2|15000|0|0|0|0|0
S|SHRVY|26786661|-81007158| |TF|0|0|0|0|0|0|3|13000|11000|0|0|0|0
S|VUUDU|26795194|-80811633| |TF|0|0|0|0|0|0|0|0|0|0|0|0|0
S|VUUDU|26795194|-80811633| |IF|0|0|0|0|0|0|0|0|0|0|0|0|0
S|OWLLL|26797117|-80762925| |TF|0|0|0|0|0|250|0|9000|0|0|0|0|0
S|MSQTO|27090158|-80604872| |TF|0|0|0|0|0|0|0|0|0|1|0|0|0
S|KSUA|27181700|-80221294| |VM|0|5000|0|0|0|0|0|0|0|0|0|0|0

P|VUUDU1|ALL|DEFUN|0|18
S|DEFUN|30814242|-86131414| |IF|0|0|0|0|0|0|0|0|0|0|0|0|0
S|CABLO|30774722|-84840000| |TF|0|0|0|0|0|0|0|0|0|0|0|0|0
S|BULZI|30373592|-84076242| |TF|0|0|0|0|0|0|0|0|0|0|0|0|0
S|SNAPY|29814214|-83706558| |TF|0|0|0|0|0|0|0|0|0|0|0|0|0
S|NICKI|29255608|-83342167| |TF|0|0|0|0|0|0|0|0|0|0|0|0|0
S|MOLIE|28032092|-82307097| |TF|0|0|0|0|0|0|0|0|0|0|0|0|0
S|SANTR|27619044|-82167539| |TF|0|0|0|0|0|0|0|0|0|0|0|0|0
S|HORUT|27346406|-82077881| |TF|0|0|0|0|0|280|2|26000|0|0|0|0|0
S|FANTE|27036503|-81974364| |TF|0|0|0|0|0|0|3|25000|24000|0|0|0|0
S|HUCUR|26865692|-81742994| |TF|0|0|0|0|0|0|2|22000|0|0|0|0|0
S|RACNO|26673564|-81491133| |TF|0|0|0|0|0|280|0|19000|0|0|0|0|0
S|LUCYS|26732928|-81238164| |TF|0|0|0|0|0|0|2|15000|0|0|0|0|0
S|SHRVY|26786661|-81007158| |TF|0|0|0|0|0|0|3|13000|11000|0|0|0|0
S|VUUDU|26795194|-80811633| |TF|0|0|0|0|0|0|0|0|0|0|0|0|0
S|VUUDU|26795194|-80811633| |IF|0|0|0|0|0|0|0|0|0|0|0|0|0
S|OWLLL|26797117|-80762925| |TF|0|0|0|0|0|250|0|9000|0|0|0|0|0
S|MSQTO|27090158|-80604872| |TF|0|0|0|0|0|0|0|0|0|1|0|0|0
S|KSUA|27181700|-80221294| |VM|0|5000|0|0|0|0|0|0|0|0|0|0|0

P|VUUDU1|ALL|ENEME|0|16
S|ENEME|30703358|-82435919| |IF|0|0|0|0|0|0|0|0|0|0|0|0|0
S|FETAL|30184358|-82506878| |TF|0|0|0|0|0|0|0|0|0|0|0|0|0
S|DOFFY|29256314|-82527250| |TF|0|0|0|0|0|0|0|0|0|0|0|0|0
S|MOLIE|28032092|-82307097| |TF|0|0|0|0|0|0|0|0|0|0|0|0|0
S|SANTR|27619044|-82167539| |TF|0|0|0|0|0|0|0|0|0|0|0|0|0
S|HORUT|27346406|-82077881| |TF|0|0|0|0|0|280|2|26000|0|0|0|0|0
S|FANTE|27036503|-81974364| |TF|0|0|0|0|0|0|3|25000|24000|0|0|0|0
S|HUCUR|26865692|-81742994| |TF|0|0|0|0|0|0|2|22000|0|0|0|0|0
S|RACNO|26673564|-81491133| |TF|0|0|0|0|0|280|0|19000|0|0|0|0|0
S|LUCYS|26732928|-81238164| |TF|0|0|0|0|0|0|2|15000|0|0|0|0|0
S|SHRVY|26786661|-81007158| |TF|0|0|0|0|0|0|3|13000|11000|0|0|0|0
S|VUUDU|26795194|-80811633| |TF|0|0|0|0|0|0|0|0|0|0|0|0|0
S|VUUDU|26795194|-80811633| |IF|0|0|0|0|0|0|0|0|0|0|0|0|0
S|OWLLL|26797117|-80762925| |TF|0|0|0|0|0|250|0|9000|0|0|0|0|0
S|MSQTO|27090158|-80604872| |TF|0|0|0|0|0|0|0|0|0|1|0|0|0
S|KSUA|27181700|-80221294| |VM|0|5000|0|0|0|0|0|0|0|0|0|0|0

P|VUUDU1|ALL|GAWKS|0|14
S|GAWKS|27181494|-83087547| |IF|0|0|0|0|0|0|2|31000|0|0|0|0|0
S|BAGGS|27134244|-82840889| |TF|0|0|0|0|0|0|0|0|0|0|0|0|0
S|NOILS|27102947|-82737444| |TF|0|0|0|0|0|0|1|28000|0|0|0|0|0
S|PEBOE|26977022|-82315969| |TF|0|0|0|0|0|280|2|26000|0|0|0|0|0
S|PACLA|26882417|-82056936| |TF|0|0|0|0|0|0|3|25000|24000|0|0|0|0
S|TROPS|26824378|-81898878| |TF|0|0|0|0|0|0|2|22000|0|0|0|0|0
S|RACNO|26673564|-81491133| |TF|0|0|0|0|0|280|0|19000|0|0|0|0|0
S|LUCYS|26732928|-81238164| |TF|0|0|0|0|0|0|2|15000|0|0|0|0|0
S|SHRVY|26786661|-81007158| |TF|0|0|0|0|0|0|3|13000|11000|0|0|0|0
S|VUUDU|26795194|-80811633| |TF|0|0|0|0|0|0|0|0|0|0|0|0|0
S|VUUDU|26795194|-80811633| |IF|0|0|0|0|0|0|0|0|0|0|0|0|0
S|OWLLL|26797117|-80762925| |TF|0|0|0|0|0|250|0|9000|0|0|0|0|0
S|MSQTO|27090158|-80604872| |TF|0|0|0|0|0|0|0|0|0|1|0|0|0
S|KSUA|27181700|-80221294| |VM|0|5000|0|0|0|0|0|0|0|0|0|0|0

P|VUUDU1|ALL|LUCYS|0|7
S|LUCYS|26732928|-81238164| |IF|0|0|0|0|0|0|2|15000|0|0|0|0|0
S|SHRVY|26786661|-81007158| |TF|0|0|0|0|0|0|3|13000|11000|0|0|0|0
S|VUUDU|26795194|-80811633| |TF|0|0|0|0|0|0|0|0|0|0|0|0|0
S|VUUDU|26795194|-80811633| |IF|0|0|0|0|0|0|0|0|0|0|0|0|0
S|OWLLL|26797117|-80762925| |TF|0|0|0|0|0|250|0|9000|0|0|0|0|0
S|MSQTO|27090158|-80604872| |TF|0|0|0|0|0|0|0|0|0|1|0|0|0
S|KSUA|27181700|-80221294| |VM|0|5000|0|0|0|0|0|0|0|0|0|0|0

P|VUUDU1|ALL|MOLIE|0|13
S|MOLIE|28032092|-82307097| |IF|0|0|0|0|0|0|0|0|0|0|0|0|0
S|SANTR|27619044|-82167539| |TF|0|0|0|0|0|0|0|0|0|0|0|0|0
S|HORUT|27346406|-82077881| |TF|0|0|0|0|0|280|2|26000|0|0|0|0|0
S|FANTE|27036503|-81974364| |TF|0|0|0|0|0|0|3|25000|24000|0|0|0|0
S|HUCUR|26865692|-81742994| |TF|0|0|0|0|0|0|2|22000|0|0|0|0|0
S|RACNO|26673564|-81491133| |TF|0|0|0|0|0|280|0|19000|0|0|0|0|0
S|LUCYS|26732928|-81238164| |TF|0|0|0|0|0|0|2|15000|0|0|0|0|0
S|SHRVY|26786661|-81007158| |TF|0|0|0|0|0|0|3|13000|11000|0|0|0|0
S|VUUDU|26795194|-80811633| |TF|0|0|0|0|0|0|0|0|0|0|0|0|0
S|VUUDU|26795194|-80811633| |IF|0|0|0|0|0|0|0|0|0|0|0|0|0
S|OWLLL|26797117|-80762925| |TF|0|0|0|0|0|250|0|9000|0|0|0|0|0
S|MSQTO|27090158|-80604872| |TF|0|0|0|0|0|0|0|0|0|1|0|0|0
S|KSUA|27181700|-80221294| |VM|0|5000|0|0|0|0|0|0|0|0|0|0|0

P|VUUDU1|ALL|SABEE|0|10
S|SABEE|27087833|-82191481| |IF|0|0|0|0|0|280|2|25000|0|0|0|0|0
S|TROPS|26824378|-81898878| |TF|0|0|0|0|0|0|2|22000|0|0|0|0|0
S|RACNO|26673564|-81491133| |TF|0|0|0|0|0|280|0|19000|0|0|0|0|0
S|LUCYS|26732928|-81238164| |TF|0|0|0|0|0|0|2|15000|0|0|0|0|0
S|SHRVY|26786661|-81007158| |TF|0|0|0|0|0|0|3|13000|11000|0|0|0|0
S|VUUDU|26795194|-80811633| |TF|0|0|0|0|0|0|0|0|0|0|0|0|0
S|VUUDU|26795194|-80811633| |IF|0|0|0|0|0|0|0|0|0|0|0|0|0
S|OWLLL|26797117|-80762925| |TF|0|0|0|0|0|250|0|9000|0|0|0|0|0
S|MSQTO|27090158|-80604872| |TF|0|0|0|0|0|0|0|0|0|1|0|0|0
S|KSUA|27181700|-80221294| |VM|0|5000|0|0|0|0|0|0|0|0|0|0|0

P|VUUDU1|ALL|SWAGS|0|8
S|SWAGS|26176964|-81099981| |IF|0|0|0|0|0|280|2|25000|0|0|0|0|0
S|LUCYS|26732928|-81238164| |TF|0|0|0|0|0|0|2|15000|0|0|0|0|0
S|SHRVY|26786661|-81007158| |TF|0|0|0|0|0|0|3|13000|11000|0|0|0|0
S|VUUDU|26795194|-80811633| |TF|0|0|0|0|0|0|0|0|0|0|0|0|0
S|VUUDU|26795194|-80811633| |IF|0|0|0|0|0|0|0|0|0|0|0|0|0
S|OWLLL|26797117|-80762925| |TF|0|0|0|0|0|250|0|9000|0|0|0|0|0
S|MSQTO|27090158|-80604872| |TF|0|0|0|0|0|0|0|0|0|1|0|0|0
S|KSUA|27181700|-80221294| |VM|0|5000|0|0|0|0|0|0|0|0|0|0|0

P|VUUDU1|ALL|ZPLEN|0|16
S|ZPLEN|31691228|-83672517| |IF|0|0|0|0|0|0|0|0|0|0|0|0|0
S|IISLY|30710472|-83299367| |TF|0|0|0|0|0|0|0|0|0|0|0|0|0
S|DOFFY|29256314|-82527250| |TF|0|0|0|0|0|0|0|0|0|0|0|0|0
S|MOLIE|28032092|-82307097| |TF|0|0|0|0|0|0|0|0|0|0|0|0|0
S|SANTR|27619044|-82167539| |TF|0|0|0|0|0|0|0|0|0|0|0|0|0
S|HORUT|27346406|-82077881| |TF|0|0|0|0|0|280|2|26000|0|0|0|0|0
S|FANTE|27036503|-81974364| |TF|0|0|0|0|0|0|3|25000|24000|0|0|0|0
S|HUCUR|26865692|-81742994| |TF|0|0|0|0|0|0|2|22000|0|0|0|0|0
S|RACNO|26673564|-81491133| |TF|0|0|0|0|0|280|0|19000|0|0|0|0|0
S|LUCYS|26732928|-81238164| |TF|0|0|0|0|0|0|2|15000|0|0|0|0|0
S|SHRVY|26786661|-81007158| |TF|0|0|0|0|0|0|3|13000|11000|0|0|0|0
S|VUUDU|26795194|-80811633| |TF|0|0|0|0|0|0|0|0|0|0|0|0|0
S|VUUDU|26795194|-80811633| |IF|0|0|0|0|0|0|0|0|0|0|0|0|0
S|OWLLL|26797117|-80762925| |TF|0|0|0|0|0|250|0|9000|0|0|0|0|0
S|MSQTO|27090158|-80604872| |TF|0|0|0|0|0|0|0|0|0|1|0|0|0
S|KSUA|27181700|-80221294| |VM|0|5000|0|0|0|0|0|0|0|0|0|0|0

