P|BASTS1|ALL|GIMLE|0|7
S|GIMLE|33987500|-98593472| |IF|0|0|0|0|0|0|0|0|0|0|0|0|0
S|FOYER|34554661|-98228517| |TF|0|0|0|0|0|0|0|0|0|0|0|0|0
S|YUCKS|34978794|-98012189| |TF|0|0|0|0|0|0|0|0|0|0|0|0|0
S|YUCKS|34978794|-98012189| |IF|0|0|0|0|0|0|0|0|0|0|0|0|0
S|BASTS|35110553|-97872478| |TF|0|0|0|0|0|0|0|0|0|0|0|0|0
S|UDONS|35184786|-97817628| |TF|0|0|0|0|0|0|0|0|0|1|0|0|0
S|UDONS|35184786|-97817628|END|FM|0|2600|6970|17090|0|0|0|0|0|0|0|0|0

P|CCASH1|ALL|BROMA|0|6
S|BROMA|35254389|-98502789| |IF|0|0|0|0|0|0|0|0|0|0|0|0|0
S|GHOST|35255858|-98213814| |TF|0|0|0|0|0|0|0|0|0|0|0|0|0
S|GHOST|35255858|-98213814| |IF|0|0|0|0|0|0|0|0|0|0|0|0|0
S|CCASH|35265944|-98005619| |TF|0|0|0|0|0|0|0|0|0|0|0|0|0
S|FALAB|35271322|-97902203| |TF|0|0|0|0|0|0|0|0|0|1|0|0|0
S|FALAB|35271322|-97902203|END|FM|0|8100|6430|17430|0|0|0|0|0|0|0|0|0

P|CCASH1|ALL|RUSTS|0|7
S|RUSTS|35236947|-99205964| |IF|0|0|0|0|0|0|0|0|0|0|0|0|0
S|BROMA|35254389|-98502789| |TF|0|0|0|0|0|0|0|0|0|0|0|0|0
S|GHOST|35255858|-98213814| |TF|0|0|0|0|0|0|0|0|0|0|0|0|0
S|GHOST|35255858|-98213814| |IF|0|0|0|0|0|0|0|0|0|0|0|0|0
S|CCASH|35265944|-98005619| |TF|0|0|0|0|0|0|0|0|0|0|0|0|0
S|FALAB|35271322|-97902203| |TF|0|0|0|0|0|0|0|0|0|1|0|0|0
S|FALAB|35271322|-97902203|END|FM|0|8100|6430|17430|0|0|0|0|0|0|0|0|0

P|DAWKS1|ALL|ROLLS|0|7
S|ROLLS|35722744|-99470697| |IF|0|0|0|0|0|0|0|0|0|0|0|0|0
S|SCUFF|35656369|-98389103| |TF|0|0|0|0|0|0|0|0|0|0|0|0|0
S|CAMET|35617131|-98190361| |TF|0|0|0|0|0|0|0|0|0|0|0|0|0
S|CAMET|35617131|-98190361| |IF|0|0|0|0|0|0|0|0|0|0|0|0|0
S|DAWKS|35580075|-97990336| |TF|0|0|0|0|0|0|0|0|0|0|0|0|0
S|YAPON|35584689|-97888325| |TF|0|0|0|0|0|0|0|0|0|1|0|0|0
S|YAPON|35584689|-97888325|END|FM|0|8200|4560|17320|0|0|0|0|0|0|0|0|0

P|DAWKS1|ALL|SCUFF|0|6
S|SCUFF|35656369|-98389103| |IF|0|0|0|0|0|0|0|0|0|0|0|0|0
S|CAMET|35617131|-98190361| |TF|0|0|0|0|0|0|0|0|0|0|0|0|0
S|CAMET|35617131|-98190361| |IF|0|0|0|0|0|0|0|0|0|0|0|0|0
S|DAWKS|35580075|-97990336| |TF|0|0|0|0|0|0|0|0|0|0|0|0|0
S|YAPON|35584689|-97888325| |TF|0|0|0|0|0|0|0|0|0|1|0|0|0
S|YAPON|35584689|-97888325|END|FM|0|8200|4560|17320|0|0|0|0|0|0|0|0|0

P|FAKEY1|ALL|DIMPL|0|6
S|DIMPL|35248703|-96628464| |IF|0|0|0|0|0|0|0|0|0|0|0|0|0
S|RIFFL|35258375|-96837692| |TF|0|0|0|0|0|0|0|0|0|0|0|0|0
S|RIFFL|35258375|-96837692| |IF|0|0|0|0|0|0|0|0|0|0|0|0|0
S|FAKEY|35267567|-97042539| |TF|0|0|0|0|0|0|0|0|0|0|0|0|0
S|AACES|35272086|-97144439| |TF|0|0|0|0|0|0|0|0|0|1|0|0|0
S|AACES|35272086|-97144439|END|FM|0|26800|7460|14430|0|0|0|0|0|0|0|0|0

P|FAKEY1|ALL|DWINE|0|7
S|DWINE|35208061|-96216261| |IF|0|0|0|0|0|0|0|0|0|0|0|0|0
S|DIMPL|35248703|-96628464| |TF|0|0|0|0|0|0|0|0|0|0|0|0|0
S|RIFFL|35258375|-96837692| |TF|0|0|0|0|0|0|0|0|0|0|0|0|0
S|RIFFL|35258375|-96837692| |IF|0|0|0|0|0|0|0|0|0|0|0|0|0
S|FAKEY|35267567|-97042539| |TF|0|0|0|0|0|0|0|0|0|0|0|0|0
S|AACES|35272086|-97144439| |TF|0|0|0|0|0|0|0|0|0|1|0|0|0
S|AACES|35272086|-97144439|END|FM|0|26800|7460|14430|0|0|0|0|0|0|0|0|0

P|GULLI3|13|BVO|0|5
S|BVO|36834336|-96018431| |IF|0|0|0|0|0|0|0|0|0|0|0|0|0
S|SEGLR|36166722|-97032894| |TF|0|0|0|0|0|0|0|0|0|0|0|0|0
S|GULLI|36011950|-97144342| |TF|0|0|0|0|0|0|1|4000|0|0|0|0|0
S|GULLI|36011950|-97144342| |IF|0|0|0|0|0|0|0|0|0|0|0|0|0
S|KTIK|35414739|-97386633| |VM|0|20000|0|0|0|0|0|0|0|0|0|0|0

P|GULLI3|18|BVO|0|5
S|BVO|36834336|-96018431| |IF|0|0|0|0|0|0|0|0|0|0|0|0|0
S|SEGLR|36166722|-97032894| |TF|0|0|0|0|0|0|0|0|0|0|0|0|0
S|GULLI|36011950|-97144342| |TF|0|0|0|0|0|0|1|4000|0|0|0|0|0
S|GULLI|36011950|-97144342| |IF|0|0|0|0|0|0|0|0|0|0|0|0|0
S|KTIK|35414739|-97386633| |VM|0|20000|0|0|0|0|0|0|0|0|0|0|0

P|GULLI3|31|BVO|0|5
S|BVO|36834336|-96018431| |IF|0|0|0|0|0|0|0|0|0|0|0|0|0
S|SEGLR|36166722|-97032894| |TF|0|0|0|0|0|0|0|0|0|0|0|0|0
S|GULLI|36011950|-97144342| |TF|0|0|0|0|0|0|1|4000|0|0|0|0|0
S|GULLI|36011950|-97144342| |IF|0|0|0|0|0|0|0|0|0|0|0|0|0
S|KTIK|35414739|-97386633| |VM|0|18000|0|0|0|0|0|0|0|0|0|0|0

P|GULLI3|36|BVO|0|5
S|BVO|36834336|-96018431| |IF|0|0|0|0|0|0|0|0|0|0|0|0|0
S|SEGLR|36166722|-97032894| |TF|0|0|0|0|0|0|0|0|0|0|0|0|0
S|GULLI|36011950|-97144342| |TF|0|0|0|0|0|0|1|4000|0|0|0|0|0
S|GULLI|36011950|-97144342| |IF|0|0|0|0|0|0|0|0|0|0|0|0|0
S|KTIK|35414739|-97386633| |VM|0|18000|0|0|0|0|0|0|0|0|0|0|0

P|GULLI3|13|PER|0|4
S|PER|36746531|-97160156| |IF|0|0|0|0|0|0|0|0|0|0|0|0|0
S|GULLI|36011950|-97144342| |TF|0|0|0|0|0|0|1|6000|0|0|0|0|0
S|GULLI|36011950|-97144342| |IF|0|0|0|0|0|0|0|0|0|0|0|0|0
S|KTIK|35414739|-97386633| |VM|0|20000|0|0|0|0|0|0|0|0|0|0|0

P|GULLI3|18|PER|0|4
S|PER|36746531|-97160156| |IF|0|0|0|0|0|0|0|0|0|0|0|0|0
S|GULLI|36011950|-97144342| |TF|0|0|0|0|0|0|1|6000|0|0|0|0|0
S|GULLI|36011950|-97144342| |IF|0|0|0|0|0|0|0|0|0|0|0|0|0
S|KTIK|35414739|-97386633| |VM|0|20000|0|0|0|0|0|0|0|0|0|0|0

P|GULLI3|31|PER|0|4
S|PER|36746531|-97160156| |IF|0|0|0|0|0|0|0|0|0|0|0|0|0
S|GULLI|36011950|-97144342| |TF|0|0|0|0|0|0|1|6000|0|0|0|0|0
S|GULLI|36011950|-97144342| |IF|0|0|0|0|0|0|0|0|0|0|0|0|0
S|KTIK|35414739|-97386633| |VM|0|18000|0|0|0|0|0|0|0|0|0|0|0

P|GULLI3|36|PER|0|4
S|PER|36746531|-97160156| |IF|0|0|0|0|0|0|0|0|0|0|0|0|0
S|GULLI|36011950|-97144342| |TF|0|0|0|0|0|0|1|6000|0|0|0|0|0
S|GULLI|36011950|-97144342| |IF|0|0|0|0|0|0|0|0|0|0|0|0|0
S|KTIK|35414739|-97386633| |VM|0|18000|0|0|0|0|0|0|0|0|0|0|0

P|GULLI3|13|TUL|0|4
S|TUL|36196253|-95788092| |IF|0|0|0|0|0|0|0|0|0|0|0|0|0
S|GULLI|36011950|-97144342| |TF|0|0|0|0|0|0|1|6000|0|0|0|0|0
S|GULLI|36011950|-97144342| |IF|0|0|0|0|0|0|0|0|0|0|0|0|0
S|KTIK|35414739|-97386633| |VM|0|20000|0|0|0|0|0|0|0|0|0|0|0

P|GULLI3|18|TUL|0|4
S|TUL|36196253|-95788092| |IF|0|0|0|0|0|0|0|0|0|0|0|0|0
S|GULLI|36011950|-97144342| |TF|0|0|0|0|0|0|1|6000|0|0|0|0|0
S|GULLI|36011950|-97144342| |IF|0|0|0|0|0|0|0|0|0|0|0|0|0
S|KTIK|35414739|-97386633| |VM|0|20000|0|0|0|0|0|0|0|0|0|0|0

P|GULLI3|31|TUL|0|4
S|TUL|36196253|-95788092| |IF|0|0|0|0|0|0|0|0|0|0|0|0|0
S|GULLI|36011950|-97144342| |TF|0|0|0|0|0|0|1|6000|0|0|0|0|0
S|GULLI|36011950|-97144342| |IF|0|0|0|0|0|0|0|0|0|0|0|0|0
S|KTIK|35414739|-97386633| |VM|0|18000|0|0|0|0|0|0|0|0|0|0|0

P|GULLI3|36|TUL|0|4
S|TUL|36196253|-95788092| |IF|0|0|0|0|0|0|0|0|0|0|0|0|0
S|GULLI|36011950|-97144342| |TF|0|0|0|0|0|0|1|6000|0|0|0|0|0
S|GULLI|36011950|-97144342| |IF|0|0|0|0|0|0|0|0|0|0|0|0|0
S|KTIK|35414739|-97386633| |VM|0|18000|0|0|0|0|0|0|0|0|0|0|0

P|JUDDG2|ALL|AWLIV|0|6
S|AWLIV|36059858|-96802936| |IF|0|0|0|0|0|0|0|0|0|0|0|0|0
S|MURAH|36012092|-97144239| |TF|0|0|0|0|0|0|0|0|0|0|0|0|0
S|MURAH|36012092|-97144239| |IF|0|0|0|0|0|0|0|0|0|0|0|0|0
S|JUDDG|35887897|-97281356| |TF|0|0|0|0|0|0|0|0|0|0|0|0|0
S|PEGOE|35807808|-97311222| |TF|0|0|0|0|0|0|0|0|0|1|0|0|0
S|PEGOE|35807808|-97311222|END|FM|0|19200|4370|13230|0|0|0|0|0|0|0|0|0

P|JUDDG2|ALL|BELMN|0|7
S|BELMN|36746531|-97160153| |IF|0|0|0|0|0|0|0|0|0|0|0|0|0
S|MIICK|36462658|-97153967| |TF|0|0|0|0|0|0|0|0|0|0|0|0|0
S|MURAH|36012092|-97144239| |TF|0|0|0|0|0|0|0|0|0|0|0|0|0
S|MURAH|36012092|-97144239| |IF|0|0|0|0|0|0|0|0|0|0|0|0|0
S|JUDDG|35887897|-97281356| |TF|0|0|0|0|0|0|0|0|0|0|0|0|0
S|PEGOE|35807808|-97311222| |TF|0|0|0|0|0|0|0|0|0|1|0|0|0
S|PEGOE|35807808|-97311222|END|FM|0|19200|4370|13230|0|0|0|0|0|0|0|0|0

P|JUDDG2|ALL|BMART|0|7
S|BMART|36130903|-96282822| |IF|0|0|0|0|0|0|0|0|0|0|0|0|0
S|JSTCE|36088239|-96597275| |TF|0|0|0|0|0|0|0|0|0|0|0|0|0
S|MURAH|36012092|-97144239| |TF|0|0|0|0|0|0|0|0|0|0|0|0|0
S|MURAH|36012092|-97144239| |IF|0|0|0|0|0|0|0|0|0|0|0|0|0
S|JUDDG|35887897|-97281356| |TF|0|0|0|0|0|0|0|0|0|0|0|0|0
S|PEGOE|35807808|-97311222| |TF|0|0|0|0|0|0|0|0|0|1|0|0|0
S|PEGOE|35807808|-97311222|END|FM|0|19200|4370|13230|0|0|0|0|0|0|0|0|0

P|JUDDG2|ALL|DRLER|0|8
S|DRLER|36196258|-95788083| |IF|0|0|0|0|0|0|0|0|0|0|0|0|0
S|BMART|36130903|-96282822| |TF|0|0|0|0|0|0|0|0|0|0|0|0|0
S|JSTCE|36088239|-96597275| |TF|0|0|0|0|0|0|0|0|0|0|0|0|0
S|MURAH|36012092|-97144239| |TF|0|0|0|0|0|0|0|0|0|0|0|0|0
S|MURAH|36012092|-97144239| |IF|0|0|0|0|0|0|0|0|0|0|0|0|0
S|JUDDG|35887897|-97281356| |TF|0|0|0|0|0|0|0|0|0|0|0|0|0
S|PEGOE|35807808|-97311222| |TF|0|0|0|0|0|0|0|0|0|1|0|0|0
S|PEGOE|35807808|-97311222|END|FM|0|19200|4370|13230|0|0|0|0|0|0|0|0|0

P|JUDDG2|ALL|JTUNE|0|7
S|JTUNE|36360186|-96415375| |IF|0|0|0|0|0|0|0|0|0|0|0|0|0
S|FEDRL|36141667|-97050950| |TF|0|0|0|0|0|0|0|0|0|0|0|0|0
S|MURAH|36012092|-97144239| |TF|0|0|0|0|0|0|0|0|0|0|0|0|0
S|MURAH|36012092|-97144239| |IF|0|0|0|0|0|0|0|0|0|0|0|0|0
S|JUDDG|35887897|-97281356| |TF|0|0|0|0|0|0|0|0|0|0|0|0|0
S|PEGOE|35807808|-97311222| |TF|0|0|0|0|0|0|0|0|0|1|0|0|0
S|PEGOE|35807808|-97311222|END|FM|0|19200|4370|13230|0|0|0|0|0|0|0|0|0

P|JUDDG2|ALL|LFRED|0|9
S|LFRED|36911369|-95864383| |IF|0|0|0|0|0|0|0|0|0|0|0|0|0
S|PAAUL|36493347|-96513603| |TF|0|0|0|0|0|0|0|0|0|0|0|0|0
S|MOMMY|36330997|-96762778| |TF|0|0|0|0|0|0|0|0|0|0|0|0|0
S|FEDRL|36141667|-97050950| |TF|0|0|0|0|0|0|0|0|0|0|0|0|0
S|MURAH|36012092|-97144239| |TF|0|0|0|0|0|0|0|0|0|0|0|0|0
S|MURAH|36012092|-97144239| |IF|0|0|0|0|0|0|0|0|0|0|0|0|0
S|JUDDG|35887897|-97281356| |TF|0|0|0|0|0|0|0|0|0|0|0|0|0
S|PEGOE|35807808|-97311222| |TF|0|0|0|0|0|0|0|0|0|1|0|0|0
S|PEGOE|35807808|-97311222|END|FM|0|19200|4370|13230|0|0|0|0|0|0|0|0|0

P|JUDDG2|ALL|MPYRE|0|9
S|MPYRE|36527858|-95918781| |IF|0|0|0|0|0|0|0|0|0|0|0|0|0
S|JTUNE|36360186|-96415375| |TF|0|0|0|0|0|0|0|0|0|0|0|0|0
S|KNEWT|36259567|-96709839| |TF|0|0|0|0|0|0|0|0|0|0|0|0|0
S|FEDRL|36141667|-97050950| |TF|0|0|0|0|0|0|0|0|0|0|0|0|0
S|MURAH|36012092|-97144239| |TF|0|0|0|0|0|0|0|0|0|0|0|0|0
S|MURAH|36012092|-97144239| |IF|0|0|0|0|0|0|0|0|0|0|0|0|0
S|JUDDG|35887897|-97281356| |TF|0|0|0|0|0|0|0|0|0|0|0|0|0
S|PEGOE|35807808|-97311222| |TF|0|0|0|0|0|0|0|0|0|1|0|0|0
S|PEGOE|35807808|-97311222|END|FM|0|19200|4370|13230|0|0|0|0|0|0|0|0|0

P|JUDDG2|ALL|PAAUL|0|7
S|PAAUL|36493347|-96513603| |IF|0|0|0|0|0|0|0|0|0|0|0|0|0
S|FEDRL|36141667|-97050950| |TF|0|0|0|0|0|0|0|0|0|0|0|0|0
S|MURAH|36012092|-97144239| |TF|0|0|0|0|0|0|0|0|0|0|0|0|0
S|MURAH|36012092|-97144239| |IF|0|0|0|0|0|0|0|0|0|0|0|0|0
S|JUDDG|35887897|-97281356| |TF|0|0|0|0|0|0|0|0|0|0|0|0|0
S|PEGOE|35807808|-97311222| |TF|0|0|0|0|0|0|0|0|0|1|0|0|0
S|PEGOE|35807808|-97311222|END|FM|0|19200|4370|13230|0|0|0|0|0|0|0|0|0

P|WAYMN1|ALL|FIGET|0|6
S|FIGET|34782222|-97245000| |IF|0|0|0|0|0|0|0|0|0|0|0|0|0
S|TSDEL|34895586|-97329831| |TF|0|0|0|0|0|0|0|0|0|0|0|0|0
S|TSDEL|34895586|-97329831| |IF|0|0|0|0|0|0|0|0|0|0|0|0|0
S|WAYMN|35075200|-97466692| |TF|0|0|0|0|0|0|0|0|0|0|0|0|0
S|BAISS|35178169|-97473328| |TF|0|0|0|0|0|0|0|0|0|1|0|0|0
S|BAISS|35178169|-97473328|END|FM|0|35200|7320|15760|0|0|0|0|0|0|0|0|0

P|WAYMN1|ALL|ZEMMA|0|7
S|ZEMMA|34383836|-96990003| |IF|0|0|0|0|0|0|0|0|0|0|0|0|0
S|FIGET|34782222|-97245000| |TF|0|0|0|0|0|0|0|0|0|0|0|0|0
S|TSDEL|34895586|-97329831| |TF|0|0|0|0|0|0|0|0|0|0|0|0|0
S|TSDEL|34895586|-97329831| |IF|0|0|0|0|0|0|0|0|0|0|0|0|0
S|WAYMN|35075200|-97466692| |TF|0|0|0|0|0|0|0|0|0|0|0|0|0
S|BAISS|35178169|-97473328| |TF|0|0|0|0|0|0|0|0|0|1|0|0|0
S|BAISS|35178169|-97473328|END|FM|0|35200|7320|15760|0|0|0|0|0|0|0|0|0

