P|BANGZ2|ALL|ACORI|0|13
S|ACORI|31773156|-85858197| |IF|0|0|0|0|0|0|0|0|0|0|0|0|0
S|CABLO|30774722|-84840000| |TF|0|0|0|0|0|0|0|0|0|0|0|0|0
S|THRTL|30330553|-84396964| |TF|0|0|0|0|0|0|0|0|0|0|0|0|0
S|HEVVN|29821975|-83895247| |TF|0|0|0|0|0|0|0|0|0|0|0|0|0
S|CLAMP|29346067|-83589336| |TF|0|0|0|0|0|0|0|0|0|0|0|0|0
S|LALAA|28976411|-83464358| |TF|0|0|0|0|0|0|0|0|0|0|0|0|0
S|CORRL|28393622|-83164325| |TF|0|0|0|0|0|0|1|8000|0|0|0|0|0
S|BANGZ|28279094|-83107114| |TF|0|0|0|0|0|0|3|13000|7000|0|0|0|0
S|BANGZ|28279094|-83107114| |IF|0|0|0|0|0|0|3|13000|7000|0|0|0|0
S|KIDLE|28196336|-83026272| |TF|0|0|0|0|0|0|0|0|0|0|0|0|0
S|ALROE|27786414|-83008056| |TF|0|0|0|0|0|0|0|0|0|0|0|0|0
S|COVUM|27684733|-82927014| |TF|0|0|0|0|0|0|1|6000|0|1|0|0|0
S|COVUM|27684733|-82927014|SRQ|FM|0|15000|2550|31570|0|0|0|0|0|0|0|0|0

P|BANGZ2|ALL|BADDD|0|13
S|BADDD|31543800|-82701483| |IF|0|0|0|0|0|0|0|0|0|0|0|0|0
S|GPEEE|31227892|-83870856| |TF|0|0|0|0|0|0|0|0|0|0|0|0|0
S|THRTL|30330553|-84396964| |TF|0|0|0|0|0|0|0|0|0|0|0|0|0
S|HEVVN|29821975|-83895247| |TF|0|0|0|0|0|0|0|0|0|0|0|0|0
S|CLAMP|29346067|-83589336| |TF|0|0|0|0|0|0|0|0|0|0|0|0|0
S|LALAA|28976411|-83464358| |TF|0|0|0|0|0|0|0|0|0|0|0|0|0
S|CORRL|28393622|-83164325| |TF|0|0|0|0|0|0|1|8000|0|0|0|0|0
S|BANGZ|28279094|-83107114| |TF|0|0|0|0|0|0|3|13000|7000|0|0|0|0
S|BANGZ|28279094|-83107114| |IF|0|0|0|0|0|0|3|13000|7000|0|0|0|0
S|KIDLE|28196336|-83026272| |TF|0|0|0|0|0|0|0|0|0|0|0|0|0
S|ALROE|27786414|-83008056| |TF|0|0|0|0|0|0|0|0|0|0|0|0|0
S|COVUM|27684733|-82927014| |TF|0|0|0|0|0|0|1|6000|0|1|0|0|0
S|COVUM|27684733|-82927014|SRQ|FM|0|15000|2550|31570|0|0|0|0|0|0|0|0|0

P|BANGZ2|ALL|DEFUN|0|13
S|DEFUN|30814242|-86131414| |IF|0|0|0|0|0|0|0|0|0|0|0|0|0
S|CABLO|30774722|-84840000| |TF|0|0|0|0|0|0|0|0|0|0|0|0|0
S|THRTL|30330553|-84396964| |TF|0|0|0|0|0|0|0|0|0|0|0|0|0
S|HEVVN|29821975|-83895247| |TF|0|0|0|0|0|0|0|0|0|0|0|0|0
S|CLAMP|29346067|-83589336| |TF|0|0|0|0|0|0|0|0|0|0|0|0|0
S|LALAA|28976411|-83464358| |TF|0|0|0|0|0|0|0|0|0|0|0|0|0
S|CORRL|28393622|-83164325| |TF|0|0|0|0|0|0|1|8000|0|0|0|0|0
S|BANGZ|28279094|-83107114| |TF|0|0|0|0|0|0|3|13000|7000|0|0|0|0
S|BANGZ|28279094|-83107114| |IF|0|0|0|0|0|0|3|13000|7000|0|0|0|0
S|KIDLE|28196336|-83026272| |TF|0|0|0|0|0|0|0|0|0|0|0|0|0
S|ALROE|27786414|-83008056| |TF|0|0|0|0|0|0|0|0|0|0|0|0|0
S|COVUM|27684733|-82927014| |TF|0|0|0|0|0|0|1|6000|0|1|0|0|0
S|COVUM|27684733|-82927014|SRQ|FM|0|15000|2550|31570|0|0|0|0|0|0|0|0|0

P|BANGZ2|ALL|HEVVN|0|10
S|HEVVN|29821975|-83895247| |IF|0|0|0|0|0|0|0|0|0|0|0|0|0
S|CLAMP|29346067|-83589336| |TF|0|0|0|0|0|0|0|0|0|0|0|0|0
S|LALAA|28976411|-83464358| |TF|0|0|0|0|0|0|0|0|0|0|0|0|0
S|CORRL|28393622|-83164325| |TF|0|0|0|0|0|0|1|8000|0|0|0|0|0
S|BANGZ|28279094|-83107114| |TF|0|0|0|0|0|0|3|13000|7000|0|0|0|0
S|BANGZ|28279094|-83107114| |IF|0|0|0|0|0|0|3|13000|7000|0|0|0|0
S|KIDLE|28196336|-83026272| |TF|0|0|0|0|0|0|0|0|0|0|0|0|0
S|ALROE|27786414|-83008056| |TF|0|0|0|0|0|0|0|0|0|0|0|0|0
S|COVUM|27684733|-82927014| |TF|0|0|0|0|0|0|1|6000|0|1|0|0|0
S|COVUM|27684733|-82927014|SRQ|FM|0|15000|2550|31570|0|0|0|0|0|0|0|0|0

P|BANGZ2|ALL|HONID|0|12
S|HONID|31647308|-84395167| |IF|0|0|0|0|0|0|0|0|0|0|0|0|0
S|THRTL|30330553|-84396964| |TF|0|0|0|0|0|0|0|0|0|0|0|0|0
S|HEVVN|29821975|-83895247| |TF|0|0|0|0|0|0|0|0|0|0|0|0|0
S|CLAMP|29346067|-83589336| |TF|0|0|0|0|0|0|0|0|0|0|0|0|0
S|LALAA|28976411|-83464358| |TF|0|0|0|0|0|0|0|0|0|0|0|0|0
S|CORRL|28393622|-83164325| |TF|0|0|0|0|0|0|1|8000|0|0|0|0|0
S|BANGZ|28279094|-83107114| |TF|0|0|0|0|0|0|3|13000|7000|0|0|0|0
S|BANGZ|28279094|-83107114| |IF|0|0|0|0|0|0|3|13000|7000|0|0|0|0
S|KIDLE|28196336|-83026272| |TF|0|0|0|0|0|0|0|0|0|0|0|0|0
S|ALROE|27786414|-83008056| |TF|0|0|0|0|0|0|0|0|0|0|0|0|0
S|COVUM|27684733|-82927014| |TF|0|0|0|0|0|0|1|6000|0|1|0|0|0
S|COVUM|27684733|-82927014|SRQ|FM|0|15000|2550|31570|0|0|0|0|0|0|0|0|0

P|LUBBR4|ALL|KRVUR|0|13
S|KRVUR|30742264|-82941775| |IF|0|0|0|0|0|0|0|0|0|0|0|0|0
S|WNWUD|30157808|-82252983| |TF|0|0|0|0|0|0|0|0|0|0|0|0|0
S|SSPAZ|29592139|-82180219| |TF|0|0|0|0|0|0|0|0|0|0|0|0|0
S|BATTN|29171756|-82127358| |TF|0|0|0|0|0|0|0|0|0|0|0|0|0
S|LUBBR|28678992|-82117058| |TF|0|0|0|0|0|0|0|0|0|0|0|0|0
S|LUBBR|28678992|-82117058| |IF|0|0|0|0|0|0|0|0|0|0|0|0|0
S|ZEBON|28487322|-82089625| |TF|0|0|0|0|0|0|0|0|0|0|0|0|0
S|RUNNE|28296667|-82040814| |TF|0|0|0|0|0|0|0|0|0|0|0|0|0
S|BREKR|28119228|-82014194| |TF|0|0|0|0|0|0|0|0|0|0|0|0|0
S|WUDDY|27772150|-82225858| |TF|0|0|0|0|0|0|0|0|0|0|0|0|0
S|LYFIE|27610328|-82385222| |TF|0|0|0|0|0|0|0|0|0|0|0|0|0
S|ROSTY|27176692|-82285614| |TF|0|0|0|0|0|210|1|3000|0|1|0|0|0
S|KVNC|27071267|-82440033| |VM|0|24000|0|0|0|0|0|0|0|0|0|0|0

P|LUBBR4|ALL|KYYUU|0|13
S|KYYUU|30637175|-82198822| |IF|0|0|0|0|0|0|0|0|0|0|0|0|0
S|WNWUD|30157808|-82252983| |TF|0|0|0|0|0|0|0|0|0|0|0|0|0
S|SSPAZ|29592139|-82180219| |TF|0|0|0|0|0|0|0|0|0|0|0|0|0
S|BATTN|29171756|-82127358| |TF|0|0|0|0|0|0|0|0|0|0|0|0|0
S|LUBBR|28678992|-82117058| |TF|0|0|0|0|0|0|0|0|0|0|0|0|0
S|LUBBR|28678992|-82117058| |IF|0|0|0|0|0|0|0|0|0|0|0|0|0
S|ZEBON|28487322|-82089625| |TF|0|0|0|0|0|0|0|0|0|0|0|0|0
S|RUNNE|28296667|-82040814| |TF|0|0|0|0|0|0|0|0|0|0|0|0|0
S|BREKR|28119228|-82014194| |TF|0|0|0|0|0|0|0|0|0|0|0|0|0
S|WUDDY|27772150|-82225858| |TF|0|0|0|0|0|0|0|0|0|0|0|0|0
S|LYFIE|27610328|-82385222| |TF|0|0|0|0|0|0|0|0|0|0|0|0|0
S|ROSTY|27176692|-82285614| |TF|0|0|0|0|0|210|1|3000|0|1|0|0|0
S|KVNC|27071267|-82440033| |VM|0|24000|0|0|0|0|0|0|0|0|0|0|0

P|LUBBR4|ALL|SSPAZ|0|11
S|SSPAZ|29592139|-82180219| |IF|0|0|0|0|0|0|0|0|0|0|0|0|0
S|BATTN|29171756|-82127358| |TF|0|0|0|0|0|0|0|0|0|0|0|0|0
S|LUBBR|28678992|-82117058| |TF|0|0|0|0|0|0|0|0|0|0|0|0|0
S|LUBBR|28678992|-82117058| |IF|0|0|0|0|0|0|0|0|0|0|0|0|0
S|ZEBON|28487322|-82089625| |TF|0|0|0|0|0|0|0|0|0|0|0|0|0
S|RUNNE|28296667|-82040814| |TF|0|0|0|0|0|0|0|0|0|0|0|0|0
S|BREKR|28119228|-82014194| |TF|0|0|0|0|0|0|0|0|0|0|0|0|0
S|WUDDY|27772150|-82225858| |TF|0|0|0|0|0|0|0|0|0|0|0|0|0
S|LYFIE|27610328|-82385222| |TF|0|0|0|0|0|0|0|0|0|0|0|0|0
S|ROSTY|27176692|-82285614| |TF|0|0|0|0|0|210|1|3000|0|1|0|0|0
S|KVNC|27071267|-82440033| |VM|0|24000|0|0|0|0|0|0|0|0|0|0|0

P|RAYZZ3|ALL|CHRGE|0|7
S|CHRGE|27812356|-84832203| |IF|0|0|0|0|0|0|0|0|0|0|0|0|0
S|DAAWG|27854278|-83915422| |TF|0|0|0|0|0|0|2|21000|0|0|0|0|0
S|RAYZZ|27913797|-83168664| |TF|0|0|0|0|0|0|0|10000|0|0|0|0|0
S|RAYZZ|27913797|-83168664| |IF|0|0|0|0|0|0|0|10000|0|0|0|0|0
S|ALROE|27786414|-83008056| |TF|0|0|0|0|0|0|0|0|0|0|0|0|0
S|COVUM|27684733|-82927014| |TF|0|0|0|0|0|0|0|0|0|1|0|0|0
S|COVUM|27684733|-82927014|SRQ|FM|0|15000|2550|31570|0|0|0|0|0|0|0|0|0

P|RAYZZ3|ALL|CIGAR|0|7
S|CIGAR|27493503|-84783197| |IF|0|0|0|0|0|0|0|0|0|0|0|0|0
S|DAAWG|27854278|-83915422| |TF|0|0|0|0|0|0|2|21000|0|0|0|0|0
S|RAYZZ|27913797|-83168664| |TF|0|0|0|0|0|0|0|10000|0|0|0|0|0
S|RAYZZ|27913797|-83168664| |IF|0|0|0|0|0|0|0|10000|0|0|0|0|0
S|ALROE|27786414|-83008056| |TF|0|0|0|0|0|0|0|0|0|0|0|0|0
S|COVUM|27684733|-82927014| |TF|0|0|0|0|0|0|0|0|0|1|0|0|0
S|COVUM|27684733|-82927014|SRQ|FM|0|15000|2550|31570|0|0|0|0|0|0|0|0|0

P|RAYZZ3|ALL|DAAWG|0|6
S|DAAWG|27854278|-83915422| |IF|0|0|0|0|0|0|2|21000|0|0|0|0|0
S|RAYZZ|27913797|-83168664| |TF|0|0|0|0|0|0|0|10000|0|0|0|0|0
S|RAYZZ|27913797|-83168664| |IF|0|0|0|0|0|0|0|10000|0|0|0|0|0
S|ALROE|27786414|-83008056| |TF|0|0|0|0|0|0|0|0|0|0|0|0|0
S|COVUM|27684733|-82927014| |TF|0|0|0|0|0|0|0|0|0|1|0|0|0
S|COVUM|27684733|-82927014|SRQ|FM|0|15000|2550|31570|0|0|0|0|0|0|0|0|0

