P|CRE4C|ALL|CRE|0|2
S|CRE|44902881|14416547| |IF|0|0|0|0|0|0|0|0|0|0|0|0|0
S|LOS|44527097|14472847| |TF|0|0|0|0|0|0|0|0|0|0|0|0|0

P|GISE1Y|20|GISER|0|3
S|GISER|45061667|15173889| |IF|0|0|0|0|0|180|1|9000|0|0|0|0|0
S|LO705|44838389|14838750| |TF|0|0|0|0|0|0|1|6200|0|0|0|0|0
S|TULOF|44684250|14609611| |TF|0|0|0|0|0|0|1|3000|0|0|0|0|0

P|GISE1Z|02|GISER|0|4
S|GISER|45061667|15173889| |IF|0|0|0|0|0|180|1|9000|0|0|0|0|0
S|TULOF|44684250|14609611| |TF|0|0|0|0|0|0|1|6200|0|0|0|0|0
S|LO706|44565000|14543139| |TF|0|0|0|0|0|0|0|0|0|0|0|0|0
S|LEZZA|44387167|14444583| |TF|0|0|0|0|0|0|1|3000|0|0|0|0|0

P|LABI1W|20|LABIN|0|4
S|LABIN|44985833|13091389| |IF|0|0|0|0|0|0|1|9000|0|0|0|0|0
S|LO701|44692389|13993250| |TF|0|0|0|0|0|0|0|0|0|0|0|0|0
S|LO702|44602611|14263056| |TF|0|0|0|0|0|0|0|0|0|0|0|0|0
S|KOHOD|44757972|14348861| |TF|1|0|0|0|0|0|1|3500|0|0|0|0|0

P|LABI1X|02|LABIN|0|4
S|LABIN|44985833|13091389| |IF|0|0|0|0|0|0|1|9000|0|0|0|0|0
S|LO701|44692389|13993250| |TF|0|0|0|0|0|0|0|0|0|0|0|0|0
S|LO702|44602611|14263056| |TF|0|0|0|0|0|0|0|0|0|0|0|0|0
S|PUQQI|44460556|14184972| |TF|0|0|0|0|0|0|1|3000|0|0|0|0|0

P|MINT1Y|20|MINTU|0|3
S|MINTU|44340000|14695556| |IF|0|0|0|0|0|0|1|5000|0|0|0|0|0
S|LO706|44565000|14543139| |TF|0|0|0|0|0|0|0|0|0|0|0|0|0
S|TULOF|44684250|14609611| |TF|0|0|0|0|0|0|1|3000|0|0|0|0|0

P|MINT1Z|02|MINTU|0|2
S|MINTU|44340000|14695556| |IF|0|0|0|0|0|0|1|5000|0|0|0|0|0
S|LEZZA|44387167|14444583| |TF|0|0|0|0|0|0|1|3000|0|0|0|0|0

P|MINT3A|ALL|MINTU|0|3
S|MINTU|44340000|14695556| |IF|0|0|0|0|0|0|0|0|0|0|0|0|0
S|D130L|44427417|14591806| |TF|0|0|0|0|0|0|0|0|0|0|0|0|0
S|LOS|44527097|14472847| |TF|0|0|0|0|0|0|0|0|0|0|0|0|0

P|PUL1W|20|PUL|0|4
S|PUL|44892367|13918119| |IF|0|0|0|0|0|180|1|7000|0|0|0|0|0
S|LO701|44692389|13993250| |TF|0|0|0|0|0|0|0|0|0|0|0|0|0
S|LO702|44602611|14263056| |TF|0|0|0|0|0|0|0|0|0|0|0|0|0
S|KOHOD|44757972|14348861| |TF|1|0|0|0|0|0|1|3500|0|0|0|0|0

P|PUL1X|02|PUL|0|4
S|PUL|44892367|13918119| |IF|0|0|0|0|0|180|1|7000|0|0|0|0|0
S|LO701|44692389|13993250| |TF|0|0|0|0|0|0|0|0|0|0|0|0|0
S|LO702|44602611|14263056| |TF|0|0|0|0|0|0|0|0|0|0|0|0|0
S|PUQQI|44460556|14184972| |TF|0|0|0|0|0|0|1|3000|0|0|0|0|0

P|PUL3C|ALL|PUL|0|3
S|PUL|44892367|13918119| |IF|0|0|0|0|0|0|0|0|0|0|0|0|0
S|D312L|44710167|14196222| |TF|0|0|0|0|0|0|0|0|0|0|0|0|0
S|LOS|44527097|14472847| |TF|0|0|0|0|0|0|0|0|0|0|0|0|0

P|ULPI3G|ALL|ULPIN|0|3
S|ULPIN|44703611|14653889| |IF|0|0|0|0|0|0|0|0|0|0|0|0|0
S|D053L|44675972|14625389| |TF|0|0|0|0|0|0|0|0|0|0|0|0|0
S|LOS|44527097|14472847| |TF|0|0|0|0|0|0|0|0|0|0|0|0|0

