P|ADUL1Y|29|ADULA|0|2
S|ADULA|45270583|18642056| |IF|0|0|0|0|0|220|0|0|0|0|0|0|0
S|ASPUN|45330222|18704972| |TF|0|0|0|0|0|220|1|2500|0|0|0|0|0

P|ADUL1Z|11|ADULA|0|3
S|ADULA|45270583|18642056| |IF|0|0|0|0|0|0|0|0|0|0|0|0|0
S|KUTIG|45434861|18509972| |TF|0|0|0|0|0|0|1|3800|0|0|0|0|0
S|CE|45528425|18560050| |TF|0|0|0|0|0|0|1|3200|0|0|0|0|0

P|ADUL5E|29|ADULA|0|2
S|ADULA|45270583|18642056| |IF|0|0|0|0|0|0|0|0|0|0|0|0|0
S|ASPUN|45330222|18704972| |TF|0|0|0|0|0|0|0|0|0|0|0|0|0

P|CE3A|29|CE|0|2
S|CE|45528425|18560050| |IF|0|0|0|0|0|0|0|0|0|0|0|0|0
S|OSJ|45455419|18837608| |TF|0|0|0|0|0|0|0|0|0|0|0|0|0

P|LAKI1Y|29|LAKIK|0|3
S|LAKIK|45602361|18097417| |IF|0|0|0|0|0|250|0|0|0|0|0|0|0
S|OS701|45402222|18492556| |TF|0|0|0|0|0|230|2|4000|0|0|0|0|0
S|ASPUN|45330222|18704972| |TF|0|0|0|0|0|230|1|2500|0|0|0|0|0

P|LAKI1Z|11|LAKIK|0|3
S|LAKIK|45602361|18097417| |IF|0|0|0|0|0|0|0|0|0|0|0|0|0
S|OS601|45557472|18448917| |TF|0|0|0|0|0|0|1|3800|0|0|0|0|0
S|CE|45528425|18560050| |TF|0|0|0|0|0|0|1|3200|0|0|0|0|0

P|LAKI4G|11|LAKIK|0|2
S|LAKIK|45602361|18097417| |IF|0|0|0|0|0|0|0|0|0|0|0|0|0
S|CE|45528425|18560050| |TF|0|0|0|0|0|0|0|0|0|0|0|0|0

P|NASY1Y|29|NASSY|0|3
S|NASSY|45446528|18099833| |IF|0|0|0|0|0|250|0|0|0|0|0|0|0
S|OS701|45402222|18492556| |TF|0|0|0|0|0|230|2|4000|0|0|0|0|0
S|ASPUN|45330222|18704972| |TF|0|0|0|0|0|230|1|2500|0|0|0|0|0

P|NASY1Z|11|NASSY|0|3
S|NASSY|45446528|18099833| |IF|0|0|0|0|0|0|0|0|0|0|0|0|0
S|OS601|45557472|18448917| |TF|0|0|0|0|0|0|1|3800|0|0|0|0|0
S|CE|45528425|18560050| |TF|0|0|0|0|0|0|1|3200|0|0|0|0|0

P|NASY4H|29|NASSY|0|3
S|NASSY|45446528|18099833| |IF|0|0|0|0|0|0|0|0|0|0|0|0|0
S|D260I|45452778|18582222| |TF|0|0|0|0|0|0|0|0|0|0|0|0|0
S|OSJ|45455419|18837608| |TF|0|0|0|0|0|0|0|0|0|0|0|0|0

P|OSDU1Z|11|OSDUK|0|3
S|OSDUK|45787500|18133611| |IF|0|0|0|0|0|0|0|0|0|0|0|0|0
S|OS601|45557472|18448917| |TF|0|0|0|0|0|0|1|3800|0|0|0|0|0
S|CE|45528425|18560050| |TF|0|0|0|0|0|0|1|3200|0|0|0|0|0

