P|GIRD2Y|09|GIRDA|0|9
S|GIRDA|45475575|14133953| |IF|0|0|0|0|0|0|0|0|0|0|0|0|0
S|PL714|45250667|13834278| |TF|0|0|0|0|0|250|3|8000|6500|0|0|0|0
S|PL713|45093472|13843028| |TF|0|0|0|0|0|0|1|3200|0|0|0|0|0
S|PL712|45010222|13847611| |TF|0|0|0|0|0|0|0|0|0|0|0|0|0
S|PL711|45006889|13730278| |TF|0|0|0|0|0|0|0|0|0|0|0|0|0
S|KONAS|45003472|13612972| |TF|0|0|0|0|0|0|0|0|0|0|0|0|0
S|PL703|44999889|13495417| |TF|0|0|0|0|0|0|0|0|0|0|0|0|0
S|PL704|44883694|13501500| |TF|0|0|0|0|0|0|0|0|0|0|0|0|0
S|GEKSI|44886583|13618583| |TF|0|0|0|0|0|0|1|3000|0|0|0|0|0

P|GIRD2Z|27|GIRDA|0|7
S|GIRDA|45475575|14133953| |IF|0|0|0|0|0|0|0|0|0|0|0|0|0
S|PL615|45176917|14141361| |TF|0|0|0|0|0|250|1|6500|0|0|0|0|0
S|PL614|45098444|14144444| |TF|0|0|0|0|0|0|1|5000|0|0|0|0|0
S|PL607|45015167|14147694| |TF|0|0|0|0|0|220|1|4300|0|0|0|0|0
S|NIGDO|45017389|14265111| |TF|0|0|0|0|0|0|1|4300|0|0|0|0|0
S|PL601|45020028|14412528| |TF|0|0|0|0|0|0|1|4000|0|0|0|0|0
S|CRE|44902881|14416547| |TF|0|0|0|0|0|0|1|4000|0|0|0|0|0

P|GIRD4A|27|GIRDA|0|4
S|GIRDA|45475575|14133953| |IF|0|0|0|0|0|0|0|0|0|0|0|0|0
S|D040W|45166389|14287222| |TF|0|0|0|0|0|0|0|0|0|0|0|0|0
S|LSJ30|45007056|14365611| |TF|0|0|0|0|0|0|0|0|0|0|0|0|0
S|CRE|44902881|14416547| |TF|0|0|0|0|0|0|0|0|0|0|0|0|0

P|GIRD4B|09|GIRDA|0|5
S|GIRDA|45475575|14133953| |IF|0|0|0|0|0|0|0|0|0|0|0|0|0
S|D359Q|45175278|13938056| |TF|0|0|0|0|0|0|0|0|0|0|0|0|0
S|D346K|45072689|13871628| |TF|0|0|0|0|0|0|0|0|0|0|0|0|0
S|D289K|44964444|13680833|PUL|AF|1|34600|1100|28920|0|0|0|0|0|0|0|0|0
S|PLA|44889208|13753517|PUL|CF|0|12100|700|26450|500|0|0|0|0|0|0|0|0

P|KULE1E|09|KULEN|0|6
S|KULEN|45165278|15133611| |IF|0|0|0|0|0|0|0|0|0|0|0|0|0
S|PUL33|44997500|14673056| |TF|0|0|0|0|0|0|0|0|0|0|0|0|0
S|CRE|44902881|14416547| |TF|0|0|0|0|0|0|0|0|0|0|0|0|0
S|D180K|44709444|13899722| |TF|0|0|0|0|0|0|0|0|0|0|0|0|0
S|D242K|44818889|13681944|PUL|AF|2|18000|1100|24250|0|0|0|0|0|0|0|0|0
S|PLA|44889208|13753517|PUL|CF|0|5400|700|26450|500|0|0|0|0|0|0|0|0

P|KULE2X|09|KULEN|0|9
S|KULEN|45165278|15133611| |IF|0|0|0|0|0|0|0|0|0|0|0|0|0
S|PL717|44916361|14800694| |TF|0|0|0|0|0|0|3|11000|9000|0|0|0|0
S|PL715|45014861|14019333| |TF|0|0|0|0|0|250|1|9000|0|0|0|0|0
S|PL712|45010222|13847611| |TF|0|0|0|0|0|0|0|0|0|0|0|0|0
S|PL711|45006889|13730278| |TF|0|0|0|0|0|0|0|0|0|0|0|0|0
S|KONAS|45003472|13612972| |TF|0|0|0|0|0|0|0|0|0|0|0|0|0
S|PL703|44999889|13495417| |TF|0|0|0|0|0|0|0|0|0|0|0|0|0
S|PL704|44883694|13501500| |TF|0|0|0|0|0|0|0|0|0|0|0|0|0
S|GEKSI|44886583|13618583| |TF|0|0|0|0|0|0|1|3000|0|0|0|0|0

P|KULE2Y|09|KULEN|0|10
S|KULEN|45165278|15133611| |IF|0|0|0|0|0|0|0|0|0|0|0|0|0
S|PL717|44916361|14800694| |TF|0|0|0|0|0|0|3|11000|9000|0|0|0|0
S|PL710|44781472|14152861| |TF|0|0|0|0|0|250|0|0|0|0|0|0|0
S|PL709|44777778|13974833| |TF|0|0|0|0|0|0|1|9000|0|0|0|0|0
S|PL708|44775222|13857917| |TF|0|0|0|0|0|0|0|0|0|0|0|0|0
S|PL707|44772528|13741028| |TF|0|0|0|0|0|0|0|0|0|0|0|0|0
S|PEPIM|44769722|13624167| |TF|0|0|0|0|0|0|0|0|0|0|0|0|0
S|PL705|44766778|13507306| |TF|0|0|0|0|0|0|0|0|0|0|0|0|0
S|PL704|44883694|13501500| |TF|0|0|0|0|0|0|0|0|0|0|0|0|0
S|GEKSI|44886583|13618583| |TF|0|0|0|0|0|0|1|3000|0|0|0|0|0

P|KULE2Z|27|KULEN|0|3
S|KULEN|45165278|15133611| |IF|0|0|0|0|0|0|0|0|0|0|0|0|0
S|PL604|44908833|14800889| |TF|0|0|0|0|0|250|3|11000|9000|0|0|0|0
S|CRE|44902881|14416547| |TF|0|0|0|0|0|0|1|4000|0|0|0|0|0

P|KULE4F|27|KULEN|0|3
S|KULEN|45165278|15133611| |IF|0|0|0|0|0|0|0|0|0|0|0|0|0
S|PUL33|44997500|14673056| |TF|0|0|0|0|0|0|0|0|0|0|0|0|0
S|CRE|44902881|14416547| |TF|0|0|0|0|0|0|0|0|0|0|0|0|0

P|LABI2Y|09|LABIN|0|3
S|LABIN|44985833|13091389| |IF|0|0|0|0|0|0|0|0|0|0|0|0|0
S|PL704|44883694|13501500| |TF|0|0|0|0|0|0|0|0|0|0|0|0|0
S|GEKSI|44886583|13618583| |TF|0|0|0|0|0|0|1|3000|0|0|0|0|0

P|LABI2Z|27|LABIN|0|7
S|LABIN|44985833|13091389| |IF|0|0|0|0|0|0|0|0|0|0|0|0|0
S|PL612|44771167|13685083| |TF|0|0|0|0|0|250|1|9000|0|0|0|0|0
S|PL611|44779000|14040278| |TF|0|0|0|0|0|0|0|0|0|0|0|0|0
S|PL610|44781333|14157194| |TF|0|0|0|0|0|0|0|0|0|0|0|0|0
S|LANIR|44783556|14274139| |TF|0|0|0|0|0|0|0|0|0|0|0|0|0
S|PL605|44786139|14420528| |TF|0|0|0|0|0|0|0|0|0|0|0|0|0
S|CRE|44902881|14416547| |TF|0|0|0|0|0|0|1|4000|0|0|0|0|0

P|LABI3A|09|LABIN|0|3
S|LABIN|44985833|13091389| |IF|0|0|0|0|0|0|0|0|0|0|0|0|0
S|D097L|44906447|13637442| |TF|0|0|0|0|0|0|0|0|0|0|0|0|0
S|PLA|44889208|13753517| |TF|0|0|0|0|0|0|0|0|0|0|0|0|0

P|LOS1T|09|LOS|0|9
S|LOS|44527097|14472847| |IF|0|0|0|0|0|0|0|0|0|0|0|0|0
S|PL716|44729944|14070556| |TF|0|0|0|0|0|250|0|0|0|0|0|0|0
S|PL709|44777778|13974833| |TF|0|0|0|0|0|0|1|9000|0|0|0|0|0
S|PL708|44775222|13857917| |TF|0|0|0|0|0|0|0|0|0|0|0|0|0
S|PL707|44772528|13741028| |TF|0|0|0|0|0|0|0|0|0|0|0|0|0
S|PEPIM|44769722|13624167| |TF|0|0|0|0|0|0|0|0|0|0|0|0|0
S|PL705|44766778|13507306| |TF|0|0|0|0|0|0|0|0|0|0|0|0|0
S|PL704|44883694|13501500| |TF|0|0|0|0|0|0|0|0|0|0|0|0|0
S|GEKSI|44886583|13618583| |TF|0|0|0|0|0|0|1|3000|0|0|0|0|0

P|LOS2S|27|LOS|0|5
S|LOS|44527097|14472847| |IF|0|0|0|0|0|0|0|0|0|0|0|0|0
S|PL613|44700250|14277333| |TF|0|0|0|0|0|240|1|4000|0|0|0|0|0
S|LANIR|44783556|14274139| |TF|0|0|0|0|0|0|0|0|0|0|0|0|0
S|PL605|44786139|14420528| |TF|2|0|0|0|0|0|0|0|0|0|0|0|0
S|CRE|44902881|14416547| |TF|0|0|0|0|0|0|1|4000|0|0|0|0|0

P|LOS4F|27|LOS|0|3
S|LOS|44527097|14472847| |IF|0|0|0|0|0|0|0|0|0|0|0|0|0
S|D107X|44748611|14439722| |TF|0|0|0|0|0|0|0|0|0|0|0|0|0
S|CRE|44902881|14416547| |TF|0|0|0|0|0|0|0|0|0|0|0|0|0

P|LOS5B|09|LOS|0|5
S|LOS|44527097|14472847| |IF|0|0|0|0|0|0|0|0|0|0|0|0|0
S|D110Q|44636111|14131944| |TF|0|0|0|0|0|0|0|0|0|0|0|0|0
S|D180K|44709444|13899722| |TF|0|0|0|0|0|0|0|0|0|0|0|0|0
S|D242K|44818889|13681944|PUL|AF|2|18000|1100|24250|0|0|0|0|0|0|0|0|0
S|PLA|44889208|13753517|PUL|CF|0|5400|700|26450|500|0|0|0|0|0|0|0|0

P|ROTA1C|27|ROTAR|0|5
S|ROTAR|45262778|12995556| |IF|0|0|0|0|0|0|0|0|0|0|0|0|0
S|PLA|44889208|13753517| |TF|0|0|0|0|0|0|0|0|0|0|0|0|0
S|PUL|44892367|13918119| |TF|0|0|0|0|0|0|0|0|0|0|0|0|0
S|D066R|44993889|14313889| |TF|0|0|0|0|0|0|0|0|0|1|0|0|0
S|CRE|44902881|14416547|PUL|CF|2|15700|2130|8410|600|0|0|0|0|0|0|0|0

P|ROTA1D|27|ROTAR|0|5
S|ROTAR|45262778|12995556| |IF|0|0|0|0|0|0|0|0|0|0|0|0|0
S|PLA|44889208|13753517| |TF|0|0|0|0|0|0|0|0|0|0|0|0|0
S|PUL|44892367|13918119| |TF|0|0|0|0|0|0|0|0|0|0|0|0|0
S|D107T|44771667|14356667| |TF|0|0|0|0|0|0|0|0|0|1|0|0|0
S|CRE|44902881|14416547|PUL|CF|1|35000|2130|8410|600|0|0|0|0|0|0|0|0

P|ROTA2X|27|ROTAR|0|7
S|ROTAR|45262778|12995556| |IF|0|0|0|0|0|0|0|0|0|0|0|0|0
S|PL612|44771167|13685083| |TF|0|0|0|0|0|250|1|9000|0|0|0|0|0
S|PL611|44779000|14040278| |TF|0|0|0|0|0|0|0|0|0|0|0|0|0
S|PL610|44781333|14157194| |TF|0|0|0|0|0|0|0|0|0|0|0|0|0
S|LANIR|44783556|14274139| |TF|0|0|0|0|0|0|0|0|0|0|0|0|0
S|PL605|44786139|14420528| |TF|0|0|0|0|0|0|0|0|0|0|0|0|0
S|CRE|44902881|14416547| |TF|0|0|0|0|0|0|1|4000|0|0|0|0|0

P|ROTA2Y|09|ROTAR|0|4
S|ROTAR|45262778|12995556| |IF|0|0|0|0|0|0|0|0|0|0|0|0|0
S|PL703|44999889|13495417| |TF|0|0|0|0|0|0|0|0|0|0|0|0|0
S|PL704|44883694|13501500| |TF|0|0|0|0|0|0|0|0|0|0|0|0|0
S|GEKSI|44886583|13618583| |TF|0|0|0|0|0|0|1|3000|0|0|0|0|0

P|ROTA2Z|27|ROTAR|0|8
S|ROTAR|45262778|12995556| |IF|0|0|0|0|0|0|0|0|0|0|0|0|0
S|PL609|45002611|13579056| |TF|0|0|0|0|0|250|0|0|0|0|0|0|0
S|PL616|45010306|13912222| |TF|0|0|0|0|0|0|1|9000|0|0|0|0|0
S|PL608|45012806|14030278| |TF|0|0|0|0|0|0|0|0|0|0|0|0|0
S|PL607|45015167|14147694| |TF|0|0|0|0|0|0|1|4300|0|0|0|0|0
S|NIGDO|45017389|14265111| |TF|0|0|0|0|0|0|1|4300|0|0|0|0|0
S|PL601|45020028|14412528| |TF|0|0|0|0|0|0|1|4000|0|0|0|0|0
S|CRE|44902881|14416547| |TF|0|0|0|0|0|0|1|4000|0|0|0|0|0

P|ROTA4B|09|ROTAR|0|3
S|ROTAR|45262778|12995556| |IF|0|0|0|0|0|0|0|0|0|0|0|0|0
S|D121L|44942906|13645792| |TF|0|0|0|0|0|0|0|0|0|0|0|0|0
S|PLA|44889208|13753517| |TF|0|0|0|0|0|0|0|0|0|0|0|0|0

