P|KOTO1Z|04|KOTOR|0|2
S|KOTOR|45441139|15572167| |IF|0|0|0|0|0|0|0|0|0|0|0|0|0
S|EKSON|45541028|15763444| |TF|0|0|0|0|0|0|1|4000|0|0|0|0|0

P|KOTO2X|22|KOTOR|0|7
S|KOTOR|45441139|15572167| |IF|0|0|0|0|0|0|1|11000|0|0|0|0|0
S|ZA704|45465028|15890667| |TF|0|0|0|0|0|0|0|0|0|0|0|0|0
S|ZA713|45593806|16085389| |TF|0|0|0|0|0|0|0|0|0|0|0|0|0
S|ZA712|45646778|16165861| |TF|0|0|0|0|0|0|1|9000|0|0|0|0|0
S|TINBO|45817722|16427250| |TF|0|0|0|0|0|0|1|4000|0|0|0|0|0
S|ZA706|45874444|16514583| |TF|0|0|0|0|0|0|0|0|0|0|0|0|0
S|RERNA|45959889|16400750| |TF|0|0|0|0|0|0|1|4000|0|0|0|0|0

P|KOTO2Y|22|KOTOR|0|7
S|KOTOR|45441139|15572167| |IF|0|0|0|0|0|0|1|11000|0|0|0|0|0
S|ZA708|45625000|15708556| |TF|0|0|0|0|0|0|0|0|0|0|0|0|0
S|ZA709|45719000|15850306| |TF|0|0|0|0|0|0|0|0|0|0|0|0|0
S|ZA710|45841667|16036389| |TF|0|0|0|0|0|0|1|8000|0|0|0|0|0
S|ODOKA|45966972|16227806| |TF|0|0|0|0|0|230|1|5500|0|0|0|0|0
S|ZA711|46023861|16315167| |TF|0|0|0|0|0|0|1|5500|0|0|0|0|0
S|RERNA|45959889|16400750| |TF|0|0|0|0|0|0|1|4000|0|0|0|0|0

P|KOTO3A|04|KOTOR|0|2
S|KOTOR|45441139|15572167| |IF|0|0|0|0|0|0|0|0|0|0|0|0|0
S|PIS|45605028|15843997| |TF|0|0|0|0|0|0|0|0|0|0|0|0|0

P|KOTO3B|22|KOTOR|0|3
S|KOTOR|45441139|15572167| |IF|0|0|0|0|0|0|0|0|0|0|0|0|0
S|PIS|45605028|15843997| |TF|0|0|0|0|0|0|0|0|0|0|0|0|0
S|ZAG|45895558|16306697| |TF|0|0|0|0|0|0|0|0|0|0|0|0|0

P|LULU1A|04|LULUD|0|3
S|LULUD|45842500|15683333| |IF|0|0|0|0|0|0|0|0|0|0|0|0|0
S|D242Y|45725058|15764064| |TF|0|0|0|0|0|0|0|0|0|0|0|0|0
S|PIS|45605028|15843997| |TF|0|0|0|0|0|0|0|0|0|0|0|0|0

P|LULU1B|22|LULUD|0|3
S|LULUD|45842500|15683333| |IF|0|0|0|0|0|0|0|0|0|0|0|0|0
S|D259J|45875806|16069786| |TF|0|0|0|0|0|0|0|0|0|0|0|0|0
S|ZAG|45895558|16306697| |TF|0|0|0|0|0|0|0|0|0|0|0|0|0

P|LULU1Y|22|LULUD|0|6
S|LULUD|45842500|15683333| |IF|0|0|0|0|0|0|0|0|0|0|0|0|0
S|ZA709|45719000|15850306| |TF|0|0|0|0|0|0|0|0|0|0|0|0|0
S|ZA710|45841667|16036389| |TF|0|0|0|0|0|0|1|8000|0|0|0|0|0
S|ODOKA|45966972|16227806| |TF|0|0|0|0|0|230|1|5500|0|0|0|0|0
S|ZA711|46023861|16315167| |TF|0|0|0|0|0|0|1|5500|0|0|0|0|0
S|RERNA|45959889|16400750| |TF|0|0|0|0|0|0|1|4000|0|0|0|0|0

P|LULU2Z|04|LULUD|0|5
S|LULUD|45842500|15683333| |IF|0|0|0|0|0|0|0|0|0|0|0|0|0
S|ZA610|45752361|15805333| |TF|0|0|0|0|0|220|0|0|0|0|0|0|0
S|GODLA|45695111|15718972| |TF|0|0|0|0|0|0|1|5500|0|0|0|0|0
S|ZA601|45637750|15632722| |TF|0|0|0|0|0|0|1|5500|0|0|0|0|0
S|EKSON|45541028|15763444| |TF|1|0|0|0|0|0|1|4000|0|0|0|0|0

P|NEKI1A|04|NEKIN|0|5
S|NEKIN|46407222|16703333| |IF|0|0|0|0|0|0|0|0|0|0|0|0|0
S|ZAG|45895558|16306697| |TF|0|0|0|0|0|0|0|0|0|0|0|0|0
S|SK|45805822|16164661| |TF|0|0|0|0|0|0|0|0|0|0|0|0|0
S|VG|45725361|16042067| |TF|0|0|0|0|0|0|0|0|0|0|0|0|0
S|PIS|45605028|15843997| |TF|0|0|0|0|0|0|0|0|0|0|0|0|0

P|NEKI1B|22|NEKIN|0|3
S|NEKIN|46407222|16703333| |IF|0|0|0|0|0|0|0|0|0|0|0|0|0
S|D024Y|46262411|16590217| |TF|0|0|0|0|0|0|0|0|0|0|0|0|0
S|ZAG|45895558|16306697| |TF|0|0|0|0|0|0|0|0|0|0|0|0|0

P|NEKI1Z|04|NEKIN|0|7
S|NEKIN|46407222|16703333| |IF|0|0|0|0|0|0|0|0|0|0|0|0|0
S|ZA603|46015167|16205417| |TF|0|0|0|0|0|0|0|0|0|0|0|0|0
S|ZA609|45848889|15951611| |TF|0|0|0|0|0|0|1|9000|0|0|0|0|0
S|ZA610|45752361|15805333| |TF|0|0|0|0|0|250|0|0|0|0|0|0|0
S|GODLA|45695111|15718972| |TF|0|0|0|0|0|0|1|5500|0|0|0|0|0
S|ZA601|45637750|15632722| |TF|0|0|0|0|0|0|1|5500|0|0|0|0|0
S|EKSON|45541028|15763444| |TF|1|0|0|0|0|0|1|4000|0|0|0|0|0

P|NEKI2Y|22|NEKIN|0|3
S|NEKIN|46407222|16703333| |IF|0|0|0|0|0|0|0|0|0|0|0|0|0
S|ZA711|46023861|16315167| |TF|0|0|0|0|0|240|1|5500|0|0|0|0|0
S|RERNA|45959889|16400750| |TF|0|0|0|0|0|0|1|4000|0|0|0|0|0

P|PETO2Y|22|PETOV|0|3
S|PETOV|46309675|15976167| |IF|0|0|0|0|0|0|0|0|0|0|0|0|0
S|ZA711|46023861|16315167| |TF|0|0|0|0|0|0|1|5500|0|0|0|0|0
S|RERNA|45959889|16400750| |TF|0|0|0|0|0|0|1|4000|0|0|0|0|0

P|PETO2Z|04|PETOV|0|7
S|PETOV|46309675|15976167| |IF|0|0|0|0|0|0|0|0|0|0|0|0|0
S|ZA603|46015167|16205417| |TF|0|0|0|0|0|0|0|0|0|0|0|0|0
S|ZA609|45848889|15951611| |TF|0|0|0|0|0|0|1|9000|0|0|0|0|0
S|ZA610|45752361|15805333| |TF|0|0|0|0|0|250|0|0|0|0|0|0|0
S|GODLA|45695111|15718972| |TF|0|0|0|0|0|0|1|5500|0|0|0|0|0
S|ZA601|45637750|15632722| |TF|0|0|0|0|0|0|1|5500|0|0|0|0|0
S|EKSON|45541028|15763444| |TF|1|0|0|0|0|0|1|4000|0|0|0|0|0

P|PETO3F|04|PETOV|0|3
S|PETOV|46309675|15976167| |IF|0|0|0|0|0|0|0|0|0|0|0|0|0
S|D242T|45759475|15872678| |TF|0|0|0|0|0|0|0|0|0|0|0|0|0
S|PIS|45605028|15843997| |TF|0|0|0|0|0|0|0|0|0|0|0|0|0

P|PETO3G|22|PETOV|0|3
S|PETOV|46309675|15976167| |IF|0|0|0|0|0|0|0|0|0|0|0|0|0
S|D327L|46070483|16167775| |TF|0|0|0|0|0|0|0|0|0|0|0|0|0
S|ZAG|45895558|16306697| |TF|0|0|0|0|0|0|0|0|0|0|0|0|0

P|RUDI2Y|22|RUDIK|0|7
S|RUDIK|44996667|16305000| |IF|0|0|0|0|0|0|0|0|0|0|0|0|0
S|ZA714|45502250|16224361| |TF|0|0|0|0|0|230|0|0|0|0|0|0|0
S|ZA713|45593806|16085389| |TF|0|0|0|0|0|0|0|0|0|0|0|0|0
S|ZA712|45646778|16165861| |TF|2|0|0|0|0|0|1|9000|0|0|0|0|0
S|TINBO|45817722|16427250| |TF|0|0|0|0|0|0|1|4000|0|0|0|0|0
S|ZA706|45874444|16514583| |TF|0|0|0|0|0|0|0|0|0|0|0|0|0
S|RERNA|45959889|16400750| |TF|0|0|0|0|0|0|1|4000|0|0|0|0|0

P|RUDI2Z|04|RUDIK|0|5
S|RUDIK|44996667|16305000| |IF|0|0|0|0|0|0|0|0|0|0|0|0|0
S|ZA616|45223389|16187722| |TF|0|0|0|0|0|0|0|0|0|0|0|0|0
S|ZA615|45304500|16080028| |TF|0|0|0|0|0|0|2|8000|0|0|0|0|0
S|ZA611|45480472|15844861| |TF|0|0|0|0|0|0|0|0|0|0|0|0|0
S|EKSON|45541028|15763444| |TF|0|0|0|0|0|0|1|4000|0|0|0|0|0

P|RUDI3B|22|RUDIK|0|3
S|RUDIK|44996667|16305000| |IF|0|0|0|0|0|0|0|0|0|0|0|0|0
S|D176L|45695606|16306314| |TF|0|0|0|0|0|0|0|0|0|0|0|0|0
S|ZAG|45895558|16306697| |TF|0|0|0|0|0|0|0|0|0|0|0|0|0

P|RUDI6A|04|RUDIK|0|4
S|RUDIK|44996667|16305000| |IF|0|0|0|0|0|0|0|0|0|0|0|0|0
S|ZAG42|45194961|16305369| |TF|0|0|0|0|0|0|0|0|0|0|0|0|0
S|ZAG36|45466528|15719944| |TF|0|0|0|0|0|0|0|0|0|0|0|0|0
S|PIS|45605028|15843997| |TF|0|0|0|0|0|0|0|0|0|0|0|0|0

P|TEBL2Y|22|TEBLI|0|7
S|TEBLI|45201528|16675889| |IF|0|0|0|0|0|0|0|0|0|0|0|0|0
S|ZA714|45502250|16224361| |TF|0|0|0|0|0|230|0|0|0|0|0|0|0
S|ZA713|45593806|16085389| |TF|0|0|0|0|0|0|0|0|0|0|0|0|0
S|ZA712|45646778|16165861| |TF|2|0|0|0|0|0|1|9000|0|0|0|0|0
S|TINBO|45817722|16427250| |TF|0|0|0|0|0|0|1|4000|0|0|0|0|0
S|ZA706|45874444|16514583| |TF|0|0|0|0|0|0|0|0|0|0|0|0|0
S|RERNA|45959889|16400750| |TF|0|0|0|0|0|0|1|4000|0|0|0|0|0

P|TEBL2Z|04|TEBLI|0|6
S|TEBLI|45201528|16675889| |IF|0|0|0|0|0|0|0|0|0|0|0|0|0
S|ZA617|45385583|16435056| |TF|0|0|0|0|0|250|0|0|0|0|0|0|0
S|ZA616|45223389|16187722| |TF|0|0|0|0|0|0|0|0|0|0|0|0|0
S|ZA615|45304500|16080028| |TF|0|0|0|0|0|0|2|8000|0|0|0|0|0
S|ZA611|45480472|15844861| |TF|0|0|0|0|0|0|0|0|0|0|0|0|0
S|EKSON|45541028|15763444| |TF|0|0|0|0|0|0|1|4000|0|0|0|0|0

P|TEBL3A|22|TEBLI|0|3
S|TEBLI|45201528|16675889| |IF|0|0|0|0|0|0|0|0|0|0|0|0|0
S|D155L|45708369|16407203| |TF|0|0|0|0|0|0|0|0|0|0|0|0|0
S|ZAG|45895558|16306697| |TF|0|0|0|0|0|0|0|0|0|0|0|0|0

P|TEBL3B|04|TEBLI|0|3
S|TEBLI|45201528|16675889| |IF|0|0|0|0|0|0|0|0|0|0|0|0|0
S|D197Z|45489264|16085072| |TF|0|0|0|0|0|0|0|0|0|0|0|0|0
S|PIS|45605028|15843997| |TF|0|0|0|0|0|0|0|0|0|0|0|0|0

P|VEBA1Y|22|VEBAL|0|3
S|VEBAL|45991389|17296667| |IF|0|0|0|0|0|0|0|0|0|0|0|0|0
S|ZA706|45874444|16514583| |TF|0|0|0|0|0|0|0|0|0|0|0|0|0
S|RERNA|45959889|16400750| |TF|0|0|0|0|0|0|1|4000|0|0|0|0|0

P|VEBA1Z|04|VEBAL|0|7
S|VEBAL|45991389|17296667| |IF|0|0|0|0|0|0|0|0|0|0|0|0|0
S|ZA614|45803806|16656611| |TF|0|0|0|0|0|0|0|0|0|0|0|0|0
S|ZA613|45834167|16382528| |TF|0|0|0|0|0|0|1|8000|0|0|0|0|0
S|ZA612|45681028|16148472| |TF|0|0|0|0|0|0|1|8000|0|0|0|0|0
S|TAFNI|45537667|15931083| |TF|0|0|0|0|0|230|1|4000|0|0|0|0|0
S|ZA611|45480472|15844861| |TF|0|0|0|0|0|0|0|0|0|0|0|0|0
S|EKSON|45541028|15763444| |TF|0|0|0|0|0|0|1|4000|0|0|0|0|0

P|ZINP1Y|22|ZINPE|0|4
S|ZINPE|45747806|17146750| |IF|0|0|0|0|0|0|0|0|0|0|0|0|0
S|ZA707|45824194|16767806| |TF|0|0|0|0|0|0|1|5000|0|0|0|0|0
S|ZA706|45874444|16514583| |TF|0|0|0|0|0|0|0|0|0|0|0|0|0
S|RERNA|45959889|16400750| |TF|0|0|0|0|0|0|1|4000|0|0|0|0|0

P|ZINP1Z|04|ZINPE|0|7
S|ZINPE|45747806|17146750| |IF|0|0|0|0|0|0|0|0|0|0|0|0|0
S|ZA614|45803806|16656611| |TF|0|0|0|0|0|0|0|0|0|0|0|0|0
S|ZA613|45834167|16382528| |TF|0|0|0|0|0|0|1|8000|0|0|0|0|0
S|ZA612|45681028|16148472| |TF|0|0|0|0|0|0|1|8000|0|0|0|0|0
S|TAFNI|45537667|15931083| |TF|0|0|0|0|0|230|1|4000|0|0|0|0|0
S|ZA611|45480472|15844861| |TF|0|0|0|0|0|0|0|0|0|0|0|0|0
S|EKSON|45541028|15763444| |TF|0|0|0|0|0|0|1|4000|0|0|0|0|0

