P|AMAK1P|11|AMAKA|0|4
S|AMAKA|43528833|-5320972| |IF|0|0|0|0|0|0|1|10000|0|0|0|0|0
S|PIZQA|43628556|-5733917| |TF|0|0|0|0|0|0|1|5000|0|0|0|0|0
S|AS600|43762778|-6301944| |TF|0|0|0|0|0|0|0|0|0|0|0|0|0
S|TUXAL|43638972|-6356583| |TF|1|0|0|0|0|0|1|4500|0|0|0|0|0

P|AMAK1Q|29|AMAKA|0|2
S|AMAKA|43528833|-5320972| |IF|0|0|0|0|0|0|1|10000|0|0|0|0|0
S|ROMIL|43474139|-5659028| |TF|0|0|0|0|0|0|1|5700|0|0|0|0|0

P|AMAK2B|ALL|AMAKA|0|3
S|AMAKA|43528833|-5320972| |IF|0|0|0|0|0|0|1|10000|0|0|0|0|0
S|XIDRA|43542500|-5641194| |TF|0|0|0|0|0|0|0|0|0|0|0|0|0
S|VES|43557056|-6007083| |TF|0|0|0|0|0|0|0|0|0|0|0|0|0

P|DEVA1P|11|DEVAR|0|3
S|DEVAR|43944778|-5571611| |IF|0|0|0|0|0|0|1|11000|0|0|0|0|0
S|AS600|43762778|-6301944| |TF|0|0|0|0|0|0|0|0|0|0|0|0|0
S|TUXAL|43638972|-6356583| |TF|0|0|0|0|0|0|1|4500|0|0|0|0|0

P|DEVA1Q|29|DEVAR|0|3
S|DEVAR|43944778|-5571611| |IF|0|0|0|0|0|0|1|11000|0|0|0|0|0
S|AS660|43597222|-5603056| |TF|0|0|0|0|0|0|0|0|0|0|0|0|0
S|ROMIL|43474139|-5659028| |TF|0|0|0|0|0|0|1|5700|0|0|0|0|0

P|MASI1P|11|MASIP|0|3
S|MASIP|43392333|-6655694| |IF|0|0|0|0|0|0|1|10000|0|0|0|0|0
S|AS620|43515278|-6411111| |TF|0|0|0|0|0|250|1|6000|0|0|0|0|0
S|TUXAL|43638972|-6356583| |TF|0|0|0|0|0|0|1|4500|0|0|0|0|0

P|MASI1Q|29|MASIP|0|6
S|MASIP|43392333|-6655694| |IF|0|0|0|0|0|0|1|10000|0|0|0|0|0
S|AS670|43233694|-5831806| |TF|0|0|0|0|0|250|0|0|0|0|0|0|0
S|AS650|43259722|-5757222| |TF|0|0|0|0|0|0|1|9000|0|0|0|0|0
S|AMHOM|43333111|-5723694| |TF|0|0|0|0|0|0|1|7000|0|0|0|0|0
S|SIKHE|43383056|-5700833| |TF|0|0|0|0|0|0|0|0|0|0|0|0|0
S|ROMIL|43474139|-5659028| |TF|0|0|0|0|0|0|1|5700|0|0|0|0|0

P|MAVO1P|11|MAVOS|0|3
S|MAVOS|44054361|-5934611| |IF|0|0|0|0|0|0|1|10000|0|0|0|0|0
S|AS600|43762778|-6301944| |TF|0|0|0|0|0|0|0|0|0|0|0|0|0
S|TUXAL|43638972|-6356583| |TF|0|0|0|0|0|0|1|4500|0|0|0|0|0

P|MAVO1Q|29|MAVOS|0|3
S|MAVOS|44054361|-5934611| |IF|0|0|0|0|0|0|1|10000|0|0|0|0|0
S|AS660|43597222|-5603056| |TF|0|0|0|0|0|0|0|0|0|0|0|0|0
S|ROMIL|43474139|-5659028| |TF|0|0|0|0|0|0|1|5700|0|0|0|0|0

P|XOND1C|29|XONDA|0|2
S|XONDA|43061833|-5912167| |IF|0|0|0|0|0|0|1|11000|0|0|0|0|0
S|DORAR|43292972|-5956278| |TF|0|0|0|0|0|0|0|0|0|0|0|0|0

P|XOND1P|11|XONDA|0|5
S|XONDA|43061833|-5912167| |IF|0|0|0|0|0|0|1|11000|0|0|0|0|0
S|AS610|43203889|-6067222| |TF|0|0|0|0|0|0|1|10000|0|0|0|0|0
S|COJOZ|43295528|-6168056| |TF|0|0|0|0|0|0|1|9000|0|0|0|0|0
S|AS620|43515278|-6411111| |TF|0|0|0|0|0|250|1|6000|0|0|0|0|0
S|TUXAL|43638972|-6356583| |TF|0|0|0|0|0|0|1|4500|0|0|0|0|0

P|XOND1Q|29|XONDA|0|5
S|XONDA|43061833|-5912167| |IF|0|0|0|0|0|0|1|11000|0|0|0|0|0
S|AS650|43259722|-5757222| |TF|0|0|0|0|0|0|1|9000|0|0|0|0|0
S|AMHOM|43333111|-5723694| |TF|0|0|0|0|0|0|1|7000|0|0|0|0|0
S|SIKHE|43383056|-5700833| |TF|0|0|0|0|0|0|0|0|0|0|0|0|0
S|ROMIL|43474139|-5659028| |TF|0|0|0|0|0|0|1|5700|0|0|0|0|0

P|XOND2B|ALL|XONDA|0|3
S|XONDA|43061833|-5912167| |IF|0|0|0|0|0|0|1|11000|0|0|0|0|0
S|DORAR|43292972|-5956278| |TF|0|0|0|0|0|0|0|0|0|0|0|0|0
S|VES|43557056|-6007083| |TF|0|0|0|0|0|0|0|0|0|0|0|0|0

