P|ALT3F|22L|ALT|0|3
S|ALT|38268278|-570111| |IF|0|0|0|0|0|0|1|10000|0|0|0|0|0
S|OSVAN|38116722|-563417| |TF|0|0|0|0|0|0|0|0|0|0|0|0|0
S|DITRE|37926611|-557167| |TF|0|0|0|0|0|0|0|0|0|0|0|0|0

P|DINC2A|04R|DINCO|0|2
S|DINCO|37256250|-1287778| |IF|0|0|0|0|0|0|1|10000|0|0|0|0|0
S|SANSI|37497361|-1070056| |TF|0|0|0|0|0|0|0|0|0|0|0|0|0

P|PALO1C|04R|PALOS|0|5
S|PALOS|37574611|-536778| |IF|0|0|0|0|0|0|1|9000|0|0|0|0|0
S| |91000000|181000000| |CI|0|17700|0|0|0|0|0|0|0|0|0|0|0
S|D151W|37440053|-588242|VSJ|AF|2|14400|2300|15120|0|0|0|0|0|0|0|0|0
S|D210W|37450517|-1060689|VSJ|AF|2|15100|2300|21000|0|0|0|0|0|0|0|0|0
S|SANSI|37497361|-1070056|VSJ|CF|0|3500|2090|21500|100|0|0|0|0|0|0|0|0

P|PALO1D|22L|PALOS|0|2
S|PALOS|37574611|-536778| |IF|0|0|0|0|0|0|1|9000|0|0|0|0|0
S|DITRE|37926611|-557167| |TF|0|0|0|0|0|0|0|0|0|0|0|0|0

