P|ADUX3D|32L|ADUXO|0|4
S|ADUXO|40512333|-2064278| |IF|0|0|0|0|0|0|2|21000|0|0|0|0|0
S|MD001|40391667|-2322222| |TF|0|0|0|0|0|0|1|15000|0|0|0|0|0
S|SIRGU|40260500|-2600139| |TF|0|0|0|0|0|0|3|14000|10000|0|0|0|0
S|RUDBI|40258167|-3136111| |TF|0|0|0|0|0|220|1|8000|0|0|0|0|0

P|ADUX3D|32R|ADUXO|0|4
S|ADUXO|40512333|-2064278| |IF|0|0|0|0|0|0|2|21000|0|0|0|0|0
S|MD001|40391667|-2322222| |TF|0|0|0|0|0|0|1|15000|0|0|0|0|0
S|SIRGU|40260500|-2600139| |TF|0|0|0|0|0|0|3|14000|10000|0|0|0|0
S|RUDBI|40258167|-3136111| |TF|0|0|0|0|0|220|1|8000|0|0|0|0|0

P|ADUX7B|18L|ADUXO|0|5
S|ADUXO|40512333|-2064278| |IF|0|0|0|0|0|0|1|15000|0|0|0|0|0
S|MD505|40441306|-2308444| |TF|0|0|0|0|0|250|1|15000|0|0|0|0|0
S|NOSKO|40656333|-2816722| |TF|0|0|0|0|0|220|1|10000|0|0|0|0|0
S|RBO|40853861|-3246639| |TF|0|0|0|0|0|220|0|0|0|0|0|0|0
S|LULER|40913972|-3378333| |TF|0|0|0|0|0|220|3|9000|8000|0|0|0|0

P|ADUX7B|18R|ADUXO|0|5
S|ADUXO|40512333|-2064278| |IF|0|0|0|0|0|0|1|15000|0|0|0|0|0
S|MD505|40441306|-2308444| |TF|0|0|0|0|0|250|1|15000|0|0|0|0|0
S|NOSKO|40656333|-2816722| |TF|0|0|0|0|0|220|1|10000|0|0|0|0|0
S|RBO|40853861|-3246639| |TF|0|0|0|0|0|220|0|0|0|0|0|0|0
S|LULER|40913972|-3378333| |TF|0|0|0|0|0|220|3|9000|8000|0|0|0|0

P|BANE3B|18L|BANEV|0|4
S|BANEV|41502611|-2514528| |IF|0|0|0|0|0|0|1|15000|0|0|0|0|0
S|BAN|41323556|-2629778| |TF|0|0|0|0|0|250|1|15000|0|0|0|0|0
S|VENUX|41200250|-2857389| |TF|0|0|0|0|0|220|1|12000|0|0|0|0|0
S|LULER|40913972|-3378333| |TF|0|0|0|0|0|220|3|9000|8000|0|0|0|0

P|BANE3B|18R|BANEV|0|4
S|BANEV|41502611|-2514528| |IF|0|0|0|0|0|0|1|15000|0|0|0|0|0
S|BAN|41323556|-2629778| |TF|0|0|0|0|0|250|1|15000|0|0|0|0|0
S|VENUX|41200250|-2857389| |TF|0|0|0|0|0|220|1|12000|0|0|0|0|0
S|LULER|40913972|-3378333| |TF|0|0|0|0|0|220|3|9000|8000|0|0|0|0

P|BANE5D|32L|BANEV|0|7
S|BANEV|41502611|-2514528| |IF|0|0|0|0|0|0|1|15000|0|0|0|0|0
S|BAN|41323556|-2629778| |TF|0|0|0|0|0|0|1|15000|0|0|0|0|0
S|PINAR|40980306|-2599167| |TF|0|0|0|0|0|0|3|21000|15000|0|0|0|0
S|MD545|40829417|-2585806| |TF|0|0|0|0|0|0|1|13000|0|0|0|0|0
S|NOSKO|40656333|-2816722| |TF|0|0|0|0|0|0|3|14000|10000|0|0|0|0
S|MD530|40416111|-3009944| |TF|0|0|0|0|0|0|1|10000|0|0|0|0|0
S|RUDBI|40258167|-3136111| |TF|0|0|0|0|0|220|1|8000|0|0|0|0|0

P|BANE5D|32R|BANEV|0|7
S|BANEV|41502611|-2514528| |IF|0|0|0|0|0|0|1|15000|0|0|0|0|0
S|BAN|41323556|-2629778| |TF|0|0|0|0|0|0|1|15000|0|0|0|0|0
S|PINAR|40980306|-2599167| |TF|0|0|0|0|0|0|3|21000|15000|0|0|0|0
S|MD545|40829417|-2585806| |TF|0|0|0|0|0|0|1|13000|0|0|0|0|0
S|NOSKO|40656333|-2816722| |TF|0|0|0|0|0|0|3|14000|10000|0|0|0|0
S|MD530|40416111|-3009944| |TF|0|0|0|0|0|0|1|10000|0|0|0|0|0
S|RUDBI|40258167|-3136111| |TF|0|0|0|0|0|220|1|8000|0|0|0|0|0

P|MORA6C|32L|MORAL|0|8
S|MORAL|39000000|-3542167| |IF|0|0|0|0|0|0|0|0|0|0|0|0|0
S|MD465|39422444|-3885389| |TF|0|0|0|0|0|0|2|21000|0|0|0|0|0
S|MD450|39687139|-4103028| |TF|0|0|0|0|0|0|1|15000|0|0|0|0|0
S|BUREX|39811056|-3939306| |TF|0|0|0|0|0|0|3|14000|12000|0|0|0|0
S|MD440|39921806|-3792222| |TF|0|0|0|0|0|0|1|8000|0|0|0|0|0
S|YUNYE|40044083|-3628944| |TF|0|0|0|0|0|0|1|7000|0|0|0|0|0
S|MD420|40111361|-3538722| |TF|0|0|0|0|0|0|1|6000|0|0|0|0|0
S|FAFEQ|40169389|-3460694| |TF|0|0|0|0|0|220|1|5000|0|0|0|0|0

P|MORA6C|32R|MORAL|0|8
S|MORAL|39000000|-3542167| |IF|0|0|0|0|0|0|0|0|0|0|0|0|0
S|MD465|39422444|-3885389| |TF|0|0|0|0|0|0|2|21000|0|0|0|0|0
S|MD450|39687139|-4103028| |TF|0|0|0|0|0|0|1|15000|0|0|0|0|0
S|BUREX|39811056|-3939306| |TF|0|0|0|0|0|0|3|14000|12000|0|0|0|0
S|MD440|39921806|-3792222| |TF|0|0|0|0|0|0|1|8000|0|0|0|0|0
S|YUNYE|40044083|-3628944| |TF|0|0|0|0|0|0|1|7000|0|0|0|0|0
S|MD420|40111361|-3538722| |TF|0|0|0|0|0|0|1|6000|0|0|0|0|0
S|FAFEQ|40169389|-3460694| |TF|0|0|0|0|0|220|1|5000|0|0|0|0|0

P|MORA7A|18L|MORAL|0|6
S|MORAL|39000000|-3542167| |IF|0|0|0|0|0|0|0|0|0|0|0|0|0
S|MD410|39557694|-3996333| |TF|0|0|0|0|0|0|1|20000|0|0|0|0|0
S|TLD|39969472|-4337389| |TF|0|0|0|0|0|0|1|15000|0|0|0|0|0
S|NVS|40368667|-4249417| |TF|0|0|0|0|0|0|1|12000|0|0|0|0|0
S|SECQO|40735361|-4260306| |TF|0|0|0|0|0|220|1|11000|0|0|0|0|0
S|RILKO|40978917|-3796833| |TF|0|0|0|0|0|220|1|11000|0|0|0|0|0

P|MORA7A|18R|MORAL|0|6
S|MORAL|39000000|-3542167| |IF|0|0|0|0|0|0|0|0|0|0|0|0|0
S|MD410|39557694|-3996333| |TF|0|0|0|0|0|0|1|20000|0|0|0|0|0
S|TLD|39969472|-4337389| |TF|0|0|0|0|0|0|1|15000|0|0|0|0|0
S|NVS|40368667|-4249417| |TF|0|0|0|0|0|0|1|12000|0|0|0|0|0
S|SECQO|40735361|-4260306| |TF|0|0|0|0|0|220|1|11000|0|0|0|0|0
S|RILKO|40978917|-3796833| |TF|0|0|0|0|0|220|1|11000|0|0|0|0|0

P|NONT3A|18L|NONTU|0|3
S|NONTU|41500306|-4169000| |IF|0|0|0|0|0|0|1|15000|0|0|0|0|0
S|ORBIS|41265722|-4195333| |TF|0|0|0|0|0|250|1|11000|0|0|0|0|0
S|RILKO|40978917|-3796833| |TF|0|0|0|0|0|220|1|11000|0|0|0|0|0

P|NONT3A|18R|NONTU|0|3
S|NONTU|41500306|-4169000| |IF|0|0|0|0|0|0|1|15000|0|0|0|0|0
S|ORBIS|41265722|-4195333| |TF|0|0|0|0|0|250|1|11000|0|0|0|0|0
S|RILKO|40978917|-3796833| |TF|0|0|0|0|0|220|1|11000|0|0|0|0|0

P|NONT5C|32L|NONTU|0|8
S|NONTU|41500306|-4169000| |IF|0|0|0|0|0|0|1|15000|0|0|0|0|0
S|ORBIS|41265722|-4195333| |TF|0|0|0|0|0|0|1|15000|0|0|0|0|0
S|MD435|40868361|-4219472| |TF|0|0|0|0|0|0|1|15000|0|0|0|0|0
S|MD430|40525167|-4240083| |TF|0|0|0|0|0|0|1|12000|0|0|0|0|0
S|DAQSE|40343083|-4146694| |TF|0|0|0|0|0|0|3|14000|11000|0|0|0|0
S|URRIF|40242306|-3746306| |TF|0|0|0|0|0|0|1|7000|0|0|0|0|0
S|MD425|40195833|-3563833| |TF|0|0|0|0|0|0|1|6000|0|0|0|0|0
S|FAFEQ|40169389|-3460694| |TF|0|0|0|0|0|220|1|5000|0|0|0|0|0

P|NONT5C|32R|NONTU|0|8
S|NONTU|41500306|-4169000| |IF|0|0|0|0|0|0|1|15000|0|0|0|0|0
S|ORBIS|41265722|-4195333| |TF|0|0|0|0|0|0|1|15000|0|0|0|0|0
S|MD435|40868361|-4219472| |TF|0|0|0|0|0|0|1|15000|0|0|0|0|0
S|MD430|40525167|-4240083| |TF|0|0|0|0|0|0|1|12000|0|0|0|0|0
S|DAQSE|40343083|-4146694| |TF|0|0|0|0|0|0|3|14000|11000|0|0|0|0
S|URRIF|40242306|-3746306| |TF|0|0|0|0|0|0|1|7000|0|0|0|0|0
S|MD425|40195833|-3563833| |TF|0|0|0|0|0|0|1|6000|0|0|0|0|0
S|FAFEQ|40169389|-3460694| |TF|0|0|0|0|0|220|1|5000|0|0|0|0|0

P|PRAD4D|32L|PRADO|0|4
S|PRADO|40147500|-2010333| |IF|0|0|0|0|0|0|2|21000|0|0|0|0|0
S|MD550|40262250|-2282333| |TF|0|0|0|0|0|0|1|15000|0|0|0|0|0
S|SIRGU|40260500|-2600139| |TF|0|0|0|0|0|0|3|14000|10000|0|0|0|0
S|RUDBI|40258167|-3136111| |TF|0|0|0|0|0|220|1|8000|0|0|0|0|0

P|PRAD4D|32R|PRADO|0|4
S|PRADO|40147500|-2010333| |IF|0|0|0|0|0|0|2|21000|0|0|0|0|0
S|MD550|40262250|-2282333| |TF|0|0|0|0|0|0|1|15000|0|0|0|0|0
S|SIRGU|40260500|-2600139| |TF|0|0|0|0|0|0|3|14000|10000|0|0|0|0
S|RUDBI|40258167|-3136111| |TF|0|0|0|0|0|220|1|8000|0|0|0|0|0

P|PRAD8E|18L|PRADO|0|5
S|PRADO|40147500|-2010333| |IF|0|0|0|0|0|0|1|15000|0|0|0|0|0
S|CJN|40371972|-2544611| |TF|0|0|0|0|0|250|1|15000|0|0|0|0|0
S|NOSKO|40656333|-2816722| |TF|0|0|0|0|0|220|1|10000|0|0|0|0|0
S|RBO|40853861|-3246639| |TF|0|0|0|0|0|220|0|0|0|0|0|0|0
S|LULER|40913972|-3378333| |TF|0|0|0|0|0|220|3|9000|8000|0|0|0|0

P|PRAD8E|18R|PRADO|0|5
S|PRADO|40147500|-2010333| |IF|0|0|0|0|0|0|1|15000|0|0|0|0|0
S|CJN|40371972|-2544611| |TF|0|0|0|0|0|250|1|15000|0|0|0|0|0
S|NOSKO|40656333|-2816722| |TF|0|0|0|0|0|220|1|10000|0|0|0|0|0
S|RBO|40853861|-3246639| |TF|0|0|0|0|0|220|0|0|0|0|0|0|0
S|LULER|40913972|-3378333| |TF|0|0|0|0|0|220|3|9000|8000|0|0|0|0

P|RIDA3A|18L|RIDAV|0|5
S|RIDAV|40535250|-5808278| |IF|0|0|0|0|0|0|1|24500|0|0|0|0|0
S|MD400|41007111|-5282306| |TF|0|0|0|0|0|0|1|24000|0|0|0|0|0
S|USATI|40960556|-4611111| |TF|0|0|0|0|0|250|1|20000|0|0|0|0|0
S|SECQO|40735361|-4260306| |TF|0|0|0|0|0|220|1|12000|0|0|0|0|0
S|RILKO|40978917|-3796833| |TF|0|0|0|0|0|220|1|11000|0|0|0|0|0

P|RIDA3A|18R|RIDAV|0|5
S|RIDAV|40535250|-5808278| |IF|0|0|0|0|0|0|1|24500|0|0|0|0|0
S|MD400|41007111|-5282306| |TF|0|0|0|0|0|0|1|24000|0|0|0|0|0
S|USATI|40960556|-4611111| |TF|0|0|0|0|0|250|1|20000|0|0|0|0|0
S|SECQO|40735361|-4260306| |TF|0|0|0|0|0|220|1|12000|0|0|0|0|0
S|RILKO|40978917|-3796833| |TF|0|0|0|0|0|220|1|11000|0|0|0|0|0

P|RIDA5C|32L|RIDAV|0|9
S|RIDAV|40535250|-5808278| |IF|0|0|0|0|0|0|0|0|0|0|0|0|0
S|MD455|40185750|-4891028| |TF|0|0|0|0|0|0|1|24000|0|0|0|0|0
S|TLD|39969472|-4337389| |TF|0|0|0|0|0|0|3|21000|15000|0|0|0|0
S|MD445|39834833|-4122056| |TF|0|0|0|0|0|0|0|0|0|0|0|0|0
S|BUREX|39811056|-3939306| |TF|0|0|0|0|0|290|3|14000|12000|0|0|0|0
S|MD440|39921806|-3792222| |TF|0|0|0|0|0|0|1|8000|0|0|0|0|0
S|YUNYE|40044083|-3628944| |TF|0|0|0|0|0|0|1|7000|0|0|0|0|0
S|MD420|40111361|-3538722| |TF|0|0|0|0|0|0|1|6000|0|0|0|0|0
S|FAFEQ|40169389|-3460694| |TF|0|0|0|0|0|220|1|5000|0|0|0|0|0

P|RIDA5C|32R|RIDAV|0|9
S|RIDAV|40535250|-5808278| |IF|0|0|0|0|0|0|0|0|0|0|0|0|0
S|MD455|40185750|-4891028| |TF|0|0|0|0|0|0|1|24000|0|0|0|0|0
S|TLD|39969472|-4337389| |TF|0|0|0|0|0|0|3|21000|15000|0|0|0|0
S|MD445|39834833|-4122056| |TF|0|0|0|0|0|0|0|0|0|0|0|0|0
S|BUREX|39811056|-3939306| |TF|0|0|0|0|0|290|3|14000|12000|0|0|0|0
S|MD440|39921806|-3792222| |TF|0|0|0|0|0|0|1|8000|0|0|0|0|0
S|YUNYE|40044083|-3628944| |TF|0|0|0|0|0|0|1|7000|0|0|0|0|0
S|MD420|40111361|-3538722| |TF|0|0|0|0|0|0|1|6000|0|0|0|0|0
S|FAFEQ|40169389|-3460694| |TF|0|0|0|0|0|220|1|5000|0|0|0|0|0

P|SOTU5C|32L|SOTUK|0|8
S|SOTUK|39193667|-4746389| |IF|0|0|0|0|0|0|0|0|0|0|0|0|0
S|MD460|39518861|-4323972| |TF|0|0|0|0|0|0|2|21000|0|0|0|0|0
S|MD450|39687139|-4103028| |TF|0|0|0|0|0|0|1|15000|0|0|0|0|0
S|BUREX|39811056|-3939306| |TF|0|0|0|0|0|0|3|14000|12000|0|0|0|0
S|MD440|39921806|-3792222| |TF|0|0|0|0|0|0|1|8000|0|0|0|0|0
S|YUNYE|40044083|-3628944| |TF|0|0|0|0|0|0|1|7000|0|0|0|0|0
S|MD420|40111361|-3538722| |TF|0|0|0|0|0|0|1|6000|0|0|0|0|0
S|FAFEQ|40169389|-3460694| |TF|0|0|0|0|0|220|1|5000|0|0|0|0|0

P|SOTU5C|32R|SOTUK|0|8
S|SOTUK|39193667|-4746389| |IF|0|0|0|0|0|0|0|0|0|0|0|0|0
S|MD460|39518861|-4323972| |TF|0|0|0|0|0|0|2|21000|0|0|0|0|0
S|MD450|39687139|-4103028| |TF|0|0|0|0|0|0|1|15000|0|0|0|0|0
S|BUREX|39811056|-3939306| |TF|0|0|0|0|0|0|3|14000|12000|0|0|0|0
S|MD440|39921806|-3792222| |TF|0|0|0|0|0|0|1|8000|0|0|0|0|0
S|YUNYE|40044083|-3628944| |TF|0|0|0|0|0|0|1|7000|0|0|0|0|0
S|MD420|40111361|-3538722| |TF|0|0|0|0|0|0|1|6000|0|0|0|0|0
S|FAFEQ|40169389|-3460694| |TF|0|0|0|0|0|220|1|5000|0|0|0|0|0

P|SOTU7A|18L|SOTUK|0|6
S|SOTUK|39193667|-4746389| |IF|0|0|0|0|0|0|0|0|0|0|0|0|0
S|MD405|39793639|-4430972| |TF|0|0|0|0|0|0|1|20000|0|0|0|0|0
S|TLD|39969472|-4337389| |TF|0|0|0|0|0|0|1|15000|0|0|0|0|0
S|NVS|40368667|-4249417| |TF|0|0|0|0|0|0|1|12000|0|0|0|0|0
S|SECQO|40735361|-4260306| |TF|0|0|0|0|0|220|1|11000|0|0|0|0|0
S|RILKO|40978917|-3796833| |TF|0|0|0|0|0|220|1|11000|0|0|0|0|0

P|SOTU7A|18R|SOTUK|0|6
S|SOTUK|39193667|-4746389| |IF|0|0|0|0|0|0|0|0|0|0|0|0|0
S|MD405|39793639|-4430972| |TF|0|0|0|0|0|0|1|20000|0|0|0|0|0
S|TLD|39969472|-4337389| |TF|0|0|0|0|0|0|1|15000|0|0|0|0|0
S|NVS|40368667|-4249417| |TF|0|0|0|0|0|0|1|12000|0|0|0|0|0
S|SECQO|40735361|-4260306| |TF|0|0|0|0|0|220|1|11000|0|0|0|0|0
S|RILKO|40978917|-3796833| |TF|0|0|0|0|0|220|1|11000|0|0|0|0|0

P|TERS4Z|32L|TERSA|0|6
S|TERSA|40725028|-2137833| |IF|0|0|0|0|0|0|2|20000|0|0|0|0|0
S|MD540|40755750|-2393694| |TF|0|0|0|0|0|0|1|15000|0|0|0|0|0
S|MD535|40785333|-2644806| |TF|0|0|0|0|0|0|1|13000|0|0|0|0|0
S|NOSKO|40656333|-2816722| |TF|0|0|0|0|0|0|3|14000|10000|0|0|0|0
S|MD530|40416111|-3009944| |TF|0|0|0|0|0|0|1|10000|0|0|0|0|0
S|RUDBI|40258167|-3136111| |TF|0|0|0|0|0|220|1|8000|0|0|0|0|0

P|TERS4Z|32R|TERSA|0|6
S|TERSA|40725028|-2137833| |IF|0|0|0|0|0|0|2|20000|0|0|0|0|0
S|MD540|40755750|-2393694| |TF|0|0|0|0|0|0|1|15000|0|0|0|0|0
S|MD535|40785333|-2644806| |TF|0|0|0|0|0|0|1|13000|0|0|0|0|0
S|NOSKO|40656333|-2816722| |TF|0|0|0|0|0|0|3|14000|10000|0|0|0|0
S|MD530|40416111|-3009944| |TF|0|0|0|0|0|0|1|10000|0|0|0|0|0
S|RUDBI|40258167|-3136111| |TF|0|0|0|0|0|220|1|8000|0|0|0|0|0

P|TERS7E|18L|TERSA|0|5
S|TERSA|40725028|-2137833| |IF|0|0|0|0|0|0|1|15000|0|0|0|0|0
S|NIKOV|40486111|-2413667| |TF|0|0|0|0|0|250|1|15000|0|0|0|0|0
S|NOSKO|40656333|-2816722| |TF|0|0|0|0|0|220|1|10000|0|0|0|0|0
S|RBO|40853861|-3246639| |TF|0|0|0|0|0|220|0|0|0|0|0|0|0
S|LULER|40913972|-3378333| |TF|0|0|0|0|0|220|3|9000|8000|0|0|0|0

P|TERS7E|18R|TERSA|0|5
S|TERSA|40725028|-2137833| |IF|0|0|0|0|0|0|1|15000|0|0|0|0|0
S|NIKOV|40486111|-2413667| |TF|0|0|0|0|0|250|1|15000|0|0|0|0|0
S|NOSKO|40656333|-2816722| |TF|0|0|0|0|0|220|1|10000|0|0|0|0|0
S|RBO|40853861|-3246639| |TF|0|0|0|0|0|220|0|0|0|0|0|0|0
S|LULER|40913972|-3378333| |TF|0|0|0|0|0|220|3|9000|8000|0|0|0|0

P|TLD4C|32L|TLD|0|7
S|TLD|39969472|-4337389| |IF|0|0|0|0|0|0|3|21000|15000|0|0|0|0
S|MD445|39834833|-4122056| |TF|0|0|0|0|0|0|0|0|0|0|0|0|0
S|BUREX|39811056|-3939306| |TF|0|0|0|0|0|290|3|14000|12000|0|0|0|0
S|MD440|39921806|-3792222| |TF|0|0|0|0|0|0|1|8000|0|0|0|0|0
S|YUNYE|40044083|-3628944| |TF|0|0|0|0|0|0|1|7000|0|0|0|0|0
S|MD420|40111361|-3538722| |TF|0|0|0|0|0|0|1|6000|0|0|0|0|0
S|FAFEQ|40169389|-3460694| |TF|0|0|0|0|0|220|1|5000|0|0|0|0|0

P|TLD4C|32R|TLD|0|7
S|TLD|39969472|-4337389| |IF|0|0|0|0|0|0|3|21000|15000|0|0|0|0
S|MD445|39834833|-4122056| |TF|0|0|0|0|0|0|0|0|0|0|0|0|0
S|BUREX|39811056|-3939306| |TF|0|0|0|0|0|290|3|14000|12000|0|0|0|0
S|MD440|39921806|-3792222| |TF|0|0|0|0|0|0|1|8000|0|0|0|0|0
S|YUNYE|40044083|-3628944| |TF|0|0|0|0|0|0|1|7000|0|0|0|0|0
S|MD420|40111361|-3538722| |TF|0|0|0|0|0|0|1|6000|0|0|0|0|0
S|FAFEQ|40169389|-3460694| |TF|0|0|0|0|0|220|1|5000|0|0|0|0|0

P|TLD7A|18L|TLD|0|4
S|TLD|39969472|-4337389| |IF|0|0|0|0|0|0|1|15000|0|0|0|0|0
S|NVS|40368667|-4249417| |TF|0|0|0|0|0|0|1|12000|0|0|0|0|0
S|SECQO|40735361|-4260306| |TF|0|0|0|0|0|220|1|11000|0|0|0|0|0
S|RILKO|40978917|-3796833| |TF|0|0|0|0|0|220|1|11000|0|0|0|0|0

P|TLD7A|18R|TLD|0|4
S|TLD|39969472|-4337389| |IF|0|0|0|0|0|0|1|15000|0|0|0|0|0
S|NVS|40368667|-4249417| |TF|0|0|0|0|0|0|1|12000|0|0|0|0|0
S|SECQO|40735361|-4260306| |TF|0|0|0|0|0|220|1|11000|0|0|0|0|0
S|RILKO|40978917|-3796833| |TF|0|0|0|0|0|220|1|11000|0|0|0|0|0

P|VILA4D|32L|VILLA|0|3
S|VILLA|40232944|-2410444| |IF|0|0|0|0|0|0|2|19000|0|0|0|0|0
S|SIRGU|40260500|-2600139| |TF|0|0|0|0|0|0|3|15000|10000|0|0|0|0
S|RUDBI|40258167|-3136111| |TF|0|0|0|0|0|220|1|8000|0|0|0|0|0

P|VILA4D|32R|VILLA|0|3
S|VILLA|40232944|-2410444| |IF|0|0|0|0|0|0|2|19000|0|0|0|0|0
S|SIRGU|40260500|-2600139| |TF|0|0|0|0|0|0|3|15000|10000|0|0|0|0
S|RUDBI|40258167|-3136111| |TF|0|0|0|0|0|220|1|8000|0|0|0|0|0

P|VILA7E|18L|VILLA|0|5
S|VILLA|40232944|-2410444| |IF|0|0|0|0|0|0|1|10000|0|0|0|0|0
S|CJN|40371972|-2544611| |TF|0|0|0|0|0|250|1|10000|0|0|0|0|0
S|NOSKO|40656333|-2816722| |TF|0|0|0|0|0|220|1|10000|0|0|0|0|0
S|RBO|40853861|-3246639| |TF|0|0|0|0|0|220|0|0|0|0|0|0|0
S|LULER|40913972|-3378333| |TF|0|0|0|0|0|220|3|9000|8000|0|0|0|0

P|VILA7E|18R|VILLA|0|5
S|VILLA|40232944|-2410444| |IF|0|0|0|0|0|0|1|10000|0|0|0|0|0
S|CJN|40371972|-2544611| |TF|0|0|0|0|0|250|1|10000|0|0|0|0|0
S|NOSKO|40656333|-2816722| |TF|0|0|0|0|0|220|1|10000|0|0|0|0|0
S|RBO|40853861|-3246639| |TF|0|0|0|0|0|220|0|0|0|0|0|0|0
S|LULER|40913972|-3378333| |TF|0|0|0|0|0|220|3|9000|8000|0|0|0|0

P|ZMR5A|18L|ZMR|0|4
S|ZMR|41530194|-5639694| |IF|0|0|0|0|0|0|0|0|0|0|0|0|0
S|PODOG|41312000|-4440278| |TF|0|0|0|0|0|250|1|15000|0|0|0|0|0
S|ORBIS|41265722|-4195333| |TF|0|0|0|0|0|250|1|11000|0|0|0|0|0
S|RILKO|40978917|-3796833| |TF|0|0|0|0|0|220|1|11000|0|0|0|0|0

P|ZMR5A|18R|ZMR|0|4
S|ZMR|41530194|-5639694| |IF|0|0|0|0|0|0|0|0|0|0|0|0|0
S|PODOG|41312000|-4440278| |TF|0|0|0|0|0|250|1|15000|0|0|0|0|0
S|ORBIS|41265722|-4195333| |TF|0|0|0|0|0|250|1|11000|0|0|0|0|0
S|RILKO|40978917|-3796833| |TF|0|0|0|0|0|220|1|11000|0|0|0|0|0

P|ZMR6C|32L|ZMR|0|6
S|ZMR|41530194|-5639694| |IF|0|0|0|0|0|0|0|0|0|0|0|0|0
S|AVILA|40624611|-4549889| |TF|0|0|0|0|0|0|3|21000|15000|0|0|0|0
S|DAQSE|40343083|-4146694| |TF|0|0|0|0|0|0|3|14000|11000|0|0|0|0
S|URRIF|40242306|-3746306| |TF|0|0|0|0|0|0|1|7000|0|0|0|0|0
S|MD425|40195833|-3563833| |TF|0|0|0|0|0|0|1|6000|0|0|0|0|0
S|FAFEQ|40169389|-3460694| |TF|0|0|0|0|0|220|1|5000|0|0|0|0|0

P|ZMR6C|32R|ZMR|0|6
S|ZMR|41530194|-5639694| |IF|0|0|0|0|0|0|0|0|0|0|0|0|0
S|AVILA|40624611|-4549889| |TF|0|0|0|0|0|0|3|21000|15000|0|0|0|0
S|DAQSE|40343083|-4146694| |TF|0|0|0|0|0|0|3|14000|11000|0|0|0|0
S|URRIF|40242306|-3746306| |TF|0|0|0|0|0|0|1|7000|0|0|0|0|0
S|MD425|40195833|-3563833| |TF|0|0|0|0|0|0|1|6000|0|0|0|0|0
S|FAFEQ|40169389|-3460694| |TF|0|0|0|0|0|220|1|5000|0|0|0|0|0

