P|RD123V|ALL|ANDEV|0|4
S|ANDEV|37393889|-6599722| |IF|0|0|0|0|0|0|0|15000|0|0|0|0|0
S|TORRE|36968333|-6462778| |TF|0|0|0|0|0|0|0|11000|0|0|0|0|0
S|LUCAR|36761111|-6389167| |TF|0|0|0|0|0|0|2|4000|0|0|0|0|0
S|AOG|36647861|-6349056| |TF|0|0|0|0|0|0|0|0|0|0|0|0|0

P|RD125V|ALL|ZUJAR|0|6
S|ZUJAR|38978611|-5311667| |IF|0|0|0|0|0|0|0|25000|0|0|0|0|0
S|CANAL|38146389|-5774167| |TF|0|0|0|0|0|0|0|25000|0|0|0|0|0
S|CAZON|37430278|-6185278| |TF|0|0|0|0|0|0|0|25000|0|0|0|0|0
S|TORRE|36968333|-6462778| |TF|0|0|0|0|0|0|0|17000|0|0|0|0|0
S|LUCAR|36761111|-6389167| |TF|0|0|0|0|0|0|2|4000|0|0|0|0|0
S|AOG|36647861|-6349056| |TF|0|0|0|0|0|0|0|0|0|0|0|0|0

P|RD169V|ALL|MABEL|0|5
S|MABEL|36206944|-4672139| |IF|0|0|0|0|0|0|0|21000|0|0|0|0|0
S|SARES|36443611|-5264722| |TF|0|0|0|0|0|0|0|21000|0|0|0|0|0
S|DONIA|36481944|-6016667| |TF|0|0|0|0|0|0|0|6000|0|0|0|0|0
S|TAGOR|36486389|-6117222| |TF|0|0|0|0|0|0|2|4000|0|0|0|0|0
S|AOG|36647861|-6349056| |TF|0|0|0|0|0|0|0|0|0|0|0|0|0

