P|BANT3R|08|BANTI|0|2
S|BANTI|49924167|1626111| |IF|0|0|0|0|0|0|0|0|0|0|0|0|0
S|IZUKE|49952111|2365222| |TF|0|0|0|0|0|210|1|3000|0|0|0|0|0

P|BANT3S|26|BANTI|0|4
S|BANTI|49924167|1626111| |IF|0|0|0|0|0|0|0|0|0|0|0|0|0
S|IZUKE|49952111|2365222| |TF|0|0|0|0|0|0|0|0|0|0|0|0|0
S|AQ512|50046667|2563833| |TF|0|0|0|0|0|0|0|0|0|0|0|0|0
S|ROGEV|50083167|3007611| |TF|0|0|0|0|0|200|1|3000|0|0|0|0|0

P|CMB3R|ALL|CMB|0|4
S|CMB|50228139|3151500| |IF|0|0|0|0|0|0|0|0|0|0|0|0|0
S|ROGEV|50083167|3007611| |TF|0|0|0|0|0|0|0|0|0|0|0|0|0
S|SULEX|50000000|2925556| |TF|0|0|0|0|0|0|0|0|0|0|0|0|0
S|ABY|49976250|2809417| |TF|0|0|0|0|0|210|1|3000|0|1|0|0|0

P|CMB3S|26|CMB|0|2
S|CMB|50228139|3151500| |IF|0|0|0|0|0|0|0|0|0|0|0|0|0
S|ROGEV|50083167|3007611| |TF|0|0|0|0|0|200|1|3000|0|0|0|0|0

