P|AGN7R|ALL|AGN|0|3
S|AGN|43888028|872861| |IF|0|0|0|0|0|0|2|19000|0|0|0|0|0
S|D215T|43619336|605572| |TF|0|0|0|0|0|0|2|14000|0|0|0|0|0
S|TEPTI|43409333|398750| |TF|0|0|0|0|0|250|3|14000|7000|0|0|0|0

P|SOVO7C|ALL|SOVOS|0|5
S|SOVOS|43386944|-900000| |IF|0|0|0|0|0|0|2|14000|0|0|0|0|0
S|ORTEZ|43365556|-716667| |TF|0|0|0|0|0|200|2|10000|0|0|0|0|0
S|D087I|43309503|-584233| |TF|0|0|0|0|0|0|0|0|0|0|0|0|0
S|ATWIX|43337222|-501611| |TF|0|0|0|0|0|200|2|8000|0|0|0|0|0
S|ARSIG|43315556|-447472| |TF|0|0|0|0|0|200|0|5000|0|0|0|0|0

P|SOVO7R|ALL|SOVOS|0|4
S|SOVOS|43386944|-900000| |IF|0|0|0|0|0|0|2|14000|0|0|0|0|0
S|ORTEZ|43365556|-716667| |TF|0|0|0|0|0|0|2|10000|0|0|0|0|0
S|ATWIX|43337222|-501611| |TF|0|0|0|0|0|210|0|0|0|0|0|0|0
S|ARSIG|43315556|-447472| |TF|0|0|0|0|0|200|0|5000|0|0|0|0|0

P|TOU7C|ALL|TOU|0|4
S|TOU|43680833|1309806| |IF|0|0|0|0|0|0|2|22000|0|0|0|0|0
S|D067Z|43498931|694561| |TF|0|0|0|0|0|0|2|14000|0|0|0|0|0
S|MABOL|43458056|558333| |TF|0|0|0|0|0|0|2|11000|0|0|0|0|0
S|TEPTI|43409333|398750| |TF|0|0|0|0|0|0|0|7000|0|0|0|0|0

P|TOU7R|ALL|TOU|0|4
S|TOU|43680833|1309806| |IF|0|0|0|0|0|0|2|22000|0|0|0|0|0
S|TOU27|43508833|727678| |TF|0|0|0|0|0|0|2|14000|0|0|0|0|0
S|MABOL|43458056|558333| |TF|0|0|0|0|0|0|2|11000|0|0|0|0|0
S|TEPTI|43409333|398750| |TF|0|0|0|0|0|250|1|7000|0|0|0|0|0

