P|CNA4T|30|CNA|0|2
S|CNA|45659556|-311639| |IF|0|0|0|0|0|0|0|0|0|0|0|0|0
S|DN302|45760750|-666667| |TF|0|0|0|0|0|200|3|4200|2500|0|0|0|0

P|LUSO4H|30|LUSON|0|3
S|LUSON|46500000|-1350833| |IF|0|0|0|0|0|0|0|0|0|0|0|0|0
S|DN121|46058333|-1181917| |TF|0|0|0|0|0|0|1|2500|0|0|0|0|0
S|DN305|45888417|-986250| |TF|0|0|0|0|0|220|1|2500|0|0|0|0|0

P|LUSO4T|12|LUSON|0|2
S|LUSON|46500000|-1350833| |IF|0|0|0|0|0|0|0|0|0|0|0|0|0
S|DN121|46058333|-1181917| |TF|0|0|0|0|0|185|3|4100|2500|0|0|0|0

P|MARE4H|30|MAREN|0|2
S|MAREN|45733333|-1061667| |IF|0|0|0|0|0|0|0|0|0|0|0|0|0
S|DN305|45888417|-986250| |TF|0|0|0|0|0|220|1|2500|0|0|0|0|0

P|MARE4T|12|MAREN|0|2
S|MAREN|45733333|-1061667| |IF|0|0|0|0|0|0|0|0|0|0|0|0|0
S|DN122|45930667|-1252417| |TF|0|0|0|0|0|185|3|3800|2500|0|0|0|0

