P|AMVA3P|ALL|AMVAR|0|7
S|AMVAR|45330556|5937222| |IF|0|0|0|0|0|250|2|15000|0|0|0|0|0
S|OSMAS|45279694|5518472| |TF|0|0|0|0|0|230|2|14000|0|0|0|0|0
S|GOMET|45360194|5488000| |TF|0|0|0|0|0|0|0|0|0|0|0|0|0
S|LTP|45488972|5439056| |TF|0|0|0|0|0|0|0|0|0|0|0|0|0
S|MAXUS|45773611|5381389| |TF|0|0|0|0|0|0|0|0|0|0|0|0|0
S|GOVNA|45878167|5569528| |TF|0|0|0|0|0|210|3|9000|6500|0|0|0|0
S|PIRUV|45867778|5675833| |TF|0|0|0|0|0|0|1|6500|0|0|0|0|0

P|FEDZ3P|ALL|FEDZI|0|7
S|FEDZI|46363889|3822222| |IF|0|0|0|0|0|0|3|23000|20000|0|0|0|0
S|BEKRI|46144056|4428222| |TF|0|0|0|0|0|0|2|15000|0|0|0|0|0
S|EKNOS|46224722|5248972| |TF|0|0|0|0|0|220|0|0|0|0|0|0|0
S|AMKEN|46182556|5379500| |TF|0|0|0|0|0|0|0|0|0|0|0|0|0
S|RIPTU|46106944|5329167| |TF|0|0|0|0|0|0|0|0|0|0|0|0|0
S|GOVNA|45878167|5569528| |TF|0|0|0|0|0|210|3|9000|6500|0|0|0|0
S|PIRUV|45867778|5675833| |TF|0|0|0|0|0|0|1|6500|0|0|0|0|0

P|LTP3A|ALL|LTP|0|2
S|LTP|45488972|5439056| |IF|0|0|0|0|0|0|0|0|0|0|0|0|0
S|TOLNA|45678528|5813694| |TF|0|0|0|0|0|0|0|0|0|0|0|0|0

P|MEBA3P|ALL|MEBAK|0|4
S|MEBAK|45708028|4648861| |IF|0|0|0|0|0|0|0|0|0|0|0|0|0
S|LSE|45745528|5090583| |TF|0|0|0|0|0|0|0|0|0|0|0|0|0
S|GOVNA|45878167|5569528| |TF|0|0|0|0|0|210|3|9000|6500|0|0|0|0
S|PIRUV|45867778|5675833| |TF|0|0|0|0|0|0|1|6500|0|0|0|0|0

P|MURO3P|ALL|MURRO|0|4
S|MURRO|45332917|4375556| |IF|0|0|0|0|0|0|0|0|0|0|0|0|0
S|LSE|45745528|5090583| |TF|0|0|0|0|0|0|0|0|0|0|0|0|0
S|GOVNA|45878167|5569528| |TF|0|0|0|0|0|210|3|9000|6500|0|0|0|0
S|PIRUV|45867778|5675833| |TF|0|0|0|0|0|0|1|6500|0|0|0|0|0

P|PINE3P|ALL|PINED|0|7
S|PINED|45000000|5521111| |IF|0|0|0|0|0|250|2|13000|0|0|0|0|0
S|OSMAS|45279694|5518472| |TF|0|0|0|0|0|230|2|14000|0|0|0|0|0
S|GOMET|45360194|5488000| |TF|0|0|0|0|0|0|0|0|0|0|0|0|0
S|LTP|45488972|5439056| |TF|0|0|0|0|0|0|0|0|0|0|0|0|0
S|MAXUS|45773611|5381389| |TF|0|0|0|0|0|0|0|0|0|0|0|0|0
S|GOVNA|45878167|5569528| |TF|0|0|0|0|0|210|3|9000|6500|0|0|0|0
S|PIRUV|45867778|5675833| |TF|0|0|0|0|0|0|1|6500|0|0|0|0|0

P|ROMA3P|ALL|ROMAM|0|4
S|ROMAM|45102639|5163444| |IF|0|0|0|0|0|0|0|0|0|0|0|0|0
S|LSE|45745528|5090583| |TF|0|0|0|0|0|0|0|0|0|0|0|0|0
S|GOVNA|45878167|5569528| |TF|0|0|0|0|0|210|3|9000|6500|0|0|0|0
S|PIRUV|45867778|5675833| |TF|0|0|0|0|0|0|1|6500|0|0|0|0|0

P|SALE3P|ALL|SALEV|0|7
S|SALEV|46073778|6065944| |IF|0|0|0|0|0|0|0|0|0|0|0|0|0
S|PINOT|45985447|5925958| |TF|0|0|0|0|0|0|0|0|0|0|0|0|0
S|COLLO|45943056|5855000| |TF|0|0|0|0|0|0|0|0|0|0|0|0|0
S|LUVOB|45783528|5658750| |TF|0|0|0|0|0|210|2|9000|0|0|0|0|0
S|KENZO|45794000|5552611| |TF|0|0|0|0|0|0|0|0|0|0|0|0|0
S|GOVNA|45878167|5569528| |TF|0|0|0|0|0|210|3|9000|6500|0|0|0|0
S|PIRUV|45867778|5675833| |TF|0|0|0|0|0|0|1|6500|0|0|0|0|0

P|SALE3Q|ALL|SALEV|0|6
S|SALEV|46073778|6065944| |IF|0|0|0|0|0|0|0|0|0|0|0|0|0
S|BAGAP|45738333|5929167| |TF|0|0|0|0|0|210|2|11000|0|0|0|0|0
S|OSRIM|45696667|5826111| |TF|0|0|0|0|0|0|0|0|0|0|0|0|0
S|KENZO|45794000|5552611| |TF|0|0|0|0|0|0|0|0|0|0|0|0|0
S|GOVNA|45878167|5569528| |TF|0|0|0|0|0|210|3|9000|6500|0|0|0|0
S|PIRUV|45867778|5675833| |TF|0|0|0|0|0|0|1|6500|0|0|0|0|0

