P|ATRI9A|ALL|ATRID|0|4
S|ATRID|46848611|3408611| |IF|0|0|0|0|0|0|0|0|0|0|0|0|0
S|OLIRI|46635000|3411944| |TF|0|0|0|0|0|0|2|15000|0|0|0|0|0
S|NEKEM|46500000|3414056| |TF|0|0|0|0|0|0|2|13000|0|0|0|0|0
S|RIMOR|46022722|3479944| |TF|0|0|0|0|0|0|1|6000|0|0|0|0|0

P|GERV9A|ALL|GERVA|0|2
S|GERVA|46057639|2874306| |IF|0|0|0|0|0|0|2|14000|0|0|0|0|0
S|RIMOR|46022722|3479944| |TF|0|0|0|0|0|0|1|6000|0|0|0|0|0

P|MINP9A|ALL|MINPA|0|2
S|MINPA|45104361|3174806| |IF|0|0|0|0|0|0|2|14000|0|0|0|0|0
S|AMDAS|45681778|3742972| |TF|0|0|0|0|0|0|1|9000|0|0|0|0|0

P|PIMA9A|ALL|PIMAK|0|2
S|PIMAK|45391667|4014722| |IF|0|0|0|0|0|0|0|0|0|0|0|0|0
S|AMDAS|45681778|3742972| |TF|0|0|0|0|0|0|1|9000|0|0|0|0|0

P|RISU9A|ALL|RISUN|0|3
S|RISUN|46365556|2603333| |IF|0|0|0|0|0|0|0|0|0|0|0|0|0
S|ENESO|46200556|2930833| |TF|0|0|0|0|0|250|2|14000|0|0|0|0|0
S|RIMOR|46022722|3479944| |TF|0|0|0|0|0|0|1|6000|0|0|0|0|0

P|SOMT9A|ALL|SOMTI|0|2
S|SOMTI|45450167|2932917| |IF|0|0|0|0|0|0|2|14000|0|0|0|0|0
S|AMDAS|45681778|3742972| |TF|0|0|0|0|0|0|1|9000|0|0|0|0|0

P|SOPA9A|ALL|SOPAD|0|2
S|SOPAD|45653333|4205556| |IF|0|0|0|0|0|0|0|0|0|0|0|0|0
S|AMDAS|45681778|3742972| |TF|0|0|0|0|0|0|1|9000|0|0|0|0|0

