P|DIBE3D|ALL|DIBER|0|3
S|DIBER|42079722|4415000| |IF|0|0|0|0|0|0|0|0|0|0|0|0|0
S|MTG|43386306|5086833| |TF|0|0|0|0|0|0|0|0|0|0|0|0|0
S|ITR|43526083|4926917| |TF|0|0|0|0|0|0|0|0|0|0|0|0|0

P|JULE3D|ALL|JULEE|0|3
S|JULEE|43012778|5633333| |IF|0|0|0|0|0|0|0|0|0|0|0|0|0
S|MTG|43386306|5086833| |TF|0|0|0|0|0|0|0|0|0|0|0|0|0
S|ITR|43526083|4926917| |TF|0|0|0|0|0|0|0|0|0|0|0|0|0

P|OB3D|ALL|OB|0|4
S|OB|43229833|5665417| |IF|0|0|0|0|0|0|0|0|0|0|0|0|0
S|POMEG|43294194|5328417| |TF|0|0|0|0|0|0|0|0|0|0|0|0|0
S|MTG|43386306|5086833| |TF|0|0|0|0|0|0|0|0|0|0|0|0|0
S|ITR|43526083|4926917| |TF|0|0|0|0|0|0|0|0|0|0|0|0|0

P|PPG3D|ALL|PPG|0|5
S|PPG|42750472|2867139| |IF|0|0|0|0|0|0|0|0|0|0|0|0|0
S|SUBIL|43028611|4608333| |TF|0|0|0|0|0|0|0|0|0|0|0|0|0
S|BORGO|43146194|4770750| |TF|0|0|0|0|0|0|0|0|0|0|0|0|0
S|MTG|43386306|5086833| |TF|0|0|0|0|0|0|0|0|0|0|0|0|0
S|ITR|43526083|4926917| |TF|0|0|0|0|0|0|0|0|0|0|0|0|0

P|SOSU3D|ALL|SOSUR|0|3
S|SOSUR|42560222|4997389| |IF|0|0|0|0|0|0|0|0|0|0|0|0|0
S|MTG|43386306|5086833| |TF|0|0|0|0|0|0|0|0|0|0|0|0|0
S|ITR|43526083|4926917| |TF|0|0|0|0|0|0|0|0|0|0|0|0|0

P|TINO3D|ALL|TINOT|0|3
S|TINOT|42697722|5315111| |IF|0|0|0|0|0|0|0|0|0|0|0|0|0
S|MTG|43386306|5086833| |TF|0|0|0|0|0|0|0|0|0|0|0|0|0
S|ITR|43526083|4926917| |TF|0|0|0|0|0|0|0|0|0|0|0|0|0

