P|BALS2D|ALL|BALSI|0|7
S|BALSI|45477389|5960778| |IF|0|0|0|0|0|0|0|0|0|0|0|0|0
S|KURIR|44725528|4900389| |TF|0|0|0|0|0|0|0|0|0|0|0|0|0
S|SAURG|43883333|5095278| |TF|0|0|0|0|0|250|1|15000|0|0|0|0|0
S|DOLIV|43710250|5177278| |TF|0|0|0|0|0|0|0|0|0|0|0|0|0
S|VENTA|43583056|5234472| |TF|0|0|0|0|0|0|0|0|0|0|0|0|0
S|MRM|43377333|5326444| |TF|0|0|0|0|0|0|0|0|0|0|0|0|0
S|GEMKO|43267917|5595806| |TF|0|0|0|0|0|185|1|5000|0|1|0|0|0

P|BALS2R|ALL|BALSI|0|8
S|BALSI|45477389|5960778| |IF|0|0|0|0|0|0|0|0|0|0|0|0|0
S|KURIR|44725528|4900389| |TF|0|0|0|0|0|0|1|11000|0|0|0|0|0
S|MTL|44554944|4779861| |TF|0|0|0|0|0|280|0|0|0|0|0|0|0
S|RIKSI|44118972|4677056| |TF|0|0|0|0|0|0|0|0|0|0|0|0|0
S|AVN|43995361|4746389| |TF|0|0|0|0|0|250|2|23000|0|0|0|0|0
S|ZEBRA|43615889|4960083| |TF|0|0|0|0|0|0|0|0|0|0|0|0|0
S|MRM|43377333|5326444| |TF|0|0|0|0|0|0|0|0|0|0|0|0|0
S|GEMKO|43267917|5595806| |TF|0|0|0|0|0|185|1|5000|0|1|0|0|0

P|FJR2G|ALL|FJR|0|6
S|FJR|43578361|3974722| |IF|0|0|0|0|0|0|2|23000|0|0|0|0|0
S|MARRI|43384722|4474167| |TF|0|0|0|0|0|0|0|0|0|0|0|0|0
S|SALIN|43282806|4730139| |TF|0|0|0|0|0|250|0|0|0|0|0|0|0
S|BULTO|43273611|4903333| |TF|0|0|0|0|0|0|0|0|0|0|0|0|0
S|MRM|43377333|5326444| |TF|0|0|0|0|0|0|0|0|0|0|0|0|0
S|GEMKO|43267917|5595806| |TF|0|0|0|0|0|185|1|5000|0|1|0|0|0

P|LANK2G|ALL|LANKO|0|2
S|LANKO|43227222|6014444| |IF|0|0|0|0|0|0|0|0|0|0|0|0|0
S|GEMKO|43267917|5595806| |TF|0|0|0|0|0|185|1|5000|0|1|0|0|0

P|LERG2D|ALL|LERGA|0|8
S|LERGA|45257278|3750167| |IF|0|0|0|0|0|0|0|0|0|0|0|0|0
S|OTROT|45113611|4445556| |TF|0|0|0|0|0|0|0|0|0|0|0|0|0
S|KURIR|44725528|4900389| |TF|0|0|0|0|0|0|0|0|0|0|0|0|0
S|SAURG|43883333|5095278| |TF|0|0|0|0|0|250|1|15000|0|0|0|0|0
S|DOLIV|43710250|5177278| |TF|0|0|0|0|0|0|0|0|0|0|0|0|0
S|VENTA|43583056|5234472| |TF|0|0|0|0|0|0|0|0|0|0|0|0|0
S|MRM|43377333|5326444| |TF|0|0|0|0|0|0|0|0|0|0|0|0|0
S|GEMKO|43267917|5595806| |TF|0|0|0|0|0|185|1|5000|0|1|0|0|0

P|LERG2R|ALL|LERGA|0|9
S|LERGA|45257278|3750167| |IF|0|0|0|0|0|0|0|0|0|0|0|0|0
S|LATAM|45033861|4239111| |TF|0|0|0|0|0|0|0|0|0|0|0|0|0
S|ARDEG|44669167|4537500| |TF|0|0|0|0|0|0|1|8000|0|0|0|0|0
S|ETAKI|44506667|4588333| |TF|0|0|0|0|0|280|0|0|0|0|0|0|0
S|RIKSI|44118972|4677056| |TF|0|0|0|0|0|0|0|0|0|0|0|0|0
S|AVN|43995361|4746389| |TF|0|0|0|0|0|250|2|23000|0|0|0|0|0
S|ZEBRA|43615889|4960083| |TF|0|0|0|0|0|0|0|0|0|0|0|0|0
S|MRM|43377333|5326444| |TF|0|0|0|0|0|0|0|0|0|0|0|0|0
S|GEMKO|43267917|5595806| |TF|0|0|0|0|0|185|1|5000|0|1|0|0|0

P|LIPS2G|ALL|LIPSU|0|2
S|LIPSU|42943639|5118528| |IF|0|0|0|0|0|0|1|5000|0|0|0|0|0
S|GEMKO|43267917|5595806| |TF|0|0|0|0|0|185|1|5000|0|1|0|0|0

P|MTL2D|ALL|MTL|0|4
S|MTL|44554944|4779861| |IF|0|0|0|0|0|280|0|0|0|0|0|0|0
S|CM|43908278|4905389| |TF|0|0|0|0|0|250|0|0|0|0|0|0|0
S|MRM|43377333|5326444| |TF|0|0|0|0|0|0|0|0|0|0|0|0|0
S|GEMKO|43267917|5595806| |TF|0|0|0|0|0|185|1|5000|0|1|0|0|0

P|MTL2R|ALL|MTL|0|4
S|MTL|44554944|4779861| |IF|0|0|0|0|0|280|0|0|0|0|0|0|0
S|CM|43908278|4905389| |TF|0|0|0|0|0|250|0|0|0|0|0|0|0
S|MRM|43377333|5326444| |TF|0|0|0|0|0|0|0|0|0|0|0|0|0
S|GEMKO|43267917|5595806| |TF|0|0|0|0|0|185|1|5000|0|1|0|0|0

