P|LACA7V|ALL|LACAZ|0|2
S|LACAZ|43438250|5216417| |IF|0|0|0|0|0|0|0|0|0|0|0|0|0
S|VOJEL|43908278|4905389| |TF|0|0|0|0|0|170|1|3000|0|0|0|0|0

P|MTL7C|ALL|MTL|0|3
S|MTL|44554944|4779861| |IF|0|0|0|0|0|0|0|0|0|0|0|0|0
S|TOZEZ|44060972|4734444| |TF|0|0|0|0|0|0|1|4000|0|0|0|0|0
S|VOJEL|43908278|4905389| |TF|0|0|0|0|0|170|1|3000|0|0|0|0|0

P|MTL7V|ALL|MTL|0|3
S|MTL|44554944|4779861| |IF|0|0|0|0|0|0|0|0|0|0|0|0|0
S|ORDIF|44142833|4838000| |TF|0|0|0|0|0|0|0|0|0|0|0|0|0
S|VOJEL|43908278|4905389| |TF|0|0|0|0|0|170|1|3000|0|0|0|0|0

P|NG7V|ALL|NG|0|3
S|NG|43857194|4406278| |IF|0|0|0|0|0|0|0|0|0|0|0|0|0
S|MV600|43874667|4574389| |TF|0|0|0|0|0|0|0|0|0|0|0|0|0
S|VOJEL|43908278|4905389| |TF|0|0|0|0|0|170|1|3000|0|0|0|0|0

