P|ARSI6A|ALL|ARSIL|0|2
S|ARSIL|48560000|4061667| |IF|0|0|0|0|0|0|2|5000|0|0|0|0|0
S|APPOC|48498583|3327833| |TF|0|0|0|0|0|0|0|0|0|0|0|0|0

P|ARSI6B|ALL|ARSIL|0|2
S|ARSIL|48560000|4061667| |IF|0|0|0|0|0|0|2|5000|0|0|0|0|0
S|ATTUC|48369028|3281111| |TF|0|0|0|0|0|0|3|5000|3000|0|0|0|0

P|DJL6A|ALL|DJL|0|3
S|DJL|47270778|5097333| |IF|0|0|0|0|0|0|0|0|0|0|0|0|0
S|PM517|48196972|3574000| |TF|0|0|0|0|0|0|2|5000|0|0|0|0|0
S|ATTUC|48369028|3281111| |TF|0|0|0|0|0|0|3|5000|3000|0|0|0|0

P|MOU6A|ALL|MOU|0|3
S|MOU|46706778|3631667| |IF|0|0|0|0|0|0|0|0|0|0|0|0|0
S|PM523|48063444|3347278| |TF|0|0|0|0|0|0|2|5000|0|0|0|0|0
S|ATTUC|48369028|3281111| |TF|0|0|0|0|0|0|3|5000|3000|0|0|0|0

P|OLZO6A|ALL|OLZOM|0|4
S|OLZOM|48155583|2264778| |IF|0|0|0|0|0|0|2|8000|0|0|0|0|0
S|DORDI|48220000|2791944| |TF|0|0|0|0|0|0|2|5000|0|0|0|0|0
S|PM512|48310333|2800083| |TF|0|0|0|0|0|0|0|3000|0|0|0|0|0
S|ADDOZ|48439333|2811778| |TF|0|0|0|0|0|0|0|2000|0|0|0|0|0

P|PIBA6A|ALL|PIBAT|0|3
S|PIBAT|46805944|4259139| |IF|0|0|0|0|0|0|0|0|0|0|0|0|0
S|PM526|48119194|3441778| |TF|0|0|0|0|0|0|2|5000|0|0|0|0|0
S|ATTUC|48369028|3281111| |TF|0|0|0|0|0|0|3|5000|3000|0|0|0|0

P|TRO6A|ALL|TRO|0|3
S|TRO|48251222|3963139| |IF|0|0|0|0|0|0|2|8000|0|0|0|0|0
S|PM514|48291111|3735028| |TF|0|0|0|0|0|0|2|5000|0|0|0|0|0
S|ATTUC|48369028|3281111| |TF|0|0|0|0|0|0|3|5000|3000|0|0|0|0

