P|ABB5C|08|ABB|0|3
S|ABB|50135139|1854694| |IF|0|0|0|0|0|0|0|0|0|0|0|0|0
S|OBIVA|50183611|2506667| |TF|0|0|0|0|0|0|0|0|0|0|0|0|0
S|ERNOD|50401444|2790833| |TF|0|0|0|0|0|220|1|3000|0|0|0|0|0

P|ABB5D|26|ABB|0|4
S|ABB|50135139|1854694| |IF|0|0|0|0|0|0|0|0|0|0|0|0|0
S|OBIVA|50183611|2506667| |TF|0|0|0|0|0|0|0|0|0|0|0|0|0
S|CMB|50228139|3151500| |TF|0|0|0|0|0|0|0|0|0|0|0|0|0
S|ASBAR|50393333|3364722| |TF|0|0|0|0|0|0|1|3000|0|0|0|0|0

P|ABB5F|08|ABB|0|3
S|ABB|50135139|1854694| |IF|0|0|0|0|0|0|0|0|0|0|0|0|0
S|OBIVA|50183611|2506667| |TF|0|0|0|0|0|0|0|0|0|0|0|0|0
S|EKRIK|50516028|2757417| |TF|0|0|0|0|0|200|1|3000|0|0|0|0|0

P|BNE5A|ALL|BNE|0|3
S|BNE|50624778|1907111| |IF|0|0|0|0|0|0|0|0|0|0|0|0|0
S|IBERU|50596667|2456667| |TF|0|0|0|0|0|0|0|0|0|0|0|0|0
S|LEQ|50561778|3089167| |TF|0|0|0|0|0|0|0|0|0|0|0|0|0

P|BNE5C|08|BNE|0|3
S|BNE|50624778|1907111| |IF|0|0|0|0|0|0|0|0|0|0|0|0|0
S|IBERU|50596667|2456667| |TF|0|0|0|0|0|0|0|0|0|0|0|0|0
S|ERNOD|50401444|2790833| |TF|0|0|0|0|0|220|1|3000|0|0|0|0|0

P|BNE5D|26|BNE|0|5
S|BNE|50624778|1907111| |IF|0|0|0|0|0|0|0|0|0|0|0|0|0
S|IBERU|50596667|2456667| |TF|0|0|0|0|0|0|0|0|0|0|0|0|0
S|BARLI|50430861|2772139| |TF|0|0|0|0|0|0|0|0|0|0|0|0|0
S|CMB|50228139|3151500| |TF|0|0|0|0|0|0|0|0|0|0|0|0|0
S|ASBAR|50393333|3364722| |TF|0|0|0|0|0|0|1|3000|0|0|0|0|0

P|BNE5F|08|BNE|0|3
S|BNE|50624778|1907111| |IF|0|0|0|0|0|0|0|0|0|0|0|0|0
S|IBERU|50596667|2456667| |TF|0|0|0|0|0|0|0|0|0|0|0|0|0
S|EKRIK|50516028|2757417| |TF|0|0|0|0|0|200|1|3000|0|0|0|0|0

P|CIV5A|ALL|CIV|0|4
S|CIV|50573889|3832778| |IF|0|0|0|0|0|0|0|0|0|0|0|0|0
S|D051Q|50407750|3503186| |TF|0|0|0|0|0|0|1|5000|0|0|0|0|0
S| |91000000|181000000| |VI|0|27900|0|0|0|0|0|0|0|0|0|0|0
S|LEQ|50561778|3089167|LEQ|CF|0|30900|0|0|1400|0|0|0|0|0|0|0|0

P|CIV5C|08|CIV|0|5
S|CIV|50573889|3832778| |IF|0|0|0|0|0|0|0|0|0|0|0|0|0
S|ROBAL|50473333|3633333| |TF|0|0|0|0|0|0|0|0|0|0|0|0|0
S|DENIN|50370000|3430000| |TF|0|0|0|0|0|0|0|0|0|0|0|0|0
S|CMB|50228139|3151500| |TF|0|0|0|0|0|0|0|0|0|0|0|0|0
S|ERNOD|50401444|2790833| |TF|0|0|0|0|0|220|1|3000|0|0|0|0|0

P|CIV5D|26|CIV|0|4
S|CIV|50573889|3832778| |IF|0|0|0|0|0|0|0|0|0|0|0|0|0
S|ROBAL|50473333|3633333| |TF|0|0|0|0|0|0|0|0|0|0|0|0|0
S|QQ902|50410556|3508722| |TF|0|0|0|0|0|0|0|0|0|0|0|0|0
S|ASBAR|50393333|3364722| |TF|0|0|0|0|0|0|1|3000|0|0|0|0|0

P|CIV5F|26|CIV|0|4
S|CIV|50573889|3832778| |IF|0|0|0|0|0|0|0|0|0|0|0|0|0
S|ROBAL|50473333|3633333| |TF|0|0|0|0|0|0|0|0|0|0|0|0|0
S|QQ902|50410556|3508722| |TF|0|0|0|0|0|0|0|0|0|0|0|0|0
S|OSLID|50505556|3401889| |TF|2|0|0|0|0|220|3|4000|2000|0|0|0|0

P|CMB5A|ALL|CMB|0|2
S|CMB|50228139|3151500| |IF|0|0|0|0|0|0|0|0|0|0|0|0|0
S|LEQ|50561778|3089167| |TF|0|0|0|0|0|0|0|0|0|0|0|0|0

P|CMB5C|08|CMB|0|2
S|CMB|50228139|3151500| |IF|0|0|0|0|0|0|0|0|0|0|0|0|0
S|ERNOD|50401444|2790833| |TF|0|0|0|0|0|220|1|3000|0|0|0|0|0

P|CMB5D|26|CMB|0|2
S|CMB|50228139|3151500| |IF|0|0|0|0|0|0|0|0|0|0|0|0|0
S|ASBAR|50393333|3364722| |TF|0|0|0|0|0|0|1|3000|0|0|0|0|0

P|MATI5A|ALL|MATIX|0|3
S|MATIX|50098333|3914167| |IF|0|0|0|0|0|0|0|0|0|0|0|0|0
S|DENIN|50370000|3430000| |TF|0|0|0|0|0|0|1|5000|0|0|0|0|0
S|LEQ|50561778|3089167| |TF|0|0|0|0|0|0|0|0|0|0|0|0|0

P|MATI5C|08|MATIX|0|3
S|MATIX|50098333|3914167| |IF|0|0|0|0|0|0|0|0|0|0|0|0|0
S|CMB|50228139|3151500| |TF|0|0|0|0|0|0|0|0|0|0|0|0|0
S|ERNOD|50401444|2790833| |TF|0|0|0|0|0|220|1|3000|0|0|0|0|0

P|MATI5D|26|MATIX|0|3
S|MATIX|50098333|3914167| |IF|0|0|0|0|0|0|0|0|0|0|0|0|0
S|QQ901|50187306|3757639| |TF|0|0|0|0|0|0|0|0|0|0|0|0|0
S|ASBAR|50393333|3364722| |TF|0|0|0|0|0|0|1|3000|0|0|0|0|0

P|MATI5F|26|MATIX|0|4
S|MATIX|50098333|3914167| |IF|0|0|0|0|0|0|0|0|0|0|0|0|0
S|QQ901|50187306|3757639| |TF|0|0|0|0|0|0|0|0|0|0|0|0|0
S|QQ902|50410556|3508722| |TF|0|0|0|0|0|0|0|0|0|0|0|0|0
S|OSLID|50505556|3401889| |TF|0|0|0|0|0|220|3|4000|2000|0|0|0|0

P|SULE5C|08|SULEX|0|2
S|SULEX|50000000|2925556| |IF|0|0|0|0|0|0|0|0|0|0|0|0|0
S|ERNOD|50401444|2790833| |TF|0|0|0|0|0|220|1|3000|0|0|0|0|0

P|TRAC5A|ALL|TRACA|0|3
S|TRACA|50851667|1968333| |IF|0|0|0|0|0|0|0|0|0|0|0|0|0
S|IBERU|50596667|2456667| |TF|0|0|0|0|0|0|0|0|0|0|0|0|0
S|LEQ|50561778|3089167| |TF|0|0|0|0|0|0|0|0|0|0|0|0|0

P|TRAC5C|08|TRACA|0|3
S|TRACA|50851667|1968333| |IF|0|0|0|0|0|0|0|0|0|0|0|0|0
S|IBERU|50596667|2456667| |TF|0|0|0|0|0|0|0|0|0|0|0|0|0
S|ERNOD|50401444|2790833| |TF|0|0|0|0|0|220|1|3000|0|0|0|0|0

P|TRAC5D|26|TRACA|0|5
S|TRACA|50851667|1968333| |IF|0|0|0|0|0|0|0|0|0|0|0|0|0
S|IBERU|50596667|2456667| |TF|0|0|0|0|0|0|0|0|0|0|0|0|0
S|BARLI|50430861|2772139| |TF|0|0|0|0|0|0|0|0|0|0|0|0|0
S|CMB|50228139|3151500| |TF|0|0|0|0|0|0|0|0|0|0|0|0|0
S|ASBAR|50393333|3364722| |TF|0|0|0|0|0|0|1|3000|0|0|0|0|0

P|TRAC5F|08|TRACA|0|3
S|TRACA|50851667|1968333| |IF|0|0|0|0|0|0|0|0|0|0|0|0|0
S|IBERU|50596667|2456667| |TF|0|0|0|0|0|0|0|0|0|0|0|0|0
S|EKRIK|50516028|2757417| |TF|0|0|0|0|0|200|1|3000|0|0|0|0|0

