P|BAGA2M|25|BAGAD|0|2
S|BAGAD|47583333|-2881111| |IF|0|0|0|0|0|0|0|0|0|0|0|0|0
S|RH425|47853889|-3017778| |TF|0|0|0|0|0|0|3|6000|3000|0|0|0|0

P|ERCO2M|25|ERCOZ|0|4
S|ERCOZ|48332639|-3602472| |IF|0|0|0|0|0|0|0|0|0|0|0|0|0
S|RH423|48148417|-3349167| |TF|0|0|0|0|0|0|0|0|0|0|0|0|0
S|RH424|47933028|-3056306| |TF|0|0|0|0|0|0|2|6000|0|0|0|0|0
S|RH425|47853889|-3017778| |TF|0|0|0|0|0|0|3|6000|3000|0|0|0|0

P|LENS1L|07|LENSU|0|2
S|LENSU|47965000|-2962222| |IF|0|0|0|0|0|0|0|0|0|0|0|0|0
S|LOR|47763194|-3440694| |TF|0|0|0|0|0|0|0|0|0|0|0|0|0

P|LENS2M|25|LENSU|0|2
S|LENSU|47965000|-2962222| |IF|0|0|0|0|0|0|0|0|0|0|0|0|0
S|RH425|47853889|-3017778| |TF|0|0|0|0|0|0|3|6000|3000|0|0|0|0

P|QPR1L|07|QPR|0|3
S|QPR|47957278|-4184722| |IF|0|0|0|0|0|0|0|0|0|0|0|0|0
S| |91000000|181000000| |CI|0|13800|0|0|0|0|0|0|0|0|0|0|0
S|LIRMA|47698917|-3715528|QPR|CF|0|7200|2450|13010|400|0|0|0|0|0|0|0|0

