P|ARPU9K|ALL|ARPUS|0|2
S|ARPUS|47672583|6665778| |IF|0|0|0|0|0|0|0|0|0|0|0|0|0
S|ALTIK|47649639|7130639| |TF|0|0|0|0|0|220|0|0|0|0|0|0|0

P|LUME9K|ALL|LUMEL|0|4
S|LUMEL|47407222|7153889| |IF|0|0|0|0|0|0|0|0|0|0|0|0|0
S|D246Y|47475386|6929983| |TF|0|0|0|0|0|0|0|0|0|0|0|0|0
S|D267Y|47623883|6883611|BLM|AF|2|24600|2500|26700|0|220|0|0|0|0|0|0|0
S|ALTIK|47649639|7130639|BLM|CF|0|9100|1500|27200|1000|0|0|0|0|0|0|0|0

P|STR9K|ALL|STR|0|3
S|STR|48505389|7571972| |IF|0|0|0|0|0|0|0|0|0|0|0|0|0
S|INTEM|47946389|7281111| |TF|0|0|0|0|0|0|0|0|0|0|0|0|0
S|ALTIK|47649639|7130639| |TF|0|0|0|0|0|0|0|0|0|0|0|0|0

