P|CODI1J|14|CODIC|0|4
S|CODIC|36465556|27731111| |IF|0|0|0|0|0|0|0|0|0|0|0|0|0
S|RDS40|36609000|27325633| |TF|0|0|0|0|0|0|0|0|0|1|0|0|0
S|D137N|36606364|27269706| |DF|0|0|0|0|0|0|0|0|0|0|0|0|0
S|BATRI|36914722|26844167|KOS|AF|2|13700|1400|29710|0|0|0|0|0|0|0|0|0

P|GILO1H|14|GILOS|0|3
S|GILOS|36487500|26900278| |IF|0|0|0|0|0|0|0|0|0|0|0|0|0
S|D202Q|36537669|26931775| |TF|0|0|0|0|0|0|0|0|0|0|0|0|0
S|KOS|36790617|27091286| |TF|0|0|0|0|0|0|0|0|0|0|0|0|0

P|GILO1J|14|GILOS|0|5
S|GILOS|36487500|26900278| |IF|0|0|0|0|0|0|0|0|0|0|0|0|0
S|D202Q|36537669|26931775| |TF|0|0|0|0|0|0|0|0|0|0|0|0|0
S|D202P|36552556|26941128| |TF|0|0|0|0|0|0|0|0|0|0|0|0|0
S| |91000000|181000000| |CI|0|2200|0|0|0|0|0|0|0|0|0|0|0
S|BATRI|36914722|26844167|KOS|AF|2|20200|1400|29710|0|0|0|0|0|0|0|0|0

P|GILO1K|32|GILOS|0|3
S|GILOS|36487500|26900278| |IF|0|0|0|0|0|0|0|0|0|0|0|0|0
S|D202Q|36537669|26931775| |TF|0|0|0|0|0|0|0|0|0|0|0|0|0
S|KOS|36790617|27091286| |TF|0|0|0|0|0|0|0|0|0|0|0|0|0

P|GILO1L|32|GILOS|0|5
S|GILOS|36487500|26900278| |IF|0|0|0|0|0|0|0|0|0|0|0|0|0
S|D202Q|36537669|26931775| |TF|0|0|0|0|0|0|0|0|0|0|0|0|0
S|D202N|36582325|26959847| |TF|0|0|0|0|0|0|0|0|0|0|0|0|0
S| |91000000|181000000| |CI|0|2200|0|0|0|0|0|0|0|0|0|0|0
S|MORIX|36592500|27130000|KOS|AF|1|20200|1200|16610|0|0|0|0|0|0|0|0|0

P|GILO1M|32|GILOS|0|4
S|GILOS|36487500|26900278| |IF|0|0|0|0|0|0|0|0|0|0|0|0|0
S|KO321|36552667|26941000| |TF|0|0|0|0|0|0|1|5000|0|0|0|0|0
S|KO323|36644667|27000333| |TF|0|0|0|0|0|0|1|4000|0|0|0|0|0
S|MORIX|36592500|27130000| |TF|0|0|0|0|0|200|0|0|0|0|0|0|0

P|GILO1N|14|GILOS|0|3
S|GILOS|36487500|26900278| |IF|0|0|0|0|0|0|0|0|0|0|0|0|0
S|LECOK|36694394|26875744| |TF|0|0|0|0|0|0|1|5000|0|0|0|0|0
S|BATRI|36914722|26844167| |TF|0|0|0|0|0|185|1|4000|0|0|0|0|0

P|KOPA1M|32|KOPAR|0|4
S|KOPAR|36830278|26688611| |IF|0|0|0|0|0|0|0|0|0|0|0|0|0
S|LECOK|36694394|26875744| |TF|0|0|0|0|0|0|1|5000|0|0|0|0|0
S|KO323|36644667|27000333| |TF|0|0|0|0|0|0|1|4000|0|0|0|0|0
S|MORIX|36592500|27130000| |TF|0|0|0|0|0|200|0|0|0|0|0|0|0

P|KOPA1N|14|KOPAR|0|2
S|KOPAR|36830278|26688611| |IF|0|0|0|0|0|0|0|0|0|0|0|0|0
S|BATRI|36914722|26844167| |TF|0|0|0|0|0|185|1|4000|0|0|0|0|0

P|KOPA2H|14|KOPAR|0|3
S|KOPAR|36830278|26688611| |IF|0|0|0|0|0|0|0|0|0|0|0|0|0
S|D268P|36804128|26759686| |TF|0|0|0|0|0|0|0|0|0|0|0|0|0
S|KOS|36790617|27091286| |TF|0|0|0|0|0|0|0|0|0|0|0|0|0

P|KOPA2J|14|KOPAR|0|4
S|KOPAR|36830278|26688611| |IF|0|0|0|0|0|0|0|0|0|0|0|0|0
S|D268P|36804128|26759686| |TF|0|0|0|0|0|0|0|0|0|1|0|0|0
S| |91000000|181000000| |CI|0|8800|0|0|0|0|0|0|0|0|0|0|0
S|BATRI|36914722|26844167|KOS|AF|2|26800|1400|29710|0|0|0|0|0|0|0|0|0

P|KOPA2K|32|KOPAR|0|2
S|KOPAR|36830278|26688611| |IF|0|0|0|0|0|0|0|0|0|0|0|0|0
S|KOS|36790617|27091286| |TF|0|0|0|0|0|0|0|0|0|0|0|0|0

P|KOPA2L|32|KOPAR|0|4
S|KOPAR|36830278|26688611| |IF|0|0|0|0|0|0|0|0|0|0|0|0|0
S|D272N|36819161|26802911| |TF|0|0|0|0|0|0|0|0|0|0|0|0|0
S| |91000000|181000000| |CI|0|9200|0|0|0|0|0|0|0|0|0|0|0
S|MORIX|36592500|27130000|KOS|AF|1|27200|1200|16610|0|0|0|0|0|0|0|0|0

P|LARK2H|14|LARKI|0|4
S|LARKI|37398889|26838333| |IF|0|0|0|0|0|0|0|0|0|0|0|0|0
S|D302U|37005678|26734553| |TF|0|0|0|0|0|0|0|0|0|0|0|0|0
S|D297U|36973333|26726111| |TF|0|0|0|0|0|0|0|0|0|0|0|0|0
S|KOS|36790617|27091286| |TF|0|0|0|0|0|0|0|0|0|0|0|0|0

P|LARK2K|32|LARKI|0|4
S|LARKI|37398889|26838333| |IF|0|0|0|0|0|0|0|0|0|0|0|0|0
S|D302U|37005678|26734553| |TF|0|0|0|0|0|0|0|0|0|0|0|0|0
S|D297U|36973333|26726111| |TF|0|0|0|0|0|0|0|0|0|0|0|0|0
S|KOS|36790617|27091286| |TF|0|0|0|0|0|0|0|0|0|0|0|0|0

P|LARK2L|32|LARKI|0|6
S|LARKI|37398889|26838333| |IF|0|0|0|0|0|0|0|0|0|0|0|0|0
S|D302U|37005678|26734553| |TF|0|0|0|0|0|0|0|0|0|0|0|0|0
S|D297U|36973333|26726111| |TF|0|0|0|0|0|0|0|0|0|0|0|0|0
S|D297N|36914261|26844603| |TF|0|0|0|0|0|0|0|0|0|0|0|0|0
S| |91000000|181000000| |CI|0|11700|0|0|0|0|0|0|0|0|0|0|0
S|MORIX|36592500|27130000|KOS|AF|1|29700|1200|16610|0|0|0|0|0|0|0|0|0

P|USIN1M|32|USINI|0|4
S|USINI|36676944|27131667| |IF|0|0|0|0|0|0|0|0|0|0|0|0|0
S|KO322|36708333|27041500| |TF|0|0|0|0|0|0|1|5000|0|0|0|0|0
S|KO323|36644667|27000333| |TF|0|0|0|0|0|0|1|4000|0|0|0|0|0
S|MORIX|36592500|27130000| |TF|1|0|0|0|0|200|0|0|0|0|0|0|0

P|USIN1N|14|USINI|0|3
S|USINI|36676944|27131667| |IF|0|0|0|0|0|0|0|0|0|0|0|0|0
S|LECOK|36694394|26875744| |TF|0|0|0|0|0|0|1|5000|0|0|0|0|0
S|BATRI|36914722|26844167| |TF|0|0|0|0|0|185|1|4000|0|0|0|0|0

P|USIN2H|14|USINI|0|2
S|USINI|36676944|27131667| |IF|0|0|0|0|0|0|0|0|0|0|0|0|0
S|KOS|36790617|27091286| |TF|0|0|0|0|0|0|0|0|0|0|0|0|0

P|USIN2K|32|USINI|0|2
S|USINI|36676944|27131667| |IF|0|0|0|0|0|0|0|0|0|0|0|0|0
S|KOS|36790617|27091286| |TF|0|0|0|0|0|0|0|0|0|0|0|0|0

