P|BANR2C|06|BANRO|0|2
S|BANRO|36494722|27995278| |IF|0|0|0|0|0|0|0|0|0|0|0|0|0
S|RDS|36339856|28082086| |TF|0|0|0|0|0|0|0|0|0|0|0|0|0

P|BANR2R|06|BANRO|0|7
S|BANRO|36494722|27995278| |IF|0|0|0|0|0|0|0|0|0|0|0|0|0
S|PAR|36399511|28064858| |TF|0|0|0|0|0|0|0|0|0|0|0|0|0
S|D162M|36188083|28125053| |TF|0|0|0|0|0|0|0|0|0|0|0|0|0
S| |91000000|181000000| |CI|0|16200|0|0|0|0|0|0|0|0|0|0|0
S|D223O|36231769|27835197|PAR|AF|2|16200|1500|22300|0|0|1|6000|0|1|0|0|0
S|D236O|36277831|27794411|PAR|AF|2|22300|1500|23600|0|0|1|5000|0|1|0|0|0
S|ERIBA|36342222|27871389|PAR|CF|0|6500|1000|24500|300|0|0|0|0|0|0|0|0

P|BANR2S|06|BANRO|0|4
S|BANRO|36494722|27995278| |IF|0|0|0|0|0|0|0|0|0|0|0|0|0
S|D324D|36457006|28022856| |TF|0|0|0|0|0|0|0|0|0|1|0|0|0
S|D259P|36371144|27736444|PAR|CF|2|25900|1600|25900|1300|0|0|0|0|1|0|0|0
S|ERIBA|36342222|27871389|PAR|CF|1|6500|1000|24500|600|230|0|0|0|0|0|0|0

P|BANR3D|24|BANRO|0|2
S|BANRO|36494722|27995278| |IF|0|0|0|0|0|0|0|0|0|0|0|0|0
S|RDS|36339856|28082086| |TF|0|0|0|0|0|0|0|0|0|0|0|0|0

P|BANR3G|24|BANRO|0|6
S|BANRO|36494722|27995278| |IF|0|0|0|0|0|0|0|0|0|0|0|0|0
S|PAR|36399511|28064858| |TF|0|0|0|0|0|0|0|0|0|0|0|0|0
S|D162K|36220614|28115808| |TF|0|0|0|0|0|0|0|0|0|0|0|0|0
S| |91000000|181000000| |CI|0|16200|0|0|0|0|0|0|0|0|0|0|0
S|D107M|36317972|28313428|PAR|AF|1|16200|1300|10700|0|0|1|5000|0|1|0|0|0
S|DEXAS|36387500|28333889|PAR|AF|1|10700|1300|8810|0|0|0|0|0|0|0|0|0

P|BANR3H|24|BANRO|0|4
S|BANRO|36494722|27995278| |IF|0|0|0|0|0|0|0|0|0|0|0|0|0
S|PAR|36399511|28064858| |TF|0|0|0|0|0|0|0|0|0|0|0|0|0
S| |91000000|181000000|PAR|CD|0|12100|0|0|1600|0|0|0|0|0|0|0|0
S|BESES|36331111|28276111|PAR|CF|1|28700|1100|10680|500|230|0|0|0|0|0|0|0

P|CODI1K|24|CODIC|0|4
S|CODIC|36465556|27731111| |IF|0|0|0|0|0|0|1|7000|0|0|0|0|0
S|RP408|36440194|27919861| |TF|0|0|0|0|0|0|1|6000|0|0|0|0|0
S|RP412|36339856|28082086| |TF|0|0|0|0|0|0|1|6000|0|0|0|0|0
S|DUCCO|36200400|28322408| |TF|0|0|0|0|0|0|1|6000|0|0|0|0|0

P|CODI1V|06|CODIC|0|3
S|CODIC|36465556|27731111| |IF|0|0|0|0|0|0|1|7000|0|0|0|0|0
S|RP708|36366172|27779881| |TF|0|0|0|0|0|0|1|6000|0|0|0|0|0
S|VIGEZ|36113592|27714981| |TF|0|0|0|0|0|0|1|6000|0|1|0|0|0

P|CODI2C|06|CODIC|0|2
S|CODIC|36465556|27731111| |IF|0|0|0|0|0|0|0|0|0|0|0|0|0
S|RDS|36339856|28082086| |TF|0|0|0|0|0|0|0|0|0|0|0|0|0

P|CODI2D|24|CODIC|0|2
S|CODIC|36465556|27731111| |IF|0|0|0|0|0|0|0|0|0|0|0|0|0
S|RDS|36339856|28082086| |TF|0|0|0|0|0|0|0|0|0|0|0|0|0

P|CODI2F|24|CODIC|0|5
S|CODIC|36465556|27731111| |IF|0|0|0|0|0|0|0|0|0|0|0|0|0
S|D289Q|36454825|27761228| |TF|0|0|0|0|0|0|0|0|0|0|0|0|0
S| |91000000|181000000| |CI|0|10900|0|0|0|0|0|0|0|0|0|0|0
S|D224O|36175381|27849033|RDS|AF|1|28900|1500|22400|0|0|1|6000|0|1|0|0|0
S|RDS|36339856|28082086|RDS|CF|0|3500|0|0|1500|0|0|0|0|0|0|0|0

P|CODI2G|24|CODIC|0|6
S|CODIC|36465556|27731111| |IF|0|0|0|0|0|0|0|0|0|0|0|0|0
S|D278O|36459103|27763947| |TF|0|0|0|0|0|0|0|0|0|0|0|0|0
S| |91000000|181000000| |CI|0|9800|0|0|0|0|0|0|0|0|0|0|0
S|D192M|36191992|27986578|PAR|AF|1|27800|1300|19200|0|0|1|6000|0|1|0|0|0
S|D107M|36317972|28313428|PAR|AF|1|19200|1300|10700|0|0|1|5000|0|1|0|0|0
S|DEXAS|36387500|28333889|PAR|AF|1|10700|1300|8810|0|0|0|0|0|0|0|0|0

P|CODI2H|24|CODIC|0|6
S|CODIC|36465556|27731111| |IF|0|0|0|0|0|0|0|0|0|0|0|0|0
S|D278O|36459103|27763947| |TF|0|0|0|0|0|0|0|0|0|0|0|0|0
S| |91000000|181000000| |CI|0|9800|0|0|0|0|0|0|0|0|0|0|0
S|D192M|36191992|27986578|PAR|AF|1|27800|1300|19200|0|0|1|6000|0|1|0|0|0
S|D117M|36284317|28292111|PAR|AF|1|19200|1300|11700|0|0|1|5000|0|1|0|0|0
S|BESES|36331111|28276111|PAR|CF|0|28700|1100|10680|100|230|0|0|0|0|0|0|0

P|CODI2J|24|CODIC|0|5
S|CODIC|36465556|27731111| |IF|0|0|0|0|0|0|0|0|0|0|0|0|0
S|D278O|36459103|27763947| |TF|0|0|0|0|0|0|0|0|0|0|0|0|0
S|D278J|36439322|27864297| |TF|0|0|0|0|0|0|0|0|0|1|0|0|0
S| |91000000|181000000| |CI|0|12700|0|0|0|0|0|0|0|0|0|0|0
S|PAR|36399511|28064858|PAR|CF|0|8200|0|0|700|0|0|0|0|0|0|0|0

P|CODI2S|06|CODIC|0|5
S|CODIC|36465556|27731111| |IF|0|0|0|0|0|0|0|0|0|0|0|0|0
S|D278P|36463047|27743872| |TF|0|0|0|0|0|0|0|0|0|0|0|0|0
S| |91000000|181000000| |CI|0|9800|0|0|0|0|0|0|0|0|0|0|0
S|D254N|36354589|27781281|PAR|AF|1|27800|1400|25400|0|0|1|5000|0|1|0|0|0
S|ERIBA|36342222|27871389|PAR|CF|0|6500|1000|24500|200|0|0|0|0|0|0|0|0

P|FOXL1C|06|FOXLI|0|2
S|FOXLI|36018333|28386389| |IF|0|0|0|0|0|0|0|0|0|0|0|0|0
S|RDS|36339856|28082086| |TF|0|0|0|0|0|0|0|0|0|0|0|0|0

P|FOXL1D|24|FOXLI|0|2
S|FOXLI|36018333|28386389| |IF|0|0|0|0|0|0|0|0|0|0|0|0|0
S|RDS|36339856|28082086| |TF|0|0|0|0|0|0|0|0|0|0|0|0|0

P|FOXL1E|06|FOXLI|0|4
S|FOXLI|36018333|28386389| |IF|0|0|0|0|0|0|0|0|0|0|0|0|0
S|D141Q|36165381|28262800| |TF|0|0|0|0|0|0|0|0|0|0|0|0|0
S| |91000000|181000000| |CI|0|32100|0|0|0|0|0|0|0|0|0|0|0
S|PELIS|36232222|27835000|PAR|AF|2|14100|1500|22310|0|0|0|0|0|0|0|0|0

P|FOXL1G|24|FOXLI|0|5
S|FOXLI|36018333|28386389| |IF|0|0|0|0|0|0|0|0|0|0|0|0|0
S|D141O|36192942|28239572| |TF|0|0|0|0|0|0|0|0|0|0|0|0|0
S| |91000000|181000000| |CI|0|32100|0|0|0|0|0|0|0|0|0|0|0
S|D107M|36317972|28313428|PAR|AF|1|14100|1300|10700|0|0|1|5000|0|1|0|0|0
S|DEXAS|36387500|28333889|PAR|AF|1|10700|1300|8810|0|0|0|0|0|0|0|0|0

P|FOXL1H|24|FOXLI|0|5
S|FOXLI|36018333|28386389| |IF|0|0|0|0|0|0|0|0|0|0|0|0|0
S|D141O|36192942|28239572| |TF|0|0|0|0|0|0|0|0|0|0|0|0|0
S| |91000000|181000000| |CI|0|32100|0|0|0|0|0|0|0|0|0|0|0
S|D117M|36284317|28292111|PAR|AF|1|14100|1300|11700|0|0|0|0|0|1|0|0|0
S|BESES|36331111|28276111|PAR|CF|0|28700|1100|10680|100|230|0|0|0|0|0|0|0

P|FOXL1K|24|FOXLI|0|2
S|FOXLI|36018333|28386389| |IF|0|0|0|0|0|0|1|6000|0|0|0|0|0
S|DUCCO|36200400|28322408| |TF|0|0|0|0|0|0|1|6000|0|0|0|0|0

P|FOXL1S|06|FOXLI|0|6
S|FOXLI|36018333|28386389| |IF|0|0|0|0|0|0|0|0|0|0|0|0|0
S|D141Q|36165381|28262800| |TF|0|0|0|0|0|0|0|0|0|0|0|0|0
S| |91000000|181000000| |CI|0|32100|0|0|0|0|0|0|0|0|0|0|0
S|D223O|36231769|27835197|PAR|AF|2|14100|1500|22300|0|0|1|6000|0|1|0|0|0
S|D236O|36277831|27794411|PAR|AF|2|22300|1500|23600|0|0|1|5000|0|1|0|0|0
S|ERIBA|36342222|27871389|PAR|CF|0|6500|1000|24500|300|0|0|0|0|0|0|0|0

P|FOXL1V|06|FOXLI|0|4
S|FOXLI|36018333|28386389| |IF|0|0|0|0|0|0|1|6000|0|0|0|0|0
S|RP707|36002014|27999514| |TF|0|0|0|0|0|0|1|6000|0|0|0|0|0
S|RP705|36030708|27726983| |TF|0|0|0|0|0|0|1|6000|0|0|0|0|0
S|VIGEZ|36113592|27714981| |TF|0|0|0|0|0|0|1|6000|0|1|0|0|0

P|IRBA1K|24|IRBAX|0|2
S|IRBAX|36086944|28420278| |IF|0|0|0|0|0|0|1|6000|0|0|0|0|0
S|DUCCO|36200400|28322408| |TF|0|0|0|0|0|0|1|6000|0|0|0|0|0

P|IRBA1V|06|IRBAX|0|4
S|IRBAX|36086944|28420278| |IF|0|0|0|0|0|0|1|6000|0|0|0|0|0
S|RP707|36002014|27999514| |TF|0|0|0|0|0|0|1|6000|0|0|0|0|0
S|RP705|36030708|27726983| |TF|0|0|0|0|0|0|1|6000|0|0|0|0|0
S|VIGEZ|36113592|27714981| |TF|0|0|0|0|0|0|1|6000|0|1|0|0|0

P|LAKA1C|06|LAKAD|0|2
S|LAKAD|36233889|28495556| |IF|0|0|0|0|0|0|0|0|0|0|0|0|0
S|RDS|36339856|28082086| |TF|0|0|0|0|0|0|0|0|0|0|0|0|0

P|LAKA1D|24|LAKAD|0|2
S|LAKAD|36233889|28495556| |IF|0|0|0|0|0|0|0|0|0|0|0|0|0
S|RDS|36339856|28082086| |TF|0|0|0|0|0|0|0|0|0|0|0|0|0

P|LAKA1E|06|LAKAD|0|4
S|LAKAD|36233889|28495556| |IF|0|0|0|0|0|0|0|0|0|0|0|0|0
S|D110Q|36278008|28381933| |TF|0|0|0|0|0|0|0|0|0|0|0|0|0
S| |91000000|181000000| |CI|0|29000|0|0|0|0|0|0|0|0|0|0|0
S|PELIS|36232222|27835000|PAR|AF|2|11000|1500|22310|0|0|0|0|0|0|0|0|0

P|LAKA1G|24|LAKAD|0|5
S|LAKAD|36233889|28495556| |IF|0|0|0|0|0|0|0|0|0|0|0|0|0
S| |91000000|181000000| |CI|0|31400|0|0|0|0|0|0|0|0|0|0|0
S|D107O|36305975|28352153|PAR|CF|0|28700|1500|10680|600|0|0|0|0|0|0|0|0
S| |91000000|181000000| |CI|0|28700|0|0|0|0|0|0|0|0|0|0|0
S|DEXAS|36387500|28333889|PAR|AF|1|10700|1310|8810|0|0|0|0|0|0|0|0|0

P|LAKA1H|24|LAKAD|0|3
S|LAKAD|36233889|28495556| |IF|0|0|0|0|0|0|0|0|0|0|0|0|0
S| |91000000|181000000| |CI|0|31400|0|0|0|0|0|0|0|0|0|0|0
S|BESES|36331111|28276111|PAR|CF|0|28700|1100|10680|1000|0|0|0|0|0|0|0|0

P|LAKA1K|24|LAKAD|0|2
S|LAKAD|36233889|28495556| |IF|0|0|0|0|0|0|1|7000|0|0|0|0|0
S|DUCCO|36200400|28322408| |TF|0|0|0|0|0|0|1|6000|0|0|0|0|0

P|LAKA1S|06|LAKAD|0|6
S|LAKAD|36233889|28495556| |IF|0|0|0|0|0|0|0|0|0|0|0|0|0
S|D110Q|36278008|28381933| |TF|0|0|0|0|0|0|0|0|0|0|0|0|0
S| |91000000|181000000| |CI|0|29000|0|0|0|0|0|0|0|0|0|0|0
S|D223O|36231769|27835197|PAR|AF|2|11000|1500|22300|0|0|1|6000|0|1|0|0|0
S|D236O|36277831|27794411|PAR|AF|2|22300|1500|23600|0|0|1|5000|0|1|0|0|0
S|ERIBA|36342222|27871389|PAR|CF|0|6500|1000|24500|300|0|0|0|0|0|0|0|0

P|LAKA1V|06|LAKAD|0|4
S|LAKAD|36233889|28495556| |IF|0|0|0|0|0|0|1|7000|0|0|0|0|0
S|RP707|36002014|27999514| |TF|0|0|0|0|0|0|1|6000|0|0|0|0|0
S|RP705|36030708|27726983| |TF|0|0|0|0|0|0|1|6000|0|0|0|0|0
S|VIGEZ|36113592|27714981| |TF|0|0|0|0|0|0|1|6000|0|1|0|0|0

P|LOKN1K|24|LOKNA|0|3
S|LOKNA|36179444|27598333| |IF|0|0|0|0|0|0|1|8000|0|0|0|0|0
S|HARAP|36171617|28094692| |TF|0|0|0|0|0|0|1|6000|0|0|0|0|0
S|DUCCO|36200400|28322408| |TF|0|0|0|0|0|0|1|6000|0|0|0|0|0

P|LOKN1V|06|LOKNA|0|2
S|LOKNA|36179444|27598333| |IF|0|0|0|0|0|0|1|8000|0|0|0|0|0
S|VIGEZ|36113592|27714981| |TF|0|0|0|0|0|0|1|6000|0|1|0|0|0

P|LOKN2C|06|LOKNA|0|2
S|LOKNA|36179444|27598333| |IF|0|0|0|0|0|0|0|0|0|0|0|0|0
S|RDS|36339856|28082086| |TF|0|0|0|0|0|0|0|0|0|0|0|0|0

P|LOKN2D|24|LOKNA|0|2
S|LOKNA|36179444|27598333| |IF|0|0|0|0|0|0|0|0|0|0|0|0|0
S|RDS|36339856|28082086| |TF|0|0|0|0|0|0|0|0|0|0|0|0|0

P|LOKN2G|24|LOKNA|0|6
S|LOKNA|36179444|27598333| |IF|0|0|0|0|0|0|0|0|0|0|0|0|0
S|D235O|36273689|27797328| |TF|0|0|0|0|0|0|0|0|0|0|0|0|0
S| |91000000|181000000| |CI|0|5500|0|0|0|0|0|0|0|0|0|0|0
S|D192M|36191992|27986578|PAR|AF|1|23500|1300|19200|0|0|1|6000|0|1|0|0|0
S|D107M|36317972|28313428|PAR|AF|1|19200|1300|10700|0|0|1|5000|0|1|0|0|0
S|DEXAS|36387500|28333889|PAR|AF|1|10700|1300|8810|0|0|0|0|0|0|0|0|0

P|LOKN2H|24|LOKNA|0|6
S|LOKNA|36179444|27598333| |IF|0|0|0|0|0|0|0|0|0|0|0|0|0
S|D235O|36273689|27797328| |TF|0|0|0|0|0|0|0|0|0|0|0|0|0
S| |91000000|181000000| |CI|0|5500|0|0|0|0|0|0|0|0|0|0|0
S|D192M|36191992|27986578|PAR|AF|1|23500|1300|19200|0|0|1|6000|0|1|0|0|0
S|D117M|36284317|28292111|PAR|AF|1|19200|1300|11700|0|0|1|5000|0|1|0|0|0
S|BESES|36331111|28276111|PAR|CF|0|28700|1100|10680|100|230|0|0|0|0|0|0|0

P|LOKN2J|24|LOKNA|0|3
S|LOKNA|36179444|27598333| |IF|0|0|0|0|0|0|0|0|0|0|0|0|0
S|D235O|36273689|27797328| |TF|0|0|0|0|0|0|1|6000|0|0|0|0|0
S|PAR|36399511|28064858| |TF|0|0|0|0|0|0|0|0|0|0|0|0|0

P|LOKN2S|06|LOKNA|0|4
S|LOKNA|36179444|27598333| |IF|0|0|0|0|0|0|0|0|0|0|0|0|0
S|D235S|36240472|27725822| |TF|0|0|0|0|0|0|0|0|0|0|0|0|0
S|CD06Y|36313531|27774156| |TF|0|0|0|0|0|0|0|0|0|0|0|0|0
S|ERIBA|36342222|27871389| |TF|0|0|0|0|0|0|0|0|0|0|0|0|0

P|NAVO1C|06|NAVOK|0|2
S|NAVOK|35737500|28239444| |IF|0|0|0|0|0|0|0|0|0|0|0|0|0
S|RDS|36339856|28082086| |TF|0|0|0|0|0|0|0|0|0|0|0|0|0

P|NAVO1D|24|NAVOK|0|2
S|NAVOK|35737500|28239444| |IF|0|0|0|0|0|0|0|0|0|0|0|0|0
S|RDS|36339856|28082086| |TF|0|0|0|0|0|0|0|0|0|0|0|0|0

P|NAVO1E|06|NAVOK|0|6
S|NAVOK|35737500|28239444| |IF|0|0|0|0|0|0|0|0|0|0|0|0|0
S|PAR28|35942328|28184331| |TF|0|0|0|0|0|0|0|0|0|1|0|0|0
S| |91000000|181000000| |CI|0|30600|0|0|0|0|0|0|0|0|0|0|0
S|D171Q|36116533|28090439|PAR|CF|0|35100|1700|17100|700|0|0|0|0|0|0|0|0
S| |91000000|181000000| |CI|0|35100|0|0|0|0|0|0|0|0|0|0|0
S|PELIS|36232222|27835000|PAR|AF|2|17100|1500|22310|0|0|0|0|0|0|0|0|0

P|NAVO1G|24|NAVOK|0|5
S|NAVOK|35737500|28239444| |IF|0|0|0|0|0|0|0|0|0|0|0|0|0
S|D163O|36154736|28129750| |TF|0|0|0|0|0|0|0|0|0|0|0|0|0
S| |91000000|181000000| |CI|0|34300|0|0|0|0|0|0|0|0|0|0|0
S|D107M|36317972|28313428|PAR|AF|1|16300|1300|10700|0|0|1|5000|0|1|0|0|0
S|DEXAS|36387500|28333889|PAR|AF|1|10700|1300|8810|0|0|0|0|0|0|0|0|0

P|NAVO1H|24|NAVOK|0|5
S|NAVOK|35737500|28239444| |IF|0|0|0|0|0|0|0|0|0|0|0|0|0
S|D163O|36154736|28129750| |TF|0|0|0|0|0|0|0|0|0|0|0|0|0
S| |91000000|181000000| |CI|0|34300|0|0|0|0|0|0|0|0|0|0|0
S|D117M|36284317|28292111|PAR|AF|1|16300|1300|11700|0|0|0|0|0|1|0|0|0
S|BESES|36331111|28276111|PAR|CF|0|28700|1100|10680|100|230|0|0|0|0|0|0|0

P|NAVO1K|24|NAVOK|0|2
S|NAVOK|35737500|28239444| |IF|0|0|0|0|0|0|1|13000|0|0|0|0|0
S|DUCCO|36200400|28322408| |TF|0|0|0|0|0|0|1|6000|0|0|0|0|0

P|NAVO1S|06|NAVOK|0|8
S|NAVOK|35737500|28239444| |IF|0|0|0|0|0|0|0|0|0|0|0|0|0
S|PAR28|35942328|28184331| |TF|0|0|0|0|0|0|0|0|0|1|0|0|0
S| |91000000|181000000| |CI|0|30600|0|0|0|0|0|0|0|0|0|0|0
S|D171Q|36116533|28090439|PAR|CF|0|35100|1700|17100|700|0|0|0|0|0|0|0|0
S| |91000000|181000000| |CI|0|35100|0|0|0|0|0|0|0|0|0|0|0
S|D223O|36231769|27835197|PAR|AF|2|17100|1500|22300|0|0|1|6000|0|1|0|0|0
S|D236O|36277831|27794411|PAR|AF|2|22300|1500|23600|0|0|1|5000|0|1|0|0|0
S|ERIBA|36342222|27871389|PAR|CF|0|6500|1000|24500|300|0|0|0|0|0|0|0|0

P|NAVO1V|06|NAVOK|0|4
S|NAVOK|35737500|28239444| |IF|0|0|0|0|0|0|1|13000|0|0|0|0|0
S|RP706|35893922|27850975| |TF|0|0|0|0|0|0|1|6000|0|0|0|0|0
S|RP705|36030708|27726983| |TF|0|0|0|0|0|0|1|6000|0|0|0|0|0
S|VIGEZ|36113592|27714981| |TF|0|0|0|0|0|0|1|6000|0|1|0|0|0

P|NILA1C|06|NILAS|0|2
S|NILAS|36130833|28441667| |IF|0|0|0|0|0|0|0|0|0|0|0|0|0
S|RDS|36339856|28082086| |TF|0|0|0|0|0|0|0|0|0|0|0|0|0

P|NILA1D|24|NILAS|0|2
S|NILAS|36130833|28441667| |IF|0|0|0|0|0|0|0|0|0|0|0|0|0
S|RDS|36339856|28082086| |TF|0|0|0|0|0|0|0|0|0|0|0|0|0

P|NILA1E|06|NILAS|0|5
S|NILAS|36130833|28441667| |IF|0|0|0|0|0|0|0|0|0|0|0|0|0
S| |91000000|181000000| |CI|0|27300|0|0|0|0|0|0|0|0|0|0|0
S|D132Q|36190939|28302467|PAR|CF|0|31200|1700|13200|500|0|0|0|0|0|0|0|0
S| |91000000|181000000| |CI|0|31200|0|0|0|0|0|0|0|0|0|0|0
S|PELIS|36232222|27835000|PAR|AF|2|13200|1500|22310|0|0|0|0|0|0|0|0|0

P|NILA1G|24|NILAS|0|6
S|NILAS|36130833|28441667| |IF|0|0|0|0|0|0|0|0|0|0|0|0|0
S| |91000000|181000000| |CI|0|27300|0|0|0|0|0|0|0|0|0|0|0
S|D132O|36215500|28274578|PAR|CF|0|31200|1500|13230|700|0|0|0|0|0|0|0|0
S| |91000000|181000000| |CI|0|31200|0|0|0|0|0|0|0|0|0|0|0
S|D107M|36317972|28313428|PAR|AF|1|13200|1300|10700|0|0|1|5000|0|1|0|0|0
S|DEXAS|36387500|28333889|PAR|AF|1|10700|1300|8810|0|0|0|0|0|0|0|0|0

P|NILA1H|24|NILAS|0|6
S|NILAS|36130833|28441667| |IF|0|0|0|0|0|0|0|0|0|0|0|0|0
S| |91000000|181000000| |CI|0|27300|0|0|0|0|0|0|0|0|0|0|0
S|D132O|36215500|28274578|PAR|CF|0|31200|1500|13230|700|0|0|0|0|0|0|0|0
S| |91000000|181000000| |CI|0|31200|0|0|0|0|0|0|0|0|0|0|0
S|D117M|36284317|28292111|PAR|AF|1|13200|1300|11700|0|0|0|0|0|1|0|0|0
S|BESES|36331111|28276111|PAR|CF|0|28700|1100|10680|100|230|0|0|0|0|0|0|0

P|NILA1K|24|NILAS|0|2
S|NILAS|36130833|28441667| |IF|0|0|0|0|0|0|1|6000|0|0|0|0|0
S|DUCCO|36200400|28322408| |TF|0|0|0|0|0|0|1|6000|0|0|0|0|0

P|NILA1S|06|NILAS|0|7
S|NILAS|36130833|28441667| |IF|0|0|0|0|0|0|0|0|0|0|0|0|0
S| |91000000|181000000| |CI|0|27300|0|0|0|0|0|0|0|0|0|0|0
S|D132Q|36190939|28302467|PAR|CF|0|31200|1700|13200|500|0|0|0|0|0|0|0|0
S| |91000000|181000000| |CI|0|31200|0|0|0|0|0|0|0|0|0|0|0
S|D223O|36231769|27835197|PAR|AF|2|13200|1500|22300|0|0|1|6000|0|1|0|0|0
S|D236O|36277831|27794411|PAR|AF|2|22300|1500|23600|0|0|1|5000|0|1|0|0|0
S|ERIBA|36342222|27871389|PAR|CF|0|6500|1000|24500|300|0|0|0|0|0|0|0|0

P|NILA1V|06|NILAS|0|4
S|NILAS|36130833|28441667| |IF|0|0|0|0|0|0|1|6000|0|0|0|0|0
S|RP707|36002014|27999514| |TF|0|0|0|0|0|0|1|6000|0|0|0|0|0
S|RP705|36030708|27726983| |TF|0|0|0|0|0|0|1|6000|0|0|0|0|0
S|VIGEZ|36113592|27714981| |TF|0|0|0|0|0|0|1|6000|0|1|0|0|0

P|ORVI1C|06|ORVIS|0|2
S|ORVIS|35572222|28139167| |IF|0|0|0|0|0|0|0|0|0|0|0|0|0
S|RDS|36339856|28082086| |TF|0|0|0|0|0|0|0|0|0|0|0|0|0

P|ORVI1D|24|ORVIS|0|2
S|ORVIS|35572222|28139167| |IF|0|0|0|0|0|0|0|0|0|0|0|0|0
S|RDS|36339856|28082086| |TF|0|0|0|0|0|0|0|0|0|0|0|0|0

P|ORVI1E|06|ORVIS|0|4
S|ORVIS|35572222|28139167| |IF|0|0|0|0|0|0|0|0|0|0|0|0|0
S|D171Q|36116533|28090439| |TF|0|0|0|0|0|0|0|0|0|0|0|0|0
S| |91000000|181000000| |CI|0|35100|0|0|0|0|0|0|0|0|0|0|0
S|PELIS|36232222|27835000|PAR|AF|2|17100|1500|22310|0|0|0|0|0|0|0|0|0

P|ORVI1G|24|ORVIS|0|7
S|ORVIS|35572222|28139167| |IF|0|0|0|0|0|0|0|0|0|0|0|0|0
S|PAR27|35950067|28105414| |TF|0|0|0|0|0|0|0|0|0|1|0|0|0
S| |91000000|181000000| |CI|0|2800|0|0|0|0|0|0|0|0|0|0|0
S|D163O|36154736|28129750|PAR|CF|0|34300|1500|16290|800|0|0|0|0|0|0|0|0
S| |91000000|181000000| |CI|0|34300|0|0|0|0|0|0|0|0|0|0|0
S|D107M|36317972|28313428|PAR|AF|1|16300|1300|10700|0|0|1|5000|0|1|0|0|0
S|DEXAS|36387500|28333889|PAR|AF|1|10700|1300|8810|0|0|0|0|0|0|0|0|0

P|ORVI1H|24|ORVIS|0|7
S|ORVIS|35572222|28139167| |IF|0|0|0|0|0|0|0|0|0|0|0|0|0
S|PAR27|35950067|28105414| |TF|0|0|0|0|0|0|0|0|0|1|0|0|0
S| |91000000|181000000| |CI|0|2800|0|0|0|0|0|0|0|0|0|0|0
S|D163O|36154736|28129750|PAR|CF|0|34300|1500|16290|800|0|0|0|0|0|0|0|0
S| |91000000|181000000| |CI|0|34300|0|0|0|0|0|0|0|0|0|0|0
S|D117M|36284317|28292111|PAR|AF|1|16300|1300|11700|0|0|0|0|0|1|0|0|0
S|BESES|36331111|28276111|PAR|CF|0|28700|1100|10680|100|230|0|0|0|0|0|0|0

P|ORVI1K|24|ORVIS|0|2
S|ORVIS|35572222|28139167| |IF|0|0|0|0|0|0|1|9000|0|0|0|0|0
S|DUCCO|36200400|28322408| |TF|0|0|0|0|0|0|1|6000|0|0|0|0|0

P|ORVI1S|06|ORVIS|0|6
S|ORVIS|35572222|28139167| |IF|0|0|0|0|0|0|0|0|0|0|0|0|0
S|D171Q|36116533|28090439| |TF|0|0|0|0|0|0|0|0|0|0|0|0|0
S| |91000000|181000000| |CI|0|35100|0|0|0|0|0|0|0|0|0|0|0
S|D223O|36231769|27835197|PAR|AF|2|17100|1500|22300|0|0|1|6000|0|1|0|0|0
S|D236O|36277831|27794411|PAR|AF|2|22300|1500|23600|0|0|1|5000|0|1|0|0|0
S|ERIBA|36342222|27871389|PAR|CF|0|6500|1000|24500|300|0|0|0|0|0|0|0|0

P|ORVI1V|06|ORVIS|0|4
S|ORVIS|35572222|28139167| |IF|0|0|0|0|0|0|1|9000|0|0|0|0|0
S|RP706|35893922|27850975| |TF|0|0|0|0|0|0|1|6000|0|0|0|0|0
S|RP705|36030708|27726983| |TF|0|0|0|0|0|0|1|6000|0|0|0|0|0
S|VIGEZ|36113592|27714981| |TF|0|0|0|0|0|0|1|6000|0|1|0|0|0

P|PIRO1C|06|PIROX|0|2
S|PIROX|36483333|28050000| |IF|0|0|0|0|0|0|0|0|0|0|0|0|0
S|RDS|36339856|28082086| |TF|0|0|0|0|0|0|0|0|0|0|0|0|0

P|PIRO1D|24|PIROX|0|2
S|PIROX|36483333|28050000| |IF|0|0|0|0|0|0|0|0|0|0|0|0|0
S|RDS|36339856|28082086| |TF|0|0|0|0|0|0|0|0|0|0|0|0|0

P|PIRO1G|24|PIROX|0|6
S|PIROX|36483333|28050000| |IF|0|0|0|0|0|0|0|0|0|0|0|0|0
S|PAR|36399511|28064858| |TF|0|0|0|0|0|0|0|0|0|0|0|0|0
S|D162K|36220614|28115808| |TF|0|0|0|0|0|0|0|0|0|0|0|0|0
S| |91000000|181000000| |CI|0|16200|0|0|0|0|0|0|0|0|0|0|0
S|D107M|36317972|28313428|PAR|AF|1|16200|1300|10700|0|0|1|5000|0|1|0|0|0
S|DEXAS|36387500|28333889|PAR|AF|1|10700|1300|8810|0|0|0|0|0|0|0|0|0

P|PIRO1H|24|PIROX|0|4
S|PIROX|36483333|28050000| |IF|0|0|0|0|0|0|0|0|0|0|0|0|0
S|PAR|36399511|28064858| |TF|0|0|0|0|0|0|0|0|0|0|0|0|0
S| |91000000|181000000|PAR|CD|0|12100|0|0|1600|0|0|0|0|0|0|0|0
S|BESES|36331111|28276111|PAR|CF|1|28700|1100|10680|500|230|0|0|0|0|0|0|0

P|PIRO1K|24|PIROX|0|3
S|PIROX|36483333|28050000| |IF|0|0|0|0|0|0|1|13000|0|0|0|0|0
S|RP412|36339856|28082086| |TF|0|0|0|0|0|0|1|6000|0|0|0|0|0
S|DUCCO|36200400|28322408| |TF|0|0|0|0|0|0|1|6000|0|0|0|0|0

P|PIRO1R|06|PIROX|0|7
S|PIROX|36483333|28050000| |IF|0|0|0|0|0|0|0|0|0|0|0|0|0
S|PAR|36399511|28064858| |TF|0|0|0|0|0|0|0|0|0|0|0|0|0
S|D162M|36188083|28125053| |TF|0|0|0|0|0|0|0|0|0|0|0|0|0
S| |91000000|181000000| |CI|0|16200|0|0|0|0|0|0|0|0|0|0|0
S|D223O|36231769|27835197|PAR|AF|2|16200|1500|22300|0|0|1|6000|0|1|0|0|0
S|D236O|36277831|27794411|PAR|AF|2|22300|1500|23600|0|0|1|5000|0|1|0|0|0
S|ERIBA|36342222|27871389|PAR|CF|0|6500|1000|24500|300|0|0|0|0|0|0|0|0

P|PIRO1S|06|PIROX|0|4
S|PIROX|36483333|28050000| |IF|0|0|0|0|0|0|0|0|0|0|0|0|0
S|D346C|36449075|28056069| |TF|0|0|0|0|0|0|0|0|0|1|0|0|0
S|D259P|36371144|27736444|PAR|CF|2|25900|1600|25900|1400|0|0|0|0|1|0|0|0
S|ERIBA|36342222|27871389|PAR|CF|1|6500|1000|24500|600|230|0|0|0|0|0|0|0

P|PIRO1V|06|PIROX|0|5
S|PIROX|36483333|28050000| |IF|0|0|0|0|0|0|1|13000|0|0|0|0|0
S|LIKUZ|36251761|28200278| |TF|0|0|0|0|0|0|1|6000|0|0|0|0|0
S|RP707|36002014|27999514| |TF|0|0|0|0|0|0|1|6000|0|0|0|0|0
S|RP705|36030708|27726983| |TF|0|0|0|0|0|0|1|6000|0|0|0|0|0
S|VIGEZ|36113592|27714981| |TF|0|0|0|0|0|0|1|6000|0|1|0|0|0

P|ROXO1C|06|ROXOL|0|2
S|ROXOL|35772778|27504444| |IF|0|0|0|0|0|0|0|0|0|0|0|0|0
S|RDS|36339856|28082086| |TF|0|0|0|0|0|0|0|0|0|0|0|0|0

P|ROXO1D|24|ROXOL|0|2
S|ROXOL|35772778|27504444| |IF|0|0|0|0|0|0|0|0|0|0|0|0|0
S|RDS|36339856|28082086| |TF|0|0|0|0|0|0|0|0|0|0|0|0|0

P|ROXO1E|06|ROXOL|0|4
S|ROXOL|35772778|27504444| |IF|0|0|0|0|0|0|0|0|0|0|0|0|0
S|D211Q|36170183|27858475| |TF|0|0|0|0|0|0|0|0|0|0|0|0|0
S| |91000000|181000000| |CI|0|3100|0|0|0|0|0|0|0|0|0|0|0
S|PELIS|36232222|27835000|PAR|AF|2|21100|1500|22310|0|0|0|0|0|0|0|0|0

P|ROXO1G|24|ROXOL|0|6
S|ROXOL|35772778|27504444| |IF|0|0|0|0|0|0|0|0|0|0|0|0|0
S|D211O|36197183|27882689| |TF|0|0|0|0|0|0|0|0|0|0|0|0|0
S| |91000000|181000000| |CI|0|3100|0|0|0|0|0|0|0|0|0|0|0
S|D192M|36191992|27986578|PAR|AF|1|21100|1300|19200|0|0|1|6000|0|1|0|0|0
S|D107M|36317972|28313428|PAR|AF|1|19200|1300|10700|0|0|1|5000|0|1|0|0|0
S|DEXAS|36387500|28333889|PAR|AF|1|10700|1300|8810|0|0|0|0|0|0|0|0|0

P|ROXO1H|24|ROXOL|0|6
S|ROXOL|35772778|27504444| |IF|0|0|0|0|0|0|0|0|0|0|0|0|0
S|D211O|36197183|27882689| |TF|0|0|0|0|0|0|0|0|0|0|0|0|0
S| |91000000|181000000| |CI|0|3100|0|0|0|0|0|0|0|0|0|0|0
S|D192M|36191992|27986578|PAR|AF|1|21100|1300|19200|0|0|1|6000|0|1|0|0|0
S|D117M|36284317|28292111|PAR|AF|1|19200|1300|11700|0|0|1|5000|0|1|0|0|0
S|BESES|36331111|28276111|PAR|CF|0|28700|1100|10680|100|230|0|0|0|0|0|0|0

P|ROXO1K|24|ROXOL|0|2
S|ROXOL|35772778|27504444| |IF|0|0|0|0|0|0|1|7000|0|0|0|0|0
S|DUCCO|36200400|28322408| |TF|0|0|0|0|0|0|1|6000|0|0|0|0|0

P|ROXO1S|06|ROXOL|0|6
S|ROXOL|35772778|27504444| |IF|0|0|0|0|0|0|0|0|0|0|0|0|0
S|D211Q|36170183|27858475| |TF|0|0|0|0|0|0|0|0|0|0|0|0|0
S| |91000000|181000000| |CI|0|3100|0|0|0|0|0|0|0|0|0|0|0
S|D223O|36231769|27835197|PAR|AF|2|21100|1500|22300|0|0|1|6000|0|1|0|0|0
S|D236O|36277831|27794411|PAR|AF|2|22300|1500|23600|0|0|1|5000|0|1|0|0|0
S|ERIBA|36342222|27871389|PAR|CF|0|6500|1000|24500|300|0|0|0|0|0|0|0|0

P|ROXO1V|06|ROXOL|0|2
S|ROXOL|35772778|27504444| |IF|0|0|0|0|0|0|1|7000|0|0|0|0|0
S|VIGEZ|36113592|27714981| |TF|0|0|0|0|0|0|1|6000|0|1|0|0|0

P|SOTI1C|06|SOTIV|0|2
S|SOTIV|36550000|28483333| |IF|0|0|0|0|0|0|0|0|0|0|0|0|0
S|RDS|36339856|28082086| |TF|0|0|0|0|0|0|0|0|0|0|0|0|0

P|SOTI1D|24|SOTIV|0|2
S|SOTIV|36550000|28483333| |IF|0|0|0|0|0|0|0|0|0|0|0|0|0
S|RDS|36339856|28082086| |TF|0|0|0|0|0|0|0|0|0|0|0|0|0

P|SOTI1H|24|SOTIV|0|5
S|SOTIV|36550000|28483333| |IF|0|0|0|0|0|0|0|0|0|0|0|0|0
S|D061S|36528583|28423431| |TF|0|0|0|0|0|0|0|0|0|0|0|0|0
S| |91000000|181000000| |CI|0|24100|0|0|0|0|0|0|0|0|0|0|0
S|D100Q|36325594|28403531|PAR|AF|2|6100|1700|10000|0|0|1|5000|0|1|0|0|0
S|BESES|36331111|28276111|PAR|CF|0|28700|1100|10680|500|230|0|0|0|0|0|0|0

P|SOTI1K|24|SOTIV|0|2
S|SOTIV|36550000|28483333| |IF|0|0|0|0|0|0|1|13000|0|0|0|0|0
S|DUCCO|36200400|28322408| |TF|0|0|0|0|0|0|1|6000|0|0|0|0|0

P|SOTI1S|06|SOTIV|0|4
S|SOTIV|36550000|28483333| |IF|0|0|0|0|0|0|0|0|0|0|0|0|0
S|PAR|36399511|28064858| |TF|0|0|0|0|0|0|0|0|0|0|0|0|0
S|D259P|36371144|27736444| |TF|0|0|0|0|0|0|0|0|0|1|0|0|0
S|ERIBA|36342222|27871389|PAR|CF|1|6500|1000|24500|600|230|0|0|0|0|0|0|0

P|SOTI1V|06|SOTIV|0|5
S|SOTIV|36550000|28483333| |IF|0|0|0|0|0|0|1|13000|0|0|0|0|0
S|LIKUZ|36251761|28200278| |TF|0|0|0|0|0|0|1|6000|0|0|0|0|0
S|RP707|36002014|27999514| |TF|0|0|0|0|0|0|1|6000|0|0|0|0|0
S|RP705|36030708|27726983| |TF|0|0|0|0|0|0|1|6000|0|0|0|0|0
S|VIGEZ|36113592|27714981| |TF|0|0|0|0|0|0|1|6000|0|1|0|0|0

P|VANE1K|24|VANES|0|4
S|VANES|36385000|27731667| |IF|0|0|0|0|0|0|1|6000|0|0|0|0|0
S|RP408|36440194|27919861| |TF|0|0|0|0|0|0|1|6000|0|0|0|0|0
S|RP412|36339856|28082086| |TF|0|0|0|0|0|0|1|6000|0|0|0|0|0
S|DUCCO|36200400|28322408| |TF|0|0|0|0|0|0|1|6000|0|0|0|0|0

P|VANE1V|06|VANES|0|2
S|VANES|36385000|27731667| |IF|0|0|0|0|0|0|1|6000|0|0|0|0|0
S|VIGEZ|36113592|27714981| |TF|0|0|0|0|0|0|1|6000|0|1|0|0|0

P|VANE2C|06|VANES|0|2
S|VANES|36385000|27731667| |IF|0|0|0|0|0|0|0|0|0|0|0|0|0
S|RDS|36339856|28082086| |TF|0|0|0|0|0|0|0|0|0|0|0|0|0

P|VANE2D|24|VANES|0|2
S|VANES|36385000|27731667| |IF|0|0|0|0|0|0|0|0|0|0|0|0|0
S|RDS|36339856|28082086| |TF|0|0|0|0|0|0|0|0|0|0|0|0|0

P|VANE2F|24|VANES|0|5
S|VANES|36385000|27731667| |IF|0|0|0|0|0|0|0|0|0|0|0|0|0
S|D274Q|36384492|27735650| |TF|0|0|0|0|0|0|0|0|0|0|0|0|0
S| |91000000|181000000| |CI|0|9400|0|0|0|0|0|0|0|0|0|0|0
S|D224O|36175381|27849033|RDS|AF|1|27400|1500|22400|0|0|1|6000|0|1|0|0|0
S|RDS|36339856|28082086|RDS|CF|0|3500|0|0|1500|0|0|0|0|0|0|0|0

P|VANE2G|24|VANES|0|6
S|VANES|36385000|27731667| |IF|0|0|0|0|0|0|0|0|0|0|0|0|0
S|D262O|36386075|27755633| |TF|0|0|0|0|0|0|0|0|0|0|0|0|0
S| |91000000|181000000| |CI|0|8200|0|0|0|0|0|0|0|0|0|0|0
S|D192M|36191992|27986578|PAR|AF|1|26200|1300|19200|0|0|1|6000|0|1|0|0|0
S|D107M|36317972|28313428|PAR|AF|1|19200|1300|10700|0|0|1|5000|0|1|0|0|0
S|DEXAS|36387500|28333889|PAR|AF|1|10700|1300|8810|0|0|0|0|0|0|0|0|0

P|VANE2H|24|VANES|0|6
S|VANES|36385000|27731667| |IF|0|0|0|0|0|0|0|0|0|0|0|0|0
S|D262O|36386075|27755633| |TF|0|0|0|0|0|0|0|0|0|0|0|0|0
S| |91000000|181000000| |CI|0|8200|0|0|0|0|0|0|0|0|0|0|0
S|D192M|36191992|27986578|PAR|AF|1|26200|1300|19200|0|0|1|6000|0|1|0|0|0
S|D117M|36284317|28292111|PAR|AF|1|19200|1300|11700|0|0|1|5000|0|1|0|0|0
S|BESES|36331111|28276111|PAR|CF|0|28700|1100|10680|100|230|0|0|0|0|0|0|0

P|VANE2J|24|VANES|0|2
S|VANES|36385000|27731667| |IF|0|0|0|0|0|0|0|0|0|0|0|0|0
S|PAR|36399511|28064858| |TF|0|0|0|0|0|0|0|0|0|0|0|0|0

P|VANE2S|06|VANES|0|3
S|VANES|36385000|27731667| |IF|0|0|0|0|0|0|0|0|0|0|0|0|0
S| |91000000|181000000| |CI|0|11700|0|0|0|0|0|0|0|0|0|0|0
S|ERIBA|36342222|27871389|PAR|CF|0|6500|1000|24500|200|0|0|0|0|0|0|0|0

