P|AGH3E|28C|TGG41|0|3
S|TGG41|38903447|23067567| |IF|0|0|0|0|0|0|0|0|0|0|0|0|0
S|TGG|38338053|23558319| |TF|0|0|0|0|0|0|1|8000|0|0|0|0|0
S|D055L|38440964|23776519| |TF|0|0|0|0|0|250|1|8000|0|0|0|0|0

P|ANL1B|28C|ANL|0|3
S|ANL|39213614|22744075| |IF|0|0|0|0|0|0|1|10000|0|0|0|0|0
S|YALHO|38898494|23028864| |TF|0|0|0|0|0|0|1|9000|0|0|0|0|0
S|KITOF|38418136|23823300| |TF|0|0|0|0|0|0|1|8000|0|0|0|0|0

P|ANL1L|28C|TGR40|0|6
S|TGR40|38896692|23030542| |IF|0|0|0|0|0|0|1|8000|0|0|0|0|0
S|D321R|38595992|23299283| |TF|0|0|0|0|0|0|1|8000|0|0|0|0|0
S| |91000000|181000000| |CI|0|14100|0|0|0|260|0|0|0|0|0|0|0
S|D078P|38386169|23853358|TGR|AF|2|32100|1600|7800|0|0|1|6000|0|0|0|0|0
S|D089P|38335039|23855956|TGR|AF|2|7800|1600|8900|0|0|1|3400|0|1|0|0|0
S|CT28C|38296597|23806303|TGG|CF|0|27900|1200|9790|300|260|0|0|0|0|0|0|0

P|ANL1M|28C|TGR40|0|4
S|TGR40|38896692|23030542| |IF|0|0|0|0|0|0|1|8000|0|0|0|0|0
S| |91000000|181000000|TGR|CD|0|14100|0|0|1800|0|0|0|0|0|0|0|0
S| |91000000|181000000|TGR|CD|0|14100|0|0|300|0|1|8000|0|0|0|0|0
S|D060N|38451589|23784469|TGR|CF|0|6000|1400|6000|1500|260|0|0|0|0|0|0|0

P|ANL1Y|10C|ANL|0|5
S|ANL|39213614|22744075| |IF|0|0|0|0|0|0|0|0|0|0|0|0|0
S|TGR40|38896692|23030542| |TF|0|0|0|0|0|0|0|0|0|0|0|0|0
S|TGR28|38732753|23177408| |TF|0|0|0|0|0|0|0|0|0|0|0|0|0
S|D321M|38527564|23360047| |TF|0|0|0|0|0|0|0|0|0|0|0|0|0
S|D328K|38511492|23407842| |TF|0|0|0|0|0|0|0|0|0|0|0|0|0

P|ATV2Y|10C|ATV|0|4
S|ATV|37888678|23804497| |IF|0|0|0|0|0|0|0|0|0|0|0|0|0
S|ROPOX|38170000|23763889| |TF|0|0|0|0|0|0|0|0|0|0|0|0|0
S|TGR|38349500|23517500| |TF|0|0|0|0|0|0|0|0|0|0|0|0|0
S|D328K|38511492|23407842| |TF|0|0|0|0|0|0|0|0|0|0|0|0|0

P|ATV3M|28C|ROPOX|0|3
S|ROPOX|38170000|23763889| |IF|0|0|0|0|0|0|0|0|0|0|0|0|0
S| |91000000|181000000|TGR|CD|0|30900|0|0|500|0|1|8000|0|0|0|0|0
S|D060N|38451589|23784469|ATV|CF|2|6000|3380|35340|1100|260|1|8000|0|0|0|0|0

P|ELF1M|28C|D170K|0|3
S|D170K|38167156|23543953| |IF|0|0|0|0|0|0|0|0|0|0|0|0|0
S| |91000000|181000000|TGR|CD|0|35000|0|0|300|0|1|8000|0|0|0|0|0
S|D060N|38451589|23784469|ATV|CF|0|6000|3380|35340|1500|260|1|8000|0|0|0|0|0

P|ELF1Y|10C|ELF|0|4
S|ELF|38065181|23558600| |IF|0|0|0|0|0|0|0|0|0|0|0|0|0
S|D170K|38167156|23543953| |TF|0|0|0|0|0|0|0|0|0|0|0|0|0
S|TGR|38349500|23517500| |TF|0|0|0|0|0|0|0|0|0|0|0|0|0
S|D328K|38511492|23407842| |TF|0|0|0|0|0|0|0|0|0|0|0|0|0

P|IXON1B|28C|IXONI|0|3
S|IXONI|38315000|22232222| |IF|0|0|0|0|0|0|1|10000|0|0|0|0|0
S|ANTUQ|38327519|22640972| |TF|0|0|0|0|0|0|1|9000|0|0|0|0|0
S|KITOF|38418136|23823300| |TF|0|0|0|0|0|0|1|8000|0|0|0|0|0

P|IXON1M|28C|TGR41|0|4
S|TGR41|38327744|22649408| |IF|0|0|0|0|0|0|1|9000|0|0|0|0|0
S| |91000000|181000000|TGR|CD|0|8400|0|0|2000|0|1|9000|0|0|0|0|0
S|TGR|38349500|23517500|TGG|CF|0|8400|210|28560|2000|0|1|8000|0|0|0|0|0
S|D060N|38451589|23784469| |TF|0|0|0|0|0|260|0|0|0|0|0|0|0

P|IXON1Y|10C|IXONI|0|5
S|IXONI|38315000|22232222| |IF|0|0|0|0|0|0|0|0|0|0|0|0|0
S|TGR41|38327744|22649408| |TF|0|0|0|0|0|0|0|0|0|0|0|0|0
S|D264T|38339689|23093975| |TF|0|0|0|0|0|0|0|0|0|0|0|0|0
S|D264D|38347658|23432786| |TF|0|0|0|0|0|0|0|0|0|1|0|0|0
S|D328K|38511492|23407842|TGG|CF|1|32800|1260|32170|800|260|0|0|0|0|0|0|0

P|IXON3A|28C|TGG43|0|3
S|TGG43|38323836|22647694| |IF|0|0|0|0|0|0|1|9000|0|0|0|0|0
S|TGG|38338053|23558319| |TF|0|0|0|0|0|0|0|0|0|0|0|0|0
S|D055L|38440964|23776519| |TF|0|0|0|0|0|250|1|8000|0|0|0|0|0

P|ROPO1B|28C|ROPOX|0|2
S|ROPOX|38170000|23763889| |IF|0|0|0|0|0|0|1|9000|0|0|0|0|0
S|KITOF|38418136|23823300| |TF|0|0|0|0|0|0|1|8000|0|0|0|0|0

P|ROPO1H|28C|ROPOX|0|3
S|ROPOX|38170000|23763889| |IF|0|0|0|0|0|0|0|0|0|0|0|0|0
S|TGG|38338053|23558319| |TF|0|0|0|0|0|0|1|8000|0|0|0|0|0
S|D055L|38440964|23776519| |TF|2|0|0|0|0|250|1|8000|0|0|0|0|0

P|SIGF1B|28C|SIGFO|0|2
S|SIGFO|38943056|23651111| |IF|0|0|0|0|0|0|1|9000|0|0|0|0|0
S|KITOF|38418136|23823300| |TF|0|0|0|0|0|0|1|8000|0|0|0|0|0

P|SIGF1D|28C|SIGFO|0|3
S|SIGFO|38943056|23651111| |IF|0|0|0|0|0|0|0|0|0|0|0|0|0
S|D003F|38437444|23573456| |TF|0|0|0|0|0|0|1|8000|0|1|0|0|0
S|D055L|38440964|23776519|TGG|CF|1|5500|1200|5500|700|250|1|8000|0|0|0|0|0

P|SIGF1Q|28C|SIGFO|0|4
S|SIGFO|38943056|23651111| |IF|0|0|0|0|0|0|0|0|0|0|0|0|0
S|D006R|38645228|23583992| |TF|0|0|0|0|0|260|0|0|0|0|0|0|0
S| |91000000|181000000|TGR|CD|0|18600|0|0|600|0|0|0|0|0|0|0|0
S|D060N|38451589|23784469|TGR|CF|1|6000|1400|6000|900|260|1|8000|0|0|0|0|0

P|SIGF1R|28C|SIGFO|0|6
S|SIGFO|38943056|23651111| |IF|0|0|0|0|0|0|0|0|0|0|0|0|0
S|D006R|38645228|23583992| |TF|0|0|0|0|0|260|0|0|0|0|0|0|0
S| |91000000|181000000| |CI|0|18600|0|0|0|0|0|0|0|0|0|0|0
S|D078P|38386169|23853358|TGR|AF|2|600|1600|7800|0|0|1|6000|0|0|0|0|0
S|D089P|38335039|23855956|TGR|AF|2|7800|1600|8900|0|0|0|0|0|1|0|0|0
S|CT28C|38296597|23806303|TGG|CF|0|27900|1200|9790|300|260|1|3400|0|0|0|0|0

P|SIGF1Y|10C|SIGFO|0|3
S|SIGFO|38943056|23651111| |IF|0|0|0|0|0|0|0|0|0|0|0|0|0
S|D006H|38480953|23546897| |TF|0|0|0|0|0|0|0|0|0|1|0|0|0
S|D328K|38511492|23407842|TGG|CF|2|32800|1260|32170|400|260|0|0|0|0|0|0|0

P|SKY1B|28C|SKY|0|3
S|SKY|38976389|24491542| |IF|0|0|0|0|0|0|1|10000|0|0|0|0|0
S|ABGOS|38822822|24123733| |TF|0|0|0|0|0|0|1|9000|0|0|0|0|0
S|KITOF|38418136|23823300| |TF|0|0|0|0|0|0|1|8000|0|0|0|0|0

P|SKY1L|28C|SKY|0|6
S|SKY|38976389|24491542| |IF|0|0|0|0|0|0|0|0|0|0|0|0|0
S|D046R|38540875|23811783| |TF|0|0|0|0|0|0|1|8000|0|0|0|0|0
S| |91000000|181000000| |CI|0|22600|0|0|0|260|0|0|0|0|0|0|0
S|D078P|38386169|23853358|TGR|AF|2|4600|1600|7800|0|0|1|6000|0|0|0|0|0
S|D089P|38335039|23855956|TGR|AF|2|7800|1600|8900|0|0|0|0|0|1|0|0|0
S|CT28C|38296597|23806303|TGG|CF|0|27900|1200|9790|300|260|1|3400|0|0|0|0|0

P|SKY1M|28C|SKY|0|7
S|SKY|38976389|24491542| |IF|0|0|0|0|0|0|0|0|0|0|0|0|0
S|D046R|38540875|23811783| |TF|0|0|0|0|0|0|1|8000|0|0|0|0|0
S| |91000000|181000000| |CI|0|22600|0|0|0|260|0|0|0|0|0|0|0
S|D078P|38386169|23853358|TGR|AF|2|4600|1600|7800|0|0|0|0|0|0|0|0|0
S|D089P|38335039|23855956|TGR|AF|2|7800|1600|8900|0|0|0|0|0|1|0|0|0
S| |91000000|181000000|TGR|CD|2|27900|0|0|700|260|1|8000|0|0|0|0|0
S|D060N|38451589|23784469|SKP|CF|2|6000|4440|16570|900|260|1|8000|0|0|0|0|0

P|SKY1Y|10C|SKY|0|4
S|SKY|38976389|24491542| |IF|0|0|0|0|0|0|0|0|0|0|0|0|0
S|TG39B|38763200|24157092| |TF|0|0|0|0|0|0|0|0|0|0|0|0|0
S|D046D|38392092|23582761| |TF|0|0|0|0|0|0|0|0|0|1|0|0|0
S|D328K|38511492|23407842|TGG|CF|2|32800|1260|32170|800|260|0|0|0|0|0|0|0

P|SOSI1D|28C|SOSIR|0|3
S|SOSIR|38406944|25126389| |IF|0|0|0|0|0|0|1|10000|0|0|0|0|0
S|BACKA|38380742|24314131| |TF|0|0|0|0|0|0|1|9000|0|0|0|0|0
S|DISIP|38372475|24088911| |TF|0|0|0|0|0|0|1|8000|0|0|0|0|0

P|SOSI1E|28C|SOSIR|0|3
S|SOSIR|38406944|25126389| |IF|0|0|0|0|0|0|1|10000|0|0|0|0|0
S|BACKA|38380742|24314131| |TF|0|0|0|0|0|0|1|9000|0|0|0|0|0
S|KITOF|38418136|23823300| |TF|0|0|0|0|0|0|1|8000|0|0|0|0|0

P|SOSI1Y|10C|SOSIR|0|4
S|SOSIR|38406944|25126389| |IF|0|0|0|0|0|0|0|0|0|0|0|0|0
S|TGR38|38380986|24321778| |TF|0|0|0|0|0|0|0|0|0|0|0|0|0
S|D083B|38351294|23559811| |TF|0|0|0|0|0|0|0|0|0|1|0|0|0
S|D328K|38511492|23407842|TGG|CF|0|32800|1260|32170|1100|0|0|0|0|0|0|0|0

P|SOSI3A|28C|TGG36|0|6
S|TGG36|38374139|24319733| |IF|0|0|0|0|0|0|0|0|0|0|0|0|0
S|TGG33|38371322|24256256| |TF|0|0|0|0|0|0|0|0|0|0|0|0|0
S| |91000000|181000000| |CI|0|26200|0|0|0|250|0|0|0|0|0|0|0
S|TG31A|38291150|24212089|TGG|AF|2|8200|3100|9100|0|0|0|0|0|1|0|0|0
S| |91000000|181000000|TGG|CD|2|27600|0|0|700|250|0|0|0|0|0|0|0
S|D055L|38440964|23776519|TGG|CF|2|5500|1200|5500|600|250|1|8000|0|0|0|0|0

P|SOSI3B|28C|TGG36|0|2
S|TGG36|38374139|24319733| |IF|0|0|0|0|0|0|0|0|0|0|0|0|0
S|TGG33|38371322|24256256| |TF|0|0|0|0|0|0|1|8000|0|0|0|0|0

P|XANI1Y|10C|XANIS|0|5
S|XANIS|38572222|22185833| |IF|0|0|0|0|0|0|1|12000|0|0|0|0|0
S|TGR63|38578697|22212781| |TF|0|0|0|0|0|0|0|0|0|0|0|0|0
S|TGR32|38467733|22855817| |TF|0|0|0|0|0|0|0|0|0|0|0|0|0
S|D279X|38438525|23021439| |TF|0|0|0|0|0|0|0|0|0|0|0|0|0
S|CT10C|38394275|23269619| |TF|0|0|0|0|0|0|0|0|0|0|0|0|0

