P|EKTO1B|29R|EKTOL|0|4
S|EKTOL|41107778|15171389| |IF|0|0|0|0|0|0|0|0|0|0|0|0|0
S|MNL|41547639|15689806| |TF|0|0|0|0|0|0|0|0|0|0|0|0|0
S|CT29|41459303|15952978| |TF|0|0|0|0|0|0|0|0|0|0|0|0|0
S|IPNUD|41426767|16055181| |TF|0|0|0|0|0|0|0|0|0|0|0|0|0

P|EKTO1C|11L|EKTOL|0|5
S|EKTOL|41107778|15171389| |IF|0|0|0|0|0|0|0|0|0|0|0|0|0
S|D218V|41273650|15365739| |TF|0|0|0|0|0|0|0|0|0|0|0|0|0
S| |91000000|181000000| |CI|0|3800|0|0|0|0|0|0|0|0|0|0|0
S|D280T|41627511|15258514|MNL|AF|2|21800|2000|28000|0|0|0|0|0|0|0|0|0
S|ELVAD|41647486|15384294|MNL|CF|2|11000|1500|28960|200|0|0|0|0|0|0|0|0

P|EKTO1G|11L|EKTOL|0|5
S|EKTOL|41107778|15171389| |IF|0|0|0|0|0|0|0|0|0|0|0|0|0
S|MN32A|41148806|15219333| |TF|0|0|0|0|0|0|0|0|0|0|0|0|0
S| |91000000|181000000| |CI|0|3800|0|0|0|0|0|0|0|0|0|0|0
S|MN30A|41510825|15025881|MNL|AF|2|21800|3000|26200|0|0|0|0|0|0|0|0|0
S|AMTOG|41573633|15113608|MNL|CF|2|9000|2600|26960|200|0|0|0|0|0|0|0|0

P|EKTO1H|29R|EKTOL|0|6
S|EKTOL|41107778|15171389| |IF|0|0|0|0|0|0|0|0|0|0|0|0|0
S|D218R|41323533|15424458| |TF|0|0|0|0|0|0|0|0|0|0|0|0|0
S| |91000000|181000000| |CI|0|3800|0|0|0|0|0|0|0|0|0|0|0
S|D298P|41688625|15387958|MNL|AF|2|21800|1600|29800|0|0|0|0|0|0|0|0|0
S|D310P|41731439|15432006|MNL|AF|2|29800|1600|30960|0|0|0|0|0|0|0|0|0
S|OBAVO|41662583|15528853| |TF|0|0|0|0|0|0|0|0|0|0|0|0|0

P|ERPO1A|11L|ERPOG|0|7
S|ERPOG|42478333|15202500| |IF|0|0|0|0|0|0|0|0|0|0|0|0|0
S|MNL39|42153631|15374261| |TF|0|0|0|0|0|0|0|0|0|0|0|0|0
S|MNL27|41967272|15471989| |TF|0|0|0|0|0|0|0|0|0|0|0|0|0
S| |91000000|181000000| |CI|0|15500|0|0|0|0|0|0|0|0|0|0|0
S|D299Y|41773736|15222769|MNL|AF|1|33500|2500|29900|0|0|0|0|0|0|0|0|0
S|D290W|41702681|15222286|MNL|CF|1|11000|2300|29000|100|0|0|0|0|0|0|0|0
S|ELVAD|41647486|15384294| |TF|0|0|0|0|0|0|0|0|0|0|0|0|0

P|ERPO1B|29R|ERPOG|0|7
S|ERPOG|42478333|15202500| |IF|0|0|0|0|0|0|0|0|0|0|0|0|0
S|MNL39|42153631|15374261| |TF|0|0|0|0|0|0|0|0|0|0|0|0|0
S|MNL27|41967272|15471989| |TF|0|0|0|0|0|0|0|0|0|0|0|0|0
S|D335N|41765281|15577217| |TF|0|0|0|0|0|0|0|0|0|0|0|0|0
S|MNL|41547639|15689806| |TF|0|0|0|0|0|0|0|0|0|0|0|0|0
S|CT29|41459303|15952978| |TF|0|0|0|0|0|0|0|0|0|0|0|0|0
S|IPNUD|41426767|16055181| |TF|0|0|0|0|0|0|0|0|0|0|0|0|0

P|ERPO1G|11L|ERPOG|0|6
S|ERPOG|42478333|15202500| |IF|0|0|0|0|0|0|0|0|0|0|0|0|0
S|MNL39|42153631|15374261| |TF|0|0|0|0|0|0|0|0|0|0|0|0|0
S|MN32B|42044933|15431339| |TF|0|0|0|0|0|0|0|0|0|0|0|0|0
S| |91000000|181000000| |CI|0|15500|0|0|0|0|0|0|0|0|0|0|0
S|MN30B|41649797|15037408|MNL|AF|1|33500|3000|27800|0|0|0|0|0|0|0|0|0
S|AMTOG|41573633|15113608|MNL|CF|1|9000|2600|26960|200|0|0|0|0|0|0|0|0

P|ERPO1H|29R|ERPOG|0|7
S|ERPOG|42478333|15202500| |IF|0|0|0|0|0|0|0|0|0|0|0|0|0
S|MNL44|42231256|15333372| |TF|0|0|0|0|0|0|0|0|0|0|0|0|0
S| |91000000|181000000| |CI|0|15500|0|0|0|0|0|0|0|0|0|0|0
S|MN42A|42105556|15123856|MNL|AF|1|33500|4200|31900|0|0|0|0|0|0|0|0|0
S|MN42B|42032150|15014111|MNL|AF|1|31900|4200|31000|0|0|0|0|0|0|0|0|0
S|D310P|41731439|15432006| |TF|0|0|0|0|0|0|0|0|0|0|0|0|0
S|OBAVO|41662583|15528853| |TF|0|0|0|0|0|0|0|0|0|0|0|0|0

P|TOPN1A|11L|TOPNO|0|4
S|TOPNO|40951667|16107778| |IF|0|0|0|0|0|0|0|0|0|0|0|0|0
S|MNL|41547639|15689806| |TF|0|0|0|0|0|0|0|0|0|0|0|0|0
S|CT11|41615422|15486728| |TF|0|0|0|0|0|0|0|0|0|0|0|0|0
S|ELVAD|41647486|15384294| |TF|0|0|0|0|0|0|0|0|0|0|0|0|0

P|TOPN1B|29R|TOPNO|0|5
S|TOPNO|40951667|16107778| |IF|0|0|0|0|0|0|0|0|0|0|0|0|0
S|D148V|41223581|15918156| |TF|0|0|0|0|0|0|0|0|0|0|0|0|0
S| |91000000|181000000| |CI|0|32800|0|0|0|0|0|0|0|0|0|0|0
S|D116T|41380244|16073283|MNL|AF|1|14800|2000|11600|0|0|0|0|0|0|0|0|0
S|IPNUD|41426767|16055181|MNL|CF|0|29000|1800|10960|200|0|0|0|0|0|0|0|0

P|TOPN1G|11L|TOPNO|0|4
S|TOPNO|40951667|16107778| |IF|0|0|0|0|0|0|0|0|0|0|0|0|0
S|MNL|41547639|15689806| |TF|0|0|0|0|0|0|0|0|0|0|0|0|0
S|D270T|41570186|15246703| |TF|0|0|0|0|0|0|0|0|0|0|0|0|0
S|AMTOG|41573633|15113608| |TF|0|0|0|0|0|0|0|0|0|0|0|0|0

P|TOPN1H|29R|TOPNO|0|3
S|TOPNO|40951667|16107778| |IF|0|0|0|0|0|0|0|0|0|0|0|0|0
S|MNL|41547639|15689806| |TF|0|0|0|0|0|0|0|0|0|0|0|0|0
S|OBAVO|41662583|15528853| |TF|0|0|0|0|0|0|0|0|0|0|0|0|0

P|UVOK1G|11L|UVOKA|0|4
S|UVOKA|41379722|16863611| |IF|0|0|0|0|0|0|0|0|0|0|0|0|0
S|MNL|41547639|15689806| |TF|0|0|0|0|0|0|0|0|0|0|0|0|0
S|D270T|41570186|15246703| |TF|0|0|0|0|0|0|0|0|0|0|0|0|0
S|AMTOG|41573633|15113608| |TF|0|0|0|0|0|0|0|0|0|0|0|0|0

P|UVOK1H|29R|UVOKA|0|3
S|UVOKA|41379722|16863611| |IF|0|0|0|0|0|0|0|0|0|0|0|0|0
S|MNL|41547639|15689806| |TF|0|0|0|0|0|0|0|0|0|0|0|0|0
S|OBAVO|41662583|15528853| |TF|0|0|0|0|0|0|0|0|0|0|0|0|0

