P|EGHI2W|09|EGHIN|0|6
S|EGHIN|44056111|8221111| |IF|0|0|0|0|0|0|0|0|0|0|0|0|0
S|MG433|44112344|8308983| |TF|0|0|0|0|0|0|1|10000|0|0|0|0|0
S|MG430|44145500|8360869| |TF|0|0|0|0|0|0|1|6000|0|0|0|0|0
S|MG424|44177206|8492622| |TF|0|0|0|0|0|200|1|6000|0|0|0|0|0
S|MG418|44082378|8536714| |TF|0|0|0|0|0|200|1|5000|0|0|0|0|0
S|BERAB|44050833|8405278| |TF|0|0|0|0|0|200|1|4000|0|0|0|0|0

P|ITCA1W|09|ITCAP|0|4
S|ITCAP|44424444|9082222| |IF|0|0|0|0|0|0|0|0|0|0|0|0|0
S|MG426|44170275|8675917| |TF|0|0|0|0|0|0|1|7000|0|0|0|0|0
S|MG418|44082378|8536714| |TF|0|0|0|0|0|200|1|5000|0|0|0|0|0
S|BERAB|44050833|8405278| |TF|0|0|0|0|0|200|1|4000|0|0|0|0|0

P|IXIT6M|ALL|IXITO|0|4
S|IXITO|44134722|8803611| |IF|0|0|0|0|0|0|0|0|0|0|0|0|0
S| |91000000|181000000|SES|CD|0|13600|0|0|1900|0|0|0|0|0|0|0|0
S|D086S|44052850|8566658|ALB|CF|2|26600|1900|8600|1100|0|0|0|0|0|0|0|0
S|BERAB|44050833|8405278| |TF|0|0|0|0|0|0|0|0|0|0|0|0|0

P|TEST1W|09|TESTO|0|5
S|TESTO|44597222|8665556| |IF|0|0|0|0|0|0|0|0|0|0|0|0|0
S|MG437|44351114|8563908| |TF|0|0|0|0|0|0|1|9500|0|0|0|0|0
S|MG424|44177206|8492622| |TF|0|0|0|0|0|200|1|6000|0|0|0|0|0
S|MG418|44082378|8536714| |TF|0|0|0|0|0|200|1|5000|0|0|0|0|0
S|BERAB|44050833|8405278| |TF|0|0|0|0|0|200|1|4000|0|0|0|0|0

P|UNIT2W|09|UNITA|0|4
S|UNITA|43944444|9025000| |IF|0|0|0|0|0|0|0|0|0|0|0|0|0
S|MG436|44025014|8931428| |TF|0|0|0|0|0|0|1|11000|0|0|0|0|0
S|MG418|44082378|8536714| |TF|0|0|0|0|0|200|1|5000|0|0|0|0|0
S|BERAB|44050833|8405278| |TF|0|0|0|0|0|200|1|4000|0|0|0|0|0

P|UNIT7M|ALL|UNITA|0|5
S|UNITA|43944444|9025000| |IF|0|0|0|0|0|0|0|0|0|0|0|0|0
S| |91000000|181000000|SES|CD|0|31600|0|0|2400|0|0|0|0|0|0|0|0
S|ALB30|44054789|8820872|ALB|CF|0|26600|3000|8600|500|0|0|0|0|0|0|0|0
S|D086S|44052850|8566658| |TF|0|0|0|0|0|0|0|0|0|0|0|0|0
S|BERAB|44050833|8405278| |TF|0|0|0|0|0|0|0|0|0|0|0|0|0

