P|ADOS1X|ALL|ADOSA|0|3
S|ADOSA|45644444|11026389| |IF|0|0|0|0|0|0|1|12000|0|0|0|0|0
S|PB401|46028439|11122667| |TF|0|0|0|0|0|210|1|12000|0|0|0|0|0
S|FORER|46108056|11158333| |TF|0|0|0|0|0|210|1|12000|0|0|0|0|0

P|ADOS2H|01|ADOSA|0|4
S|ADOSA|45644444|11026389| |IF|0|0|0|0|0|0|0|0|0|0|0|0|0
S|OZE27|45968175|11138625| |TF|0|0|0|0|0|0|1|14000|0|0|0|0|0
S| |91000000|181000000| |VI|0|34400|0|0|0|210|0|0|0|0|0|0|0
S|FORER|46108056|11158333|OZE|CF|0|1400|1870|19440|500|0|1|12000|0|0|0|0|0

P|ALES1X|ALL|ALESE|0|4
S|ALESE|46275000|11403889| |IF|0|0|0|0|0|0|1|14000|0|0|0|0|0
S|ADFAM|45995000|11525278| |TF|0|0|0|0|0|210|1|13000|0|0|0|0|0
S|PB401|46028439|11122667| |TF|2|0|0|0|0|210|1|12000|0|0|0|0|0
S|FORER|46108056|11158333| |TF|2|0|0|0|0|210|1|12000|0|0|0|0|0

P|ALES2H|01|ALESE|0|7
S|ALESE|46275000|11403889| |IF|0|0|0|0|0|0|0|0|0|0|0|0|0
S|D341Y|46037614|11511497| |TF|0|0|0|0|0|0|0|0|0|0|0|0|0
S| |91000000|181000000| |CI|0|16100|0|0|0|0|0|0|0|0|0|0|0
S|D178Z|45972058|11281461|OZE|AF|2|15600|2600|17800|0|0|0|0|0|0|0|0|0
S|D189Z|45981386|11163108|OZE|AF|2|17800|2600|18900|0|0|0|0|0|0|0|0|0
S|D194X|46022667|11124475|OZE|CF|0|1400|2400|19400|100|210|0|0|0|0|0|0|0
S|FORER|46108056|11158333| |TF|0|0|0|0|0|0|1|12000|0|0|0|0|0

P|NAXA1X|ALL|NAXAV|0|6
S|NAXAV|46463889|11322222| |IF|0|0|0|0|0|0|1|16000|0|0|0|0|0
S|PB404|46380553|11322628| |TF|0|0|0|0|0|210|1|16000|0|0|0|0|0
S|PB403|46120225|11324006| |TF|0|0|0|0|0|210|1|14000|0|0|0|0|0
S|PB402|46011925|11324572| |TF|0|0|0|0|0|210|1|12000|0|0|0|0|0
S|PB401|46028439|11122667| |TF|2|0|0|0|0|210|1|12000|0|0|0|0|0
S|FORER|46108056|11158333| |TF|2|0|0|0|0|210|1|12000|0|0|0|0|0

P|NAXA2H|01|NAXAV|0|4
S|NAXAV|46463889|11322222| |IF|0|0|0|0|0|0|0|0|0|0|0|0|0
S|OZE|46405194|11292306| |TF|0|0|0|0|0|0|0|0|0|0|0|0|0
S|D184X|46008275|11222367| |TF|0|0|0|0|0|0|0|0|0|1|0|0|0
S|FORER|46108056|11158333|OZE|CF|2|1400|1870|19440|600|210|1|12000|0|0|0|0|0

P|VIC1X|ALL|VIC|0|4
S|VIC|45637306|11676361| |IF|0|0|0|0|0|0|1|12000|0|0|0|0|0
S|ADFAM|45995000|11525278| |TF|0|0|0|0|0|210|1|12000|0|0|0|0|0
S|PB401|46028439|11122667| |TF|0|0|0|0|0|210|1|12000|0|0|0|0|0
S|FORER|46108056|11158333| |TF|2|0|0|0|0|210|1|12000|0|0|0|0|0

P|VIC2H|01|VIC|0|7
S|VIC|45637306|11676361| |IF|0|0|0|0|0|0|0|0|0|0|0|0|0
S|D341T|45957572|11544661| |TF|0|0|0|0|0|0|0|0|0|1|0|0|0
S| |91000000|181000000| |CI|0|34100|0|0|0|0|0|0|0|0|0|0|0
S|D178Z|45972058|11281461|OZE|AF|2|15500|2600|17800|0|0|0|0|0|0|0|0|0
S|D189Z|45981386|11163108|OZE|AF|2|17800|2600|18900|0|0|0|0|0|0|0|0|0
S|D194X|46022667|11124475|OZE|CF|0|1400|2400|19540|100|210|0|0|0|0|0|0|0
S|FORER|46108056|11158333| |TF|0|0|0|0|0|0|1|12000|0|0|0|0|0

P|VIC2M|01|VIC|0|3
S|VIC|45637306|11676361| |IF|0|0|0|0|0|0|0|0|0|0|0|0|0
S|OZE25|45991744|11166242| |TF|0|0|0|0|0|0|0|0|0|1|0|0|0
S|FORER|46108056|11158333|OZE|CF|0|1400|1870|19440|600|210|1|12000|0|0|0|0|0

