P|AMAN2B|ALL|AMANO|0|6
S|AMANO|39421667|13796667| |IF|0|0|0|0|0|0|0|0|0|0|0|0|0
S|RI404|40158364|14191800| |TF|0|0|0|0|0|0|1|11000|0|0|0|0|0
S|RI403|40268728|14361603| |TF|0|0|0|0|0|0|1|6000|0|0|0|0|0
S|RI402|40326464|14450811| |TF|0|0|0|0|0|0|1|6000|0|0|0|0|0
S|RI401|40384375|14540536| |TF|0|0|0|0|0|0|1|6000|0|0|0|0|0
S|GIPOR|40427139|14606944| |TF|0|0|0|0|0|0|1|4000|0|0|0|0|0

P|AMAN4F|ALL|AMANO|0|3
S|AMANO|39421667|13796667| |IF|0|0|0|0|0|0|0|0|0|0|0|0|0
S| |91000000|181000000|SOR|CD|0|1600|0|0|3100|0|0|0|0|0|0|0|0
S|GIPOR|40427139|14606944|PTC|CF|0|4600|1800|22610|2900|0|0|0|0|0|0|0|0

P|DIRE2B|ALL|DIRED|0|6
S|DIRED|39564167|14515833| |IF|0|0|0|0|0|0|0|0|0|0|0|0|0
S|RI404|40158364|14191800| |TF|0|0|0|0|0|0|1|11000|0|0|0|0|0
S|RI403|40268728|14361603| |TF|0|0|0|0|0|0|1|6000|0|0|0|0|0
S|RI402|40326464|14450811| |TF|0|0|0|0|0|0|1|6000|0|0|0|0|0
S|RI401|40384375|14540536| |TF|0|0|0|0|0|0|1|6000|0|0|0|0|0
S|GIPOR|40427139|14606944| |TF|0|0|0|0|0|0|1|4000|0|0|0|0|0

P|PEVI2B|ALL|PEVIR|0|5
S|PEVIR|40281667|13994167| |IF|0|0|0|0|0|0|0|0|0|0|0|0|0
S|RI403|40268728|14361603| |TF|0|0|0|0|0|0|1|6000|0|0|0|0|0
S|RI402|40326464|14450811| |TF|0|0|0|0|0|0|1|6000|0|0|0|0|0
S|RI401|40384375|14540536| |TF|0|0|0|0|0|0|1|6000|0|0|0|0|0
S|GIPOR|40427139|14606944| |TF|0|0|0|0|0|0|1|4000|0|0|0|0|0

P|PEVI3F|ALL|PEVIR|0|3
S|PEVIR|40281667|13994167| |IF|0|0|0|0|0|0|0|0|0|0|0|0|0
S|DELER|40185000|14149167| |TF|0|0|0|0|0|0|0|0|0|1|0|0|0
S|GIPOR|40427139|14606944|PTC|CF|0|4600|1800|22610|2500|0|0|0|0|0|0|0|0

P|POLI2B|ALL|POLIT|0|5
S|POLIT|40146667|14833333| |IF|0|0|0|0|0|0|0|0|0|0|0|0|0
S|RI406|40207858|14581361| |TF|0|0|0|0|0|0|0|0|0|0|0|0|0
S|RI402|40326464|14450811| |TF|0|0|0|0|0|0|1|6000|0|0|0|0|0
S|RI401|40384375|14540536| |TF|0|0|0|0|0|0|1|6000|0|0|0|0|0
S|GIPOR|40427139|14606944| |TF|0|0|0|0|0|0|1|4000|0|0|0|0|0

P|POLI4F|ALL|POLIT|0|3
S|POLIT|40146667|14833333| |IF|0|0|0|0|0|0|0|0|0|0|0|0|0
S|D135Q|40364081|14585836| |TF|0|0|0|0|0|0|0|0|0|1|0|0|0
S|GIPOR|40427139|14606944|PTC|CF|2|4600|1800|22610|300|0|0|0|0|0|0|0|0

P|SOR2B|ALL|SOR|0|5
S|SOR|40582444|14335028| |IF|0|0|0|0|0|0|0|0|0|0|0|0|0
S|RI407|40454539|14309133| |TF|0|0|0|0|0|0|1|6000|0|0|0|0|0
S|RI402|40326464|14450811| |TF|0|0|0|0|0|0|1|6000|0|0|0|0|0
S|RI401|40384375|14540536| |TF|0|0|0|0|0|0|1|6000|0|0|0|0|0
S|GIPOR|40427139|14606944| |TF|0|0|0|0|0|0|1|4000|0|0|0|0|0

P|SOR4F|ALL|SOR|0|3
S|SOR|40582444|14335028| |IF|0|0|0|0|0|0|0|0|0|0|0|0|0
S| |91000000|181000000|SOR|CD|0|15400|0|0|1300|0|0|0|0|0|0|0|0
S|GIPOR|40427139|14606944|PTC|CF|1|4600|1800|22610|600|0|0|0|0|0|0|0|0

P|VARA2B|ALL|VARAL|0|6
S|VARAL|40014167|14641389| |IF|0|0|0|0|0|0|0|0|0|0|0|0|0
S|RI405|40117008|14529058| |TF|0|0|0|0|0|0|1|11000|0|0|0|0|0
S|RI403|40268728|14361603| |TF|0|0|0|0|0|0|1|6000|0|0|0|0|0
S|RI402|40326464|14450811| |TF|0|0|0|0|0|0|1|6000|0|0|0|0|0
S|RI401|40384375|14540536| |TF|0|0|0|0|0|0|1|6000|0|0|0|0|0
S|GIPOR|40427139|14606944| |TF|0|0|0|0|0|0|1|4000|0|0|0|0|0

P|VARA4F|ALL|VARAL|0|3
S|VARAL|40014167|14641389| |IF|0|0|0|0|0|0|0|0|0|0|0|0|0
S| |91000000|181000000|SOR|CD|0|33400|0|0|1800|0|0|0|0|0|0|0|0
S|GIPOR|40427139|14606944|PTC|CF|0|4600|1800|22610|800|0|0|0|0|0|0|0|0

