P|AKUT1G|05|AKUTO|0|4
S|AKUTO|43463889|10735833| |IF|0|0|0|0|0|0|0|0|0|0|0|0|0
S| |91000000|181000000| |VI|0|1400|0|0|0|0|0|0|0|0|0|0|0
S|D224W|43551597|10810044|PRT|CF|0|4400|2300|22380|400|0|0|0|0|0|0|0|0
S|GONGA|43607222|10893694| |TF|0|0|0|0|0|0|0|0|0|0|0|0|0

P|BIKT1G|05|BIKTU|0|3
S|BIKTU|44002222|11539167| |IF|0|0|0|0|0|0|0|0|0|0|0|0|0
S|D048L|43933525|11417783| |TF|0|0|0|0|0|0|0|0|0|0|0|0|0
S|PRT|43809833|11200500| |TF|0|0|0|0|0|0|0|0|0|0|0|0|0

P|BIKT1V|05|BIKTU|0|11
S|BIKTU|44002222|11539167| |IF|0|0|0|0|0|250|3|18000|13000|0|0|0|0
S|RQ759|43826500|11388806| |TF|0|0|0|0|0|250|1|11000|0|0|0|0|0
S|RQ454|43755583|11328417| |TF|0|0|0|0|0|250|1|6000|0|0|0|0|0
S|RQ449|43700194|11242528| |TF|0|0|0|0|0|250|1|6000|0|0|0|0|0
S|IMMAF|43644722|11156944| |TF|0|0|0|0|0|210|1|6000|0|0|0|0|0
S|RQ439|43588861|11071694| |TF|0|0|0|0|0|210|1|4000|0|0|0|0|0
S|RQ434|43532806|10985556| |TF|0|0|0|0|0|210|1|4000|0|0|0|0|0
S|RQ429|43477111|10900333| |TF|0|0|0|0|0|210|1|4000|0|0|0|0|0
S|RQ423|43551500|10808417| |TF|0|0|0|0|0|210|1|4000|0|0|0|0|0
S|GONGA|43607222|10893694| |TF|0|0|0|0|0|190|1|4000|0|0|0|0|0
S|UTUVI|43663389|10979833| |TF|2|0|0|0|0|190|1|3000|0|0|0|0|0

P|GAPM1A|05|GAPMI|0|5
S|GAPMI|44061944|10530000| |IF|0|0|0|0|0|250|3|17000|13000|0|0|0|0
S|UPHOC|43887222|10855000| |TF|0|0|0|0|0|230|1|10000|0|0|0|0|0
S|RQ724|43681611|10801583| |TF|0|0|0|0|0|210|1|4000|0|0|0|0|0
S|GONGA|43607222|10893694| |TF|0|0|0|0|0|190|1|4000|0|0|0|0|0
S|UTUVI|43663389|10979833| |TF|0|0|0|0|0|190|1|3000|0|0|0|0|0

P|GAPM1G|05|GAPMI|0|3
S|GAPMI|44061944|10530000| |IF|0|0|0|0|0|0|0|0|0|0|0|0|0
S|D294R|43948808|10832886| |TF|0|0|0|0|0|0|0|0|0|0|0|0|0
S|PRT|43809833|11200500| |TF|0|0|0|0|0|0|0|0|0|0|0|0|0

P|GAPM1V|05|GAPMI|0|10
S|GAPMI|44061944|10530000| |IF|0|0|0|0|0|250|3|17000|13000|0|0|0|0
S|UPHOC|43887222|10855000| |TF|0|0|0|0|0|230|1|10000|0|0|0|0|0
S|RQ456|43793028|10972611| |TF|0|0|0|0|0|230|1|6000|0|0|0|0|0
S|IMMAF|43644722|11156944| |TF|0|0|0|0|0|210|1|6000|0|0|0|0|0
S|RQ439|43588861|11071694| |TF|0|0|0|0|0|210|1|4000|0|0|0|0|0
S|RQ434|43532806|10985556| |TF|0|0|0|0|0|210|1|4000|0|0|0|0|0
S|RQ429|43477111|10900333| |TF|0|0|0|0|0|210|1|4000|0|0|0|0|0
S|RQ423|43551500|10808417| |TF|0|0|0|0|0|210|1|4000|0|0|0|0|0
S|GONGA|43607222|10893694| |TF|0|0|0|0|0|190|1|4000|0|0|0|0|0
S|UTUVI|43663389|10979833| |TF|0|0|0|0|0|190|1|3000|0|0|0|0|0

P|GAVR1G|05|GAVRA|0|3
S|GAVRA|43776111|11824722| |IF|0|0|0|0|0|0|0|0|0|0|0|0|0
S|D090J|43797831|11430053| |TF|0|0|0|0|0|0|0|0|0|0|0|0|0
S|PRT|43809833|11200500| |TF|0|0|0|0|0|0|0|0|0|0|0|0|0

P|GAVR1V|05|GAVRA|0|11
S|GAVRA|43776111|11824722| |IF|0|0|0|0|0|250|3|18000|13000|0|0|0|0
S|RQ459|43760556|11443194| |TF|0|0|0|0|0|250|1|11000|0|0|0|0|0
S|RQ454|43755583|11328417| |TF|0|0|0|0|0|250|1|6000|0|0|0|0|0
S|RQ449|43700194|11242528| |TF|0|0|0|0|0|250|1|6000|0|0|0|0|0
S|IMMAF|43644722|11156944| |TF|0|0|0|0|0|210|1|6000|0|0|0|0|0
S|RQ439|43588861|11071694| |TF|0|0|0|0|0|210|1|4000|0|0|0|0|0
S|RQ434|43532806|10985556| |TF|0|0|0|0|0|210|1|4000|0|0|0|0|0
S|RQ429|43477111|10900333| |TF|0|0|0|0|0|210|1|4000|0|0|0|0|0
S|RQ423|43551500|10808417| |TF|0|0|0|0|0|210|1|4000|0|0|0|0|0
S|GONGA|43607222|10893694| |TF|0|0|0|0|0|190|1|4000|0|0|0|0|0
S|UTUVI|43663389|10979833| |TF|0|0|0|0|0|190|1|3000|0|0|0|0|0

P|IBRI1G|05|IBRID|0|3
S|IBRID|43477778|11417500| |IF|0|0|0|0|0|0|0|0|0|0|0|0|0
S|D151M|43614114|11328725| |TF|0|0|0|0|0|0|0|0|0|0|0|0|0
S|PRT|43809833|11200500| |TF|0|0|0|0|0|0|0|0|0|0|0|0|0

P|IBRI1V|05|IBRID|0|10
S|IBRID|43477778|11417500| |IF|0|0|0|0|0|250|3|16000|12000|0|0|0|0
S|RQ754|43534667|11329028| |TF|0|0|0|0|0|250|1|11000|0|0|0|0|0
S|RQ749|43589722|11243000| |TF|0|0|0|0|0|250|1|6000|0|0|0|0|0
S|IMMAF|43644722|11156944| |TF|0|0|0|0|0|210|1|6000|0|0|0|0|0
S|RQ439|43588861|11071694| |TF|0|0|0|0|0|210|1|4000|0|0|0|0|0
S|RQ434|43532806|10985556| |TF|0|0|0|0|0|210|1|4000|0|0|0|0|0
S|RQ429|43477111|10900333| |TF|0|0|0|0|0|210|1|4000|0|0|0|0|0
S|RQ423|43551500|10808417| |TF|0|0|0|0|0|210|1|4000|0|0|0|0|0
S|GONGA|43607222|10893694| |TF|0|0|0|0|0|190|1|4000|0|0|0|0|0
S|UTUVI|43663389|10979833| |TF|0|0|0|0|0|190|1|3000|0|0|0|0|0

P|IRZE1A|05|IRZEC|0|7
S|IRZEC|43560333|11224500| |IF|0|0|0|0|0|190|1|4000|0|0|0|0|0
S|RQ439|43588861|11071694| |TF|0|0|0|0|0|210|1|4000|0|0|0|0|0
S|RQ434|43532806|10985556| |TF|0|0|0|0|0|210|1|4000|0|0|0|0|0
S|RQ429|43477111|10900333| |TF|0|0|0|0|0|210|1|4000|0|0|0|0|0
S|RQ423|43551500|10808417| |TF|0|0|0|0|0|210|1|4000|0|0|0|0|0
S|GONGA|43607222|10893694| |TF|0|0|0|0|0|190|1|4000|0|0|0|0|0
S|UTUVI|43663389|10979833| |TF|0|0|0|0|0|190|1|3000|0|0|0|0|0

P|LOME1A|05|LOMED|0|5
S|LOMED|44027222|11003333| |IF|0|0|0|0|0|250|1|11000|0|0|0|0|0
S|UPHOC|43887222|10855000| |TF|0|0|0|0|0|230|1|10000|0|0|0|0|0
S|RQ724|43681611|10801583| |TF|0|0|0|0|0|210|1|4000|0|0|0|0|0
S|GONGA|43607222|10893694| |TF|0|0|0|0|0|190|1|4000|0|0|0|0|0
S|UTUVI|43663389|10979833| |TF|0|0|0|0|0|190|1|3000|0|0|0|0|0

P|LOME1C|05|LOMED|0|10
S|LOMED|44027222|11003333| |IF|0|0|0|0|0|250|1|11000|0|0|0|0|0
S|UPHOC|43887222|10855000| |TF|0|0|0|0|0|230|1|10000|0|0|0|0|0
S|RQ456|43793028|10972611| |TF|0|0|0|0|0|230|1|6000|0|0|0|0|0
S|IMMAF|43644722|11156944| |TF|0|0|0|0|0|210|1|6000|0|0|0|0|0
S|RQ439|43588861|11071694| |TF|0|0|0|0|0|210|1|4000|0|0|0|0|0
S|RQ434|43532806|10985556| |TF|0|0|0|0|0|210|1|4000|0|0|0|0|0
S|RQ429|43477111|10900333| |TF|0|0|0|0|0|210|1|4000|0|0|0|0|0
S|RQ423|43551500|10808417| |TF|0|0|0|0|0|210|1|4000|0|0|0|0|0
S|GONGA|43607222|10893694| |TF|0|0|0|0|0|190|1|4000|0|0|0|0|0
S|UTUVI|43663389|10979833| |TF|0|0|0|0|0|190|1|3000|0|0|0|0|0

P|LOME1G|05|LOMED|0|3
S|LOMED|44027222|11003333| |IF|0|0|0|0|0|0|0|0|0|0|0|0|0
S|D323J|43949267|11074236| |TF|0|0|0|0|0|0|0|0|0|0|0|0|0
S|PRT|43809833|11200500| |TF|0|0|0|0|0|0|0|0|0|0|0|0|0

P|MARE1V|05|MAREL|0|6
S|MAREL|43281944|10651389| |IF|0|0|0|0|0|250|3|16000|12000|0|0|0|0
S|RQ433|43393500|10703139| |TF|0|0|0|0|0|230|1|11000|0|0|0|0|0
S|AKUTO|43463889|10735833| |TF|0|0|0|0|0|230|1|6000|0|0|0|0|0
S|RQ423|43551500|10808417| |TF|0|0|0|0|0|210|1|4000|0|0|0|0|0
S|GONGA|43607222|10893694| |TF|0|0|0|0|0|190|1|4000|0|0|0|0|0
S|UTUVI|43663389|10979833| |TF|0|0|0|0|0|190|1|3000|0|0|0|0|0

P|PIS1G|05|PIS|0|3
S|PIS|43676583|10391556| |IF|0|0|0|0|0|0|0|0|0|0|0|0|0
S|D097O|43630103|10729914| |TF|0|0|0|0|0|0|0|0|0|0|0|0|0
S|GONGA|43607222|10893694| |TF|0|0|0|0|0|0|0|0|0|0|0|0|0

