P|GITO1C|01|GITOD|0|3
S|GITOD|42800347|12310700| |IF|0|0|0|0|0|250|1|5500|0|0|0|0|0
S|RZ403|42869028|12387694| |TF|0|0|0|0|0|210|1|5500|0|0|0|0|0
S|DERUX|42929167|12455278| |TF|0|0|0|0|0|185|1|5500|0|0|0|0|0

P|GITO3B|01|GITOD|0|3
S|GITOD|42800347|12310700| |IF|0|0|0|0|0|0|0|0|0|0|0|0|0
S|D190M|42890506|12445586| |TF|0|0|0|0|0|0|0|0|0|0|0|0|0
S|DERUX|42929167|12455278| |TF|0|0|0|0|0|0|0|0|0|0|0|0|0

P|KATA1C|01|KATAR|0|5
S|KATAR|43051667|12677778| |IF|0|0|0|0|0|250|1|6000|0|0|0|0|0
S|PRU|43101694|12511889| |TF|0|0|0|0|0|250|1|6000|0|0|0|0|0
S|RZ402|42934861|12279083| |TF|0|0|0|0|0|210|1|5500|0|0|0|0|0
S|RZ403|42869028|12387694| |TF|1|0|0|0|0|210|1|5500|0|0|0|0|0
S|DERUX|42929167|12455278| |TF|0|0|0|0|0|185|1|5500|0|0|0|0|0

P|KATA1D|01|KATAR|0|2
S|KATAR|43051667|12677778| |IF|0|0|0|0|0|250|1|6000|0|0|0|0|0
S|PRU|43101694|12511889| |TF|0|0|0|0|0|250|1|6000|0|0|0|0|0

P|KATA2A|01|KATAR|0|2
S|KATAR|43051667|12677778| |IF|0|0|0|0|0|0|0|0|0|0|0|0|0
S|PRU|43101694|12511889| |TF|0|0|0|0|0|0|0|0|0|0|0|0|0

P|KATA4H|01|KATAR|0|7
S|KATAR|43051667|12677778| |IF|0|0|0|0|0|0|0|0|0|0|0|0|0
S|PRU|43101694|12511889| |TF|0|0|0|0|0|0|0|0|0|0|0|0|0
S|D223M|42950950|12299661| |TF|0|0|0|0|0|0|0|0|0|0|0|0|0
S| |91000000|181000000| |CI|0|22300|0|0|0|0|0|0|0|0|0|0|0
S|D200O|42871431|12379047|PRU|AF|1|22300|1500|20000|0|0|0|0|0|0|0|0|0
S|D190M|42890506|12445586|PRU|CF|0|1000|1300|19000|100|0|0|0|0|0|0|0|0
S|DERUX|42929167|12455278| |TF|0|0|0|0|0|0|0|0|0|0|0|0|0

P|LAKO1C|01|LAKOX|0|6
S|LAKOX|43155556|12108889| |IF|0|0|0|0|0|250|1|9000|0|0|0|0|0
S|RZ401|43146639|12175972| |TF|0|0|0|0|0|250|1|9000|0|0|0|0|0
S|RETKU|43026389|12234722| |TF|0|0|0|0|0|250|1|9000|0|0|0|0|0
S|RZ402|42934861|12279083| |TF|0|0|0|0|0|250|1|5500|0|0|0|0|0
S|RZ403|42869028|12387694| |TF|0|0|0|0|0|210|1|5500|0|0|0|0|0
S|DERUX|42929167|12455278| |TF|0|0|0|0|0|185|1|5500|0|0|0|0|0

P|LAKO1D|01|LAKOX|0|2
S|LAKOX|43155556|12108889| |IF|0|0|0|0|0|250|1|6000|0|0|0|0|0
S|PRU|43101694|12511889| |TF|0|0|0|0|0|250|1|6000|0|0|0|0|0

P|LAKO2A|01|LAKOX|0|2
S|LAKOX|43155556|12108889| |IF|0|0|0|0|0|0|0|0|0|0|0|0|0
S|PRU|43101694|12511889| |TF|0|0|0|0|0|0|0|0|0|0|0|0|0

P|LAKO3B|01|LAKOX|0|6
S|LAKOX|43155556|12108889| |IF|0|0|0|0|0|0|0|0|0|0|0|0|0
S| |91000000|181000000| |CI|0|9700|0|0|0|0|0|0|0|0|0|0|0
S|D233O|42961511|12229617|PRU|AF|1|27700|1500|23300|0|0|0|0|0|0|0|0|0
S|D200O|42871431|12379047|PRU|AF|1|23300|1500|20000|0|0|0|0|0|0|0|0|0
S|D190M|42890506|12445586|PRU|CF|0|1000|1300|19000|100|0|0|0|0|0|0|0|0
S|DERUX|42929167|12455278| |TF|0|0|0|0|0|0|0|0|0|0|0|0|0

P|PRU1C|01|PRU|0|4
S|PRU|43101694|12511889| |IF|0|0|0|0|0|250|1|6000|0|0|0|0|0
S|RZ402|42934861|12279083| |TF|0|0|0|0|0|210|1|5500|0|0|0|0|0
S|RZ403|42869028|12387694| |TF|1|0|0|0|0|210|1|5500|0|0|0|0|0
S|DERUX|42929167|12455278| |TF|0|0|0|0|0|185|1|5500|0|0|0|0|0

P|RETK1D|01|RETKU|0|4
S|RETKU|43026389|12234722| |IF|0|0|0|0|0|210|1|5500|0|0|0|0|0
S|RZ402|42934861|12279083| |TF|0|0|0|0|0|210|1|5500|0|0|0|0|0
S|RZ403|42869028|12387694| |TF|0|0|0|0|0|210|1|5500|0|0|0|0|0
S|DERUX|42929167|12455278| |TF|0|0|0|0|0|185|1|5500|0|0|0|0|0

P|RETK3B|01|RETKU|0|6
S|RETKU|43026389|12234722| |IF|0|0|0|0|0|0|0|0|0|0|0|0|0
S| |91000000|181000000| |CI|0|24600|0|0|0|0|0|0|0|0|0|0|0
S|D233O|42961511|12229617|PRU|AF|1|24600|1500|23300|0|0|0|0|0|0|0|0|0
S|D200O|42871431|12379047|PRU|AF|1|23300|1500|20000|0|0|0|0|0|0|0|0|0
S|D190M|42890506|12445586|PRU|CF|0|1000|1300|19000|100|0|0|0|0|0|0|0|0
S|DERUX|42929167|12455278| |TF|0|0|0|0|0|0|0|0|0|0|0|0|0

