P|BREN3A|ALL|BRENO|0|4
S|BRENO|46980000|11376667| |IF|0|0|0|0|0|0|1|14000|0|0|0|0|0
S|LIZUM|47115069|11756036| |TF|0|0|0|0|0|0|1|14000|0|0|0|0|0
S|UMVEG|47211619|11896572| |TF|0|0|0|0|0|0|1|12000|0|0|0|0|0
S|RTT|47430922|11940053| |TF|0|0|0|0|0|0|1|9500|0|0|0|0|0

P|BREN4B|ALL|BRENO|0|3
S|BRENO|46980000|11376667| |IF|0|0|0|0|0|0|1|14000|0|0|0|0|0
S|BILDU|47170444|10661781| |TF|0|0|0|0|0|0|1|14000|0|0|0|0|0
S|ELMEM|47285633|10570739| |TF|0|0|0|0|0|0|1|13000|0|0|0|0|0

P|ELME1A|ALL|ELMEM|0|5
S|ELMEM|47285633|10570739| |IF|0|0|0|0|0|0|1|14000|0|0|0|0|0
S|WI601|47034444|11528889| |TF|0|0|0|0|0|0|1|14000|0|0|0|0|0
S|LIZUM|47115069|11756036| |TF|0|0|0|0|0|0|1|14000|0|0|0|0|0
S|UMVEG|47211619|11896572| |TF|0|0|0|0|0|0|1|12000|0|0|0|0|0
S|RTT|47430922|11940053| |TF|0|0|0|0|0|0|1|9500|0|0|0|0|0

P|MADE1B|ALL|MADEB|0|2
S|MADEB|47324375|10288886| |IF|0|0|0|0|0|0|1|13000|0|0|0|0|0
S|ELMEM|47285633|10570739| |TF|0|0|0|0|0|0|1|13000|0|0|0|0|0

P|NANI2A|ALL|NANIT|0|2
S|NANIT|47393019|12346436| |IF|0|0|0|0|0|0|1|15000|0|0|0|0|0
S|RTT|47430922|11940053| |TF|0|0|0|0|0|0|1|9500|0|0|0|0|0

P|RTT1B|ALL|RTT|0|2
S|RTT|47430922|11940053| |IF|0|0|0|0|0|0|1|13000|0|0|0|0|0
S|ELMEM|47285633|10570739| |TF|0|0|0|0|0|0|1|13000|0|0|0|0|0

P|SBG3A|ALL|SBG|0|2
S|SBG|48002583|12892761| |IF|0|0|0|0|0|0|1|9500|0|0|0|0|0
S|RTT|47430922|11940053| |TF|0|0|0|0|0|0|1|9500|0|0|0|0|0

P|TULS3A|ALL|TULSI|0|2
S|TULSI|47701608|11788758| |IF|0|0|0|0|0|0|1|9500|0|0|0|0|0
S|RTT|47430922|11940053| |TF|0|0|0|0|0|0|1|9500|0|0|0|0|0

P|XEBI1B|ALL|XEBIX|0|2
S|XEBIX|47400011|10479875| |IF|0|0|0|0|0|0|1|13000|0|0|0|0|0
S|ELMEM|47285633|10570739| |TF|0|0|0|0|0|0|1|13000|0|0|0|0|0

