P|ARPU3E|ALL|ARPUS|0|6
S|ARPUS|47672583|6665778| |IF|0|0|0|0|0|0|0|0|0|0|0|0|0
S|HR|47561667|6732250| |TF|0|0|0|0|0|0|1|9000|0|0|0|0|0
S|ARNOT|47402222|6920000| |TF|0|0|0|0|0|0|2|9000|0|0|0|0|0
S|DEKAM|47240056|7112639| |TF|0|0|0|0|0|150|1|7000|0|0|0|0|0
S|BOMEC|47180667|6990806| |TF|2|0|0|0|0|0|1|7000|0|0|0|0|0
S|PALLU|47083444|6793250| |TF|0|0|0|0|0|0|1|7000|0|1|0|0|0

P|DEKA3R|ALL|DEKAM|0|3
S|DEKAM|47240056|7112639| |IF|0|0|0|0|0|0|0|0|0|0|0|0|0
S|BOMEC|47180667|6990806| |TF|0|0|0|0|0|0|1|7000|0|0|0|0|0
S|PALLU|47083444|6793250| |TF|0|0|0|0|0|0|1|7000|0|0|0|0|0

P|FRIB1R|ALL|FRIBU|0|2
S|FRIBU|46777583|7223500| |IF|0|0|0|0|0|0|0|0|0|0|0|0|0
S|PALLU|47083444|6793250| |TF|0|0|0|0|0|0|1|11000|0|0|0|0|0

P|SAPR1R|ALL|SAPRE|0|3
S|SAPRE|46468694|6448056| |IF|0|0|0|0|0|0|0|0|0|0|0|0|0
S|FLORY|46908667|6585028| |TF|0|0|0|0|0|0|0|0|0|0|0|0|0
S|PALLU|47083444|6793250| |TF|0|0|0|0|0|0|1|11000|0|0|0|0|0

