P|EKLI5P|ALL|EKLIB|0|4
S|EKLIB|45895000|9954444| |IF|0|0|0|0|0|0|0|0|0|0|0|0|0
S|BRL|45673056|9681694| |TF|0|0|0|0|0|0|0|0|0|0|0|0|0
S|BRL29|45831150|9029414| |TF|0|0|0|0|0|0|0|0|0|0|0|0|0
S|PINIK|45874100|8848858| |TF|0|0|0|0|0|0|0|0|0|0|0|0|0

P|LEGL5P|ALL|LEGLO|0|4
S|LEGLO|45650278|9769444| |IF|0|0|0|0|0|0|0|0|0|0|0|0|0
S|BRL|45673056|9681694| |TF|0|0|0|0|0|0|0|0|0|0|0|0|0
S|BRL29|45831150|9029414| |TF|0|0|0|0|0|0|0|0|0|0|0|0|0
S|PINIK|45874100|8848858| |TF|0|0|0|0|0|0|0|0|0|0|0|0|0

P|LUSI7L|ALL|LUSIL|0|4
S|LUSIL|46043056|10116667| |IF|0|0|0|0|0|0|1|14000|0|0|0|0|0
S|BRL|45673056|9681694| |TF|0|0|0|0|0|0|1|12000|0|0|0|0|0
S|LUGAN|46003611|8910278| |TF|0|0|0|0|0|0|1|11000|0|0|0|0|0
S|CALDO|45909222|8864139| |TF|0|0|0|0|0|0|0|0|0|0|0|0|0

P|LUSI7P|ALL|LUSIL|0|5
S|LUSIL|46043056|10116667| |IF|0|0|0|0|0|0|1|14000|0|0|0|0|0
S|BRL|45673056|9681694| |TF|0|0|0|0|0|0|1|12000|0|0|0|0|0
S|ZA631|45805000|9144722| |TF|0|0|0|0|0|0|1|10000|0|0|0|0|0
S|ZA632|45841944|8986389| |TF|0|0|0|0|0|0|1|8000|0|0|0|0|0
S|PINIK|45874100|8848858| |TF|0|0|0|0|0|0|1|6000|0|0|0|0|0

P|ODIN8L|ALL|ODINA|0|5
S|ODINA|46104403|8664925| |IF|0|0|0|0|0|0|0|0|0|0|0|0|0
S|BRL42|46037011|8826244| |TF|0|0|0|0|0|0|0|0|0|0|0|0|0
S|LUGAN|46003611|8910278| |TF|0|0|0|0|0|0|0|0|0|0|0|0|0
S|D017T|45956492|8887356| |TF|0|0|0|0|0|0|0|0|0|0|0|0|0
S|CALDO|45909222|8864139| |TF|0|0|0|0|0|0|0|0|0|0|0|0|0

P|ORI7L|ALL|ORI|0|4
S|ORI|45643778|9841667| |IF|0|0|0|0|0|0|0|0|0|0|0|0|0
S|BRL|45673056|9681694| |TF|0|0|0|0|0|0|1|12000|0|0|0|0|0
S|LUGAN|46003611|8910278| |TF|0|0|0|0|0|0|1|11000|0|0|0|0|0
S|CALDO|45909222|8864139| |TF|0|0|0|0|0|0|0|0|0|0|0|0|0

P|ORI7P|ALL|ORI|0|5
S|ORI|45643778|9841667| |IF|0|0|0|0|0|0|0|0|0|0|0|0|0
S|BRL|45673056|9681694| |TF|0|0|0|0|0|0|1|12000|0|0|0|0|0
S|ZA631|45805000|9144722| |TF|0|0|0|0|0|0|1|10000|0|0|0|0|0
S|ZA632|45841944|8986389| |TF|0|0|0|0|0|0|1|8000|0|0|0|0|0
S|PINIK|45874100|8848858| |TF|0|0|0|0|0|0|1|6000|0|0|0|0|0

P|SRN5F|ALL|SRN|0|3
S|SRN|45645972|9021583| |IF|0|0|0|0|0|0|0|0|0|0|0|0|0
S|SULUR|45749167|8943333| |TF|0|0|0|0|0|0|0|0|0|0|0|0|0
S|PINIK|45874100|8848858| |TF|0|0|0|0|0|0|0|0|0|0|0|0|0

P|SRN6L|ALL|SRN|0|3
S|SRN|45645972|9021583| |IF|0|0|0|0|0|0|1|6000|0|0|0|0|0
S|SULUR|45749167|8943333| |TF|0|0|0|0|0|0|0|0|0|0|0|0|0
S|PINIK|45874100|8848858| |TF|0|0|0|0|0|0|1|6000|0|0|0|0|0

P|TOP6L|ALL|TOP|0|4
S|TOP|44925417|7861667| |IF|0|0|0|0|0|0|1|9000|0|0|0|0|0
S|VOG|44964583|8970194| |TF|0|0|0|0|0|0|1|9000|0|0|0|0|0
S|MMP|45640778|8734833| |TF|0|0|0|0|0|0|1|6000|0|0|0|0|0
S|PINIK|45874100|8848858| |TF|0|0|0|0|0|0|1|6000|0|0|0|0|0

P|VOG6L|ALL|VOG|0|3
S|VOG|44964583|8970194| |IF|0|0|0|0|0|0|1|9000|0|0|0|0|0
S|MMP|45640778|8734833| |TF|0|0|0|0|0|0|1|6000|0|0|0|0|0
S|PINIK|45874100|8848858| |TF|0|0|0|0|0|0|1|6000|0|0|0|0|0

