P|FRIB1M|ALL|FRIBU|0|3
S|FRIBU|46777583|7223500| |IF|0|0|0|0|0|0|0|0|0|0|0|0|0
S|AMRID|46934833|7325778| |TF|0|0|0|0|0|0|1|8000|0|0|0|0|0
S|BIRKI|47012944|7376333| |TF|0|0|0|0|0|0|1|4000|0|0|0|0|0

P|MONI4M|ALL|MONIN|0|8
S|MONIN|46684278|7988417| |IF|0|0|0|0|0|0|0|0|0|0|0|0|0
S|ZB651|46785861|7811917| |TF|0|0|0|0|0|0|1|11000|0|0|0|0|0
S|ZB652|46865889|7672083| |TF|0|0|0|0|0|0|1|8000|0|0|0|0|0
S|ZB653|46955250|7606750| |TF|0|0|0|0|0|0|0|0|0|0|0|0|0
S|KOPPI|47104167|7431944| |TF|0|0|0|0|0|0|1|6000|0|0|0|0|0
S|LARDO|47092833|7360667| |TF|0|0|0|0|0|210|0|0|0|0|0|0|0
S|ZB696|47051250|7329389| |TF|0|0|0|0|0|0|0|0|0|0|0|0|0
S|BIRKI|47012944|7376333| |TF|0|0|0|0|0|0|1|4000|0|0|0|0|0

P|ROTO4M|ALL|ROTOS|0|6
S|ROTOS|47189889|7725167| |IF|0|0|0|0|0|0|0|0|0|0|0|0|0
S|BELAR|47125000|7563889| |TF|0|0|0|0|0|0|0|0|0|0|0|0|0
S|KOPPI|47104167|7431944| |TF|0|0|0|0|0|0|1|6000|0|0|0|0|0
S|LARDO|47092833|7360667| |TF|0|0|0|0|0|210|0|0|0|0|0|0|0
S|ZB696|47051250|7329389| |TF|0|0|0|0|0|0|0|0|0|0|0|0|0
S|BIRKI|47012944|7376333| |TF|0|0|0|0|0|0|1|4000|0|0|0|0|0

P|TELN4M|ALL|TELNO|0|6
S|TELNO|46771972|7270806| |IF|0|0|0|0|0|0|0|0|0|0|0|0|0
S|KORED|46850556|7414167| |TF|0|0|0|0|0|0|1|8000|0|0|0|0|0
S|AMRID|46934833|7325778| |TF|0|0|0|0|0|0|0|0|0|0|0|0|0
S|ZB694|47002417|7244361| |TF|0|0|0|0|0|210|1|5000|0|0|0|0|0
S|ZB696|47051250|7329389| |TF|0|0|0|0|0|0|0|0|0|0|0|0|0
S|BIRKI|47012944|7376333| |TF|0|0|0|0|0|0|1|4000|0|0|0|0|0

