P|HISA1S|01L|HISAR|0|5
S|HISAR|38115556|31541111| |IF|0|0|0|0|0|0|0|0|0|0|0|0|0
S|KNY30|38070547|31938717| |TF|0|0|0|0|0|0|0|0|0|0|0|0|0
S|PENON|38046389|32147222| |TF|0|0|0|0|0|0|0|0|0|0|0|0|0
S|D273E|38009392|32460450| |TF|0|0|0|0|0|0|0|0|0|0|0|0|0
S|KNY|37996889|32564694| |TF|0|0|0|0|0|0|0|0|0|0|0|0|0

P|HISA1S|01R|HISAR|0|5
S|HISAR|38115556|31541111| |IF|0|0|0|0|0|0|0|0|0|0|0|0|0
S|KNY30|38070547|31938717| |TF|0|0|0|0|0|0|0|0|0|0|0|0|0
S|PENON|38046389|32147222| |TF|0|0|0|0|0|0|0|0|0|0|0|0|0
S|D273E|38009392|32460450| |TF|0|0|0|0|0|0|0|0|0|0|0|0|0
S|KNY|37996889|32564694| |TF|0|0|0|0|0|0|0|0|0|0|0|0|0

P|HISA1T|01L|HISAR|0|4
S|HISAR|38115556|31541111| |IF|0|0|0|0|0|0|0|0|0|0|0|0|0
S|KNY30|38070547|31938717| |TF|0|0|0|0|0|0|0|0|0|0|0|0|0
S|PENON|38046389|32147222| |TF|0|0|0|0|0|0|0|0|0|0|0|0|0
S|LUMOS|37672500|32464167| |TF|0|0|0|0|0|0|0|0|0|0|0|0|0

P|HISA1T|01R|HISAR|0|4
S|HISAR|38115556|31541111| |IF|0|0|0|0|0|0|0|0|0|0|0|0|0
S|KNY30|38070547|31938717| |TF|0|0|0|0|0|0|0|0|0|0|0|0|0
S|PENON|38046389|32147222| |TF|0|0|0|0|0|0|0|0|0|0|0|0|0
S|LUMOS|37672500|32464167| |TF|0|0|0|0|0|0|0|0|0|0|0|0|0

P|HISA1V|19L|HISAR|0|5
S|HISAR|38115556|31541111| |IF|0|0|0|0|0|0|0|0|0|0|0|0|0
S|KNY30|38070547|31938717| |TF|0|0|0|0|0|0|0|0|0|0|0|0|0
S|PENON|38046389|32147222| |TF|0|0|0|0|0|0|0|0|0|0|0|0|0
S|D273E|38009392|32460450| |TF|0|0|0|0|0|0|0|0|0|0|0|0|0
S|KNY|37996889|32564694| |TF|0|0|0|0|0|0|0|0|0|0|0|0|0

P|HISA1V|19R|HISAR|0|5
S|HISAR|38115556|31541111| |IF|0|0|0|0|0|0|0|0|0|0|0|0|0
S|KNY30|38070547|31938717| |TF|0|0|0|0|0|0|0|0|0|0|0|0|0
S|PENON|38046389|32147222| |TF|0|0|0|0|0|0|0|0|0|0|0|0|0
S|D273E|38009392|32460450| |TF|0|0|0|0|0|0|0|0|0|0|0|0|0
S|KNY|37996889|32564694| |TF|0|0|0|0|0|0|0|0|0|0|0|0|0

P|HISA1Y|19L|HISAR|0|6
S|HISAR|38115556|31541111| |IF|0|0|0|0|0|0|0|0|0|0|0|0|0
S|KNY30|38070547|31938717| |TF|0|0|0|0|0|0|0|0|0|0|0|0|0
S|PENON|38046389|32147222| |TF|0|0|0|0|0|0|0|0|0|0|0|0|0
S|D273E|38009392|32460450| |TF|0|0|0|0|0|0|0|0|0|0|0|0|0
S|KNY|37996889|32564694| |TF|0|0|0|0|0|0|0|0|0|0|0|0|0
S|GIPIR|38221944|32702500| |TF|0|0|0|0|0|0|0|0|0|0|0|0|0

P|HISA1Y|19R|HISAR|0|6
S|HISAR|38115556|31541111| |IF|0|0|0|0|0|0|0|0|0|0|0|0|0
S|KNY30|38070547|31938717| |TF|0|0|0|0|0|0|0|0|0|0|0|0|0
S|PENON|38046389|32147222| |TF|0|0|0|0|0|0|0|0|0|0|0|0|0
S|D273E|38009392|32460450| |TF|0|0|0|0|0|0|0|0|0|0|0|0|0
S|KNY|37996889|32564694| |TF|0|0|0|0|0|0|0|0|0|0|0|0|0
S|GIPIR|38221944|32702500| |TF|0|0|0|0|0|0|0|0|0|0|0|0|0

P|HISA1Z|19L|HISAR|0|4
S|HISAR|38115556|31541111| |IF|0|0|0|0|0|0|0|0|0|0|0|0|0
S|KNY30|38070547|31938717| |TF|0|0|0|0|0|0|0|0|0|0|0|0|0
S|PENON|38046389|32147222| |TF|0|0|0|0|0|0|0|0|0|0|0|0|0
S|GIPIR|38221944|32702500| |TF|0|0|0|0|0|0|0|0|0|0|0|0|0

P|HISA1Z|19R|HISAR|0|4
S|HISAR|38115556|31541111| |IF|0|0|0|0|0|0|0|0|0|0|0|0|0
S|KNY30|38070547|31938717| |TF|0|0|0|0|0|0|0|0|0|0|0|0|0
S|PENON|38046389|32147222| |TF|0|0|0|0|0|0|0|0|0|0|0|0|0
S|GIPIR|38221944|32702500| |TF|0|0|0|0|0|0|0|0|0|0|0|0|0

P|OBRU1S|01L|OBRUK|0|2
S|OBRUK|38023889|33118889| |IF|0|0|0|0|0|0|0|0|0|0|0|0|0
S|KNY|37996889|32564694| |TF|0|0|0|0|0|0|0|0|0|0|0|0|0

P|OBRU1S|01R|OBRUK|0|2
S|OBRUK|38023889|33118889| |IF|0|0|0|0|0|0|0|0|0|0|0|0|0
S|KNY|37996889|32564694| |TF|0|0|0|0|0|0|0|0|0|0|0|0|0

P|OBRU1T|01L|OBRUK|0|2
S|OBRUK|38023889|33118889| |IF|0|0|0|0|0|0|0|0|0|0|0|0|0
S|LUMOS|37672500|32464167| |TF|0|0|0|0|0|0|0|0|0|0|0|0|0

P|OBRU1T|01R|OBRUK|0|2
S|OBRUK|38023889|33118889| |IF|0|0|0|0|0|0|0|0|0|0|0|0|0
S|LUMOS|37672500|32464167| |TF|0|0|0|0|0|0|0|0|0|0|0|0|0

P|OBRU1V|19L|OBRUK|0|2
S|OBRUK|38023889|33118889| |IF|0|0|0|0|0|0|0|0|0|0|0|0|0
S|KNY|37996889|32564694| |TF|0|0|0|0|0|0|0|0|0|0|0|0|0

P|OBRU1V|19R|OBRUK|0|2
S|OBRUK|38023889|33118889| |IF|0|0|0|0|0|0|0|0|0|0|0|0|0
S|KNY|37996889|32564694| |TF|0|0|0|0|0|0|0|0|0|0|0|0|0

P|OBRU1Y|19L|OBRUK|0|2
S|OBRUK|38023889|33118889| |IF|0|0|0|0|0|0|0|0|0|0|0|0|0
S|GIPIR|38221944|32702500| |TF|0|0|0|0|0|0|0|0|0|0|0|0|0

P|OBRU1Y|19R|OBRUK|0|2
S|OBRUK|38023889|33118889| |IF|0|0|0|0|0|0|0|0|0|0|0|0|0
S|GIPIR|38221944|32702500| |TF|0|0|0|0|0|0|0|0|0|0|0|0|0

P|OKEL1S|01L|OKELI|0|3
S|OKELI|38728889|33016667| |IF|0|0|0|0|0|0|0|0|0|0|0|0|0
S|TUTUM|38348611|32780556| |TF|0|0|0|0|0|0|0|0|0|0|0|0|0
S|KNY|37996889|32564694| |TF|0|0|0|0|0|0|0|0|0|0|0|0|0

P|OKEL1S|01R|OKELI|0|3
S|OKELI|38728889|33016667| |IF|0|0|0|0|0|0|0|0|0|0|0|0|0
S|TUTUM|38348611|32780556| |TF|0|0|0|0|0|0|0|0|0|0|0|0|0
S|KNY|37996889|32564694| |TF|0|0|0|0|0|0|0|0|0|0|0|0|0

P|OKEL1T|01L|OKELI|0|4
S|OKELI|38728889|33016667| |IF|0|0|0|0|0|0|0|0|0|0|0|0|0
S|TUTUM|38348611|32780556| |TF|0|0|0|0|0|0|0|0|0|0|0|0|0
S|KNY|37996889|32564694| |TF|0|0|0|0|0|0|0|0|0|0|0|0|0
S|LUMOS|37672500|32464167| |TF|0|0|0|0|0|0|0|0|0|0|0|0|0

P|OKEL1T|01R|OKELI|0|4
S|OKELI|38728889|33016667| |IF|0|0|0|0|0|0|0|0|0|0|0|0|0
S|TUTUM|38348611|32780556| |TF|0|0|0|0|0|0|0|0|0|0|0|0|0
S|KNY|37996889|32564694| |TF|0|0|0|0|0|0|0|0|0|0|0|0|0
S|LUMOS|37672500|32464167| |TF|0|0|0|0|0|0|0|0|0|0|0|0|0

P|OKEL1V|19L|OKELI|0|3
S|OKELI|38728889|33016667| |IF|0|0|0|0|0|0|0|0|0|0|0|0|0
S|TUTUM|38348611|32780556| |TF|0|0|0|0|0|0|0|0|0|0|0|0|0
S|KNY|37996889|32564694| |TF|0|0|0|0|0|0|0|0|0|0|0|0|0

P|OKEL1V|19R|OKELI|0|3
S|OKELI|38728889|33016667| |IF|0|0|0|0|0|0|0|0|0|0|0|0|0
S|TUTUM|38348611|32780556| |TF|0|0|0|0|0|0|0|0|0|0|0|0|0
S|KNY|37996889|32564694| |TF|0|0|0|0|0|0|0|0|0|0|0|0|0

P|OKEL1Y|19L|OKELI|0|3
S|OKELI|38728889|33016667| |IF|0|0|0|0|0|0|0|0|0|0|0|0|0
S|TUTUM|38348611|32780556| |TF|0|0|0|0|0|0|0|0|0|0|0|0|0
S|GIPIR|38221944|32702500| |TF|0|0|0|0|0|0|0|0|0|0|0|0|0

P|OKEL1Y|19R|OKELI|0|3
S|OKELI|38728889|33016667| |IF|0|0|0|0|0|0|0|0|0|0|0|0|0
S|TUTUM|38348611|32780556| |TF|0|0|0|0|0|0|0|0|0|0|0|0|0
S|GIPIR|38221944|32702500| |TF|0|0|0|0|0|0|0|0|0|0|0|0|0

P|SEHI1S|01L|SEHIR|0|3
S|SEHIR|37651667|32203611| |IF|0|0|0|0|0|0|0|0|0|0|0|0|0
S|D214E|37932764|32497281| |TF|0|0|0|0|0|0|0|0|0|0|0|0|0
S|KNY|37996889|32564694| |TF|0|0|0|0|0|0|0|0|0|0|0|0|0

P|SEHI1S|01R|SEHIR|0|3
S|SEHIR|37651667|32203611| |IF|0|0|0|0|0|0|0|0|0|0|0|0|0
S|D214E|37932764|32497281| |TF|0|0|0|0|0|0|0|0|0|0|0|0|0
S|KNY|37996889|32564694| |TF|0|0|0|0|0|0|0|0|0|0|0|0|0

P|SEHI1T|01L|SEHIR|0|2
S|SEHIR|37651667|32203611| |IF|0|0|0|0|0|0|0|0|0|0|0|0|0
S|LUMOS|37672500|32464167| |TF|0|0|0|0|0|0|0|0|0|0|0|0|0

P|SEHI1T|01R|SEHIR|0|2
S|SEHIR|37651667|32203611| |IF|0|0|0|0|0|0|0|0|0|0|0|0|0
S|LUMOS|37672500|32464167| |TF|0|0|0|0|0|0|0|0|0|0|0|0|0

P|SEHI1V|19L|SEHIR|0|3
S|SEHIR|37651667|32203611| |IF|0|0|0|0|0|0|0|0|0|0|0|0|0
S|D214E|37932764|32497281| |TF|0|0|0|0|0|0|0|0|0|0|0|0|0
S|KNY|37996889|32564694| |TF|0|0|0|0|0|0|0|0|0|0|0|0|0

P|SEHI1V|19R|SEHIR|0|3
S|SEHIR|37651667|32203611| |IF|0|0|0|0|0|0|0|0|0|0|0|0|0
S|D214E|37932764|32497281| |TF|0|0|0|0|0|0|0|0|0|0|0|0|0
S|KNY|37996889|32564694| |TF|0|0|0|0|0|0|0|0|0|0|0|0|0

P|SEHI1Y|19L|SEHIR|0|4
S|SEHIR|37651667|32203611| |IF|0|0|0|0|0|0|0|0|0|0|0|0|0
S|D214E|37932764|32497281| |TF|0|0|0|0|0|0|0|0|0|0|0|0|0
S|KNY|37996889|32564694| |TF|0|0|0|0|0|0|0|0|0|0|0|0|0
S|GIPIR|38221944|32702500| |TF|0|0|0|0|0|0|0|0|0|0|0|0|0

P|SEHI1Y|19R|SEHIR|0|4
S|SEHIR|37651667|32203611| |IF|0|0|0|0|0|0|0|0|0|0|0|0|0
S|D214E|37932764|32497281| |TF|0|0|0|0|0|0|0|0|0|0|0|0|0
S|KNY|37996889|32564694| |TF|0|0|0|0|0|0|0|0|0|0|0|0|0
S|GIPIR|38221944|32702500| |TF|0|0|0|0|0|0|0|0|0|0|0|0|0

