P|ASKE1G|22R|ASKER|0|2
S|ASKER|38276944|38784722| |IF|0|0|0|0|0|0|1|12000|0|0|0|0|0
S|BEKVO|38394750|38670322| |TF|0|0|0|0|0|250|3|12000|10000|0|0|0|0

P|DIGI1G|22R|DIGIL|0|3
S|DIGIL|38195278|39077222| |IF|0|0|0|0|0|0|3|18000|12000|0|0|0|0
S|ASKER|38276944|38784722| |TF|0|0|0|0|0|0|1|12000|0|0|0|0|0
S|BEKVO|38394750|38670322| |TF|0|0|0|0|0|250|3|12000|10000|0|0|0|0

P|OKUD1G|22R|OKUDU|0|3
S|OKUDU|38501944|39014444| |IF|0|0|0|0|0|0|3|20000|12000|0|0|0|0
S|ASKER|38276944|38784722| |TF|0|0|0|0|0|0|1|12000|0|0|0|0|0
S|BEKVO|38394750|38670322| |TF|2|0|0|0|0|250|3|12000|10000|0|0|0|0

P|OKUD1H|22R|OKUDU|0|2
S|OKUDU|38501944|39014444| |IF|0|0|0|0|0|0|3|20000|12000|0|0|0|0
S|ROLMU|38609197|38607289| |TF|0|0|0|0|0|250|3|12000|10000|0|0|0|0

P|OKUD1K|22R|OKUDU|0|2
S|OKUDU|38501944|39014444| |IF|0|0|0|0|0|0|3|20000|12000|0|0|0|0
S|BEKVO|38394750|38670322| |TF|0|0|0|0|0|250|3|12000|10000|0|0|0|0

P|RASV1M|ALL|RASVA|0|3
S|RASVA|37498056|38007778| |IF|0|0|0|0|0|0|3|25500|13000|0|0|0|0
S|AO333|37870972|37942789| |TF|0|0|0|0|0|0|1|13000|0|0|0|0|0
S|EMPAV|38119711|37899122| |TF|0|0|0|0|0|250|3|13000|11000|0|0|0|0

P|RASV1N|ALL|RASVA|0|3
S|RASVA|37498056|38007778| |IF|0|0|0|0|0|0|3|25500|13000|0|0|0|0
S|SONSU|37879722|38386519| |TF|0|0|0|0|0|0|1|13000|0|0|0|0|0
S|EMPAV|38119711|37899122| |TF|1|0|0|0|0|250|3|13000|11000|0|0|0|0

P|RASV1P|22R|RASVA|0|3
S|RASVA|37498056|38007778| |IF|0|0|0|0|0|0|3|25500|13000|0|0|0|0
S|SONSU|37879722|38386519| |TF|0|0|0|0|0|0|1|13000|0|0|0|0|0
S|BEKVO|38394750|38670322| |TF|0|0|0|0|0|250|3|12000|10000|0|0|0|0

P|SONS1N|ALL|SONSU|0|2
S|SONSU|37879722|38386519| |IF|0|0|0|0|0|0|3|25500|13000|0|0|0|0
S|EMPAV|38119711|37899122| |TF|0|0|0|0|0|250|3|13000|11000|0|0|0|0

P|SONS1P|22R|SONSU|0|2
S|SONSU|37879722|38386519| |IF|0|0|0|0|0|0|1|13000|0|0|0|0|0
S|BEKVO|38394750|38670322| |TF|0|0|0|0|0|250|3|12000|10000|0|0|0|0

