P|ATVE1Q|05|ATVEP|0|10
S|ATVEP|41462222|26953611| |IF|0|0|0|0|0|0|2|23000|0|0|0|0|0
S|BA355|41191514|26946653| |TF|0|0|0|0|0|0|0|19000|0|0|0|0|0
S|BARPE|40926111|26978056| |TF|0|0|0|0|0|0|0|0|0|0|0|0|0
S|BA356|40821144|27165925| |TF|0|0|0|0|0|0|0|0|0|0|0|0|0
S|GUBUL|40738567|27312878| |TF|0|0|0|0|0|0|0|0|0|0|0|0|0
S|BA357|40713794|27557097| |TF|0|0|0|0|0|0|0|0|0|0|0|0|0
S|BA358|40711692|27786972| |TF|0|0|0|0|0|0|0|0|0|0|0|0|0
S|ABNIN|40781914|28248450| |TF|0|0|0|0|0|230|0|6000|0|0|0|0|0
S|TETPU|40836850|28489950| |TF|0|0|0|0|0|0|0|0|0|0|0|0|0
S|WISNE|40855539|28573222| |TF|0|0|0|0|0|0|0|3000|0|0|0|0|0

P|ATVE1R|23|ATVEP|0|12
S|ATVEP|41462222|26953611| |IF|0|0|0|0|0|0|0|0|0|0|0|0|0
S|ULMAR|41211111|27186944| |TF|0|0|0|0|0|0|2|27000|0|0|0|0|0
S|BA373|40984653|27406331| |TF|0|0|0|0|0|0|0|0|0|0|0|0|0
S|BA374|40847917|27602336| |TF|0|0|0|0|0|0|0|0|0|0|0|0|0
S|BA375|40902644|27924069| |TF|0|0|0|0|0|0|3|20000|19000|0|0|0|0
S|IRDED|40965592|28311769| |TF|0|0|0|0|0|0|0|0|0|0|0|0|0
S|ERWAZ|40999944|28527164| |TF|0|0|0|0|0|0|0|0|0|0|0|0|0
S|BA376|41032872|28736250| |TF|0|0|0|0|0|0|0|0|0|0|0|0|0
S|BA377|41058197|28903731| |TF|0|0|0|0|0|0|0|9000|0|0|0|0|0
S|BA378|40980528|29073500| |TF|0|0|0|0|0|0|0|0|0|0|0|0|0
S|BA360|41023708|29167519| |TF|0|0|0|0|0|0|0|0|0|0|0|0|0
S|IPSUD|41101683|29105092| |TF|0|0|0|0|0|200|0|4500|0|0|0|0|0

P|DRAM1Q|05|DRAMO|0|9
S|DRAMO|41034444|26611111| |IF|0|0|0|0|0|0|0|19000|0|0|0|0|0
S|BARPE|40926111|26978056| |TF|0|0|0|0|0|0|0|0|0|0|0|0|0
S|BA356|40821144|27165925| |TF|0|0|0|0|0|0|0|0|0|0|0|0|0
S|GUBUL|40738567|27312878| |TF|0|0|0|0|0|0|0|0|0|0|0|0|0
S|BA357|40713794|27557097| |TF|0|0|0|0|0|0|0|0|0|0|0|0|0
S|BA358|40711692|27786972| |TF|0|0|0|0|0|0|0|0|0|0|0|0|0
S|ABNIN|40781914|28248450| |TF|0|0|0|0|0|230|0|6000|0|0|0|0|0
S|TETPU|40836850|28489950| |TF|0|0|0|0|0|0|0|0|0|0|0|0|0
S|WISNE|40855539|28573222| |TF|0|0|0|0|0|0|0|3000|0|0|0|0|0

P|DRAM1R|23|DRAMO|0|12
S|DRAMO|41034444|26611111| |IF|0|0|0|0|0|0|0|0|0|0|0|0|0
S|BARPE|40926111|26978056| |TF|0|0|0|0|0|0|2|27000|0|0|0|0|0
S|BA373|40984653|27406331| |TF|0|0|0|0|0|0|0|0|0|0|0|0|0
S|BA374|40847917|27602336| |TF|0|0|0|0|0|0|0|0|0|0|0|0|0
S|BA375|40902644|27924069| |TF|0|0|0|0|0|0|3|20000|19000|0|0|0|0
S|IRDED|40965592|28311769| |TF|0|0|0|0|0|0|0|0|0|0|0|0|0
S|ERWAZ|40999944|28527164| |TF|0|0|0|0|0|0|0|0|0|0|0|0|0
S|BA376|41032872|28736250| |TF|0|0|0|0|0|0|0|0|0|0|0|0|0
S|BA377|41058197|28903731| |TF|0|0|0|0|0|0|0|9000|0|0|0|0|0
S|BA378|40980528|29073500| |TF|0|0|0|0|0|0|0|0|0|0|0|0|0
S|BA360|41023708|29167519| |TF|0|0|0|0|0|0|0|0|0|0|0|0|0
S|IPSUD|41101683|29105092| |TF|0|0|0|0|0|200|0|4500|0|0|0|0|0

P|GINL1Q|05|GINLI|0|8
S|GINLI|41871111|28774444| |IF|0|0|0|0|0|0|3|23000|21000|0|0|0|0
S|ATVAS|41762583|28778639| |TF|0|0|0|0|0|0|0|0|0|0|0|0|0
S|ENFEZ|41499006|28558919| |TF|0|0|0|0|0|0|0|0|0|0|0|0|0
S|REBAH|41238361|28343781| |TF|0|0|0|0|0|0|1|12000|0|0|0|0|0
S|TUZWE|41039769|28181256| |TF|0|0|0|0|0|0|0|0|0|0|0|0|0
S|ABNIN|40781914|28248450| |TF|0|0|0|0|0|230|0|6000|0|0|0|0|0
S|TETPU|40836850|28489950| |TF|1|0|0|0|0|0|0|0|0|0|0|0|0
S|WISNE|40855539|28573222| |TF|0|0|0|0|0|0|0|3000|0|0|0|0|0

P|GINL1R|23|GINLI|0|10
S|GINLI|41871111|28774444| |IF|0|0|0|0|0|0|2|26000|0|0|0|0|0
S|INSTA|41566675|28483336| |TF|0|0|0|0|0|0|0|0|0|0|0|0|0
S|BA457|41313200|28379297| |TF|0|0|0|0|0|0|3|20000|19000|0|0|0|0
S|ENRAW|41149208|28381833| |TF|0|0|0|0|0|0|0|0|0|0|0|0|0
S|ERWAZ|40999944|28527164| |TF|0|0|0|0|0|0|0|0|0|0|0|0|0
S|BA376|41032872|28736250| |TF|0|0|0|0|0|0|0|0|0|0|0|0|0
S|BA377|41058197|28903731| |TF|0|0|0|0|0|0|0|9000|0|0|0|0|0
S|BA378|40980528|29073500| |TF|0|0|0|0|0|0|0|0|0|0|0|0|0
S|BA360|41023708|29167519| |TF|0|0|0|0|0|0|0|0|0|0|0|0|0
S|IPSUD|41101683|29105092| |TF|0|0|0|0|0|200|0|4500|0|0|0|0|0

P|KONE1Q|05|KONEN|0|9
S|KONEN|39811667|27277222| |IF|0|0|0|0|0|0|2|25000|0|0|0|0|0
S|RAUMA|39983889|27309167| |TF|0|0|0|0|0|0|0|0|0|0|0|0|0
S|BIG|40284389|27365528| |TF|0|0|0|0|0|0|0|19000|0|0|0|0|0
S|BA366|40565094|27450325| |TF|0|0|0|0|0|0|0|0|0|0|0|0|0
S|BA357|40713794|27557097| |TF|0|0|0|0|0|0|0|0|0|0|0|0|0
S|BA358|40711692|27786972| |TF|0|0|0|0|0|0|0|0|0|0|0|0|0
S|ABNIN|40781914|28248450| |TF|0|0|0|0|0|230|0|6000|0|0|0|0|0
S|TETPU|40836850|28489950| |TF|0|0|0|0|0|0|0|0|0|0|0|0|0
S|WISNE|40855539|28573222| |TF|0|0|0|0|0|0|0|3000|0|0|0|0|0

P|KONE1R|23|KONEN|0|15
S|KONEN|39811667|27277222| |IF|0|0|0|0|0|0|0|0|0|0|0|0|0
S|RAUMA|39983889|27309167| |TF|0|0|0|0|0|0|0|0|0|0|0|0|0
S|BIG|40284389|27365528| |TF|0|0|0|0|0|0|0|0|0|0|0|0|0
S|BA366|40565094|27450325| |TF|0|0|0|0|0|0|2|27000|0|0|0|0|0
S|LAMVU|40652481|27497142| |TF|0|0|0|0|0|0|0|0|0|0|0|0|0
S|GUEME|40758286|27554008| |TF|0|0|0|0|0|0|0|0|0|0|0|0|0
S|BA374|40847917|27602336| |TF|0|0|0|0|0|0|0|0|0|0|0|0|0
S|BA375|40902644|27924069| |TF|0|0|0|0|0|0|3|20000|19000|0|0|0|0
S|IRDED|40965592|28311769| |TF|0|0|0|0|0|0|0|0|0|0|0|0|0
S|ERWAZ|40999944|28527164| |TF|0|0|0|0|0|0|0|0|0|0|0|0|0
S|BA376|41032872|28736250| |TF|0|0|0|0|0|0|0|0|0|0|0|0|0
S|BA377|41058197|28903731| |TF|0|0|0|0|0|0|0|9000|0|0|0|0|0
S|BA378|40980528|29073500| |TF|0|0|0|0|0|0|0|0|0|0|0|0|0
S|BA360|41023708|29167519| |TF|0|0|0|0|0|0|0|0|0|0|0|0|0
S|IPSUD|41101683|29105092| |TF|0|0|0|0|0|200|0|4500|0|0|0|0|0

P|NAMA1Q|05|NAMAN|0|10
S|NAMAN|40998889|30999444| |IF|0|0|0|0|0|0|0|0|0|0|0|0|0
S|NABJA|41057797|30716222| |TF|0|0|0|0|0|0|2|24000|0|0|0|0|0
S|NUMSO|40922778|30345278| |TF|0|0|0|0|0|0|0|0|0|0|0|0|0
S|BA444|40581486|30078539| |TF|0|0|0|0|0|0|2|18000|0|0|0|0|0
S|BA445|40580922|29599694| |TF|0|0|0|0|0|0|0|0|0|0|0|0|0
S|BA446|40579481|29287003| |TF|0|0|0|0|0|0|0|9000|0|0|0|0|0
S|OBIXI|40770256|29014869| |TF|0|0|0|0|0|0|0|0|0|0|0|0|0
S|EFESE|40804931|28769261| |TF|0|0|0|0|0|0|0|0|0|0|0|0|0
S|VAZZO|40794350|28594219| |TF|0|0|0|0|0|220|0|0|0|0|0|0|0
S|WISNE|40855539|28573222| |TF|0|0|0|0|0|0|0|3000|0|0|0|0|0

P|NAMA1R|23|NAMAN|0|5
S|NAMAN|40998889|30999444| |IF|0|0|0|0|0|0|0|0|0|0|0|0|0
S|NABJA|41057797|30716222| |TF|0|0|0|0|0|0|2|26000|0|0|0|0|0
S|PAZAR|41298889|29999444| |TF|0|0|0|0|0|0|3|19000|17000|0|0|0|0
S|OKIPI|41039731|29695272| |TF|0|0|0|0|0|0|1|11000|0|0|0|0|0
S|IPSUD|41101683|29105092| |TF|0|0|0|0|0|200|0|4500|0|0|0|0|0

P|NAMA1T|05|NAMAN|0|11
S|NAMAN|40998889|30999444| |IF|0|0|0|0|0|0|0|0|0|0|0|0|0
S|NABJA|41057797|30716222| |TF|0|0|0|0|0|0|2|36000|0|0|0|0|0
S|NUMSO|40922778|30345278| |TF|0|0|0|0|0|0|2|30000|0|0|0|0|0
S|BA444|40581486|30078539| |TF|0|0|0|0|0|0|2|27000|0|0|0|0|0
S|RAVIL|40336186|30002031| |TF|0|0|0|0|0|0|0|0|0|0|0|0|0
S|BA997|40376794|29424967| |TF|0|0|0|0|0|0|0|0|0|0|0|0|0
S|BA998|40391742|29201400| |TF|0|0|0|0|0|0|2|14000|0|0|0|0|0
S|BA247|40415953|28824478| |TF|0|0|0|0|0|0|0|0|0|0|0|0|0
S|BA248|40501003|28694364| |TF|0|0|0|0|0|0|2|8000|0|0|0|0|0
S|VAZZO|40794350|28594219| |TF|0|0|0|0|0|220|0|0|0|0|0|0|0
S|WISNE|40855539|28573222| |TF|0|0|0|0|0|0|0|3000|0|0|0|0|0

P|SISP1Q|05|SISPI|0|9
S|SISPI|39914722|29870000| |IF|0|0|0|0|0|0|0|16000|0|0|0|0|0
S|BA234|39956644|29637617| |TF|0|0|0|0|0|0|0|0|0|0|0|0|0
S|BA235|40030942|29218878| |TF|0|0|0|0|0|0|0|0|0|0|0|0|0
S|SPATZ|40151211|29146925| |TF|0|0|0|0|0|0|0|10000|0|0|0|0|0
S|BA246|40302706|29055900| |TF|0|0|0|0|0|0|0|7000|0|0|0|0|0
S|BA247|40415953|28824478| |TF|0|0|0|0|0|0|0|0|0|0|0|0|0
S|BA248|40501003|28694364| |TF|0|0|0|0|0|0|0|0|0|0|0|0|0
S|VAZZO|40794350|28594219| |TF|0|0|0|0|0|220|0|0|0|0|0|0|0
S|WISNE|40855539|28573222| |TF|0|0|0|0|0|0|0|3000|0|0|0|0|0

P|SISP1R|23|SISPI|0|7
S|SISPI|39914722|29870000| |IF|0|0|0|0|0|0|0|0|0|0|0|0|0
S|BA363|40342728|29872128| |TF|0|0|0|0|0|0|2|26000|0|0|0|0|0
S|BA364|40564136|30151464| |TF|0|0|0|0|0|0|0|0|0|0|0|0|0
S|NOTVI|40727717|30066114| |TF|0|0|0|0|0|0|0|0|0|0|0|0|0
S|BA365|40811981|30021981| |TF|0|0|0|0|0|0|3|19000|17000|0|0|0|0
S|OKIPI|41039731|29695272| |TF|0|0|0|0|0|0|1|11000|0|0|0|0|0
S|IPSUD|41101683|29105092| |TF|0|0|0|0|0|200|0|4500|0|0|0|0|0

P|TOKE1Q|05|TOKER|0|9
S|TOKER|40313333|30772222| |IF|0|0|0|0|0|0|2|24000|0|0|0|0|0
S|BA243|40475922|30358928| |TF|0|0|0|0|0|0|2|21000|0|0|0|0|0
S|BA444|40581486|30078539| |TF|0|0|0|0|0|0|2|18000|0|0|0|0|0
S|BA445|40580922|29599694| |TF|0|0|0|0|0|0|0|0|0|0|0|0|0
S|BA446|40579481|29287003| |TF|0|0|0|0|0|0|0|9000|0|0|0|0|0
S|OBIXI|40770256|29014869| |TF|0|0|0|0|0|0|0|0|0|0|0|0|0
S|EFESE|40804931|28769261| |TF|0|0|0|0|0|0|0|0|0|0|0|0|0
S|VAZZO|40794350|28594219| |TF|0|0|0|0|0|220|0|0|0|0|0|0|0
S|WISNE|40855539|28573222| |TF|0|0|0|0|0|0|0|3000|0|0|0|0|0

P|TOKE1R|23|TOKER|0|7
S|TOKER|40313333|30772222| |IF|0|0|0|0|0|0|2|25000|0|0|0|0|0
S|BA243|40475922|30358928| |TF|0|0|0|0|0|0|2|25000|0|0|0|0|0
S|BA364|40564136|30151464| |TF|0|0|0|0|0|0|0|0|0|0|0|0|0
S|NOTVI|40727717|30066114| |TF|0|0|0|0|0|0|0|0|0|0|0|0|0
S|BA365|40811981|30021981| |TF|0|0|0|0|0|0|3|19000|17000|0|0|0|0
S|OKIPI|41039731|29695272| |TF|0|0|0|0|0|0|1|11000|0|0|0|0|0
S|IPSUD|41101683|29105092| |TF|0|0|0|0|0|200|0|4500|0|0|0|0|0

P|TOKE1T|05|TOKER|0|10
S|TOKER|40313333|30772222| |IF|0|0|0|0|0|0|2|34000|0|0|0|0|0
S|BA243|40475922|30358928| |TF|0|0|0|0|0|0|2|28000|0|0|0|0|0
S|EVRUG|40385594|30134583| |TF|0|0|0|0|0|0|0|0|0|0|0|0|0
S|RAVIL|40336186|30002031| |TF|0|0|0|0|0|0|0|0|0|0|0|0|0
S|BA997|40376794|29424967| |TF|0|0|0|0|0|0|0|0|0|0|0|0|0
S|BA998|40391742|29201400| |TF|0|0|0|0|0|0|2|14000|0|0|0|0|0
S|BA247|40415953|28824478| |TF|0|0|0|0|0|0|0|0|0|0|0|0|0
S|BA248|40501003|28694364| |TF|0|0|0|0|0|0|2|8000|0|0|0|0|0
S|VAZZO|40794350|28594219| |TF|0|0|0|0|0|220|0|0|0|0|0|0|0
S|WISNE|40855539|28573222| |TF|0|0|0|0|0|0|0|3000|0|0|0|0|0

