P|AFYO1C|ALL|KFK|0|3
S|KFK|38804139|30546833| |IF|0|0|0|0|0|0|0|0|0|0|0|0|0
S|D127J|38992614|30290778| |TF|0|0|0|0|0|0|0|0|0|0|0|0|0
S|KTH|39106778|30134778| |TF|0|0|0|0|0|0|0|0|0|0|0|0|0

P|AFYO1F|31|KFK|0|3
S|KFK|38804139|30546833| |IF|0|0|0|0|0|0|0|0|0|0|0|0|0
S|KUFGE|38974569|30327336| |TF|0|0|0|0|0|0|0|0|0|0|0|0|0
S|IFUJE|39039578|30235542| |TF|0|0|0|0|0|185|1|5200|0|0|0|0|0

P|AFYO1R|13|KFK|0|5
S|KFK|38804139|30546833| |IF|0|0|0|0|0|0|0|0|0|0|0|0|0
S|BZ505|38816411|30234308| |TF|0|0|0|0|0|0|0|0|0|0|0|0|0
S|UFLOK|39111853|29802383| |TF|0|0|0|0|0|0|1|9500|0|0|0|0|0
S|ILITE|39237981|29940606| |TF|0|0|0|0|0|0|0|0|0|0|0|0|0
S|ROFSE|39183794|30022056| |TF|0|0|0|0|0|185|1|5200|0|0|0|0|0

P|APSE1F|31|APSER|0|6
S|APSER|39367222|29848333| |IF|0|0|0|0|0|0|0|0|0|0|0|0|0
S|BZ205|39390364|29925147| |TF|0|0|0|0|0|0|0|0|0|0|0|0|0
S|BZ204|39283186|30090900| |TF|0|0|0|0|0|0|0|0|0|0|0|0|0
S|BZ203|39065431|30425081| |TF|0|0|0|0|0|0|1|8500|0|0|0|0|0
S|KUFGE|38974569|30327336| |TF|0|0|0|0|0|0|0|0|0|0|0|0|0
S|IFUJE|39039578|30235542| |TF|2|0|0|0|0|185|1|5200|0|0|0|0|0

P|APSE1R|13|APSER|0|3
S|APSER|39367222|29848333| |IF|0|0|0|0|0|0|0|0|0|0|0|0|0
S|ILITE|39237981|29940606| |TF|0|0|0|0|0|0|0|0|0|0|0|0|0
S|ROFSE|39183794|30022056| |TF|0|0|0|0|0|185|1|5200|0|0|0|0|0

P|EDAS1A|ALL|EDASA|0|3
S|EDASA|39460000|30124444| |IF|0|0|0|0|0|0|0|0|0|0|0|0|0
S|D354J|39273553|30129911| |TF|0|0|0|0|0|0|0|0|0|0|0|0|0
S|KTH|39106778|30134778| |TF|0|0|0|0|0|0|0|0|0|0|0|0|0

P|EDAS1F|31|EDASA|0|6
S|EDASA|39460000|30124444| |IF|0|0|0|0|0|0|0|0|0|0|0|0|0
S|KARGI|39429167|30054444| |TF|0|0|0|0|0|0|0|0|0|0|0|0|0
S|BZ204|39283186|30090900| |TF|0|0|0|0|0|0|0|0|0|0|0|0|0
S|BZ203|39065431|30425081| |TF|0|0|0|0|0|0|1|8500|0|0|0|0|0
S|KUFGE|38974569|30327336| |TF|0|0|0|0|0|0|0|0|0|0|0|0|0
S|IFUJE|39039578|30235542| |TF|2|0|0|0|0|185|1|5200|0|0|0|0|0

P|EDAS1R|13|EDASA|0|4
S|EDASA|39460000|30124444| |IF|0|0|0|0|0|0|0|0|0|0|0|0|0
S|BZ504|39357589|30072336| |TF|0|0|0|0|0|0|0|0|0|0|0|0|0
S|ILITE|39237981|29940606| |TF|0|0|0|0|0|0|0|0|0|0|0|0|0
S|ROFSE|39183794|30022056| |TF|0|0|0|0|0|185|1|5200|0|0|0|0|0

P|KARG1C|ALL|KARGI|0|3
S|KARGI|39429167|30054444| |IF|0|0|0|0|0|0|0|0|0|0|0|0|0
S|D345J|39270558|30094058| |TF|0|0|0|0|0|0|0|0|0|0|0|0|0
S|KTH|39106778|30134778| |TF|0|0|0|0|0|0|0|0|0|0|0|0|0

P|KARG1F|31|KARGI|0|5
S|KARGI|39429167|30054444| |IF|0|0|0|0|0|0|0|0|0|0|0|0|0
S|BZ204|39283186|30090900| |TF|0|0|0|0|0|0|0|0|0|0|0|0|0
S|BZ203|39065431|30425081| |TF|0|0|0|0|0|0|1|8500|0|0|0|0|0
S|KUFGE|38974569|30327336| |TF|0|0|0|0|0|0|0|0|0|0|0|0|0
S|IFUJE|39039578|30235542| |TF|2|0|0|0|0|185|1|5200|0|0|0|0|0

P|KARG1R|13|KARGI|0|4
S|KARGI|39429167|30054444| |IF|0|0|0|0|0|0|0|0|0|0|0|0|0
S|BZ504|39357589|30072336| |TF|0|0|0|0|0|0|0|0|0|0|0|0|0
S|ILITE|39237981|29940606| |TF|0|0|0|0|0|0|0|0|0|0|0|0|0
S|ROFSE|39183794|30022056| |TF|0|0|0|0|0|185|1|5200|0|0|0|0|0

P|TUME1C|ALL|TUMER|0|3
S|TUMER|38665556|29470278| |IF|0|0|0|0|0|0|0|0|0|0|0|0|0
S|D225M|38966772|29922408| |TF|0|0|0|0|0|0|0|0|0|0|0|0|0
S|KTH|39106778|30134778| |TF|0|0|0|0|0|0|0|0|0|0|0|0|0

P|TUME1F|31|TUMER|0|5
S|TUMER|38665556|29470278| |IF|0|0|0|0|0|0|0|0|0|0|0|0|0
S|BZ201|38785972|29946622| |TF|0|0|0|0|0|0|0|0|0|0|0|0|0
S|ZAMFO|38846664|30190342| |TF|0|0|0|0|0|0|1|9000|0|0|0|0|0
S|KUFGE|38974569|30327336| |TF|0|0|0|0|0|0|0|0|0|0|0|0|0
S|IFUJE|39039578|30235542| |TF|0|0|0|0|0|185|1|5200|0|0|0|0|0

P|TUME1R|13|TUMER|0|5
S|TUMER|38665556|29470278| |IF|0|0|0|0|0|0|0|0|0|0|0|0|0
S|BZ503|38938975|29673131| |TF|0|0|0|0|0|0|0|0|0|0|0|0|0
S|UFLOK|39111853|29802383| |TF|0|0|0|0|0|0|1|9500|0|0|0|0|0
S|ILITE|39237981|29940606| |TF|0|0|0|0|0|0|0|0|0|0|0|0|0
S|ROFSE|39183794|30022056| |TF|0|0|0|0|0|185|1|5200|0|0|0|0|0

