P|ATLO1K|ALL|ATLOM|0|3
S|ATLOM|37385806|39348750| |IF|0|0|0|0|0|0|0|0|0|0|0|0|0
S|DYB|37873694|40208361| |TF|0|0|0|0|0|0|0|0|0|0|0|0|0
S|BAT|37937972|41119611| |TF|0|0|0|0|0|0|0|0|0|0|0|0|0

P|ATLO1M|ALL|ATLOM|0|3
S|ATLOM|37385806|39348750| |IF|0|0|0|0|0|0|0|0|0|0|0|0|0
S|DYB|37873694|40208361| |TF|0|0|0|0|0|0|0|0|0|0|0|0|0
S|BAT|37937972|41119611| |TF|0|0|0|0|0|0|0|0|0|0|0|0|0

P|ATLO1P|02|ATLOM|0|3
S|ATLOM|37385806|39348750| |IF|0|0|0|0|0|0|0|0|0|0|0|0|0
S|DYB|37873694|40208361| |TF|0|0|0|0|0|0|0|0|0|0|0|0|0
S|D200P|37695672|40977533| |TF|0|0|0|0|0|0|0|0|0|0|0|0|0

P|DEME1K|ALL|DEMEB|0|3
S|DEMEB|37564028|39231694| |IF|0|0|0|0|0|0|0|0|0|0|0|0|0
S|DYB|37873694|40208361| |TF|0|0|0|0|0|0|0|0|0|0|0|0|0
S|BAT|37937972|41119611| |TF|0|0|0|0|0|0|0|0|0|0|0|0|0

P|DEME1P|02|DEMEB|0|3
S|DEMEB|37564028|39231694| |IF|0|0|0|0|0|0|0|0|0|0|0|0|0
S|DYB|37873694|40208361| |TF|0|0|0|0|0|0|0|0|0|0|0|0|0
S|D200P|37695672|40977533| |TF|0|0|0|0|0|0|0|0|0|0|0|0|0

P|LEKR1K|ALL|LEKRO|0|3
S|LEKRO|37277444|40971472| |IF|0|0|0|0|0|0|0|0|0|0|0|0|0
S|DYB|37873694|40208361| |TF|0|0|0|0|0|0|0|0|0|0|0|0|0
S|BAT|37937972|41119611| |TF|2|0|0|0|0|0|0|0|0|0|0|0|0

P|LEKR1L|ALL|LEKRO|0|3
S|LEKRO|37277444|40971472| |IF|0|0|0|0|0|0|0|0|0|0|0|0|0
S|D184Y|37527347|41027308| |TF|0|0|0|0|0|0|0|0|0|0|0|0|0
S|BAT|37937972|41119611| |TF|0|0|0|0|0|0|0|0|0|0|0|0|0

P|LEKR1M|ALL|LEKRO|0|3
S|LEKRO|37277444|40971472| |IF|0|0|0|0|0|0|0|0|0|0|0|0|0
S|DYB|37873694|40208361| |TF|0|0|0|0|0|0|0|0|0|0|0|0|0
S|BAT|37937972|41119611| |TF|2|0|0|0|0|0|0|0|0|0|0|0|0

P|LEKR1N|ALL|LEKRO|0|3
S|LEKRO|37277444|40971472| |IF|0|0|0|0|0|0|0|0|0|0|0|0|0
S|D184Y|37527347|41027308| |TF|0|0|0|0|0|0|0|0|0|0|0|0|0
S|BAT|37937972|41119611| |TF|0|0|0|0|0|0|0|0|0|0|0|0|0

P|LEKR1P|02|LEKRO|0|3
S|LEKRO|37277444|40971472| |IF|0|0|0|0|0|0|0|0|0|0|0|0|0
S|DYB|37873694|40208361| |TF|0|0|0|0|0|0|0|0|0|0|0|0|0
S|D200P|37695672|40977533| |TF|2|0|0|0|0|0|0|0|0|0|0|0|0

P|MOVU1K|ALL|MOVUL|0|4
S|MOVUL|38152917|39232028| |IF|0|0|0|0|0|0|0|0|0|0|0|0|0
S|DYB44|38123658|39336028| |TF|0|0|0|0|0|0|0|0|0|0|0|0|0
S|DYB|37873694|40208361| |TF|0|0|0|0|0|0|0|0|0|0|0|0|0
S|BAT|37937972|41119611| |TF|0|0|0|0|0|0|0|0|0|0|0|0|0

P|MOVU1M|ALL|MOVUL|0|4
S|MOVUL|38152917|39232028| |IF|0|0|0|0|0|0|0|0|0|0|0|0|0
S|DYB44|38123658|39336028| |TF|0|0|0|0|0|0|0|0|0|0|0|0|0
S|DYB|37873694|40208361| |TF|0|0|0|0|0|0|0|0|0|0|0|0|0
S|BAT|37937972|41119611| |TF|0|0|0|0|0|0|0|0|0|0|0|0|0

P|MOVU1P|02|MOVUL|0|4
S|MOVUL|38152917|39232028| |IF|0|0|0|0|0|0|0|0|0|0|0|0|0
S|DYB44|38123658|39336028| |TF|0|0|0|0|0|0|0|0|0|0|0|0|0
S|DYB|37873694|40208361| |TF|0|0|0|0|0|0|0|0|0|0|0|0|0
S|D200P|37695672|40977533| |TF|0|0|0|0|0|0|0|0|0|0|0|0|0

P|SUMA1K|ALL|SUMAP|0|3
S|SUMAP|38117194|40606583| |IF|0|0|0|0|0|0|0|0|0|0|0|0|0
S|DYB|37873694|40208361| |TF|0|0|0|0|0|0|0|0|0|0|0|0|0
S|BAT|37937972|41119611| |TF|1|0|0|0|0|0|0|0|0|0|0|0|0

P|SUMA1L|ALL|SUMAP|0|2
S|SUMAP|38117194|40606583| |IF|0|0|0|0|0|0|0|0|0|0|0|0|0
S|BAT|37937972|41119611| |TF|0|0|0|0|0|0|0|0|0|0|0|0|0

P|SUMA1M|ALL|SUMAP|0|3
S|SUMAP|38117194|40606583| |IF|0|0|0|0|0|0|0|0|0|0|0|0|0
S|DYB|37873694|40208361| |TF|0|0|0|0|0|0|0|0|0|0|0|0|0
S|BAT|37937972|41119611| |TF|1|0|0|0|0|0|0|0|0|0|0|0|0

P|SUMA1N|ALL|SUMAP|0|2
S|SUMAP|38117194|40606583| |IF|0|0|0|0|0|0|0|0|0|0|0|0|0
S|BAT|37937972|41119611| |TF|0|0|0|0|0|0|0|0|0|0|0|0|0

P|SUMA1P|02|SUMAP|0|3
S|SUMAP|38117194|40606583| |IF|0|0|0|0|0|0|0|0|0|0|0|0|0
S|DYB|37873694|40208361| |TF|0|0|0|0|0|0|0|0|0|0|0|0|0
S|D200P|37695672|40977533| |TF|1|0|0|0|0|0|0|0|0|0|0|0|0

P|ZUIT1K|ALL|ZUITA|0|3
S|ZUITA|38363222|39633917| |IF|0|0|0|0|0|0|0|0|0|0|0|0|0
S|DYB|37873694|40208361| |TF|0|0|0|0|0|0|0|0|0|0|0|0|0
S|BAT|37937972|41119611| |TF|0|0|0|0|0|0|0|0|0|0|0|0|0

P|ZUIT1M|ALL|ZUITA|0|3
S|ZUITA|38363222|39633917| |IF|0|0|0|0|0|0|0|0|0|0|0|0|0
S|DYB|37873694|40208361| |TF|0|0|0|0|0|0|0|0|0|0|0|0|0
S|BAT|37937972|41119611| |TF|0|0|0|0|0|0|0|0|0|0|0|0|0

P|ZUIT1P|02|ZUITA|0|3
S|ZUITA|38363222|39633917| |IF|0|0|0|0|0|0|0|0|0|0|0|0|0
S|DYB|37873694|40208361| |TF|0|0|0|0|0|0|0|0|0|0|0|0|0
S|D200P|37695672|40977533| |TF|0|0|0|0|0|0|0|0|0|0|0|0|0

