P|DOND1A|ALL|DONDU|0|2
S|DONDU|37586389|37058056| |IF|0|0|0|0|0|0|0|0|0|0|0|0|0
S|KHM|37540389|36952722| |TF|0|0|0|0|0|0|0|0|0|0|0|0|0

P|INGA1G|07|INGAM|0|3
S|INGAM|37443228|36998553| |IF|0|0|0|0|0|0|0|0|0|0|0|0|0
S|POGEN|37503056|36693611| |TF|0|0|0|0|0|0|0|0|0|0|0|0|0
S|REMPO|37660011|36472181| |TF|0|0|0|0|0|0|0|0|0|0|0|0|0

P|POGE1A|ALL|POGEN|0|2
S|POGEN|37503056|36693611| |IF|0|0|0|0|0|0|0|0|0|0|0|0|0
S|KHM|37540389|36952722| |TF|0|0|0|0|0|0|0|0|0|0|0|0|0

P|POGE1B|25|POGEN|0|2
S|POGEN|37503056|36693611| |IF|0|0|0|0|0|0|0|0|0|0|0|0|0
S|INGAM|37443228|36998553| |TF|0|0|0|0|0|0|0|0|0|0|0|0|0

