P|KALI2T|36|KALIF|0|2
S|KALIF|48505833|19571944| |IF|0|0|0|0|0|0|0|0|0|0|0|0|0
S|SLC|48453250|19115861| |TF|0|0|0|0|0|0|0|0|0|0|0|0|0

P|KREM2T|36|KREMI|0|3
S|KREMI|48783889|18883889| |IF|0|0|0|0|0|0|0|0|0|0|0|0|0
S|D330Q|48711514|18934953| |TF|0|0|0|0|0|0|0|0|0|0|0|0|0
S|BUDOL|48590139|19020222| |TF|0|0|0|0|0|0|0|0|0|0|0|0|0

P|TIVO2T|36|TIVON|0|3
S|TIVON|48660833|19528611| |IF|0|0|0|0|0|0|0|0|0|0|0|0|0
S|D047M|48583164|19373436| |TF|0|0|0|0|0|0|0|0|0|0|0|0|0
S|SLC|48453250|19115861| |TF|0|0|0|0|0|0|0|0|0|0|0|0|0

P|TURI2T|36|TURIS|0|3
S|TURIS|48362222|18511667| |IF|0|0|0|0|0|0|0|0|0|0|0|0|0
S|D252Q|48389989|18693539| |TF|0|0|0|0|0|0|0|0|0|0|0|0|0
S|ABSIT|48423083|18913083| |TF|0|0|0|0|0|0|0|0|0|0|0|0|0

