P|BILN2A|06|BILNA|0|2
S|BILNA|49393553|18447300| |IF|0|0|0|0|0|0|0|0|0|0|0|0|0
S|ZLA|49202861|18510444| |TF|0|0|0|0|0|0|0|0|0|0|0|0|0

P|BILN3B|06|BILNA|0|6
S|BILNA|49393553|18447300| |IF|0|0|0|0|0|0|1|8000|0|0|0|0|0
S|ZI624|49283256|18377050| |TF|0|0|0|0|0|0|1|8000|0|0|0|0|0
S|ZI623|49198261|18323147| |TF|0|0|0|0|0|0|1|7000|0|0|0|0|0
S|ZI622|49167014|18223600| |TF|0|0|0|0|0|150|1|7000|0|0|0|0|0
S|ZI621|49121964|18256517| |TF|0|0|0|0|0|150|1|4500|0|0|0|0|0
S|SAGAN|49153181|18355997| |TF|0|0|0|0|0|150|1|4500|0|0|0|0|0

P|MAKA1A|06|MAKAL|0|2
S|MAKAL|49246008|18165717| |IF|0|0|0|0|0|0|0|0|0|0|0|0|0
S|ZLA|49202861|18510444| |TF|0|0|0|0|0|0|0|0|0|0|0|0|0

P|MAKA3B|06|MAKAL|0|4
S|MAKAL|49246008|18165717| |IF|0|0|0|0|0|0|1|8000|0|0|0|0|0
S|ZI622|49167014|18223600| |TF|0|0|0|0|0|150|1|7000|0|0|0|0|0
S|ZI621|49121964|18256517| |TF|0|0|0|0|0|150|1|4500|0|0|0|0|0
S|SAGAN|49153181|18355997| |TF|0|0|0|0|0|150|1|4500|0|0|0|0|0

P|RUTK2A|06|RUTKI|0|3
S|RUTKI|49173297|18940092| |IF|0|0|0|0|0|0|0|0|0|0|0|0|0
S|D111F|49186622|18749361| |TF|0|0|0|0|0|0|0|0|0|0|0|0|0
S|ZLA|49202861|18510444| |TF|0|0|0|0|0|0|0|0|0|0|0|0|0

P|RUTK3B|06|RUTKI|0|6
S|RUTKI|49173297|18940092| |IF|0|0|0|0|0|0|1|10000|0|0|0|0|0
S|ZI614|49210283|18836633| |TF|0|0|0|0|0|0|1|10000|0|0|0|0|0
S|ZI613|49171000|18709336| |TF|0|0|0|0|0|0|1|10000|0|0|0|0|0
S|ZI612|49113797|18525119| |TF|0|0|0|0|0|0|1|5000|0|0|0|0|0
S|ZI611|49078028|18410614| |TF|0|0|0|0|0|0|1|4500|0|0|0|0|0
S|SAGAN|49153181|18355997| |TF|0|0|0|0|0|150|1|4500|0|0|0|0|0

P|TEKL2A|06|TEKLA|0|3
S|TEKLA|48979400|18745319| |IF|0|0|0|0|0|0|0|0|0|0|0|0|0
S|D165J|49067069|18653481| |TF|0|0|0|0|0|0|0|0|0|0|0|0|0
S|ZLA|49202861|18510444| |TF|0|0|0|0|0|0|0|0|0|0|0|0|0

P|TEKL3B|06|TEKLA|0|6
S|TEKLA|48979400|18745319| |IF|0|0|0|0|0|0|1|10000|0|0|0|0|0
S|ZI616|49031614|18659994| |TF|0|0|0|0|0|0|1|10000|0|0|0|0|0
S|ZI615|49057678|18617294| |TF|0|0|0|0|0|0|1|8000|0|0|0|0|0
S|ZI612|49113797|18525119| |TF|0|0|0|0|0|0|1|5000|0|0|0|0|0
S|ZI611|49078028|18410614| |TF|0|0|0|0|0|0|1|4500|0|0|0|0|0
S|SAGAN|49153181|18355997| |TF|0|0|0|0|0|150|1|4500|0|0|0|0|0

P|VADE1A|06|VADEX|0|3
S|VADEX|49250836|18884811| |IF|0|0|0|0|0|0|0|0|0|0|0|0|0
S|D081G|49239792|18797722| |TF|0|0|0|0|0|0|0|0|0|0|0|0|0
S|ZLA|49202861|18510444| |TF|0|0|0|0|0|0|0|0|0|0|0|0|0

P|VADE3B|06|VADEX|0|6
S|VADEX|49250836|18884811| |IF|0|0|0|0|0|0|1|10000|0|0|0|0|0
S|ZI614|49210283|18836633| |TF|0|0|0|0|0|0|1|10000|0|0|0|0|0
S|ZI613|49171000|18709336| |TF|0|0|0|0|0|0|1|10000|0|0|0|0|0
S|ZI612|49113797|18525119| |TF|0|0|0|0|0|0|1|5000|0|0|0|0|0
S|ZI611|49078028|18410614| |TF|0|0|0|0|0|0|1|4500|0|0|0|0|0
S|SAGAN|49153181|18355997| |TF|0|0|0|0|0|150|1|4500|0|0|0|0|0

