P|BEPA2P|11|BEPAL|0|4
S|BEPAL|19023153|-71351017| |IF|0|0|0|0|0|250|1|10000|0|0|0|0|0
S|ST514|19263619|-71275206| |TF|0|0|0|0|0|250|1|10000|0|0|0|0|0
S|ST515|19423850|-71224517| |TF|0|0|0|0|0|220|1|8000|0|0|0|0|0
S|DELTI|19470778|-70901083| |TF|0|0|0|0|0|210|1|4000|0|0|0|0|0

P|BEPA2R|29|BEPAL|0|6
S|BEPAL|19023153|-71351017| |IF|0|0|0|0|0|250|1|14000|0|0|0|0|0
S|ST521|19357056|-71245658| |TF|0|0|0|0|0|250|1|14000|0|0|0|0|0
S|ST522|19363839|-70950256| |TF|0|0|0|0|0|220|1|11000|0|0|0|0|0
S|ST525|19368278|-70744144| |TF|0|0|0|0|0|210|1|10000|0|0|0|0|0
S|LEPUR|19341975|-70623911| |TF|0|0|0|0|0|210|1|8000|0|0|0|0|0
S|KERDA|19294653|-70410147| |TF|0|0|0|0|0|210|1|4000|0|0|0|0|0

P|JUEL2P|11|JUELE|0|5
S|JUELE|20417639|-71118508| |IF|0|0|0|0|0|250|1|10000|0|0|0|0|0
S|ST510|19932681|-71113742| |TF|0|0|0|0|0|220|1|10000|0|0|0|0|0
S|ST511|19766519|-71057875| |TF|0|0|0|0|0|220|1|8000|0|0|0|0|0
S|ST513|19547650|-70984475| |TF|0|0|0|0|0|210|1|5000|0|0|0|0|0
S|DELTI|19470778|-70901083| |TF|0|0|0|0|0|210|1|4000|0|0|0|0|0

P|JUEL2R|29|JUELE|0|5
S|JUELE|20417639|-71118508| |IF|0|0|0|0|0|250|1|11000|0|0|0|0|0
S|ST523|19577414|-70982358| |TF|0|0|0|0|0|250|1|11000|0|0|0|0|0
S|ST525|19368278|-70744144| |TF|0|0|0|0|0|210|1|10000|0|0|0|0|0
S|LEPUR|19341975|-70623911| |TF|0|0|0|0|0|210|1|8000|0|0|0|0|0
S|KERDA|19294653|-70410147| |TF|0|0|0|0|0|210|1|4000|0|0|0|0|0

P|PETR2P|11|PETRI|0|6
S|PETRI|19268333|-69708333| |IF|0|0|0|0|0|250|1|13000|0|0|0|0|0
S|ST516|19328194|-70373478| |TF|0|0|0|0|0|220|1|13000|0|0|0|0|0
S|ST517|19334508|-70496667| |TF|0|0|0|0|0|210|1|11000|0|0|0|0|0
S|BOKPI|19340736|-70619867| |TF|0|0|0|0|0|210|1|9000|0|0|0|0|0
S|ST520|19405547|-70916833| |TF|0|0|0|0|0|210|1|4000|0|0|0|0|0
S|DELTI|19470778|-70901083| |TF|0|0|0|0|0|210|1|4000|0|0|0|0|0

P|PETR2R|29|PETRI|0|3
S|PETRI|19268333|-69708333| |IF|0|0|0|0|0|250|2|9000|0|0|0|0|0
S|ST527|19397664|-70239606| |TF|0|0|0|0|0|220|2|7000|0|0|0|0|0
S|VIPNA|19425025|-70378250| |TF|0|0|0|0|0|210|1|4000|0|0|0|0|0

P|POKE2P|11|POKEG|0|4
S|POKEG|20175000|-70055000| |IF|0|0|0|0|0|250|2|14000|0|0|0|0|0
S|ST512|19746667|-70823125| |TF|0|0|0|0|0|220|2|9000|0|0|0|0|0
S|ST513|19547650|-70984475| |TF|0|0|0|0|0|210|1|5000|0|0|0|0|0
S|DELTI|19470778|-70901083| |TF|0|0|0|0|0|210|1|4000|0|0|0|0|0

P|POKE2R|29|POKEG|0|3
S|POKEG|20175000|-70055000| |IF|0|0|0|0|0|250|1|12000|0|0|0|0|0
S|ST528|19580408|-70249258| |TF|0|0|0|0|0|220|1|5000|0|0|0|0|0
S|VIPNA|19425025|-70378250| |TF|0|0|0|0|0|210|1|4000|0|0|0|0|0

P|RETA2P|11|RETAK|0|3
S|RETAK|20195000|-71691667| |IF|0|0|0|0|0|250|1|9000|0|0|0|0|0
S|ST513|19547650|-70984475| |TF|0|0|0|0|0|220|1|5000|0|0|0|0|0
S|DELTI|19470778|-70901083| |TF|0|0|0|0|0|210|1|4000|0|0|0|0|0

P|RETA2R|29|RETAK|0|6
S|RETAK|20195000|-71691667| |IF|0|0|0|0|0|250|1|23000|0|0|0|0|0
S|ST574|19821436|-71261636| |TF|0|0|0|0|0|250|1|23000|0|0|0|0|0
S|ST523|19577414|-70982358| |TF|0|0|0|0|0|250|1|11000|0|0|0|0|0
S|ST525|19368278|-70744144| |TF|0|0|0|0|0|210|1|10000|0|0|0|0|0
S|LEPUR|19341975|-70623911| |TF|0|0|0|0|0|210|1|8000|0|0|0|0|0
S|KERDA|19294653|-70410147| |TF|0|0|0|0|0|210|1|4000|0|0|0|0|0

P|RIBE2P|11|RIBES|0|6
S|RIBES|19229922|-69934675| |IF|0|0|0|0|0|250|1|13000|0|0|0|0|0
S|ST518|19293222|-70324494| |TF|0|0|0|0|0|220|1|13000|0|0|0|0|0
S|ST519|19321233|-70498222| |TF|0|0|0|0|0|210|1|11000|0|0|0|0|0
S|BOKPI|19340736|-70619867| |TF|0|0|0|0|0|210|1|9000|0|0|0|0|0
S|ST520|19405547|-70916833| |TF|0|0|0|0|0|210|1|4000|0|0|0|0|0
S|DELTI|19470778|-70901083| |TF|0|0|0|0|0|210|1|4000|0|0|0|0|0

P|RIBE2R|29|RIBES|0|3
S|RIBES|19229922|-69934675| |IF|0|0|0|0|0|250|2|9000|0|0|0|0|0
S|ST526|19275669|-70270136| |TF|0|0|0|0|0|210|2|7000|0|0|0|0|0
S|KERDA|19294653|-70410147| |TF|0|0|0|0|0|210|1|4000|0|0|0|0|0

P|SEKA2P|11|SEKAR|0|5
S|SEKAR|20416667|-70795000| |IF|0|0|0|0|0|250|1|10000|0|0|0|0|0
S|ST510|19932681|-71113742| |TF|0|0|0|0|0|220|1|10000|0|0|0|0|0
S|ST511|19766519|-71057875| |TF|0|0|0|0|0|220|1|8000|0|0|0|0|0
S|ST513|19547650|-70984475| |TF|0|0|0|0|0|210|1|5000|0|0|0|0|0
S|DELTI|19470778|-70901083| |TF|0|0|0|0|0|210|1|4000|0|0|0|0|0

P|SEKA2R|29|SEKAR|0|5
S|SEKAR|20416667|-70795000| |IF|0|0|0|0|0|250|1|11000|0|0|0|0|0
S|ST523|19577414|-70982358| |TF|0|0|0|0|0|250|1|11000|0|0|0|0|0
S|ST525|19368278|-70744144| |TF|0|0|0|0|0|210|1|10000|0|0|0|0|0
S|LEPUR|19341975|-70623911| |TF|0|0|0|0|0|210|1|8000|0|0|0|0|0
S|KERDA|19294653|-70410147| |TF|0|0|0|0|0|210|1|4000|0|0|0|0|0

