P|ARIT1A|22|ARITA|0|4
S|ARITA|14857867|-87623367| |IF|0|0|0|0|0|250|1|10000|0|0|0|0|0
S|LM372|15246067|-87920217| |TF|0|0|0|0|0|0|1|8000|0|0|0|0|0
S|LM371|15400031|-87787319| |TF|0|0|0|0|0|0|1|7000|0|0|0|0|0
S|LM361|15528272|-87676425| |TF|0|0|0|0|0|210|1|6000|0|0|0|0|0

P|BATA1B|22|BATAN|0|3
S|BATAN|15637275|-87250011| |IF|0|0|0|0|0|250|1|10000|0|0|0|0|0
S|LM370|15541228|-87503053| |TF|0|0|0|0|0|0|1|7000|0|0|0|0|0
S|LM361|15528272|-87676425| |TF|0|0|0|0|0|210|1|6000|0|0|0|0|0

P|DENO1A|22|DENOM|0|2
S|DENOM|15904072|-87396564| |IF|0|0|0|0|0|0|1|7000|0|0|0|0|0
S|LM002|15614822|-87781722| |TF|0|0|0|0|0|0|1|4000|0|0|0|0|0

P|DENO1B|22|DENOM|0|3
S|DENOM|15904072|-87396564| |IF|0|0|0|0|0|250|1|7000|0|0|0|0|0
S|LM369|15810100|-87548753| |TF|0|0|0|0|0|0|1|6000|0|0|0|0|0
S|LM366|15716994|-87692369| |TF|0|0|0|0|0|210|1|5000|0|0|0|0|0

P|KELB1A|22|KELBI|0|5
S|KELBI|14841558|-88172158| |IF|0|0|0|0|0|250|1|13000|0|0|0|0|0
S|LM374|14977828|-88086158| |TF|0|0|0|0|0|0|1|13000|0|0|0|0|0
S|LM372|15246067|-87920217| |TF|0|0|0|0|0|0|1|8000|0|0|0|0|0
S|LM371|15400031|-87787319| |TF|0|0|0|0|0|0|1|7000|0|0|0|0|0
S|LM361|15528272|-87676425| |TF|0|0|0|0|0|210|1|6000|0|0|0|0|0

P|KORT1A|22|KORTI|0|2
S|KORTI|16121547|-87789292| |IF|0|0|0|0|0|0|1|8000|0|0|0|0|0
S|LM001|15818717|-87871039| |TF|0|0|0|0|0|0|1|8000|0|0|0|0|0

P|KORT1B|22|KORTI|0|3
S|KORTI|16121547|-87789292| |IF|0|0|0|0|0|250|1|7000|0|0|0|0|0
S|LM368|15888283|-87724064| |TF|0|0|0|0|0|0|1|6000|0|0|0|0|0
S|LM366|15716994|-87692369| |TF|0|0|0|0|0|210|1|5000|0|0|0|0|0

P|NAGE1A|22|NAGEL|0|4
S|NAGEL|14261481|-88608167| |IF|0|0|0|0|0|0|1|13000|0|0|0|0|0
S|LM004|14765497|-88061678| |TF|0|0|0|0|0|0|1|10000|0|0|0|0|0
S|LM015|15108986|-87896911| |TF|0|0|0|0|0|0|1|9100|0|0|0|0|0
S|LM003|15430389|-87541667| |TF|0|0|0|0|0|250|1|7100|0|0|0|0|0

P|NAKA1A|22|NAKAN|0|4
S|NAKAN|15249411|-88570647| |IF|0|0|0|0|0|0|1|10000|0|0|0|0|0
S|LM006|15368467|-88303728| |TF|0|0|0|0|0|0|1|9000|0|0|0|0|0
S|LM016|15211328|-87785536| |TF|0|0|0|0|0|0|1|8000|0|0|0|0|0
S|LM003|15430389|-87541667| |TF|0|0|0|0|0|250|1|7100|0|0|0|0|0

P|NAKA1B|22|NAKAN|0|5
S|NAKAN|15249411|-88570647| |IF|0|0|0|0|0|250|1|11000|0|0|0|0|0
S|LM373|15372367|-88199747| |TF|0|0|0|0|0|0|1|10000|0|0|0|0|0
S|LM372|15246067|-87920217| |TF|0|0|0|0|0|0|1|8000|0|0|0|0|0
S|LM371|15400031|-87787319| |TF|0|0|0|0|0|0|1|7000|0|0|0|0|0
S|LM361|15528272|-87676425| |TF|0|0|0|0|0|210|1|6000|0|0|0|0|0

P|OMOS1A|22|OMOSO|0|2
S|OMOSO|16122086|-88041628| |IF|0|0|0|0|0|0|1|8000|0|0|0|0|0
S|LM001|15818717|-87871039| |TF|0|0|0|0|0|0|1|8000|0|0|0|0|0

P|OMOS1B|22|OMOSO|0|3
S|OMOSO|16122086|-88041628| |IF|0|0|0|0|0|250|1|7000|0|0|0|0|0
S|LM367|15874111|-87933367| |TF|0|0|0|0|0|0|1|6000|0|0|0|0|0
S|LM364|15731172|-87850267| |TF|0|0|0|0|0|210|1|4000|0|0|0|0|0

P|RUBR1A|22|RUBRA|0|2
S|RUBRA|15822539|-87333756| |IF|0|0|0|0|0|0|1|7000|0|0|0|0|0
S|LM002|15614822|-87781722| |TF|0|0|0|0|0|0|1|4000|0|0|0|0|0

P|RUBR1B|22|RUBRA|0|3
S|RUBRA|15822539|-87333756| |IF|0|0|0|0|0|250|1|7000|0|0|0|0|0
S|LM369|15810100|-87548753| |TF|0|0|0|0|0|0|1|6000|0|0|0|0|0
S|LM366|15716994|-87692369| |TF|0|0|0|0|0|210|1|5000|0|0|0|0|0

