P|ARIT1B|17|ARITA|0|3
S|ARITA|14857867|-87623367| |IF|0|0|0|0|0|210|1|10000|0|0|0|0|0
S|PR703|14691153|-87644014| |TF|0|0|0|0|0|210|1|7900|0|0|0|0|0
S|PR702|14572261|-87656806| |TF|0|0|0|0|0|210|1|5600|0|0|0|0|0

P|KANE1A|17|KANEL|0|3
S|KANEL|14678558|-87536811| |IF|0|0|0|0|0|210|1|10000|0|0|0|0|0
S|PR703|14691153|-87644014| |TF|0|0|0|0|0|210|1|7900|0|0|0|0|0
S|PR702|14572261|-87656806| |TF|1|0|0|0|0|210|1|5600|0|0|0|0|0

P|KARI1B|35|KARID|0|6
S|KARID|13899056|-87636458| |IF|0|0|0|0|0|210|1|10000|0|0|0|0|0
S|PR506|13963075|-87427086| |TF|0|0|0|0|0|210|1|10000|0|0|0|0|0
S|PR505|14022311|-87462464| |TF|1|0|0|0|0|210|1|9000|0|0|0|0|0
S|PR504|14109058|-87514314| |TF|0|0|0|0|0|210|1|8300|0|0|0|0|0
S|PR503|14164069|-87555317| |TF|0|0|0|0|0|210|1|6600|0|0|0|0|0
S|PR502|14214819|-87589758| |TF|0|0|0|0|0|210|1|5200|0|0|0|0|0

P|LEPA1A|35|LEPAX|0|7
S|LEPAX|14101667|-87651667| |IF|0|0|0|0|0|210|1|12000|0|0|0|0|0
S|KARID|13899056|-87636458| |TF|0|0|0|0|0|210|1|10000|0|0|0|0|0
S|PR506|13963075|-87427086| |TF|1|0|0|0|0|210|1|10000|0|0|0|0|0
S|PR505|14022311|-87462464| |TF|1|0|0|0|0|210|1|9000|0|0|0|0|0
S|PR504|14109058|-87514314| |TF|0|0|0|0|0|210|1|8300|0|0|0|0|0
S|PR503|14164069|-87555317| |TF|0|0|0|0|0|210|1|6600|0|0|0|0|0
S|PR502|14214819|-87589758| |TF|0|0|0|0|0|210|1|5200|0|0|0|0|0

P|LIBI1B|35|LIBIS|0|6
S|LIBIS|13613333|-87266667| |IF|0|0|0|0|0|0|1|10000|0|0|0|0|0
S|PR506|13963075|-87427086| |TF|0|0|0|0|0|210|1|10000|0|0|0|0|0
S|PR505|14022311|-87462464| |TF|0|0|0|0|0|210|1|9000|0|0|0|0|0
S|PR504|14109058|-87514314| |TF|0|0|0|0|0|210|1|8300|0|0|0|0|0
S|PR503|14164069|-87555317| |TF|0|0|0|0|0|210|1|6600|0|0|0|0|0
S|PR502|14214819|-87589758| |TF|0|0|0|0|0|210|1|5200|0|0|0|0|0

P|TIRN1A|17|TIRNA|0|4
S|TIRNA|14879611|-88254058| |IF|0|0|0|0|0|210|1|13000|0|0|0|0|0
S|PR704|14750439|-87836872| |TF|0|0|0|0|0|210|1|11700|0|0|0|0|0
S|PR703|14691153|-87644014| |TF|0|0|0|0|0|210|1|7900|0|0|0|0|0
S|PR702|14572261|-87656806| |TF|0|0|0|0|0|210|1|5600|0|0|0|0|0

P|TNT1A|35|TNT|0|5
S|TNT|14028919|-87229111| |IF|0|0|0|0|0|210|1|10000|0|0|0|0|0
S|PR505|14022311|-87462464| |TF|0|0|0|0|0|210|1|9000|0|0|0|0|0
S|PR504|14109058|-87514314| |TF|0|0|0|0|0|210|1|8300|0|0|0|0|0
S|PR503|14164069|-87555317| |TF|0|0|0|0|0|210|1|6600|0|0|0|0|0
S|PR502|14214819|-87589758| |TF|0|0|0|0|0|210|1|5200|0|0|0|0|0

