P|ELSER6|12|ALPEN|0|7
S|ALPEN|17291111|-76599167| |IF|0|0|0|0|0|0|0|0|0|0|0|0|0
S|D173S|17623150|-76691714| |TF|0|0|0|0|0|0|1|5000|0|0|0|0|0
S| |91000000|181000000| |CI|0|35300|0|0|0|0|0|0|0|0|0|0|0
S|OVIDA|17653383|-76709461|MLY|AF|2|17300|1700|17470|0|0|0|0|0|0|0|0|0
S|D300Q|18036672|-77053300|MLY|AF|2|17500|1700|30000|0|0|0|0|0|0|0|0|0
S|ELSER|18024167|-77020833| |TF|0|0|0|0|0|0|0|0|0|0|0|0|0
S|ELSER|18024167|-77020833| |IF|0|0|0|0|0|0|0|0|0|0|0|0|0

P|ELSER6|12|DATOM|0|6
S|DATOM|17292222|-76980000| |IF|0|0|0|0|0|0|0|0|0|0|0|0|0
S|D205S|17626097|-76874286| |TF|0|0|0|0|0|0|1|5000|0|0|0|0|0
S| |91000000|181000000| |CI|0|2500|0|0|0|0|0|0|0|0|0|0|0
S|D300Q|18036672|-77053300|MLY|AF|2|20500|1700|30000|0|0|0|0|0|0|0|0|0
S|ELSER|18024167|-77020833| |TF|0|0|0|0|0|0|0|0|0|0|0|0|0
S|ELSER|18024167|-77020833| |IF|0|0|0|0|0|0|0|0|0|0|0|0|0

P|ELSER6|12|KEMBO|0|5
S|KEMBO|18218889|-77354722| |IF|0|0|0|0|0|0|0|0|0|0|0|0|0
S|D306Y|18124167|-77165000| |TF|0|0|0|0|0|0|0|0|0|0|0|0|0
S|RESEP|18061111|-77118333| |TF|0|0|0|0|0|0|0|0|0|0|0|0|0
S|ELSER|18024167|-77020833| |TF|0|0|0|0|0|0|0|0|0|0|0|0|0
S|ELSER|18024167|-77020833| |IF|0|0|0|0|0|0|0|0|0|0|0|0|0

P|ELSER6|12|KESPA|0|6
S|KESPA|18048611|-77354722| |IF|0|0|0|0|0|0|0|0|0|0|0|0|0
S|D291S|17997089|-77102397| |TF|0|0|0|0|0|0|0|0|0|0|0|0|0
S| |91000000|181000000| |CI|0|11100|0|0|0|0|0|0|0|0|0|0|0
S|D300Q|18036672|-77053300|MLY|AF|2|29100|1700|30000|0|0|0|0|0|0|0|0|0
S|ELSER|18024167|-77020833| |TF|0|0|0|0|0|0|0|0|0|0|0|0|0
S|ELSER|18024167|-77020833| |IF|0|0|0|0|0|0|0|0|0|0|0|0|0

P|ELSER6|12|LIBEX|0|6
S|LIBEX|18389167|-77354722| |IF|0|0|0|0|0|0|0|0|0|0|0|0|0
S|D318S|18133778|-77032925| |TF|0|0|0|0|0|0|0|0|0|0|0|0|0
S| |91000000|181000000| |CI|0|13800|0|0|0|0|0|0|0|0|0|0|0
S|D300Q|18036672|-77053300|MLY|AF|1|31800|1700|30000|0|0|0|0|0|0|0|0|0
S|ELSER|18024167|-77020833| |TF|0|0|0|0|0|0|0|0|0|0|0|0|0
S|ELSER|18024167|-77020833| |IF|0|0|0|0|0|0|0|0|0|0|0|0|0

P|ELSER6|12|MLY|0|6
S|MLY|17930247|-76777628| |IF|0|0|0|0|0|0|0|0|0|0|0|0|0
S|D270O|17895142|-77037233| |TF|0|0|0|0|0|0|0|0|0|0|0|0|0
S| |91000000|181000000| |CI|0|27000|0|0|0|0|0|0|0|0|0|0|0
S|D300Q|18036672|-77053300|MLY|AF|2|27000|1700|30000|0|0|0|0|0|0|0|0|0
S|ELSER|18024167|-77020833| |TF|0|0|0|0|0|0|0|0|0|0|0|0|0
S|ELSER|18024167|-77020833| |IF|0|0|0|0|0|0|0|0|0|0|0|0|0

P|ELSER6|12|SAVEM|0|6
S|SAVEM|18437500|-77024444| |IF|0|0|0|0|0|0|0|0|0|0|0|0|0
S|D343T|18233728|-76925103| |TF|0|0|0|0|0|0|0|0|0|0|0|0|0
S| |91000000|181000000| |CI|0|16300|0|0|0|0|0|0|0|0|0|0|0
S|D300Q|18036672|-77053300|MLY|AF|1|34300|1700|30000|0|0|0|0|0|0|0|0|0
S|ELSER|18024167|-77020833| |TF|0|0|0|0|0|0|0|0|0|0|0|0|0
S|ELSER|18024167|-77020833| |IF|0|0|0|0|0|0|0|0|0|0|0|0|0

P|KEYNO3|12|ALPEN|0|7
S|ALPEN|17291111|-76599167| |IF|0|0|0|0|0|0|0|0|0|0|0|0|0
S|D173S|17623150|-76691714| |TF|0|0|0|0|0|0|1|5000|0|0|0|0|0
S| |91000000|181000000| |CI|0|35300|0|0|0|0|0|0|0|0|0|0|0
S|ACEDA|17653056|-76710278|MLY|AF|2|17300|1700|17490|0|0|0|0|0|0|0|0|0
S|KEYNO|18048611|-77047222|MLY|AF|2|17500|1700|30270|0|0|0|0|0|0|0|0|0
S|KEYNO|18048611|-77047222| |IF|0|0|0|0|0|0|0|0|0|0|0|0|0
S|CIBUG|18009569|-76958244| |TF|0|0|0|0|0|0|0|0|0|0|0|0|0

P|KEYNO3|12|DATOM|0|6
S|DATOM|17292222|-76980000| |IF|0|0|0|0|0|0|0|0|0|0|0|0|0
S|D205S|17626097|-76874286| |TF|0|0|0|0|0|0|1|5000|0|0|0|0|0
S| |91000000|181000000| |CI|0|2500|0|0|0|0|0|0|0|0|0|0|0
S|KEYNO|18048611|-77047222|MLY|AF|2|20500|1700|30270|0|0|0|0|0|0|0|0|0
S|KEYNO|18048611|-77047222| |IF|0|0|0|0|0|0|0|0|0|0|0|0|0
S|CIBUG|18009569|-76958244| |TF|0|0|0|0|0|0|0|0|0|0|0|0|0

P|KEYNO3|12|KEMBO|0|6
S|KEMBO|18218889|-77354722| |IF|0|0|0|0|0|0|0|0|0|0|0|0|0
S|D306Y|18124167|-77165000| |TF|0|0|0|0|0|0|1|5000|0|0|0|0|0
S|FABAL|18076400|-77110928| |TF|0|0|0|0|0|0|0|0|0|0|0|0|0
S|KEYNO|18048611|-77047222| |TF|0|0|0|0|0|0|0|0|0|0|0|0|0
S|KEYNO|18048611|-77047222| |IF|0|0|0|0|0|0|0|0|0|0|0|0|0
S|CIBUG|18009569|-76958244| |TF|0|0|0|0|0|0|0|0|0|0|0|0|0

P|KEYNO3|12|KESPA|0|6
S|KESPA|18048611|-77354722| |IF|0|0|0|0|0|0|0|0|0|0|0|0|0
S|D291S|17997089|-77102397| |TF|0|0|0|0|0|0|1|5000|0|0|0|0|0
S| |91000000|181000000| |CI|0|11100|0|0|0|0|0|0|0|0|0|0|0
S|KEYNO|18048611|-77047222|MLY|AF|2|29100|1700|30270|0|0|0|0|0|0|0|0|0
S|KEYNO|18048611|-77047222| |IF|0|0|0|0|0|0|0|0|0|0|0|0|0
S|CIBUG|18009569|-76958244| |TF|0|0|0|0|0|0|0|0|0|0|0|0|0

P|KEYNO3|12|LIBEX|0|7
S|LIBEX|18389167|-77354722| |IF|0|0|0|0|0|0|0|0|0|0|0|0|0
S|D318S|18133778|-77032925| |TF|0|0|0|0|0|0|1|5000|0|0|0|0|0
S| |91000000|181000000| |CI|0|13800|0|0|0|0|0|0|0|0|0|0|0
S|ZINAN|18093333|-77020556|MLY|AF|1|31800|1700|31310|0|0|0|0|0|0|0|0|0
S|KEYNO|18048611|-77047222|MLY|AF|1|31300|1700|30270|0|0|0|0|0|0|0|0|0
S|KEYNO|18048611|-77047222| |IF|0|0|0|0|0|0|0|0|0|0|0|0|0
S|CIBUG|18009569|-76958244| |TF|0|0|0|0|0|0|0|0|0|0|0|0|0

P|KEYNO3|12|MLY|0|6
S|MLY|17930247|-76777628| |IF|0|0|0|0|0|0|0|0|0|0|0|0|0
S|D270O|17895142|-77037233| |TF|0|0|0|0|0|0|0|0|0|0|0|0|0
S| |91000000|181000000| |CI|0|27000|0|0|0|0|0|0|0|0|0|0|0
S|KEYNO|18048611|-77047222|MLY|AF|2|27000|1700|30270|0|0|0|0|0|0|0|0|0
S|KEYNO|18048611|-77047222| |IF|0|0|0|0|0|0|0|0|0|0|0|0|0
S|CIBUG|18009569|-76958244| |TF|0|0|0|0|0|0|0|0|0|0|0|0|0

P|KEYNO3|12|SAVEM|0|7
S|SAVEM|18437500|-77024444| |IF|0|0|0|0|0|0|0|0|0|0|0|0|0
S|D343T|18233728|-76925103| |TF|0|0|0|0|0|0|1|8000|0|0|0|0|0
S|HAVBO|18188056|-76902778| |TF|0|0|0|0|0|0|0|0|0|0|0|0|0
S|ZINAN|18093333|-77020556|MLY|AF|1|34300|1700|31310|0|0|0|0|0|0|0|0|0
S|KEYNO|18048611|-77047222|MLY|AF|1|31300|1700|30270|0|0|0|0|0|0|0|0|0
S|KEYNO|18048611|-77047222| |IF|0|0|0|0|0|0|0|0|0|0|0|0|0
S|CIBUG|18009569|-76958244| |TF|0|0|0|0|0|0|0|0|0|0|0|0|0

