P|EMOS2A|12|EMOSA|0|5
S|EMOSA|21822528|-85908167| |IF|0|0|0|0|0|0|0|0|0|0|0|0|0
S|UKVAS|21513972|-86134500| |TF|0|0|0|0|0|0|1|23000|0|0|0|0|0
S|CZ512|21288833|-86469278| |TF|0|0|0|0|0|0|3|17000|15000|0|0|0|0
S|CUN|21025108|-86858717| |TF|0|0|0|0|0|0|1|11000|0|0|0|0|0
S|VIBLA|20667083|-87059972| |TF|0|0|0|0|0|0|1|4000|0|0|0|0|0

P|EMOS2B|30|EMOSA|0|8
S|EMOSA|21822528|-85908167| |IF|0|0|0|0|0|0|0|0|0|0|0|0|0
S|UKVAS|21513972|-86134500| |TF|0|0|0|0|0|0|1|27000|0|0|0|0|0
S|CZ512|21288833|-86469278| |TF|0|0|0|0|0|0|2|19000|0|0|0|0|0
S|CUN|21025108|-86858717| |TF|0|0|0|0|0|0|0|0|0|0|0|0|0
S|VIBLA|20667083|-87059972| |TF|0|0|0|0|0|0|0|0|0|0|0|0|0
S|ONGAV|20516222|-87136694| |TF|0|0|0|0|0|0|0|0|0|0|0|0|0
S|CZ702|20419750|-86923139| |TF|0|0|0|0|0|0|0|0|0|0|0|0|0
S|BEREB|20361750|-86795222| |TF|0|0|0|0|0|0|1|4000|0|0|0|0|0

P|ILUB1C|12|ILUBA|0|6
S|ILUBA|20189417|-85341167| |IF|0|0|0|0|0|0|0|0|0|0|0|0|0
S|MARJE|20275444|-86059778| |TF|0|0|0|0|0|0|1|21000|0|0|0|0|0
S|CZ514|20307056|-86331639| |TF|0|0|0|0|0|0|0|0|0|0|0|0|0
S|BEREB|20361750|-86795222| |TF|0|0|0|0|0|0|0|0|0|0|0|0|0
S|CZ506|20443944|-86976583| |TF|0|0|0|0|0|0|0|0|0|0|0|0|0
S|ONGAV|20516222|-87136694| |TF|0|0|0|0|0|0|1|4000|0|0|0|0|0

P|ILUB1D|30|ILUBA|0|5
S|ILUBA|20189417|-85341167| |IF|0|0|0|0|0|0|0|0|0|0|0|0|0
S|MARJE|20275444|-86059778| |TF|0|0|0|0|0|0|1|21000|0|0|0|0|0
S|CZ704|20298111|-86254111| |TF|0|0|0|0|0|0|0|0|0|0|0|0|0
S|CZ701|20328333|-86516833| |TF|0|0|0|0|0|0|0|0|0|0|0|0|0
S|EMPAM|20400861|-86676667| |TF|0|0|0|0|0|0|1|4000|0|0|0|0|0

P|PAUL2E|12|PAULE|0|4
S|PAULE|19815333|-87409361| |IF|0|0|0|0|0|0|1|18000|0|0|0|0|0
S|CZ925|20119583|-87301028| |TF|0|0|0|0|0|0|1|12000|0|0|0|0|0
S|CZ501|20365278|-87213222| |TF|0|0|0|0|0|0|0|0|0|0|0|0|0
S|ONGAV|20516222|-87136694| |TF|0|0|0|0|0|0|1|4000|0|0|0|0|0

P|PAUL2F|30|PAULE|0|5
S|PAULE|19815333|-87409361| |IF|0|0|0|0|0|0|1|21000|0|0|0|0|0
S|CZ501|20365278|-87213222| |TF|0|0|0|0|0|0|1|13000|0|0|0|0|0
S|ONGAV|20516222|-87136694| |TF|0|0|0|0|0|0|0|0|0|0|0|0|0
S|CZ702|20419750|-86923139| |TF|0|0|0|0|0|0|0|0|0|0|0|0|0
S|BEREB|20361750|-86795222| |TF|0|0|0|0|0|0|1|4000|0|0|0|0|0

P|SIGM2C|12|SIGMA|0|6
S|SIGMA|19617222|-86366667| |IF|0|0|0|0|0|0|0|0|0|0|0|0|0
S|EBKUG|19787139|-86462444| |TF|0|0|0|0|0|0|3|19000|18000|0|0|0|0
S|CZ907|20139944|-86665139| |TF|0|0|0|0|0|0|2|10000|0|0|0|0|0
S|BEREB|20361750|-86795222| |TF|0|0|0|0|0|0|0|0|0|0|0|0|0
S|CZ506|20443944|-86976583| |TF|0|0|0|0|0|0|0|0|0|0|0|0|0
S|ONGAV|20516222|-87136694| |TF|0|0|0|0|0|0|1|4000|0|0|0|0|0

P|SIGM2D|30|SIGMA|0|4
S|SIGMA|19617222|-86366667| |IF|0|0|0|0|0|0|0|0|0|0|0|0|0
S|EBKUG|19787139|-86462444| |TF|0|0|0|0|0|0|0|16000|0|0|0|0|0
S|CZ914|20032056|-86603056| |TF|0|0|0|0|0|0|2|11000|0|0|0|0|0
S|BEREB|20361750|-86795222| |TF|0|0|0|0|0|0|1|4000|0|0|0|0|0

P|TQO1C|12|TQO|0|3
S|TQO|20160414|-87638561| |IF|0|0|0|0|0|0|2|15000|0|0|0|0|0
S|CZ501|20365278|-87213222| |TF|0|0|0|0|0|0|0|0|0|0|0|0|0
S|ONGAV|20516222|-87136694| |TF|0|0|0|0|0|0|1|4000|0|0|0|0|0

P|TQO1D|30|TQO|0|6
S|TQO|20160414|-87638561| |IF|0|0|0|0|0|0|1|21000|0|0|0|0|0
S|CZ730|20238167|-87477556| |TF|0|0|0|0|0|0|1|18000|0|0|0|0|0
S|CZ501|20365278|-87213222| |TF|0|0|0|0|0|0|1|13000|0|0|0|0|0
S|ONGAV|20516222|-87136694| |TF|0|0|0|0|0|0|0|0|0|0|0|0|0
S|CZ702|20419750|-86923139| |TF|0|0|0|0|0|0|0|0|0|0|0|0|0
S|BEREB|20361750|-86795222| |TF|0|0|0|0|0|0|1|4000|0|0|0|0|0

P|VIGT1A|12|VIGTU|0|4
S|VIGTU|21478806|-87608083| |IF|0|0|0|0|0|0|0|22000|0|0|0|0|0
S|CZ518|21139083|-87435889| |TF|0|0|0|0|0|0|0|0|0|0|0|0|0
S|CZ505|20829278|-87279694| |TF|0|0|0|0|0|0|0|0|0|0|0|0|0
S|XUBLI|20627750|-87178472| |TF|0|0|0|0|0|0|1|4000|0|0|0|0|0

P|VIGT2B|30|VIGTU|0|9
S|VIGTU|21478806|-87608083| |IF|0|0|0|0|0|0|0|26000|0|0|0|0|0
S|CZ518|21139083|-87435889| |TF|0|0|0|0|0|0|0|0|0|0|0|0|0
S|CZ551|20891667|-87311111| |TF|0|0|0|0|0|0|2|16000|0|0|0|0|0
S|CZ505|20829278|-87279694| |TF|0|0|0|0|0|0|0|0|0|0|0|0|0
S|CZ552|20762222|-87246000| |TF|0|0|0|0|0|0|3|13500|9000|0|0|0|0
S|XUBLI|20627750|-87178472| |TF|0|0|0|0|0|0|0|0|0|0|0|0|0
S|ONGAV|20516222|-87136694| |TF|0|0|0|0|0|0|0|0|0|0|0|0|0
S|CZ702|20419750|-86923139| |TF|0|0|0|0|0|0|0|0|0|0|0|0|0
S|BEREB|20361750|-86795222| |TF|0|0|0|0|0|0|1|4000|0|0|0|0|0

