P|EMPI1A|14|EMPIX|0|3
S|EMPIX|27018750|-100290444| |IF|0|0|0|0|0|0|1|17000|0|0|0|0|0
S|NL605|27468139|-99903528| |TF|0|0|0|0|0|0|1|7000|0|0|0|0|0
S|IRDAN|27541694|-99738778| |TF|0|0|0|0|0|220|1|4000|0|0|0|0|0

P|EMPI1B|32|EMPIX|0|3
S|EMPIX|27018750|-100290444| |IF|0|0|0|0|0|0|1|16000|0|0|0|0|0
S|MEKSA|27301500|-99813361| |TF|0|0|0|0|0|0|0|6000|0|0|0|0|0
S|ITREB|27299222|-99626278| |TF|0|0|0|0|0|220|1|4400|0|0|0|0|0

P|ILIG1A|14|ILIGO|0|6
S|ILIGO|26601667|-99585000| |IF|0|0|0|0|0|0|1|18000|0|0|0|0|0
S|NL603|27022389|-99535139| |TF|0|0|0|0|0|0|1|15000|0|0|0|0|0
S|NL602|27206889|-99575889| |TF|0|0|0|0|0|0|1|11000|0|0|0|0|0
S|NL601|27321639|-99601306| |TF|0|0|0|0|0|0|1|9000|0|0|0|0|0
S|NL600|27414083|-99658972| |TF|0|0|0|0|0|0|1|7000|0|0|0|0|0
S|IRDAN|27541694|-99738778| |TF|0|0|0|0|0|220|1|4000|0|0|0|0|0

P|ILIG1B|32|ILIGO|0|3
S|ILIGO|26601667|-99585000| |IF|0|0|0|0|0|0|1|16000|0|0|0|0|0
S|NL603|27022389|-99535139| |TF|0|0|0|0|0|0|1|8000|0|0|0|0|0
S|VINBO|27214417|-99534167| |TF|0|0|0|0|0|220|1|4400|0|0|0|0|0

P|MATU1A|14|MATUR|0|6
S|MATUR|26610639|-99426889| |IF|0|0|0|0|0|0|1|18000|0|0|0|0|0
S|NL603|27022389|-99535139| |TF|0|0|0|0|0|0|1|15000|0|0|0|0|0
S|NL602|27206889|-99575889| |TF|0|0|0|0|0|0|1|11000|0|0|0|0|0
S|NL601|27321639|-99601306| |TF|0|0|0|0|0|0|1|9000|0|0|0|0|0
S|NL600|27414083|-99658972| |TF|0|0|0|0|0|0|1|7000|0|0|0|0|0
S|IRDAN|27541694|-99738778| |TF|0|0|0|0|0|220|1|4000|0|0|0|0|0

P|MATU1B|32|MATUR|0|3
S|MATUR|26610639|-99426889| |IF|0|0|0|0|0|0|1|16000|0|0|0|0|0
S|NL603|27022389|-99535139| |TF|0|0|0|0|0|0|1|8000|0|0|0|0|0
S|VINBO|27214417|-99534167| |TF|0|0|0|0|0|220|1|4400|0|0|0|0|0

P|RUDM1C|14|RUDMA|0|6
S|RUDMA|26635083|-99827028| |IF|0|0|0|0|0|0|1|17000|0|0|0|0|0
S|NL603|27022389|-99535139| |TF|0|0|0|0|0|0|1|15000|0|0|0|0|0
S|NL602|27206889|-99575889| |TF|0|0|0|0|0|0|1|11000|0|0|0|0|0
S|NL601|27321639|-99601306| |TF|0|0|0|0|0|0|1|9000|0|0|0|0|0
S|NL600|27414083|-99658972| |TF|0|0|0|0|0|0|1|7000|0|0|0|0|0
S|IRDAN|27541694|-99738778| |TF|0|0|0|0|0|220|1|4000|0|0|0|0|0

P|RUDM1D|32|RUDMA|0|3
S|RUDMA|26635083|-99827028| |IF|0|0|0|0|0|0|1|17000|0|0|0|0|0
S|NL603|27022389|-99535139| |TF|0|0|0|0|0|0|1|8000|0|0|0|0|0
S|VINBO|27214417|-99534167| |TF|0|0|0|0|0|220|1|4400|0|0|0|0|0

P|USBA1A|14|USBAR|0|3
S|USBAR|27249861|-100325528| |IF|0|0|0|0|0|0|1|16000|0|0|0|0|0
S|NL605|27468139|-99903528| |TF|0|0|0|0|0|0|1|7000|0|0|0|0|0
S|IRDAN|27541694|-99738778| |TF|0|0|0|0|0|220|1|4000|0|0|0|0|0

P|USBA1B|32|USBAR|0|4
S|USBAR|27249861|-100325528| |IF|0|0|0|0|0|0|1|15000|0|0|0|0|0
S|NL710|27275861|-100069917| |TF|0|0|0|0|0|0|1|10000|0|0|0|0|0
S|MEKSA|27301500|-99813361| |TF|0|0|0|0|0|0|0|6000|0|0|0|0|0
S|ITREB|27299222|-99626278| |TF|0|0|0|0|0|220|1|4400|0|0|0|0|0

