P|AVUR2E|09|AVURO|0|3
S|AVURO|17224806|-100699389| |IF|0|0|0|0|0|0|1|20000|0|0|0|0|0
S|ZH610|17337056|-101049667| |TF|0|0|0|0|0|0|1|7000|0|0|0|0|0
S|ALUNO|17522639|-101645944| |TF|0|0|0|0|0|0|1|4000|0|0|0|0|0

P|AVUR2F|27|AVURO|0|3
S|AVURO|17224806|-100699389| |IF|0|0|0|0|0|0|1|20000|0|0|0|0|0
S|ZH712|17359500|-101024000| |TF|0|0|0|0|0|0|1|7000|0|0|0|0|0
S|IMIBA|17450083|-101247639| |TF|0|0|0|0|0|0|1|5000|0|0|0|0|0

P|IGSA2C|09|IGSAT|0|3
S|IGSAT|18141306|-102145750| |IF|0|0|0|0|0|0|1|20000|0|0|0|0|0
S|ZH607|17849250|-101647000| |TF|0|0|0|0|0|0|1|7000|0|0|0|0|0
S|IMENU|17689917|-101641333| |TF|0|0|0|0|0|0|1|4000|0|0|0|0|0

P|IGSA2D|27|IGSAT|0|6
S|IGSAT|18141306|-102145750| |IF|0|0|0|0|0|0|1|20000|0|0|0|0|0
S|ZH201|17870111|-101741333| |TF|0|0|0|0|0|0|0|0|0|0|0|0|0
S|ZH709|17800139|-101454778| |TF|0|0|0|0|0|0|1|7000|0|0|0|0|0
S|ZH710|17767250|-101410667| |TF|0|0|0|0|0|0|1|6000|0|0|0|0|0
S|ZH711|17736250|-101369472| |TF|0|0|0|0|0|0|1|5000|0|0|0|0|0
S|SEGOB|17705306|-101328222| |TF|0|0|0|0|0|0|1|4000|0|0|0|0|0

P|IKLE2C|09|IKLEM|0|5
S|IKLEM|18180333|-100844111| |IF|0|0|0|0|0|0|1|20000|0|0|0|0|0
S|ZH206|18056222|-101238278| |TF|0|0|0|0|0|0|0|0|0|0|0|0|0
S|ZH608|17949806|-101355667| |TF|0|0|0|0|0|0|1|11000|0|0|0|0|0
S|ZH609|17801361|-101519028| |TF|0|0|0|0|0|0|1|7000|0|0|0|0|0
S|IMENU|17689917|-101641333| |TF|0|0|0|0|0|0|1|4000|0|0|0|0|0

P|IKLE2D|27|IKLEM|0|7
S|IKLEM|18180333|-100844111| |IF|0|0|0|0|0|0|1|20000|0|0|0|0|0
S|ZH202|18045861|-101216500| |TF|0|0|0|0|0|0|0|0|0|0|0|0|0
S|ZH708|17980306|-101280167| |TF|0|0|0|0|0|0|1|11000|0|0|0|0|0
S|ZH709|17800139|-101454778| |TF|0|0|0|0|0|0|1|7000|0|0|0|0|0
S|ZH710|17767250|-101410667| |TF|0|0|0|0|0|0|1|6000|0|0|0|0|0
S|ZH711|17736250|-101369472| |TF|0|0|0|0|0|0|1|5000|0|0|0|0|0
S|SEGOB|17705306|-101328222| |TF|0|0|0|0|0|0|1|4000|0|0|0|0|0

P|IKLU2C|09|IKLUB|0|3
S|IKLUB|18323083|-101922111| |IF|0|0|0|0|0|0|1|20000|0|0|0|0|0
S|ZH607|17849250|-101647000| |TF|0|0|0|0|0|0|1|7000|0|0|0|0|0
S|IMENU|17689917|-101641333| |TF|0|0|0|0|0|0|1|4000|0|0|0|0|0

P|IKLU2D|27|IKLUB|0|6
S|IKLUB|18323083|-101922111| |IF|0|0|0|0|0|0|1|20000|0|0|0|0|0
S|ZH201|17870111|-101741333| |TF|0|0|0|0|0|0|0|0|0|0|0|0|0
S|ZH709|17800139|-101454778| |TF|0|0|0|0|0|0|1|7000|0|0|0|0|0
S|ZH710|17767250|-101410667| |TF|0|0|0|0|0|0|1|6000|0|0|0|0|0
S|ZH711|17736250|-101369472| |TF|0|0|0|0|0|0|1|5000|0|0|0|0|0
S|SEGOB|17705306|-101328222| |TF|0|0|0|0|0|0|1|4000|0|0|0|0|0

P|TABR2C|09|TABRA|0|3
S|TABRA|17995806|-102247972| |IF|0|0|0|0|0|0|1|20000|0|0|0|0|0
S|ZH607|17849250|-101647000| |TF|0|0|0|0|0|0|1|7000|0|0|0|0|0
S|IMENU|17689917|-101641333| |TF|0|0|0|0|0|0|1|4000|0|0|0|0|0

P|TABR2D|27|TABRA|0|6
S|TABRA|17995806|-102247972| |IF|0|0|0|0|0|0|1|20000|0|0|0|0|0
S|ZH201|17870111|-101741333| |TF|0|0|0|0|0|0|0|0|0|0|0|0|0
S|ZH709|17800139|-101454778| |TF|0|0|0|0|0|0|1|7000|0|0|0|0|0
S|ZH710|17767250|-101410667| |TF|0|0|0|0|0|0|1|6000|0|0|0|0|0
S|ZH711|17736250|-101369472| |TF|0|0|0|0|0|0|1|5000|0|0|0|0|0
S|SEGOB|17705306|-101328222| |TF|0|0|0|0|0|0|1|4000|0|0|0|0|0

P|VILT2C|09|VILTO|0|5
S|VILTO|18425667|-101316694| |IF|0|0|0|0|0|0|1|20000|0|0|0|0|0
S|ZH605|18170500|-101480417| |TF|0|0|0|0|0|0|1|11000|0|0|0|0|0
S|ZH606|17935833|-101650111| |TF|0|0|0|0|0|0|0|0|0|0|0|0|0
S|ZH607|17849250|-101647000| |TF|0|0|0|0|0|0|1|7000|0|0|0|0|0
S|IMENU|17689917|-101641333| |TF|0|0|0|0|0|0|1|4000|0|0|0|0|0

P|VILT2D|27|VILTO|0|6
S|VILTO|18425667|-101316694| |IF|0|0|0|0|0|0|1|20000|0|0|0|0|0
S|ZH707|18029194|-101396861| |TF|0|0|0|0|0|0|1|11000|0|0|0|0|0
S|ZH709|17800139|-101454778| |TF|0|0|0|0|0|0|1|7000|0|0|0|0|0
S|ZH710|17767250|-101410667| |TF|0|0|0|0|0|0|1|6000|0|0|0|0|0
S|ZH711|17736250|-101369472| |TF|0|0|0|0|0|0|1|5000|0|0|0|0|0
S|SEGOB|17705306|-101328222| |TF|0|0|0|0|0|0|1|4000|0|0|0|0|0

