P|LOMI1S|07|LODMI|0|4
S|LODMI|10992617|-86038200| |IF|0|0|0|0|0|0|3|15000|11000|0|0|0|0
S|LB708|10807556|-85890944| |TF|0|0|0|0|0|0|0|0|0|0|0|0|0
S|DUDKU|10675889|-85786333| |TF|0|0|0|0|0|230|3|7000|6000|0|0|0|0
S|MATUM|10578194|-85785611| |TF|0|0|0|0|0|230|0|5500|0|0|0|0|0

P|LOMI1V|25|LODMI|0|4
S|LODMI|10992617|-86038200| |IF|0|0|0|0|0|0|3|15000|13000|0|0|0|0
S|LB715|10874083|-85796639| |TF|0|0|0|0|0|0|0|0|0|0|0|0|0
S|REXER|10804333|-85642667| |TF|0|0|0|0|0|230|0|7000|0|0|0|0|0
S|ROKBA|10762444|-85550333| |TF|0|0|0|0|0|230|0|6000|0|0|0|0|0

P|OVAD1S|07|OVADO|0|6
S|OVADO|11517750|-85921222| |IF|0|0|0|0|0|0|1|18000|0|0|0|0|0
S|IMOLA|11210000|-85796667| |TF|0|0|0|0|0|0|3|14000|12000|0|0|0|0
S|CAPPE|11046417|-85796194| |TF|0|0|0|0|0|0|0|0|0|0|0|0|0
S|LB709|10843250|-85790778| |TF|0|0|0|0|0|0|0|0|0|0|0|0|0
S|DUDKU|10675889|-85786333| |TF|0|0|0|0|0|230|3|7000|6000|0|0|0|0
S|MATUM|10578194|-85785611| |TF|0|0|0|0|0|230|0|5500|0|0|0|0|0

P|OVAD1V|25|OVADO|0|6
S|OVADO|11517750|-85921222| |IF|0|0|0|0|0|0|1|18000|0|0|0|0|0
S|IMOLA|11210000|-85796667| |TF|0|0|0|0|0|0|3|14000|12000|0|0|0|0
S|TOTOK|11058750|-85739083| |TF|0|0|0|0|0|0|0|0|0|0|0|0|0
S|LB716|10962083|-85699444| |TF|0|0|0|0|0|0|0|0|0|0|0|0|0
S|REXER|10804333|-85642667| |TF|0|0|0|0|0|230|0|7000|0|0|0|0|0
S|ROKBA|10762444|-85550333| |TF|0|0|0|0|0|230|0|6000|0|0|0|0|0

P|SELK1S|07|SELAK|0|4
S|SELAK|9433278|-85211111| |IF|0|0|0|0|0|0|0|0|0|0|0|0|0
S|MERBU|10119639|-85566528| |TF|0|0|0|0|0|0|1|9000|0|0|0|0|0
S|ROMKO|10367111|-85695139| |TF|0|0|0|0|0|230|0|7000|0|0|0|0|0
S|PITIC|10452278|-85739472| |TF|0|0|0|0|0|230|0|5500|0|0|0|0|0

P|SELK1V|25|SELAK|0|3
S|SELAK|9433278|-85211111| |IF|0|0|0|0|0|0|0|0|0|0|0|0|0
S|SASEX|10233778|-85330667| |TF|0|0|0|0|0|0|1|9000|0|0|0|0|0
S|RAKEN|10448750|-85361778| |TF|0|0|0|0|0|230|0|6000|0|0|0|0|0

