P|AMES2E|ALL|AMESA|0|2
S|AMESA|13621425|-89736881| |IF|0|0|0|0|0|0|1|10000|0|0|0|0|0
S|YSV|13691331|-89116992| |TF|0|0|0|0|0|0|0|0|0|0|0|0|0

P|AMUV2E|ALL|AMUVO|0|2
S|AMUVO|13011975|-88548269| |IF|0|0|0|0|0|0|1|8000|0|0|0|0|0
S|YSV|13691331|-89116992| |TF|0|0|0|0|0|0|0|0|0|0|0|0|0

P|ATUM2E|ALL|ATUMA|0|2
S|ATUMA|14017203|-88747631| |IF|0|0|0|0|0|0|1|12000|0|0|0|0|0
S|YSV|13691331|-89116992| |TF|0|0|0|0|0|0|0|0|0|0|0|0|0

P|CAT2E|ALL|CAT|0|2
S|CAT|13432147|-89080514| |IF|0|0|0|0|0|0|0|0|0|0|0|0|0
S|YSV|13691331|-89116992| |TF|0|0|0|0|0|0|0|0|0|0|0|0|0

P|ILOT2E|ALL|ILOTI|0|2
S|ILOTI|12895128|-88672381| |IF|0|0|0|0|0|0|1|8000|0|0|0|0|0
S|YSV|13691331|-89116992| |TF|0|0|0|0|0|0|0|0|0|0|0|0|0

P|IMAL2E|ALL|IMALU|0|2
S|IMALU|13944297|-89521161| |IF|0|0|0|0|0|0|1|11000|0|0|0|0|0
S|YSV|13691331|-89116992| |TF|0|0|0|0|0|0|0|0|0|0|0|0|0

P|IMIM2E|ALL|IMIMO|0|2
S|IMIMO|13801611|-88509614| |IF|0|0|0|0|0|0|1|10000|0|0|0|0|0
S|YSV|13691331|-89116992| |TF|0|0|0|0|0|0|0|0|0|0|0|0|0

P|MORA2E|ALL|MORAM|0|2
S|MORAM|14098242|-89012503| |IF|0|0|0|0|0|0|1|12000|0|0|0|0|0
S|YSV|13691331|-89116992| |TF|0|0|0|0|0|0|0|0|0|0|0|0|0

P|RELT2E|ALL|RELTA|0|2
S|RELTA|14098517|-89145275| |IF|0|0|0|0|0|0|1|12000|0|0|0|0|0
S|YSV|13691331|-89116992| |TF|0|0|0|0|0|0|0|0|0|0|0|0|0

P|UMIP2E|ALL|UMIPI|0|2
S|UMIPI|13158994|-88456250| |IF|0|0|0|0|0|0|1|10000|0|0|0|0|0
S|YSV|13691331|-89116992| |TF|0|0|0|0|0|0|0|0|0|0|0|0|0

