P|AROX2A|08|AROXA|0|4
S|AROXA|-14295731|-172183514| |IF|0|0|0|0|0|0|0|0|0|0|0|0|0
S|D190N|-14046714|-172082700| |TF|0|0|0|0|0|0|0|0|0|0|0|0|0
S| |91000000|181000000| |CI|0|1000|0|0|0|0|0|0|0|0|0|0|0
S|CI08|-13832147|-172198414|FA|AF|2|19000|1200|25700|0|0|0|0|0|0|0|0|0

P|AVKO1B|08|AVKOL|0|2
S|AVKOL|-15159819|-173359647| |IF|0|0|0|0|0|0|0|0|0|0|0|0|0
S|TAFUA|-13916139|-172218550| |TF|0|0|0|0|0|230|0|0|0|0|0|0|0

P|AVKO1C|26|AVKOL|0|2
S|AVKOL|-15159819|-173359647| |IF|0|0|0|0|0|0|0|0|0|0|0|0|0
S|MAUGA|-14135292|-171647603| |TF|0|0|0|0|0|0|0|0|0|0|0|0|0

P|AVKO1D|08|AVKOL|0|2
S|AVKOL|-15159819|-173359647| |IF|0|0|0|0|0|0|0|0|0|0|0|0|0
S|DINAR|-13832450|-172219508| |TF|0|0|0|0|0|190|0|0|0|0|0|0|0

P|BIGE2B|08|BIGEK|0|2
S|BIGEK|-14637606|-171680447| |IF|0|0|0|0|0|0|0|0|0|0|0|0|0
S|TAFUA|-13916139|-172218550| |TF|0|0|0|0|0|230|0|0|0|0|0|0|0

P|BIGE2C|26|BIGEK|0|2
S|BIGEK|-14637606|-171680447| |IF|0|0|0|0|0|0|0|0|0|0|0|0|0
S|MAUGA|-14135292|-171647603| |TF|0|0|0|0|0|0|0|0|0|0|0|0|0

P|BIGE2D|08|BIGEK|0|3
S|BIGEK|-14637606|-171680447| |IF|0|0|0|0|0|0|0|0|0|0|0|0|0
S|FA818|-14041519|-172219364| |TF|0|0|0|0|0|0|0|0|0|0|0|0|0
S|DINAR|-13832450|-172219508| |TF|0|0|0|0|0|190|0|0|0|0|0|0|0

P|DORO2B|08|DOROS|0|2
S|DOROS|-14246008|-171443114| |IF|0|0|0|0|0|0|0|0|0|0|0|0|0
S|TAFUA|-13916139|-172218550| |TF|0|0|0|0|0|230|0|0|0|0|0|0|0

P|DORO2C|26|DOROS|0|2
S|DOROS|-14246008|-171443114| |IF|0|0|0|0|0|0|0|0|0|0|0|0|0
S|MAUGA|-14135292|-171647603| |TF|0|0|0|0|0|0|0|0|0|0|0|0|0

P|DORO2D|08|DOROS|0|3
S|DOROS|-14246008|-171443114| |IF|0|0|0|0|0|0|0|0|0|0|0|0|0
S|FA818|-14041519|-172219364| |TF|0|0|0|0|0|0|0|0|0|0|0|0|0
S|DINAR|-13832450|-172219508| |TF|0|0|0|0|0|190|0|0|0|0|0|0|0

P|ISDO2B|08|ISDOT|0|2
S|ISDOT|-15811961|-172809506| |IF|0|0|0|0|0|0|0|0|0|0|0|0|0
S|TAFUA|-13916139|-172218550| |TF|0|0|0|0|0|230|0|0|0|0|0|0|0

P|ISDO2C|26|ISDOT|0|2
S|ISDOT|-15811961|-172809506| |IF|0|0|0|0|0|0|0|0|0|0|0|0|0
S|MAUGA|-14135292|-171647603| |TF|0|0|0|0|0|0|0|0|0|0|0|0|0

P|ISDO2D|08|ISDOT|0|2
S|ISDOT|-15811961|-172809506| |IF|0|0|0|0|0|0|0|0|0|0|0|0|0
S|DINAR|-13832450|-172219508| |TF|0|0|0|0|0|190|0|0|0|0|0|0|0

P|LAVE2A|26|LAVEK|0|2
S|LAVEK|-13667011|-171624106| |IF|0|0|0|0|0|0|0|0|0|0|0|0|0
S|FA|-13828750|-171992942| |TF|0|0|0|0|0|0|0|0|0|0|0|0|0

P|LAVE2B|08|LAVEK|0|2
S|LAVEK|-13667011|-171624106| |IF|0|0|0|0|0|0|0|0|0|0|0|0|0
S|SHMPA|-13748758|-172220467| |TF|0|0|0|0|0|230|0|0|0|0|0|0|0

P|LAVE2D|08|LAVEK|0|3
S|LAVEK|-13667011|-171624106| |IF|0|0|0|0|0|0|0|0|0|0|0|0|0
S|FA812|-13625122|-172182069| |TF|0|0|0|0|0|0|0|0|0|0|0|0|0
S|DINAR|-13832450|-172219508| |TF|0|0|0|0|0|190|0|0|0|0|0|0|0

P|ODUM2A|08|ODUMA|0|4
S|ODUMA|-14048911|-172455228| |IF|0|0|0|0|0|0|0|0|0|0|0|0|0
S|D232N|-13932081|-172208425| |TF|0|0|0|0|0|0|0|0|0|0|0|0|0
S| |91000000|181000000| |CI|0|5200|0|0|0|0|0|0|0|0|0|0|0
S|CI08|-13832147|-172198414|FA|AF|2|23200|1200|25700|0|0|0|0|0|0|0|0|0

P|ODUM2B|08|ODUMA|0|2
S|ODUMA|-14048911|-172455228| |IF|0|0|0|0|0|0|0|0|0|0|0|0|0
S|TAFUA|-13916139|-172218550| |TF|0|0|0|0|0|230|0|0|0|0|0|0|0

P|ODUM2C|26|ODUMA|0|2
S|ODUMA|-14048911|-172455228| |IF|0|0|0|0|0|0|0|0|0|0|0|0|0
S|MAUGA|-14135292|-171647603| |TF|0|0|0|0|0|0|0|0|0|0|0|0|0

P|ODUM2D|08|ODUMA|0|2
S|ODUMA|-14048911|-172455228| |IF|0|0|0|0|0|0|0|0|0|0|0|0|0
S|DINAR|-13832450|-172219508| |TF|0|0|0|0|0|190|0|0|0|0|0|0|0

P|PONA2A|26|PONAT|0|2
S|PONAT|-14085758|-171346275| |IF|0|0|0|0|0|0|0|0|0|0|0|0|0
S|FA|-13828750|-171992942| |TF|0|0|0|0|0|0|0|0|0|0|0|0|0

P|PONA2B|08|PONAT|0|2
S|PONAT|-14085758|-171346275| |IF|0|0|0|0|0|0|0|0|0|0|0|0|0
S|TAFUA|-13916139|-172218550| |TF|0|0|0|0|0|230|0|0|0|0|0|0|0

P|PONA2C|26|PONAT|0|2
S|PONAT|-14085758|-171346275| |IF|0|0|0|0|0|0|0|0|0|0|0|0|0
S|FALFA|-13825589|-171651908| |TF|0|0|0|0|0|0|0|0|0|0|0|0|0

P|PONA2D|08|PONAT|0|3
S|PONAT|-14085758|-171346275| |IF|0|0|0|0|0|0|0|0|0|0|0|0|0
S|FA818|-14041519|-172219364| |TF|0|0|0|0|0|0|0|0|0|0|0|0|0
S|DINAR|-13832450|-172219508| |TF|0|0|0|0|0|190|0|0|0|0|0|0|0

P|SAMV2B|08|SAMVU|0|2
S|SAMVU|-13340272|-171876217| |IF|0|0|0|0|0|0|0|0|0|0|0|0|0
S|SHMPA|-13748758|-172220467| |TF|0|0|0|0|0|230|0|0|0|0|0|0|0

P|SAMV2C|26|SAMVU|0|2
S|SAMVU|-13340272|-171876217| |IF|0|0|0|0|0|0|0|0|0|0|0|0|0
S|LAVEK|-13667011|-171624106| |TF|0|0|0|0|0|0|0|0|0|0|0|0|0

P|SAMV2D|08|SAMVU|0|3
S|SAMVU|-13340272|-171876217| |IF|0|0|0|0|0|0|0|0|0|0|0|0|0
S|FA812|-13625122|-172182069| |TF|0|0|0|0|0|0|0|0|0|0|0|0|0
S|DINAR|-13832450|-172219508| |TF|0|0|0|0|0|190|0|0|0|0|0|0|0

P|UVUT2A|08|UVUTI|0|4
S|UVUTI|-14021083|-172467994| |IF|0|0|0|0|0|0|0|0|0|0|0|0|0
S|D236N|-13917131|-172215222| |TF|0|0|0|0|0|0|0|0|0|0|0|0|0
S| |91000000|181000000| |CI|0|5600|0|0|0|0|0|0|0|0|0|0|0
S|CI08|-13832147|-172198414|FA|AF|2|23600|1200|25700|0|0|0|0|0|0|0|0|0

P|UVUT2B|08|UVUTI|0|2
S|UVUTI|-14021083|-172467994| |IF|0|0|0|0|0|0|0|0|0|0|0|0|0
S|TAFUA|-13916139|-172218550| |TF|0|0|0|0|0|230|0|0|0|0|0|0|0

P|UVUT2C|26|UVUTI|0|2
S|UVUTI|-14021083|-172467994| |IF|0|0|0|0|0|0|0|0|0|0|0|0|0
S|MAUGA|-14135292|-171647603| |TF|0|0|0|0|0|0|0|0|0|0|0|0|0

P|UVUT2D|08|UVUTI|0|2
S|UVUTI|-14021083|-172467994| |IF|0|0|0|0|0|0|0|0|0|0|0|0|0
S|DINAR|-13832450|-172219508| |TF|0|0|0|0|0|190|0|0|0|0|0|0|0

