P|APAB3A|23L|APABO|0|5
S|APABO|-36195422|174560375| |IF|0|0|0|0|0|0|0|0|0|0|0|0|0
S|OMAHA|-36348603|174661419| |TF|0|0|0|0|0|0|1|6000|0|0|0|0|0
S|AA423|-36569167|174807778| |TF|0|0|0|0|0|0|1|5000|0|0|0|0|0
S|VIBAG|-36863183|175004350| |TF|0|0|0|0|0|220|1|4000|0|0|0|0|0
S|EMRAG|-36942011|175038428| |TF|0|0|0|0|0|210|1|3000|0|0|0|0|0

P|APAB3C|23L|APABO|0|6
S|APABO|-36195422|174560375| |IF|0|0|0|0|0|0|0|0|0|0|0|0|0
S|OMAHA|-36348603|174661419| |TF|0|0|0|0|0|0|1|6000|0|0|0|0|0
S|AA424|-36586111|174759167| |TF|0|0|0|0|0|0|1|5000|0|0|0|0|0
S|AA406|-36871667|174877500| |TF|0|0|0|0|0|190|1|3000|0|0|0|0|0
S|AA405|-36926389|174900278| |TF|0|0|0|0|0|0|0|0|0|0|0|0|0
S|NOKIT|-36951583|174899742| |TF|0|0|0|0|0|170|1|2000|0|0|0|0|0

P|ARAD1N|23L|LUNBI|0|8
S|LUNBI|-37256961|170656817| |IF|0|0|0|0|0|0|0|0|0|0|0|0|0
S|ARADI|-37149461|173447864| |TF|0|0|0|0|0|0|0|0|0|0|0|0|0
S|ARADI|-37149461|173447864| |IF|0|0|0|0|0|0|0|0|0|0|0|0|0
S|GEWNY|-37033811|174142583| |TF|0|0|0|0|0|280|0|0|0|0|0|0|0
S|LENGU|-37080464|174537517| |TF|0|0|0|0|0|0|1|10000|0|0|0|0|0
S|ZORBA|-37148772|174938853| |TF|0|0|0|0|0|0|1|5000|0|0|0|0|0
S|SABAV|-37020825|175072581| |TF|0|0|0|0|0|220|1|4000|0|0|0|0|0
S|EMRAG|-36942011|175038428| |TF|0|0|0|0|0|210|1|3000|0|0|0|0|0

P|ARAD4E|23L|LUNBI|0|6
S|LUNBI|-37256961|170656817| |IF|0|0|0|0|0|0|0|0|0|0|0|0|0
S|ARADI|-37149461|173447864| |TF|0|0|0|0|0|0|0|0|0|0|0|0|0
S|ARADI|-37149461|173447864| |IF|0|0|0|0|0|0|0|0|0|0|0|0|0
S|GEWNY|-37033811|174142583| |TF|0|0|0|0|0|280|1|8000|0|0|0|0|0
S|DOMRI|-36981586|174447917| |TF|0|0|0|0|0|240|0|0|0|0|0|0|0
S|VABTI|-36881561|174811333| |TF|0|0|0|0|0|210|1|6000|0|0|0|0|0

P|ARAD4E|23L|PEBLU|0|6
S|PEBLU|-38109831|170857672| |IF|0|0|0|0|0|0|0|0|0|0|0|0|0
S|ARADI|-37149461|173447864| |TF|0|0|0|0|0|0|0|0|0|0|0|0|0
S|ARADI|-37149461|173447864| |IF|0|0|0|0|0|0|0|0|0|0|0|0|0
S|GEWNY|-37033811|174142583| |TF|0|0|0|0|0|280|1|8000|0|0|0|0|0
S|DOMRI|-36981586|174447917| |TF|0|0|0|0|0|240|0|0|0|0|0|0|0
S|VABTI|-36881561|174811333| |TF|0|0|0|0|0|210|1|6000|0|0|0|0|0

P|ARAD4E|23L|VELMO|0|6
S|VELMO|-38271622|170930750| |IF|0|0|0|0|0|0|0|0|0|0|0|0|0
S|ARADI|-37149461|173447864| |TF|0|0|0|0|0|0|0|0|0|0|0|0|0
S|ARADI|-37149461|173447864| |IF|0|0|0|0|0|0|0|0|0|0|0|0|0
S|GEWNY|-37033811|174142583| |TF|0|0|0|0|0|280|1|8000|0|0|0|0|0
S|DOMRI|-36981586|174447917| |TF|0|0|0|0|0|240|0|0|0|0|0|0|0
S|VABTI|-36881561|174811333| |TF|0|0|0|0|0|210|1|6000|0|0|0|0|0

P|ARAD7B|05R|LUNBI|0|8
S|LUNBI|-37256961|170656817| |IF|0|0|0|0|0|0|0|0|0|0|0|0|0
S|ARADI|-37149461|173447864| |TF|0|0|0|0|0|0|0|0|0|0|0|0|0
S|ARADI|-37149461|173447864| |IF|0|0|0|0|0|0|0|0|0|0|0|0|0
S|JABBA|-37133997|173706547| |TF|0|0|0|0|0|280|1|10000|0|0|0|0|0
S|AA514|-37122500|173893611| |TF|0|0|0|0|0|0|1|7000|0|0|0|0|0
S|ZOCCA|-37107956|174122197| |TF|0|0|0|0|0|240|1|5000|0|0|0|0|0
S|AA506|-37095833|174309167| |TF|0|0|0|0|0|0|1|4000|0|0|0|0|0
S|LENGU|-37080464|174537517| |TF|0|0|0|0|0|210|1|3000|0|0|0|0|0

P|ARAD7B|05R|PEBLU|0|8
S|PEBLU|-38109831|170857672| |IF|0|0|0|0|0|0|0|0|0|0|0|0|0
S|ARADI|-37149461|173447864| |TF|0|0|0|0|0|0|0|0|0|0|0|0|0
S|ARADI|-37149461|173447864| |IF|0|0|0|0|0|0|0|0|0|0|0|0|0
S|JABBA|-37133997|173706547| |TF|0|0|0|0|0|280|1|10000|0|0|0|0|0
S|AA514|-37122500|173893611| |TF|0|0|0|0|0|0|1|7000|0|0|0|0|0
S|ZOCCA|-37107956|174122197| |TF|0|0|0|0|0|240|1|5000|0|0|0|0|0
S|AA506|-37095833|174309167| |TF|0|0|0|0|0|0|1|4000|0|0|0|0|0
S|LENGU|-37080464|174537517| |TF|0|0|0|0|0|210|1|3000|0|0|0|0|0

P|ARAD7B|05R|VELMO|0|8
S|VELMO|-38271622|170930750| |IF|0|0|0|0|0|0|0|0|0|0|0|0|0
S|ARADI|-37149461|173447864| |TF|0|0|0|0|0|0|0|0|0|0|0|0|0
S|ARADI|-37149461|173447864| |IF|0|0|0|0|0|0|0|0|0|0|0|0|0
S|JABBA|-37133997|173706547| |TF|0|0|0|0|0|280|1|10000|0|0|0|0|0
S|AA514|-37122500|173893611| |TF|0|0|0|0|0|0|1|7000|0|0|0|0|0
S|ZOCCA|-37107956|174122197| |TF|0|0|0|0|0|240|1|5000|0|0|0|0|0
S|AA506|-37095833|174309167| |TF|0|0|0|0|0|0|1|4000|0|0|0|0|0
S|LENGU|-37080464|174537517| |TF|0|0|0|0|0|210|1|3000|0|0|0|0|0

P|ARAD7C|23L|LUNBI|0|6
S|LUNBI|-37256961|170656817| |IF|0|0|0|0|0|0|0|0|0|0|0|0|0
S|ARADI|-37149461|173447864| |TF|0|0|0|0|0|0|0|0|0|0|0|0|0
S|ARADI|-37149461|173447864| |IF|0|0|0|0|0|0|0|0|0|0|0|0|0
S|GEWNY|-37033811|174142583| |TF|0|0|0|0|0|280|1|8000|0|0|0|0|0
S|DOMRI|-36981586|174447917| |TF|0|0|0|0|0|240|0|0|0|0|0|0|0
S|KIDAG|-36918939|174676106| |TF|0|0|0|0|0|210|1|6000|0|0|0|0|0

P|ARAD7C|23L|PEBLU|0|6
S|PEBLU|-38109831|170857672| |IF|0|0|0|0|0|0|0|0|0|0|0|0|0
S|ARADI|-37149461|173447864| |TF|0|0|0|0|0|0|0|0|0|0|0|0|0
S|ARADI|-37149461|173447864| |IF|0|0|0|0|0|0|0|0|0|0|0|0|0
S|GEWNY|-37033811|174142583| |TF|0|0|0|0|0|280|1|8000|0|0|0|0|0
S|DOMRI|-36981586|174447917| |TF|0|0|0|0|0|240|0|0|0|0|0|0|0
S|KIDAG|-36918939|174676106| |TF|0|0|0|0|0|210|1|6000|0|0|0|0|0

P|ARAD7C|23L|VELMO|0|6
S|VELMO|-38271622|170930750| |IF|0|0|0|0|0|0|0|0|0|0|0|0|0
S|ARADI|-37149461|173447864| |TF|0|0|0|0|0|0|0|0|0|0|0|0|0
S|ARADI|-37149461|173447864| |IF|0|0|0|0|0|0|0|0|0|0|0|0|0
S|GEWNY|-37033811|174142583| |TF|0|0|0|0|0|280|1|8000|0|0|0|0|0
S|DOMRI|-36981586|174447917| |TF|0|0|0|0|0|240|0|0|0|0|0|0|0
S|KIDAG|-36918939|174676106| |TF|0|0|0|0|0|210|1|6000|0|0|0|0|0

P|ARAD8A|23L|LUNBI|0|8
S|LUNBI|-37256961|170656817| |IF|0|0|0|0|0|0|0|0|0|0|0|0|0
S|ARADI|-37149461|173447864| |TF|0|0|0|0|0|0|0|0|0|0|0|0|0
S|ARADI|-37149461|173447864| |IF|0|0|0|0|0|0|0|0|0|0|0|0|0
S|GEWNY|-37033811|174142583| |TF|0|0|0|0|0|280|1|10000|0|0|0|0|0
S|DOMRI|-36981586|174447917| |TF|0|0|0|0|0|0|1|7000|0|0|0|0|0
S|LOSGA|-36901056|174740892| |TF|0|0|0|0|0|240|1|6000|0|0|0|0|0
S|VIBAG|-36863183|175004350| |TF|0|0|0|0|0|220|1|4000|0|0|0|0|0
S|EMRAG|-36942011|175038428| |TF|0|0|0|0|0|210|1|3000|0|0|0|0|0

P|ARAD8A|23L|PEBLU|0|8
S|PEBLU|-38109831|170857672| |IF|0|0|0|0|0|0|0|0|0|0|0|0|0
S|ARADI|-37149461|173447864| |TF|0|0|0|0|0|0|0|0|0|0|0|0|0
S|ARADI|-37149461|173447864| |IF|0|0|0|0|0|0|0|0|0|0|0|0|0
S|GEWNY|-37033811|174142583| |TF|0|0|0|0|0|280|1|10000|0|0|0|0|0
S|DOMRI|-36981586|174447917| |TF|0|0|0|0|0|0|1|7000|0|0|0|0|0
S|LOSGA|-36901056|174740892| |TF|0|0|0|0|0|240|1|6000|0|0|0|0|0
S|VIBAG|-36863183|175004350| |TF|0|0|0|0|0|220|1|4000|0|0|0|0|0
S|EMRAG|-36942011|175038428| |TF|0|0|0|0|0|210|1|3000|0|0|0|0|0

P|ARAD8A|23L|VELMO|0|8
S|VELMO|-38271622|170930750| |IF|0|0|0|0|0|0|0|0|0|0|0|0|0
S|ARADI|-37149461|173447864| |TF|0|0|0|0|0|0|0|0|0|0|0|0|0
S|ARADI|-37149461|173447864| |IF|0|0|0|0|0|0|0|0|0|0|0|0|0
S|GEWNY|-37033811|174142583| |TF|0|0|0|0|0|280|1|10000|0|0|0|0|0
S|DOMRI|-36981586|174447917| |TF|0|0|0|0|0|0|1|7000|0|0|0|0|0
S|LOSGA|-36901056|174740892| |TF|0|0|0|0|0|240|1|6000|0|0|0|0|0
S|VIBAG|-36863183|175004350| |TF|0|0|0|0|0|220|1|4000|0|0|0|0|0
S|EMRAG|-36942011|175038428| |TF|0|0|0|0|0|210|1|3000|0|0|0|0|0

P|BASI2N|23L|ELNOS|0|7
S|ELNOS|-34251983|172499494| |IF|0|0|0|0|0|0|0|0|0|0|0|0|0
S|BASIV|-36396689|173697869| |TF|0|0|0|0|0|0|0|0|0|0|0|0|0
S|BASIV|-36396689|173697869| |IF|0|0|0|0|0|0|0|0|0|0|0|0|0
S|PAKVI|-36647258|174734575| |TF|0|0|0|0|0|0|1|8000|0|0|0|0|0
S|BAYES|-36670722|174833978| |TF|0|0|0|0|0|0|1|7000|0|0|0|0|0
S|VIBAG|-36863183|175004350| |TF|0|0|0|0|0|220|1|4000|0|0|0|0|0
S|EMRAG|-36942011|175038428| |TF|0|0|0|0|0|210|1|3000|0|0|0|0|0

P|BASI2N|23L|SALAG|0|7
S|SALAG|-34845050|171683364| |IF|0|0|0|0|0|0|0|0|0|0|0|0|0
S|BASIV|-36396689|173697869| |TF|0|0|0|0|0|0|0|0|0|0|0|0|0
S|BASIV|-36396689|173697869| |IF|0|0|0|0|0|0|0|0|0|0|0|0|0
S|PAKVI|-36647258|174734575| |TF|0|0|0|0|0|0|1|8000|0|0|0|0|0
S|BAYES|-36670722|174833978| |TF|0|0|0|0|0|0|1|7000|0|0|0|0|0
S|VIBAG|-36863183|175004350| |TF|0|0|0|0|0|220|1|4000|0|0|0|0|0
S|EMRAG|-36942011|175038428| |TF|0|0|0|0|0|210|1|3000|0|0|0|0|0

P|BASI2N|23L|UPLAR|0|7
S|UPLAR|-35565339|171093136| |IF|0|0|0|0|0|0|0|0|0|0|0|0|0
S|BASIV|-36396689|173697869| |TF|0|0|0|0|0|0|0|0|0|0|0|0|0
S|BASIV|-36396689|173697869| |IF|0|0|0|0|0|0|0|0|0|0|0|0|0
S|PAKVI|-36647258|174734575| |TF|0|0|0|0|0|0|1|8000|0|0|0|0|0
S|BAYES|-36670722|174833978| |TF|0|0|0|0|0|0|1|7000|0|0|0|0|0
S|VIBAG|-36863183|175004350| |TF|0|0|0|0|0|220|1|4000|0|0|0|0|0
S|EMRAG|-36942011|175038428| |TF|0|0|0|0|0|210|1|3000|0|0|0|0|0

P|BASI5E|23L|ELNOS|0|6
S|ELNOS|-34251983|172499494| |IF|0|0|0|0|0|0|0|0|0|0|0|0|0
S|BASIV|-36396689|173697869| |TF|0|0|0|0|0|0|0|0|0|0|0|0|0
S|BASIV|-36396689|173697869| |IF|0|0|0|0|0|0|0|0|0|0|0|0|0
S|BONKO|-36807919|174223356| |TF|0|0|0|0|0|280|1|8000|0|0|0|0|0
S|DOMRI|-36981586|174447917| |TF|0|0|0|0|0|240|0|0|0|0|0|0|0
S|VABTI|-36881561|174811333| |TF|0|0|0|0|0|210|1|6000|0|0|0|0|0

P|BASI5E|23L|SALAG|0|6
S|SALAG|-34845050|171683364| |IF|0|0|0|0|0|0|0|0|0|0|0|0|0
S|BASIV|-36396689|173697869| |TF|0|0|0|0|0|0|0|0|0|0|0|0|0
S|BASIV|-36396689|173697869| |IF|0|0|0|0|0|0|0|0|0|0|0|0|0
S|BONKO|-36807919|174223356| |TF|0|0|0|0|0|280|1|8000|0|0|0|0|0
S|DOMRI|-36981586|174447917| |TF|0|0|0|0|0|240|0|0|0|0|0|0|0
S|VABTI|-36881561|174811333| |TF|0|0|0|0|0|210|1|6000|0|0|0|0|0

P|BASI5E|23L|UPLAR|0|6
S|UPLAR|-35565339|171093136| |IF|0|0|0|0|0|0|0|0|0|0|0|0|0
S|BASIV|-36396689|173697869| |TF|0|0|0|0|0|0|0|0|0|0|0|0|0
S|BASIV|-36396689|173697869| |IF|0|0|0|0|0|0|0|0|0|0|0|0|0
S|BONKO|-36807919|174223356| |TF|0|0|0|0|0|280|1|8000|0|0|0|0|0
S|DOMRI|-36981586|174447917| |TF|0|0|0|0|0|240|0|0|0|0|0|0|0
S|VABTI|-36881561|174811333| |TF|0|0|0|0|0|210|1|6000|0|0|0|0|0

P|BASI8C|23L|ELNOS|0|6
S|ELNOS|-34251983|172499494| |IF|0|0|0|0|0|0|0|0|0|0|0|0|0
S|BASIV|-36396689|173697869| |TF|0|0|0|0|0|0|0|0|0|0|0|0|0
S|BASIV|-36396689|173697869| |IF|0|0|0|0|0|0|0|0|0|0|0|0|0
S|BONKO|-36807919|174223356| |TF|0|0|0|0|0|280|1|8000|0|0|0|0|0
S|DOMRI|-36981586|174447917| |TF|0|0|0|0|0|240|0|0|0|0|0|0|0
S|KIDAG|-36918939|174676106| |TF|0|0|0|0|0|210|1|6000|0|0|0|0|0

P|BASI8C|23L|SALAG|0|6
S|SALAG|-34845050|171683364| |IF|0|0|0|0|0|0|0|0|0|0|0|0|0
S|BASIV|-36396689|173697869| |TF|0|0|0|0|0|0|0|0|0|0|0|0|0
S|BASIV|-36396689|173697869| |IF|0|0|0|0|0|0|0|0|0|0|0|0|0
S|BONKO|-36807919|174223356| |TF|0|0|0|0|0|280|1|8000|0|0|0|0|0
S|DOMRI|-36981586|174447917| |TF|0|0|0|0|0|240|0|0|0|0|0|0|0
S|KIDAG|-36918939|174676106| |TF|0|0|0|0|0|210|1|6000|0|0|0|0|0

P|BASI8C|23L|UPLAR|0|6
S|UPLAR|-35565339|171093136| |IF|0|0|0|0|0|0|0|0|0|0|0|0|0
S|BASIV|-36396689|173697869| |TF|0|0|0|0|0|0|0|0|0|0|0|0|0
S|BASIV|-36396689|173697869| |IF|0|0|0|0|0|0|0|0|0|0|0|0|0
S|BONKO|-36807919|174223356| |TF|0|0|0|0|0|280|1|8000|0|0|0|0|0
S|DOMRI|-36981586|174447917| |TF|0|0|0|0|0|240|0|0|0|0|0|0|0
S|KIDAG|-36918939|174676106| |TF|0|0|0|0|0|210|1|6000|0|0|0|0|0

P|BASI9A|23L|ELNOS|0|8
S|ELNOS|-34251983|172499494| |IF|0|0|0|0|0|0|0|0|0|0|0|0|0
S|BASIV|-36396689|173697869| |TF|0|0|0|0|0|0|0|0|0|0|0|0|0
S|BASIV|-36396689|173697869| |IF|0|0|0|0|0|0|0|0|0|0|0|0|0
S|BONKO|-36807919|174223356| |TF|0|0|0|0|0|280|1|10000|0|0|0|0|0
S|DOMRI|-36981586|174447917| |TF|0|0|0|0|0|0|1|7000|0|0|0|0|0
S|LOSGA|-36901056|174740892| |TF|0|0|0|0|0|240|1|6000|0|0|0|0|0
S|VIBAG|-36863183|175004350| |TF|0|0|0|0|0|220|1|4000|0|0|0|0|0
S|EMRAG|-36942011|175038428| |TF|0|0|0|0|0|210|1|3000|0|0|0|0|0

P|BASI9A|23L|SALAG|0|8
S|SALAG|-34845050|171683364| |IF|0|0|0|0|0|0|0|0|0|0|0|0|0
S|BASIV|-36396689|173697869| |TF|0|0|0|0|0|0|0|0|0|0|0|0|0
S|BASIV|-36396689|173697869| |IF|0|0|0|0|0|0|0|0|0|0|0|0|0
S|BONKO|-36807919|174223356| |TF|0|0|0|0|0|280|1|10000|0|0|0|0|0
S|DOMRI|-36981586|174447917| |TF|0|0|0|0|0|0|1|7000|0|0|0|0|0
S|LOSGA|-36901056|174740892| |TF|0|0|0|0|0|240|1|6000|0|0|0|0|0
S|VIBAG|-36863183|175004350| |TF|0|0|0|0|0|220|1|4000|0|0|0|0|0
S|EMRAG|-36942011|175038428| |TF|0|0|0|0|0|210|1|3000|0|0|0|0|0

P|BASI9A|23L|UPLAR|0|8
S|UPLAR|-35565339|171093136| |IF|0|0|0|0|0|0|0|0|0|0|0|0|0
S|BASIV|-36396689|173697869| |TF|0|0|0|0|0|0|0|0|0|0|0|0|0
S|BASIV|-36396689|173697869| |IF|0|0|0|0|0|0|0|0|0|0|0|0|0
S|BONKO|-36807919|174223356| |TF|0|0|0|0|0|280|1|10000|0|0|0|0|0
S|DOMRI|-36981586|174447917| |TF|0|0|0|0|0|0|1|7000|0|0|0|0|0
S|LOSGA|-36901056|174740892| |TF|0|0|0|0|0|240|1|6000|0|0|0|0|0
S|VIBAG|-36863183|175004350| |TF|0|0|0|0|0|220|1|4000|0|0|0|0|0
S|EMRAG|-36942011|175038428| |TF|0|0|0|0|0|210|1|3000|0|0|0|0|0

P|BASI9B|05R|DUGAN|0|7
S|DUGAN|-33879478|173390172| |IF|0|0|0|0|0|0|0|0|0|0|0|0|0
S|BASIV|-36396689|173697869| |TF|0|0|0|0|0|0|0|0|0|0|0|0|0
S|BASIV|-36396689|173697869| |IF|0|0|0|0|0|0|0|0|0|0|0|0|0
S|BIGUL|-36606192|173952744| |TF|0|0|0|0|0|280|1|10000|0|0|0|0|0
S|XMOND|-36843708|174244228| |TF|0|0|0|0|0|240|1|5000|0|0|0|0|0
S|ORUKI|-37021344|174464022| |TF|0|0|0|0|0|0|1|4000|0|0|0|0|0
S|LENGU|-37080464|174537517| |TF|0|0|0|0|0|210|1|3000|0|0|0|0|0

P|BASI9B|05R|ELNOS|0|7
S|ELNOS|-34251983|172499494| |IF|0|0|0|0|0|0|0|0|0|0|0|0|0
S|BASIV|-36396689|173697869| |TF|0|0|0|0|0|0|0|0|0|0|0|0|0
S|BASIV|-36396689|173697869| |IF|0|0|0|0|0|0|0|0|0|0|0|0|0
S|BIGUL|-36606192|173952744| |TF|0|0|0|0|0|280|1|10000|0|0|0|0|0
S|XMOND|-36843708|174244228| |TF|0|0|0|0|0|240|1|5000|0|0|0|0|0
S|ORUKI|-37021344|174464022| |TF|0|0|0|0|0|0|1|4000|0|0|0|0|0
S|LENGU|-37080464|174537517| |TF|0|0|0|0|0|210|1|3000|0|0|0|0|0

P|BASI9B|05R|SALAG|0|7
S|SALAG|-34845050|171683364| |IF|0|0|0|0|0|0|0|0|0|0|0|0|0
S|BASIV|-36396689|173697869| |TF|0|0|0|0|0|0|0|0|0|0|0|0|0
S|BASIV|-36396689|173697869| |IF|0|0|0|0|0|0|0|0|0|0|0|0|0
S|BIGUL|-36606192|173952744| |TF|0|0|0|0|0|280|1|10000|0|0|0|0|0
S|XMOND|-36843708|174244228| |TF|0|0|0|0|0|240|1|5000|0|0|0|0|0
S|ORUKI|-37021344|174464022| |TF|0|0|0|0|0|0|1|4000|0|0|0|0|0
S|LENGU|-37080464|174537517| |TF|0|0|0|0|0|210|1|3000|0|0|0|0|0

P|BASI9B|05R|UPLAR|0|7
S|UPLAR|-35565339|171093136| |IF|0|0|0|0|0|0|0|0|0|0|0|0|0
S|BASIV|-36396689|173697869| |TF|0|0|0|0|0|0|0|0|0|0|0|0|0
S|BASIV|-36396689|173697869| |IF|0|0|0|0|0|0|0|0|0|0|0|0|0
S|BIGUL|-36606192|173952744| |TF|0|0|0|0|0|280|1|10000|0|0|0|0|0
S|XMOND|-36843708|174244228| |TF|0|0|0|0|0|240|1|5000|0|0|0|0|0
S|ORUKI|-37021344|174464022| |TF|0|0|0|0|0|0|1|4000|0|0|0|0|0
S|LENGU|-37080464|174537517| |TF|0|0|0|0|0|210|1|3000|0|0|0|0|0

P|BOVR1A|23L|BOVRU|0|2
S|BOVRU|-36550908|175201947| |IF|0|0|0|0|0|0|0|0|0|0|0|0|0
S|EMRAG|-36942011|175038428| |TF|0|0|0|0|0|210|1|3000|0|0|0|0|0

P|BOVR1B|05R|BOVRU|0|3
S|BOVRU|-36550908|175201947| |IF|0|0|0|0|0|0|0|0|0|0|0|0|0
S|AKBAM|-37001489|174503856| |TF|0|0|0|0|0|220|1|4000|0|0|0|0|0
S|LENGU|-37080464|174537517| |TF|0|0|0|0|0|210|1|3000|0|0|0|0|0

P|DAVE4E|23L|DAVEE|0|4
S|DAVEE|-37588725|174809942| |IF|0|0|0|0|0|280|0|0|0|0|0|0|0
S|OSAKU|-37425636|174857897| |TF|0|0|0|0|0|0|0|0|0|0|0|0|0
S|ANSER|-37343783|174881889| |TF|0|0|0|0|0|0|1|8000|0|0|0|0|0
S|ZORBA|-37148772|174938853| |TF|0|0|0|0|0|240|1|6000|0|0|0|0|0

P|DAVE6A|23L|DAVEE|0|6
S|DAVEE|-37588725|174809942| |IF|0|0|0|0|0|280|0|0|0|0|0|0|0
S|OSAKU|-37425636|174857897| |TF|0|0|0|0|0|0|0|0|0|0|0|0|0
S|ANSER|-37343783|174881889| |TF|0|0|0|0|0|0|1|9000|0|0|0|0|0
S|ZORBA|-37148772|174938853| |TF|0|0|0|0|0|240|1|6000|0|0|0|0|0
S|SABAV|-37020825|175072581| |TF|0|0|0|0|0|220|1|4000|0|0|0|0|0
S|EMRAG|-36942011|175038428| |TF|0|0|0|0|0|210|1|3000|0|0|0|0|0

P|DAVE7B|05R|DAVEE|0|4
S|DAVEE|-37588725|174809942| |IF|0|0|0|0|0|280|1|8000|0|0|0|0|0
S|VINCE|-37267650|174814069| |TF|0|0|0|0|0|240|3|9000|5000|0|0|0|0
S|GITUK|-37159422|174571253| |TF|0|0|0|0|0|220|1|4000|0|0|0|0|0
S|LENGU|-37080464|174537517| |TF|0|0|0|0|0|210|1|3000|0|0|0|0|0

P|DAVE7C|23L|DAVEE|0|5
S|DAVEE|-37588725|174809942| |IF|0|0|0|0|0|280|1|8000|0|0|0|0|0
S|OSAKU|-37425636|174857897| |TF|0|0|0|0|0|0|1|5000|0|0|0|0|0
S|ANSER|-37343783|174881889| |TF|0|0|0|0|0|0|0|0|0|0|0|0|0
S|ELBOP|-37175203|174841428| |TF|0|0|0|0|0|0|0|0|0|0|0|0|0
S|ESNAX|-37093997|174865403| |TF|0|0|0|0|0|210|1|3000|0|0|0|0|0

P|DAVE7D|05R|DAVEE|0|4
S|DAVEE|-37588725|174809942| |IF|0|0|0|0|0|280|1|8000|0|0|0|0|0
S|AA507|-37420278|174770000| |TF|0|0|0|0|0|240|1|5000|0|0|0|0|0
S|STEAL|-37203861|174719144| |TF|0|0|0|0|0|220|0|0|0|0|0|0|0
S|ATAMA|-37122392|174696567| |TF|0|0|0|0|0|210|1|3000|0|0|0|0|0

P|DODK1A|23L|DODKU|0|4
S|DODKU|-37443911|175757103| |IF|0|0|0|0|0|0|0|0|0|0|0|0|0
S|SAMII|-37249806|175477228| |TF|0|0|0|0|0|0|1|7000|0|0|0|0|0
S|TEVUC|-37041136|175179086| |TF|0|0|0|0|0|220|1|5000|0|0|0|0|0
S|EMRAG|-36942011|175038428| |TF|0|0|0|0|0|210|1|3000|0|0|0|0|0

P|DODK1B|05R|DODKU|0|6
S|DODKU|-37443911|175757103| |IF|0|0|0|0|0|0|0|0|0|0|0|0|0
S|MERAS|-37193806|175298639| |TF|0|0|0|0|0|0|1|7000|0|0|0|0|0
S|AA503|-37258333|174875556| |TF|0|0|0|0|0|0|1|6000|0|0|0|0|0
S|VINCE|-37267650|174814069| |TF|0|0|0|0|0|240|3|9000|5000|0|0|0|0
S|GITUK|-37159422|174571253| |TF|0|0|0|0|0|220|1|4000|0|0|0|0|0
S|LENGU|-37080464|174537517| |TF|0|0|0|0|0|210|1|3000|0|0|0|0|0

P|DODK1D|05R|DODKU|0|6
S|DODKU|-37443911|175757103| |IF|0|0|0|0|0|0|0|0|0|0|0|0|0
S|MERAS|-37193806|175298639| |TF|0|0|0|0|0|0|1|7000|0|0|0|0|0
S|AA503|-37258333|174875556| |TF|0|0|0|0|0|0|1|6000|0|0|0|0|0
S|VINCE|-37267650|174814069| |TF|0|0|0|0|0|240|3|9000|4000|0|0|0|0
S|STEAL|-37203861|174719144| |TF|0|0|0|0|0|220|0|0|0|0|0|0|0
S|ATAMA|-37122392|174696567| |TF|0|0|0|0|0|210|1|3000|0|0|0|0|0

P|DODK2E|23L|DODKU|0|3
S|DODKU|-37443911|175757103| |IF|0|0|0|0|0|0|0|0|0|0|0|0|0
S|SAMII|-37249806|175477228| |TF|0|0|0|0|0|0|1|7000|0|0|0|0|0
S|TEVUC|-37041136|175179086| |TF|0|0|0|0|0|240|1|5000|0|0|0|0|0

P|EAGI2A|23L|AKLOM|0|7
S|AKLOM|-35357856|178394161| |IF|0|0|0|0|0|0|0|0|0|0|0|0|0
S|EAGIL|-36671592|175634950| |TF|0|0|0|0|0|280|1|10000|0|0|0|0|0
S|EAGIL|-36671592|175634950| |IF|0|0|0|0|0|280|1|10000|0|0|0|0|0
S|AA421|-36753889|175454722| |TF|0|0|0|0|0|0|1|7000|0|0|0|0|0
S|AA425|-36835833|175273889| |TF|0|0|0|0|0|240|1|5000|0|0|0|0|0
S|AA420|-36868611|175201667| |TF|0|0|0|0|0|0|1|4000|0|0|0|0|0
S|EMRAG|-36942011|175038428| |TF|0|0|0|0|0|210|1|3000|0|0|0|0|0

P|EXOP2B|05R|AGREX|0|8
S|AGREX|-33725117|175564372| |IF|0|0|0|0|0|0|0|0|0|0|0|0|0
S|EXOPI|-36364981|175302225| |TF|0|0|0|0|0|0|0|0|0|0|0|0|0
S|EXOPI|-36364981|175302225| |IF|0|0|0|0|0|0|0|0|0|0|0|0|0
S|DIPPU|-36593969|175167214| |TF|0|0|0|0|0|280|1|10000|0|0|0|0|0
S|ANKIL|-36819844|175033200| |TF|0|0|0|0|0|0|1|7000|0|0|0|0|0
S|LOSGA|-36901056|174740892| |TF|0|0|0|0|0|240|1|6000|0|0|0|0|0
S|AKBAM|-37001489|174503856| |TF|0|0|0|0|0|220|1|4000|0|0|0|0|0
S|LENGU|-37080464|174537517| |TF|0|0|0|0|0|210|1|3000|0|0|0|0|0

P|EXOP2B|05R|AKLOM|0|8
S|AKLOM|-35357856|178394161| |IF|0|0|0|0|0|0|0|0|0|0|0|0|0
S|EXOPI|-36364981|175302225| |TF|0|0|0|0|0|0|0|0|0|0|0|0|0
S|EXOPI|-36364981|175302225| |IF|0|0|0|0|0|0|0|0|0|0|0|0|0
S|DIPPU|-36593969|175167214| |TF|0|0|0|0|0|280|1|10000|0|0|0|0|0
S|ANKIL|-36819844|175033200| |TF|0|0|0|0|0|0|1|7000|0|0|0|0|0
S|LOSGA|-36901056|174740892| |TF|0|0|0|0|0|240|1|6000|0|0|0|0|0
S|AKBAM|-37001489|174503856| |TF|0|0|0|0|0|220|1|4000|0|0|0|0|0
S|LENGU|-37080464|174537517| |TF|0|0|0|0|0|210|1|3000|0|0|0|0|0

P|EXOP2B|05R|ELPAK|0|9
S|ELPAK|-34149336|176927556| |IF|0|0|0|0|0|0|0|0|0|0|0|0|0
S|OKTUB|-35213969|176160044| |TF|0|0|0|0|0|0|0|0|0|0|0|0|0
S|EXOPI|-36364981|175302225| |TF|0|0|0|0|0|0|0|0|0|0|0|0|0
S|EXOPI|-36364981|175302225| |IF|0|0|0|0|0|0|0|0|0|0|0|0|0
S|DIPPU|-36593969|175167214| |TF|0|0|0|0|0|280|1|10000|0|0|0|0|0
S|ANKIL|-36819844|175033200| |TF|0|0|0|0|0|0|1|7000|0|0|0|0|0
S|LOSGA|-36901056|174740892| |TF|0|0|0|0|0|240|1|6000|0|0|0|0|0
S|AKBAM|-37001489|174503856| |TF|0|0|0|0|0|220|1|4000|0|0|0|0|0
S|LENGU|-37080464|174537517| |TF|0|0|0|0|0|210|1|3000|0|0|0|0|0

P|EXOP2B|05R|KALAG|0|8
S|KALAG|-33694261|175323831| |IF|0|0|0|0|0|0|0|0|0|0|0|0|0
S|EXOPI|-36364981|175302225| |TF|0|0|0|0|0|0|0|0|0|0|0|0|0
S|EXOPI|-36364981|175302225| |IF|0|0|0|0|0|0|0|0|0|0|0|0|0
S|DIPPU|-36593969|175167214| |TF|0|0|0|0|0|280|1|10000|0|0|0|0|0
S|ANKIL|-36819844|175033200| |TF|0|0|0|0|0|0|1|7000|0|0|0|0|0
S|LOSGA|-36901056|174740892| |TF|0|0|0|0|0|240|1|6000|0|0|0|0|0
S|AKBAM|-37001489|174503856| |TF|0|0|0|0|0|220|1|4000|0|0|0|0|0
S|LENGU|-37080464|174537517| |TF|0|0|0|0|0|210|1|3000|0|0|0|0|0

P|EXOP2B|05R|OKTUB|0|8
S|OKTUB|-35213969|176160044| |IF|0|0|0|0|0|0|0|0|0|0|0|0|0
S|EXOPI|-36364981|175302225| |TF|0|0|0|0|0|0|0|0|0|0|0|0|0
S|EXOPI|-36364981|175302225| |IF|0|0|0|0|0|0|0|0|0|0|0|0|0
S|DIPPU|-36593969|175167214| |TF|0|0|0|0|0|280|1|10000|0|0|0|0|0
S|ANKIL|-36819844|175033200| |TF|0|0|0|0|0|0|1|7000|0|0|0|0|0
S|LOSGA|-36901056|174740892| |TF|0|0|0|0|0|240|1|6000|0|0|0|0|0
S|AKBAM|-37001489|174503856| |TF|0|0|0|0|0|220|1|4000|0|0|0|0|0
S|LENGU|-37080464|174537517| |TF|0|0|0|0|0|210|1|3000|0|0|0|0|0

P|EXOP2B|05R|OLBEX|0|8
S|OLBEX|-35693419|178607472| |IF|0|0|0|0|0|0|0|0|0|0|0|0|0
S|EXOPI|-36364981|175302225| |TF|0|0|0|0|0|0|0|0|0|0|0|0|0
S|EXOPI|-36364981|175302225| |IF|0|0|0|0|0|0|0|0|0|0|0|0|0
S|DIPPU|-36593969|175167214| |TF|0|0|0|0|0|280|1|10000|0|0|0|0|0
S|ANKIL|-36819844|175033200| |TF|0|0|0|0|0|0|1|7000|0|0|0|0|0
S|LOSGA|-36901056|174740892| |TF|0|0|0|0|0|240|1|6000|0|0|0|0|0
S|AKBAM|-37001489|174503856| |TF|0|0|0|0|0|220|1|4000|0|0|0|0|0
S|LENGU|-37080464|174537517| |TF|0|0|0|0|0|210|1|3000|0|0|0|0|0

P|EXOP2B|05R|TARIB|0|8
S|TARIB|-34066142|176748078| |IF|0|0|0|0|0|0|0|0|0|0|0|0|0
S|EXOPI|-36364981|175302225| |TF|0|0|0|0|0|0|0|0|0|0|0|0|0
S|EXOPI|-36364981|175302225| |IF|0|0|0|0|0|0|0|0|0|0|0|0|0
S|DIPPU|-36593969|175167214| |TF|0|0|0|0|0|280|1|10000|0|0|0|0|0
S|ANKIL|-36819844|175033200| |TF|0|0|0|0|0|0|1|7000|0|0|0|0|0
S|LOSGA|-36901056|174740892| |TF|0|0|0|0|0|240|1|6000|0|0|0|0|0
S|AKBAM|-37001489|174503856| |TF|0|0|0|0|0|220|1|4000|0|0|0|0|0
S|LENGU|-37080464|174537517| |TF|0|0|0|0|0|210|1|3000|0|0|0|0|0

P|EXOP8D|05R|AGREX|0|6
S|AGREX|-33725117|175564372| |IF|0|0|0|0|0|0|0|0|0|0|0|0|0
S|EXOPI|-36364981|175302225| |TF|0|0|0|0|0|0|0|0|0|0|0|0|0
S|EXOPI|-36364981|175302225| |IF|0|0|0|0|0|0|0|0|0|0|0|0|0
S|DIPPU|-36593969|175167214| |TF|0|0|0|0|0|280|1|8000|0|0|0|0|0
S|ANKIL|-36819844|175033200| |TF|0|0|0|0|0|240|0|0|0|0|0|0|0
S|VIRIS|-36873267|174841267| |TF|0|0|0|0|0|210|1|6000|0|0|0|0|0

P|EXOP8D|05R|AKLOM|0|6
S|AKLOM|-35357856|178394161| |IF|0|0|0|0|0|0|0|0|0|0|0|0|0
S|EXOPI|-36364981|175302225| |TF|0|0|0|0|0|0|0|0|0|0|0|0|0
S|EXOPI|-36364981|175302225| |IF|0|0|0|0|0|0|0|0|0|0|0|0|0
S|DIPPU|-36593969|175167214| |TF|0|0|0|0|0|280|1|8000|0|0|0|0|0
S|ANKIL|-36819844|175033200| |TF|0|0|0|0|0|240|0|0|0|0|0|0|0
S|VIRIS|-36873267|174841267| |TF|0|0|0|0|0|210|1|6000|0|0|0|0|0

P|EXOP8D|05R|ELPAK|0|7
S|ELPAK|-34149336|176927556| |IF|0|0|0|0|0|0|0|0|0|0|0|0|0
S|OKTUB|-35213969|176160044| |TF|0|0|0|0|0|0|0|0|0|0|0|0|0
S|EXOPI|-36364981|175302225| |TF|0|0|0|0|0|0|0|0|0|0|0|0|0
S|EXOPI|-36364981|175302225| |IF|0|0|0|0|0|0|0|0|0|0|0|0|0
S|DIPPU|-36593969|175167214| |TF|0|0|0|0|0|280|1|8000|0|0|0|0|0
S|ANKIL|-36819844|175033200| |TF|0|0|0|0|0|240|0|0|0|0|0|0|0
S|VIRIS|-36873267|174841267| |TF|0|0|0|0|0|210|1|6000|0|0|0|0|0

P|EXOP8D|05R|KALAG|0|6
S|KALAG|-33694261|175323831| |IF|0|0|0|0|0|0|0|0|0|0|0|0|0
S|EXOPI|-36364981|175302225| |TF|0|0|0|0|0|0|0|0|0|0|0|0|0
S|EXOPI|-36364981|175302225| |IF|0|0|0|0|0|0|0|0|0|0|0|0|0
S|DIPPU|-36593969|175167214| |TF|0|0|0|0|0|280|1|8000|0|0|0|0|0
S|ANKIL|-36819844|175033200| |TF|0|0|0|0|0|240|0|0|0|0|0|0|0
S|VIRIS|-36873267|174841267| |TF|0|0|0|0|0|210|1|6000|0|0|0|0|0

P|EXOP8D|05R|OKTUB|0|6
S|OKTUB|-35213969|176160044| |IF|0|0|0|0|0|0|0|0|0|0|0|0|0
S|EXOPI|-36364981|175302225| |TF|0|0|0|0|0|0|0|0|0|0|0|0|0
S|EXOPI|-36364981|175302225| |IF|0|0|0|0|0|0|0|0|0|0|0|0|0
S|DIPPU|-36593969|175167214| |TF|0|0|0|0|0|280|1|8000|0|0|0|0|0
S|ANKIL|-36819844|175033200| |TF|0|0|0|0|0|240|0|0|0|0|0|0|0
S|VIRIS|-36873267|174841267| |TF|0|0|0|0|0|210|1|6000|0|0|0|0|0

P|EXOP8D|05R|OLBEX|0|6
S|OLBEX|-35693419|178607472| |IF|0|0|0|0|0|0|0|0|0|0|0|0|0
S|EXOPI|-36364981|175302225| |TF|0|0|0|0|0|0|0|0|0|0|0|0|0
S|EXOPI|-36364981|175302225| |IF|0|0|0|0|0|0|0|0|0|0|0|0|0
S|DIPPU|-36593969|175167214| |TF|0|0|0|0|0|280|1|8000|0|0|0|0|0
S|ANKIL|-36819844|175033200| |TF|0|0|0|0|0|240|0|0|0|0|0|0|0
S|VIRIS|-36873267|174841267| |TF|0|0|0|0|0|210|1|6000|0|0|0|0|0

P|EXOP8D|05R|TARIB|0|6
S|TARIB|-34066142|176748078| |IF|0|0|0|0|0|0|0|0|0|0|0|0|0
S|EXOPI|-36364981|175302225| |TF|0|0|0|0|0|0|0|0|0|0|0|0|0
S|EXOPI|-36364981|175302225| |IF|0|0|0|0|0|0|0|0|0|0|0|0|0
S|DIPPU|-36593969|175167214| |TF|0|0|0|0|0|280|1|8000|0|0|0|0|0
S|ANKIL|-36819844|175033200| |TF|0|0|0|0|0|240|0|0|0|0|0|0|0
S|VIRIS|-36873267|174841267| |TF|0|0|0|0|0|210|1|6000|0|0|0|0|0

P|EXOP9A|23L|AGREX|0|7
S|AGREX|-33725117|175564372| |IF|0|0|0|0|0|0|0|0|0|0|0|0|0
S|EXOPI|-36364981|175302225| |TF|0|0|0|0|0|280|1|10000|0|0|0|0|0
S|EXOPI|-36364981|175302225| |IF|0|0|0|0|0|280|1|10000|0|0|0|0|0
S|AA417|-36535000|175225000| |TF|0|0|0|0|0|0|1|7000|0|0|0|0|0
S|STORK|-36660206|175167756| |TF|0|0|0|0|0|240|1|6000|0|0|0|0|0
S|AA418|-36785556|175110278| |TF|0|0|0|0|0|0|1|4000|0|0|0|0|0
S|EMRAG|-36942011|175038428| |TF|0|0|0|0|0|210|1|3000|0|0|0|0|0

P|EXOP9A|23L|DUGAN|0|7
S|DUGAN|-33879478|173390172| |IF|0|0|0|0|0|0|0|0|0|0|0|0|0
S|EXOPI|-36364981|175302225| |TF|0|0|0|0|0|280|1|10000|0|0|0|0|0
S|EXOPI|-36364981|175302225| |IF|0|0|0|0|0|280|1|10000|0|0|0|0|0
S|AA417|-36535000|175225000| |TF|0|0|0|0|0|0|1|7000|0|0|0|0|0
S|STORK|-36660206|175167756| |TF|0|0|0|0|0|240|1|6000|0|0|0|0|0
S|AA418|-36785556|175110278| |TF|0|0|0|0|0|0|1|4000|0|0|0|0|0
S|EMRAG|-36942011|175038428| |TF|0|0|0|0|0|210|1|3000|0|0|0|0|0

P|EXOP9A|23L|ELPAK|0|8
S|ELPAK|-34149336|176927556| |IF|0|0|0|0|0|0|0|0|0|0|0|0|0
S|OKTUB|-35213969|176160044| |TF|0|0|0|0|0|0|0|0|0|0|0|0|0
S|EXOPI|-36364981|175302225| |TF|0|0|0|0|0|280|1|10000|0|0|0|0|0
S|EXOPI|-36364981|175302225| |IF|0|0|0|0|0|280|1|10000|0|0|0|0|0
S|AA417|-36535000|175225000| |TF|0|0|0|0|0|0|1|7000|0|0|0|0|0
S|STORK|-36660206|175167756| |TF|0|0|0|0|0|240|1|6000|0|0|0|0|0
S|AA418|-36785556|175110278| |TF|0|0|0|0|0|0|1|4000|0|0|0|0|0
S|EMRAG|-36942011|175038428| |TF|0|0|0|0|0|210|1|3000|0|0|0|0|0

P|EXOP9A|23L|KALAG|0|7
S|KALAG|-33694261|175323831| |IF|0|0|0|0|0|0|0|0|0|0|0|0|0
S|EXOPI|-36364981|175302225| |TF|0|0|0|0|0|280|1|10000|0|0|0|0|0
S|EXOPI|-36364981|175302225| |IF|0|0|0|0|0|280|1|10000|0|0|0|0|0
S|AA417|-36535000|175225000| |TF|0|0|0|0|0|0|1|7000|0|0|0|0|0
S|STORK|-36660206|175167756| |TF|0|0|0|0|0|240|1|6000|0|0|0|0|0
S|AA418|-36785556|175110278| |TF|0|0|0|0|0|0|1|4000|0|0|0|0|0
S|EMRAG|-36942011|175038428| |TF|0|0|0|0|0|210|1|3000|0|0|0|0|0

P|EXOP9A|23L|OKTUB|0|7
S|OKTUB|-35213969|176160044| |IF|0|0|0|0|0|0|0|0|0|0|0|0|0
S|EXOPI|-36364981|175302225| |TF|0|0|0|0|0|280|1|10000|0|0|0|0|0
S|EXOPI|-36364981|175302225| |IF|0|0|0|0|0|280|1|10000|0|0|0|0|0
S|AA417|-36535000|175225000| |TF|0|0|0|0|0|0|1|7000|0|0|0|0|0
S|STORK|-36660206|175167756| |TF|0|0|0|0|0|240|1|6000|0|0|0|0|0
S|AA418|-36785556|175110278| |TF|0|0|0|0|0|0|1|4000|0|0|0|0|0
S|EMRAG|-36942011|175038428| |TF|0|0|0|0|0|210|1|3000|0|0|0|0|0

P|EXOP9A|23L|TARIB|0|7
S|TARIB|-34066142|176748078| |IF|0|0|0|0|0|0|0|0|0|0|0|0|0
S|EXOPI|-36364981|175302225| |TF|0|0|0|0|0|280|1|10000|0|0|0|0|0
S|EXOPI|-36364981|175302225| |IF|0|0|0|0|0|280|1|10000|0|0|0|0|0
S|AA417|-36535000|175225000| |TF|0|0|0|0|0|0|1|7000|0|0|0|0|0
S|STORK|-36660206|175167756| |TF|0|0|0|0|0|240|1|6000|0|0|0|0|0
S|AA418|-36785556|175110278| |TF|0|0|0|0|0|0|1|4000|0|0|0|0|0
S|EMRAG|-36942011|175038428| |TF|0|0|0|0|0|210|1|3000|0|0|0|0|0

P|FOKR3A|23L|IBESO|0|7
S|IBESO|-36990292|178967481| |IF|0|0|0|0|0|0|0|0|0|0|0|0|0
S|FOKRE|-36731056|175671206| |TF|0|0|0|0|0|280|1|10000|0|0|0|0|0
S|FOKRE|-36731056|175671206| |IF|0|0|0|0|0|280|1|10000|0|0|0|0|0
S|AA416|-36795278|175479722| |TF|0|0|0|0|0|0|1|7000|0|0|0|0|0
S|AA426|-36859167|175288056| |TF|0|0|0|0|0|240|1|5000|0|0|0|0|0
S|AA419|-36884722|175211389| |TF|0|0|0|0|0|0|1|4000|0|0|0|0|0
S|EMRAG|-36942011|175038428| |TF|0|0|0|0|0|210|1|3000|0|0|0|0|0

P|FOKR3A|23L|OLBEX|0|7
S|OLBEX|-35693419|178607472| |IF|0|0|0|0|0|0|0|0|0|0|0|0|0
S|FOKRE|-36731056|175671206| |TF|0|0|0|0|0|280|1|10000|0|0|0|0|0
S|FOKRE|-36731056|175671206| |IF|0|0|0|0|0|280|1|10000|0|0|0|0|0
S|AA416|-36795278|175479722| |TF|0|0|0|0|0|0|1|7000|0|0|0|0|0
S|AA426|-36859167|175288056| |TF|0|0|0|0|0|240|1|5000|0|0|0|0|0
S|AA419|-36884722|175211389| |TF|0|0|0|0|0|0|1|4000|0|0|0|0|0
S|EMRAG|-36942011|175038428| |TF|0|0|0|0|0|210|1|3000|0|0|0|0|0

P|IBES1B|05R|IBESO|0|6
S|IBESO|-36990292|178967481| |IF|0|0|0|0|0|0|0|0|0|0|0|0|0
S|MERAS|-37193806|175298639| |TF|0|0|0|0|0|0|1|7000|0|0|0|0|0
S|AA503|-37258333|174875556| |TF|0|0|0|0|0|0|1|6000|0|0|0|0|0
S|VINCE|-37267650|174814069| |TF|0|0|0|0|0|240|3|9000|5000|0|0|0|0
S|GITUK|-37159422|174571253| |TF|0|0|0|0|0|220|1|4000|0|0|0|0|0
S|LENGU|-37080464|174537517| |TF|0|0|0|0|0|210|1|3000|0|0|0|0|0

P|IBES1D|05R|IBESO|0|6
S|IBESO|-36990292|178967481| |IF|0|0|0|0|0|0|0|0|0|0|0|0|0
S|MERAS|-37193806|175298639| |TF|0|0|0|0|0|0|1|7000|0|0|0|0|0
S|AA503|-37258333|174875556| |TF|0|0|0|0|0|0|1|6000|0|0|0|0|0
S|VINCE|-37267650|174814069| |TF|0|0|0|0|0|240|3|9000|5000|0|0|0|0
S|STEAL|-37203861|174719144| |TF|0|0|0|0|0|220|0|0|0|0|0|0|0
S|ATAMA|-37122392|174696567| |TF|0|0|0|0|0|210|1|3000|0|0|0|0|0

P|LUNB1N|23L|LUNBI|0|7
S|LUNBI|-37256961|170656817| |IF|0|0|0|0|0|0|0|0|0|0|0|0|0
S|ARADI|-37149461|173447864| |TF|0|0|0|0|0|0|0|0|0|0|0|0|0
S|GEWNY|-37033811|174142583| |TF|0|0|0|0|0|280|1|10000|0|0|0|0|0
S|DOMRI|-36981586|174447917| |TF|0|0|0|0|0|0|1|9000|0|0|0|0|0
S|LOSGA|-36901056|174740892| |TF|0|0|0|0|0|240|1|7000|0|0|0|0|0
S|VIBAG|-36863183|175004350| |TF|0|0|0|0|0|220|1|4000|0|0|0|0|0
S|EMRAG|-36942011|175038428| |TF|0|0|0|0|0|210|1|3000|0|0|0|0|0

P|PEPE3E|23L|PEPPE|0|4
S|PEPPE|-37576886|174960094| |IF|0|0|0|0|0|0|1|11000|0|0|0|0|0
S|ONISU|-37417183|174946333| |TF|0|0|0|0|0|0|0|0|0|0|0|0|0
S|UPTIB|-37352086|174964839| |TF|0|0|0|0|0|0|1|9000|0|0|0|0|0
S|KETOB|-37132264|175028864| |TF|0|0|0|0|0|240|1|5000|0|0|0|0|0

P|PEPE5A|23L|PEPPE|0|6
S|PEPPE|-37576886|174960094| |IF|0|0|0|0|0|0|1|11000|0|0|0|0|0
S|ONISU|-37417183|174946333| |TF|0|0|0|0|0|0|0|0|0|0|0|0|0
S|UPTIB|-37352086|174964839| |TF|0|0|0|0|0|0|1|9000|0|0|0|0|0
S|KETOB|-37132264|175028864| |TF|0|0|0|0|0|0|1|5000|0|0|0|0|0
S|SABAV|-37020825|175072581| |TF|0|0|0|0|0|220|1|4000|0|0|0|0|0
S|EMRAG|-36942011|175038428| |TF|0|0|0|0|0|210|1|3000|0|0|0|0|0

P|PEPE6B|05R|PEPPE|0|5
S|PEPPE|-37576886|174960094| |IF|0|0|0|0|0|0|1|11000|0|0|0|0|0
S|IGABI|-37413419|174918003| |TF|0|0|0|0|0|0|0|0|0|0|0|0|0
S|VINCE|-37267650|174814069| |TF|0|0|0|0|0|240|3|9000|5000|0|0|0|0
S|GITUK|-37159422|174571253| |TF|0|0|0|0|0|220|1|4000|0|0|0|0|0
S|LENGU|-37080464|174537517| |TF|0|0|0|0|0|210|1|3000|0|0|0|0|0

P|PEPE9C|23L|PEPPE|0|4
S|PEPPE|-37576886|174960094| |IF|0|0|0|0|0|0|1|11000|0|0|0|0|0
S|ANSER|-37343783|174881889| |TF|0|0|0|0|0|0|1|5000|0|0|0|0|0
S|ELBOP|-37175203|174841428| |TF|0|0|0|0|0|0|0|0|0|0|0|0|0
S|ESNAX|-37093997|174865403| |TF|0|0|0|0|0|210|1|3000|0|0|0|0|0

P|PEPE9D|05R|PEPPE|0|5
S|PEPPE|-37576886|174960094| |IF|0|0|0|0|0|0|1|11000|0|0|0|0|0
S|IGABI|-37413419|174918003| |TF|0|0|0|0|0|0|1|5000|0|0|0|0|0
S|VINCE|-37267650|174814069| |TF|0|0|0|0|0|240|3|9000|4000|0|0|0|0
S|STEAL|-37203861|174719144| |TF|0|0|0|0|0|220|0|0|0|0|0|0|0
S|ATAMA|-37122392|174696567| |TF|0|0|0|0|0|210|1|3000|0|0|0|0|0

P|RIKD2N|05R|AGREX|0|6
S|AGREX|-33725117|175564372| |IF|0|0|0|0|0|0|0|0|0|0|0|0|0
S|RIKDI|-36682944|174581336| |TF|0|0|0|0|0|0|1|8000|0|0|0|0|0
S|RIKDI|-36682944|174581336| |IF|0|0|0|0|0|0|1|8000|0|0|0|0|0
S|WYTAK|-36908156|174433008| |TF|0|0|0|0|0|0|1|5000|0|0|0|0|0
S|OSIVO|-37099344|174468508| |TF|0|0|0|0|0|0|0|0|0|0|0|0|0
S|LENGU|-37080464|174537517| |TF|1|0|0|0|0|0|1|3000|0|0|0|0|0

P|RIKD2N|05R|AKLOM|0|6
S|AKLOM|-35357856|178394161| |IF|0|0|0|0|0|0|0|0|0|0|0|0|0
S|RIKDI|-36682944|174581336| |TF|0|0|0|0|0|0|1|8000|0|0|0|0|0
S|RIKDI|-36682944|174581336| |IF|0|0|0|0|0|0|1|8000|0|0|0|0|0
S|WYTAK|-36908156|174433008| |TF|0|0|0|0|0|0|1|5000|0|0|0|0|0
S|OSIVO|-37099344|174468508| |TF|0|0|0|0|0|0|0|0|0|0|0|0|0
S|LENGU|-37080464|174537517| |TF|1|0|0|0|0|0|1|3000|0|0|0|0|0

P|RIKD2N|05R|ELPAK|0|6
S|ELPAK|-34149336|176927556| |IF|0|0|0|0|0|0|0|0|0|0|0|0|0
S|RIKDI|-36682944|174581336| |TF|0|0|0|0|0|0|1|8000|0|0|0|0|0
S|RIKDI|-36682944|174581336| |IF|0|0|0|0|0|0|1|8000|0|0|0|0|0
S|WYTAK|-36908156|174433008| |TF|0|0|0|0|0|0|1|5000|0|0|0|0|0
S|OSIVO|-37099344|174468508| |TF|0|0|0|0|0|0|0|0|0|0|0|0|0
S|LENGU|-37080464|174537517| |TF|1|0|0|0|0|0|1|3000|0|0|0|0|0

P|RIKD2N|05R|KALAG|0|6
S|KALAG|-33694261|175323831| |IF|0|0|0|0|0|0|0|0|0|0|0|0|0
S|RIKDI|-36682944|174581336| |TF|0|0|0|0|0|0|1|8000|0|0|0|0|0
S|RIKDI|-36682944|174581336| |IF|0|0|0|0|0|0|1|8000|0|0|0|0|0
S|WYTAK|-36908156|174433008| |TF|0|0|0|0|0|0|1|5000|0|0|0|0|0
S|OSIVO|-37099344|174468508| |TF|0|0|0|0|0|0|0|0|0|0|0|0|0
S|LENGU|-37080464|174537517| |TF|1|0|0|0|0|0|1|3000|0|0|0|0|0

P|RIKD2N|05R|OKTUB|0|6
S|OKTUB|-35213969|176160044| |IF|0|0|0|0|0|0|0|0|0|0|0|0|0
S|RIKDI|-36682944|174581336| |TF|0|0|0|0|0|0|1|8000|0|0|0|0|0
S|RIKDI|-36682944|174581336| |IF|0|0|0|0|0|0|1|8000|0|0|0|0|0
S|WYTAK|-36908156|174433008| |TF|0|0|0|0|0|0|1|5000|0|0|0|0|0
S|OSIVO|-37099344|174468508| |TF|0|0|0|0|0|0|0|0|0|0|0|0|0
S|LENGU|-37080464|174537517| |TF|1|0|0|0|0|0|1|3000|0|0|0|0|0

P|RIKD2N|05R|OLBEX|0|6
S|OLBEX|-35693419|178607472| |IF|0|0|0|0|0|0|0|0|0|0|0|0|0
S|RIKDI|-36682944|174581336| |TF|0|0|0|0|0|0|1|8000|0|0|0|0|0
S|RIKDI|-36682944|174581336| |IF|0|0|0|0|0|0|1|8000|0|0|0|0|0
S|WYTAK|-36908156|174433008| |TF|0|0|0|0|0|0|1|5000|0|0|0|0|0
S|OSIVO|-37099344|174468508| |TF|0|0|0|0|0|0|0|0|0|0|0|0|0
S|LENGU|-37080464|174537517| |TF|1|0|0|0|0|0|1|3000|0|0|0|0|0

P|RIKD2N|05R|TARIB|0|6
S|TARIB|-34066142|176748078| |IF|0|0|0|0|0|0|0|0|0|0|0|0|0
S|RIKDI|-36682944|174581336| |TF|0|0|0|0|0|0|1|8000|0|0|0|0|0
S|RIKDI|-36682944|174581336| |IF|0|0|0|0|0|0|1|8000|0|0|0|0|0
S|WYTAK|-36908156|174433008| |TF|0|0|0|0|0|0|1|5000|0|0|0|0|0
S|OSIVO|-37099344|174468508| |TF|0|0|0|0|0|0|0|0|0|0|0|0|0
S|LENGU|-37080464|174537517| |TF|1|0|0|0|0|0|1|3000|0|0|0|0|0

P|SCAR3B|05R|HN|0|7
S|HN|-37849264|175338528| |IF|0|0|0|0|0|0|0|0|0|0|0|0|0
S|SCARY|-37572461|175070700| |TF|0|0|0|0|0|0|0|0|0|0|0|0|0
S|SCARY|-37572461|175070700| |IF|0|0|0|0|0|0|0|0|0|0|0|0|0
S|IGABI|-37413419|174918003| |TF|0|0|0|0|0|0|0|0|0|0|0|0|0
S|VINCE|-37267650|174814069| |TF|0|0|0|0|0|240|3|9000|5000|0|0|0|0
S|GITUK|-37159422|174571253| |TF|0|0|0|0|0|220|1|4000|0|0|0|0|0
S|LENGU|-37080464|174537517| |TF|0|0|0|0|0|210|1|3000|0|0|0|0|0

P|SCAR3D|05R|HN|0|7
S|HN|-37849264|175338528| |IF|0|0|0|0|0|0|0|0|0|0|0|0|0
S|SCARY|-37572461|175070700| |TF|0|0|0|0|0|0|0|0|0|0|0|0|0
S|SCARY|-37572461|175070700| |IF|0|0|0|0|0|0|0|0|0|0|0|0|0
S|IGABI|-37413419|174918003| |TF|0|0|0|0|0|0|1|5000|0|0|0|0|0
S|VINCE|-37267650|174814069| |TF|0|0|0|0|0|240|3|9000|4000|0|0|0|0
S|STEAL|-37203861|174719144| |TF|0|0|0|0|0|220|0|0|0|0|0|0|0
S|ATAMA|-37122392|174696567| |TF|0|0|0|0|0|210|1|3000|0|0|0|0|0

P|SKEP2A|23L|HN|0|6
S|HN|-37849264|175338528| |IF|0|0|0|0|0|0|0|0|0|0|0|0|0
S|SKEPY|-37538194|175237900| |TF|0|0|0|0|0|0|0|0|0|0|0|0|0
S|SKEPY|-37538194|175237900| |IF|0|0|0|0|0|0|0|0|0|0|0|0|0
S|AA415|-37085556|175093056| |TF|0|0|0|0|0|0|1|5000|0|0|0|0|0
S|SABAV|-37020825|175072581| |TF|0|0|0|0|0|220|1|4000|0|0|0|0|0
S|EMRAG|-36942011|175038428| |TF|0|0|0|0|0|210|1|3000|0|0|0|0|0

P|TAZE2N|23L|PEBLU|0|6
S|PEBLU|-38109831|170857672| |IF|0|0|0|0|0|0|0|0|0|0|0|0|0
S|TAZEY|-37338589|174467478| |TF|0|0|0|0|0|0|0|0|0|0|0|0|0
S|TAZEY|-37338589|174467478| |IF|0|0|0|0|0|0|0|0|0|0|0|0|0
S|ZORBA|-37148772|174938853| |TF|0|0|0|0|0|0|1|5000|0|0|0|0|0
S|SABAV|-37020825|175072581| |TF|0|0|0|0|0|220|1|4000|0|0|0|0|0
S|EMRAG|-36942011|175038428| |TF|0|0|0|0|0|210|1|3000|0|0|0|0|0

P|TAZE2N|23L|VELMO|0|6
S|VELMO|-38271622|170930750| |IF|0|0|0|0|0|0|0|0|0|0|0|0|0
S|TAZEY|-37338589|174467478| |TF|0|0|0|0|0|0|0|0|0|0|0|0|0
S|TAZEY|-37338589|174467478| |IF|0|0|0|0|0|0|0|0|0|0|0|0|0
S|ZORBA|-37148772|174938853| |TF|0|0|0|0|0|0|1|5000|0|0|0|0|0
S|SABAV|-37020825|175072581| |TF|0|0|0|0|0|220|1|4000|0|0|0|0|0
S|EMRAG|-36942011|175038428| |TF|0|0|0|0|0|210|1|3000|0|0|0|0|0

P|TAZE3E|23L|PEBLU|0|4
S|PEBLU|-38109831|170857672| |IF|0|0|0|0|0|0|0|0|0|0|0|0|0
S|TAZEY|-37338589|174467478| |TF|0|0|0|0|0|0|0|0|0|0|0|0|0
S|TAZEY|-37338589|174467478| |IF|0|0|0|0|0|0|0|0|0|0|0|0|0
S|ZORBA|-37148772|174938853| |TF|0|0|0|0|0|240|1|6000|0|0|0|0|0

P|TAZE3E|23L|VELMO|0|4
S|VELMO|-38271622|170930750| |IF|0|0|0|0|0|0|0|0|0|0|0|0|0
S|TAZEY|-37338589|174467478| |TF|0|0|0|0|0|0|0|0|0|0|0|0|0
S|TAZEY|-37338589|174467478| |IF|0|0|0|0|0|0|0|0|0|0|0|0|0
S|ZORBA|-37148772|174938853| |TF|0|0|0|0|0|240|1|6000|0|0|0|0|0

P|UKAP2D|05R|UKAPA|0|4
S|UKAPA|-36295536|174238772| |IF|0|0|0|0|0|0|0|0|0|0|0|0|0
S|SHILI|-36378414|174269619| |TF|0|0|0|0|0|0|1|6000|0|0|0|0|0
S|MUDEE|-36961611|174626528| |TF|0|0|0|0|0|190|1|3000|0|0|0|0|0
S|UDUMO|-37014386|174657736| |TF|0|0|0|0|0|170|1|2000|0|0|0|0|0

P|UKAP3B|05R|UKAPA|0|4
S|UKAPA|-36295536|174238772| |IF|0|0|0|0|0|0|0|0|0|0|0|0|0
S|SHILI|-36378414|174269619| |TF|0|0|0|0|0|0|1|6000|0|0|0|0|0
S|AKBAM|-37001489|174503856| |TF|0|0|0|0|0|220|1|4000|0|0|0|0|0
S|LENGU|-37080464|174537517| |TF|0|0|0|0|0|210|1|3000|0|0|0|0|0

