P|AKLA3B|21|AKLAR|0|6
S|AKLAR|-46045317|169949347| |IF|0|0|0|0|0|210|0|0|0|0|0|0|0
S|BIPUV|-45989925|169896203| |TF|0|0|0|0|0|0|0|0|0|0|0|0|0
S|LOSKO|-45800472|170300211| |TF|0|0|0|0|0|0|0|0|0|0|0|0|0
S|AKDAS|-45738564|170387022| |TF|0|0|0|0|0|0|1|5000|0|0|0|0|0
S|BIGAR|-45746117|170497528| |TF|0|0|0|0|0|0|1|4000|0|0|0|0|0
S|ESKAT|-45807783|170454828| |TF|2|0|0|0|0|0|0|0|0|0|0|0|0

P|BASO4B|21|ADKOS|0|12
S|ADKOS|-44617117|166880431| |IF|0|0|0|0|0|0|0|0|0|0|0|0|0
S|AKBUM|-44808947|167262703| |TF|0|0|0|0|0|0|0|0|0|0|0|0|0
S|GOGES|-45120183|168199650| |TF|0|0|0|0|0|0|1|18000|0|0|0|0|0
S|MESOG|-45279781|168693133| |TF|0|0|0|0|0|0|0|0|0|0|0|0|0
S|BASOS|-45539153|169322814| |TF|0|0|0|0|0|0|0|0|0|0|0|0|0
S|BASOS|-45539153|169322814| |IF|0|0|0|0|0|0|0|0|0|0|0|0|0
S|VELBI|-45635686|169537650| |TF|0|0|0|0|0|0|1|15000|0|0|0|0|0
S|ANGOT|-45685319|169648739| |TF|0|0|0|0|0|0|0|0|0|0|0|0|0
S|EMTOX|-45626853|170351708| |TF|0|0|0|0|0|0|1|8000|0|0|0|0|0
S|ADBAD|-45692133|170534817| |TF|0|0|0|0|0|0|0|0|0|0|0|0|0
S|BIGAR|-45746117|170497528| |TF|0|0|0|0|0|0|1|4000|0|0|0|0|0
S|ESKAT|-45807783|170454828| |TF|0|0|0|0|0|0|0|0|0|0|0|0|0

P|BASO4B|21|LIBLA|0|12
S|LIBLA|-43931400|167676114| |IF|0|0|0|0|0|0|0|0|0|0|0|0|0
S|BOKAV|-44111861|168064547| |TF|0|0|0|0|0|0|0|0|0|0|0|0|0
S|MIMEG|-44263997|168218017| |TF|0|0|0|0|0|0|1|18000|0|0|0|0|0
S|ATRAG|-44922472|168893522| |TF|0|0|0|0|0|0|0|0|0|0|0|0|0
S|BASOS|-45539153|169322814| |TF|0|0|0|0|0|0|0|0|0|0|0|0|0
S|BASOS|-45539153|169322814| |IF|0|0|0|0|0|0|0|0|0|0|0|0|0
S|VELBI|-45635686|169537650| |TF|0|0|0|0|0|0|1|15000|0|0|0|0|0
S|ANGOT|-45685319|169648739| |TF|0|0|0|0|0|0|0|0|0|0|0|0|0
S|EMTOX|-45626853|170351708| |TF|0|0|0|0|0|0|1|8000|0|0|0|0|0
S|ADBAD|-45692133|170534817| |TF|0|0|0|0|0|0|0|0|0|0|0|0|0
S|BIGAR|-45746117|170497528| |TF|0|0|0|0|0|0|1|4000|0|0|0|0|0
S|ESKAT|-45807783|170454828| |TF|0|0|0|0|0|0|0|0|0|0|0|0|0

P|BASO4B|21|SUNGU|0|9
S|SUNGU|-45458381|168638539| |IF|0|0|0|0|0|0|0|0|0|0|0|0|0
S|BASOS|-45539153|169322814| |TF|0|0|0|0|0|0|0|0|0|0|0|0|0
S|BASOS|-45539153|169322814| |IF|0|0|0|0|0|0|0|0|0|0|0|0|0
S|VELBI|-45635686|169537650| |TF|0|0|0|0|0|0|1|15000|0|0|0|0|0
S|ANGOT|-45685319|169648739| |TF|0|0|0|0|0|0|0|0|0|0|0|0|0
S|EMTOX|-45626853|170351708| |TF|0|0|0|0|0|0|1|8000|0|0|0|0|0
S|ADBAD|-45692133|170534817| |TF|0|0|0|0|0|0|0|0|0|0|0|0|0
S|BIGAR|-45746117|170497528| |TF|0|0|0|0|0|0|1|4000|0|0|0|0|0
S|ESKAT|-45807783|170454828| |TF|0|0|0|0|0|0|0|0|0|0|0|0|0

P|BASO5A|03|ADKOS|0|12
S|ADKOS|-44617117|166880431| |IF|0|0|0|0|0|0|0|0|0|0|0|0|0
S|AKBUM|-44808947|167262703| |TF|0|0|0|0|0|0|0|0|0|0|0|0|0
S|GOGES|-45120183|168199650| |TF|0|0|0|0|0|0|1|18000|0|0|0|0|0
S|MESOG|-45279781|168693133| |TF|0|0|0|0|0|0|0|0|0|0|0|0|0
S|BASOS|-45539153|169322814| |TF|0|0|0|0|0|0|0|0|0|0|0|0|0
S|BASOS|-45539153|169322814| |IF|0|0|0|0|0|0|0|0|0|0|0|0|0
S|VELBI|-45635686|169537650| |TF|0|0|0|0|0|0|1|15000|0|0|0|0|0
S|ANGOT|-45685319|169648739| |TF|0|0|0|0|0|0|0|0|0|0|0|0|0
S|KAKAX|-45937814|169661144| |TF|0|0|0|0|0|0|1|8000|0|0|0|0|0
S|DAGNU|-46001369|169664275| |TF|0|0|0|0|0|0|0|0|0|0|0|0|0
S|OTKIS|-46034586|169879267| |TF|0|0|0|0|0|0|1|4000|0|0|0|0|0
S|AKLAR|-46045317|169949347| |TF|0|0|0|0|0|0|1|2800|0|0|0|0|0

P|BASO5A|03|LIBLA|0|12
S|LIBLA|-43931400|167676114| |IF|0|0|0|0|0|0|0|0|0|0|0|0|0
S|BOKAV|-44111861|168064547| |TF|0|0|0|0|0|0|0|0|0|0|0|0|0
S|MIMEG|-44263997|168218017| |TF|0|0|0|0|0|0|1|18000|0|0|0|0|0
S|ATRAG|-44922472|168893522| |TF|0|0|0|0|0|0|0|0|0|0|0|0|0
S|BASOS|-45539153|169322814| |TF|0|0|0|0|0|0|0|0|0|0|0|0|0
S|BASOS|-45539153|169322814| |IF|0|0|0|0|0|0|0|0|0|0|0|0|0
S|VELBI|-45635686|169537650| |TF|0|0|0|0|0|0|1|15000|0|0|0|0|0
S|ANGOT|-45685319|169648739| |TF|0|0|0|0|0|0|0|0|0|0|0|0|0
S|KAKAX|-45937814|169661144| |TF|0|0|0|0|0|0|1|8000|0|0|0|0|0
S|DAGNU|-46001369|169664275| |TF|0|0|0|0|0|0|0|0|0|0|0|0|0
S|OTKIS|-46034586|169879267| |TF|0|0|0|0|0|0|1|4000|0|0|0|0|0
S|AKLAR|-46045317|169949347| |TF|0|0|0|0|0|0|1|2800|0|0|0|0|0

P|BASO5A|03|SUNGU|0|9
S|SUNGU|-45458381|168638539| |IF|0|0|0|0|0|0|0|0|0|0|0|0|0
S|BASOS|-45539153|169322814| |TF|0|0|0|0|0|0|0|0|0|0|0|0|0
S|BASOS|-45539153|169322814| |IF|0|0|0|0|0|0|0|0|0|0|0|0|0
S|VELBI|-45635686|169537650| |TF|0|0|0|0|0|0|1|15000|0|0|0|0|0
S|ANGOT|-45685319|169648739| |TF|0|0|0|0|0|0|0|0|0|0|0|0|0
S|KAKAX|-45937814|169661144| |TF|0|0|0|0|0|0|1|8000|0|0|0|0|0
S|DAGNU|-46001369|169664275| |TF|0|0|0|0|0|0|0|0|0|0|0|0|0
S|OTKIS|-46034586|169879267| |TF|0|0|0|0|0|0|1|4000|0|0|0|0|0
S|AKLAR|-46045317|169949347| |TF|0|0|0|0|0|0|1|2800|0|0|0|0|0

P|DABC3A|03|DABCA|0|3
S|DABCA|-46183700|170082669| |IF|0|0|0|0|0|0|0|0|0|0|0|0|0
S|ELNEK|-46106283|170007986| |TF|0|0|0|0|0|210|1|4000|0|0|0|0|0
S|AKLAR|-46045317|169949347| |TF|0|0|0|0|0|0|1|2800|0|0|0|0|0

P|DABC3B|21|DABCA|0|6
S|DABCA|-46183700|170082669| |IF|0|0|0|0|0|0|0|0|0|0|0|0|0
S|BIPUV|-45989925|169896203| |TF|0|0|0|0|0|0|0|0|0|0|0|0|0
S|LOSKO|-45800472|170300211| |TF|0|0|0|0|0|0|0|0|0|0|0|0|0
S|AKDAS|-45738564|170387022| |TF|0|0|0|0|0|220|1|5000|0|0|0|0|0
S|BIGAR|-45746117|170497528| |TF|0|0|0|0|0|0|1|4000|0|0|0|0|0
S|ESKAT|-45807783|170454828| |TF|2|0|0|0|0|0|0|0|0|0|0|0|0

P|EPDA3A|03|EPDAB|0|4
S|EPDAB|-46397550|168798453| |IF|0|0|0|0|0|0|0|0|0|0|0|0|0
S|ALBOX|-46190275|169535772| |TF|0|0|0|0|0|0|0|0|0|0|0|0|0
S|MANOP|-46113986|169801519| |TF|0|0|0|0|0|0|1|4000|0|0|0|0|0
S|AKLAR|-46045317|169949347| |TF|0|0|0|0|0|0|1|2800|0|0|0|0|0

P|EPDA3B|21|EPDAB|0|8
S|EPDAB|-46397550|168798453| |IF|0|0|0|0|0|0|0|0|0|0|0|0|0
S|ALBOX|-46190275|169535772| |TF|0|0|0|0|0|0|0|0|0|0|0|0|0
S|MANOP|-46113986|169801519| |TF|0|0|0|0|0|0|0|0|0|0|0|0|0
S|BIPUV|-45989925|169896203| |TF|0|0|0|0|0|0|0|0|0|0|0|0|0
S|LOSKO|-45800472|170300211| |TF|0|0|0|0|0|0|0|0|0|0|0|0|0
S|AKDAS|-45738564|170387022| |TF|0|0|0|0|0|220|1|5000|0|0|0|0|0
S|BIGAR|-45746117|170497528| |TF|0|0|0|0|0|0|1|4000|0|0|0|0|0
S|ESKAT|-45807783|170454828| |TF|2|0|0|0|0|0|0|0|0|0|0|0|0

P|MIPA3C|03|MIPAK|0|6
S|MIPAK|-45282489|170874517| |IF|0|0|0|0|0|0|0|0|0|0|0|0|0
S|IPKUG|-45498486|170696142| |TF|0|0|0|0|0|0|1|7000|0|0|0|0|0
S|ADBAD|-45692133|170534817| |TF|0|0|0|0|0|0|0|0|0|0|0|0|0
S|IVTOP|-45950783|170472400| |TF|0|0|0|0|0|0|0|0|0|0|0|0|0
S|ELNEK|-46106283|170007986| |TF|0|0|0|0|0|210|1|4000|0|0|0|0|0
S|AKLAR|-46045317|169949347| |TF|0|0|0|0|0|0|1|2800|0|0|0|0|0

P|MIPA4B|21|MIPAK|0|5
S|MIPAK|-45282489|170874517| |IF|0|0|0|0|0|0|0|0|0|0|0|0|0
S|IPKUG|-45498486|170696142| |TF|0|0|0|0|0|0|1|7000|0|0|0|0|0
S|ADBAD|-45692133|170534817| |TF|0|0|0|0|0|0|0|0|0|0|0|0|0
S|BIGAR|-45746117|170497528| |TF|0|0|0|0|0|0|1|4000|0|0|0|0|0
S|ESKAT|-45807783|170454828| |TF|0|0|0|0|0|0|0|0|0|0|0|0|0

P|MIPA6A|03|MIPAK|0|7
S|MIPAK|-45282489|170874517| |IF|0|0|0|0|0|0|0|0|0|0|0|0|0
S|IPKUG|-45498486|170696142| |TF|0|0|0|0|0|0|1|7000|0|0|0|0|0
S|ADBAD|-45692133|170534817| |TF|0|0|0|0|0|0|0|0|0|0|0|0|0
S|RELEK|-45750450|170406153| |TF|0|0|0|0|0|0|0|0|0|0|0|0|0
S|ANBIG|-45945472|169991508| |TF|0|0|0|0|0|0|1|5000|0|0|0|0|0
S|BIPUV|-45989925|169896203| |TF|0|0|0|0|0|210|1|4000|0|0|0|0|0
S|AKLAR|-46045317|169949347| |TF|0|0|0|0|0|0|1|2800|0|0|0|0|0

