P|APAS1A|01|APASA|0|2
S|APASA|-42783850|171070033| |IF|0|0|0|0|0|0|0|0|0|0|0|0|0
S|PAROA|-42623353|171071736| |TF|0|0|0|0|0|0|0|0|0|0|0|0|0

P|DOPA1A|01|DOPAX|0|2
S|DOPAX|-42483822|171020581| |IF|0|0|0|0|0|0|0|0|0|0|0|0|0
S|ELPAM|-42568408|170986875| |TF|0|0|0|0|0|0|0|0|0|0|0|0|0

P|HK1A|01|HK|0|2
S|HK|-42729339|170956219| |IF|0|0|0|0|0|0|0|0|0|0|0|0|0
S|PAROA|-42623353|171071736| |TF|0|0|0|0|0|0|0|0|0|0|0|0|0

P|RILE1A|01|RILEY|0|2
S|RILEY|-42517050|171304389| |IF|0|0|0|0|0|0|0|0|0|0|0|0|0
S|PAKSA|-42678236|171156747| |TF|0|0|0|0|0|0|0|0|0|0|0|0|0

