P|COKS1A|14|COOKS|0|6
S|COOKS|-38902992|178056569| |IF|0|0|0|0|0|0|0|0|0|0|0|0|0
S|ERVET|-38796183|178146919| |TF|0|0|0|0|0|0|0|0|0|0|0|0|0
S|OMLIK|-38639033|178090369| |TF|0|0|0|0|0|0|2|8000|0|0|0|0|0
S|UPTER|-38576192|178033792| |TF|0|0|0|0|0|0|0|0|0|0|0|0|0
S|MALSA|-38500275|177974147| |TF|0|0|0|0|0|210|0|0|0|0|0|0|0
S|AVBIX|-38523331|177912942| |TF|0|0|0|0|0|180|0|0|0|0|0|0|0

P|COKS1B|32|COOKS|0|2
S|COOKS|-38902992|178056569| |IF|0|0|0|0|0|0|0|0|0|0|0|0|0
S|TUMDU|-38797942|178024978| |TF|0|0|0|0|0|210|1|2000|0|0|0|0|0

P|DABI1A|14|DABIP|0|5
S|DABIP|-38404039|177193203| |IF|0|0|0|0|0|0|0|0|0|0|0|0|0
S|LEKON|-38469606|177391611| |TF|0|0|0|0|0|0|0|0|0|0|0|0|0
S|GS414|-38500114|177567861| |TF|0|0|0|0|0|0|0|0|0|0|0|0|0
S|OLGEG|-38526756|177723203| |TF|0|0|0|0|0|0|0|0|0|0|0|0|0
S|GUDRU|-38547917|177847544| |TF|0|0|0|0|0|0|0|0|0|0|0|0|0

P|DABI1B|32|DABIP|0|6
S|DABIP|-38404039|177193203| |IF|0|0|0|0|0|0|0|0|0|0|0|0|0
S|LEKON|-38469606|177391611| |TF|0|0|0|0|0|0|0|0|0|0|0|0|0
S|GS582|-38597508|177594100| |TF|0|0|0|0|0|0|0|0|0|0|0|0|0
S|GS621|-38674064|177715928| |TF|0|0|0|0|0|0|0|0|0|0|0|0|0
S|SOSGI|-38763433|177858792| |TF|0|0|0|0|0|0|0|0|0|0|0|0|0
S|ISDIS|-38815925|177943017| |TF|0|0|0|0|0|0|0|0|0|0|0|0|0

P|GS1C|32|GS|0|3
S|GS|-38660511|177977561| |IF|0|0|0|0|0|0|0|0|0|0|0|0|0
S| |91000000|181000000| |CI|0|9700|0|0|0|0|1|3000|0|0|0|0|0
S|D144J|-38822375|178029153|GS|AF|2|9700|1000|14400|0|0|0|0|0|0|0|0|0

P|GS1E|14|GS|0|3
S|GS|-38660511|177977561| |IF|0|0|0|0|0|0|0|0|0|0|0|0|0
S|GS|-38660511|177977561| |IF|0|0|0|0|0|0|0|0|0|0|0|0|0
S|VASNI|-38623981|178184681| |TF|0|0|0|0|0|0|1|3000|0|0|0|0|0

P|GS1E|32|GS|0|3
S|GS|-38660511|177977561| |IF|0|0|0|0|0|0|0|0|0|0|0|0|0
S|GS|-38660511|177977561| |IF|0|0|0|0|0|0|0|0|0|0|0|0|0
S|VASNI|-38623981|178184681| |TF|0|0|0|0|0|0|1|3000|0|0|0|0|0

P|GS2D|14|GS|0|3
S|GS|-38660511|177977561| |IF|0|0|0|0|0|0|0|0|0|0|0|0|0
S| |91000000|181000000| |CI|0|500|0|0|0|0|1|3000|0|0|0|0|0
S|D338J|-38493672|177977561|GS|AF|1|500|1000|33800|0|0|0|0|0|0|0|0|0

P|GS3B|32|GS|0|4
S|GS|-38660511|177977561| |IF|0|0|0|0|0|0|0|0|0|0|0|0|0
S|IDUTO|-38715703|178084283| |TF|0|0|0|0|0|0|0|0|0|0|0|0|0
S|EMTOK|-38779806|178107339| |TF|0|0|0|0|0|220|0|0|0|0|0|0|0
S|TUMDU|-38797942|178024978| |TF|0|0|0|0|0|210|1|2000|0|0|0|0|0

P|GS4A|14|GS|0|4
S|GS|-38660511|177977561| |IF|0|0|0|0|0|0|0|0|0|0|0|0|0
S|UPTER|-38576192|178033792| |TF|0|0|0|0|0|0|0|0|0|0|0|0|0
S|MALSA|-38500275|177974147| |TF|0|0|0|0|0|210|0|0|0|0|0|0|0
S|AVBIX|-38523331|177912942| |TF|0|0|0|0|0|180|0|0|0|0|0|0|0

P|KEPA1A|14|KEEPA|0|5
S|KEEPA|-38221844|177339936| |IF|0|0|0|0|0|0|0|0|0|0|0|0|0
S|INVOT|-38333381|177500786| |TF|0|0|0|0|0|0|0|0|0|0|0|0|0
S|GS541|-38414172|177630942| |TF|0|0|0|0|0|0|0|0|0|0|0|0|0
S|ISMIM|-38486244|177747467| |TF|0|0|0|0|0|0|0|0|0|0|0|0|0
S|GUDRU|-38547917|177847544| |TF|0|0|0|0|0|0|0|0|0|0|0|0|0

P|KEPA1B|32|KEEPA|0|6
S|KEEPA|-38221844|177339936| |IF|0|0|0|0|0|0|0|0|0|0|0|0|0
S|INVOT|-38333381|177500786| |TF|0|0|0|0|0|0|0|0|0|0|0|0|0
S|GS533|-38449439|177606419| |TF|0|0|0|0|0|0|0|0|0|0|0|0|0
S|GS684|-38626892|177768819| |TF|0|0|0|0|0|0|0|0|0|0|0|0|0
S|LELOS|-38748453|177880694| |TF|0|0|0|0|0|0|0|0|0|0|0|0|0
S|ISDIS|-38815925|177943017| |TF|0|0|0|0|0|0|0|0|0|0|0|0|0

P|RULS1A|14|RULSI|0|4
S|RULSI|-38989031|177515081| |IF|0|0|0|0|0|0|0|0|0|0|0|0|0
S|HAWKE|-38885019|177662256| |TF|0|0|0|0|0|0|0|0|0|0|0|0|0
S|LIPRI|-38624417|177805647| |TF|0|0|0|0|0|0|0|0|0|0|0|0|0
S|GUDRU|-38547917|177847544| |TF|0|0|0|0|0|0|0|0|0|0|0|0|0

P|RULS1B|32|RULSI|0|4
S|RULSI|-38989031|177515081| |IF|0|0|0|0|0|0|0|0|0|0|0|0|0
S|HAWKE|-38885019|177662256| |TF|0|0|0|0|0|0|0|0|0|0|0|0|0
S|LESNU|-38838494|177851667| |TF|0|0|0|0|0|0|0|0|0|0|0|0|0
S|ISDIS|-38815925|177943017| |TF|0|0|0|0|0|0|0|0|0|0|0|0|0

P|VASN1A|14|VASNI|0|4
S|VASNI|-38623981|178184681| |IF|0|0|0|0|0|0|0|0|0|0|0|0|0
S|UPTER|-38576192|178033792| |TF|0|0|0|0|0|0|0|0|0|0|0|0|0
S|MALSA|-38500275|177974147| |TF|0|0|0|0|0|210|0|0|0|0|0|0|0
S|AVBIX|-38523331|177912942| |TF|0|0|0|0|0|180|0|0|0|0|0|0|0

P|VASN1B|32|VASNI|0|4
S|VASNI|-38623981|178184681| |IF|0|0|0|0|0|0|0|0|0|0|0|0|0
S|GS452|-38723964|178135092| |TF|0|0|0|0|0|0|1|4000|0|0|0|0|0
S|EMTOK|-38779806|178107339| |TF|0|0|0|0|0|220|0|0|0|0|0|0|0
S|TUMDU|-38797942|178024978| |TF|0|0|0|0|0|210|1|2000|0|0|0|0|0

