P|DUKE1B|33|DUKEG|0|3
S|DUKEG|-35123003|173870153| |IF|0|0|0|0|0|0|0|0|0|0|0|0|0
S|KK388|-35243308|173991583| |TF|0|0|0|0|0|0|0|0|0|0|0|0|0
S|SAMKU|-35375564|174033233| |TF|0|0|0|0|0|210|0|0|0|0|0|0|0

P|SAKI1B|33|SAKIM|0|3
S|SAKIM|-35585467|174012669| |IF|0|0|0|0|0|0|0|0|0|0|0|0|0
S|VEDNA|-35476453|173979106| |TF|0|0|0|0|0|0|0|0|0|0|0|0|0
S|ESMAV|-35392197|173954247| |TF|0|0|0|0|0|0|0|0|0|0|0|0|0

P|SAKI2A|15|SAKIM|0|4
S|SAKIM|-35585467|174012669| |IF|0|0|0|0|0|0|0|0|0|0|0|0|0
S|OMBAL|-35262028|173911111| |TF|0|0|0|0|0|0|0|0|0|0|0|0|0
S|KK611|-35166264|173967647| |TF|0|0|0|0|0|0|0|0|0|0|0|0|0
S|KALVA|-35106428|173948900| |TF|0|0|0|0|0|210|0|0|0|0|0|0|0

P|URGA1A|15|URGAR|0|3
S|URGAR|-35550892|174116828| |IF|0|0|0|0|0|0|0|0|0|0|0|0|0
S|KK527|-35243597|174012819| |TF|0|0|0|0|0|0|0|0|0|0|0|0|0
S|KALVA|-35106428|173948900| |TF|0|0|0|0|0|210|0|0|0|0|0|0|0

P|URGA1B|33|URGAR|0|3
S|URGAR|-35550892|174116828| |IF|0|0|0|0|0|0|0|0|0|0|0|0|0
S|VEDNA|-35476453|173979106| |TF|0|0|0|0|0|0|0|0|0|0|0|0|0
S|ESMAV|-35392197|173954247| |TF|0|0|0|0|0|0|0|0|0|0|0|0|0

