P|ELRU4A|05|ELRUV|0|7
S|ELRUV|-44617189|169832606| |IF|0|0|0|0|0|0|0|0|0|0|0|0|0
S|EKVOX|-44816000|169331194| |TF|0|0|0|0|0|0|0|0|0|0|0|0|0
S|KASLU|-44910075|168911464| |TF|0|0|0|0|0|0|0|0|0|0|0|0|0
S|MABGA|-44904144|168737428| |TF|0|0|0|0|0|0|0|0|0|0|0|0|0
S|OLBUK|-44901233|168654719| |TF|0|0|0|0|0|0|0|0|0|0|0|0|0
S|AVGER|-44961694|168483822| |TF|0|0|0|0|0|0|0|0|0|0|0|0|0
S|IBABU|-44992811|168395425| |TF|0|0|0|0|0|0|3|12000|10000|0|0|0|0

P|ELRU5B|23|ELRUV|0|4
S|ELRUV|-44617189|169832606| |IF|0|0|0|0|0|0|0|0|0|0|0|0|0
S|PAMPU|-44670081|169700100| |TF|0|0|0|0|0|0|1|15000|0|0|0|0|0
S|EKVOX|-44816000|169331194| |TF|0|0|0|0|0|0|1|10000|0|0|0|0|0
S|ATKIL|-44830661|169243636| |TF|0|0|0|0|0|0|0|0|0|0|0|0|0

P|SUNG4A|05|SUNGU|0|5
S|SUNGU|-45458381|168638539| |IF|0|0|0|0|0|0|0|0|0|0|0|0|0
S|ENKUV|-45046944|168672222| |TF|0|0|0|0|0|0|0|0|0|0|0|0|0
S|OLBUK|-44901233|168654719| |TF|0|0|0|0|0|250|0|0|0|0|0|0|0
S|AVGER|-44961694|168483822| |TF|1|0|0|0|0|0|0|0|0|0|0|0|0
S|IBABU|-44992811|168395425| |TF|0|0|0|0|0|0|3|12000|10000|0|0|0|0

P|SUNG6B|23|SUNGU|0|5
S|SUNGU|-45458381|168638539| |IF|0|0|0|0|0|0|0|0|0|0|0|0|0
S|ENKUV|-45046944|168672222| |TF|0|0|0|0|0|0|0|0|0|0|0|0|0
S|OLBUK|-44901233|168654719| |TF|0|0|0|0|0|210|0|0|0|0|0|0|0
S|MABGA|-44904144|168737428| |TF|2|0|0|0|0|0|0|0|0|0|0|0|0
S|UGPED|-44906542|168806847| |TF|0|0|0|0|0|0|0|0|0|0|0|0|0

P|UBDA4A|05|ADKOS|0|8
S|ADKOS|-44617117|166880431| |IF|0|0|0|0|0|0|0|0|0|0|0|0|0
S|BEVKO|-44599306|167346367| |TF|0|0|0|0|0|0|0|0|0|0|0|0|0
S|IGNET|-44634953|168002414| |TF|0|0|0|0|0|0|0|0|0|0|0|0|0
S|UBDAM|-44655769|168422306| |TF|0|0|0|0|0|250|3|24000|15000|0|0|0|0
S|UBDAM|-44655769|168422306| |IF|0|0|0|0|0|250|3|24000|15000|0|0|0|0
S|LADIP|-44787078|168566197| |TF|0|0|0|0|0|0|1|11000|0|0|0|0|0
S|AVGER|-44961694|168483822| |TF|0|0|0|0|0|0|0|0|0|0|0|0|0
S|IBABU|-44992811|168395425| |TF|0|0|0|0|0|0|3|12000|10000|0|0|0|0

P|UBDA4A|05|DOVOT|0|7
S|DOVOT|-44159300|168939869| |IF|0|0|0|0|0|0|0|0|0|0|0|0|0
S|POPON|-44354564|168737711| |TF|0|0|0|0|0|0|0|0|0|0|0|0|0
S|UBDAM|-44655769|168422306| |TF|0|0|0|0|0|250|3|24000|15000|0|0|0|0
S|UBDAM|-44655769|168422306| |IF|0|0|0|0|0|250|3|24000|15000|0|0|0|0
S|LADIP|-44787078|168566197| |TF|0|0|0|0|0|0|1|11000|0|0|0|0|0
S|AVGER|-44961694|168483822| |TF|0|0|0|0|0|0|0|0|0|0|0|0|0
S|IBABU|-44992811|168395425| |TF|0|0|0|0|0|0|3|12000|10000|0|0|0|0

P|UBDA4A|05|LIBLA|0|8
S|LIBLA|-43931400|167676114| |IF|0|0|0|0|0|0|0|0|0|0|0|0|0
S|AKBOB|-44199442|167949639| |TF|0|0|0|0|0|0|0|0|0|0|0|0|0
S|DULIG|-44333317|168087378| |TF|0|0|0|0|0|0|0|0|0|0|0|0|0
S|UBDAM|-44655769|168422306| |TF|0|0|0|0|0|250|3|24000|15000|0|0|0|0
S|UBDAM|-44655769|168422306| |IF|0|0|0|0|0|250|3|24000|15000|0|0|0|0
S|LADIP|-44787078|168566197| |TF|0|0|0|0|0|0|1|11000|0|0|0|0|0
S|AVGER|-44961694|168483822| |TF|0|0|0|0|0|0|0|0|0|0|0|0|0
S|IBABU|-44992811|168395425| |TF|0|0|0|0|0|0|3|12000|10000|0|0|0|0

P|UBDA6B|23|ADKOS|0|9
S|ADKOS|-44617117|166880431| |IF|0|0|0|0|0|0|0|0|0|0|0|0|0
S|BEVKO|-44599306|167346367| |TF|0|0|0|0|0|0|0|0|0|0|0|0|0
S|IGNET|-44634953|168002414| |TF|0|0|0|0|0|0|0|0|0|0|0|0|0
S|UBDAM|-44655769|168422306| |TF|0|0|0|0|0|250|3|24000|15000|0|0|0|0
S|UBDAM|-44655769|168422306| |IF|0|0|0|0|0|250|3|24000|15000|0|0|0|0
S|LADIP|-44787078|168566197| |TF|0|0|0|0|0|0|1|11000|0|0|0|0|0
S|OLBUK|-44901233|168654719| |TF|0|0|0|0|0|0|0|0|0|0|0|0|0
S|MABGA|-44904144|168737428| |TF|0|0|0|0|0|0|0|0|0|0|0|0|0
S|UGPED|-44906542|168806847| |TF|0|0|0|0|0|0|0|0|0|0|0|0|0

P|UBDA6B|23|DOVOT|0|8
S|DOVOT|-44159300|168939869| |IF|0|0|0|0|0|0|0|0|0|0|0|0|0
S|POPON|-44354564|168737711| |TF|0|0|0|0|0|0|0|0|0|0|0|0|0
S|UBDAM|-44655769|168422306| |TF|0|0|0|0|0|250|3|24000|15000|0|0|0|0
S|UBDAM|-44655769|168422306| |IF|0|0|0|0|0|250|3|24000|15000|0|0|0|0
S|LADIP|-44787078|168566197| |TF|0|0|0|0|0|0|1|11000|0|0|0|0|0
S|OLBUK|-44901233|168654719| |TF|0|0|0|0|0|0|0|0|0|0|0|0|0
S|MABGA|-44904144|168737428| |TF|0|0|0|0|0|0|0|0|0|0|0|0|0
S|UGPED|-44906542|168806847| |TF|0|0|0|0|0|0|0|0|0|0|0|0|0

P|UBDA6B|23|LIBLA|0|9
S|LIBLA|-43931400|167676114| |IF|0|0|0|0|0|0|0|0|0|0|0|0|0
S|AKBOB|-44199442|167949639| |TF|0|0|0|0|0|0|0|0|0|0|0|0|0
S|DULIG|-44333317|168087378| |TF|0|0|0|0|0|0|0|0|0|0|0|0|0
S|UBDAM|-44655769|168422306| |TF|0|0|0|0|0|250|3|24000|15000|0|0|0|0
S|UBDAM|-44655769|168422306| |IF|0|0|0|0|0|250|3|24000|15000|0|0|0|0
S|LADIP|-44787078|168566197| |TF|0|0|0|0|0|0|1|11000|0|0|0|0|0
S|OLBUK|-44901233|168654719| |TF|0|0|0|0|0|0|0|0|0|0|0|0|0
S|MABGA|-44904144|168737428| |TF|0|0|0|0|0|0|0|0|0|0|0|0|0
S|UGPED|-44906542|168806847| |TF|0|0|0|0|0|0|0|0|0|0|0|0|0

