P|BILE1A|24|BILEL|0|3
S|BILEL|-36237308|174463425| |IF|0|0|0|0|0|0|0|0|0|0|0|0|0
S|WR424|-35996583|174546269| |TF|0|0|0|0|0|0|0|0|0|0|0|0|0
S|UGENO|-35888386|174508489| |TF|0|0|0|0|0|0|0|0|0|0|0|0|0

P|BILE1B|06|BILEL|0|2
S|BILEL|-36237308|174463425| |IF|0|0|0|0|0|0|0|0|0|0|0|0|0
S|UBREB|-35848108|174198431| |TF|0|0|0|0|0|0|0|0|0|0|0|0|0

P|EPDU1A|24|EPDUN|0|2
S|EPDUN|-36130806|174456122| |IF|0|0|0|0|0|0|0|0|0|0|0|0|0
S|UGENO|-35888386|174508489| |TF|0|0|0|0|0|0|0|0|0|0|0|0|0

P|EPDU1B|06|EPDUN|0|3
S|EPDUN|-36130806|174456122| |IF|0|0|0|0|0|0|0|0|0|0|0|0|0
S|WR406|-35965919|174228692| |TF|0|0|0|0|0|0|0|0|0|0|0|0|0
S|UBREB|-35848108|174198431| |TF|0|0|0|0|0|0|0|0|0|0|0|0|0

