P|LOSA1J|34L|LOSAX|0|2
S|LOSAX|26369889|49560722| |IF|0|0|0|0|0|230|1|4000|0|0|0|0|0
S|DF603|26245139|49741000| |TF|0|0|0|0|0|210|1|4000|0|0|0|0|0

P|LOSA1J|34R|LOSAX|0|2
S|LOSAX|26369889|49560722| |IF|0|0|0|0|0|230|1|4000|0|0|0|0|0
S|DF603|26245139|49741000| |TF|0|0|0|0|0|210|1|4000|0|0|0|0|0

P|MIBR2J|34L|MIBRA|0|3
S|MIBRA|25948333|48848056| |IF|0|0|0|0|0|0|1|17000|0|0|0|0|0
S|LOSAX|26369889|49560722| |TF|0|0|0|0|0|0|1|7000|0|0|0|0|0
S|DF603|26245139|49741000| |TF|0|0|0|0|0|210|1|4000|0|0|0|0|0

P|MIBR2J|34R|MIBRA|0|3
S|MIBRA|25948333|48848056| |IF|0|0|0|0|0|0|1|17000|0|0|0|0|0
S|LOSAX|26369889|49560722| |TF|0|0|0|0|0|0|1|7000|0|0|0|0|0
S|DF603|26245139|49741000| |TF|0|0|0|0|0|210|1|4000|0|0|0|0|0

P|MIBR2L|16L|MIBRA|0|4
S|MIBRA|25948333|48848056| |IF|0|0|0|0|0|0|1|17000|0|0|0|0|0
S|DF461|26355000|49272778| |TF|0|0|0|0|0|0|1|13000|0|0|0|0|0
S|DF460|26513056|49438611| |TF|0|0|0|0|0|0|1|9000|0|0|0|0|0
S|RESAN|26638194|49570639| |TF|0|0|0|0|0|210|1|5000|0|0|0|0|0

P|MIBR2L|16R|MIBRA|0|4
S|MIBRA|25948333|48848056| |IF|0|0|0|0|0|0|1|17000|0|0|0|0|0
S|DF461|26355000|49272778| |TF|0|0|0|0|0|0|1|13000|0|0|0|0|0
S|DF460|26513056|49438611| |TF|0|0|0|0|0|0|1|9000|0|0|0|0|0
S|RESAN|26638194|49570639| |TF|0|0|0|0|0|210|1|5000|0|0|0|0|0

P|NARM1J|34L|NARMI|0|5
S|NARMI|26300647|50327503| |IF|0|0|0|0|0|0|1|12000|0|0|0|0|0
S|DF406|26350556|49779722| |TF|0|0|0|0|0|0|1|8000|0|0|0|0|0
S|LOSAX|26369889|49560722| |TF|0|0|0|0|0|0|1|7000|0|0|0|0|0
S|DF405|26214722|49596389| |TF|1|0|0|0|0|0|1|5000|0|0|0|0|0
S|DF603|26245139|49741000| |TF|1|0|0|0|0|210|1|4000|0|0|0|0|0

P|NARM1J|34R|NARMI|0|5
S|NARMI|26300647|50327503| |IF|0|0|0|0|0|0|1|12000|0|0|0|0|0
S|DF406|26350556|49779722| |TF|0|0|0|0|0|0|1|8000|0|0|0|0|0
S|LOSAX|26369889|49560722| |TF|0|0|0|0|0|0|1|7000|0|0|0|0|0
S|DF405|26214722|49596389| |TF|1|0|0|0|0|0|1|5000|0|0|0|0|0
S|DF603|26245139|49741000| |TF|1|0|0|0|0|210|1|4000|0|0|0|0|0

P|NARM1K|34L|NARMI|0|2
S|NARMI|26300647|50327503| |IF|0|0|0|0|0|0|1|12000|0|0|0|0|0
S|DF604|26287694|50052528| |TF|0|0|0|0|0|210|0|6000|0|0|0|0|0

P|NARM1K|34R|NARMI|0|2
S|NARMI|26300647|50327503| |IF|0|0|0|0|0|0|1|12000|0|0|0|0|0
S|DF604|26287694|50052528| |TF|0|0|0|0|0|210|0|6000|0|0|0|0|0

P|NARM1L|16L|NARMI|0|4
S|NARMI|26300647|50327503| |IF|0|0|0|0|0|0|1|12000|0|0|0|0|0
S|DF464|26442222|49795833| |TF|0|0|0|0|0|0|1|8000|0|0|0|0|0
S|DF462|26495833|49591667| |TF|0|0|0|0|0|0|1|6000|0|0|0|0|0
S|RESAN|26638194|49570639| |TF|0|0|0|0|0|210|1|5000|0|0|0|0|0

P|NARM1L|16R|NARMI|0|4
S|NARMI|26300647|50327503| |IF|0|0|0|0|0|0|1|12000|0|0|0|0|0
S|DF464|26442222|49795833| |TF|0|0|0|0|0|0|1|8000|0|0|0|0|0
S|DF462|26495833|49591667| |TF|0|0|0|0|0|0|1|6000|0|0|0|0|0
S|RESAN|26638194|49570639| |TF|0|0|0|0|0|210|1|5000|0|0|0|0|0

P|PUSR2J|34L|PUSRA|0|6
S|PUSRA|27341944|49175000| |IF|0|0|0|0|0|0|1|17000|0|0|0|0|0
S|DF401|26604444|49354167| |TF|0|0|0|0|0|0|1|12000|0|0|0|0|0
S|DF407|26538889|49411944| |TF|0|0|0|0|0|0|1|11000|0|0|0|0|0
S|DF402|26459167|49482222| |TF|0|0|0|0|0|0|1|9000|0|0|0|0|0
S|LOSAX|26369889|49560722| |TF|0|0|0|0|0|0|1|7000|0|0|0|0|0
S|DF603|26245139|49741000| |TF|0|0|0|0|0|210|1|4000|0|0|0|0|0

P|PUSR2J|34R|PUSRA|0|6
S|PUSRA|27341944|49175000| |IF|0|0|0|0|0|0|1|17000|0|0|0|0|0
S|DF401|26604444|49354167| |TF|0|0|0|0|0|0|1|12000|0|0|0|0|0
S|DF407|26538889|49411944| |TF|0|0|0|0|0|0|1|11000|0|0|0|0|0
S|DF402|26459167|49482222| |TF|0|0|0|0|0|0|1|9000|0|0|0|0|0
S|LOSAX|26369889|49560722| |TF|0|0|0|0|0|0|1|7000|0|0|0|0|0
S|DF603|26245139|49741000| |TF|0|0|0|0|0|210|1|4000|0|0|0|0|0

P|PUSR2L|16L|PUSRA|0|2
S|PUSRA|27341944|49175000| |IF|0|0|0|0|0|0|1|17000|0|0|0|0|0
S|RESAN|26638194|49570639| |TF|0|0|0|0|0|210|1|5000|0|0|0|0|0

P|PUSR2L|16R|PUSRA|0|2
S|PUSRA|27341944|49175000| |IF|0|0|0|0|0|0|1|17000|0|0|0|0|0
S|RESAN|26638194|49570639| |TF|0|0|0|0|0|210|1|5000|0|0|0|0|0

P|RYDA2J|34L|RYDAN|0|4
S|RYDAN|25726667|49704167| |IF|0|0|0|0|0|0|1|17000|0|0|0|0|0
S|DF404|25817222|49580833| |TF|0|0|0|0|0|0|0|0|0|0|0|0|0
S|DF405|26214722|49596389| |TF|0|0|0|0|0|0|1|5000|0|0|0|0|0
S|DF603|26245139|49741000| |TF|0|0|0|0|0|210|1|4000|0|0|0|0|0

P|RYDA2J|34R|RYDAN|0|4
S|RYDAN|25726667|49704167| |IF|0|0|0|0|0|0|1|17000|0|0|0|0|0
S|DF404|25817222|49580833| |TF|0|0|0|0|0|0|0|0|0|0|0|0|0
S|DF405|26214722|49596389| |TF|0|0|0|0|0|0|1|5000|0|0|0|0|0
S|DF603|26245139|49741000| |TF|0|0|0|0|0|210|1|4000|0|0|0|0|0

P|RYDA2L|16L|RYDAN|0|3
S|RYDAN|25726667|49704167| |IF|0|0|0|0|0|0|1|17000|0|0|0|0|0
S|DF462|26495833|49591667| |TF|0|0|0|0|0|0|1|6000|0|0|0|0|0
S|RESAN|26638194|49570639| |TF|0|0|0|0|0|210|1|5000|0|0|0|0|0

P|RYDA2L|16R|RYDAN|0|3
S|RYDAN|25726667|49704167| |IF|0|0|0|0|0|0|1|17000|0|0|0|0|0
S|DF462|26495833|49591667| |TF|0|0|0|0|0|0|1|6000|0|0|0|0|0
S|RESAN|26638194|49570639| |TF|0|0|0|0|0|210|1|5000|0|0|0|0|0

P|SILB2J|34L|SILBA|0|6
S|SILBA|27098333|48883611| |IF|0|0|0|0|0|0|1|17000|0|0|0|0|0
S|DF401|26604444|49354167| |TF|0|0|0|0|0|0|1|12000|0|0|0|0|0
S|DF407|26538889|49411944| |TF|0|0|0|0|0|0|1|11000|0|0|0|0|0
S|DF402|26459167|49482222| |TF|0|0|0|0|0|0|1|9000|0|0|0|0|0
S|LOSAX|26369889|49560722| |TF|0|0|0|0|0|0|1|7000|0|0|0|0|0
S|DF603|26245139|49741000| |TF|0|0|0|0|0|210|1|4000|0|0|0|0|0

P|SILB2J|34R|SILBA|0|6
S|SILBA|27098333|48883611| |IF|0|0|0|0|0|0|1|17000|0|0|0|0|0
S|DF401|26604444|49354167| |TF|0|0|0|0|0|0|1|12000|0|0|0|0|0
S|DF407|26538889|49411944| |TF|0|0|0|0|0|0|1|11000|0|0|0|0|0
S|DF402|26459167|49482222| |TF|0|0|0|0|0|0|1|9000|0|0|0|0|0
S|LOSAX|26369889|49560722| |TF|0|0|0|0|0|0|1|7000|0|0|0|0|0
S|DF603|26245139|49741000| |TF|0|0|0|0|0|210|1|4000|0|0|0|0|0

P|SILB2L|16L|SILBA|0|2
S|SILBA|27098333|48883611| |IF|0|0|0|0|0|0|1|17000|0|0|0|0|0
S|RESAN|26638194|49570639| |TF|0|0|0|0|0|210|1|5000|0|0|0|0|0

P|SILB2L|16R|SILBA|0|2
S|SILBA|27098333|48883611| |IF|0|0|0|0|0|0|1|17000|0|0|0|0|0
S|RESAN|26638194|49570639| |TF|0|0|0|0|0|210|1|5000|0|0|0|0|0

P|UMEN2J|34L|UMENA|0|5
S|UMENA|26475556|48664444| |IF|0|0|0|0|0|0|1|17000|0|0|0|0|0
S|DF403|26403056|49284722| |TF|0|0|0|0|0|0|1|11000|0|0|0|0|0
S|DF408|26392222|49376667| |TF|0|0|0|0|0|0|1|10000|0|0|0|0|0
S|LOSAX|26369889|49560722| |TF|0|0|0|0|0|0|1|7000|0|0|0|0|0
S|DF603|26245139|49741000| |TF|0|0|0|0|0|210|1|4000|0|0|0|0|0

P|UMEN2J|34R|UMENA|0|5
S|UMENA|26475556|48664444| |IF|0|0|0|0|0|0|1|17000|0|0|0|0|0
S|DF403|26403056|49284722| |TF|0|0|0|0|0|0|1|11000|0|0|0|0|0
S|DF408|26392222|49376667| |TF|0|0|0|0|0|0|1|10000|0|0|0|0|0
S|LOSAX|26369889|49560722| |TF|0|0|0|0|0|0|1|7000|0|0|0|0|0
S|DF603|26245139|49741000| |TF|0|0|0|0|0|210|1|4000|0|0|0|0|0

P|UMEN2L|16L|UMENA|0|3
S|UMENA|26475556|48664444| |IF|0|0|0|0|0|0|1|17000|0|0|0|0|0
S|DF463|26585556|49273889| |TF|0|0|0|0|0|0|1|10000|0|0|0|0|0
S|RESAN|26638194|49570639| |TF|0|0|0|0|0|210|1|5000|0|0|0|0|0

P|UMEN2L|16R|UMENA|0|3
S|UMENA|26475556|48664444| |IF|0|0|0|0|0|0|1|17000|0|0|0|0|0
S|DF463|26585556|49273889| |TF|0|0|0|0|0|0|1|10000|0|0|0|0|0
S|RESAN|26638194|49570639| |TF|0|0|0|0|0|210|1|5000|0|0|0|0|0

