P|BOXI1K|35|BOXID|0|3
S|BOXID|20829194|41145528| |IF|0|0|0|0|0|0|1|11000|0|0|0|0|0
S|TF605|20977778|41010833| |TF|0|0|0|0|0|0|1|11000|0|0|0|0|0
S|LAKNO|21168778|40837444| |TF|0|0|0|0|0|0|1|9000|0|0|0|0|0

P|BOXI1L|25|BOXID|0|4
S|BOXID|20829194|41145528| |IF|0|0|0|0|0|0|1|11000|0|0|0|0|0
S|TF605|20977778|41010833| |TF|0|0|0|0|0|0|1|11000|0|0|0|0|0
S|TF602|21232500|40779444| |TF|0|0|0|0|0|0|1|9000|0|0|0|0|0
S|KUSBU|21445028|40800278| |TF|0|0|0|0|0|0|1|8000|0|0|0|0|0

P|BUBI1K|35|BUBIM|0|4
S|BUBIM|22458806|40783722| |IF|0|0|0|0|0|0|1|11000|0|0|0|0|0
S|TF604|22057500|40685833| |TF|0|0|0|0|0|0|1|11000|0|0|0|0|0
S|TIF|21486472|40547250| |TF|0|0|0|0|0|0|1|8000|0|0|0|0|0
S|OTOPI|21270667|40575806| |TF|0|0|0|0|0|0|1|8000|0|1|0|0|0

P|BUBI1L|25|BUBIM|0|4
S|BUBIM|22458806|40783722| |IF|0|0|0|0|0|0|1|11000|0|0|0|0|0
S|TF604|22057500|40685833| |TF|0|0|0|0|0|0|1|11000|0|0|0|0|0
S|TF603|21910556|40650000| |TF|0|0|0|0|0|0|1|8000|0|0|0|0|0
S|OTERI|21638611|40743639| |TF|0|0|0|0|0|0|1|8000|0|0|0|0|0

P|ISLA1K|35|ISLAM|0|3
S|ISLAM|21780000|39866667| |IF|0|0|0|0|0|0|1|8600|0|0|0|0|0
S|TF601|21626944|40222778| |TF|0|0|0|0|0|0|1|8600|0|0|0|0|0
S|TUDID|21256889|40469778| |TF|0|0|0|0|0|0|1|8600|0|0|0|0|0

P|ISLA1L|25|ISLAM|0|3
S|ISLAM|21780000|39866667| |IF|0|0|0|0|0|0|1|8000|0|0|0|0|0
S|TF601|21626944|40222778| |TF|0|0|0|0|0|0|1|8000|0|0|0|0|0
S|OTERI|21638611|40743639| |TF|0|0|0|0|0|0|1|8000|0|0|0|0|0

