P|BOPI1A|31|BOPIS|0|3
S|BOPIS|30472500|48714167| |IF|0|0|0|0|0|0|0|0|0|0|0|0|0
S|D254M|30509383|48904494| |TF|0|0|0|0|0|0|0|0|0|0|0|0|0
S|D132M|30400019|49323483|MAH|AF|1|25400|1300|13200|0|0|0|0|0|0|0|0|0

P|BOPI1B|ALL|BOPIS|0|3
S|BOPIS|30472500|48714167| |IF|0|0|0|0|0|0|0|0|0|0|0|0|0
S|D254M|30509383|48904494| |TF|0|0|0|0|0|0|0|0|0|0|0|0|0
S|MAH|30556361|49149472| |TF|0|0|0|0|0|0|0|0|0|0|0|0|0

P|BOPI1C|13|BOPIS|0|3
S|BOPIS|30472500|48714167| |IF|0|0|0|0|0|0|0|0|0|0|0|0|0
S|D254M|30509383|48904494| |TF|0|0|0|0|0|0|0|0|0|0|0|0|0
S|D316M|30722622|48987864|MAH|AF|2|25400|1300|31600|0|0|0|0|0|0|0|0|0

P|GODM1E|ALL|GODMO|0|2
S|GODMO|30907222|48976111| |IF|0|0|0|0|0|0|0|0|0|0|0|0|0
S|MAH|30556361|49149472| |TF|0|0|0|0|0|0|0|0|0|0|0|0|0

P|GODM1F|13|GODMO|0|2
S|GODMO|30907222|48976111| |IF|0|0|0|0|0|0|0|0|0|0|0|0|0
S|D316M|30722622|48987864| |TF|0|0|0|0|0|0|0|0|0|0|0|0|0

P|GODM1G|31|GODMO|0|2
S|GODMO|30907222|48976111| |IF|0|0|0|0|0|0|0|0|0|0|0|0|0
S|D132M|30400019|49323483| |TF|0|0|0|0|0|0|0|0|0|0|0|0|0

P|VATA1A|31|VATAN|0|2
S|VATAN|30133333|49592500| |IF|0|0|0|0|0|0|0|0|0|0|0|0|0
S|D132M|30400019|49323483| |TF|0|0|0|0|0|0|0|0|0|0|0|0|0

P|VATA1B|ALL|VATAN|0|2
S|VATAN|30133333|49592500| |IF|0|0|0|0|0|0|0|0|0|0|0|0|0
S|MAH|30556361|49149472| |TF|0|0|0|0|0|0|0|0|0|0|0|0|0

P|VATA1C|13|VATAN|0|3
S|VATAN|30133333|49592500| |IF|0|0|0|0|0|0|0|0|0|0|0|0|0
S|MAH|30556361|49149472| |TF|0|0|0|0|0|0|0|0|0|0|0|0|0
S|D316M|30722622|48987864| |TF|0|0|0|0|0|0|0|0|0|0|0|0|0

