P|ALMU1N|13L|ALMUX|0|3
S|ALMUX|36460000|60855833| |IF|0|0|0|0|0|0|0|0|0|0|0|0|0
S|ALMUX|36460000|60855833| |IF|0|0|0|0|0|0|0|0|0|0|0|0|0
S|MSD|36231167|59650556| |TF|0|0|0|0|0|0|0|0|0|0|0|0|0

P|ALMU1P|31R|ALMUX|0|3
S|ALMUX|36460000|60855833| |IF|0|0|0|0|0|0|0|0|0|0|0|0|0
S|D073P|36293367|59971231| |TF|0|0|0|0|0|0|0|0|0|0|0|0|0
S|D130P|36045422|59887100|MSD|AF|2|7300|1600|13000|0|0|0|0|0|0|0|0|0

P|ALMU1Q|13L|ALMUX|0|3
S|ALMUX|36460000|60855833| |IF|0|0|0|0|0|0|0|0|0|0|0|0|0
S|D073R|36301083|60011350| |TF|0|0|0|0|0|0|0|0|0|0|0|0|0
S|D309R|36435744|59378647|MSD|AF|1|7300|1800|30900|0|0|0|0|0|0|0|0|0

P|BOTE1P|31R|BOTEK|0|4
S|BOTEK|36798611|58626111| |IF|0|0|0|0|0|0|0|0|0|0|0|0|0
S|D300T|36421008|59311247| |TF|0|0|0|0|0|0|0|0|0|0|0|0|0
S|MSD|36231167|59650556| |TF|0|0|0|0|0|0|0|0|0|0|0|0|0
S|D130P|36045422|59887100| |TF|0|0|0|0|0|0|0|0|0|0|0|0|0

P|BOTE2N|13L|BOTEK|0|4
S|BOTEK|36798611|58626111| |IF|0|0|0|0|0|0|0|0|0|0|0|0|0
S|D300T|36421008|59311247| |TF|0|0|0|0|0|0|0|0|0|0|0|0|0
S|D300T|36421008|59311247| |IF|0|0|0|0|0|0|0|0|0|0|0|0|0
S|MSD|36231167|59650556| |TF|0|0|0|0|0|0|0|0|0|0|0|0|0

P|BOTE2N|31R|BOTEK|0|4
S|BOTEK|36798611|58626111| |IF|0|0|0|0|0|0|0|0|0|0|0|0|0
S|D300T|36421008|59311247| |TF|0|0|0|0|0|0|0|0|0|0|0|0|0
S|D300T|36421008|59311247| |IF|0|0|0|0|0|0|0|0|0|0|0|0|0
S|MSD|36231167|59650556| |TF|0|0|0|0|0|0|0|0|0|0|0|0|0

P|BOTE2Q|13L|BOTEK|0|3
S|BOTEK|36798611|58626111| |IF|0|0|0|0|0|0|0|0|0|0|0|0|0
S|D300Y|36468317|59226164| |TF|0|0|0|0|0|0|0|0|0|0|0|0|0
S|D309R|36435744|59378647| |TF|0|0|0|0|0|0|0|0|0|0|0|0|0

P|EMES2N|13L|EMESA|0|5
S|EMESA|35768056|58560278| |IF|0|0|0|0|0|0|0|0|0|0|0|0|0
S|MS30H|36000439|59102850| |TF|0|0|0|0|0|0|0|0|0|0|0|0|0
S|D238P|36105442|59359986| |TF|0|0|0|0|0|0|0|0|0|0|0|0|0
S|D238P|36105442|59359986| |IF|0|0|0|0|0|0|0|0|0|0|0|0|0
S|MSD|36231167|59650556| |TF|0|0|0|0|0|0|0|0|0|0|0|0|0

P|EMES2P|31R|EMESA|0|5
S|EMESA|35768056|58560278| |IF|0|0|0|0|0|0|0|0|0|0|0|0|0
S|MS30H|36000439|59102850| |TF|0|0|0|0|0|0|0|0|0|0|0|0|0
S|D238P|36105442|59359986| |TF|0|0|0|0|0|0|0|0|0|0|0|0|0
S|D170P|35965572|59684892|MSD|AF|1|23800|1600|17000|0|0|0|0|0|0|0|0|0
S|D130P|36045422|59887100|MSD|AF|1|17000|1600|13000|0|0|0|0|0|0|0|0|0

P|EMES2Q|13L|EMESA|0|5
S|EMESA|35768056|58560278| |IF|0|0|0|0|0|0|0|0|0|0|0|0|0
S|MS30H|36000439|59102850| |TF|0|0|0|0|0|0|0|0|0|0|0|0|0
S|D238R|36089675|59323731| |TF|0|0|0|0|0|0|0|0|0|0|0|0|0
S|D280R|36303303|59290419|MSD|AF|2|23800|1800|28000|0|0|0|0|0|0|0|0|0
S|D309R|36435744|59378647|MSD|AF|2|28000|1800|30900|0|0|0|0|0|0|0|0|0

P|LOSA2N|13L|LOSAN|0|5
S|LOSAN|35340278|59093333| |IF|0|0|0|0|0|0|0|0|0|0|0|0|0
S|MS30B|35785353|59369944| |TF|0|0|0|0|0|0|0|0|0|0|0|0|0
S|D203P|35993483|59500503| |TF|0|0|0|0|0|0|0|0|0|0|0|0|0
S|D203P|35993483|59500503| |IF|0|0|0|0|0|0|0|0|0|0|0|0|0
S|MSD|36231167|59650556| |TF|0|0|0|0|0|0|0|0|0|0|0|0|0

P|LOSA2P|31R|LOSAN|0|5
S|LOSAN|35340278|59093333| |IF|0|0|0|0|0|0|0|0|0|0|0|0|0
S|MS30B|35785353|59369944| |TF|0|0|0|0|0|0|0|0|0|0|0|0|0
S|D203P|35993483|59500503| |TF|0|0|0|0|0|0|0|0|0|0|0|0|0
S|D170P|35965572|59684892|MSD|AF|1|20300|1600|17000|0|0|0|0|0|0|0|0|0
S|D130P|36045422|59887100|MSD|AF|1|17000|1600|13000|0|0|0|0|0|0|0|0|0

P|LOSA2Q|13L|LOSAN|0|5
S|LOSAN|35340278|59093333| |IF|0|0|0|0|0|0|0|0|0|0|0|0|0
S|MS30B|35785353|59369944| |TF|0|0|0|0|0|0|0|0|0|0|0|0|0
S|D203R|35963761|59481811| |TF|0|0|0|0|0|0|0|0|0|0|0|0|0
S|D280R|36303303|59290419|MSD|AF|2|20300|1800|28000|0|0|0|0|0|0|0|0|0
S|D309R|36435744|59378647|MSD|AF|2|28000|1800|30900|0|0|0|0|0|0|0|0|0

P|MIDM1P|31R|MIDMO|0|4
S|MIDMO|37095278|59023333| |IF|0|0|0|0|0|0|0|0|0|0|0|0|0
S|D325Y|36591750|59390825| |TF|0|0|0|0|0|0|0|0|0|0|0|0|0
S|MSD|36231167|59650556| |TF|0|0|0|0|0|0|0|0|0|0|0|0|0
S|D130P|36045422|59887100| |TF|0|0|0|0|0|0|0|0|0|0|0|0|0

P|MIDM2N|13L|MIDMO|0|4
S|MIDMO|37095278|59023333| |IF|0|0|0|0|0|0|0|0|0|0|0|0|0
S|D325Y|36591750|59390825| |TF|0|0|0|0|0|0|0|0|0|0|0|0|0
S|D325Y|36591750|59390825| |IF|0|0|0|0|0|0|0|0|0|0|0|0|0
S|MSD|36231167|59650556| |TF|0|0|0|0|0|0|0|0|0|0|0|0|0

P|MIDM2N|31R|MIDMO|0|4
S|MIDMO|37095278|59023333| |IF|0|0|0|0|0|0|0|0|0|0|0|0|0
S|D325Y|36591750|59390825| |TF|0|0|0|0|0|0|0|0|0|0|0|0|0
S|D325Y|36591750|59390825| |IF|0|0|0|0|0|0|0|0|0|0|0|0|0
S|MSD|36231167|59650556| |TF|0|0|0|0|0|0|0|0|0|0|0|0|0

P|MIDM2Q|13L|MIDMO|0|3
S|MIDMO|37095278|59023333| |IF|0|0|0|0|0|0|0|0|0|0|0|0|0
S|D325Y|36591750|59390825| |TF|0|0|0|0|0|0|0|0|0|0|0|0|0
S|D309R|36435744|59378647| |TF|0|0|0|0|0|0|0|0|0|0|0|0|0

P|NOTS1Q|13L|NOTSO|0|5
S|NOTSO|35237778|59509444| |IF|0|0|0|0|0|0|0|0|0|0|0|0|0
S|MS30D|35733778|59579456| |TF|0|0|0|0|0|0|0|0|0|0|0|0|0
S|D183P|35965903|59612525| |TF|0|0|0|0|0|0|0|0|0|0|0|0|0
S|MSD|36231167|59650556| |TF|0|0|0|0|0|0|0|0|0|0|0|0|0
S|D309R|36435744|59378647| |TF|0|0|0|0|0|0|0|0|0|0|0|0|0

P|NOTS2N|13L|NOTSO|0|5
S|NOTSO|35237778|59509444| |IF|0|0|0|0|0|0|0|0|0|0|0|0|0
S|NOTSO|35237778|59509444| |IF|0|0|0|0|0|0|0|0|0|0|0|0|0
S|MS30D|35733778|59579456| |TF|0|0|0|0|0|0|0|0|0|0|0|0|0
S|D183P|35965903|59612525| |TF|0|0|0|0|0|0|0|0|0|0|0|0|0
S|MSD|36231167|59650556| |TF|0|0|0|0|0|0|0|0|0|0|0|0|0

P|NOTS2R|31R|NOTSO|0|5
S|NOTSO|35237778|59509444| |IF|0|0|0|0|0|0|0|0|0|0|0|0|0
S|MS30D|35733778|59579456| |TF|0|0|0|0|0|0|0|0|0|0|0|0|0
S|D183P|35965903|59612525| |TF|0|0|0|0|0|0|0|0|0|0|0|0|0
S|D170P|35965572|59684892|MSD|AF|1|18300|1600|17000|0|0|0|0|0|0|0|0|0
S|D130P|36045422|59887100|MSD|AF|1|17000|1600|13000|0|0|0|0|0|0|0|0|0

P|PAMT1T|ALL|PAMTU|0|2
S|PAMTU|35168333|61135000| |IF|0|0|0|0|0|0|0|0|0|0|0|0|0
S|MSD|36228528|59637889| |TF|0|0|0|0|0|0|0|0|0|0|0|0|0

P|RAMI2N|13L|RAMIL|0|5
S|RAMIL|35485833|58828056| |IF|0|0|0|0|0|0|0|0|0|0|0|0|0
S|MS30F|35859369|59237553| |TF|0|0|0|0|0|0|0|0|0|0|0|0|0
S|D218P|36033056|59429803| |TF|0|0|0|0|0|0|0|0|0|0|0|0|0
S|D218P|36033056|59429803| |IF|0|0|0|0|0|0|0|0|0|0|0|0|0
S|MSD|36231167|59650556| |TF|0|0|0|0|0|0|0|0|0|0|0|0|0

P|RAMI2N|31R|RAMIL|0|5
S|RAMIL|35485833|58828056| |IF|0|0|0|0|0|0|0|0|0|0|0|0|0
S|MS30F|35859369|59237553| |TF|0|0|0|0|0|0|0|0|0|0|0|0|0
S|D218P|36033056|59429803| |TF|0|0|0|0|0|0|0|0|0|0|0|0|0
S|D218P|36033056|59429803| |IF|0|0|0|0|0|0|0|0|0|0|0|0|0
S|MSD|36231167|59650556| |TF|0|0|0|0|0|0|0|0|0|0|0|0|0

P|RAMI2Q|13L|RAMIL|0|5
S|RAMIL|35485833|58828056| |IF|0|0|0|0|0|0|0|0|0|0|0|0|0
S|MS30F|35859369|59237553| |TF|0|0|0|0|0|0|0|0|0|0|0|0|0
S|D218R|36008261|59402286| |TF|0|0|0|0|0|0|0|0|0|0|0|0|0
S|D280R|36303303|59290419|MSD|AF|2|21800|1800|28000|0|0|0|0|0|0|0|0|0
S|D309R|36435744|59378647|MSD|AF|2|28000|1800|30900|0|0|0|0|0|0|0|0|0

P|RAMI2R|31R|RAMIL|0|5
S|RAMIL|35485833|58828056| |IF|0|0|0|0|0|0|0|0|0|0|0|0|0
S|MS30F|35859369|59237553| |TF|0|0|0|0|0|0|0|0|0|0|0|0|0
S|D218P|36033056|59429803| |TF|0|0|0|0|0|0|0|0|0|0|0|0|0
S|D170P|35965572|59684892|MSD|AF|1|21800|1600|17000|0|0|0|0|0|0|0|0|0
S|D130P|36045422|59887100|MSD|AF|1|17000|1600|13000|0|0|0|0|0|0|0|0|0

P|RIBU2N|13L|RIBUX|0|5
S|RIBUX|36020000|58446389| |IF|0|0|0|0|0|0|0|0|0|0|0|0|0
S|MS30I|36126889|59046478| |TF|0|0|0|0|0|0|0|0|0|0|0|0|0
S|D253P|36175931|59328153| |TF|0|0|0|0|0|0|0|0|0|0|0|0|0
S|D253P|36175931|59328153| |IF|0|0|0|0|0|0|0|0|0|0|0|0|0
S|MSD|36231167|59650556| |TF|0|0|0|0|0|0|0|0|0|0|0|0|0

P|RIBU2P|31R|RIBUX|0|5
S|RIBUX|36020000|58446389| |IF|0|0|0|0|0|0|0|0|0|0|0|0|0
S|MS30I|36126889|59046478| |TF|0|0|0|0|0|0|0|0|0|0|0|0|0
S|D253P|36175931|59328153| |TF|0|0|0|0|0|0|0|0|0|0|0|0|0
S|D170P|35965572|59684892|MSD|AF|1|25300|1600|17000|0|0|0|0|0|1|0|0|0
S|D130P|36045422|59887100|MSD|AF|1|17000|1600|13000|0|0|0|0|0|0|0|0|0

P|RIBU3Q|13L|RIBUX|0|5
S|RIBUX|36020000|58446389| |IF|0|0|0|0|0|0|0|0|0|0|0|0|0
S|MS30I|36126889|59046478| |TF|0|0|0|0|0|0|0|0|0|0|0|0|0
S|D253R|36168964|59287917| |TF|0|0|0|0|0|0|0|0|0|0|0|0|0
S|D280R|36303303|59290419|MSD|AF|2|25300|1800|28000|0|0|0|0|0|0|0|0|0
S|D309R|36435744|59378647|MSD|AF|2|28000|1800|30900|0|0|0|0|0|0|0|0|0

P|TANB1N|13L|TANBU|0|4
S|TANBU|35572778|60575000| |IF|0|0|0|0|0|0|0|0|0|0|0|0|0
S|TANBU|35572778|60575000| |IF|0|0|0|0|0|0|0|0|0|0|0|0|0
S|MS30A|35902244|60115569| |TF|0|0|0|0|0|0|0|0|0|0|0|0|0
S|MSD|36231167|59650556| |TF|0|0|0|0|0|0|0|0|0|0|0|0|0

P|TANB1P|31R|TANBU|0|3
S|TANBU|35572778|60575000| |IF|0|0|0|0|0|0|0|0|0|0|0|0|0
S|MSD30|35894969|60107586| |TF|0|0|0|0|0|0|0|0|0|0|0|0|0
S|D130P|36045422|59887100| |TF|0|0|0|0|0|0|0|0|0|0|0|0|0

P|TANB1Q|13L|TANBU|0|4
S|TANBU|35572778|60575000| |IF|0|0|0|0|0|0|0|0|0|0|0|0|0
S|MS30A|35902244|60115569| |TF|0|0|0|0|0|0|0|0|0|0|0|0|0
S|MSD|36231167|59650556| |TF|0|0|0|0|0|0|0|0|0|0|0|0|0
S|D309R|36435744|59378647| |TF|0|0|0|0|0|0|0|0|0|0|0|0|0

P|TANB1T|ALL|TANBU|0|2
S|TANBU|35572778|60575000| |IF|0|0|0|0|0|0|0|0|0|0|0|0|0
S|MSD|36228528|59637889| |TF|0|0|0|0|0|0|0|0|0|0|0|0|0

