P|ALNI1R|13|ALNIT|0|3
S|ALNIT|37006111|54779167| |IF|0|0|0|0|0|0|0|0|0|0|0|0|0
S|D071O|36987181|54679325| |TF|0|0|0|0|0|0|0|0|0|0|0|0|0
S|CD13|37102758|54151108|GGN|AF|1|7100|1500|30900|0|0|0|0|0|0|0|0|0

P|ALNI2S|13|ALNIT|0|3
S|ALNIT|37006111|54779167| |IF|0|0|0|0|0|0|0|0|0|0|0|0|0
S|D071O|36987181|54679325| |TF|0|0|0|0|0|0|0|0|0|0|0|0|0
S|GGN|36929083|54375917| |TF|0|0|0|0|0|0|0|0|0|0|0|0|0

P|BONU2S|13|BONUL|0|3
S|BONUL|36709444|54686667| |IF|0|0|0|0|0|0|0|0|0|0|0|0|0
S|D127J|36818997|54532033| |TF|0|0|0|0|0|0|0|0|0|0|0|0|0
S|GGN|36929083|54375917| |TF|0|0|0|0|0|0|0|0|0|0|0|0|0

P|IMPI1N|13|IMPIR|0|2
S|IMPIR|36832778|53979444| |IF|0|0|0|0|0|0|0|0|0|0|0|0|0
S|D249O|36856753|54077547| |TF|0|0|0|0|0|0|0|0|0|0|0|0|0

P|IMPI1S|13|IMPIR|0|3
S|IMPIR|36832778|53979444| |IF|0|0|0|0|0|0|0|0|0|0|0|0|0
S|D249O|36856753|54077547| |TF|0|0|0|0|0|0|0|0|0|0|0|0|0
S|GGN|36929083|54375917| |TF|0|0|0|0|0|0|0|0|0|0|0|0|0

P|IMPI2R|13|IMPIR|0|3
S|IMPIR|36832778|53979444| |IF|0|0|0|0|0|0|0|0|0|0|0|0|0
S|D249O|36856753|54077547| |TF|0|0|0|0|0|0|0|0|0|0|0|0|0
S|CD13|37102758|54151108|GGN|AF|2|24900|1500|30900|0|0|0|0|0|0|0|0|0

P|RUDE1N|13|RUDEX|0|3
S|RUDEX|36669167|54115556| |IF|0|0|0|0|0|0|0|0|0|0|0|0|0
S|D214O|36734192|54180472| |TF|0|0|0|0|0|0|0|0|0|0|0|0|0
S|D249O|36856753|54077547|GGN|AF|2|21400|1500|24830|0|0|0|0|0|0|0|0|0

P|RUDE2R|13|RUDEX|0|4
S|RUDEX|36669167|54115556| |IF|0|0|0|0|0|0|0|0|0|0|0|0|0
S|D214O|36734192|54180472| |TF|0|0|0|0|0|0|0|0|0|0|0|0|0
S|D249O|36856753|54077547|GGN|AF|2|21400|1500|24830|0|0|0|0|0|0|0|0|0
S|CD13|37102758|54151108|GGN|AF|2|24900|1500|30900|0|0|0|0|0|0|0|0|0

P|RUDE2S|13|RUDEX|0|3
S|RUDEX|36669167|54115556| |IF|0|0|0|0|0|0|0|0|0|0|0|0|0
S|D214O|36734192|54180472| |TF|0|0|0|0|0|0|0|0|0|0|0|0|0
S|GGN|36929083|54375917| |TF|0|0|0|0|0|0|0|0|0|0|0|0|0

