P|BORE1N|12L|TBZ|0|3
S|BORES|38474722|45360278| |IF|0|0|0|0|0|0|0|0|0|0|0|0|0
S|D291T|38294864|45832750| |TF|0|0|0|0|0|0|0|0|0|0|0|0|0
S|TBZ|38148194|46212694| |TF|0|0|0|0|0|0|0|0|0|0|0|0|0

P|BORE1N|30R|TBZ|0|3
S|BORES|38474722|45360278| |IF|0|0|0|0|0|0|0|0|0|0|0|0|0
S|D291T|38294864|45832750| |TF|0|0|0|0|0|0|0|0|0|0|0|0|0
S|TBZ|38148194|46212694| |TF|0|0|0|0|0|0|0|0|0|0|0|0|0

P|BORE1P|12L|D082R|0|3
S|BORES|38474722|45360278| |IF|0|0|0|0|0|0|0|0|0|0|0|0|0
S|D326J|38285572|46116053| |TF|0|0|0|0|0|0|0|0|0|0|0|0|0
S|D082R|38163297|46592561| |TF|0|0|0|0|0|0|0|0|0|0|0|0|0

P|BORE1P|30R|D082R|0|3
S|BORES|38474722|45360278| |IF|0|0|0|0|0|0|0|0|0|0|0|0|0
S|D326J|38285572|46116053| |TF|0|0|0|0|0|0|0|0|0|0|0|0|0
S|D082R|38163297|46592561| |TF|0|0|0|0|0|0|0|0|0|0|0|0|0

P|DASD1N|12L|TBZ|0|3
S|DASDA|38693056|46870556| |IF|0|0|0|0|0|0|0|0|0|0|0|0|0
S|D039T|38390592|46503589| |TF|0|0|0|0|0|0|0|0|0|0|0|0|0
S|TBZ|38148194|46212694| |TF|0|0|0|0|0|0|0|0|0|0|0|0|0

P|DASD1N|30R|TBZ|0|3
S|DASDA|38693056|46870556| |IF|0|0|0|0|0|0|0|0|0|0|0|0|0
S|D039T|38390592|46503589| |TF|0|0|0|0|0|0|0|0|0|0|0|0|0
S|TBZ|38148194|46212694| |TF|0|0|0|0|0|0|0|0|0|0|0|0|0

P|DASD1P|12L|D082R|0|3
S|DASDA|38693056|46870556| |IF|0|0|0|0|0|0|0|0|0|0|0|0|0
S|D060X|38316156|46672319| |TF|0|0|0|0|0|0|0|0|0|0|0|0|0
S|D082R|38163297|46592561| |TF|0|0|0|0|0|0|0|0|0|0|0|0|0

P|DASD1P|30R|D082R|0|3
S|DASDA|38693056|46870556| |IF|0|0|0|0|0|0|0|0|0|0|0|0|0
S|D060X|38316156|46672319| |TF|0|0|0|0|0|0|0|0|0|0|0|0|0
S|D082R|38163297|46592561| |TF|0|0|0|0|0|0|0|0|0|0|0|0|0

P|PAPO1N|12L|TBZ|0|3
S|PAPOK|38744167|46351389| |IF|0|0|0|0|0|0|0|0|0|0|0|0|0
S|D004T|38476453|46288797| |TF|0|0|0|0|0|0|0|0|0|0|0|0|0
S|TBZ|38148194|46212694| |TF|0|0|0|0|0|0|0|0|0|0|0|0|0

P|PAPO1N|30R|TBZ|0|3
S|PAPOK|38744167|46351389| |IF|0|0|0|0|0|0|0|0|0|0|0|0|0
S|D004T|38476453|46288797| |TF|0|0|0|0|0|0|0|0|0|0|0|0|0
S|TBZ|38148194|46212694| |TF|0|0|0|0|0|0|0|0|0|0|0|0|0

P|PAPO1P|12L|D082R|0|3
S|PAPOK|38744167|46351389| |IF|0|0|0|0|0|0|0|0|0|0|0|0|0
S|D038T|38389575|46499094| |TF|0|0|0|0|0|0|0|0|0|0|0|0|0
S|D082R|38163297|46592561| |TF|0|0|0|0|0|0|0|0|0|0|0|0|0

P|PAPO1P|30R|D082R|0|3
S|PAPOK|38744167|46351389| |IF|0|0|0|0|0|0|0|0|0|0|0|0|0
S|D038T|38389575|46499094| |TF|0|0|0|0|0|0|0|0|0|0|0|0|0
S|D082R|38163297|46592561| |TF|0|0|0|0|0|0|0|0|0|0|0|0|0

P|RABD1N|12L|TBZ|0|3
S|RABDI|38801111|45741944| |IF|0|0|0|0|0|0|0|0|0|0|0|0|0
S|D326T|38438731|46004439| |TF|0|0|0|0|0|0|0|0|0|0|0|0|0
S|TBZ|38148194|46212694| |TF|0|0|0|0|0|0|0|0|0|0|0|0|0

P|RABD1N|30R|TBZ|0|3
S|RABDI|38801111|45741944| |IF|0|0|0|0|0|0|0|0|0|0|0|0|0
S|D326T|38438731|46004439| |TF|0|0|0|0|0|0|0|0|0|0|0|0|0
S|TBZ|38148194|46212694| |TF|0|0|0|0|0|0|0|0|0|0|0|0|0

P|RABD1P|12L|D082R|0|2
S|RABDI|38801111|45741944| |IF|0|0|0|0|0|0|0|0|0|0|0|0|0
S|D082R|38163297|46592561| |TF|0|0|0|0|0|0|0|0|0|0|0|0|0

P|RABD1P|30R|D082R|0|2
S|RABDI|38801111|45741944| |IF|0|0|0|0|0|0|0|0|0|0|0|0|0
S|D082R|38163297|46592561| |TF|0|0|0|0|0|0|0|0|0|0|0|0|0

P|RAKE1P|12L|D082R|0|2
S|RAKED|37939167|47120000| |IF|0|0|0|0|0|0|0|0|0|0|0|0|0
S|D082R|38163297|46592561| |TF|0|0|0|0|0|0|0|0|0|0|0|0|0

P|RAKE1P|30R|D082R|0|2
S|RAKED|37939167|47120000| |IF|0|0|0|0|0|0|0|0|0|0|0|0|0
S|D082R|38163297|46592561| |TF|0|0|0|0|0|0|0|0|0|0|0|0|0

P|RAKE2N|12L|TBZ|0|2
S|RAKED|37939167|47120000| |IF|0|0|0|0|0|0|0|0|0|0|0|0|0
S|TBZ|38148194|46212694| |TF|0|0|0|0|0|0|0|0|0|0|0|0|0

P|RAKE2N|30R|TBZ|0|2
S|RAKED|37939167|47120000| |IF|0|0|0|0|0|0|0|0|0|0|0|0|0
S|TBZ|38148194|46212694| |TF|0|0|0|0|0|0|0|0|0|0|0|0|0

P|RUDA1N|12L|TBZ|0|2
S|RUDAD|37679167|46961389| |IF|0|0|0|0|0|0|0|0|0|0|0|0|0
S|TBZ|38148194|46212694| |TF|0|0|0|0|0|0|0|0|0|0|0|0|0

P|RUDA1N|30R|TBZ|0|2
S|RUDAD|37679167|46961389| |IF|0|0|0|0|0|0|0|0|0|0|0|0|0
S|TBZ|38148194|46212694| |TF|0|0|0|0|0|0|0|0|0|0|0|0|0

P|RUDA1P|12L|D082R|0|2
S|RUDAD|37679167|46961389| |IF|0|0|0|0|0|0|0|0|0|0|0|0|0
S|D082R|38163297|46592561| |TF|0|0|0|0|0|0|0|0|0|0|0|0|0

P|RUDA1P|30R|D082R|0|2
S|RUDAD|37679167|46961389| |IF|0|0|0|0|0|0|0|0|0|0|0|0|0
S|D082R|38163297|46592561| |TF|0|0|0|0|0|0|0|0|0|0|0|0|0

P|SETN1N|12L|TBZ|0|2
S|SETNA|37937500|45922778| |IF|0|0|0|0|0|0|0|0|0|0|0|0|0
S|TBZ|38148194|46212694| |TF|0|0|0|0|0|0|0|0|0|0|0|0|0

P|SETN1N|30R|TBZ|0|2
S|SETNA|37937500|45922778| |IF|0|0|0|0|0|0|0|0|0|0|0|0|0
S|TBZ|38148194|46212694| |TF|0|0|0|0|0|0|0|0|0|0|0|0|0

P|SETN1P|12L|D082R|0|2
S|SETNA|37937500|45922778| |IF|0|0|0|0|0|0|0|0|0|0|0|0|0
S|D082R|38163297|46592561| |TF|0|0|0|0|0|0|0|0|0|0|0|0|0

P|SETN1P|30R|D082R|0|2
S|SETNA|37937500|45922778| |IF|0|0|0|0|0|0|0|0|0|0|0|0|0
S|D082R|38163297|46592561| |TF|0|0|0|0|0|0|0|0|0|0|0|0|0

