P|LOXU1N|30|LOXUB|0|2
S|LOXUB|36611111|48828333| |IF|0|0|0|0|0|0|0|0|0|0|0|0|0
S|D125Q|36596992|48622844| |TF|0|0|0|0|0|0|0|0|0|0|0|0|0

P|LOXU1P|ALL|LOXUB|0|2
S|LOXUB|36611111|48828333| |IF|0|0|0|0|0|0|0|0|0|0|0|0|0
S|ZAJ|36779667|48353306| |TF|0|0|0|0|0|0|0|0|0|0|0|0|0

P|SUTB1N|30|SUTBU|0|2
S|SUTBU|36556667|48792222| |IF|0|0|0|0|0|0|0|0|0|0|0|0|0
S|D125Q|36596992|48622844| |TF|0|0|0|0|0|0|0|0|0|0|0|0|0

P|SUTB1P|ALL|SUTBU|0|2
S|SUTBU|36556667|48792222| |IF|0|0|0|0|0|0|0|0|0|0|0|0|0
S|ZAJ|36779667|48353306| |TF|0|0|0|0|0|0|0|0|0|0|0|0|0

P|TULG1N|30|TULGU|0|2
S|TULGU|36476667|48709722| |IF|0|0|0|0|0|0|0|0|0|0|0|0|0
S|D125Q|36596992|48622844| |TF|0|0|0|0|0|0|0|0|0|0|0|0|0

P|TULG1P|ALL|TULGU|0|2
S|TULGU|36476667|48709722| |IF|0|0|0|0|0|0|0|0|0|0|0|0|0
S|ZAJ|36779667|48353306| |TF|0|0|0|0|0|0|0|0|0|0|0|0|0

