P|ENRI1A|03L|ENRIR|0|2
S|ENRIR|31415278|73469444| |IF|0|0|0|0|0|0|0|0|0|0|0|0|0
S|MEPAP|31127500|72909722| |TF|0|0|0|0|0|230|1|4000|0|0|0|0|0

P|ENRI1A|03R|ENRIR|0|2
S|ENRIR|31415278|73469444| |IF|0|0|0|0|0|0|0|0|0|0|0|0|0
S|MEPAP|31127500|72909722| |TF|0|0|0|0|0|230|1|4000|0|0|0|0|0

P|ENRI1B|21L|ENRIR|0|2
S|ENRIR|31415278|73469444| |IF|0|0|0|0|0|0|0|0|0|0|0|0|0
S|SAMIM|31459167|73228333| |TF|0|0|0|0|0|230|1|4000|0|0|0|0|0

P|ENRI1B|21R|ENRIR|0|2
S|ENRIR|31415278|73469444| |IF|0|0|0|0|0|0|0|0|0|0|0|0|0
S|SAMIM|31459167|73228333| |TF|0|0|0|0|0|230|1|4000|0|0|0|0|0

P|NINU1A|03L|NINUK|0|2
S|NINUK|30876944|72826111| |IF|0|0|0|0|0|0|0|0|0|0|0|0|0
S|MEPAP|31127500|72909722| |TF|0|0|0|0|0|230|1|4000|0|0|0|0|0

P|NINU1A|03R|NINUK|0|2
S|NINUK|30876944|72826111| |IF|0|0|0|0|0|0|0|0|0|0|0|0|0
S|MEPAP|31127500|72909722| |TF|0|0|0|0|0|230|1|4000|0|0|0|0|0

P|NINU1B|21L|NINUK|0|4
S|NINUK|30876944|72826111| |IF|0|0|0|0|0|0|0|0|0|0|0|0|0
S|FA414|30966667|73000000| |TF|0|0|0|0|0|0|0|0|0|0|0|0|0
S|FA413|31300000|73133333| |TF|0|0|0|0|0|0|0|0|0|0|0|0|0
S|SAMIM|31459167|73228333| |TF|0|0|0|0|0|230|1|4000|0|0|0|0|0

P|NINU1B|21R|NINUK|0|4
S|NINUK|30876944|72826111| |IF|0|0|0|0|0|0|0|0|0|0|0|0|0
S|FA414|30966667|73000000| |TF|0|0|0|0|0|0|0|0|0|0|0|0|0
S|FA413|31300000|73133333| |TF|0|0|0|0|0|0|0|0|0|0|0|0|0
S|SAMIM|31459167|73228333| |TF|0|0|0|0|0|230|1|4000|0|0|0|0|0

