P|BELK1C|ALL|BELKO|0|2
S|BELKO|33048056|72627222| |IF|0|0|0|0|0|0|0|0|0|0|0|0|0
S|ISDUR|33407500|73159167| |TF|0|0|0|0|0|220|1|6000|0|0|0|0|0

P|BELK1D|ALL|BELKO|0|5
S|BELKO|33048056|72627222| |IF|0|0|0|0|0|0|0|0|0|0|0|0|0
S| |91000000|181000000|RN|CD|0|3500|0|0|1900|0|0|0|0|0|0|0|0
S| |91000000|181000000| |CI|0|3500|0|0|0|0|0|0|0|0|0|0|0
S|D170Q|33324850|73173186|RN|AF|1|21500|1700|17000|0|0|0|0|0|0|0|0|0
S|ISDUR|33407500|73159167| |TF|0|0|0|0|0|0|0|0|0|0|0|0|0

P|BOBA1J|ALL|BOBAM|0|3
S|BOBAM|34583056|73082778| |IF|0|0|0|0|0|0|0|0|0|0|0|0|0
S|RN|33605942|73125936| |TF|0|0|0|0|0|0|1|9500|0|0|0|0|0
S|ISDUR|33407500|73159167| |TF|0|0|0|0|0|220|1|6000|0|0|0|0|0

P|BOBA1K|ALL|BOBAM|0|4
S|BOBAM|34583056|73082778| |IF|0|0|0|0|0|0|0|0|0|0|0|0|0
S|RN|33605942|73125936| |TF|0|0|0|0|0|0|1|9500|0|0|0|0|0
S| |91000000|181000000|RN|CD|0|18300|0|0|1700|0|0|0|0|0|0|0|0
S|ISDUR|33407500|73159167|RN|CF|1|35000|1200|16900|500|0|0|0|0|0|0|0|0

P|DAMT1D|ALL|DAMTO|0|2
S|DAMTO|32900000|71992778| |IF|0|0|0|0|0|0|0|0|0|0|0|0|0
S|ISDUR|33407500|73159167| |TF|0|0|0|0|0|220|1|6000|0|0|0|0|0

P|DAMT1E|ALL|DAMTO|0|5
S|DAMTO|32900000|71992778| |IF|0|0|0|0|0|0|0|0|0|0|0|0|0
S| |91000000|181000000|RN|CD|0|5200|0|0|1900|0|0|0|0|0|0|0|0
S| |91000000|181000000| |CI|0|5200|0|0|0|0|0|0|0|0|0|0|0
S|D170Q|33324850|73173186|RN|AF|1|23200|1700|17000|0|0|0|0|0|0|0|0|0
S|ISDUR|33407500|73159167| |TF|0|0|0|0|0|0|0|0|0|0|0|0|0

P|INDE1A|ALL|INDEK|0|3
S|INDEK|32766667|73266111| |IF|0|0|0|0|0|0|0|0|0|0|0|0|0
S|PUNOP|33192500|73195278| |TF|0|0|0|0|0|0|0|0|0|0|0|0|0
S|ISDUR|33407500|73159167| |TF|0|0|0|0|0|220|1|6000|0|0|0|0|0

P|INDE1B|ALL|INDEK|0|2
S|INDEK|32766667|73266111| |IF|0|0|0|0|0|0|0|0|0|0|0|0|0
S|ISDUR|33407500|73159167| |TF|0|0|0|0|0|0|0|0|0|0|0|0|0

P|KALM1A|ALL|KALMI|0|5
S|KALMI|33548333|72025556| |IF|0|0|0|0|0|0|0|0|0|0|0|0|0
S|KIMUL|33547222|72417500| |TF|0|0|0|0|0|0|0|0|0|0|0|0|0
S|SUMEB|33491111|72574583| |TF|0|0|0|0|0|0|0|0|0|0|0|0|0
S|ISBAX|33427222|73022917| |TF|0|0|0|0|0|0|0|0|0|0|0|0|0
S|ISDUR|33407500|73159167| |TF|0|0|0|0|0|220|1|6000|0|0|0|0|0

P|KALM1B|ALL|KALMI|0|5
S|KALMI|33548333|72025556| |IF|0|0|0|0|0|0|0|0|0|0|0|0|0
S|KIMUL|33547222|72417500| |TF|0|0|0|0|0|0|0|0|0|0|0|0|0
S|BTR|33544317|72856067| |TF|0|0|0|0|0|0|0|0|0|0|0|0|0
S| |91000000|181000000|BTR|CD|0|13500|0|0|1800|0|0|0|0|0|0|0|0
S|ISDUR|33407500|73159167|RN|CF|1|35000|1200|16900|500|0|0|0|0|0|0|0|0

