P|DIBA1A|18|DIBBA|0|2
S|DIBBA|30201944|71801389| |IF|0|0|0|0|0|0|0|0|0|0|0|0|0
S|RUTEV|30308333|71577778| |TF|0|0|0|0|0|220|1|4000|0|0|0|0|0

P|DIBA1B|36|DIBBA|0|3
S|DIBBA|30201944|71801389| |IF|0|0|0|0|0|0|0|0|0|0|0|0|0
S|MT411|30014167|71502500| |TF|0|0|0|0|0|0|0|0|0|0|0|0|0
S|KEVEM|30019250|71406722| |TF|0|0|0|0|0|220|1|3000|0|0|0|0|0

P|KASB1A|18|KASBI|0|3
S|KASBI|29958611|71151389| |IF|0|0|0|0|0|0|0|0|0|0|0|0|0
S|MT|30194044|71416228| |TF|0|0|0|0|0|0|0|0|0|0|0|0|0
S|RUTEV|30308333|71577778| |TF|0|0|0|0|0|220|1|4000|0|0|0|0|0

P|KASB1B|36|KASBI|0|2
S|KASBI|29958611|71151389| |IF|0|0|0|0|0|0|0|0|0|0|0|0|0
S|KEVEM|30019250|71406722| |TF|0|0|0|0|0|220|1|3000|0|0|0|0|0

P|MELU1A|18|MELUK|0|3
S|MELUK|30200278|70999722| |IF|0|0|0|0|0|0|0|0|0|0|0|0|0
S|MT|30194044|71416228| |TF|0|0|0|0|0|0|0|0|0|0|0|0|0
S|RUTEV|30308333|71577778| |TF|0|0|0|0|0|220|1|4000|0|0|0|0|0

P|MELU1B|36|MELUK|0|3
S|MELUK|30200278|70999722| |IF|0|0|0|0|0|0|0|0|0|0|0|0|0
S|MT421|30024167|71310833| |TF|0|0|0|0|0|0|0|0|0|0|0|0|0
S|KEVEM|30019250|71406722| |TF|0|0|0|0|0|220|1|3000|0|0|0|0|0

P|OLSU1A|18|OLSUM|0|3
S|OLSUM|29908611|71229722| |IF|0|0|0|0|0|0|0|0|0|0|0|0|0
S|MT|30194044|71416228| |TF|0|0|0|0|0|0|0|0|0|0|0|0|0
S|RUTEV|30308333|71577778| |TF|0|0|0|0|0|220|1|4000|0|0|0|0|0

P|OLSU1B|36|OLSUM|0|2
S|OLSUM|29908611|71229722| |IF|0|0|0|0|0|0|0|0|0|0|0|0|0
S|KEVEM|30019250|71406722| |TF|0|0|0|0|0|220|1|3000|0|0|0|0|0

