P|MA1R|ALL|MKG|0|4
S|MKG|23595444|119637278| |IF|0|0|0|0|0|0|0|0|0|0|0|0|0
S|JULLY|23322433|119582861| |TF|0|0|0|0|0|0|1|4000|0|0|0|0|0
S|OTTER|23190942|119557881| |TF|0|0|0|0|0|0|1|1500|0|0|0|0|0
S|MALIC|23198458|119467794| |TF|0|0|0|0|0|0|1|1500|0|0|0|0|0

P|SA1R|ALL|TNN|0|4
S|TNN|23135306|120206194| |IF|0|0|0|0|0|0|0|0|0|0|0|0|0
S|MALAY|23178808|119701994| |TF|0|0|0|0|0|0|1|4000|0|0|0|0|0
S|OTTER|23190942|119557881| |TF|0|0|0|0|0|0|1|1500|0|0|0|0|0
S|MALIC|23198458|119467794| |TF|0|0|0|0|0|0|1|1500|0|0|0|0|0

