P|HCN1G|09|HCN|0|4
S|HCN|21927778|120843583| |IF|0|0|0|0|0|0|0|0|0|0|0|0|0
S|OASIS|22281164|120233989| |TF|0|0|0|0|0|0|0|0|0|0|0|0|0
S|ORION|22386047|120051703| |TF|0|0|0|0|0|0|0|0|0|0|0|0|0
S|KIZIN|22584722|120092500| |TF|0|0|0|0|0|0|0|0|0|0|0|0|0

P|HCN1H|27|HCN|0|3
S|HCN|21927778|120843583| |IF|0|0|0|0|0|0|0|0|0|0|0|0|0
S|ROTOM|22338803|120522339| |TF|0|0|0|0|0|0|0|0|0|0|0|0|0
S|FORKY|22431622|120444789| |TF|0|0|0|0|0|0|0|0|0|0|0|0|0

P|LUGI1A|09|LUGIA|0|3
S|LUGIA|22883475|120052408| |IF|0|0|0|0|0|0|0|0|0|0|0|0|0
S|WP345|22700919|120076839| |TF|0|0|0|0|0|0|1|5000|0|0|0|0|0
S|KIZIN|22584722|120092500| |TF|0|0|0|0|0|210|1|3000|0|0|0|0|0

P|LUGI2B|27|LUGIA|0|4
S|LUGIA|22883475|120052408| |IF|0|0|0|0|0|0|0|0|0|0|0|0|0
S|WP738|22522006|120213331| |TF|0|0|0|0|0|0|1|9000|0|0|0|0|0
S|WP430|22447489|120311692| |TF|0|0|0|0|0|0|0|0|0|0|0|0|0
S|FORKY|22431622|120444789| |TF|0|0|0|0|0|210|1|4000|0|0|0|0|0

P|PARP1C|09|PARPA|0|4
S|PARPA|22032222|120036389| |IF|0|0|0|0|0|0|0|0|0|0|0|0|0
S| |91000000|181000000| |VI|0|35000|0|0|0|0|0|0|0|0|0|0|0
S|ORION|22386047|120051703|TNN|CF|0|1500|4560|19490|1400|0|0|0|0|0|0|0|0
S|KIZIN|22584722|120092500| |TF|0|0|0|0|0|0|0|0|0|0|0|0|0

P|PORC1A|09|PORCH|0|3
S|PORCH|22039167|119980833| |IF|0|0|0|0|0|0|0|0|0|0|0|0|0
S|ORION|22386047|120051703| |TF|0|0|0|0|0|0|0|0|0|0|0|0|0
S|KIZIN|22584722|120092500| |TF|0|0|0|0|0|0|0|0|0|0|0|0|0

P|POTI1A|09|POTIB|0|8
S|POTIB|21000000|120758333| |IF|0|0|0|0|0|0|0|0|0|0|0|0|0
S|WP946|21357783|120791078| |TF|0|0|0|0|0|0|0|0|0|0|0|0|0
S|WP406|21900439|120614789| |TF|0|0|0|0|0|0|0|0|0|0|0|0|0
S|WP381|22056392|120472600| |TF|0|0|0|0|0|0|0|0|0|0|0|0|0
S|WP382|22223644|120318444| |TF|0|0|0|0|0|0|0|0|0|0|0|0|0
S|WP383|22361556|120187600| |TF|0|0|0|0|0|0|1|8000|0|0|0|0|0
S|WP620|22467914|120086447| |TF|0|0|0|0|0|0|2|7000|0|0|0|0|0
S|KIZIN|22584722|120092500| |TF|0|0|0|0|0|210|1|3000|0|0|0|0|0

P|POTI2B|27|POTIB|0|7
S|POTIB|21000000|120758333| |IF|0|0|0|0|0|0|0|0|0|0|0|0|0
S|WP946|21357783|120791078| |TF|0|0|0|0|0|0|0|0|0|0|0|0|0
S|WP406|21900439|120614789| |TF|0|0|0|0|0|0|0|0|0|0|0|0|0
S|WP381|22056392|120472600| |TF|0|0|0|0|0|0|0|0|0|0|0|0|0
S|WP382|22223644|120318444| |TF|0|0|0|0|0|0|0|0|0|0|0|0|0
S|WP571|22391669|120356892| |TF|0|0|0|0|0|0|0|0|0|0|0|0|0
S|FORKY|22431622|120444789| |TF|0|0|0|0|0|210|1|4000|0|0|0|0|0

P|TNN1J|09|TNN|0|3
S|TNN|23135306|120206194| |IF|0|0|0|0|0|0|0|0|0|0|0|0|0
S|NUMEL|22724675|120121311| |TF|0|0|0|0|0|0|0|0|0|0|0|0|0
S|KIZIN|22584722|120092500| |TF|0|0|0|0|0|0|0|0|0|0|0|0|0

P|TNN1M|27|TNN|0|3
S|TNN|23135306|120206194| |IF|0|0|0|0|0|0|0|0|0|0|0|0|0
S|SK|22577806|120326361| |TF|0|0|0|0|0|0|0|0|0|0|0|0|0
S|FORKY|22431622|120444789| |TF|0|0|0|0|0|0|0|0|0|0|0|0|0

P|YANM1A|09|YANMA|0|7
S|YANMA|22713611|121376667| |IF|0|0|0|0|0|0|0|0|0|0|0|0|0
S|WP407|22086194|120888589| |TF|0|0|0|0|0|0|1|21000|0|0|0|0|0
S|WP381|22056392|120472600| |TF|0|0|0|0|0|0|0|0|0|0|0|0|0
S|WP382|22223644|120318444| |TF|0|0|0|0|0|0|0|0|0|0|0|0|0
S|WP383|22361556|120187600| |TF|0|0|0|0|0|0|1|8000|0|0|0|0|0
S|WP620|22467914|120086447| |TF|0|0|0|0|0|0|2|7000|0|0|0|0|0
S|KIZIN|22584722|120092500| |TF|0|0|0|0|0|210|1|3000|0|0|0|0|0

P|YANM2B|27|YANMA|0|6
S|YANMA|22713611|121376667| |IF|0|0|0|0|0|0|0|0|0|0|0|0|0
S|WP407|22086194|120888589| |TF|0|0|0|0|0|0|1|21000|0|0|0|0|0
S|WP381|22056392|120472600| |TF|0|0|0|0|0|0|0|0|0|0|0|0|0
S|WP382|22223644|120318444| |TF|0|0|0|0|0|0|0|0|0|0|0|0|0
S|WP571|22391669|120356892| |TF|0|0|0|0|0|0|0|0|0|0|0|0|0
S|FORKY|22431622|120444789| |TF|0|0|0|0|0|210|1|4000|0|0|0|0|0

