P|KINKOH|34|KINKO|0|4
S|KINKO|31332836|130720008| |IF|0|0|0|0|0|0|0|0|0|0|0|0|0
S|IROHA|31477108|130854881| |TF|0|0|0|0|0|0|1|7000|0|0|0|0|0
S|YOGAN|31529522|130904022| |TF|0|0|0|0|0|0|1|6000|0|0|0|0|0
S|ZAIHO|31633836|130833850| |TF|0|0|0|0|0|0|1|3300|0|0|0|0|0

P|OGOJO|16|SPICA|0|4
S|SPICA|31947283|131439850| |IF|0|0|0|0|0|0|1|10000|0|0|0|0|0
S|DEMET|31985314|131047967| |TF|0|0|0|0|0|0|1|10000|0|0|0|0|0
S|PERSE|32010575|130780339| |TF|0|0|0|0|0|0|1|7000|0|0|0|0|0
S|OGOJO|32017078|130710436| |TF|0|0|0|0|0|0|1|5000|0|0|0|0|0

P|OIDON|16|HKC|0|2
S|HKC|31697222|130582942| |IF|0|0|0|0|0|0|1|4500|0|0|0|0|0
S|OIDON|31916731|130506922| |TF|0|0|0|0|0|0|1|4500|0|0|0|0|0

P|SIMAZE|34|SPICA|0|6
S|SPICA|31947283|131439850| |IF|0|0|0|0|0|0|1|10000|0|0|0|0|0
S|JANUS|31754625|131080572| |TF|0|0|0|0|0|0|1|6000|0|0|0|0|0
S|CELES|31669583|130922378| |TF|0|0|0|0|0|230|1|4100|0|0|0|0|0
S|KEPLA|31658978|130864833| |TF|0|0|0|0|0|0|1|3300|0|0|0|0|0
S|MUSES|31667914|130835386| |TF|0|0|0|0|0|0|1|3100|0|0|0|0|0
S|SIMAZ|31677250|130804594| |TF|0|0|0|0|0|200|1|2800|0|0|0|0|0

P|SIMAZN|34|HKC|0|4
S|HKC|31697222|130582942| |IF|0|0|0|0|0|0|1|3500|0|0|0|0|0
S|ROKET|31667922|130694303| |TF|0|0|0|0|0|0|1|3100|0|0|0|0|0
S|TOPPY|31652208|130753844| |TF|0|0|0|0|0|185|0|0|0|0|0|0|0
S|SIMAZ|31677250|130804594| |TF|0|0|0|0|0|0|1|2800|0|0|0|0|0

P|SIMAZS|34|ISKID|0|5
S|ISKID|31596497|130537189| |IF|0|0|0|0|0|0|0|0|0|0|0|0|0
S|MAGIL|31669569|130614583| |TF|0|0|0|0|0|0|1|3500|0|0|0|0|0
S|ROKET|31667922|130694303| |TF|0|0|0|0|0|0|1|3100|0|0|0|0|0
S|TOPPY|31652208|130753844| |TF|0|0|0|0|0|185|0|0|0|0|0|0|0
S|SIMAZ|31677250|130804594| |TF|0|0|0|0|0|0|1|2800|0|0|0|0|0

P|YUKSA|16|MOCOS|0|4
S|MOCOS|32127889|130897400| |IF|0|0|0|0|0|0|1|10000|0|0|0|0|0
S|SEPPE|32132075|130819044| |TF|0|0|0|0|0|0|1|10000|0|0|0|0|0
S|JADDO|32140986|130649064| |TF|0|0|0|0|0|0|0|0|0|0|0|0|0
S|YUKSA|32053686|130549694| |TF|0|0|0|0|0|0|1|5000|0|0|0|0|0

