P|EXPOHN|ALL|SWING|0|4
S|SWING|35389428|137258186| |IF|0|0|0|0|0|0|0|0|0|0|0|0|0
S|D151R|35019750|137139631|KCC|AF|2|7400|1840|15100|0|0|1|3900|0|1|0|0|0
S| |91000000|181000000| |CI|0|29400|0|0|0|0|0|0|0|0|0|0|0
S|EXPOH|35105183|137019889|KCC|CF|0|33900|1090|15970|600|0|1|2500|0|0|0|0|0

P|EXPOHS|ALL|SHIMA|0|5
S|SHIMA|34304389|136588678| |IF|0|0|0|0|0|0|0|0|0|0|0|0|0
S|D205X|34476483|136655031| |TF|0|0|0|0|0|0|0|0|0|0|0|0|0
S|KCC36|34739967|137267325|CBE|AF|1|20500|2400|11500|0|0|0|0|0|0|0|0|0
S|D159W|34929242|137140947| |TF|0|0|0|0|0|0|1|5000|0|0|0|0|0
S|EXPOH|35105183|137019889| |TF|0|0|0|0|0|0|1|2500|0|0|0|0|0

P|ORIBEE|ALL|MAMLA|0|3
S|MAMLA|35563133|137406978| |IF|0|0|0|0|0|0|1|9000|0|0|0|0|0
S|SIMON|35563744|137271494| |TF|0|0|0|0|0|0|1|7000|0|0|0|0|0
S|ORIBE|35564631|136904756| |TF|0|0|0|0|0|0|1|6000|0|0|0|0|0

P|ORIBES|ALL|SHIMA|0|5
S|SHIMA|34304389|136588678| |IF|0|0|0|0|0|0|0|0|0|0|0|0|0
S|KOHWA|34704636|136957947| |TF|0|0|0|0|0|0|1|8000|0|0|0|0|0
S|RYUDO|35040333|137031317| |TF|0|0|0|0|0|0|0|0|0|0|0|0|0
S|GRIPP|35375947|137105356| |TF|0|0|0|0|0|0|0|0|0|0|0|0|0
S|ORIBE|35564631|136904756| |TF|0|0|0|0|0|0|1|6000|0|0|0|0|0

P|SHINO|ALL|ADGUN|0|3
S|ADGUN|35062425|136021397| |IF|0|0|0|0|0|0|0|0|0|0|0|0|0
S|DOZAN|35301253|136425025| |TF|0|0|0|0|0|0|1|7000|0|0|0|0|0
S|SHINO|35442975|136666794| |TF|0|0|0|0|0|0|1|5100|0|0|0|0|0

