P|GENGE|ALL|GENGE|0|3
S|GENGE|37542194|137766914| |IF|0|0|0|0|0|0|0|0|0|0|0|0|0
S|NOBEL|37138292|137337497| |TF|0|0|0|0|0|0|0|0|0|0|0|0|0
S|MEDIC|36836250|137246431| |TF|0|0|0|0|0|0|1|3000|0|0|0|0|0

P|MANYO|ALL|OYABE|0|4
S|OYABE|36605097|136753606| |IF|0|0|0|0|0|0|0|0|0|0|0|0|0
S|MANYO|36746147|136991981| |TF|0|0|0|0|0|0|1|8000|0|0|0|0|0
S|NT053|36901917|137139000| |TF|0|0|0|0|0|0|0|0|0|0|0|0|0
S|MEDIC|36836250|137246431| |TF|2|0|0|0|0|0|1|3000|0|0|0|0|0

P|NANAO|ALL|URUSI|0|6
S|URUSI|36819208|137131533| |IF|0|0|0|0|0|0|0|0|0|0|0|0|0
S|NANAO|37052808|137047989| |TF|0|0|0|0|0|250|0|0|0|0|0|0|0
S|NT050|37112861|137120278| |TF|0|0|0|0|0|0|0|0|0|0|0|0|0
S|NT051|37110528|137246583| |TF|0|0|0|0|0|0|0|0|0|0|0|0|0
S|NT052|37056500|137316194| |TF|0|0|0|0|0|0|0|0|0|0|0|0|0
S|MEDIC|36836250|137246431| |TF|0|0|0|0|0|0|1|3000|0|0|0|0|0

P|OHANA|ALL|OHANA|0|3
S|OHANA|37435414|137427433| |IF|0|0|0|0|0|0|0|0|0|0|0|0|0
S|NOBEL|37138292|137337497| |TF|0|0|0|0|0|0|0|0|0|0|0|0|0
S|MEDIC|36836250|137246431| |TF|0|0|0|0|0|0|1|3000|0|0|0|0|0

P|TOE|ALL|URUSI|0|4
S|URUSI|36819208|137131533| |IF|0|0|0|0|0|0|0|0|0|0|0|0|0
S|TOE29|37117292|137024539| |TF|0|0|0|0|0|0|0|0|0|0|0|0|0
S| |91000000|181000000| |VI|2|15600|0|0|0|0|0|0|0|0|0|0|0
S|MEDIC|36836250|137246431|TOE|CF|0|20100|1140|2160|700|0|1|3000|0|0|0|0|0

