P|AXELA|10|AMURO|0|6
S|AMURO|34691917|133340722| |IF|0|0|0|0|0|0|1|8000|0|0|0|0|0
S|CAROL|34598589|133267047| |TF|0|0|0|0|0|0|3|8000|6000|0|0|0|0
S|TIIDA|34515822|133201872| |TF|0|0|0|0|0|0|1|4000|0|0|0|0|0
S|VISTA|34435828|133139025| |TF|0|0|0|0|0|0|0|0|0|0|0|0|0
S|ATENZ|34342836|133066142| |TF|0|0|0|0|0|0|0|0|0|0|0|0|0
S|AXELA|34342889|132926333| |TF|0|0|0|0|0|0|1|3300|0|0|0|0|0

P|DEMIO|10|AMURO|0|3
S|AMURO|34691917|133340722| |IF|0|0|0|0|0|0|1|8000|0|0|0|0|0
S|MIATA|34651286|133222400| |TF|0|0|0|0|0|0|1|7000|0|0|0|0|0
S|DEMIO|34546797|132920139| |TF|0|0|0|0|0|0|1|5500|0|0|0|0|0

P|HGE|ALL|HGE|0|3
S|HGE|34433775|132923969| |IF|0|0|0|0|0|0|0|0|0|0|0|0|0
S|D249N|34320208|132677572| |TF|0|0|0|0|0|0|0|0|0|0|0|0|0
S|MISEN|34435728|132641914|HGE|AF|2|24900|1400|27860|0|0|1|4100|0|0|0|0|0

P|MISEN|10|AMURO|0|4
S|AMURO|34691917|133340722| |IF|0|0|0|0|0|0|1|8000|0|0|0|0|0
S|SAILA|34662103|133210461| |TF|0|0|0|0|0|0|1|7000|0|0|0|0|0
S|SEAWA|34530014|132641606| |TF|0|0|0|0|0|0|1|5500|0|0|0|0|0
S|MISEN|34435728|132641914| |TF|0|0|0|0|0|0|1|4100|0|0|0|0|0

P|PUNUP|10|AMURO|0|3
S|AMURO|34691917|133340722| |IF|0|0|0|0|0|0|1|8000|0|0|0|0|0
S|AVDAK|34655972|133217461| |TF|0|0|0|0|0|0|1|7000|0|0|0|0|0
S|PUNUP|34570269|132925656| |TF|0|0|0|0|0|0|1|5500|0|0|0|0|0

P|VISTA|28|AMURO|0|4
S|AMURO|34691917|133340722| |IF|0|0|0|0|0|0|1|8000|0|0|0|0|0
S|CAROL|34598589|133267047| |TF|0|0|0|0|0|0|3|8000|6000|0|0|0|0
S|TIIDA|34515822|133201872| |TF|0|0|0|0|0|0|1|4000|0|0|0|0|0
S|VISTA|34435828|133139025| |TF|0|0|0|0|0|0|1|3300|0|0|0|0|0

