P|GAINAE|25|RAKDA|0|2
S|RAKDA|35519478|133640075| |IF|0|0|0|0|0|0|0|0|0|0|0|0|0
S|GAINA|35606531|133524056| |TF|0|0|0|0|0|0|1|4000|0|0|0|0|0

P|GAINAW|25|PEPOS|0|3
S|PEPOS|35717372|132730025| |IF|0|0|0|0|0|0|0|0|0|0|0|0|0
S|OH561|35675639|133483028| |TF|0|0|0|0|0|0|0|0|0|0|0|0|0
S|GAINA|35606531|133524056| |TF|0|0|0|0|0|0|1|4000|0|0|0|0|0

P|KYURIE|07|RAKDA|0|4
S|RAKDA|35519478|133640075| |IF|0|0|0|0|0|0|0|0|0|0|0|0|0
S|OH762|35471556|133499611| |TF|0|0|0|0|0|0|1|5500|0|0|0|0|0
S|OH761|35313361|133040306| |TF|0|0|0|0|0|0|1|4000|0|0|0|0|0
S|KYURI|35394294|132991836| |TF|0|0|0|0|0|0|1|3500|0|0|0|0|0

P|KYURIW|07|PEPOS|0|3
S|PEPOS|35717372|132730025| |IF|0|0|0|0|0|0|0|0|0|0|0|0|0
S|OH763|35541806|132872639| |TF|0|0|0|0|0|0|1|4000|0|0|0|0|0
S|KYURI|35394294|132991836| |TF|0|0|0|0|0|0|1|3500|0|0|0|0|0

