P|YOSAKE|ALL|PANCH|0|2
S|PANCH|33189236|134088233| |IF|0|0|0|0|0|0|0|0|0|0|0|0|0
S|ANPAN|33418761|133846811| |TF|0|0|0|0|0|0|0|0|0|0|0|0|0

P|YOSAKN|ALL|POPPY|0|5
S|POPPY|33818075|133820925| |IF|0|0|0|0|0|0|0|0|0|0|0|0|0
S|JYAMU|33755236|133842322| |TF|0|0|0|0|0|0|1|8000|0|0|0|0|0
S|BATAK|33567856|133905928| |TF|0|0|0|0|0|0|1|6000|0|0|0|0|0
S|CHEEZ|33431936|133918625| |TF|0|0|0|0|0|200|1|4500|0|0|0|0|0
S|ANPAN|33418761|133846811| |TF|0|0|0|0|0|0|0|0|0|0|0|0|0

P|YOSAKS|ALL|OKITU|0|3
S|OKITU|33096514|133292069| |IF|0|0|0|0|0|0|0|0|0|0|0|0|0
S|BIRKN|33361836|133788306| |TF|0|0|0|0|0|230|0|0|0|0|0|0|0
S|ANPAN|33418761|133846811| |TF|0|0|0|0|0|0|0|0|0|0|0|0|0

P|YOSAKW|ALL|KABIL|0|4
S|KABIL|33481678|133288169| |IF|0|0|0|0|0|0|0|0|0|0|0|0|0
S|DOKIN|33455250|133399322| |TF|0|0|0|0|0|0|1|5000|0|0|0|0|0
S|BIRKN|33361836|133788306| |TF|0|0|0|0|0|230|0|0|0|0|0|0|0
S|ANPAN|33418761|133846811| |TF|0|0|0|0|0|0|0|0|0|0|0|0|0

