P|REMEN|02|MORIO|0|3
S|MORIO|39612556|141471733| |IF|0|0|0|0|0|0|1|9000|0|0|0|0|0
S|JAMEN|39467539|141365100| |TF|0|0|0|0|0|0|1|7400|0|0|0|0|0
S|REMEN|39239422|141198408| |TF|0|0|0|0|0|0|1|4100|0|0|0|0|0

P|REMENW|20|SIOMO|0|2
S|SIOMO|39133828|140908411| |IF|0|0|0|0|0|0|1|8000|0|0|0|0|0
S|REMEN|39239422|141198408| |TF|0|0|0|0|0|0|1|6000|0|0|0|0|0

P|SIOMO|02|ENBIM|0|4
S|ENBIM|39922039|141167450| |IF|0|0|0|0|0|0|1|9000|0|0|0|0|0
S|NOPID|39795014|141123283| |TF|0|0|0|0|0|0|1|8200|0|0|0|0|0
S|ANOLA|39256853|140938028| |TF|0|0|0|0|0|0|0|0|0|0|0|0|0
S|SIOMO|39133828|140908411| |TF|0|0|0|0|0|0|1|8000|0|0|0|0|0

P|SUIHO|20|ENBIM|0|3
S|ENBIM|39922039|141167450| |IF|0|0|0|0|0|0|1|9000|0|0|0|0|0
S|OMKOS|39819775|141171878| |TF|0|0|0|0|0|0|1|4100|0|0|0|0|0
S|SUIHO|39613697|141180758| |TF|0|0|0|0|0|0|1|3200|0|0|0|0|0

P|WANKO|20|SIOMO|0|2
S|SIOMO|39133828|140908411| |IF|0|0|0|0|0|0|1|8000|0|0|0|0|0
S|WANKO|39469164|141005456| |TF|0|0|0|0|0|0|1|5800|0|0|0|0|0

