P|GUKD2T|32L|GUKDO|0|5
S|GUKDO|37019703|127639683| |IF|0|0|0|0|0|0|1|16000|0|0|0|0|0
S|GT044|37170806|127551278| |TF|0|0|0|0|0|250|0|0|0|0|0|0|0
S|DT038|37230333|127444306| |TF|0|0|0|0|0|250|0|0|0|0|0|0|0
S|DT034|37279833|127355083| |TF|0|0|0|0|0|250|0|0|0|0|0|0|0
S|BUMSI|37252833|127169333| |TF|0|0|0|0|0|0|1|8000|0|0|0|0|0

P|GUKD2T|32R|GUKDO|0|5
S|GUKDO|37019703|127639683| |IF|0|0|0|0|0|0|1|16000|0|0|0|0|0
S|GT044|37170806|127551278| |TF|0|0|0|0|0|250|0|0|0|0|0|0|0
S|DT038|37230333|127444306| |TF|0|0|0|0|0|250|0|0|0|0|0|0|0
S|DT034|37279833|127355083| |TF|0|0|0|0|0|250|0|0|0|0|0|0|0
S|BUMSI|37252833|127169333| |TF|0|0|0|0|0|0|1|8000|0|0|0|0|0

P|GUKD2U|14L|GUKDO|0|10
S|GUKDO|37019703|127639683| |IF|0|0|0|0|0|0|1|16000|0|0|0|0|0
S|GU069|37170806|127551278| |TF|0|0|0|0|0|250|0|0|0|0|0|0|0
S|DU063|37230333|127444306| |TF|0|0|0|0|0|250|0|0|0|0|0|0|0
S|SUPOM|37362972|127204778| |TF|0|0|0|0|0|0|1|12000|0|0|0|0|0
S|SEL|37413611|126928361| |TF|0|0|0|0|0|0|3|9000|8000|0|0|0|0
S|DU030|37457833|126802611| |TF|0|0|0|0|0|0|0|8000|0|0|0|0|0
S|DUDOT|37486667|126700000| |TF|0|0|0|0|0|0|1|7000|0|0|0|0|0
S|DU022|37498222|126596694| |TF|0|0|0|0|0|0|0|0|0|0|0|0|0
S|DU018|37569361|126507417| |TF|0|0|0|0|0|220|0|0|0|0|0|0|0
S|DOKDO|37604750|126551972| |TF|0|0|0|0|0|220|1|4000|0|0|0|0|0

P|GUKD2U|14R|GUKDO|0|10
S|GUKDO|37019703|127639683| |IF|0|0|0|0|0|0|1|16000|0|0|0|0|0
S|GU069|37170806|127551278| |TF|0|0|0|0|0|250|0|0|0|0|0|0|0
S|DU063|37230333|127444306| |TF|0|0|0|0|0|250|0|0|0|0|0|0|0
S|SUPOM|37362972|127204778| |TF|0|0|0|0|0|0|1|12000|0|0|0|0|0
S|SEL|37413611|126928361| |TF|0|0|0|0|0|0|3|9000|8000|0|0|0|0
S|DU030|37457833|126802611| |TF|0|0|0|0|0|0|0|8000|0|0|0|0|0
S|DUDOT|37486667|126700000| |TF|0|0|0|0|0|0|1|7000|0|0|0|0|0
S|DU022|37498222|126596694| |TF|0|0|0|0|0|0|0|0|0|0|0|0|0
S|DU018|37569361|126507417| |TF|0|0|0|0|0|220|0|0|0|0|0|0|0
S|DOKDO|37604750|126551972| |TF|0|0|0|0|0|220|1|4000|0|0|0|0|0

P|KARB2T|32L|KARBU|0|4
S|KARBU|37533056|127664444| |IF|0|0|0|0|0|0|0|0|0|0|0|0|0
S|EGOBA|37487417|127379417| |TF|0|0|0|0|0|250|1|12000|0|0|0|0|0
S|KT033|37346778|127288083| |TF|0|0|0|0|0|250|0|0|0|0|0|0|0
S|BUMSI|37252833|127169333| |TF|0|0|0|0|0|0|1|8000|0|0|0|0|0

P|KARB2T|32R|KARBU|0|4
S|KARBU|37533056|127664444| |IF|0|0|0|0|0|0|0|0|0|0|0|0|0
S|EGOBA|37487417|127379417| |TF|0|0|0|0|0|250|1|12000|0|0|0|0|0
S|KT033|37346778|127288083| |TF|0|0|0|0|0|250|0|0|0|0|0|0|0
S|BUMSI|37252833|127169333| |TF|0|0|0|0|0|0|1|8000|0|0|0|0|0

P|KARB2U|14L|KARBU|0|8
S|KARBU|37533056|127664444| |IF|0|0|0|0|0|0|0|0|0|0|0|0|0
S|EGOBA|37487417|127379417| |TF|0|0|0|0|0|250|1|13000|0|0|0|0|0
S|SEL|37413611|126928361| |TF|0|0|0|0|0|0|3|9000|8000|0|0|0|0
S|DU030|37457833|126802611| |TF|0|0|0|0|0|0|0|8000|0|0|0|0|0
S|DUDOT|37486667|126700000| |TF|0|0|0|0|0|0|1|7000|0|0|0|0|0
S|DU022|37498222|126596694| |TF|0|0|0|0|0|0|0|0|0|0|0|0|0
S|DU018|37569361|126507417| |TF|0|0|0|0|0|220|0|0|0|0|0|0|0
S|DOKDO|37604750|126551972| |TF|0|0|0|0|0|220|1|4000|0|0|0|0|0

P|KARB2U|14R|KARBU|0|8
S|KARBU|37533056|127664444| |IF|0|0|0|0|0|0|0|0|0|0|0|0|0
S|EGOBA|37487417|127379417| |TF|0|0|0|0|0|250|1|13000|0|0|0|0|0
S|SEL|37413611|126928361| |TF|0|0|0|0|0|0|3|9000|8000|0|0|0|0
S|DU030|37457833|126802611| |TF|0|0|0|0|0|0|0|8000|0|0|0|0|0
S|DUDOT|37486667|126700000| |TF|0|0|0|0|0|0|1|7000|0|0|0|0|0
S|DU022|37498222|126596694| |TF|0|0|0|0|0|0|0|0|0|0|0|0|0
S|DU018|37569361|126507417| |TF|0|0|0|0|0|220|0|0|0|0|0|0|0
S|DOKDO|37604750|126551972| |TF|0|0|0|0|0|220|1|4000|0|0|0|0|0

P|LEGA1T|32L|GONAV|0|8
S|GONAV|37180111|124414611| |IF|0|0|0|0|0|0|0|0|0|0|0|0|0
S|LEGAK|37055833|124830861| |TF|0|0|0|0|0|0|1|15000|0|0|0|0|0
S|LEGAK|37055833|124830861| |IF|0|0|0|0|0|0|1|15000|0|0|0|0|0
S|PT075|37071556|125797306| |TF|0|0|0|0|0|0|1|15000|0|0|0|0|0
S|PT054|37076333|126248389| |TF|0|0|0|0|0|0|1|11000|0|0|0|0|0
S|PT042|37144528|126468528| |TF|0|0|0|0|0|0|1|10000|0|0|0|0|0
S|PT029|37233528|126705500| |TF|0|0|0|0|0|0|1|9000|0|0|0|0|0
S|SUNEM|37283500|126839417| |TF|0|0|0|0|0|0|1|7000|0|0|0|0|0

P|LEGA1T|32R|GONAV|0|8
S|GONAV|37180111|124414611| |IF|0|0|0|0|0|0|0|0|0|0|0|0|0
S|LEGAK|37055833|124830861| |TF|0|0|0|0|0|0|1|15000|0|0|0|0|0
S|LEGAK|37055833|124830861| |IF|0|0|0|0|0|0|1|15000|0|0|0|0|0
S|PT075|37071556|125797306| |TF|0|0|0|0|0|0|1|15000|0|0|0|0|0
S|PT054|37076333|126248389| |TF|0|0|0|0|0|0|1|11000|0|0|0|0|0
S|PT042|37144528|126468528| |TF|0|0|0|0|0|0|1|10000|0|0|0|0|0
S|PT029|37233528|126705500| |TF|0|0|0|0|0|0|1|9000|0|0|0|0|0
S|SUNEM|37283500|126839417| |TF|0|0|0|0|0|0|1|7000|0|0|0|0|0

P|LEGA1U|14L|GONAV|0|7
S|GONAV|37180111|124414611| |IF|0|0|0|0|0|0|0|0|0|0|0|0|0
S|LEGAK|37055833|124830861| |TF|0|0|0|0|0|0|1|15000|0|0|0|0|0
S|LEGAK|37055833|124830861| |IF|0|0|0|0|0|0|1|15000|0|0|0|0|0
S|PU063|37071556|125797306| |TF|0|0|0|0|0|0|1|15000|0|0|0|0|0
S|PU044|37279139|126092528| |TF|0|0|0|0|0|0|1|13000|0|0|0|0|0
S|PU029|37452806|126336750| |TF|0|0|0|0|0|0|1|9000|0|0|0|0|0
S|DOKDO|37604750|126551972| |TF|0|0|0|0|0|0|1|4000|0|0|0|0|0

P|LEGA1U|14R|GONAV|0|7
S|GONAV|37180111|124414611| |IF|0|0|0|0|0|0|0|0|0|0|0|0|0
S|LEGAK|37055833|124830861| |TF|0|0|0|0|0|0|1|15000|0|0|0|0|0
S|LEGAK|37055833|124830861| |IF|0|0|0|0|0|0|1|15000|0|0|0|0|0
S|PU063|37071556|125797306| |TF|0|0|0|0|0|0|1|15000|0|0|0|0|0
S|PU044|37279139|126092528| |TF|0|0|0|0|0|0|1|13000|0|0|0|0|0
S|PU029|37452806|126336750| |TF|0|0|0|0|0|0|1|9000|0|0|0|0|0
S|DOKDO|37604750|126551972| |TF|0|0|0|0|0|0|1|4000|0|0|0|0|0

P|OLME2T|32L|OLMEN|0|6
S|OLMEN|36737056|126991000| |IF|0|0|0|0|0|0|1|16000|0|0|0|0|0
S|DT043|36962694|127250333| |TF|0|0|0|0|0|0|3|13000|12000|0|0|0|0
S|KAKSO|37129056|127443722| |TF|0|0|0|0|0|250|1|10000|0|0|0|0|0
S|DT038|37230333|127444306| |TF|0|0|0|0|0|250|0|0|0|0|0|0|0
S|DT034|37279833|127355083| |TF|0|0|0|0|0|250|0|0|0|0|0|0|0
S|BUMSI|37252833|127169333| |TF|0|0|0|0|0|0|1|8000|0|0|0|0|0

P|OLME2T|32R|OLMEN|0|6
S|OLMEN|36737056|126991000| |IF|0|0|0|0|0|0|1|16000|0|0|0|0|0
S|DT043|36962694|127250333| |TF|0|0|0|0|0|0|3|13000|12000|0|0|0|0
S|KAKSO|37129056|127443722| |TF|0|0|0|0|0|250|1|10000|0|0|0|0|0
S|DT038|37230333|127444306| |TF|0|0|0|0|0|250|0|0|0|0|0|0|0
S|DT034|37279833|127355083| |TF|0|0|0|0|0|250|0|0|0|0|0|0|0
S|BUMSI|37252833|127169333| |TF|0|0|0|0|0|0|1|8000|0|0|0|0|0

P|OLME2U|14L|OLMEN|0|11
S|OLMEN|36737056|126991000| |IF|0|0|0|0|0|0|1|16000|0|0|0|0|0
S|UPKIG|37023778|127321222| |TF|0|0|0|0|0|0|0|15000|0|0|0|0|0
S|KAKSO|37129056|127443722| |TF|0|0|0|0|0|250|0|0|0|0|0|0|0
S|DU063|37230333|127444306| |TF|0|0|0|0|0|250|0|0|0|0|0|0|0
S|SUPOM|37362972|127204778| |TF|0|0|0|0|0|0|1|12000|0|0|0|0|0
S|SEL|37413611|126928361| |TF|0|0|0|0|0|0|3|9000|8000|0|0|0|0
S|DU030|37457833|126802611| |TF|0|0|0|0|0|0|0|8000|0|0|0|0|0
S|DUDOT|37486667|126700000| |TF|0|0|0|0|0|0|1|7000|0|0|0|0|0
S|DU022|37498222|126596694| |TF|0|0|0|0|0|0|0|0|0|0|0|0|0
S|DU018|37569361|126507417| |TF|0|0|0|0|0|220|0|0|0|0|0|0|0
S|DOKDO|37604750|126551972| |TF|0|0|0|0|0|220|1|4000|0|0|0|0|0

P|OLME2U|14R|OLMEN|0|11
S|OLMEN|36737056|126991000| |IF|0|0|0|0|0|0|1|16000|0|0|0|0|0
S|UPKIG|37023778|127321222| |TF|0|0|0|0|0|0|0|15000|0|0|0|0|0
S|KAKSO|37129056|127443722| |TF|0|0|0|0|0|250|0|0|0|0|0|0|0
S|DU063|37230333|127444306| |TF|0|0|0|0|0|250|0|0|0|0|0|0|0
S|SUPOM|37362972|127204778| |TF|0|0|0|0|0|0|1|12000|0|0|0|0|0
S|SEL|37413611|126928361| |TF|0|0|0|0|0|0|3|9000|8000|0|0|0|0
S|DU030|37457833|126802611| |TF|0|0|0|0|0|0|0|8000|0|0|0|0|0
S|DUDOT|37486667|126700000| |TF|0|0|0|0|0|0|1|7000|0|0|0|0|0
S|DU022|37498222|126596694| |TF|0|0|0|0|0|0|0|0|0|0|0|0|0
S|DU018|37569361|126507417| |TF|0|0|0|0|0|220|0|0|0|0|0|0|0
S|DOKDO|37604750|126551972| |TF|0|0|0|0|0|220|1|4000|0|0|0|0|0

P|REBI2Q|32L|REBIT|0|7
S|REBIT|37200833|125486861| |IF|0|0|0|0|0|0|0|0|0|0|0|0|0
S|PQ091|37138306|125801278| |TF|0|0|0|0|0|0|2|13000|0|0|0|0|0
S|PQ078|37141222|126065944| |TF|0|0|0|0|0|0|0|8000|0|0|0|0|0
S|PQ070|37142833|126239722| |TF|0|0|0|0|0|0|0|8000|0|0|0|0|0
S|PQ058|37032972|126531750| |TF|0|0|0|0|0|0|0|0|0|0|0|0|0
S|PQ032|37154861|127079750| |TF|0|0|0|0|0|0|0|0|0|0|0|0|0
S|BUMSI|37252833|127169333| |TF|0|0|0|0|0|0|1|8000|0|0|0|0|0

P|REBI2Q|32R|REBIT|0|7
S|REBIT|37200833|125486861| |IF|0|0|0|0|0|0|0|0|0|0|0|0|0
S|PQ091|37138306|125801278| |TF|0|0|0|0|0|0|2|13000|0|0|0|0|0
S|PQ078|37141222|126065944| |TF|0|0|0|0|0|0|0|8000|0|0|0|0|0
S|PQ070|37142833|126239722| |TF|0|0|0|0|0|0|0|8000|0|0|0|0|0
S|PQ058|37032972|126531750| |TF|0|0|0|0|0|0|0|0|0|0|0|0|0
S|PQ032|37154861|127079750| |TF|0|0|0|0|0|0|0|0|0|0|0|0|0
S|BUMSI|37252833|127169333| |TF|0|0|0|0|0|0|1|8000|0|0|0|0|0

P|REBI2T|32L|REBIT|0|8
S|REBIT|37200833|125486861| |IF|0|0|0|0|0|0|0|0|0|0|0|0|0
S|PT091|37138306|125801278| |TF|0|0|0|0|0|0|1|15000|0|0|0|0|0
S|PT062|37144139|126410389| |TF|0|0|0|0|0|0|3|12000|11000|0|0|0|0
S|PT055|37145028|126549806| |TF|0|0|0|0|0|0|2|11000|0|0|0|0|0
S|PT053|37066222|126619333| |TF|0|0|0|0|0|0|0|0|0|0|0|0|0
S|PT041|37066806|126910000| |TF|0|0|0|0|0|0|0|10000|0|0|0|0|0
S|PT030|37177722|127123944| |TF|0|0|0|0|0|0|3|9000|8000|0|0|0|0
S|BUMSI|37252833|127169333| |TF|0|0|0|0|0|0|1|8000|0|0|0|0|0

P|REBI2T|32R|REBIT|0|8
S|REBIT|37200833|125486861| |IF|0|0|0|0|0|0|0|0|0|0|0|0|0
S|PT091|37138306|125801278| |TF|0|0|0|0|0|0|1|15000|0|0|0|0|0
S|PT062|37144139|126410389| |TF|0|0|0|0|0|0|3|12000|11000|0|0|0|0
S|PT055|37145028|126549806| |TF|0|0|0|0|0|0|2|11000|0|0|0|0|0
S|PT053|37066222|126619333| |TF|0|0|0|0|0|0|0|0|0|0|0|0|0
S|PT041|37066806|126910000| |TF|0|0|0|0|0|0|0|10000|0|0|0|0|0
S|PT030|37177722|127123944| |TF|0|0|0|0|0|0|3|9000|8000|0|0|0|0
S|BUMSI|37252833|127169333| |TF|0|0|0|0|0|0|1|8000|0|0|0|0|0

P|REBI2U|14L|REBIT|0|6
S|REBIT|37200833|125486861| |IF|0|0|0|0|0|0|2|17000|0|0|0|0|0
S|PU060|37303500|125696139| |TF|0|0|0|0|0|0|0|0|0|0|0|0|0
S|PU046|37428389|125952500| |TF|0|0|0|0|0|0|1|12000|0|0|0|0|0
S|PU033|37540556|126184444| |TF|0|0|0|0|0|0|1|9000|0|0|0|0|0
S|PU025|37577528|126345083| |TF|0|0|0|0|0|0|1|7000|0|0|0|0|0
S|DOKDO|37604750|126551972| |TF|0|0|0|0|0|0|1|4000|0|0|0|0|0

P|REBI2U|14R|REBIT|0|6
S|REBIT|37200833|125486861| |IF|0|0|0|0|0|0|2|17000|0|0|0|0|0
S|PU060|37303500|125696139| |TF|0|0|0|0|0|0|0|0|0|0|0|0|0
S|PU046|37428389|125952500| |TF|0|0|0|0|0|0|1|12000|0|0|0|0|0
S|PU033|37540556|126184444| |TF|0|0|0|0|0|0|1|9000|0|0|0|0|0
S|PU025|37577528|126345083| |TF|0|0|0|0|0|0|1|7000|0|0|0|0|0
S|DOKDO|37604750|126551972| |TF|0|0|0|0|0|0|1|4000|0|0|0|0|0

P|REBI2Z|14L|REBIT|0|10
S|REBIT|37200833|125486861| |IF|0|0|0|0|0|0|2|17000|0|0|0|0|0
S|PZ061|37138306|125801278| |TF|0|0|0|0|0|0|0|0|0|0|0|0|0
S|PZ049|37141139|126057000| |TF|0|0|0|0|0|0|0|0|0|0|0|0|0
S|PZ040|37179500|126332194| |TF|0|0|0|0|0|0|0|11000|0|0|0|0|0
S|PZ035|37272861|126443556| |TF|0|0|0|0|0|0|1|9000|0|0|0|0|0
S|PZ030|37354139|126540778| |TF|0|0|0|0|0|0|1|8000|0|0|0|0|0
S|PZ026|37428250|126629694| |TF|0|0|0|0|0|0|1|7000|0|0|0|0|0
S|DU022|37498222|126596694| |TF|0|0|0|0|0|0|0|0|0|0|0|0|0
S|DU018|37569361|126507417| |TF|0|0|0|0|0|220|0|0|0|0|0|0|0
S|DOKDO|37604750|126551972| |TF|0|0|0|0|0|220|1|4000|0|0|0|0|0

P|REBI2Z|14R|REBIT|0|10
S|REBIT|37200833|125486861| |IF|0|0|0|0|0|0|2|17000|0|0|0|0|0
S|PZ061|37138306|125801278| |TF|0|0|0|0|0|0|0|0|0|0|0|0|0
S|PZ049|37141139|126057000| |TF|0|0|0|0|0|0|0|0|0|0|0|0|0
S|PZ040|37179500|126332194| |TF|0|0|0|0|0|0|0|11000|0|0|0|0|0
S|PZ035|37272861|126443556| |TF|0|0|0|0|0|0|1|9000|0|0|0|0|0
S|PZ030|37354139|126540778| |TF|0|0|0|0|0|0|1|8000|0|0|0|0|0
S|PZ026|37428250|126629694| |TF|0|0|0|0|0|0|1|7000|0|0|0|0|0
S|DU022|37498222|126596694| |TF|0|0|0|0|0|0|0|0|0|0|0|0|0
S|DU018|37569361|126507417| |TF|0|0|0|0|0|220|0|0|0|0|0|0|0
S|DOKDO|37604750|126551972| |TF|0|0|0|0|0|220|1|4000|0|0|0|0|0

