P|UKBAT1|31L|BITUX|0|6
S|BITUX|36279139|128029972| |IF|0|0|0|0|0|0|0|0|0|0|0|0|0
S|OSNOP|36000194|128057111| |TF|0|0|0|0|0|0|1|9000|0|0|0|0|0
S|TGU|35809833|128590778| |TF|0|0|0|0|0|0|1|9000|0|0|0|0|0
S|TN652|35928667|128782500| |TF|0|0|0|0|0|0|1|6000|0|0|0|0|0
S|UKBAT|35937917|128946417| |TF|0|0|0|0|0|230|1|6000|0|0|0|0|0
S|UKBAT|35937917|128946417| |IF|0|0|0|0|0|230|1|6000|0|0|0|0|0

P|UKBAT1|31R|BITUX|0|6
S|BITUX|36279139|128029972| |IF|0|0|0|0|0|0|0|0|0|0|0|0|0
S|OSNOP|36000194|128057111| |TF|0|0|0|0|0|0|1|9000|0|0|0|0|0
S|TGU|35809833|128590778| |TF|0|0|0|0|0|0|1|9000|0|0|0|0|0
S|TN652|35928667|128782500| |TF|0|0|0|0|0|0|1|6000|0|0|0|0|0
S|UKBAT|35937917|128946417| |TF|0|0|0|0|0|230|1|6000|0|0|0|0|0
S|UKBAT|35937917|128946417| |IF|0|0|0|0|0|230|1|6000|0|0|0|0|0

P|UKBAT1|31L|IGDOK|0|6
S|IGDOK|35517667|127818500| |IF|0|0|0|0|0|0|0|0|0|0|0|0|0
S|PEDVA|35636944|128131722| |TF|0|0|0|0|0|0|1|9000|0|0|0|0|0
S|TGU|35809833|128590778| |TF|0|0|0|0|0|0|1|9000|0|0|0|0|0
S|TN652|35928667|128782500| |TF|0|0|0|0|0|0|1|6000|0|0|0|0|0
S|UKBAT|35937917|128946417| |TF|0|0|0|0|0|230|1|6000|0|0|0|0|0
S|UKBAT|35937917|128946417| |IF|0|0|0|0|0|230|1|6000|0|0|0|0|0

P|UKBAT1|31R|IGDOK|0|6
S|IGDOK|35517667|127818500| |IF|0|0|0|0|0|0|0|0|0|0|0|0|0
S|PEDVA|35636944|128131722| |TF|0|0|0|0|0|0|1|9000|0|0|0|0|0
S|TGU|35809833|128590778| |TF|0|0|0|0|0|0|1|9000|0|0|0|0|0
S|TN652|35928667|128782500| |TF|0|0|0|0|0|0|1|6000|0|0|0|0|0
S|UKBAT|35937917|128946417| |TF|0|0|0|0|0|230|1|6000|0|0|0|0|0
S|UKBAT|35937917|128946417| |IF|0|0|0|0|0|230|1|6000|0|0|0|0|0

P|UKBAT1|31L|KALOD|0|6
S|KALOD|35503361|128774028| |IF|0|0|0|0|0|0|0|0|0|0|0|0|0
S|TN633|35659861|128680639| |TF|0|0|0|0|0|0|1|9000|0|0|0|0|0
S|TGU|35809833|128590778| |TF|0|0|0|0|0|0|1|9000|0|0|0|0|0
S|TN652|35928667|128782500| |TF|0|0|0|0|0|0|1|6000|0|0|0|0|0
S|UKBAT|35937917|128946417| |TF|0|0|0|0|0|230|1|6000|0|0|0|0|0
S|UKBAT|35937917|128946417| |IF|0|0|0|0|0|230|1|6000|0|0|0|0|0

P|UKBAT1|31R|KALOD|0|6
S|KALOD|35503361|128774028| |IF|0|0|0|0|0|0|0|0|0|0|0|0|0
S|TN633|35659861|128680639| |TF|0|0|0|0|0|0|1|9000|0|0|0|0|0
S|TGU|35809833|128590778| |TF|0|0|0|0|0|0|1|9000|0|0|0|0|0
S|TN652|35928667|128782500| |TF|0|0|0|0|0|0|1|6000|0|0|0|0|0
S|UKBAT|35937917|128946417| |TF|0|0|0|0|0|230|1|6000|0|0|0|0|0
S|UKBAT|35937917|128946417| |IF|0|0|0|0|0|230|1|6000|0|0|0|0|0

P|UKBAT1|31L|LAPAL|0|3
S|LAPAL|35903500|129081111| |IF|0|0|0|0|0|0|0|0|0|0|0|0|0
S|UKBAT|35937917|128946417| |TF|0|0|0|0|0|230|1|6000|0|0|0|0|0
S|UKBAT|35937917|128946417| |IF|0|0|0|0|0|230|1|6000|0|0|0|0|0

P|UKBAT1|31R|LAPAL|0|3
S|LAPAL|35903500|129081111| |IF|0|0|0|0|0|0|0|0|0|0|0|0|0
S|UKBAT|35937917|128946417| |TF|0|0|0|0|0|230|1|6000|0|0|0|0|0
S|UKBAT|35937917|128946417| |IF|0|0|0|0|0|230|1|6000|0|0|0|0|0

P|UKBAT1|31L|MASTA|0|6
S|MASTA|35479722|128561000| |IF|0|0|0|0|0|0|0|0|0|0|0|0|0
S|TN653|35643361|128575722| |TF|0|0|0|0|0|0|1|9000|0|0|0|0|0
S|TGU|35809833|128590778| |TF|0|0|0|0|0|0|1|9000|0|0|0|0|0
S|TN652|35928667|128782500| |TF|0|0|0|0|0|0|1|6000|0|0|0|0|0
S|UKBAT|35937917|128946417| |TF|0|0|0|0|0|230|1|6000|0|0|0|0|0
S|UKBAT|35937917|128946417| |IF|0|0|0|0|0|230|1|6000|0|0|0|0|0

P|UKBAT1|31R|MASTA|0|6
S|MASTA|35479722|128561000| |IF|0|0|0|0|0|0|0|0|0|0|0|0|0
S|TN653|35643361|128575722| |TF|0|0|0|0|0|0|1|9000|0|0|0|0|0
S|TGU|35809833|128590778| |TF|0|0|0|0|0|0|1|9000|0|0|0|0|0
S|TN652|35928667|128782500| |TF|0|0|0|0|0|0|1|6000|0|0|0|0|0
S|UKBAT|35937917|128946417| |TF|0|0|0|0|0|230|1|6000|0|0|0|0|0
S|UKBAT|35937917|128946417| |IF|0|0|0|0|0|230|1|6000|0|0|0|0|0

P|UKBAT1|31L|OPEDA|0|5
S|OPEDA|35863472|127614444| |IF|0|0|0|0|0|0|0|0|0|0|0|0|0
S|TGU|35809833|128590778| |TF|0|0|0|0|0|0|1|9000|0|0|0|0|0
S|TN652|35928667|128782500| |TF|0|0|0|0|0|0|1|6000|0|0|0|0|0
S|UKBAT|35937917|128946417| |TF|0|0|0|0|0|230|1|6000|0|0|0|0|0
S|UKBAT|35937917|128946417| |IF|0|0|0|0|0|230|1|6000|0|0|0|0|0

P|UKBAT1|31R|OPEDA|0|5
S|OPEDA|35863472|127614444| |IF|0|0|0|0|0|0|0|0|0|0|0|0|0
S|TGU|35809833|128590778| |TF|0|0|0|0|0|0|1|9000|0|0|0|0|0
S|TN652|35928667|128782500| |TF|0|0|0|0|0|0|1|6000|0|0|0|0|0
S|UKBAT|35937917|128946417| |TF|0|0|0|0|0|230|1|6000|0|0|0|0|0
S|UKBAT|35937917|128946417| |IF|0|0|0|0|0|230|1|6000|0|0|0|0|0

P|YAWAN1|13L|BITUX|0|5
S|BITUX|36279139|128029972| |IF|0|0|0|0|0|0|0|0|0|0|0|0|0
S|OSNOP|36000194|128057111| |TF|0|0|0|0|0|0|1|6000|0|0|0|0|0
S|TN451|35853083|128215139| |TF|0|0|0|0|0|0|1|6000|0|0|0|0|0
S|YAWAN|35873556|128377222| |TF|0|0|0|0|0|230|1|6000|0|0|0|0|0
S|YAWAN|35873556|128377222| |IF|0|0|0|0|0|230|1|6000|0|0|0|0|0

P|YAWAN1|13R|BITUX|0|5
S|BITUX|36279139|128029972| |IF|0|0|0|0|0|0|0|0|0|0|0|0|0
S|OSNOP|36000194|128057111| |TF|0|0|0|0|0|0|1|6000|0|0|0|0|0
S|TN451|35853083|128215139| |TF|0|0|0|0|0|0|1|6000|0|0|0|0|0
S|YAWAN|35873556|128377222| |TF|0|0|0|0|0|230|1|6000|0|0|0|0|0
S|YAWAN|35873556|128377222| |IF|0|0|0|0|0|230|1|6000|0|0|0|0|0

P|YAWAN1|13L|IGDOK|0|4
S|IGDOK|35517667|127818500| |IF|0|0|0|0|0|0|0|0|0|0|0|0|0
S|PEDVA|35636944|128131722| |TF|0|0|0|0|0|0|1|6000|0|0|0|0|0
S|YAWAN|35873556|128377222| |TF|0|0|0|0|0|230|1|6000|0|0|0|0|0
S|YAWAN|35873556|128377222| |IF|0|0|0|0|0|230|1|6000|0|0|0|0|0

P|YAWAN1|13R|IGDOK|0|4
S|IGDOK|35517667|127818500| |IF|0|0|0|0|0|0|0|0|0|0|0|0|0
S|PEDVA|35636944|128131722| |TF|0|0|0|0|0|0|1|6000|0|0|0|0|0
S|YAWAN|35873556|128377222| |TF|0|0|0|0|0|230|1|6000|0|0|0|0|0
S|YAWAN|35873556|128377222| |IF|0|0|0|0|0|230|1|6000|0|0|0|0|0

P|YAWAN1|13L|KALOD|0|4
S|KALOD|35503361|128774028| |IF|0|0|0|0|0|0|0|0|0|0|0|0|0
S|TGU|35809833|128590778| |TF|0|0|0|0|0|0|1|9000|0|0|0|0|0
S|YAWAN|35873556|128377222| |TF|0|0|0|0|0|230|1|6000|0|0|0|0|0
S|YAWAN|35873556|128377222| |IF|0|0|0|0|0|230|1|6000|0|0|0|0|0

P|YAWAN1|13R|KALOD|0|4
S|KALOD|35503361|128774028| |IF|0|0|0|0|0|0|0|0|0|0|0|0|0
S|TGU|35809833|128590778| |TF|0|0|0|0|0|0|1|9000|0|0|0|0|0
S|YAWAN|35873556|128377222| |TF|0|0|0|0|0|230|1|6000|0|0|0|0|0
S|YAWAN|35873556|128377222| |IF|0|0|0|0|0|230|1|6000|0|0|0|0|0

P|YAWAN1|13L|LAPAL|0|4
S|LAPAL|35903500|129081111| |IF|0|0|0|0|0|0|0|0|0|0|0|0|0
S|TGU|35809833|128590778| |TF|0|0|0|0|0|0|1|9000|0|0|0|0|0
S|YAWAN|35873556|128377222| |TF|0|0|0|0|0|230|1|6000|0|0|0|0|0
S|YAWAN|35873556|128377222| |IF|0|0|0|0|0|230|1|6000|0|0|0|0|0

P|YAWAN1|13R|LAPAL|0|4
S|LAPAL|35903500|129081111| |IF|0|0|0|0|0|0|0|0|0|0|0|0|0
S|TGU|35809833|128590778| |TF|0|0|0|0|0|0|1|9000|0|0|0|0|0
S|YAWAN|35873556|128377222| |TF|0|0|0|0|0|230|1|6000|0|0|0|0|0
S|YAWAN|35873556|128377222| |IF|0|0|0|0|0|230|1|6000|0|0|0|0|0

P|YAWAN1|13L|MASTA|0|3
S|MASTA|35479722|128561000| |IF|0|0|0|0|0|0|0|0|0|0|0|0|0
S|YAWAN|35873556|128377222| |TF|0|0|0|0|0|230|1|6000|0|0|0|0|0
S|YAWAN|35873556|128377222| |IF|0|0|0|0|0|230|1|6000|0|0|0|0|0

P|YAWAN1|13R|MASTA|0|3
S|MASTA|35479722|128561000| |IF|0|0|0|0|0|0|0|0|0|0|0|0|0
S|YAWAN|35873556|128377222| |TF|0|0|0|0|0|230|1|6000|0|0|0|0|0
S|YAWAN|35873556|128377222| |IF|0|0|0|0|0|230|1|6000|0|0|0|0|0

P|YAWAN1|13L|OPEDA|0|4
S|OPEDA|35863472|127614444| |IF|0|0|0|0|0|0|0|0|0|0|0|0|0
S|TN451|35853083|128215139| |TF|0|0|0|0|0|0|1|6000|0|0|0|0|0
S|YAWAN|35873556|128377222| |TF|0|0|0|0|0|230|1|6000|0|0|0|0|0
S|YAWAN|35873556|128377222| |IF|0|0|0|0|0|230|1|6000|0|0|0|0|0

P|YAWAN1|13R|OPEDA|0|4
S|OPEDA|35863472|127614444| |IF|0|0|0|0|0|0|0|0|0|0|0|0|0
S|TN451|35853083|128215139| |TF|0|0|0|0|0|0|1|6000|0|0|0|0|0
S|YAWAN|35873556|128377222| |TF|0|0|0|0|0|230|1|6000|0|0|0|0|0
S|YAWAN|35873556|128377222| |IF|0|0|0|0|0|230|1|6000|0|0|0|0|0

