P|ASAD8Q|13|ASADA|0|5
S|ASADA|-35025833|-59625833| |IF|0|0|0|0|0|0|0|0|0|0|0|0|0
S|AER52|-34907500|-58977778| |TF|0|0|0|0|0|0|0|0|0|0|0|0|0
S|ARSOT|-34760278|-58897500| |TF|0|0|0|0|0|0|0|0|0|0|0|0|0
S|TRINI|-34562778|-58790556| |TF|0|0|0|0|0|0|0|0|0|0|0|0|0
S|VANAR|-34324444|-58762222| |TF|0|0|0|0|0|0|1|5000|0|0|0|0|0

P|ASAD9R|31|ASADA|0|5
S|ASADA|-35025833|-59625833| |IF|0|0|0|0|0|0|0|0|0|0|0|0|0
S|BE218|-34757464|-59139336| |TF|0|0|0|0|0|0|0|0|0|0|0|0|0
S|TRINI|-34562778|-58790556| |TF|0|0|0|0|0|0|0|0|0|0|0|0|0
S|PAL|-34611656|-58613803| |TF|0|0|0|0|0|0|1|6000|0|0|0|0|0
S|ILM|-34710833|-58240278| |TF|0|0|0|0|0|0|1|3000|0|0|0|0|0

P|GBE8Q|13|GBE|0|3
S|GBE|-35750833|-58464722| |IF|0|0|0|0|0|0|0|0|0|0|0|0|0
S|TRINI|-34562778|-58790556| |TF|0|0|0|0|0|0|0|0|0|0|0|0|0
S|VANAR|-34324444|-58762222| |TF|0|0|0|0|0|0|1|5000|0|0|0|0|0

P|GBE8R|31|GBE|0|3
S|GBE|-35750833|-58464722| |IF|0|0|0|0|0|0|0|0|0|0|0|0|0
S|PTA|-34975833|-57898333| |TF|0|0|0|0|0|0|0|0|0|0|0|0|0
S|ENPID|-34704811|-58153872| |TF|0|0|0|0|0|0|1|3000|0|0|0|0|0

P|KOVU8Q|13|KOVUK|0|5
S|KOVUK|-35199444|-57520556| |IF|0|0|0|0|0|0|0|0|0|0|0|0|0
S|PTA|-34975833|-57898333| |TF|0|0|0|0|0|0|0|0|0|0|0|0|0
S|EZE|-34824064|-58535319| |TF|0|0|0|0|0|0|0|0|0|0|0|0|0
S|TRINI|-34562778|-58790556| |TF|0|0|0|0|0|0|0|0|0|0|0|0|0
S|VANAR|-34324444|-58762222| |TF|0|0|0|0|0|0|1|5000|0|0|0|0|0

P|KUKE2Q|13|KUKEN|0|2
S|KUKEN|-34182778|-58217222| |IF|0|0|0|0|0|0|0|0|0|0|0|0|0
S|VANAR|-34324444|-58762222| |TF|0|0|0|0|0|0|1|5000|0|0|0|0|0

P|PAGO8Q|13|PAGON|0|2
S|PAGON|-33921111|-58720556| |IF|0|0|0|0|0|0|0|0|0|0|0|0|0
S|VANAR|-34324444|-58762222| |TF|0|0|0|0|0|0|1|5000|0|0|0|0|0

P|PAGO9R|31|PAGON|0|4
S|PAGON|-33921111|-58720556| |IF|0|0|0|0|0|0|0|0|0|0|0|0|0
S|TRINI|-34562778|-58790556| |TF|0|0|0|0|0|0|0|0|0|0|0|0|0
S|PAL|-34611656|-58613803| |TF|0|0|0|0|0|0|1|6000|0|0|0|0|0
S|ILM|-34710833|-58240278| |TF|0|0|0|0|0|0|1|3000|0|0|0|0|0

P|PAPI2Q|13|PAPIX|0|4
S|PAPIX|-34416111|-58000556| |IF|0|0|0|0|0|0|0|0|0|0|0|0|0
S|PAL|-34611656|-58613803| |TF|0|0|0|0|0|0|0|0|0|0|0|0|0
S|TRINI|-34562778|-58790556| |TF|0|0|0|0|0|0|0|0|0|0|0|0|0
S|VANAR|-34324444|-58762222| |TF|0|0|0|0|0|0|1|5000|0|0|0|0|0

P|PAPI2R|31|PAPIX|0|2
S|PAPIX|-34416111|-58000556| |IF|0|0|0|0|0|0|0|0|0|0|0|0|0
S|VERAS|-34593489|-58174119| |TF|0|0|0|0|0|0|1|3000|0|0|0|0|0

P|SNT8Q|13|SNT|0|2
S|SNT|-34222222|-59441389| |IF|0|0|0|0|0|0|0|0|0|0|0|0|0
S|VANAR|-34324444|-58762222| |TF|0|0|0|0|0|0|1|5000|0|0|0|0|0

P|SNT9R|31|SNT|0|4
S|SNT|-34222222|-59441389| |IF|0|0|0|0|0|0|0|0|0|0|0|0|0
S|TRINI|-34562778|-58790556| |TF|0|0|0|0|0|0|0|0|0|0|0|0|0
S|PAL|-34611656|-58613803| |TF|0|0|0|0|0|0|1|6000|0|0|0|0|0
S|ILM|-34710833|-58240278| |TF|0|0|0|0|0|0|1|3000|0|0|0|0|0

P|SURB8Q|13|SURBO|0|2
S|SURBO|-34449444|-57960556| |IF|0|0|0|0|0|0|0|0|0|0|0|0|0
S|VANAR|-34324444|-58762222| |TF|0|0|0|0|0|0|1|5000|0|0|0|0|0

P|TENI8Q|13|TENIL|0|5
S|TENIL|-35541111|-57833889| |IF|0|0|0|0|0|0|0|0|0|0|0|0|0
S|PTA|-34975833|-57898333| |TF|0|0|0|0|0|0|0|0|0|0|0|0|0
S|EZE|-34824064|-58535319| |TF|0|0|0|0|0|0|0|0|0|0|0|0|0
S|TRINI|-34562778|-58790556| |TF|0|0|0|0|0|0|0|0|0|0|0|0|0
S|VANAR|-34324444|-58762222| |TF|0|0|0|0|0|0|1|5000|0|0|0|0|0

P|TENI8R|31|TENIL|0|3
S|TENIL|-35541111|-57833889| |IF|0|0|0|0|0|0|0|0|0|0|0|0|0
S|PTA|-34975833|-57898333| |TF|0|0|0|0|0|0|0|0|0|0|0|0|0
S|ENPID|-34704811|-58153872| |TF|0|0|0|0|0|0|1|3000|0|0|0|0|0

P|UGIM8Q|13|UGIMI|0|5
S|UGIMI|-34982778|-56883889| |IF|0|0|0|0|0|0|0|0|0|0|0|0|0
S|PTA|-34975833|-57898333| |TF|0|0|0|0|0|0|0|0|0|0|0|0|0
S|EZE|-34824064|-58535319| |TF|0|0|0|0|0|0|0|0|0|0|0|0|0
S|TRINI|-34562778|-58790556| |TF|0|0|0|0|0|0|0|0|0|0|0|0|0
S|VANAR|-34324444|-58762222| |TF|0|0|0|0|0|0|1|5000|0|0|0|0|0

P|UGIM8R|31|UGIMI|0|3
S|UGIMI|-34982778|-56883889| |IF|0|0|0|0|0|0|0|0|0|0|0|0|0
S|PTA|-34975833|-57898333| |TF|0|0|0|0|0|0|0|0|0|0|0|0|0
S|ENPID|-34704811|-58153872| |TF|0|0|0|0|0|0|1|3000|0|0|0|0|0

P|VALO9Q|13|VALOS|0|6
S|VALOS|-35457778|-59350556| |IF|0|0|0|0|0|0|0|0|0|0|0|0|0
S|GEBEM|-35200278|-59158889| |TF|0|0|0|0|0|0|0|0|0|0|0|0|0
S|AER52|-34907500|-58977778| |TF|0|0|0|0|0|0|0|0|0|0|0|0|0
S|ARSOT|-34760278|-58897500| |TF|0|0|0|0|0|0|0|0|0|0|0|0|0
S|TRINI|-34562778|-58790556| |TF|0|0|0|0|0|0|0|0|0|0|0|0|0
S|VANAR|-34324444|-58762222| |TF|0|0|0|0|0|0|1|5000|0|0|0|0|0

P|VALO9R|31|VALOS|0|4
S|VALOS|-35457778|-59350556| |IF|0|0|0|0|0|0|0|0|0|0|0|0|0
S|BE109|-35176033|-58508678| |TF|0|0|0|0|0|0|0|0|0|0|0|0|0
S|PTA|-34975833|-57898333| |TF|0|0|0|0|0|0|0|0|0|0|0|0|0
S|ENPID|-34704811|-58153872| |TF|1|0|0|0|0|0|1|3000|0|0|0|0|0

