P|ITEL1Q|20|ITELA|0|6
S|ITELA|-28974444|-65390833| |IF|0|0|0|0|0|0|1|12000|0|0|0|0|0
S|TOKUS|-29000294|-65655286| |TF|0|0|0|0|0|0|0|0|0|0|0|0|0
S|BRANC|-28960461|-65839839| |TF|0|0|0|0|0|0|0|0|0|0|0|0|0
S|NC025|-28523725|-65734539| |TF|0|0|0|0|0|0|0|0|0|0|0|0|0
S|NC004|-28241911|-65467581| |TF|0|0|0|0|0|0|1|8500|0|0|0|0|0
S|ENVOK|-28188397|-65654242| |TF|1|0|0|0|0|220|1|8000|0|0|0|0|0

P|ITEL2M|02|ITELA|0|3
S|ITELA|-28974444|-65390833| |IF|0|0|0|0|0|0|0|0|0|0|0|0|0
S|TOKUS|-29000294|-65655286| |TF|0|0|0|0|0|0|1|7000|0|0|0|0|0
S|BRANC|-28960461|-65839839| |TF|0|0|0|0|0|220|1|6000|0|0|0|0|0

P|KAKA1Q|20|KAKAN|0|5
S|KAKAN|-29061389|-66370556| |IF|0|0|0|0|0|0|1|11000|0|0|0|0|0
S|BRANC|-28960461|-65839839| |TF|0|0|0|0|0|0|0|0|0|0|0|0|0
S|NC025|-28523725|-65734539| |TF|0|0|0|0|0|0|0|0|0|0|0|0|0
S|NC004|-28241911|-65467581| |TF|0|0|0|0|0|0|1|8500|0|0|0|0|0
S|ENVOK|-28188397|-65654242| |TF|1|0|0|0|0|220|1|8000|0|0|0|0|0

P|KAKA2M|02|KAKAN|0|2
S|KAKAN|-29061389|-66370556| |IF|0|0|0|0|0|0|0|0|0|0|0|0|0
S|BRANC|-28960461|-65839839| |TF|0|0|0|0|0|220|1|6000|0|0|0|0|0

P|LITO1Q|20|LITOR|0|6
S|LITOR|-29033889|-65498611| |IF|0|0|0|0|0|0|1|11000|0|0|0|0|0
S|TOKUS|-29000294|-65655286| |TF|0|0|0|0|0|0|0|0|0|0|0|0|0
S|BRANC|-28960461|-65839839| |TF|0|0|0|0|0|0|0|0|0|0|0|0|0
S|NC025|-28523725|-65734539| |TF|0|0|0|0|0|0|0|0|0|0|0|0|0
S|NC004|-28241911|-65467581| |TF|0|0|0|0|0|0|1|8500|0|0|0|0|0
S|ENVOK|-28188397|-65654242| |TF|1|0|0|0|0|220|1|8000|0|0|0|0|0

P|LITO2M|02|LITOR|0|3
S|LITOR|-29033889|-65498611| |IF|0|0|0|0|0|0|0|0|0|0|0|0|0
S|TOKUS|-29000294|-65655286| |TF|0|0|0|0|0|0|1|7000|0|0|0|0|0
S|BRANC|-28960461|-65839839| |TF|0|0|0|0|0|220|1|6000|0|0|0|0|0

P|SORT1Q|20|SORTI|0|2
S|SORTI|-27718056|-65426111| |IF|0|0|0|0|0|0|1|12000|0|0|0|0|0
S|ENVOK|-28188397|-65654242| |TF|0|0|0|0|0|220|1|8000|0|0|0|0|0

P|SORT2R|02|SORTI|0|6
S|SORTI|-27718056|-65426111| |IF|0|0|0|0|0|0|0|0|0|0|0|0|0
S|ENVOK|-28188397|-65654242| |TF|0|0|0|0|0|0|0|0|0|0|0|0|0
S|AMIAS|-28286494|-65677669| |TF|0|0|0|0|0|0|0|0|0|0|0|0|0
S|NC003|-28575406|-65837514| |TF|0|0|0|0|0|0|0|0|0|0|0|0|0
S|ROMIX|-28876811|-66004247| |TF|0|0|0|0|0|0|1|8000|0|0|0|0|0
S|BRANC|-28960461|-65839839| |TF|0|0|0|0|0|220|1|6000|0|0|0|0|0

