P|ARTO1Q|27|ARTOK|0|2
S|ARTOK|-39298333|-68617222| |IF|0|0|0|0|0|0|0|0|0|0|0|0|0
S|ESADA|-39053844|-67922367| |TF|0|0|0|0|0|220|1|5000|0|0|0|0|0

P|ARTO1U|09|ARTOK|0|2
S|ARTOK|-39298333|-68617222| |IF|0|0|0|0|0|0|0|0|0|0|0|0|0
S|BUTAR|-38947500|-68516667| |TF|0|0|0|0|0|220|1|5000|0|0|0|0|0

P|ILTO3Q|27|ILTOS|0|2
S|ILTOS|-39449167|-68110556| |IF|0|0|0|0|0|0|0|0|0|0|0|0|0
S|ESADA|-39053844|-67922367| |TF|0|0|0|0|0|220|1|5000|0|0|0|0|0

P|ILTO4U|09|ILTOS|0|2
S|ILTOS|-39449167|-68110556| |IF|0|0|0|0|0|0|0|0|0|0|0|0|0
S|LUVDU|-39043883|-68393969| |TF|0|0|0|0|0|220|1|5000|0|0|0|0|0

P|KOTO3Q|27|KOTOG|0|3
S|KOTOG|-38450833|-68183611| |IF|0|0|0|0|0|0|0|0|0|0|0|0|0
S|ZN901|-38689589|-68026711| |TF|0|0|0|0|0|0|2|6000|0|0|0|0|0
S|PORGU|-38847922|-67922006| |TF|0|0|0|0|0|220|1|5000|0|0|0|0|0

P|KOTO4U|09|KOTOG|0|2
S|KOTOG|-38450833|-68183611| |IF|0|0|0|0|0|0|0|0|0|0|0|0|0
S|ASDEP|-38847964|-68387547| |TF|0|0|0|0|0|220|1|5000|0|0|0|0|0

P|OSEK1Q|27|OSEKO|0|3
S|OSEKO|-38492500|-67897222| |IF|0|0|0|0|0|0|0|0|0|0|0|0|0
S|ZN851|-38698694|-67911569| |TF|0|0|0|0|0|0|2|6000|0|0|0|0|0
S|PORGU|-38847922|-67922006| |TF|0|0|0|0|0|220|1|5000|0|0|0|0|0

P|OSEK4U|09|OSEKO|0|2
S|OSEKO|-38492500|-67897222| |IF|0|0|0|0|0|0|0|0|0|0|0|0|0
S|ASDEP|-38847964|-68387547| |TF|0|0|0|0|0|220|1|5000|0|0|0|0|0

P|PORP1Q|27|PORPA|0|2
S|PORPA|-39174167|-68730556| |IF|0|0|0|0|0|0|0|0|0|0|0|0|0
S|ESADA|-39053844|-67922367| |TF|0|0|0|0|0|220|1|5000|0|0|0|0|0

P|PORP4U|09|PORPA|0|2
S|PORPA|-39174167|-68730556| |IF|0|0|0|0|0|0|0|0|0|0|0|0|0
S|BUTAR|-38947500|-68516667| |TF|0|0|0|0|0|220|1|5000|0|0|0|0|0

P|ROPO3Q|27|ROPON|0|2
S|ROPON|-38940278|-67511944| |IF|0|0|0|0|0|0|0|0|0|0|0|0|0
S|MAKBI|-38945461|-67813003| |TF|0|0|0|0|0|220|1|5000|0|0|0|0|0

P|TIMD1U|09|TIMDO|0|5
S|TIMDO|-38578611|-66437778| |IF|0|0|0|0|0|0|0|0|0|0|0|0|0
S|ZN816|-38807008|-67111308| |TF|0|0|0|0|0|0|0|0|0|0|0|0|0
S|ZN817|-38822183|-67535778| |TF|0|0|0|0|0|0|1|15000|0|0|0|0|0
S|UKDOS|-38835125|-67937706| |TF|0|0|0|0|0|0|1|10000|0|0|0|0|0
S|ASDEP|-38847964|-68387547| |TF|0|0|0|0|0|220|1|5000|0|0|0|0|0

P|TIMD1V|09|TIMDO|0|5
S|TIMDO|-38578611|-66437778| |IF|0|0|0|0|0|0|0|0|0|0|0|0|0
S|ZN816|-38807008|-67111308| |TF|0|0|0|0|0|0|0|0|0|0|0|0|0
S|ROPON|-38940278|-67511944| |TF|0|0|0|0|0|0|0|0|0|0|0|0|0
S|ANROR|-39045483|-67832261| |TF|0|0|0|0|0|0|1|6000|0|0|0|0|0
S|LUVDU|-39043883|-68393969| |TF|0|0|0|0|0|220|1|5000|0|0|0|0|0

P|UGAG1Q|27|UGAGI|0|2
S|UGAGI|-38652222|-68669722| |IF|0|0|0|0|0|0|0|0|0|0|0|0|0
S|PORGU|-38847922|-67922006| |TF|0|0|0|0|0|220|1|5000|0|0|0|0|0

P|UGAG2U|09|UGAGI|0|2
S|UGAGI|-38652222|-68669722| |IF|0|0|0|0|0|0|0|0|0|0|0|0|0
S|BUTAR|-38947500|-68516667| |TF|0|0|0|0|0|220|1|5000|0|0|0|0|0

