P|ALON1A|16|ISNEM|0|6
S|ISNEM|-18240997|-43411931| |IF|0|0|0|0|0|0|0|0|0|0|0|0|0
S|ALONG|-19011408|-43626544| |TF|0|0|0|0|0|0|1|15000|0|0|0|0|0
S|ALONG|-19011408|-43626544| |IF|0|0|0|0|0|0|1|15000|0|0|0|0|0
S|CF033|-19259378|-43821994| |TF|0|0|0|0|0|0|3|13000|9000|0|0|0|0
S|AKPUV|-19431450|-44014758| |TF|0|0|0|0|0|210|3|8000|7000|0|0|0|0
S|AKPUV|-19431450|-44014758|CNF|FM|0|34000|780|3720|0|0|1|7000|0|0|0|0|0

P|ALON1A|16|OPTEB|0|6
S|OPTEB|-18387592|-43130617| |IF|0|0|0|0|0|0|0|0|0|0|0|0|0
S|ALONG|-19011408|-43626544| |TF|0|0|0|0|0|0|1|15000|0|0|0|0|0
S|ALONG|-19011408|-43626544| |IF|0|0|0|0|0|0|1|15000|0|0|0|0|0
S|CF033|-19259378|-43821994| |TF|0|0|0|0|0|0|3|13000|9000|0|0|0|0
S|AKPUV|-19431450|-44014758| |TF|0|0|0|0|0|210|3|8000|7000|0|0|0|0
S|AKPUV|-19431450|-44014758|CNF|FM|0|34000|780|3720|0|0|1|7000|0|0|0|0|0

P|ALON1A|16|USVOL|0|7
S|USVOL|-17543611|-43199444| |IF|0|0|0|0|0|0|0|0|0|0|0|0|0
S|ISNEM|-18240997|-43411931| |TF|0|0|0|0|0|0|0|0|0|0|0|0|0
S|ALONG|-19011408|-43626544| |TF|0|0|0|0|0|0|1|15000|0|0|0|0|0
S|ALONG|-19011408|-43626544| |IF|0|0|0|0|0|0|1|15000|0|0|0|0|0
S|CF033|-19259378|-43821994| |TF|0|0|0|0|0|0|3|13000|9000|0|0|0|0
S|AKPUV|-19431450|-44014758| |TF|0|0|0|0|0|210|3|8000|7000|0|0|0|0
S|AKPUV|-19431450|-44014758|CNF|FM|0|34000|780|3720|0|0|1|7000|0|0|0|0|0

P|ALON1B|34|ISNEM|0|8
S|ISNEM|-18240997|-43411931| |IF|0|0|0|0|0|0|0|0|0|0|0|0|0
S|ALONG|-19011408|-43626544| |TF|0|0|0|0|0|0|2|24000|0|0|0|0|0
S|ALONG|-19011408|-43626544| |IF|0|0|0|0|0|0|2|24000|0|0|0|0|0
S|CF033|-19259378|-43821994| |TF|0|0|0|0|0|0|2|13000|0|0|0|0|0
S|AKPUV|-19431450|-44014758| |TF|0|0|0|0|0|0|1|11000|0|0|0|0|0
S|CF039|-19577708|-43879644| |TF|0|0|0|0|0|0|1|9000|0|0|0|0|0
S|KUGUT|-19703492|-43763164| |TF|0|0|0|0|0|210|1|7000|0|0|0|0|0
S|KUGUT|-19703492|-43763164|CNF|FM|0|13000|1840|14130|0|0|1|7000|0|0|0|0|0

P|ALON1B|34|OPTEB|0|8
S|OPTEB|-18387592|-43130617| |IF|0|0|0|0|0|0|0|0|0|0|0|0|0
S|ALONG|-19011408|-43626544| |TF|0|0|0|0|0|0|2|24000|0|0|0|0|0
S|ALONG|-19011408|-43626544| |IF|0|0|0|0|0|0|2|24000|0|0|0|0|0
S|CF033|-19259378|-43821994| |TF|0|0|0|0|0|0|2|13000|0|0|0|0|0
S|AKPUV|-19431450|-44014758| |TF|0|0|0|0|0|0|1|11000|0|0|0|0|0
S|CF039|-19577708|-43879644| |TF|0|0|0|0|0|0|1|9000|0|0|0|0|0
S|KUGUT|-19703492|-43763164| |TF|0|0|0|0|0|210|1|7000|0|0|0|0|0
S|KUGUT|-19703492|-43763164|CNF|FM|0|13000|1840|14130|0|0|1|7000|0|0|0|0|0

P|ALON1B|34|USVOL|0|9
S|USVOL|-17543611|-43199444| |IF|0|0|0|0|0|0|0|0|0|0|0|0|0
S|ISNEM|-18240997|-43411931| |TF|0|0|0|0|0|0|0|0|0|0|0|0|0
S|ALONG|-19011408|-43626544| |TF|0|0|0|0|0|0|2|24000|0|0|0|0|0
S|ALONG|-19011408|-43626544| |IF|0|0|0|0|0|0|2|24000|0|0|0|0|0
S|CF033|-19259378|-43821994| |TF|0|0|0|0|0|0|2|13000|0|0|0|0|0
S|AKPUV|-19431450|-44014758| |TF|0|0|0|0|0|0|1|11000|0|0|0|0|0
S|CF039|-19577708|-43879644| |TF|0|0|0|0|0|0|1|9000|0|0|0|0|0
S|KUGUT|-19703492|-43763164| |TF|0|0|0|0|0|210|1|7000|0|0|0|0|0
S|KUGUT|-19703492|-43763164|CNF|FM|0|13000|1840|14130|0|0|1|7000|0|0|0|0|0

P|ENSI1A|16|GEVMI|0|9
S|GEVMI|-16853000|-44738000| |IF|0|0|0|0|0|0|0|0|0|0|0|0|0
S|EKINU|-18588425|-44905453| |TF|0|0|0|0|0|0|0|0|0|0|0|0|0
S|ENSIG|-19080342|-44686031| |TF|0|0|0|0|0|0|0|0|0|0|0|0|0
S|ENSIG|-19080342|-44686031| |IF|0|0|0|0|0|0|0|0|0|0|0|0|0
S|CF009|-19220186|-44491564| |TF|0|0|0|0|0|0|2|16000|0|0|0|0|0
S|CF008|-19321222|-44350669| |TF|0|0|0|0|0|0|1|10000|0|0|0|0|0
S|CF007|-19349964|-44263314| |TF|0|0|0|0|0|0|2|9000|0|0|0|0|0
S|CF006|-19366469|-44213075| |TF|0|0|0|0|0|0|0|0|0|0|0|0|0
S|OSOMI|-19434569|-44152494| |TF|0|0|0|0|0|210|1|7000|0|0|0|0|0

P|ENSI1A|16|REINA|0|8
S|REINA|-18438000|-45571333| |IF|0|0|0|0|0|0|0|0|0|0|0|0|0
S|ENSIG|-19080342|-44686031| |TF|0|0|0|0|0|0|0|0|0|0|0|0|0
S|ENSIG|-19080342|-44686031| |IF|0|0|0|0|0|0|0|0|0|0|0|0|0
S|CF009|-19220186|-44491564| |TF|0|0|0|0|0|0|2|16000|0|0|0|0|0
S|CF008|-19321222|-44350669| |TF|0|0|0|0|0|0|1|10000|0|0|0|0|0
S|CF007|-19349964|-44263314| |TF|0|0|0|0|0|0|2|9000|0|0|0|0|0
S|CF006|-19366469|-44213075| |TF|0|0|0|0|0|0|0|0|0|0|0|0|0
S|OSOMI|-19434569|-44152494| |TF|0|0|0|0|0|210|1|7000|0|0|0|0|0

P|ENSI1A|16|VULAD|0|8
S|VULAD|-19161944|-45981389| |IF|0|0|0|0|0|0|0|0|0|0|0|0|0
S|ENSIG|-19080342|-44686031| |TF|0|0|0|0|0|0|0|0|0|0|0|0|0
S|ENSIG|-19080342|-44686031| |IF|0|0|0|0|0|0|0|0|0|0|0|0|0
S|CF009|-19220186|-44491564| |TF|0|0|0|0|0|0|2|16000|0|0|0|0|0
S|CF008|-19321222|-44350669| |TF|0|0|0|0|0|0|1|10000|0|0|0|0|0
S|CF007|-19349964|-44263314| |TF|0|0|0|0|0|0|2|9000|0|0|0|0|0
S|CF006|-19366469|-44213075| |TF|0|0|0|0|0|0|0|0|0|0|0|0|0
S|OSOMI|-19434569|-44152494| |TF|0|0|0|0|0|210|1|7000|0|0|0|0|0

P|ENSI1B|34|GEVMI|0|10
S|GEVMI|-16853000|-44738000| |IF|0|0|0|0|0|0|0|0|0|0|0|0|0
S|EKINU|-18588425|-44905453| |TF|0|0|0|0|0|0|0|0|0|0|0|0|0
S|ENSIG|-19080342|-44686031| |TF|0|0|0|0|0|0|0|0|0|0|0|0|0
S|ENSIG|-19080342|-44686031| |IF|0|0|0|0|0|0|0|0|0|0|0|0|0
S|CF009|-19220186|-44491564| |TF|0|0|0|0|0|0|0|0|0|0|0|0|0
S|CF008|-19321222|-44350669| |TF|0|0|0|0|0|0|1|15000|0|0|0|0|0
S|AKPUV|-19431450|-44014758| |TF|0|0|0|0|0|0|1|13000|0|0|0|0|0
S|CF039|-19577708|-43879644| |TF|0|0|0|0|0|0|1|9000|0|0|0|0|0
S|KUGUT|-19703492|-43763164| |TF|0|0|0|0|0|210|1|7000|0|0|0|0|0
S|KUGUT|-19703492|-43763164|CNF|FM|0|13000|1840|14130|0|0|1|7000|0|0|0|0|0

P|ENSI1B|34|REINA|0|9
S|REINA|-18438000|-45571333| |IF|0|0|0|0|0|0|0|0|0|0|0|0|0
S|ENSIG|-19080342|-44686031| |TF|0|0|0|0|0|0|0|0|0|0|0|0|0
S|ENSIG|-19080342|-44686031| |IF|0|0|0|0|0|0|0|0|0|0|0|0|0
S|CF009|-19220186|-44491564| |TF|0|0|0|0|0|0|0|0|0|0|0|0|0
S|CF008|-19321222|-44350669| |TF|0|0|0|0|0|0|1|15000|0|0|0|0|0
S|AKPUV|-19431450|-44014758| |TF|0|0|0|0|0|0|1|13000|0|0|0|0|0
S|CF039|-19577708|-43879644| |TF|0|0|0|0|0|0|1|9000|0|0|0|0|0
S|KUGUT|-19703492|-43763164| |TF|0|0|0|0|0|210|1|7000|0|0|0|0|0
S|KUGUT|-19703492|-43763164|CNF|FM|0|13000|1840|14130|0|0|1|7000|0|0|0|0|0

P|ENSI1B|34|VULAD|0|9
S|VULAD|-19161944|-45981389| |IF|0|0|0|0|0|0|0|0|0|0|0|0|0
S|ENSIG|-19080342|-44686031| |TF|0|0|0|0|0|0|0|0|0|0|0|0|0
S|ENSIG|-19080342|-44686031| |IF|0|0|0|0|0|0|0|0|0|0|0|0|0
S|CF009|-19220186|-44491564| |TF|0|0|0|0|0|0|0|0|0|0|0|0|0
S|CF008|-19321222|-44350669| |TF|0|0|0|0|0|0|1|15000|0|0|0|0|0
S|AKPUV|-19431450|-44014758| |TF|0|0|0|0|0|0|1|13000|0|0|0|0|0
S|CF039|-19577708|-43879644| |TF|0|0|0|0|0|0|1|9000|0|0|0|0|0
S|KUGUT|-19703492|-43763164| |TF|0|0|0|0|0|210|1|7000|0|0|0|0|0
S|KUGUT|-19703492|-43763164|CNF|FM|0|13000|1840|14130|0|0|1|7000|0|0|0|0|0

P|KIMU1B|34|NIPDA|0|6
S|NIPDA|-19656333|-43117000| |IF|0|0|0|0|0|0|1|16000|0|0|0|0|0
S|CF037|-19808000|-43512833| |TF|0|0|0|0|0|0|1|12000|0|0|0|0|0
S|KIMUS|-19851278|-43625967| |TF|0|0|0|0|0|0|0|0|0|0|0|0|0
S|KIMUS|-19851278|-43625967| |IF|0|0|0|0|0|0|0|0|0|0|0|0|0
S|CF047|-19826167|-43729833| |TF|0|0|0|0|0|0|3|9000|8000|0|0|0|0
S|VADON|-19807333|-43808000| |TF|0|0|0|0|0|210|1|7000|0|0|0|0|0

P|KIMU1B|34|PULKU|0|7
S|PULKU|-19105000|-42440631| |IF|0|0|0|0|0|0|0|0|0|0|0|0|0
S|NIPDA|-19656333|-43117000| |TF|0|0|0|0|0|0|1|16000|0|0|0|0|0
S|CF037|-19808000|-43512833| |TF|0|0|0|0|0|0|1|12000|0|0|0|0|0
S|KIMUS|-19851278|-43625967| |TF|0|0|0|0|0|0|0|0|0|0|0|0|0
S|KIMUS|-19851278|-43625967| |IF|0|0|0|0|0|0|0|0|0|0|0|0|0
S|CF047|-19826167|-43729833| |TF|0|0|0|0|0|0|3|9000|8000|0|0|0|0
S|VADON|-19807333|-43808000| |TF|0|0|0|0|0|210|1|7000|0|0|0|0|0

P|KIMU1B|34|TOKUR|0|9
S|TOKUR|-20810000|-43170278| |IF|0|0|0|0|0|0|0|0|0|0|0|0|0
S|CF036|-20292333|-43417167| |TF|0|0|0|0|0|0|3|25000|15000|0|0|0|0
S|CF044|-20071833|-43521667| |TF|0|0|0|0|0|0|2|14000|0|0|0|0|0
S|OPSAB|-19989964|-43560444| |TF|0|0|0|0|0|0|3|13000|12000|0|0|0|0
S|CF046|-19911167|-43597667| |TF|0|0|0|0|0|0|1|11000|0|0|0|0|0
S|KIMUS|-19851278|-43625967| |TF|0|0|0|0|0|0|0|0|0|0|0|0|0
S|KIMUS|-19851278|-43625967| |IF|0|0|0|0|0|0|0|0|0|0|0|0|0
S|CF047|-19826167|-43729833| |TF|0|0|0|0|0|0|3|9000|8000|0|0|0|0
S|VADON|-19807333|-43808000| |TF|0|0|0|0|0|210|1|7000|0|0|0|0|0

P|KUGU1A|16|NIPDA|0|8
S|NIPDA|-19656333|-43117000| |IF|0|0|0|0|0|0|1|18000|0|0|0|0|0
S|CF041|-19744681|-43531803| |TF|0|0|0|0|0|0|0|0|0|0|0|0|0
S|CF038|-19721786|-43660536| |TF|0|0|0|0|0|0|1|15000|0|0|0|0|0
S|KUGUT|-19703492|-43763164| |TF|0|0|0|0|0|0|1|12000|0|0|0|0|0
S|KUGUT|-19703492|-43763164| |IF|0|0|0|0|0|0|1|12000|0|0|0|0|0
S|CF039|-19577708|-43879644| |TF|0|0|0|0|0|0|1|10000|0|0|0|0|0
S|AKPUV|-19431450|-44014758| |TF|0|0|0|0|0|210|3|8000|7000|0|0|0|0
S|AKPUV|-19431450|-44014758|CNF|FM|0|34200|780|3720|0|0|1|7000|0|0|0|0|0

P|KUGU1A|16|PULKU|0|9
S|PULKU|-19105000|-42440631| |IF|0|0|0|0|0|0|0|0|0|0|0|0|0
S|NIPDA|-19656333|-43117000| |TF|0|0|0|0|0|0|1|18000|0|0|0|0|0
S|CF041|-19744681|-43531803| |TF|0|0|0|0|0|0|0|0|0|0|0|0|0
S|CF038|-19721786|-43660536| |TF|0|0|0|0|0|0|1|15000|0|0|0|0|0
S|KUGUT|-19703492|-43763164| |TF|0|0|0|0|0|0|1|12000|0|0|0|0|0
S|KUGUT|-19703492|-43763164| |IF|0|0|0|0|0|0|1|12000|0|0|0|0|0
S|CF039|-19577708|-43879644| |TF|0|0|0|0|0|0|1|10000|0|0|0|0|0
S|AKPUV|-19431450|-44014758| |TF|0|0|0|0|0|210|3|8000|7000|0|0|0|0
S|AKPUV|-19431450|-44014758|CNF|FM|0|34200|780|3720|0|0|1|7000|0|0|0|0|0

P|KUGU1A|16|TOKUR|0|8
S|TOKUR|-20810000|-43170278| |IF|0|0|0|0|0|0|0|0|0|0|0|0|0
S|CF036|-20292333|-43417167| |TF|0|0|0|0|0|0|3|25000|15000|0|0|0|0
S|KIMUS|-19851278|-43625967| |TF|0|0|0|0|0|0|1|15000|0|0|0|0|0
S|KUGUT|-19703492|-43763164| |TF|0|0|0|0|0|0|1|12000|0|0|0|0|0
S|KUGUT|-19703492|-43763164| |IF|0|0|0|0|0|0|1|12000|0|0|0|0|0
S|CF039|-19577708|-43879644| |TF|0|0|0|0|0|0|1|10000|0|0|0|0|0
S|AKPUV|-19431450|-44014758| |TF|0|0|0|0|0|210|3|8000|7000|0|0|0|0
S|AKPUV|-19431450|-44014758|CNF|FM|0|34200|780|3720|0|0|1|7000|0|0|0|0|0

P|SINI1A|16|AROVA|0|10
S|AROVA|-21223719|-44658094| |IF|0|0|0|0|0|0|0|0|0|0|0|0|0
S|KIBAP|-20793736|-44571181| |TF|0|0|0|0|0|0|0|0|0|0|0|0|0
S|SINIX|-20368278|-44455819| |TF|0|0|0|0|0|0|2|21000|0|0|0|0|0
S|SINIX|-20368278|-44455819| |IF|0|0|0|0|0|0|2|21000|0|0|0|0|0
S|EVSEL|-20049708|-44369258| |TF|0|0|0|0|0|0|2|14000|0|0|0|0|0
S|CF072|-19883361|-44324281| |TF|0|0|0|0|0|0|3|11000|9000|0|0|0|0
S|CF071|-19764681|-44292244| |TF|0|0|0|0|0|0|1|9000|0|0|0|0|0
S|CF013|-19653019|-44222178| |TF|0|0|0|0|0|0|3|9000|8000|0|0|0|0
S|TISLO|-19563667|-44174167| |TF|0|0|0|0|0|210|0|7000|0|0|0|0|0
S|TISLO|-19563667|-44174167|CNF|FM|0|34000|710|29040|0|210|0|7000|0|0|0|0|0

P|SINI1A|16|KIBAP|0|9
S|KIBAP|-20793736|-44571181| |IF|0|0|0|0|0|0|0|0|0|0|0|0|0
S|SINIX|-20368278|-44455819| |TF|0|0|0|0|0|0|2|21000|0|0|0|0|0
S|SINIX|-20368278|-44455819| |IF|0|0|0|0|0|0|2|21000|0|0|0|0|0
S|EVSEL|-20049708|-44369258| |TF|0|0|0|0|0|0|2|14000|0|0|0|0|0
S|CF072|-19883361|-44324281| |TF|0|0|0|0|0|0|3|11000|9000|0|0|0|0
S|CF071|-19764681|-44292244| |TF|0|0|0|0|0|0|1|9000|0|0|0|0|0
S|CF013|-19653019|-44222178| |TF|0|0|0|0|0|0|3|9000|8000|0|0|0|0
S|TISLO|-19563667|-44174167| |TF|0|0|0|0|0|210|0|7000|0|0|0|0|0
S|TISLO|-19563667|-44174167|CNF|FM|0|34000|710|29040|0|210|0|7000|0|0|0|0|0

P|SINI1B|34|AROVA|0|11
S|AROVA|-21223719|-44658094| |IF|0|0|0|0|0|0|0|0|0|0|0|0|0
S|KIBAP|-20793736|-44571181| |TF|0|0|0|0|0|0|0|0|0|0|0|0|0
S|SINIX|-20368278|-44455819| |TF|0|0|0|0|0|0|0|0|0|0|0|0|0
S|SINIX|-20368278|-44455819| |IF|0|0|0|0|0|0|0|0|0|0|0|0|0
S|CF051|-20139306|-44393672| |TF|0|0|0|0|0|0|0|0|0|0|0|0|0
S|EVSEL|-20049708|-44369258| |TF|0|0|0|0|0|0|0|0|0|0|0|0|0
S|CF072|-19883361|-44324281| |TF|0|0|0|0|0|0|1|17000|0|0|0|0|0
S|CF048|-19639333|-43963667| |TF|0|0|0|0|0|0|1|11000|0|0|0|0|0
S|CF039|-19577708|-43879644| |TF|0|0|0|0|0|0|1|9000|0|0|0|0|0
S|KUGUT|-19703492|-43763164| |TF|0|0|0|0|0|210|1|7000|0|0|0|0|0
S|KUGUT|-19703492|-43763164|CNF|FM|0|13000|1840|14130|0|0|1|7000|0|0|0|0|0

P|SINI1B|34|KIBAP|0|10
S|KIBAP|-20793736|-44571181| |IF|0|0|0|0|0|0|0|0|0|0|0|0|0
S|SINIX|-20368278|-44455819| |TF|0|0|0|0|0|0|0|0|0|0|0|0|0
S|SINIX|-20368278|-44455819| |IF|0|0|0|0|0|0|0|0|0|0|0|0|0
S|CF051|-20139306|-44393672| |TF|0|0|0|0|0|0|0|0|0|0|0|0|0
S|EVSEL|-20049708|-44369258| |TF|0|0|0|0|0|0|0|0|0|0|0|0|0
S|CF072|-19883361|-44324281| |TF|0|0|0|0|0|0|1|17000|0|0|0|0|0
S|CF048|-19639333|-43963667| |TF|0|0|0|0|0|0|1|11000|0|0|0|0|0
S|CF039|-19577708|-43879644| |TF|0|0|0|0|0|0|1|9000|0|0|0|0|0
S|KUGUT|-19703492|-43763164| |TF|0|0|0|0|0|210|1|7000|0|0|0|0|0
S|KUGUT|-19703492|-43763164|CNF|FM|0|13000|1840|14130|0|0|1|7000|0|0|0|0|0

