P|ANGA3A|35|ANGAS|0|3
S|ANGAS|-16523500|-55858000| |IF|0|0|0|0|0|0|0|0|0|0|0|0|0
S|CY016|-16213236|-55923722| |TF|0|0|0|0|0|0|2|9000|0|0|0|0|0
S|CY001|-15885361|-55992944| |TF|0|0|0|0|0|0|1|4000|0|0|0|0|0

P|ANGA3B|17|ANGAS|0|5
S|ANGAS|-16523500|-55858000| |IF|0|0|0|0|0|0|0|0|0|0|0|0|0
S|CY041|-16305678|-55945275| |TF|0|0|0|0|0|0|0|0|0|0|0|0|0
S|LIXAP|-15856994|-56124806| |TF|0|0|0|0|0|0|0|0|0|0|0|0|0
S|CY021|-15702667|-56206864| |TF|0|0|0|0|0|0|1|7000|0|0|0|0|0
S|CY013|-15540886|-56292736| |TF|0|0|0|0|0|0|1|4000|0|0|0|0|0

P|BOKI1A|35|MABMA|0|5
S|MABMA|-16709167|-53100833| |IF|0|0|0|0|0|0|0|0|0|0|0|0|0
S|BOKIM|-16252300|-55285428| |TF|0|0|0|0|0|0|0|0|0|0|0|0|0
S|BOKIM|-16252300|-55285428| |IF|0|0|0|0|0|0|0|0|0|0|0|0|0
S|CY031|-16094933|-55589706| |TF|0|0|0|0|0|0|0|0|0|0|0|0|0
S|CY001|-15885361|-55992944| |TF|0|0|0|0|0|0|1|4000|0|0|0|0|0

P|BOKI1A|35|SINIP|0|5
S|SINIP|-16583875|-54639997| |IF|0|0|0|0|0|0|0|0|0|0|0|0|0
S|BOKIM|-16252300|-55285428| |TF|0|0|0|0|0|0|0|0|0|0|0|0|0
S|BOKIM|-16252300|-55285428| |IF|0|0|0|0|0|0|0|0|0|0|0|0|0
S|CY031|-16094933|-55589706| |TF|0|0|0|0|0|0|0|0|0|0|0|0|0
S|CY001|-15885361|-55992944| |TF|0|0|0|0|0|0|1|4000|0|0|0|0|0

P|BOKI1C|17|MABMA|0|6
S|MABMA|-16709167|-53100833| |IF|0|0|0|0|0|0|0|0|0|0|0|0|0
S|BOKIM|-16252300|-55285428| |TF|0|0|0|0|0|0|0|0|0|0|0|0|0
S|BOKIM|-16252300|-55285428| |IF|0|0|0|0|0|0|0|0|0|0|0|0|0
S|CY042|-16052556|-55554714| |TF|0|0|0|0|0|0|0|0|0|0|0|0|0
S|UBDON|-15764950|-55940433| |TF|0|0|0|0|0|0|0|0|0|0|0|0|0
S|CY019|-15610375|-56022761| |TF|0|0|0|0|0|0|1|5000|0|0|0|0|0

P|BOKI1C|17|SINIP|0|6
S|SINIP|-16583875|-54639997| |IF|0|0|0|0|0|0|0|0|0|0|0|0|0
S|BOKIM|-16252300|-55285428| |TF|0|0|0|0|0|0|0|0|0|0|0|0|0
S|BOKIM|-16252300|-55285428| |IF|0|0|0|0|0|0|0|0|0|0|0|0|0
S|CY042|-16052556|-55554714| |TF|0|0|0|0|0|0|0|0|0|0|0|0|0
S|UBDON|-15764950|-55940433| |TF|0|0|0|0|0|0|0|0|0|0|0|0|0
S|CY019|-15610375|-56022761| |TF|0|0|0|0|0|0|1|5000|0|0|0|0|0

P|BOKI2B|17|MABMA|0|7
S|MABMA|-16709167|-53100833| |IF|0|0|0|0|0|0|0|0|0|0|0|0|0
S|BOKIM|-16252300|-55285428| |TF|0|0|0|0|0|0|0|0|0|0|0|0|0
S|BOKIM|-16252300|-55285428| |IF|0|0|0|0|0|0|0|0|0|0|0|0|0
S|CY042|-16052556|-55554714| |TF|0|0|0|0|0|0|0|0|0|0|0|0|0
S|UBDON|-15764950|-55940433| |TF|0|0|0|0|0|0|0|0|0|0|0|0|0
S|CY019|-15610375|-56022761| |TF|0|0|0|0|0|0|1|7000|0|0|0|0|0
S|CY014|-15448964|-56108581| |TF|0|0|0|0|0|0|1|4000|0|0|0|0|0

P|BOKI2B|17|SINIP|0|7
S|SINIP|-16583875|-54639997| |IF|0|0|0|0|0|0|0|0|0|0|0|0|0
S|BOKIM|-16252300|-55285428| |TF|0|0|0|0|0|0|0|0|0|0|0|0|0
S|BOKIM|-16252300|-55285428| |IF|0|0|0|0|0|0|0|0|0|0|0|0|0
S|CY042|-16052556|-55554714| |TF|0|0|0|0|0|0|0|0|0|0|0|0|0
S|UBDON|-15764950|-55940433| |TF|0|0|0|0|0|0|0|0|0|0|0|0|0
S|CY019|-15610375|-56022761| |TF|0|0|0|0|0|0|1|7000|0|0|0|0|0
S|CY014|-15448964|-56108581| |TF|0|0|0|0|0|0|1|4000|0|0|0|0|0

P|GENG1A|35|GENGO|0|6
S|GENGO|-14011825|-55854519| |IF|0|0|0|0|0|0|0|0|0|0|0|0|0
S|CY008|-14655753|-55967931| |TF|0|0|0|0|0|0|0|0|0|0|0|0|0
S|CY009|-14994419|-56027839| |TF|0|0|0|0|0|0|0|0|0|0|0|0|0
S|CY014|-15448964|-56108581| |TF|0|0|0|0|0|0|1|10000|0|1|0|0|0
S|CY019|-15610375|-56022761| |TF|0|0|0|0|0|0|1|7000|0|0|0|0|0
S|UBDON|-15764950|-55940433| |TF|0|0|0|0|0|0|1|4000|0|0|0|0|0

P|GENG1B|17|GENGO|0|4
S|GENGO|-14011825|-55854519| |IF|0|0|0|0|0|0|0|0|0|0|0|0|0
S|CY008|-14655753|-55967931| |TF|0|0|0|0|0|0|0|0|0|0|0|0|0
S|CY009|-14994419|-56027839| |TF|0|0|0|0|0|0|0|0|0|0|0|0|0
S|CY007|-15420556|-56240111| |TF|0|0|0|0|0|0|1|4000|0|0|0|0|0

