P|CHI3A|18|CHI|0|2
S|CHI|-36586389|-72032778| |IF|0|0|0|0|0|0|1|6000|0|0|0|0|0
S|GE160|-37237236|-72280600| |TF|0|0|0|0|0|0|1|3000|0|0|0|0|0

P|CHI4B|36|CHI|0|3
S|CHI|-36586389|-72032778| |IF|0|0|0|0|0|0|1|6000|0|0|0|0|0
S|GE160|-37237236|-72280600| |TF|0|0|0|0|0|0|1|6000|0|0|0|0|0
S|GE162|-37584828|-72320519| |TF|0|0|0|0|0|0|1|3000|0|0|0|0|0

P|ENSER3|18|ENSER|0|2
S|ENSER|-37645833|-72289444| |IF|0|0|0|0|0|0|1|6000|0|0|0|0|0
S|GE160|-37237236|-72280600| |TF|0|0|0|0|0|0|1|3000|0|0|0|0|0

P|KETIR4|36|KETIR|0|4
S|KETIR|-38254722|-72458889| |IF|0|0|0|0|0|0|1|6000|0|0|0|0|0
S|GE263|-37750133|-72318303| |TF|0|0|0|0|0|0|1|5000|0|0|0|0|0
S|ENSER|-37645833|-72289444| |TF|0|0|0|0|0|0|1|4000|0|0|0|0|0
S|GE162|-37584828|-72320519| |TF|0|0|0|0|0|0|1|3000|0|0|0|0|0

