P|ANRO2N|ALL|ANROS|0|3
S|ANROS|-40339167|-72891389| |IF|0|0|0|0|0|0|1|6000|0|0|0|0|0
S| |91000000|181000000| |VI|0|20100|0|0|0|0|0|0|0|0|0|0|0
S|OSO|-40618611|-73053889|OSO|CF|0|17100|0|0|400|0|1|3000|0|0|0|0|0

P|ANRO2R|15|ANROS|0|4
S|ANROS|-40339167|-72891389| |IF|0|0|0|0|0|0|1|6000|0|0|0|0|0
S| |91000000|181000000| |CI|0|17800|0|0|0|0|0|0|0|0|0|0|0
S|D326O|-40395608|-73202439|OSO|AF|1|2000|1500|32600|0|0|1|3000|0|0|0|0|0
S|CD15Z|-40455094|-73162922| |TF|0|0|0|0|0|0|0|0|0|0|0|0|0

P|ERUK2D|33|ERUKA|0|3
S|ERUKA|-39751111|-72524167| |IF|0|0|0|0|0|0|1|6000|0|0|0|0|0
S|JO500|-40207928|-72666669| |TF|0|0|0|0|0|0|1|6000|0|0|0|0|0
S|LODAD|-40742883|-72836078| |TF|0|0|0|0|0|0|1|3000|0|0|0|0|0

P|ERUK3C|15|ERUKA|0|3
S|ERUKA|-39751111|-72524167| |IF|0|0|0|0|0|0|1|6000|0|0|0|0|0
S|JO330|-40139844|-72885217| |TF|0|0|0|0|0|0|1|6000|0|0|0|0|0
S|TEDEN|-40437600|-73165225| |TF|0|0|0|0|0|0|1|3000|0|0|0|0|0

P|ISUD2A|15|ISUDO|0|3
S|ISUDO|-40261667|-73087778| |IF|0|0|0|0|0|0|1|5000|0|0|0|0|0
S|D326O|-40395608|-73202439| |DF|0|0|0|0|0|0|1|3000|0|0|0|0|0
S|CD15Z|-40455094|-73162922| |TF|0|0|0|0|0|0|0|0|0|0|0|0|0

P|ISUD2B|ALL|ISUDO|0|3
S|ISUDO|-40261667|-73087778| |IF|0|0|0|0|0|0|1|5000|0|0|0|0|0
S| |91000000|181000000| |VI|0|14100|0|0|0|0|0|0|0|0|0|0|0
S|OSO|-40618611|-73053889|OSO|CF|0|17100|0|0|2000|0|1|3000|0|0|0|0|0

P|ISUD2E|33|ISUDO|0|2
S|ISUDO|-40261667|-73087778| |IF|0|0|0|0|0|0|1|5000|0|0|0|0|0
S|LODAD|-40742883|-72836078| |TF|0|0|0|0|0|0|1|3000|0|0|0|0|0

P|ISUD3C|15|ISUDO|0|2
S|ISUDO|-40261667|-73087778| |IF|0|0|0|0|0|0|1|5000|0|0|0|0|0
S|TEDEN|-40437600|-73165225| |TF|0|0|0|0|0|0|1|3000|0|0|0|0|0

P|TOMU3A|15|TOMUS|0|2
S|TOMUS|-41013056|-73394444| |IF|0|0|0|0|0|0|1|5000|0|0|0|0|0
S|SIBOR|-40479322|-73284303| |TF|0|0|0|0|0|0|1|3000|0|0|0|0|0

P|VOVK2J|33|VOVKI|0|5
S|VOVKI|-41098889|-73030000| |IF|0|0|0|0|0|0|1|6000|0|0|0|0|0
S|MO30B|-40933711|-73000131| |TF|0|0|0|0|0|0|1|4000|0|1|0|0|0
S| |91000000|181000000| |VI|0|300|0|0|0|0|0|0|0|0|0|0|0
S|D153O|-40853631|-72941206|OSO|CF|0|33300|1500|15300|100|0|1|3000|0|0|0|0|0
S|CD33Z|-40790969|-72971333| |TF|0|0|0|0|0|0|0|0|0|0|0|0|0

P|VOVK2K|ALL|VOVKI|0|3
S|VOVKI|-41098889|-73030000| |IF|0|0|0|0|0|0|1|6000|0|0|0|0|0
S|MO30B|-40933711|-73000131| |TF|0|0|0|0|0|0|1|4000|0|1|0|0|0
S|OSO|-40618611|-73053889|OSO|CF|0|34700|0|0|1900|0|1|3000|0|0|0|0|0

P|VOVK2L|15|VOVKI|0|2
S|VOVKI|-41098889|-73030000| |IF|0|0|0|0|0|0|1|4000|0|0|0|0|0
S|SIBOR|-40479322|-73284303| |TF|0|0|0|0|0|0|1|3000|0|0|0|0|0

P|VOVK2M|33|VOVKI|0|2
S|VOVKI|-41098889|-73030000| |IF|0|0|0|0|0|0|1|4000|0|0|0|0|0
S|ANSID|-40784775|-72955594| |TF|0|0|0|0|0|0|1|3000|0|0|0|0|0

