P|BOME1A|30|BOMEG|0|3
S|BOMEG|-28741667|-70797500| |IF|0|0|0|0|0|0|1|19000|0|0|0|0|0
S|MALVU|-29342069|-70808186| |TF|0|0|0|0|0|0|1|12000|0|0|0|0|0
S|EDVAS|-29552572|-70811631| |TF|0|0|0|0|0|0|1|10000|0|0|0|0|0

P|BOME1B|30|BOMEG|0|7
S|BOMEG|-28741667|-70797500| |IF|0|0|0|0|0|0|1|19000|0|0|0|0|0
S|MALVU|-29342069|-70808186| |TF|0|0|0|0|0|0|1|12000|0|0|0|0|0
S|EDVAS|-29552572|-70811631| |TF|0|0|0|0|0|0|1|10000|0|0|0|0|0
S|SE300|-29821517|-70803214| |TF|0|0|0|0|0|0|1|10000|0|0|0|0|0
S|SE279|-29991392|-70762800| |TF|0|0|0|0|0|0|1|7500|0|0|0|0|0
S|SE219|-30081417|-70813472| |TF|0|0|0|0|0|0|1|6500|0|0|0|0|0
S|ITEKI|-30037386|-70916889| |TF|0|0|0|0|0|0|1|5600|0|0|0|0|0

P|DANL1C|12|DANLA|0|3
S|DANLA|-30526944|-71475833| |IF|0|0|0|0|0|0|1|8000|0|0|0|0|0
S|SE241|-29946350|-71524783| |TF|0|0|0|0|0|230|1|6000|0|0|0|0|0
S|SIGES|-29801892|-71466542| |TF|0|0|0|0|0|0|1|4000|0|0|0|0|0

P|DANL1D|12|DANLA|0|2
S|DANLA|-30526944|-71475833| |IF|0|0|0|0|0|0|1|8000|0|0|0|0|0
S|ENLIT|-30054628|-71418136| |TF|0|0|0|0|0|0|1|5000|0|0|0|0|0

P|DANL3B|30|DANLA|0|2
S|DANLA|-30526944|-71475833| |IF|0|0|0|0|0|0|1|8000|0|0|0|0|0
S|ANDAK|-30243611|-71119167| |TF|0|0|0|0|0|0|3|9000|7500|0|0|0|0

P|DANL4A|12|DANLA|0|4
S|DANLA|-30526944|-71475833| |IF|0|0|0|0|0|0|1|8000|0|0|0|0|0
S|TOY|-30276389|-71473611| |TF|0|0|0|0|0|0|1|8000|0|0|0|0|0
S|SE190|-29949789|-71506294| |TF|0|0|0|0|0|0|1|5000|0|0|0|0|0
S|LIVAS|-29816667|-71432222| |TF|0|0|0|0|0|0|1|3000|0|0|0|0|0

P|KUGAP5|30|KUGAP|0|2
S|KUGAP|-30961667|-71161944| |IF|0|0|0|0|0|0|3|19000|10000|0|0|0|0
S|ANDAK|-30243611|-71119167| |TF|0|0|0|0|0|0|3|9000|7500|0|0|0|0

P|MIBA3A|12|MIBAS|0|7
S|MIBAS|-30783333|-70291667| |IF|0|0|0|0|0|0|0|0|0|0|0|0|0
S|TOY60|-30721969|-70436744| |TF|0|0|0|0|0|0|1|20000|0|0|0|0|0
S|TOY45|-30611350|-70696847| |TF|0|0|0|0|0|0|1|17000|0|0|0|0|0
S|SE423|-30531944|-70887222| |TF|0|0|0|0|0|0|1|14000|0|0|0|0|0
S|D117J|-30351706|-71301733| |TF|0|0|0|0|0|0|1|8000|0|0|0|0|0
S|TOY|-30276389|-71473611| |TF|0|0|0|0|0|0|1|6000|0|0|0|0|0
S|LIVAS|-29816667|-71432222|TOY|CF|0|500|2760|350|2800|0|1|3000|0|0|0|0|0

P|MIBA4B|30|MIBAS|0|6
S|MIBAS|-30783333|-70291667| |IF|0|0|0|0|0|0|1|20000|0|0|0|0|0
S|SE672|-30693839|-70501736| |TF|0|0|0|0|0|0|1|18000|0|0|0|0|0
S|NIRNU|-30592500|-70739444| |TF|0|0|0|0|0|0|1|16000|0|0|0|0|0
S|SE423|-30531944|-70887222| |TF|0|0|0|0|0|0|3|19000|14000|0|0|0|0
S|TITKI|-30425000|-71129722| |TF|0|0|0|0|0|0|3|19000|10000|0|0|0|0
S|ANDAK|-30243611|-71119167| |TF|0|0|0|0|0|0|3|9000|7500|0|0|0|0

P|MUGO2B|12|UPUKU|0|4
S|UPUKU|-28262222|-71001389| |IF|0|0|0|0|0|0|0|0|0|0|0|0|0
S|MUGOS|-29425556|-71271944| |TF|0|0|0|0|0|0|0|0|0|0|0|0|0
S| |91000000|181000000|SER|CR|0|19300|0|31900|0|0|1|7000|0|0|0|0|0
S|SER|-29915556|-71196944|SER|CF|0|13900|0|0|1200|0|1|5000|0|0|0|0|0

P|MUGO4A|12|UPUKU|0|5
S|UPUKU|-28262222|-71001389| |IF|0|0|0|0|0|0|0|0|0|0|0|0|0
S|MUGOS|-29425556|-71271944| |TF|0|0|0|0|0|0|0|0|0|1|0|0|0
S| |91000000|181000000| |VI|0|21500|0|0|0|0|1|7000|0|0|0|0|0
S|TOY35|-29693422|-71421192|TOY|CF|0|18500|3500|350|500|0|1|5000|0|0|0|0|0
S|LIVAS|-29816667|-71432222| |TF|0|0|0|0|0|0|1|3000|0|0|0|0|0

P|SEBT3B|12|SEBTO|0|4
S|SEBTO|-29565833|-71399722| |IF|0|0|0|0|0|0|1|10000|0|0|0|0|0
S|TOY38|-29643450|-71416725| |DF|0|0|0|0|0|0|1|7000|0|0|0|0|0
S|TOY35|-29693422|-71421192| |TF|0|0|0|0|0|0|1|5000|0|0|0|0|0
S|SER|-29915556|-71196944| |TF|0|0|0|0|0|0|1|5000|0|0|0|0|0

P|SEBT4A|12|SEBTO|0|4
S|SEBTO|-29565833|-71399722| |IF|0|0|0|0|0|0|1|10000|0|0|0|0|0
S|TOY38|-29643450|-71416725| |DF|0|0|0|0|0|0|1|7000|0|0|0|0|0
S|TOY35|-29693422|-71421192| |TF|0|0|0|0|0|0|1|5000|0|0|0|0|0
S|LIVAS|-29816667|-71432222| |TF|0|0|0|0|0|0|1|3000|0|0|0|0|0

P|TEDI1A|30|TEDIN|0|2
S|TEDIN|-29264167|-71368611| |IF|0|0|0|0|0|0|1|10000|0|0|0|0|0
S|TIMDA|-29711667|-71339444| |TF|0|0|0|0|0|0|1|10000|0|0|0|0|0

P|TEDI1B|12|TEDIN|0|2
S|TEDIN|-29264167|-71368611| |IF|0|0|0|0|0|0|1|10000|0|0|0|0|0
S|SIGES|-29801892|-71466542| |TF|0|0|0|0|0|0|1|4000|0|0|0|0|0

P|TEDI1C|12|TEDIN|0|2
S|TEDIN|-29264167|-71368611| |IF|0|0|0|0|0|0|1|10000|0|0|0|0|0
S|KODSA|-29644989|-71343736| |TF|0|0|0|0|0|0|1|5000|0|0|0|0|0

P|TIMDA5|30|TIMDA|0|3
S|TIMDA|-29711667|-71339444| |IF|0|0|0|0|0|0|1|10000|0|0|0|0|0
S|NEGUL|-29904397|-70952917| |TF|0|0|0|0|0|0|1|8000|0|0|0|0|0
S|ESNAT|-29947364|-70866231| |TF|0|0|0|0|0|0|1|7500|0|0|0|0|0

P|TOY3|12|TOY|0|2
S|TOY|-30276389|-71473611| |IF|0|0|0|0|0|0|0|0|0|0|0|0|0
S|LIVAS|-29816667|-71432222|TOY|CF|0|500|2760|350|2800|0|1|3000|0|0|0|0|0

