P|ASBEX1|24|ASBEX|0|3
S|ASBEX|-1756389|-80859167| |IF|0|0|0|0|0|0|0|0|0|0|0|0|0
S|MT503|-1265833|-80642222| |TF|0|0|0|0|0|0|1|5000|0|0|0|0|0
S|MT003|-914981|-80486678| |TF|0|0|0|0|0|210|1|3500|0|0|0|0|0

P|MIBAR1|24|MIBAR|0|3
S|MIBAR|-144167|-81455000| |IF|0|0|0|0|0|0|0|0|0|0|0|0|0
S|KIKIS|-699167|-80898056| |TF|0|0|0|0|0|0|1|5000|0|0|0|0|0
S|MT001|-776453|-80580200| |TF|0|0|0|0|0|210|1|3500|0|0|0|0|0

P|MUMIL1|24|MUMIL|0|3
S|MUMIL|-931111|-79855556| |IF|0|0|0|0|0|0|0|0|0|0|0|0|0
S|ANSEX|-933056|-80328611| |TF|0|0|0|0|0|0|1|4000|0|0|0|0|0
S|MT003|-914981|-80486678| |TF|0|0|0|0|0|210|1|3500|0|0|0|0|0

P|ORETA1|24|ORETA|0|3
S|ORETA|-315833|-79177222| |IF|0|0|0|0|0|0|0|0|0|0|0|0|0
S|MT501|-765489|-80375897| |TF|0|0|0|0|0|0|1|5000|0|0|0|0|0
S|MT002|-798644|-80464633| |TF|0|0|0|0|0|0|1|3500|0|0|0|0|0

P|RENAR1|24|RENAR|0|3
S|RENAR|-1571111|-80238056| |IF|0|0|0|0|0|0|0|0|0|0|0|0|0
S|MT504|-1140556|-80401389| |TF|0|0|0|0|0|0|1|5000|0|0|0|0|0
S|MT003|-914981|-80486678| |TF|0|0|0|0|0|210|1|3500|0|0|0|0|0

P|SIDIK1|24|SIDIK|0|3
S|SIDIK|-931389|-81626111| |IF|0|0|0|0|0|0|0|0|0|0|0|0|0
S|MT502|-835619|-80979292| |TF|0|0|0|0|0|0|1|5000|0|0|0|0|0
S|MT001|-776453|-80580200| |TF|0|0|0|0|0|210|1|3500|0|0|0|0|0

