P|EGOB1J|06|EGOBI|0|4
S|EGOBI|1193611|-78047222| |IF|0|0|0|0|0|0|1|18000|0|0|0|0|0
S|CO801|1569689|-78347869| |TF|0|0|0|0|0|0|1|10000|0|0|0|0|0
S|CO802|1726264|-78473081| |TF|0|0|0|0|0|0|1|10000|0|0|0|0|0
S|CO407|1817058|-78546794| |TF|0|0|0|0|0|0|1|8000|0|0|0|0|0

P|EGOB1K|24|EGOBI|0|4
S|EGOBI|1193611|-78047222| |IF|0|0|0|0|0|0|1|18000|0|0|0|0|0
S|CO801|1569689|-78347869| |TF|0|0|0|0|0|0|3|12000|10000|0|0|0|0
S|CO802|1726264|-78473081| |TF|0|0|0|0|0|0|3|6000|5000|0|0|0|0
S|CO407|1817058|-78546794| |TF|0|0|0|0|0|0|0|5000|0|0|0|0|0

P|GIBT1G|06|GIBTU|0|3
S|GIBTU|2573611|-77894167| |IF|0|0|0|0|0|0|1|14000|0|0|0|0|0
S|CO804|2422789|-77966578| |TF|0|0|0|0|0|0|1|14000|0|0|0|0|0
S|CO406|2001650|-78492097| |TF|0|0|0|0|0|0|1|9000|0|0|0|0|0

P|GIBT1H|24|GIBTU|0|4
S|GIBTU|2573611|-77894167| |IF|0|0|0|0|0|0|1|14000|0|0|0|0|0
S|CO804|2422789|-77966578| |TF|0|0|0|0|0|0|1|14000|0|0|0|0|0
S|CO806|2158208|-78296797| |TF|0|0|0|0|0|0|1|5000|0|0|0|0|0
S|CO406|2001650|-78492097| |TF|0|0|0|0|0|0|3|8000|5000|0|0|0|0

P|GIBT2B|24|GIBTU|0|3
S|GIBTU|2573611|-77894167| |IF|0|0|0|0|0|0|1|5000|0|0|0|0|0
S|D054S|2025464|-78511069| |TF|0|0|0|0|0|0|1|5000|0|0|0|0|0
S|D058P|1974975|-78536669| |TF|0|0|0|0|0|0|1|5000|0|0|0|0|0

P|TUNG1C|06|TUNGI|0|3
S|TUNGI|1803611|-78080000| |IF|0|0|0|0|0|0|1|12000|0|0|0|0|0
S|CO803|1813714|-78430328| |TF|0|0|0|0|0|0|1|8000|0|0|0|0|0
S|CO407|1817058|-78546794| |TF|0|0|0|0|0|0|1|8000|0|0|0|0|0

P|TUNG1D|24|TUNGI|0|4
S|TUNGI|1803611|-78080000| |IF|0|0|0|0|0|0|1|12000|0|0|0|0|0
S|CO805|1808417|-78246381| |TF|0|0|0|0|0|0|3|10000|9000|0|0|0|0
S|CO803|1813714|-78430328| |TF|0|0|0|0|0|0|3|6000|5000|0|0|0|0
S|CO407|1817058|-78546794| |TF|0|0|0|0|0|0|0|5000|0|0|0|0|0

P|XOKI2A|24|XOKIG|0|3
S|XOKIG|2455833|-77803333| |IF|0|0|0|0|0|0|1|10000|0|0|0|0|0
S|D061S|1992739|-78485894| |TF|0|0|0|0|0|0|1|5000|0|0|0|0|0
S|D058P|1974975|-78536669| |TF|0|0|0|0|0|0|1|5000|0|0|0|0|0

