P|POXO1G|04|POXOM|0|2
S|POXOM|7076944|-73515300| |IF|0|0|0|0|0|0|1|8000|0|0|0|0|0
S|NELUT|6802128|-73826517| |TF|0|0|0|0|0|190|1|5000|0|0|0|0|0

P|UMKA1D|04|UMKAG|0|2
S|UMKAG|6964486|-73488650| |IF|0|0|0|0|0|0|1|9000|0|0|0|0|0
S|NELUT|6802128|-73826517| |TF|0|0|0|0|0|190|1|5000|0|0|0|0|0

P|YACA1A|04|YACAR|0|4
S|YACAR|6481389|-73663056| |IF|0|0|0|0|0|0|1|12000|0|0|0|0|0
S|LOURA|6691800|-73717742| |TF|0|0|0|0|0|0|0|8000|0|0|0|0|0
S|INCAS|6873678|-73897097| |TF|0|0|0|0|0|160|1|3600|0|0|0|0|0
S|ASUDU|6955750|-73846000| |TF|0|0|0|0|0|0|1|1800|0|0|0|0|0

P|YACA1B|04|YACAR|0|3
S|YACAR|6481389|-73663056| |IF|0|0|0|0|0|0|1|12000|0|0|0|0|0
S|LOURA|6691800|-73717742| |TF|0|0|0|0|0|0|0|8000|0|0|0|0|0
S|NELUT|6802128|-73826517| |TF|0|0|0|0|0|190|1|5000|0|0|0|0|0

P|YACA1C|04|YACAR|0|5
S|YACAR|6481389|-73663056| |IF|0|0|0|0|0|0|1|12000|0|0|0|0|0
S|LOURA|6691800|-73717742| |TF|0|0|0|0|0|0|0|8000|0|0|0|0|0
S|D173J|6866556|-73763286| |TF|0|0|0|0|0|190|1|5600|0|0|0|0|0
S|D217J|6882156|-73886833|EJA|AF|2|17300|1000|21700|0|160|1|3300|0|0|0|0|0
S|ASUDU|6955750|-73846000| |TF|0|0|0|0|0|0|1|1800|0|0|0|0|0

