P|BAQ1D|01|BAQ|0|2
S|BAQ|10795278|-74860278| |IF|0|0|0|0|0|0|1|5000|0|0|0|0|0
S|GEGIS|10943167|-74326836| |TF|0|0|0|0|0|0|1|4500|0|0|0|0|0

P|BAQ1G|19|BAQ|0|2
S|BAQ|10795278|-74860278| |IF|0|0|0|0|0|0|1|5000|0|0|0|0|0
S|UTGON|11004631|-74322106| |TF|0|0|0|0|0|0|1|4500|0|0|0|0|0

P|DARN1C|01|DARNI|0|2
S|DARNI|10154444|-74531389| |IF|0|0|0|0|0|0|1|10000|0|0|0|0|0
S|ANLUP|10845406|-74224700| |TF|0|0|0|0|0|0|1|4500|0|0|0|0|0

P|DARN1D|19|DARNI|0|2
S|DARNI|10154444|-74531389| |IF|0|0|0|0|0|0|1|10000|0|0|0|0|0
S|UTGON|11004631|-74322106| |TF|0|0|0|0|0|0|1|4500|0|0|0|0|0

P|EDVA1A|ALL|EDVAR|0|3
S|EDVAR|10097222|-74013333| |IF|0|0|0|0|0|0|0|0|0|0|0|0|0
S|STA11|10784444|-74193889| |TF|0|0|0|0|0|0|1|6000|0|0|0|0|0
S|CF01|10878986|-74246461| |TF|0|0|0|0|0|0|1|4000|0|0|0|0|0

P|EDVA1D|01|EDVAR|0|2
S|EDVAR|10097222|-74013333| |IF|0|0|0|0|0|0|1|10000|0|0|0|0|0
S|ANLUP|10845406|-74224700| |TF|0|0|0|0|0|0|1|4500|0|0|0|0|0

P|EDVA1E|19|EDVAR|0|3
S|EDVAR|10097222|-74013333| |IF|0|0|0|0|0|0|1|10000|0|0|0|0|0
S|ANLUP|10845406|-74224700| |TF|0|0|0|0|0|0|1|5000|0|0|0|0|0
S|UTGON|11004631|-74322106| |TF|0|0|0|0|0|0|1|4500|0|0|0|0|0

P|MORG1D|01|MORGI|0|2
S|MORGI|11656111|-75084167| |IF|0|0|0|0|0|0|1|10000|0|0|0|0|0
S|GEGIS|10943167|-74326836| |TF|0|0|0|0|0|0|1|4500|0|0|0|0|0

P|STA1D|19|STA|0|2
S|STA|10962500|-74240556| |IF|0|0|0|0|0|0|1|5000|0|0|0|0|0
S|UTGON|11004631|-74322106| |TF|0|0|0|0|0|0|1|4500|0|0|0|0|0

P|VUMB1C|ALL|MGN|0|3
S|MGN|9287222|-74846944| |IF|0|0|0|0|0|0|0|0|0|0|0|0|0
S|VUMBA|10784167|-74301389| |TF|0|0|0|0|0|0|1|5000|0|0|0|0|0
S|CF01|10878986|-74246461| |TF|0|0|0|0|0|0|1|4000|0|0|0|0|0

