P|AMUB1C|06|AMUBI|0|2
S|AMUBI|11605000|-82718611| |IF|0|0|0|0|0|0|1|3000|0|0|0|0|0
S|BOGOX|12493756|-81867733| |TF|0|0|0|0|0|0|1|3000|0|0|0|0|0

P|AMUB1D|24|AMUBI|0|3
S|AMUBI|11605000|-82718611| |IF|0|0|0|0|0|0|1|4000|0|0|0|0|0
S|UTNUT|12580386|-81919381| |TF|0|0|0|0|0|0|1|4000|0|0|0|0|0
S|MOXIP|12761550|-81602289| |TF|0|0|0|0|0|0|1|4000|0|0|0|0|0

P|AMUB1E|06|AMUBI|0|3
S|AMUBI|11605000|-82718611| |IF|0|0|0|0|0|0|0|0|0|0|0|0|0
S|D230L|12442947|-81852361| |TF|0|0|0|0|0|0|0|0|0|0|0|0|0
S|SEKTO|12496944|-81890000|SPP|AF|2|23000|1200|24780|0|0|1|3000|0|0|0|0|0

P|AMUB1F|24|AMUBI|0|3
S|AMUBI|11605000|-82718611| |IF|0|0|0|0|0|0|0|0|0|0|0|0|0
S|D230L|12442947|-81852361| |TF|0|0|0|0|0|0|0|0|0|0|0|0|0
S|RAXID|12711667|-81548333|SPP|AF|1|23000|1200|5300|0|0|1|3000|0|0|0|0|0

P|BIXO1E|06|BIXOX|0|3
S|BIXOX|11561111|-81121389| |IF|0|0|0|0|0|0|0|0|0|0|0|0|0
S|D155L|12407500|-81604867| |TF|0|0|0|0|0|0|0|0|0|0|0|0|0
S|SEKTO|12496944|-81890000|SPP|AF|2|15500|1200|24780|0|0|1|3000|0|0|0|0|0

P|BIXO1F|24|BIXOX|0|3
S|BIXOX|11561111|-81121389| |IF|0|0|0|0|0|0|0|0|0|0|0|0|0
S|D155L|12407500|-81604867| |TF|0|0|0|0|0|0|0|0|0|0|0|0|0
S|RAXID|12711667|-81548333|SPP|AF|1|15500|1200|5300|0|0|1|3000|0|0|0|0|0

P|BIXO2C|06|BIXOX|0|3
S|BIXOX|11561111|-81121389| |IF|0|0|0|0|0|0|1|4000|0|0|0|0|0
S|NEPET|12100208|-81563367| |TF|0|0|0|0|0|0|1|4000|0|0|0|0|0
S|LIVIV|12407103|-81816119| |TF|0|0|0|0|0|0|1|4000|0|0|0|0|0

P|BIXO2D|24|BIXOX|0|2
S|BIXOX|11561111|-81121389| |IF|0|0|0|0|0|0|1|4000|0|0|0|0|0
S|SAKSI|12588078|-81502764| |TF|0|0|0|0|0|0|1|4000|0|0|0|0|0

P|DAGA1C|06|DAGAS|0|3
S|DAGAS|11634444|-79133056| |IF|0|0|0|0|0|0|0|0|0|0|0|0|0
S|D114L|12512864|-81513458| |TF|0|0|0|0|0|0|0|0|0|0|0|0|0
S|SEKTO|12496944|-81890000|SPP|AF|2|11400|1200|24780|0|0|1|3000|0|0|0|0|0

P|DAGA1D|24|DAGAS|0|3
S|DAGAS|11634444|-79133056| |IF|0|0|0|0|0|0|0|0|0|0|0|0|0
S|D114L|12512864|-81513458| |TF|0|0|0|0|0|0|0|0|0|0|0|0|0
S|RAXID|12711667|-81548333|SPP|AF|1|11400|1200|5300|0|0|1|3000|0|0|0|0|0

P|DURA1E|06|DURAM|0|3
S|DURAM|12285000|-82770000| |IF|0|0|0|0|0|0|0|0|0|0|0|0|0
S|D258L|12527878|-81902075| |TF|0|0|0|0|0|0|0|0|0|0|0|0|0
S|SEKTO|12496944|-81890000|SPP|AF|1|25800|1200|24780|0|0|1|3000|0|0|0|0|0

P|DURA1F|24|DURAM|0|3
S|DURAM|12285000|-82770000| |IF|0|0|0|0|0|0|0|0|0|0|0|0|0
S|D258L|12527878|-81902075| |TF|0|0|0|0|0|0|0|0|0|0|0|0|0
S|RAXID|12711667|-81548333|SPP|AF|2|25800|1200|5300|0|0|1|3000|0|0|0|0|0

P|DURA2C|06|DURAM|0|2
S|DURAM|12285000|-82770000| |IF|0|0|0|0|0|0|1|5000|0|0|0|0|0
S|BOGOX|12493756|-81867733| |TF|0|0|0|0|0|0|1|3000|0|0|0|0|0

P|DURA2D|24|DURAM|0|3
S|DURAM|12285000|-82770000| |IF|0|0|0|0|0|0|1|5000|0|0|0|0|0
S|UTNUT|12580386|-81919381| |TF|0|0|0|0|0|0|1|4000|0|0|0|0|0
S|MOXIP|12761550|-81602289| |TF|0|0|0|0|0|0|1|4000|0|0|0|0|0

P|ENVE2A|06|ENVEL|0|2
S|ENVEL|12115192|-80428417| |IF|0|0|0|0|0|0|1|4000|0|0|0|0|0
S|LIVIV|12407103|-81816119| |TF|0|0|0|0|0|0|1|4000|0|0|0|0|0

P|ENVE2B|24|ENVEL|0|2
S|ENVEL|12115192|-80428417| |IF|0|0|0|0|0|0|1|4000|0|0|0|0|0
S|SAKSI|12588078|-81502764| |TF|0|0|0|0|0|0|1|4000|0|0|0|0|0

P|FALL1C|06|FALLA|0|2
S|FALLA|13433333|-82666667| |IF|0|0|0|0|0|0|1|10000|0|0|0|0|0
S|UTNUT|12580386|-81919381| |TF|0|0|0|0|0|0|1|4000|0|0|0|0|0

P|FALL1E|06|FALLA|0|3
S|FALLA|13433333|-82666667| |IF|0|0|0|0|0|0|0|0|0|0|0|0|0
S|D316L|12717333|-81856928| |TF|0|0|0|0|0|0|0|0|0|0|0|0|0
S|SEKTO|12496944|-81890000|SPP|AF|1|31600|1200|24780|0|0|1|3000|0|0|0|0|0

P|FALL1F|24|FALLA|0|3
S|FALLA|13433333|-82666667| |IF|0|0|0|0|0|0|0|0|0|0|0|0|0
S|D316L|12717333|-81856928| |TF|0|0|0|0|0|0|0|0|0|0|0|0|0
S|RAXID|12711667|-81548333|SPP|AF|2|31600|1200|5300|0|0|1|3000|0|0|0|0|0

P|FALL2D|24|FALLA|0|2
S|FALLA|13433333|-82666667| |IF|0|0|0|0|0|0|1|10000|0|0|0|0|0
S|MOXIP|12761550|-81602289| |TF|0|0|0|0|0|0|1|4000|0|0|0|0|0

P|LEVO1E|06|LEVOR|0|3
S|LEVOR|15000000|-81587500| |IF|0|0|0|0|0|0|0|0|0|0|0|0|0
S|D007L|12783164|-81695592| |TF|0|0|0|0|0|0|0|0|0|0|0|0|0
S|SEKTO|12496944|-81890000|SPP|AF|1|700|1200|24780|0|0|1|3000|0|0|0|0|0

P|LEVO1F|24|LEVOR|0|3
S|LEVOR|15000000|-81587500| |IF|0|0|0|0|0|0|0|0|0|0|0|0|0
S|D007L|12783164|-81695592| |TF|0|0|0|0|0|0|0|0|0|0|0|0|0
S|RAXID|12711667|-81548333|SPP|AF|2|700|1200|5300|0|0|1|3000|0|0|0|0|0

P|LEVO2C|06|LEVOR|0|2
S|LEVOR|15000000|-81587500| |IF|0|0|0|0|0|0|1|5000|0|0|0|0|0
S|UTNUT|12580386|-81919381| |TF|0|0|0|0|0|0|1|4000|0|0|0|0|0

P|LEVO2D|24|LEVOR|0|2
S|LEVOR|15000000|-81587500| |IF|0|0|0|0|0|0|1|5000|0|0|0|0|0
S|MOXIP|12761550|-81602289| |TF|0|0|0|0|0|0|1|4000|0|0|0|0|0

P|PELR1E|06|PELRA|0|3
S|PELRA|14251111|-82450000| |IF|0|0|0|0|0|0|0|0|0|0|0|0|0
S|D341L|12766694|-81786939| |TF|0|0|0|0|0|0|0|0|0|0|0|0|0
S|SEKTO|12496944|-81890000|SPP|AF|1|34100|1200|24780|0|0|1|3000|0|0|0|0|0

P|PELR1F|24|PELRA|0|3
S|PELRA|14251111|-82450000| |IF|0|0|0|0|0|0|0|0|0|0|0|0|0
S|D341L|12766694|-81786939| |TF|0|0|0|0|0|0|0|0|0|0|0|0|0
S|RAXID|12711667|-81548333|SPP|AF|2|34100|1200|5300|0|0|1|3000|0|0|0|0|0

P|PELR3C|06|PELRA|0|2
S|PELRA|14251111|-82450000| |IF|0|0|0|0|0|0|1|4000|0|0|0|0|0
S|UTNUT|12580386|-81919381| |TF|0|0|0|0|0|0|1|4000|0|0|0|0|0

P|PELR3D|24|PELRA|0|2
S|PELRA|14251111|-82450000| |IF|0|0|0|0|0|0|1|4000|0|0|0|0|0
S|MOXIP|12761550|-81602289| |TF|0|0|0|0|0|0|1|4000|0|0|0|0|0

P|PUMR2A|06|PUMRI|0|2
S|PUMRI|12247150|-80386503| |IF|0|0|0|0|0|0|1|4000|0|0|0|0|0
S|LIVIV|12407103|-81816119| |TF|0|0|0|0|0|0|1|4000|0|0|0|0|0

P|PUMR2B|24|PUMRI|0|2
S|PUMRI|12247150|-80386503| |IF|0|0|0|0|0|0|1|4000|0|0|0|0|0
S|SAKSI|12588078|-81502764| |TF|0|0|0|0|0|0|1|4000|0|0|0|0|0

P|TIMR1C|06|TIMRO|0|3
S|TIMRO|11801111|-78699722| |IF|0|0|0|0|0|0|0|0|0|0|0|0|0
S|D109L|12532183|-81507289| |TF|0|0|0|0|0|0|0|0|0|0|0|0|0
S|SEKTO|12496944|-81890000|SPP|AF|2|10900|1200|24780|0|0|1|3000|0|0|0|0|0

P|TIMR1D|24|TIMRO|0|3
S|TIMRO|11801111|-78699722| |IF|0|0|0|0|0|0|0|0|0|0|0|0|0
S|D109L|12532183|-81507289| |TF|0|0|0|0|0|0|0|0|0|0|0|0|0
S|RAXID|12711667|-81548333|SPP|AF|1|10900|1200|5300|0|0|1|3000|0|0|0|0|0

P|TOSA2A|06|TOSAV|0|3
S|TOSAV|11690861|-80932228| |IF|0|0|0|0|0|0|1|4000|0|0|0|0|0
S|NEPET|12100208|-81563367| |TF|0|0|0|0|0|0|1|4000|0|0|0|0|0
S|LIVIV|12407103|-81816119| |TF|0|0|0|0|0|0|1|4000|0|0|0|0|0

P|TOSA2B|24|TOSAV|0|2
S|TOSAV|11690861|-80932228| |IF|0|0|0|0|0|0|1|4000|0|0|0|0|0
S|SAKSI|12588078|-81502764| |TF|0|0|0|0|0|0|1|4000|0|0|0|0|0

P|UGEV1E|06|UGEVA|0|3
S|UGEVA|11534444|-82236667| |IF|0|0|0|0|0|0|0|0|0|0|0|0|0
S|D211L|12402817|-81796717| |TF|0|0|0|0|0|0|0|0|0|0|0|0|0
S|SEKTO|12496944|-81890000|SPP|AF|2|21100|1200|24780|0|0|1|3000|0|0|0|0|0

P|UGEV1F|24|UGEVA|0|3
S|UGEVA|11534444|-82236667| |IF|0|0|0|0|0|0|0|0|0|0|0|0|0
S|D211L|12402817|-81796717| |TF|0|0|0|0|0|0|0|0|0|0|0|0|0
S|RAXID|12711667|-81548333|SPP|AF|1|21100|1200|5300|0|0|1|3000|0|0|0|0|0

P|UGEV2C|06|UGEVA|0|2
S|UGEVA|11534444|-82236667| |IF|0|0|0|0|0|0|1|3000|0|0|0|0|0
S|BOGOX|12493756|-81867733| |TF|0|0|0|0|0|0|1|3000|0|0|0|0|0

P|UGEV2D|24|UGEVA|0|3
S|UGEVA|11534444|-82236667| |IF|0|0|0|0|0|0|1|4000|0|0|0|0|0
S|UTNUT|12580386|-81919381| |TF|0|0|0|0|0|0|1|4000|0|0|0|0|0
S|MOXIP|12761550|-81602289| |TF|0|0|0|0|0|0|1|4000|0|0|0|0|0

