P|OSIL1E|11|OSILU|0|6
S|OSILU|6035000|-71710278| |IF|0|0|0|0|0|0|0|0|0|0|0|0|0
S|D232J|6945731|-70848136| |TF|0|0|0|0|0|0|0|0|0|0|0|0|0
S|D248J|6981006|-70876475|AUC|AF|2|23200|1000|24800|0|0|1|5000|0|0|0|0|0
S|D267J|7032375|-70896736|AUC|AF|2|24800|1000|26700|0|0|1|4000|0|0|0|0|0
S|CS11|7093389|-70898356|AUC|AF|2|26700|1000|28800|0|0|1|3000|0|0|0|0|0
S|FS11|7080311|-70815564| |TF|0|0|0|0|0|0|1|1800|0|0|0|0|0

P|OSIL1F|11|OSILU|0|2
S|OSILU|6035000|-71710278| |IF|0|0|0|0|0|0|1|5000|0|0|0|0|0
S|NEPAV|6976964|-70936233| |TF|0|0|0|0|0|0|1|4000|0|0|0|0|0

P|TME1A|11|TME|0|5
S|TME|6453056|-71753889| |IF|0|0|0|0|0|0|0|0|0|0|0|0|0
S|D248J|6981006|-70876475| |TF|0|0|0|0|0|0|1|5000|0|0|0|0|0
S|D267J|7032375|-70896736|AUC|AF|2|24800|1000|26700|0|0|1|4000|0|0|0|0|0
S|CS11|7093389|-70898356|AUC|AF|2|26700|1000|28800|0|0|1|3000|0|0|0|0|0
S|FS11|7080311|-70815564| |TF|0|0|0|0|0|0|1|1800|0|0|0|0|0

P|TME1F|11|TME|0|2
S|TME|6453056|-71753889| |IF|0|0|0|0|0|0|1|5000|0|0|0|0|0
S|NEPAV|6976964|-70936233| |TF|0|0|0|0|0|0|1|4000|0|0|0|0|0

P|UTNU1A|11|UTNUS|0|2
S|UTNUS|6971539|-71864625| |IF|0|0|0|0|0|0|1|10000|0|0|0|0|0
S|USELA|7093178|-70920861| |TF|0|0|0|0|0|0|1|3000|0|0|0|0|0

