P|ANLA3C|23|ANLAV|0|5
S|ANLAV|4723056|-73311944| |IF|0|0|0|0|0|0|1|13000|0|0|0|0|0
S|UTLEL|4481761|-73337797| |TF|0|0|0|0|0|0|1|10000|0|0|0|0|0
S|VIDAL|4316667|-73355556| |TF|0|0|0|0|0|0|1|8000|0|0|0|0|0
S|D015E|4149931|-73373342| |TF|0|0|0|0|0|0|1|5000|0|0|0|0|0
S|FS23|4111039|-73452947| |TF|0|0|0|0|0|0|1|4000|0|0|0|0|0

P|ANLA5A|05|ANLAV|0|5
S|ANLAV|4723056|-73311944| |IF|0|0|0|0|0|0|1|13000|0|0|0|0|0
S|UTLEL|4481761|-73337797| |TF|0|0|0|0|0|0|1|10000|0|0|0|0|0
S|VIDAL|4316667|-73355556| |TF|0|0|0|0|0|0|1|8000|0|0|0|0|0
S|D015E|4149931|-73373342| |TF|0|0|0|0|0|0|1|5000|0|0|0|0|0
S|FS05|4105925|-73474342| |TF|0|0|0|0|0|0|1|4000|0|0|0|0|0

P|EVRA3F|23|EVRAK|0|4
S|EVRAK|4850833|-73603056| |IF|0|0|0|0|0|0|1|14000|0|0|0|0|0
S|ANLAV|4723056|-73311944| |TF|0|0|0|0|0|0|1|13000|0|0|0|0|0
S|MOSBU|4512000|-73334500| |TF|0|0|0|0|0|200|1|9200|0|0|0|0|0
S|SILIV|4391450|-73432450| |TF|0|0|0|0|0|180|1|6000|0|0|0|0|0

P|KOTE3A|23|KOTER|0|2
S|KOTER|3714167|-72977222| |IF|0|0|0|0|0|230|1|6000|0|0|0|0|0
S|ANKUX|4282900|-73359100| |TF|0|0|0|0|0|180|1|6000|0|0|0|0|0

P|OGNA2A|23|OGNAS|0|2
S|OGNAS|3202222|-73149722| |IF|0|0|0|0|0|230|1|6000|0|0|0|0|0
S|ANKUX|4282900|-73359100| |TF|0|0|0|0|0|180|1|6000|0|0|0|0|0

P|OPTU2A|23|OPTUT|0|2
S|OPTUT|3830556|-72977222| |IF|0|0|0|0|0|230|1|6000|0|0|0|0|0
S|ANKUX|4282900|-73359100| |TF|0|0|0|0|0|180|1|6000|0|0|0|0|0

P|OSOV1J|23|OSOVO|0|5
S|OSOVO|4684456|-73734053| |IF|0|0|0|0|0|0|1|17000|0|0|0|0|0
S|VV800|4643067|-73495297| |TF|0|0|0|0|0|0|1|13100|0|0|0|0|0
S|VV801|4577533|-73414897| |TF|0|0|0|0|0|0|1|11800|0|0|0|0|0
S|MOSBU|4512000|-73334500| |TF|0|0|0|0|0|200|1|9200|0|0|0|0|0
S|SILIV|4391450|-73432450| |TF|0|0|0|0|0|180|1|6000|0|0|0|0|0

P|POVK1B|23|POVKA|0|2
S|POVKA|4194444|-72977222| |IF|0|0|0|0|0|230|1|6000|0|0|0|0|0
S|ANKUX|4282900|-73359100| |TF|0|0|0|0|0|180|1|6000|0|0|0|0|0

P|UBNO2A|23|UBNOT|0|2
S|UBNOT|4576389|-72977222| |IF|0|0|0|0|0|230|1|6000|0|0|0|0|0
S|ANKUX|4282900|-73359100| |TF|0|0|0|0|0|180|1|6000|0|0|0|0|0

P|UBRI2B|23|UBRID|0|2
S|UBRID|3202222|-72963611| |IF|0|0|0|0|0|230|1|6000|0|0|0|0|0
S|ANKUX|4282900|-73359100| |TF|0|0|0|0|0|180|1|6000|0|0|0|0|0

