P|ANGU1C|23|ANGUV|0|3
S|ANGUV|4735833|-72326944| |IF|0|0|0|0|0|0|1|7000|0|0|0|0|0
S|DEVAS|5175653|-72240942| |TF|0|0|0|0|0|0|1|7000|0|0|0|0|0
S|DOLKU|5420389|-72140456| |TF|0|0|0|0|0|210|1|5000|0|0|0|0|0

P|ANGU1D|05|ANGUV|0|3
S|ANGUV|4735833|-72326944| |IF|0|0|0|0|0|0|1|7000|0|0|0|0|0
S|YP805|4917122|-72447800| |TF|0|0|0|0|0|0|1|7000|0|0|0|0|0
S|UTNEN|5119589|-72582775| |TF|0|0|0|0|0|200|1|5000|0|0|0|0|0

P|BUTI1C|23|BUTIK|0|4
S|BUTIK|4841944|-72977222| |IF|0|0|0|0|0|0|1|13000|0|0|0|0|0
S|YP806|4984622|-72655836| |TF|0|0|0|0|0|0|1|7000|0|0|0|0|0
S|EVNIS|5097483|-72462639| |TF|0|0|0|0|0|0|1|7000|0|0|0|0|0
S|DOLKU|5420389|-72140456| |TF|0|0|0|0|0|210|1|5000|0|0|0|0|0

P|BUTI1D|05|BUTIK|0|3
S|BUTIK|4841944|-72977222| |IF|0|0|0|0|0|0|1|13000|0|0|0|0|0
S|YP804|4980797|-72780039| |TF|0|0|0|0|0|0|0|7000|0|0|0|0|0
S|UTNEN|5119589|-72582775| |TF|0|0|0|0|0|200|1|5000|0|0|0|0|0

P|BUTI2B|05|BUTIK|0|4
S|BUTIK|4841944|-72977222| |IF|0|0|0|0|0|0|1|13000|0|0|0|0|0
S|ALSIK|5042778|-72731111| |TF|0|0|0|0|0|0|0|0|0|0|0|0|0
S|D221W|4945900|-72624475|EYP|AF|1|24300|2300|22100|0|0|1|6400|0|0|0|0|0
S|D221J|5132547|-72512694| |TF|0|0|0|0|0|0|1|5000|0|0|0|0|0

P|KOTM1A|23|KOTMI|0|3
S|KOTMI|4777778|-72155833| |IF|0|0|0|0|0|0|1|7000|0|0|0|0|0
S|DEVAS|5175653|-72240942| |TF|0|0|0|0|0|0|1|7000|0|0|0|0|0
S|DOLKU|5420389|-72140456| |TF|0|0|0|0|0|210|1|5000|0|0|0|0|0

P|KOTM1B|05|KOTMI|0|3
S|KOTMI|4777778|-72155833| |IF|0|0|0|0|0|0|1|7000|0|0|0|0|0
S|YP805|4917122|-72447800| |TF|0|0|0|0|0|0|1|7000|0|0|0|0|0
S|UTNEN|5119589|-72582775| |TF|0|0|0|0|0|200|1|5000|0|0|0|0|0

P|OSIL1J|23|OSILU|0|3
S|OSILU|6035000|-71710278| |IF|0|0|0|0|0|0|1|7000|0|0|0|0|0
S|YP414|5714058|-71970617| |TF|0|0|0|0|0|0|1|7000|0|0|0|0|0
S|OGMAD|5594233|-72067817| |TF|0|0|0|0|0|0|1|7000|0|0|0|0|0

P|OSIL1K|05|OSILU|0|5
S|OSILU|6035000|-71710278| |IF|0|0|0|0|0|0|1|7000|0|0|0|0|0
S|SIPEM|5566144|-71995025| |TF|0|0|0|0|0|0|1|7000|0|0|0|0|0
S|YP415|5420389|-72140456| |TF|0|0|0|0|0|0|1|7000|0|0|0|0|0
S|YP417|5247675|-72312783| |TF|0|0|0|0|0|0|0|7000|0|0|0|0|0
S|EVNIS|5097483|-72462639| |TF|0|0|0|0|0|200|1|5000|0|0|0|0|0

P|REMI1G|23|REMIB|0|3
S|REMIB|6215000|-71887778| |IF|0|0|0|0|0|0|1|7000|0|0|0|0|0
S|YP414|5714058|-71970617| |TF|0|0|0|0|0|0|1|7000|0|0|0|0|0
S|OGMAD|5594233|-72067817| |TF|0|0|0|0|0|0|1|7000|0|0|0|0|0

P|REMI1H|05|REMIB|0|5
S|REMIB|6215000|-71887778| |IF|0|0|0|0|0|0|1|7000|0|0|0|0|0
S|SIPEM|5566144|-71995025| |TF|0|0|0|0|0|0|1|7000|0|0|0|0|0
S|YP415|5420389|-72140456| |TF|0|0|0|0|0|0|1|7000|0|0|0|0|0
S|YP417|5247675|-72312783| |TF|0|0|0|0|0|0|0|7000|0|0|0|0|0
S|EVNIS|5097483|-72462639| |TF|0|0|0|0|0|200|1|5000|0|0|0|0|0

P|TITN1C|23|TITNA|0|4
S|TITNA|5589167|-72848611| |IF|0|0|0|0|0|0|1|15000|0|0|0|0|0
S|YP808|5597169|-72648108| |TF|0|0|0|0|0|0|1|14000|0|0|0|0|0
S|YP807|5599986|-72479739| |TF|0|0|0|0|0|0|1|11000|0|0|0|0|0
S|LIVUV|5606142|-72295964| |TF|0|0|0|0|0|210|1|7800|0|0|0|0|0

P|TITN1D|05|TITNA|0|6
S|TITNA|5589167|-72848611| |IF|0|0|0|0|0|0|1|15000|0|0|0|0|0
S|IVTEK|5390508|-72759717| |TF|0|0|0|0|0|0|1|14100|0|0|0|0|0
S|YP802|5283531|-72711875| |TF|0|0|0|0|0|0|1|10700|0|0|0|0|0
S|YP801|5219803|-72683386| |TF|0|0|0|0|0|0|1|8800|0|0|0|0|0
S|MAMTI|5169697|-72633075| |TF|0|0|0|0|0|200|1|6800|0|0|0|0|0
S|UTNEN|5119589|-72582775| |TF|0|0|0|0|0|200|1|5000|0|0|0|0|0

P|TOBS1C|23|TOBSU|0|2
S|TOBSU|5433333|-71650833| |IF|0|0|0|0|0|0|1|9000|0|0|0|0|0
S|DOLKU|5420389|-72140456| |TF|0|0|0|0|0|210|1|5000|0|0|0|0|0

P|TOBS1D|05|TOBSU|0|5
S|TOBSU|5433333|-71650833| |IF|0|0|0|0|0|0|1|7000|0|0|0|0|0
S|SIPEM|5566144|-71995025| |TF|0|0|0|0|0|0|1|7000|0|0|0|0|0
S|YP415|5420389|-72140456| |TF|0|0|0|0|0|0|1|7000|0|0|0|0|0
S|YP417|5247675|-72312783| |TF|0|0|0|0|0|0|0|7000|0|0|0|0|0
S|EVNIS|5097483|-72462639| |TF|0|0|0|0|0|200|1|5000|0|0|0|0|0

P|UBNO1F|23|UBNOT|0|3
S|UBNOT|4576389|-72977222| |IF|0|0|0|0|0|0|1|9000|0|0|0|0|0
S|EVNIS|5097483|-72462639| |TF|0|0|0|0|0|0|1|7000|0|0|0|0|0
S|DOLKU|5420389|-72140456| |TF|0|0|0|0|0|210|1|5000|0|0|0|0|0

P|UBNO1G|05|UBNOT|0|3
S|UBNOT|4576389|-72977222| |IF|0|0|0|0|0|0|1|8000|0|0|0|0|0
S|YP804|4980797|-72780039| |TF|0|0|0|0|0|0|0|7000|0|0|0|0|0
S|UTNEN|5119589|-72582775| |TF|0|0|0|0|0|200|1|5000|0|0|0|0|0

P|VUGE1C|23|VUGED|0|2
S|VUGED|5047778|-71692778| |IF|0|0|0|0|0|0|1|7000|0|0|0|0|0
S|DOLKU|5420389|-72140456| |TF|0|0|0|0|0|210|1|5000|0|0|0|0|0

P|VUGE1D|05|VUGED|0|4
S|VUGED|5047778|-71692778| |IF|0|0|0|0|0|0|1|7000|0|0|0|0|0
S|YP415|5420389|-72140456| |TF|0|0|0|0|0|0|1|7000|0|0|0|0|0
S|YP417|5247675|-72312783| |TF|0|0|0|0|0|0|0|7000|0|0|0|0|0
S|EVNIS|5097483|-72462639| |TF|0|0|0|0|0|200|1|5000|0|0|0|0|0

