P|ISAV2A|30|TONOS|0|4
S|TONOS|-15924400|-70905800| |IF|0|0|0|0|0|0|0|0|0|0|0|0|0
S|ISAVO|-15690000|-70516944| |TF|0|0|0|0|0|0|1|23000|0|0|0|0|0
S|D244O|-15601244|-70370483| |TF|0|0|0|0|0|0|1|21000|0|0|0|0|0
S|JUL|-15467944|-70151047| |TF|0|0|0|0|0|0|1|17000|0|0|0|0|0

P|KEVE2A|30|KEVES|0|3
S|KEVES|-14670278|-69890833| |IF|0|0|0|0|0|0|1|22000|0|0|0|0|0
S|D024Y|-15069103|-70020681| |TF|0|0|0|0|0|0|1|20000|0|0|0|0|0
S|JUL|-15467944|-70151047| |TF|0|0|0|0|0|0|1|17000|0|0|0|0|0

P|KUKI2A|30|ILMOX|0|4
S|ILMOX|-14594400|-70844400| |IF|0|0|0|0|0|0|0|0|0|0|0|0|0
S|KUKIM|-15136944|-70414722| |TF|0|0|0|0|0|0|1|23000|0|0|0|0|0
S|D328J|-15335569|-70256625| |TF|0|0|0|0|0|0|1|20000|0|0|0|0|0
S|JUL|-15467944|-70151047| |TF|0|0|0|0|0|0|1|17000|0|0|0|0|0

P|NUXO2A|30|NUXON|0|4
S|NUXON|-15064167|-70906111| |IF|0|0|0|0|0|0|1|25000|0|0|0|0|0
S|D305Y|-15266367|-70528953| |TF|0|0|0|0|0|0|1|23000|0|0|0|0|0
S|D305J|-15387389|-70302294| |TF|0|0|0|0|0|0|1|20000|0|0|0|0|0
S|JUL|-15467944|-70151047| |TF|0|0|0|0|0|0|1|17000|0|0|0|0|0

