P|AKTU1A|19|AKTUK|0|4
S|AKTUK|-6865917|-80111333| |IF|0|0|0|0|0|0|1|25000|0|0|0|0|0
S|VULDI|-6100917|-80494472| |TF|0|0|0|0|0|0|1|15000|0|0|0|0|0
S|ESKOT|-5664444|-80712528| |TF|0|0|0|0|0|0|1|9000|0|0|0|0|0
S|URA|-5209906|-80616231| |TF|0|0|0|0|0|0|1|3000|0|0|0|0|0

P|AKTU1B|19|AKTUK|0|4
S|AKTUK|-6865917|-80111333| |IF|0|0|0|0|0|0|1|25000|0|0|0|0|0
S|VULDI|-6100917|-80494472| |TF|0|0|0|0|0|0|1|15000|0|0|0|0|0
S|UR543|-5738944|-80474639| |TF|0|0|0|0|0|0|1|9000|0|0|0|0|0
S|SILAP|-5387750|-80455444| |TF|0|0|0|0|0|0|1|4000|0|0|0|0|0

P|AKTU1C|19|AKTUK|0|3
S|AKTUK|-6865917|-80111333| |IF|0|0|0|0|0|0|1|25000|0|0|0|0|0
S|ROKOL|-5977200|-80210800| |TF|0|0|0|0|0|0|1|14000|0|0|0|0|0
S|SILAP|-5387750|-80455444| |TF|0|0|0|0|0|0|1|4000|0|0|0|0|0

P|EGAS1A|19|EGASI|0|3
S|EGASI|-4208056|-80479444| |IF|0|0|0|0|0|0|1|8000|0|0|0|0|0
S|D009R|-4911239|-80575394| |TF|0|0|0|0|0|0|1|8000|0|0|0|0|0
S|URA|-5209906|-80616231| |TF|0|0|0|0|0|0|1|3000|0|0|0|0|0

P|PAGU1A|19|PAGUR|0|3
S|PAGUR|-4476389|-80363611| |IF|0|0|0|0|0|0|1|10000|0|0|0|0|0
S|D021S|-4909150|-80512581| |TF|0|0|0|0|0|0|1|8000|0|0|0|0|0
S|URA|-5209906|-80616231| |TF|0|0|0|0|0|0|1|3000|0|0|0|0|0

P|ROKO1B|01|ROKOL|0|2
S|ROKOL|-5977200|-80210800| |IF|0|0|0|0|0|0|1|8000|0|0|0|0|0
S|ESOBA|-5447667|-80604417| |TF|0|0|0|0|0|0|1|3000|0|0|0|0|0

P|ROKO1D|19|ROKOL|0|3
S|ROKOL|-5977200|-80210800| |IF|0|0|0|0|0|0|1|8000|0|0|0|0|0
S|UR403|-5227778|-80441833| |TF|0|0|0|0|0|0|1|3000|0|0|0|0|0
S|SIGIL|-5048861|-80496889| |TF|0|0|0|0|0|0|1|3000|0|0|0|0|0

P|ROKOL1|01|ROKOL|0|3
S|ROKOL|-5977200|-80210800| |IF|0|0|0|0|0|0|0|0|0|0|0|0|0
S|ROKOL|-5977200|-80210800| |IF|0|0|0|0|0|0|0|0|0|0|0|0|0
S|GEDAM|-5402228|-80514164| |TF|0|0|0|0|0|0|1|3000|0|0|0|0|0

P|ROKOL1|19|ROKOL|0|4
S|ROKOL|-5977200|-80210800| |IF|0|0|0|0|0|0|0|0|0|0|0|0|0
S|ROKOL|-5977200|-80210800| |IF|0|0|0|0|0|0|0|0|0|0|0|0|0
S|GEDAM|-5402228|-80514164| |TF|0|0|0|0|0|0|1|3000|0|0|0|0|0
S|URA|-5209906|-80616231| |TF|0|0|0|0|0|0|1|3000|0|0|0|0|0

