P|BNE8F|ALL|BNE|0|2
S|BNE|13733369|-60977058| |IF|0|0|0|0|0|0|1|11000|0|0|0|0|0
S|FOF|14590747|-61022808| |TF|0|0|0|0|0|0|1|5000|0|0|0|0|0

P|BORU2C|28|BORUS|0|2
S|BORUS|14046111|-60466389| |IF|0|0|0|0|0|0|0|0|0|0|0|0|0
S|CHARB|14448528|-60722389| |TF|0|0|0|0|0|0|0|0|0|0|0|0|0

P|BORU2L|28|BORUS|0|3
S|BORUS|14046111|-60466389| |IF|0|0|0|0|0|0|0|0|0|0|0|0|0
S|CHARB|14448528|-60722389| |TF|0|0|0|0|0|0|0|0|0|0|0|0|0
S|GADIL|14612472|-60766000| |TF|0|0|0|0|0|185|0|0|0|0|0|0|0

P|BORU2V|10|BORUS|0|2
S|BORUS|14046111|-60466389| |IF|0|0|0|0|0|0|0|0|0|0|0|0|0
S|VODAK|14452111|-61237667| |TF|0|0|0|0|0|0|0|0|0|0|0|0|0

P|BORU2X|10|BORUS|0|3
S|BORUS|14046111|-60466389| |IF|0|0|0|0|0|0|0|0|0|0|0|0|0
S|VODAK|14452111|-61237667| |TF|0|0|0|0|0|0|0|0|0|0|0|0|0
S|KAREX|14547000|-61276639| |TF|0|0|0|0|0|220|0|0|0|0|0|0|0

P|BORU8F|ALL|BORUS|0|2
S|BORUS|14046111|-60466389| |IF|0|0|0|0|0|0|0|0|0|0|0|0|0
S|FOF|14590747|-61022808| |TF|0|0|0|0|0|0|1|5000|0|0|0|0|0

P|DAMO2C|28|DAMOV|0|2
S|DAMOV|13482778|-60634444| |IF|0|0|0|0|0|0|0|0|0|0|0|0|0
S|CHARB|14448528|-60722389| |TF|0|0|0|0|0|0|0|0|0|0|0|0|0

P|DAMO2L|28|DAMOV|0|3
S|DAMOV|13482778|-60634444| |IF|0|0|0|0|0|0|0|0|0|0|0|0|0
S|CHARB|14448528|-60722389| |TF|0|0|0|0|0|0|0|0|0|0|0|0|0
S|GADIL|14612472|-60766000| |TF|0|0|0|0|0|185|0|0|0|0|0|0|0

P|DAMO2V|10|DAMOV|0|2
S|DAMOV|13482778|-60634444| |IF|0|0|0|0|0|0|0|0|0|0|0|0|0
S|VODAK|14452111|-61237667| |TF|0|0|0|0|0|0|0|0|0|0|0|0|0

P|DAMO2X|10|DAMOV|0|3
S|DAMOV|13482778|-60634444| |IF|0|0|0|0|0|0|0|0|0|0|0|0|0
S|VODAK|14452111|-61237667| |TF|0|0|0|0|0|0|0|0|0|0|0|0|0
S|KAREX|14547000|-61276639| |TF|0|0|0|0|0|220|0|0|0|0|0|0|0

P|DAMO8F|ALL|DAMOV|0|2
S|DAMOV|13482778|-60634444| |IF|0|0|0|0|0|0|1|9000|0|0|0|0|0
S|FOF|14590747|-61022808| |TF|0|0|0|0|0|0|1|5000|0|0|0|0|0

P|DOM2A|28|DOM|0|2
S|DOM|15550933|-61295625| |IF|0|0|0|0|0|0|0|0|0|0|0|0|0
S|APDAB|14863222|-60786361| |TF|0|0|0|0|0|0|0|0|0|0|0|0|0

P|DOM2D|10|DOM|0|2
S|DOM|15550933|-61295625| |IF|0|0|0|0|0|0|0|0|0|0|0|0|0
S|DEDET|14835833|-61303056| |TF|0|0|0|0|0|0|0|0|0|0|0|0|0

P|DOM2L|28|DOM|0|3
S|DOM|15550933|-61295625| |IF|0|0|0|0|0|0|0|0|0|0|0|0|0
S|APDAB|14863222|-60786361| |TF|0|0|0|0|0|0|0|0|0|0|0|0|0
S|GADIL|14612472|-60766000| |TF|0|0|0|0|0|185|0|0|0|0|0|0|0

P|DOM2X|10|DOM|0|3
S|DOM|15550933|-61295625| |IF|0|0|0|0|0|0|0|0|0|0|0|0|0
S|DEDET|14835833|-61303056| |TF|0|0|0|0|0|0|0|0|0|0|0|0|0
S|KAREX|14547000|-61276639| |TF|0|0|0|0|0|220|0|0|0|0|0|0|0

P|DOM8F|ALL|DOM|0|2
S|DOM|15550933|-61295625| |IF|0|0|0|0|0|0|1|14000|0|0|0|0|0
S|FOF|14590747|-61022808| |TF|0|0|0|0|0|0|1|5000|0|0|0|0|0

P|EMOL2A|28|EMOLA|0|2
S|EMOLA|15135278|-61646389| |IF|0|0|0|0|0|0|0|0|0|0|0|0|0
S|APDAB|14863222|-60786361| |TF|0|0|0|0|0|0|0|0|0|0|0|0|0

P|EMOL2L|28|EMOLA|0|3
S|EMOLA|15135278|-61646389| |IF|0|0|0|0|0|0|0|0|0|0|0|0|0
S|APDAB|14863222|-60786361| |TF|0|0|0|0|0|0|0|0|0|0|0|0|0
S|GADIL|14612472|-60766000| |TF|0|0|0|0|0|185|0|0|0|0|0|0|0

P|EMOL2X|10|EMOLA|0|2
S|EMOLA|15135278|-61646389| |IF|0|0|0|0|0|0|0|0|0|0|0|0|0
S|KAREX|14547000|-61276639| |TF|0|0|0|0|0|0|0|0|0|0|0|0|0

P|EMOL8F|ALL|EMOLA|0|2
S|EMOLA|15135278|-61646389| |IF|0|0|0|0|0|0|1|13000|0|0|0|0|0
S|FOF|14590747|-61022808| |TF|0|0|0|0|0|0|1|5000|0|0|0|0|0

P|KATI2A|28|KATIM|0|2
S|KATIM|15394444|-61405556| |IF|0|0|0|0|0|0|0|0|0|0|0|0|0
S|APDAB|14863222|-60786361| |TF|0|0|0|0|0|0|0|0|0|0|0|0|0

P|KATI2D|10|KATIM|0|2
S|KATIM|15394444|-61405556| |IF|0|0|0|0|0|0|0|0|0|0|0|0|0
S|DEDET|14835833|-61303056| |TF|0|0|0|0|0|0|0|0|0|0|0|0|0

P|KATI2L|28|KATIM|0|3
S|KATIM|15394444|-61405556| |IF|0|0|0|0|0|0|0|0|0|0|0|0|0
S|APDAB|14863222|-60786361| |TF|0|0|0|0|0|0|0|0|0|0|0|0|0
S|GADIL|14612472|-60766000| |TF|0|0|0|0|0|185|0|0|0|0|0|0|0

P|KATI2X|10|KATIM|0|3
S|KATIM|15394444|-61405556| |IF|0|0|0|0|0|0|0|0|0|0|0|0|0
S|DEDET|14835833|-61303056| |TF|0|0|0|0|0|0|0|0|0|0|0|0|0
S|KAREX|14547000|-61276639| |TF|0|0|0|0|0|220|0|0|0|0|0|0|0

P|KATI8F|ALL|KATIM|0|2
S|KATIM|15394444|-61405556| |IF|0|0|0|0|0|0|1|17000|0|0|0|0|0
S|FOF|14590747|-61022808| |TF|0|0|0|0|0|0|1|5000|0|0|0|0|0

P|KISE2C|28|KISES|0|2
S|KISES|14186389|-61001111| |IF|0|0|0|0|0|0|0|0|0|0|0|0|0
S|CHARB|14448528|-60722389| |TF|0|0|0|0|0|0|0|0|0|0|0|0|0

P|KISE2L|28|KISES|0|3
S|KISES|14186389|-61001111| |IF|0|0|0|0|0|0|0|0|0|0|0|0|0
S|CHARB|14448528|-60722389| |TF|0|0|0|0|0|0|0|0|0|0|0|0|0
S|GADIL|14612472|-60766000| |TF|0|0|0|0|0|185|0|0|0|0|0|0|0

P|KISE2V|10|KISES|0|2
S|KISES|14186389|-61001111| |IF|0|0|0|0|0|0|0|0|0|0|0|0|0
S|VODAK|14452111|-61237667| |TF|0|0|0|0|0|0|0|0|0|0|0|0|0

P|KISE2X|10|KISES|0|3
S|KISES|14186389|-61001111| |IF|0|0|0|0|0|0|0|0|0|0|0|0|0
S|VODAK|14452111|-61237667| |TF|0|0|0|0|0|0|0|0|0|0|0|0|0
S|KAREX|14547000|-61276639| |TF|0|0|0|0|0|220|0|0|0|0|0|0|0

P|SOMO2C|28|SOMON|0|2
S|SOMON|14154167|-61697500| |IF|0|0|0|0|0|0|0|0|0|0|0|0|0
S|CHARB|14448528|-60722389| |TF|0|0|0|0|0|0|0|0|0|0|0|0|0

P|SOMO2L|28|SOMON|0|3
S|SOMON|14154167|-61697500| |IF|0|0|0|0|0|0|0|0|0|0|0|0|0
S|CHARB|14448528|-60722389| |TF|0|0|0|0|0|0|0|0|0|0|0|0|0
S|GADIL|14612472|-60766000| |TF|0|0|0|0|0|185|0|0|0|0|0|0|0

P|SOMO2X|10|SOMON|0|2
S|SOMON|14154167|-61697500| |IF|0|0|0|0|0|0|0|0|0|0|0|0|0
S|KAREX|14547000|-61276639| |TF|0|0|0|0|0|0|0|0|0|0|0|0|0

P|SOMO8F|ALL|SOMON|0|2
S|SOMON|14154167|-61697500| |IF|0|0|0|0|0|0|0|0|0|0|0|0|0
S|FOF|14590747|-61022808| |TF|0|0|0|0|0|0|1|5000|0|0|0|0|0

P|UMAM2D|10|UMAMU|0|2
S|UMAMU|15909722|-60200000| |IF|0|0|0|0|0|0|0|0|0|0|0|0|0
S|DEDET|14835833|-61303056| |TF|0|0|0|0|0|0|0|0|0|0|0|0|0

P|UMAM2L|28|UMAMU|0|2
S|UMAMU|15909722|-60200000| |IF|0|0|0|0|0|0|0|0|0|0|0|0|0
S|GADIL|14612472|-60766000| |TF|0|0|0|0|0|185|0|0|0|0|0|0|0

P|UMAM2T|10|UMAMU|0|4
S|UMAMU|15909722|-60200000| |IF|0|0|0|0|0|0|0|0|0|0|0|0|0
S|FOF|14590747|-61022808| |TF|0|0|0|0|0|0|0|0|0|0|0|0|0
S|VODAK|14452111|-61237667| |TF|0|0|0|0|0|230|0|0|0|0|0|0|0
S|KAREX|14547000|-61276639| |TF|0|0|0|0|0|220|0|0|0|0|0|0|0

P|UMAM2V|10|UMAMU|0|3
S|UMAMU|15909722|-60200000| |IF|0|0|0|0|0|0|0|0|0|0|0|0|0
S|CHARB|14448528|-60722389| |TF|0|0|0|0|0|0|0|0|0|0|0|0|0
S|VODAK|14452111|-61237667| |TF|0|0|0|0|0|0|0|0|0|0|0|0|0

P|UMAM2X|10|UMAMU|0|3
S|UMAMU|15909722|-60200000| |IF|0|0|0|0|0|0|0|0|0|0|0|0|0
S|DEDET|14835833|-61303056| |TF|0|0|0|0|0|0|0|0|0|0|0|0|0
S|KAREX|14547000|-61276639| |TF|0|0|0|0|0|220|0|0|0|0|0|0|0

P|UMAM8F|ALL|UMAMU|0|2
S|UMAMU|15909722|-60200000| |IF|0|0|0|0|0|0|1|9000|0|0|0|0|0
S|FOF|14590747|-61022808| |TF|0|0|0|0|0|0|1|5000|0|0|0|0|0

