P|BEANO3|08|ELMUC|0|6
S|ELMUC|20783928|-68083200| |IF|0|0|0|0|0|0|0|0|0|0|0|0|0
S|SHMUU|19344175|-67639553| |TF|0|0|0|0|0|0|0|0|0|0|0|0|0
S|BEANO|18759850|-66619561| |TF|0|0|0|0|0|0|0|11000|0|0|0|0|0
S|BEANO|18759850|-66619561| |IF|0|0|0|0|0|0|0|11000|0|0|0|0|0
S|MYLET|18503811|-66289739| |TF|0|0|0|0|0|0|1|6000|0|0|0|0|0
S|WESEN|18370025|-66184081| |TF|0|0|0|0|0|0|0|0|0|0|0|0|0

P|BEANO3|10|ELMUC|0|6
S|ELMUC|20783928|-68083200| |IF|0|0|0|0|0|0|0|0|0|0|0|0|0
S|SHMUU|19344175|-67639553| |TF|0|0|0|0|0|0|0|0|0|0|0|0|0
S|BEANO|18759850|-66619561| |TF|0|0|0|0|0|0|0|11000|0|0|0|0|0
S|BEANO|18759850|-66619561| |IF|0|0|0|0|0|0|0|11000|0|0|0|0|0
S|MYLET|18503811|-66289739| |TF|0|0|0|0|0|0|1|6000|0|0|0|0|0
S|TNNER|18433875|-66199483| |TF|0|0|0|0|0|0|0|0|0|0|0|0|0

P|BEANO3|26|ELMUC|0|6
S|ELMUC|20783928|-68083200| |IF|0|0|0|0|0|0|0|0|0|0|0|0|0
S|SHMUU|19344175|-67639553| |TF|0|0|0|0|0|0|0|0|0|0|0|0|0
S|BEANO|18759850|-66619561| |TF|0|0|0|0|0|0|0|11000|0|0|0|0|0
S|BEANO|18759850|-66619561| |IF|0|0|0|0|0|0|0|11000|0|0|0|0|0
S|MAELO|18705844|-65830947| |TF|0|0|0|0|0|0|0|0|0|1|0|0|0
S|TJSJ|18439400|-66002133| |VM|0|10500|0|0|0|0|0|0|0|0|0|0|0

P|BEANO3|28|ELMUC|0|6
S|ELMUC|20783928|-68083200| |IF|0|0|0|0|0|0|0|0|0|0|0|0|0
S|SHMUU|19344175|-67639553| |TF|0|0|0|0|0|0|0|0|0|0|0|0|0
S|BEANO|18759850|-66619561| |TF|0|0|0|0|0|0|0|11000|0|0|0|0|0
S|BEANO|18759850|-66619561| |IF|0|0|0|0|0|0|0|11000|0|0|0|0|0
S|MAELO|18705844|-65830947| |TF|0|0|0|0|0|0|0|0|0|1|0|0|0
S|TJSJ|18439400|-66002133| |VM|0|10500|0|0|0|0|0|0|0|0|0|0|0

P|BEANO3|08|HARDE|0|6
S|HARDE|20006389|-68817028| |IF|0|0|0|0|0|0|0|0|0|0|0|0|0
S|SHMUU|19344175|-67639553| |TF|0|0|0|0|0|0|0|0|0|0|0|0|0
S|BEANO|18759850|-66619561| |TF|0|0|0|0|0|0|0|11000|0|0|0|0|0
S|BEANO|18759850|-66619561| |IF|0|0|0|0|0|0|0|11000|0|0|0|0|0
S|MYLET|18503811|-66289739| |TF|0|0|0|0|0|0|1|6000|0|0|0|0|0
S|WESEN|18370025|-66184081| |TF|0|0|0|0|0|0|0|0|0|0|0|0|0

P|BEANO3|10|HARDE|0|6
S|HARDE|20006389|-68817028| |IF|0|0|0|0|0|0|0|0|0|0|0|0|0
S|SHMUU|19344175|-67639553| |TF|0|0|0|0|0|0|0|0|0|0|0|0|0
S|BEANO|18759850|-66619561| |TF|0|0|0|0|0|0|0|11000|0|0|0|0|0
S|BEANO|18759850|-66619561| |IF|0|0|0|0|0|0|0|11000|0|0|0|0|0
S|MYLET|18503811|-66289739| |TF|0|0|0|0|0|0|1|6000|0|0|0|0|0
S|TNNER|18433875|-66199483| |TF|0|0|0|0|0|0|0|0|0|0|0|0|0

P|BEANO3|26|HARDE|0|6
S|HARDE|20006389|-68817028| |IF|0|0|0|0|0|0|0|0|0|0|0|0|0
S|SHMUU|19344175|-67639553| |TF|0|0|0|0|0|0|0|0|0|0|0|0|0
S|BEANO|18759850|-66619561| |TF|0|0|0|0|0|0|0|11000|0|0|0|0|0
S|BEANO|18759850|-66619561| |IF|0|0|0|0|0|0|0|11000|0|0|0|0|0
S|MAELO|18705844|-65830947| |TF|0|0|0|0|0|0|0|0|0|1|0|0|0
S|TJSJ|18439400|-66002133| |VM|0|10500|0|0|0|0|0|0|0|0|0|0|0

P|BEANO3|28|HARDE|0|6
S|HARDE|20006389|-68817028| |IF|0|0|0|0|0|0|0|0|0|0|0|0|0
S|SHMUU|19344175|-67639553| |TF|0|0|0|0|0|0|0|0|0|0|0|0|0
S|BEANO|18759850|-66619561| |TF|0|0|0|0|0|0|0|11000|0|0|0|0|0
S|BEANO|18759850|-66619561| |IF|0|0|0|0|0|0|0|11000|0|0|0|0|0
S|MAELO|18705844|-65830947| |TF|0|0|0|0|0|0|0|0|0|1|0|0|0
S|TJSJ|18439400|-66002133| |VM|0|10500|0|0|0|0|0|0|0|0|0|0|0

P|BEANO3|08|KATOK|0|5
S|KATOK|18830761|-68000000| |IF|0|0|0|0|0|0|0|0|0|0|0|0|0
S|BEANO|18759850|-66619561| |TF|0|0|0|0|0|0|0|11000|0|0|0|0|0
S|BEANO|18759850|-66619561| |IF|0|0|0|0|0|0|0|11000|0|0|0|0|0
S|MYLET|18503811|-66289739| |TF|0|0|0|0|0|0|1|6000|0|0|0|0|0
S|WESEN|18370025|-66184081| |TF|0|0|0|0|0|0|0|0|0|0|0|0|0

P|BEANO3|10|KATOK|0|5
S|KATOK|18830761|-68000000| |IF|0|0|0|0|0|0|0|0|0|0|0|0|0
S|BEANO|18759850|-66619561| |TF|0|0|0|0|0|0|0|11000|0|0|0|0|0
S|BEANO|18759850|-66619561| |IF|0|0|0|0|0|0|0|11000|0|0|0|0|0
S|MYLET|18503811|-66289739| |TF|0|0|0|0|0|0|1|6000|0|0|0|0|0
S|TNNER|18433875|-66199483| |TF|0|0|0|0|0|0|0|0|0|0|0|0|0

P|BEANO3|26|KATOK|0|5
S|KATOK|18830761|-68000000| |IF|0|0|0|0|0|0|0|0|0|0|0|0|0
S|BEANO|18759850|-66619561| |TF|0|0|0|0|0|0|0|11000|0|0|0|0|0
S|BEANO|18759850|-66619561| |IF|0|0|0|0|0|0|0|11000|0|0|0|0|0
S|MAELO|18705844|-65830947| |TF|0|0|0|0|0|0|0|0|0|1|0|0|0
S|TJSJ|18439400|-66002133| |VM|0|10500|0|0|0|0|0|0|0|0|0|0|0

P|BEANO3|28|KATOK|0|5
S|KATOK|18830761|-68000000| |IF|0|0|0|0|0|0|0|0|0|0|0|0|0
S|BEANO|18759850|-66619561| |TF|0|0|0|0|0|0|0|11000|0|0|0|0|0
S|BEANO|18759850|-66619561| |IF|0|0|0|0|0|0|0|11000|0|0|0|0|0
S|MAELO|18705844|-65830947| |TF|0|0|0|0|0|0|0|0|0|1|0|0|0
S|TJSJ|18439400|-66002133| |VM|0|10500|0|0|0|0|0|0|0|0|0|0|0

P|CHAKA4|08|PJM|0|7
S|PJM|18038117|-63118278| |IF|0|0|0|0|0|0|0|0|0|0|0|0|0
S|JUICE|18130939|-63666667| |TF|0|0|0|0|0|0|0|0|0|0|0|0|0
S|CHAKA|18372881|-65629525| |TF|0|0|0|0|0|0|1|6000|0|0|0|0|0
S|CHAKA|18372881|-65629525| |IF|0|0|0|0|0|0|1|6000|0|0|0|0|0
S|REKUA|18362244|-65970086| |TF|0|0|0|0|0|0|0|0|0|0|0|0|0
S|PLENA|18297383|-66150169| |TF|0|0|0|0|0|0|0|0|0|0|0|0|0
S|WESEN|18370025|-66184081| |TF|0|0|0|0|0|0|0|0|0|0|0|0|0

P|CHAKA4|10|PJM|0|7
S|PJM|18038117|-63118278| |IF|0|0|0|0|0|0|0|0|0|0|0|0|0
S|JUICE|18130939|-63666667| |TF|0|0|0|0|0|0|0|0|0|0|0|0|0
S|CHAKA|18372881|-65629525| |TF|0|0|0|0|0|0|1|6000|0|0|0|0|0
S|CHAKA|18372881|-65629525| |IF|0|0|0|0|0|0|1|6000|0|0|0|0|0
S|REKUA|18362244|-65970086| |TF|0|0|0|0|0|0|0|0|0|0|0|0|0
S|GARCY|18362667|-66199967| |TF|0|0|0|0|0|0|0|0|0|0|0|0|0
S|TNNER|18433875|-66199483| |TF|0|0|0|0|0|0|0|0|0|0|0|0|0

P|JOSHE3|08|ARMUR|0|6
S|ARMUR|15543333|-66635000| |IF|0|0|0|0|0|0|0|0|0|0|0|0|0
S|KYAAK|17657375|-66530078| |TF|0|0|0|0|0|0|0|0|0|0|0|0|0
S|JOSHE|18242367|-66500983| |TF|0|0|0|0|0|0|1|7000|0|0|0|0|0
S|JOSHE|18242367|-66500983| |IF|0|0|0|0|0|0|1|7000|0|0|0|0|0
S|YEPUP|18279858|-66407292| |TF|0|0|0|0|0|0|0|0|0|0|0|0|0
S|VARNA|18317278|-66313617| |TF|0|0|0|0|0|0|0|0|0|0|0|0|0

P|JOSHE3|10|ARMUR|0|6
S|ARMUR|15543333|-66635000| |IF|0|0|0|0|0|0|0|0|0|0|0|0|0
S|KYAAK|17657375|-66530078| |TF|0|0|0|0|0|0|0|0|0|0|0|0|0
S|JOSHE|18242367|-66500983| |TF|0|0|0|0|0|0|1|7000|0|0|0|0|0
S|JOSHE|18242367|-66500983| |IF|0|0|0|0|0|0|1|7000|0|0|0|0|0
S|ZUGOD|18356572|-66321108| |TF|0|0|0|0|0|0|0|0|0|0|0|0|0
S|TNNER|18433875|-66199483| |TF|0|0|0|0|0|0|0|0|0|0|0|0|0

P|JOSHE3|26|ARMUR|0|8
S|ARMUR|15543333|-66635000| |IF|0|0|0|0|0|0|0|0|0|0|0|0|0
S|KYAAK|17657375|-66530078| |TF|0|0|0|0|0|0|0|0|0|0|0|0|0
S|JOSHE|18242367|-66500983| |TF|0|0|0|0|0|0|1|7000|0|0|0|0|0
S|JOSHE|18242367|-66500983| |IF|0|0|0|0|0|0|1|7000|0|0|0|0|0
S|MYLET|18503811|-66289739| |TF|0|0|0|0|0|0|0|0|0|0|0|0|0
S|PAPPO|18725022|-66110875| |TF|0|0|0|0|0|0|0|0|0|0|0|0|0
S|MAELO|18705844|-65830947| |TF|0|0|0|0|0|0|0|0|0|1|0|0|0
S|TJSJ|18439400|-66002133| |VM|0|10500|0|0|0|0|0|0|0|0|0|0|0

P|JOSHE3|28|ARMUR|0|8
S|ARMUR|15543333|-66635000| |IF|0|0|0|0|0|0|0|0|0|0|0|0|0
S|KYAAK|17657375|-66530078| |TF|0|0|0|0|0|0|0|0|0|0|0|0|0
S|JOSHE|18242367|-66500983| |TF|0|0|0|0|0|0|1|7000|0|0|0|0|0
S|JOSHE|18242367|-66500983| |IF|0|0|0|0|0|0|1|7000|0|0|0|0|0
S|MYLET|18503811|-66289739| |TF|0|0|0|0|0|0|0|0|0|0|0|0|0
S|PAPPO|18725022|-66110875| |TF|0|0|0|0|0|0|0|0|0|0|0|0|0
S|MAELO|18705844|-65830947| |TF|0|0|0|0|0|0|0|0|0|1|0|0|0
S|TJSJ|18439400|-66002133| |VM|0|10500|0|0|0|0|0|0|0|0|0|0|0

P|JOSHE3|08|KIKER|0|6
S|KIKER|15098372|-65294847| |IF|0|0|0|0|0|0|0|0|0|0|0|0|0
S|ZNDER|17693578|-66287306| |TF|0|0|0|0|0|0|0|0|0|0|0|0|0
S|JOSHE|18242367|-66500983| |TF|0|0|0|0|0|0|1|7000|0|0|0|0|0
S|JOSHE|18242367|-66500983| |IF|0|0|0|0|0|0|1|7000|0|0|0|0|0
S|YEPUP|18279858|-66407292| |TF|0|0|0|0|0|0|0|0|0|0|0|0|0
S|VARNA|18317278|-66313617| |TF|0|0|0|0|0|0|0|0|0|0|0|0|0

P|JOSHE3|10|KIKER|0|6
S|KIKER|15098372|-65294847| |IF|0|0|0|0|0|0|0|0|0|0|0|0|0
S|ZNDER|17693578|-66287306| |TF|0|0|0|0|0|0|0|0|0|0|0|0|0
S|JOSHE|18242367|-66500983| |TF|0|0|0|0|0|0|1|7000|0|0|0|0|0
S|JOSHE|18242367|-66500983| |IF|0|0|0|0|0|0|1|7000|0|0|0|0|0
S|ZUGOD|18356572|-66321108| |TF|0|0|0|0|0|0|0|0|0|0|0|0|0
S|TNNER|18433875|-66199483| |TF|0|0|0|0|0|0|0|0|0|0|0|0|0

P|JOSHE3|26|KIKER|0|8
S|KIKER|15098372|-65294847| |IF|0|0|0|0|0|0|0|0|0|0|0|0|0
S|ZNDER|17693578|-66287306| |TF|0|0|0|0|0|0|0|0|0|0|0|0|0
S|JOSHE|18242367|-66500983| |TF|0|0|0|0|0|0|1|7000|0|0|0|0|0
S|JOSHE|18242367|-66500983| |IF|0|0|0|0|0|0|1|7000|0|0|0|0|0
S|MYLET|18503811|-66289739| |TF|0|0|0|0|0|0|0|0|0|0|0|0|0
S|PAPPO|18725022|-66110875| |TF|0|0|0|0|0|0|0|0|0|0|0|0|0
S|MAELO|18705844|-65830947| |TF|0|0|0|0|0|0|0|0|0|1|0|0|0
S|TJSJ|18439400|-66002133| |VM|0|10500|0|0|0|0|0|0|0|0|0|0|0

P|JOSHE3|28|KIKER|0|8
S|KIKER|15098372|-65294847| |IF|0|0|0|0|0|0|0|0|0|0|0|0|0
S|ZNDER|17693578|-66287306| |TF|0|0|0|0|0|0|0|0|0|0|0|0|0
S|JOSHE|18242367|-66500983| |TF|0|0|0|0|0|0|1|7000|0|0|0|0|0
S|JOSHE|18242367|-66500983| |IF|0|0|0|0|0|0|1|7000|0|0|0|0|0
S|MYLET|18503811|-66289739| |TF|0|0|0|0|0|0|0|0|0|0|0|0|0
S|PAPPO|18725022|-66110875| |TF|0|0|0|0|0|0|0|0|0|0|0|0|0
S|MAELO|18705844|-65830947| |TF|0|0|0|0|0|0|0|0|0|1|0|0|0
S|TJSJ|18439400|-66002133| |VM|0|10500|0|0|0|0|0|0|0|0|0|0|0

P|JOSHE3|08|MELLA|0|5
S|MELLA|18200000|-68000000| |IF|0|0|0|0|0|0|0|0|0|0|0|0|0
S|JOSHE|18242367|-66500983| |TF|0|0|0|0|0|0|1|7000|0|0|0|0|0
S|JOSHE|18242367|-66500983| |IF|0|0|0|0|0|0|1|7000|0|0|0|0|0
S|YEPUP|18279858|-66407292| |TF|0|0|0|0|0|0|0|0|0|0|0|0|0
S|VARNA|18317278|-66313617| |TF|0|0|0|0|0|0|0|0|0|0|0|0|0

P|JOSHE3|10|MELLA|0|5
S|MELLA|18200000|-68000000| |IF|0|0|0|0|0|0|0|0|0|0|0|0|0
S|JOSHE|18242367|-66500983| |TF|0|0|0|0|0|0|1|7000|0|0|0|0|0
S|JOSHE|18242367|-66500983| |IF|0|0|0|0|0|0|1|7000|0|0|0|0|0
S|ZUGOD|18356572|-66321108| |TF|0|0|0|0|0|0|0|0|0|0|0|0|0
S|TNNER|18433875|-66199483| |TF|0|0|0|0|0|0|0|0|0|0|0|0|0

P|JOSHE3|26|MELLA|0|7
S|MELLA|18200000|-68000000| |IF|0|0|0|0|0|0|0|0|0|0|0|0|0
S|JOSHE|18242367|-66500983| |TF|0|0|0|0|0|0|1|7000|0|0|0|0|0
S|JOSHE|18242367|-66500983| |IF|0|0|0|0|0|0|1|7000|0|0|0|0|0
S|MYLET|18503811|-66289739| |TF|0|0|0|0|0|0|0|0|0|0|0|0|0
S|PAPPO|18725022|-66110875| |TF|0|0|0|0|0|0|0|0|0|0|0|0|0
S|MAELO|18705844|-65830947| |TF|0|0|0|0|0|0|0|0|0|1|0|0|0
S|TJSJ|18439400|-66002133| |VM|0|10500|0|0|0|0|0|0|0|0|0|0|0

P|JOSHE3|28|MELLA|0|7
S|MELLA|18200000|-68000000| |IF|0|0|0|0|0|0|0|0|0|0|0|0|0
S|JOSHE|18242367|-66500983| |TF|0|0|0|0|0|0|1|7000|0|0|0|0|0
S|JOSHE|18242367|-66500983| |IF|0|0|0|0|0|0|1|7000|0|0|0|0|0
S|MYLET|18503811|-66289739| |TF|0|0|0|0|0|0|0|0|0|0|0|0|0
S|PAPPO|18725022|-66110875| |TF|0|0|0|0|0|0|0|0|0|0|0|0|0
S|MAELO|18705844|-65830947| |TF|0|0|0|0|0|0|0|0|0|1|0|0|0
S|TJSJ|18439400|-66002133| |VM|0|10500|0|0|0|0|0|0|0|0|0|0|0

P|JOSHE3|08|SCAPA|0|6
S|SCAPA|15834139|-67500000| |IF|0|0|0|0|0|0|0|0|0|0|0|0|0
S|GABYY|17697972|-66726608| |TF|0|0|0|0|0|0|0|0|0|0|0|0|0
S|JOSHE|18242367|-66500983| |TF|0|0|0|0|0|0|1|7000|0|0|0|0|0
S|JOSHE|18242367|-66500983| |IF|0|0|0|0|0|0|1|7000|0|0|0|0|0
S|YEPUP|18279858|-66407292| |TF|0|0|0|0|0|0|0|0|0|0|0|0|0
S|VARNA|18317278|-66313617| |TF|0|0|0|0|0|0|0|0|0|0|0|0|0

P|JOSHE3|10|SCAPA|0|6
S|SCAPA|15834139|-67500000| |IF|0|0|0|0|0|0|0|0|0|0|0|0|0
S|GABYY|17697972|-66726608| |TF|0|0|0|0|0|0|0|0|0|0|0|0|0
S|JOSHE|18242367|-66500983| |TF|0|0|0|0|0|0|1|7000|0|0|0|0|0
S|JOSHE|18242367|-66500983| |IF|0|0|0|0|0|0|1|7000|0|0|0|0|0
S|ZUGOD|18356572|-66321108| |TF|0|0|0|0|0|0|0|0|0|0|0|0|0
S|TNNER|18433875|-66199483| |TF|0|0|0|0|0|0|0|0|0|0|0|0|0

P|JOSHE3|26|SCAPA|0|8
S|SCAPA|15834139|-67500000| |IF|0|0|0|0|0|0|0|0|0|0|0|0|0
S|GABYY|17697972|-66726608| |TF|0|0|0|0|0|0|0|0|0|0|0|0|0
S|JOSHE|18242367|-66500983| |TF|0|0|0|0|0|0|1|7000|0|0|0|0|0
S|JOSHE|18242367|-66500983| |IF|0|0|0|0|0|0|1|7000|0|0|0|0|0
S|MYLET|18503811|-66289739| |TF|0|0|0|0|0|0|0|0|0|0|0|0|0
S|PAPPO|18725022|-66110875| |TF|0|0|0|0|0|0|0|0|0|0|0|0|0
S|MAELO|18705844|-65830947| |TF|0|0|0|0|0|0|0|0|0|1|0|0|0
S|TJSJ|18439400|-66002133| |VM|0|10500|0|0|0|0|0|0|0|0|0|0|0

P|JOSHE3|28|SCAPA|0|8
S|SCAPA|15834139|-67500000| |IF|0|0|0|0|0|0|0|0|0|0|0|0|0
S|GABYY|17697972|-66726608| |TF|0|0|0|0|0|0|0|0|0|0|0|0|0
S|JOSHE|18242367|-66500983| |TF|0|0|0|0|0|0|1|7000|0|0|0|0|0
S|JOSHE|18242367|-66500983| |IF|0|0|0|0|0|0|1|7000|0|0|0|0|0
S|MYLET|18503811|-66289739| |TF|0|0|0|0|0|0|0|0|0|0|0|0|0
S|PAPPO|18725022|-66110875| |TF|0|0|0|0|0|0|0|0|0|0|0|0|0
S|MAELO|18705844|-65830947| |TF|0|0|0|0|0|0|0|0|0|1|0|0|0
S|TJSJ|18439400|-66002133| |VM|0|10500|0|0|0|0|0|0|0|0|0|0|0

P|SAALR2|08|LENNT|0|8
S|LENNT|21267175|-67132258| |IF|0|0|0|0|0|0|0|0|0|0|0|0|0
S|WEXET|19587386|-66509450| |TF|0|0|0|0|0|0|0|0|0|0|0|0|0
S|WEXET|19587386|-66509450| |IF|0|0|0|0|0|0|0|0|0|0|0|0|0
S|SAALR|19113186|-66336169| |TF|0|0|0|0|0|0|0|11000|0|0|0|0|0
S|SAALR|19113186|-66336169| |IF|0|0|0|0|0|0|0|11000|0|0|0|0|0
S|FLABO|18749722|-66163056| |TF|0|0|0|0|0|0|0|0|0|0|0|0|0
S|FRNDO|18616453|-66170133| |TF|0|0|0|0|0|0|1|6000|0|0|0|0|0
S|WESEN|18370025|-66184081| |TF|0|0|0|0|0|0|0|0|0|0|0|0|0

P|SAALR2|10|LENNT|0|8
S|LENNT|21267175|-67132258| |IF|0|0|0|0|0|0|0|0|0|0|0|0|0
S|WEXET|19587386|-66509450| |TF|0|0|0|0|0|0|0|0|0|0|0|0|0
S|WEXET|19587386|-66509450| |IF|0|0|0|0|0|0|0|0|0|0|0|0|0
S|SAALR|19113186|-66336169| |TF|0|0|0|0|0|0|0|11000|0|0|0|0|0
S|SAALR|19113186|-66336169| |IF|0|0|0|0|0|0|0|11000|0|0|0|0|0
S|FLABO|18749722|-66163056| |TF|0|0|0|0|0|0|0|0|0|0|0|0|0
S|PLENO|18683472|-66170728| |TF|0|0|0|0|0|0|1|6000|0|0|0|0|0
S|TNNER|18433875|-66199483| |TF|0|0|0|0|0|0|0|0|0|0|0|0|0

P|SAALR2|26|LENNT|0|8
S|LENNT|21267175|-67132258| |IF|0|0|0|0|0|0|0|0|0|0|0|0|0
S|WEXET|19587386|-66509450| |TF|0|0|0|0|0|0|0|0|0|0|0|0|0
S|WEXET|19587386|-66509450| |IF|0|0|0|0|0|0|0|0|0|0|0|0|0
S|SAALR|19113186|-66336169| |TF|0|0|0|0|0|0|0|11000|0|0|0|0|0
S|SAALR|19113186|-66336169| |IF|0|0|0|0|0|0|0|11000|0|0|0|0|0
S|PAPPO|18725022|-66110875| |TF|0|0|0|0|0|0|0|0|0|0|0|0|0
S|MAELO|18705844|-65830947| |TF|0|0|0|0|0|0|0|0|0|1|0|0|0
S|TJSJ|18439400|-66002133| |VM|0|10500|0|0|0|0|0|0|0|0|0|0|0

P|SAALR2|28|LENNT|0|8
S|LENNT|21267175|-67132258| |IF|0|0|0|0|0|0|0|0|0|0|0|0|0
S|WEXET|19587386|-66509450| |TF|0|0|0|0|0|0|0|0|0|0|0|0|0
S|WEXET|19587386|-66509450| |IF|0|0|0|0|0|0|0|0|0|0|0|0|0
S|SAALR|19113186|-66336169| |TF|0|0|0|0|0|0|0|11000|0|0|0|0|0
S|SAALR|19113186|-66336169| |IF|0|0|0|0|0|0|0|11000|0|0|0|0|0
S|PAPPO|18725022|-66110875| |TF|0|0|0|0|0|0|0|0|0|0|0|0|0
S|MAELO|18705844|-65830947| |TF|0|0|0|0|0|0|0|0|0|1|0|0|0
S|TJSJ|18439400|-66002133| |VM|0|10500|0|0|0|0|0|0|0|0|0|0|0

P|SAALR2|08|THANK|0|8
S|THANK|21460372|-66053478| |IF|0|0|0|0|0|0|0|0|0|0|0|0|0
S|WEXET|19587386|-66509450| |TF|0|0|0|0|0|0|0|0|0|0|0|0|0
S|WEXET|19587386|-66509450| |IF|0|0|0|0|0|0|0|0|0|0|0|0|0
S|SAALR|19113186|-66336169| |TF|0|0|0|0|0|0|0|11000|0|0|0|0|0
S|SAALR|19113186|-66336169| |IF|0|0|0|0|0|0|0|11000|0|0|0|0|0
S|FLABO|18749722|-66163056| |TF|0|0|0|0|0|0|0|0|0|0|0|0|0
S|FRNDO|18616453|-66170133| |TF|0|0|0|0|0|0|1|6000|0|0|0|0|0
S|WESEN|18370025|-66184081| |TF|0|0|0|0|0|0|0|0|0|0|0|0|0

P|SAALR2|10|THANK|0|8
S|THANK|21460372|-66053478| |IF|0|0|0|0|0|0|0|0|0|0|0|0|0
S|WEXET|19587386|-66509450| |TF|0|0|0|0|0|0|0|0|0|0|0|0|0
S|WEXET|19587386|-66509450| |IF|0|0|0|0|0|0|0|0|0|0|0|0|0
S|SAALR|19113186|-66336169| |TF|0|0|0|0|0|0|0|11000|0|0|0|0|0
S|SAALR|19113186|-66336169| |IF|0|0|0|0|0|0|0|11000|0|0|0|0|0
S|FLABO|18749722|-66163056| |TF|0|0|0|0|0|0|0|0|0|0|0|0|0
S|PLENO|18683472|-66170728| |TF|0|0|0|0|0|0|1|6000|0|0|0|0|0
S|TNNER|18433875|-66199483| |TF|0|0|0|0|0|0|0|0|0|0|0|0|0

P|SAALR2|26|THANK|0|8
S|THANK|21460372|-66053478| |IF|0|0|0|0|0|0|0|0|0|0|0|0|0
S|WEXET|19587386|-66509450| |TF|0|0|0|0|0|0|0|0|0|0|0|0|0
S|WEXET|19587386|-66509450| |IF|0|0|0|0|0|0|0|0|0|0|0|0|0
S|SAALR|19113186|-66336169| |TF|0|0|0|0|0|0|0|11000|0|0|0|0|0
S|SAALR|19113186|-66336169| |IF|0|0|0|0|0|0|0|11000|0|0|0|0|0
S|PAPPO|18725022|-66110875| |TF|0|0|0|0|0|0|0|0|0|0|0|0|0
S|MAELO|18705844|-65830947| |TF|0|0|0|0|0|0|0|0|0|1|0|0|0
S|TJSJ|18439400|-66002133| |VM|0|10500|0|0|0|0|0|0|0|0|0|0|0

P|SAALR2|28|THANK|0|8
S|THANK|21460372|-66053478| |IF|0|0|0|0|0|0|0|0|0|0|0|0|0
S|WEXET|19587386|-66509450| |TF|0|0|0|0|0|0|0|0|0|0|0|0|0
S|WEXET|19587386|-66509450| |IF|0|0|0|0|0|0|0|0|0|0|0|0|0
S|SAALR|19113186|-66336169| |TF|0|0|0|0|0|0|0|11000|0|0|0|0|0
S|SAALR|19113186|-66336169| |IF|0|0|0|0|0|0|0|11000|0|0|0|0|0
S|PAPPO|18725022|-66110875| |TF|0|0|0|0|0|0|0|0|0|0|0|0|0
S|MAELO|18705844|-65830947| |TF|0|0|0|0|0|0|0|0|0|1|0|0|0
S|TJSJ|18439400|-66002133| |VM|0|10500|0|0|0|0|0|0|0|0|0|0|0

P|TROCO3|08|GABAR|0|9
S|GABAR|17353333|-63000000| |IF|0|0|0|0|0|0|0|0|0|0|0|0|0
S|DANDE|17504189|-63664672| |TF|0|0|0|0|0|0|0|0|0|0|0|0|0
S|MAVIE|18052500|-65551389| |TF|0|0|0|0|0|0|0|11000|0|0|0|0|0
S|MAVIE|18052500|-65551389| |IF|0|0|0|0|0|0|0|11000|0|0|0|0|0
S|TROCO|18187222|-65757778| |TF|0|0|0|0|0|0|0|0|0|1|0|0|0
S|TROCO|18187222|-65757778| |IF|0|0|0|0|0|0|0|0|0|0|0|0|0
S|REKUA|18362244|-65970086| |TF|0|0|0|0|0|0|1|6000|0|0|0|0|0
S|PLENA|18297383|-66150169| |TF|0|0|0|0|0|0|0|0|0|0|0|0|0
S|WESEN|18370025|-66184081| |TF|0|0|0|0|0|0|0|0|0|1|0|0|0

P|TROCO3|10|GABAR|0|9
S|GABAR|17353333|-63000000| |IF|0|0|0|0|0|0|0|0|0|0|0|0|0
S|DANDE|17504189|-63664672| |TF|0|0|0|0|0|0|0|0|0|0|0|0|0
S|MAVIE|18052500|-65551389| |TF|0|0|0|0|0|0|0|11000|0|0|0|0|0
S|MAVIE|18052500|-65551389| |IF|0|0|0|0|0|0|0|11000|0|0|0|0|0
S|TROCO|18187222|-65757778| |TF|0|0|0|0|0|0|0|0|0|1|0|0|0
S|TROCO|18187222|-65757778| |IF|0|0|0|0|0|0|0|0|0|0|0|0|0
S|REKUA|18362244|-65970086| |TF|0|0|0|0|0|0|1|6000|0|0|0|0|0
S|GARCY|18362667|-66199967| |TF|0|0|0|0|0|0|0|0|0|0|0|0|0
S|TNNER|18433875|-66199483| |TF|0|0|0|0|0|0|0|0|0|1|0|0|0

P|TROCO3|26|GABAR|0|8
S|GABAR|17353333|-63000000| |IF|0|0|0|0|0|0|0|0|0|0|0|0|0
S|DANDE|17504189|-63664672| |TF|0|0|0|0|0|0|0|0|0|0|0|0|0
S|MAVIE|18052500|-65551389| |TF|0|0|0|0|0|0|0|11000|0|0|0|0|0
S|MAVIE|18052500|-65551389| |IF|0|0|0|0|0|0|0|11000|0|0|0|0|0
S|TROCO|18187222|-65757778| |TF|0|0|0|0|0|0|0|0|0|1|0|0|0
S|TROCO|18187222|-65757778| |IF|0|0|0|0|0|0|0|0|0|0|0|0|0
S|YUNKE|18272117|-65881497| |TF|0|0|0|0|0|0|1|6000|0|1|0|0|0
S|TJSJ|18439400|-66002133| |VM|0|2300|0|0|0|0|0|0|0|0|0|0|0

P|TROCO3|28|GABAR|0|8
S|GABAR|17353333|-63000000| |IF|0|0|0|0|0|0|0|0|0|0|0|0|0
S|DANDE|17504189|-63664672| |TF|0|0|0|0|0|0|0|0|0|0|0|0|0
S|MAVIE|18052500|-65551389| |TF|0|0|0|0|0|0|0|11000|0|0|0|0|0
S|MAVIE|18052500|-65551389| |IF|0|0|0|0|0|0|0|11000|0|0|0|0|0
S|TROCO|18187222|-65757778| |TF|0|0|0|0|0|0|0|0|0|1|0|0|0
S|TROCO|18187222|-65757778| |IF|0|0|0|0|0|0|0|0|0|0|0|0|0
S|YUNKE|18272117|-65881497| |TF|0|0|0|0|0|0|1|6000|0|1|0|0|0
S|TJSJ|18439400|-66002133| |VM|0|2300|0|0|0|0|0|0|0|0|0|0|0

P|TROCO3|08|ILURI|0|8
S|ILURI|16301111|-63000000| |IF|0|0|0|0|0|0|0|0|0|0|0|0|0
S|MAVIE|18052500|-65551389| |TF|0|0|0|0|0|0|0|11000|0|0|0|0|0
S|MAVIE|18052500|-65551389| |IF|0|0|0|0|0|0|0|11000|0|0|0|0|0
S|TROCO|18187222|-65757778| |TF|0|0|0|0|0|0|0|0|0|1|0|0|0
S|TROCO|18187222|-65757778| |IF|0|0|0|0|0|0|0|0|0|0|0|0|0
S|REKUA|18362244|-65970086| |TF|0|0|0|0|0|0|1|6000|0|0|0|0|0
S|PLENA|18297383|-66150169| |TF|0|0|0|0|0|0|0|0|0|0|0|0|0
S|WESEN|18370025|-66184081| |TF|0|0|0|0|0|0|0|0|0|1|0|0|0

P|TROCO3|10|ILURI|0|8
S|ILURI|16301111|-63000000| |IF|0|0|0|0|0|0|0|0|0|0|0|0|0
S|MAVIE|18052500|-65551389| |TF|0|0|0|0|0|0|0|11000|0|0|0|0|0
S|MAVIE|18052500|-65551389| |IF|0|0|0|0|0|0|0|11000|0|0|0|0|0
S|TROCO|18187222|-65757778| |TF|0|0|0|0|0|0|0|0|0|1|0|0|0
S|TROCO|18187222|-65757778| |IF|0|0|0|0|0|0|0|0|0|0|0|0|0
S|REKUA|18362244|-65970086| |TF|0|0|0|0|0|0|1|6000|0|0|0|0|0
S|GARCY|18362667|-66199967| |TF|0|0|0|0|0|0|0|0|0|0|0|0|0
S|TNNER|18433875|-66199483| |TF|0|0|0|0|0|0|0|0|0|1|0|0|0

P|TROCO3|26|ILURI|0|7
S|ILURI|16301111|-63000000| |IF|0|0|0|0|0|0|0|0|0|0|0|0|0
S|MAVIE|18052500|-65551389| |TF|0|0|0|0|0|0|0|11000|0|0|0|0|0
S|MAVIE|18052500|-65551389| |IF|0|0|0|0|0|0|0|11000|0|0|0|0|0
S|TROCO|18187222|-65757778| |TF|0|0|0|0|0|0|0|0|0|1|0|0|0
S|TROCO|18187222|-65757778| |IF|0|0|0|0|0|0|0|0|0|0|0|0|0
S|YUNKE|18272117|-65881497| |TF|0|0|0|0|0|0|1|6000|0|1|0|0|0
S|TJSJ|18439400|-66002133| |VM|0|2300|0|0|0|0|0|0|0|0|0|0|0

P|TROCO3|28|ILURI|0|7
S|ILURI|16301111|-63000000| |IF|0|0|0|0|0|0|0|0|0|0|0|0|0
S|MAVIE|18052500|-65551389| |TF|0|0|0|0|0|0|0|11000|0|0|0|0|0
S|MAVIE|18052500|-65551389| |IF|0|0|0|0|0|0|0|11000|0|0|0|0|0
S|TROCO|18187222|-65757778| |TF|0|0|0|0|0|0|0|0|0|1|0|0|0
S|TROCO|18187222|-65757778| |IF|0|0|0|0|0|0|0|0|0|0|0|0|0
S|YUNKE|18272117|-65881497| |TF|0|0|0|0|0|0|1|6000|0|1|0|0|0
S|TJSJ|18439400|-66002133| |VM|0|2300|0|0|0|0|0|0|0|0|0|0|0

P|TROCO3|08|MODUX|0|8
S|MODUX|16958889|-63000000| |IF|0|0|0|0|0|0|0|0|0|0|0|0|0
S|MAVIE|18052500|-65551389| |TF|0|0|0|0|0|0|0|11000|0|0|0|0|0
S|MAVIE|18052500|-65551389| |IF|0|0|0|0|0|0|0|11000|0|0|0|0|0
S|TROCO|18187222|-65757778| |TF|0|0|0|0|0|0|0|0|0|1|0|0|0
S|TROCO|18187222|-65757778| |IF|0|0|0|0|0|0|0|0|0|0|0|0|0
S|REKUA|18362244|-65970086| |TF|0|0|0|0|0|0|1|6000|0|0|0|0|0
S|PLENA|18297383|-66150169| |TF|0|0|0|0|0|0|0|0|0|0|0|0|0
S|WESEN|18370025|-66184081| |TF|0|0|0|0|0|0|0|0|0|1|0|0|0

P|TROCO3|10|MODUX|0|8
S|MODUX|16958889|-63000000| |IF|0|0|0|0|0|0|0|0|0|0|0|0|0
S|MAVIE|18052500|-65551389| |TF|0|0|0|0|0|0|0|11000|0|0|0|0|0
S|MAVIE|18052500|-65551389| |IF|0|0|0|0|0|0|0|11000|0|0|0|0|0
S|TROCO|18187222|-65757778| |TF|0|0|0|0|0|0|0|0|0|1|0|0|0
S|TROCO|18187222|-65757778| |IF|0|0|0|0|0|0|0|0|0|0|0|0|0
S|REKUA|18362244|-65970086| |TF|0|0|0|0|0|0|1|6000|0|0|0|0|0
S|GARCY|18362667|-66199967| |TF|0|0|0|0|0|0|0|0|0|0|0|0|0
S|TNNER|18433875|-66199483| |TF|0|0|0|0|0|0|0|0|0|1|0|0|0

P|TROCO3|26|MODUX|0|7
S|MODUX|16958889|-63000000| |IF|0|0|0|0|0|0|0|0|0|0|0|0|0
S|MAVIE|18052500|-65551389| |TF|0|0|0|0|0|0|0|11000|0|0|0|0|0
S|MAVIE|18052500|-65551389| |IF|0|0|0|0|0|0|0|11000|0|0|0|0|0
S|TROCO|18187222|-65757778| |TF|0|0|0|0|0|0|0|0|0|1|0|0|0
S|TROCO|18187222|-65757778| |IF|0|0|0|0|0|0|0|0|0|0|0|0|0
S|YUNKE|18272117|-65881497| |TF|0|0|0|0|0|0|1|6000|0|1|0|0|0
S|TJSJ|18439400|-66002133| |VM|0|2300|0|0|0|0|0|0|0|0|0|0|0

P|TROCO3|28|MODUX|0|7
S|MODUX|16958889|-63000000| |IF|0|0|0|0|0|0|0|0|0|0|0|0|0
S|MAVIE|18052500|-65551389| |TF|0|0|0|0|0|0|0|11000|0|0|0|0|0
S|MAVIE|18052500|-65551389| |IF|0|0|0|0|0|0|0|11000|0|0|0|0|0
S|TROCO|18187222|-65757778| |TF|0|0|0|0|0|0|0|0|0|1|0|0|0
S|TROCO|18187222|-65757778| |IF|0|0|0|0|0|0|0|0|0|0|0|0|0
S|YUNKE|18272117|-65881497| |TF|0|0|0|0|0|0|1|6000|0|1|0|0|0
S|TJSJ|18439400|-66002133| |VM|0|2300|0|0|0|0|0|0|0|0|0|0|0

P|TROCO3|08|PJM|0|9
S|PJM|18038117|-63118278| |IF|0|0|0|0|0|0|0|0|0|0|0|0|0
S|GOUDA|17934019|-63666667| |TF|0|0|0|0|0|0|0|0|0|0|0|0|0
S|MAVIE|18052500|-65551389| |TF|0|0|0|0|0|0|0|11000|0|0|0|0|0
S|MAVIE|18052500|-65551389| |IF|0|0|0|0|0|0|0|11000|0|0|0|0|0
S|TROCO|18187222|-65757778| |TF|0|0|0|0|0|0|0|0|0|1|0|0|0
S|TROCO|18187222|-65757778| |IF|0|0|0|0|0|0|0|0|0|0|0|0|0
S|REKUA|18362244|-65970086| |TF|0|0|0|0|0|0|1|6000|0|0|0|0|0
S|PLENA|18297383|-66150169| |TF|0|0|0|0|0|0|0|0|0|0|0|0|0
S|WESEN|18370025|-66184081| |TF|0|0|0|0|0|0|0|0|0|1|0|0|0

P|TROCO3|10|PJM|0|9
S|PJM|18038117|-63118278| |IF|0|0|0|0|0|0|0|0|0|0|0|0|0
S|GOUDA|17934019|-63666667| |TF|0|0|0|0|0|0|0|0|0|0|0|0|0
S|MAVIE|18052500|-65551389| |TF|0|0|0|0|0|0|0|11000|0|0|0|0|0
S|MAVIE|18052500|-65551389| |IF|0|0|0|0|0|0|0|11000|0|0|0|0|0
S|TROCO|18187222|-65757778| |TF|0|0|0|0|0|0|0|0|0|1|0|0|0
S|TROCO|18187222|-65757778| |IF|0|0|0|0|0|0|0|0|0|0|0|0|0
S|REKUA|18362244|-65970086| |TF|0|0|0|0|0|0|1|6000|0|0|0|0|0
S|GARCY|18362667|-66199967| |TF|0|0|0|0|0|0|0|0|0|0|0|0|0
S|TNNER|18433875|-66199483| |TF|0|0|0|0|0|0|0|0|0|1|0|0|0

P|TROCO3|26|PJM|0|8
S|PJM|18038117|-63118278| |IF|0|0|0|0|0|0|0|0|0|0|0|0|0
S|GOUDA|17934019|-63666667| |TF|0|0|0|0|0|0|0|0|0|0|0|0|0
S|MAVIE|18052500|-65551389| |TF|0|0|0|0|0|0|0|11000|0|0|0|0|0
S|MAVIE|18052500|-65551389| |IF|0|0|0|0|0|0|0|11000|0|0|0|0|0
S|TROCO|18187222|-65757778| |TF|0|0|0|0|0|0|0|0|0|1|0|0|0
S|TROCO|18187222|-65757778| |IF|0|0|0|0|0|0|0|0|0|0|0|0|0
S|YUNKE|18272117|-65881497| |TF|0|0|0|0|0|0|1|6000|0|1|0|0|0
S|TJSJ|18439400|-66002133| |VM|0|2300|0|0|0|0|0|0|0|0|0|0|0

P|TROCO3|28|PJM|0|8
S|PJM|18038117|-63118278| |IF|0|0|0|0|0|0|0|0|0|0|0|0|0
S|GOUDA|17934019|-63666667| |TF|0|0|0|0|0|0|0|0|0|0|0|0|0
S|MAVIE|18052500|-65551389| |TF|0|0|0|0|0|0|0|11000|0|0|0|0|0
S|MAVIE|18052500|-65551389| |IF|0|0|0|0|0|0|0|11000|0|0|0|0|0
S|TROCO|18187222|-65757778| |TF|0|0|0|0|0|0|0|0|0|1|0|0|0
S|TROCO|18187222|-65757778| |IF|0|0|0|0|0|0|0|0|0|0|0|0|0
S|YUNKE|18272117|-65881497| |TF|0|0|0|0|0|0|1|6000|0|1|0|0|0
S|TJSJ|18439400|-66002133| |VM|0|2300|0|0|0|0|0|0|0|0|0|0|0

