P|FINO1E|02|FINON|0|2
S|FINON|45036389|77650000| |IF|0|0|0|0|0|0|3|14000|12000|0|0|0|0
S|TDK|45106194|78429889| |TF|0|0|0|0|0|0|0|7000|0|0|0|0|0

P|FINO1F|20|FINON|0|2
S|FINON|45036389|77650000| |IF|0|0|0|0|0|0|3|14000|12000|0|0|0|0
S|TDK|45106194|78429889| |TF|0|0|0|0|0|0|0|7000|0|0|0|0|0

P|FULS1E|02|FULSA|0|2
S|FULSA|45632778|78797500| |IF|0|0|0|0|0|0|3|14000|12000|0|0|0|0
S|TDK|45106194|78429889| |TF|0|0|0|0|0|0|0|7000|0|0|0|0|0

P|FULS1F|20|FULSA|0|2
S|FULSA|45632778|78797500| |IF|0|0|0|0|0|0|3|14000|12000|0|0|0|0
S|TDK|45106194|78429889| |TF|0|0|0|0|0|0|0|7000|0|0|0|0|0

P|IDIL1E|02|IDILI|0|2
S|IDILI|44602222|78121111| |IF|0|0|0|0|0|0|3|14000|12000|0|0|0|0
S|TDK|45106194|78429889| |TF|0|0|0|0|0|0|0|7000|0|0|0|0|0

P|IDIL1F|20|IDILI|0|2
S|IDILI|44602222|78121111| |IF|0|0|0|0|0|0|3|14000|12000|0|0|0|0
S|TDK|45106194|78429889| |TF|0|0|0|0|0|0|0|7000|0|0|0|0|0

P|KEZU1E|02|KEZUT|0|2
S|KEZUT|45469722|79080000| |IF|0|0|0|0|0|0|3|14000|12000|0|0|0|0
S|TDK|45106194|78429889| |TF|0|0|0|0|0|0|0|7000|0|0|0|0|0

P|KEZU1F|20|KEZUT|0|2
S|KEZUT|45469722|79080000| |IF|0|0|0|0|0|0|3|14000|12000|0|0|0|0
S|TDK|45106194|78429889| |TF|0|0|0|0|0|0|0|7000|0|0|0|0|0

P|KONA1E|02|KONAT|0|2
S|KONAT|45465000|77801389| |IF|0|0|0|0|0|0|3|14000|12000|0|0|0|0
S|TDK|45106194|78429889| |TF|0|0|0|0|0|0|0|7000|0|0|0|0|0

P|KONA1F|20|KONAT|0|2
S|KONAT|45465000|77801389| |IF|0|0|0|0|0|0|3|14000|12000|0|0|0|0
S|TDK|45106194|78429889| |TF|0|0|0|0|0|0|0|7000|0|0|0|0|0

P|NONK1E|02|NONKE|0|2
S|NONKE|44566667|78276111| |IF|0|0|0|0|0|0|3|14000|12000|0|0|0|0
S|TDK|45106194|78429889| |TF|0|0|0|0|0|0|0|7000|0|0|0|0|0

P|NONK1F|20|NONKE|0|2
S|NONKE|44566667|78276111| |IF|0|0|0|0|0|0|3|14000|12000|0|0|0|0
S|TDK|45106194|78429889| |TF|0|0|0|0|0|0|0|7000|0|0|0|0|0

