P|ADEB4G|02|ADEBA|0|2
S|ADEBA|53656944|70667778| |IF|0|0|0|0|0|0|3|14000|12000|0|0|0|0
S|KTU|53350750|69616972| |TF|0|0|0|0|0|0|0|5000|0|0|0|0|0

P|ADEB4H|20|ADEBA|0|2
S|ADEBA|53656944|70667778| |IF|0|0|0|0|0|0|3|14000|12000|0|0|0|0
S|KTU|53350750|69616972| |TF|0|0|0|0|0|0|0|5000|0|0|0|0|0

P|ADLO4G|02|ADLON|0|3
S|ADLON|53024722|70679722| |IF|0|0|0|0|0|0|3|14000|12000|0|0|0|0
S|GIKON|53178056|70139444| |TF|0|0|0|0|0|0|1|9600|0|0|0|0|0
S|KTU|53350750|69616972| |TF|0|0|0|0|0|0|0|5000|0|0|0|0|0

P|ADLO4H|20|ADLON|0|3
S|ADLON|53024722|70679722| |IF|0|0|0|0|0|0|3|14000|12000|0|0|0|0
S|GIKON|53178056|70139444| |TF|0|0|0|0|0|0|1|9600|0|0|0|0|0
S|KTU|53350750|69616972| |TF|0|0|0|0|0|0|0|5000|0|0|0|0|0

P|BALM4G|02|BALMI|0|3
S|BALMI|53185278|70770278| |IF|0|0|0|0|0|0|3|14000|12000|0|0|0|0
S|REKRU|53258333|70183889| |TF|0|0|0|0|0|0|1|9600|0|0|0|0|0
S|KTU|53350750|69616972| |TF|0|0|0|0|0|0|0|5000|0|0|0|0|0

P|BALM4H|20|BALMI|0|3
S|BALMI|53185278|70770278| |IF|0|0|0|0|0|0|3|14000|12000|0|0|0|0
S|REKRU|53258333|70183889| |TF|0|0|0|0|0|0|1|9600|0|0|0|0|0
S|KTU|53350750|69616972| |TF|0|0|0|0|0|0|0|5000|0|0|0|0|0

P|LALK4G|02|LALKA|0|2
S|LALKA|53004722|68527778| |IF|0|0|0|0|0|0|3|14000|12000|0|0|0|0
S|KTU|53350750|69616972| |TF|0|0|0|0|0|0|0|5000|0|0|0|0|0

P|LALK4H|20|LALKA|0|2
S|LALKA|53004722|68527778| |IF|0|0|0|0|0|0|3|14000|12000|0|0|0|0
S|KTU|53350750|69616972| |TF|0|0|0|0|0|0|0|5000|0|0|0|0|0

P|LASP4G|02|LASPA|0|2
S|LASPA|53814444|68705278| |IF|0|0|0|0|0|0|3|14000|12000|0|0|0|0
S|KTU|53350750|69616972| |TF|0|0|0|0|0|0|0|5000|0|0|0|0|0

P|LASP4H|20|LASPA|0|2
S|LASPA|53814444|68705278| |IF|0|0|0|0|0|0|3|14000|12000|0|0|0|0
S|KTU|53350750|69616972| |TF|0|0|0|0|0|0|0|5000|0|0|0|0|0

P|LULE4G|02|LULEK|0|3
S|LULEK|52685000|70125833| |IF|0|0|0|0|0|0|3|14000|12000|0|0|0|0
S|GANGA|53007222|69862778| |TF|0|0|0|0|0|0|1|9600|0|0|0|0|0
S|KTU|53350750|69616972| |TF|0|0|0|0|0|0|0|5000|0|0|0|0|0

P|LULE4H|20|LULEK|0|3
S|LULEK|52685000|70125833| |IF|0|0|0|0|0|0|3|14000|12000|0|0|0|0
S|GANGA|53007222|69862778| |TF|0|0|0|0|0|0|1|9600|0|0|0|0|0
S|KTU|53350750|69616972| |TF|0|0|0|0|0|0|0|5000|0|0|0|0|0

P|RENP4G|02|RENPA|0|3
S|RENPA|52733333|70263333| |IF|0|0|0|0|0|0|3|14000|12000|0|0|0|0
S|BARSI|53031389|69931944| |TF|0|0|0|0|0|0|1|9600|0|0|0|0|0
S|KTU|53350750|69616972| |TF|0|0|0|0|0|0|0|5000|0|0|0|0|0

P|RENP4H|20|RENPA|0|3
S|RENPA|52733333|70263333| |IF|0|0|0|0|0|0|3|14000|12000|0|0|0|0
S|BARSI|53031389|69931944| |TF|0|0|0|0|0|0|1|9600|0|0|0|0|0
S|KTU|53350750|69616972| |TF|0|0|0|0|0|0|0|5000|0|0|0|0|0

P|RIMI4G|02|RIMIR|0|2
S|RIMIR|52698056|69023056| |IF|0|0|0|0|0|0|3|14000|12000|0|0|0|0
S|KTU|53350750|69616972| |TF|0|0|0|0|0|0|0|5000|0|0|0|0|0

P|RIMI4H|20|RIMIR|0|2
S|RIMIR|52698056|69023056| |IF|0|0|0|0|0|0|3|14000|12000|0|0|0|0
S|KTU|53350750|69616972| |TF|0|0|0|0|0|0|0|5000|0|0|0|0|0

P|ROGU4G|02|ROGUN|0|2
S|ROGUN|53328889|68394722| |IF|0|0|0|0|0|0|3|14000|12000|0|0|0|0
S|KTU|53350750|69616972| |TF|0|0|0|0|0|0|0|5000|0|0|0|0|0

P|ROGU4H|20|ROGUN|0|2
S|ROGUN|53328889|68394722| |IF|0|0|0|0|0|0|3|14000|12000|0|0|0|0
S|KTU|53350750|69616972| |TF|0|0|0|0|0|0|0|5000|0|0|0|0|0

P|TETK4G|02|TETKI|0|2
S|TETKI|54005556|69406944| |IF|0|0|0|0|0|0|3|14000|12000|0|0|0|0
S|KTU|53350750|69616972| |TF|0|0|0|0|0|0|0|5000|0|0|0|0|0

P|TETK4H|20|TETKI|0|2
S|TETKI|54005556|69406944| |IF|0|0|0|0|0|0|3|14000|12000|0|0|0|0
S|KTU|53350750|69616972| |TF|0|0|0|0|0|0|0|5000|0|0|0|0|0

