P|ANES2J|13|ANESA|0|2
S|ANESA|42668333|70615000| |IF|0|0|0|0|0|0|1|9000|0|0|0|0|0
S|TAR|42870556|71281694| |TF|0|0|0|0|0|0|0|7000|0|0|0|0|0

P|ANES2K|31|ANESA|0|2
S|ANESA|42668333|70615000| |IF|0|0|0|0|0|0|1|9000|0|0|0|0|0
S|TAR|42870556|71281694| |TF|0|0|0|0|0|0|0|7000|0|0|0|0|0

P|ARBO2J|13|ARBOL|0|2
S|ARBOL|43515278|70860278| |IF|0|0|0|0|0|0|1|12000|0|0|0|0|0
S|TAR|42870556|71281694| |TF|0|0|0|0|0|0|0|7000|0|0|0|0|0

P|ARBO2K|31|ARBOL|0|2
S|ARBOL|43515278|70860278| |IF|0|0|0|0|0|0|1|12000|0|0|0|0|0
S|TAR|42870556|71281694| |TF|0|0|0|0|0|0|0|7000|0|0|0|0|0

P|DODO2J|13|DODOL|0|2
S|DODOL|42593333|71438056| |IF|0|0|0|0|0|0|1|17000|0|0|0|0|0
S|TAR|42870556|71281694| |TF|0|0|0|0|0|0|0|7000|0|0|0|0|0

P|DODO2K|31|DODOL|0|2
S|DODOL|42593333|71438056| |IF|0|0|0|0|0|0|1|17000|0|0|0|0|0
S|TAR|42870556|71281694| |TF|0|0|0|0|0|0|0|7000|0|0|0|0|0

P|GERP2J|13|GERPU|0|2
S|GERPU|42960833|71830833| |IF|0|0|0|0|0|0|1|12000|0|0|0|0|0
S|TAR|42870556|71281694| |TF|0|0|0|0|0|0|0|7000|0|0|0|0|0

P|GERP2K|31|GERPU|0|2
S|GERPU|42960833|71830833| |IF|0|0|0|0|0|0|1|12000|0|0|0|0|0
S|TAR|42870556|71281694| |TF|0|0|0|0|0|0|0|7000|0|0|0|0|0

P|NASI2J|13|NASIP|0|2
S|NASIP|43063056|71892222| |IF|0|0|0|0|0|0|1|12000|0|0|0|0|0
S|TAR|42870556|71281694| |TF|0|0|0|0|0|0|0|7000|0|0|0|0|0

P|NASI2K|31|NASIP|0|2
S|NASIP|43063056|71892222| |IF|0|0|0|0|0|0|1|12000|0|0|0|0|0
S|TAR|42870556|71281694| |TF|0|0|0|0|0|0|0|7000|0|0|0|0|0

