P|ABRI1A|18|ABRIK|0|2
S|ABRIK|46458889|53744444| |IF|0|0|0|0|0|0|0|0|0|0|0|0|0
S|TGZ|46289972|53424972| |TF|0|0|0|0|0|0|0|4000|0|0|0|0|0

P|ABRI1B|36|ABRIK|0|2
S|ABRIK|46458889|53744444| |IF|0|0|0|0|0|0|0|0|0|0|0|0|0
S|TGZ|46289972|53424972| |TF|0|0|0|0|0|0|0|4000|0|0|0|0|0

P|ABRI1E|36|ABRIK|0|2
S|ABRIK|46458889|53744444| |IF|0|0|0|0|0|0|0|0|0|0|0|0|0
S|KI|46315028|53430028| |TF|0|0|0|0|0|0|0|4000|0|0|0|0|0

P|ABRI1F|18|ABRIK|0|2
S|ABRIK|46458889|53744444| |IF|0|0|0|0|0|0|0|0|0|0|0|0|0
S|KI|46315028|53430028| |TF|0|0|0|0|0|0|0|4000|0|0|0|0|0

P|ABRI1J|18|ABRIK|0|2
S|ABRIK|46458889|53744444| |IF|0|0|0|0|0|0|1|3000|0|0|0|0|0
S|TZ230|46431667|53545833| |TF|0|0|0|0|0|0|1|1300|0|0|0|0|0

P|ABRI1K|36|ABRIK|0|2
S|ABRIK|46458889|53744444| |IF|0|0|0|0|0|0|1|3000|0|0|0|0|0
S|TZ430|46138889|53491389| |TF|0|0|0|0|0|0|1|1700|0|0|0|0|0

P|ARGU1J|18|ARGUR|0|2
S|ARGUR|46164167|53092778| |IF|0|0|0|0|0|0|1|3000|0|0|0|0|0
S|TZ225|46430000|53356389| |TF|0|0|0|0|0|0|1|1300|0|0|0|0|0

P|ARGU1K|36|ARGUR|0|2
S|ARGUR|46164167|53092778| |IF|0|0|0|0|0|0|1|3000|0|0|0|0|0
S|TZ425|46157500|53301389| |TF|0|0|0|0|0|0|1|1700|0|0|0|0|0

P|ARGU2A|18|ARGUR|0|2
S|ARGUR|46164167|53092778| |IF|0|0|0|0|0|0|0|0|0|0|0|0|0
S|TGZ|46289972|53424972| |TF|0|0|0|0|0|0|0|4000|0|0|0|0|0

P|ARGU2B|36|ARGUR|0|2
S|ARGUR|46164167|53092778| |IF|0|0|0|0|0|0|0|0|0|0|0|0|0
S|TGZ|46289972|53424972| |TF|0|0|0|0|0|0|0|4000|0|0|0|0|0

P|ARGU2E|36|ARGUR|0|2
S|ARGUR|46164167|53092778| |IF|0|0|0|0|0|0|0|0|0|0|0|0|0
S|KI|46315028|53430028| |TF|0|0|0|0|0|0|0|4000|0|0|0|0|0

P|ARGU2F|18|ARGUR|0|2
S|ARGUR|46164167|53092778| |IF|0|0|0|0|0|0|0|0|0|0|0|0|0
S|KI|46315028|53430028| |TF|0|0|0|0|0|0|0|4000|0|0|0|0|0

P|BENI1A|18|BENIK|0|2
S|BENIK|46570556|53464444| |IF|0|0|0|0|0|0|0|0|0|0|0|0|0
S|TGZ|46289972|53424972| |TF|0|0|0|0|0|0|0|4000|0|0|0|0|0

P|BENI1B|36|BENIK|0|2
S|BENIK|46570556|53464444| |IF|0|0|0|0|0|0|0|0|0|0|0|0|0
S|TGZ|46289972|53424972| |TF|0|0|0|0|0|0|0|4000|0|0|0|0|0

P|BENI1K|36|BENIK|0|3
S|BENIK|46570556|53464444| |IF|0|0|0|0|0|0|1|3000|0|0|0|0|0
S|TZ112|46321389|53334444| |TF|0|0|0|0|0|0|1|2000|0|0|0|0|0
S|TZ425|46157500|53301389| |TF|0|0|0|0|0|0|1|1700|0|0|0|0|0

P|BENI2E|36|BENIK|0|2
S|BENIK|46570556|53464444| |IF|0|0|0|0|0|0|0|0|0|0|0|0|0
S|KI|46315028|53430028| |TF|0|0|0|0|0|0|0|4000|0|0|0|0|0

P|BENI2F|18|BENIK|0|2
S|BENIK|46570556|53464444| |IF|0|0|0|0|0|0|0|0|0|0|0|0|0
S|KI|46315028|53430028| |TF|0|0|0|0|0|0|0|4000|0|0|0|0|0

P|BENI2K|36|BENIK|0|3
S|BENIK|46570556|53464444| |IF|0|0|0|0|0|0|1|3000|0|0|0|0|0
S|TZ114|46302778|53524722| |TF|0|0|0|0|0|0|1|2000|0|0|0|0|0
S|TZ430|46138889|53491389| |TF|0|0|0|0|0|0|1|1700|0|0|0|0|0

P|NELO1A|18|NELOL|0|2
S|NELOL|46459167|53110556| |IF|0|0|0|0|0|0|0|0|0|0|0|0|0
S|TGZ|46289972|53424972| |TF|0|0|0|0|0|0|0|4000|0|0|0|0|0

P|NELO1B|36|NELOL|0|2
S|NELOL|46459167|53110556| |IF|0|0|0|0|0|0|0|0|0|0|0|0|0
S|TGZ|46289972|53424972| |TF|0|0|0|0|0|0|0|4000|0|0|0|0|0

P|NELO1J|18|NELOL|0|2
S|NELOL|46459167|53110556| |IF|0|0|0|0|0|0|1|3000|0|0|0|0|0
S|TZ225|46430000|53356389| |TF|0|0|0|0|0|0|1|1300|0|0|0|0|0

P|NELO1K|36|NELOL|0|2
S|NELOL|46459167|53110556| |IF|0|0|0|0|0|0|1|3000|0|0|0|0|0
S|TZ425|46157500|53301389| |TF|0|0|0|0|0|0|1|1700|0|0|0|0|0

P|NELO2E|36|NELOL|0|2
S|NELOL|46459167|53110556| |IF|0|0|0|0|0|0|0|0|0|0|0|0|0
S|KI|46315028|53430028| |TF|0|0|0|0|0|0|0|4000|0|0|0|0|0

P|NELO2F|18|NELOL|0|2
S|NELOL|46459167|53110556| |IF|0|0|0|0|0|0|0|0|0|0|0|0|0
S|KI|46315028|53430028| |TF|0|0|0|0|0|0|0|4000|0|0|0|0|0

