P|LALD1E|15|LALDA|0|2
S|LALDA|38270833|49753056| |IF|0|0|0|0|0|0|0|0|0|0|0|0|0
S|L|38738778|48820333| |TF|0|0|0|0|0|0|0|2000|0|0|0|0|0

P|LALD1F|33|LALDA|0|2
S|LALDA|38270833|49753056| |IF|0|0|0|0|0|0|0|0|0|0|0|0|0
S|L|38738778|48820333| |TF|0|0|0|0|0|0|0|2000|0|0|0|0|0

P|MIVK1E|15|MIVKO|0|2
S|MIVKO|40043333|48618333| |IF|0|0|0|0|0|0|0|0|0|0|0|0|0
S|L|38738778|48820333| |TF|0|0|0|0|0|0|0|2000|0|0|0|0|0

P|MIVK1F|33|MIVKO|0|2
S|MIVKO|40043333|48618333| |IF|0|0|0|0|0|0|0|0|0|0|0|0|0
S|L|38738778|48820333| |TF|0|0|0|0|0|0|0|2000|0|0|0|0|0

P|NASA1E|15|NASAR|0|2
S|NASAR|39650000|49943333| |IF|0|0|0|0|0|0|0|0|0|0|0|0|0
S|L|38738778|48820333| |TF|0|0|0|0|0|0|0|2000|0|0|0|0|0

P|NASA1F|33|NASAR|0|2
S|NASAR|39650000|49943333| |IF|0|0|0|0|0|0|0|0|0|0|0|0|0
S|L|38738778|48820333| |TF|0|0|0|0|0|0|0|2000|0|0|0|0|0

P|NASI1E|15|NASIL|0|2
S|NASIL|39016667|49850000| |IF|0|0|0|0|0|0|0|0|0|0|0|0|0
S|L|38738778|48820333| |TF|0|0|0|0|0|0|0|2000|0|0|0|0|0

P|NASI1F|33|NASIL|0|2
S|NASIL|39016667|49850000| |IF|0|0|0|0|0|0|0|0|0|0|0|0|0
S|L|38738778|48820333| |TF|0|0|0|0|0|0|0|2000|0|0|0|0|0

P|XERB1E|15|XERBO|0|2
S|XERBO|40029167|49094722| |IF|0|0|0|0|0|0|0|0|0|0|0|0|0
S|L|38738778|48820333| |TF|0|0|0|0|0|0|0|2000|0|0|0|0|0

P|XERB1F|33|XERBO|0|2
S|XERBO|40029167|49094722| |IF|0|0|0|0|0|0|0|0|0|0|0|0|0
S|L|38738778|48820333| |TF|0|0|0|0|0|0|0|2000|0|0|0|0|0

