P|ADGE1F|34|ADGEN|0|2
S|ADGEN|40532222|48158056| |IF|0|0|0|0|0|0|1|8000|0|0|0|0|0
S|LUSAL|40583333|47950000| |TF|0|0|0|0|0|0|1|6000|0|0|0|0|0

P|ALUV1F|34|ALUVO|0|2
S|ALUVO|40608889|48166111| |IF|0|0|0|0|0|0|1|8000|0|0|0|0|0
S|LUSAL|40583333|47950000| |TF|0|0|0|0|0|0|1|6000|0|0|0|0|0

P|BEKI2E|16|BEKIR|0|3
S|BEKIR|41058333|47888333| |IF|0|0|0|0|0|0|1|18000|0|0|0|0|0
S|D023J|40978708|47828250| |TF|0|0|0|0|0|0|0|0|0|0|0|0|0
S|QBL|40832389|47718278| |TF|0|0|0|0|0|0|1|6000|0|0|0|0|0

P|BEKI2F|34|BEKIR|0|3
S|BEKIR|41058333|47888333| |IF|0|0|0|0|0|0|1|18000|0|0|0|0|0
S|D023J|40978708|47828250| |TF|0|0|0|0|0|0|0|0|0|0|0|0|0
S|QBL|40832389|47718278| |TF|0|0|0|0|0|0|1|6000|0|0|0|0|0

P|EDAT1F|34|EDATA|0|2
S|EDATA|40606667|47183333| |IF|0|0|0|0|0|0|1|6000|0|0|0|0|0
S|OLPAK|40616389|47489444| |TF|0|0|0|0|0|0|1|6000|0|0|0|0|0

P|EDAT3E|16|EDATA|0|2
S|EDATA|40606667|47183333| |IF|0|0|0|0|0|0|1|6000|0|0|0|0|0
S|VEBAN|40736389|47489722| |TF|0|0|0|0|0|0|1|6000|0|0|0|0|0

P|GIPA1E|16|GIPAR|0|4
S|GIPAR|41218333|47586667| |IF|0|0|0|0|0|0|1|18000|0|0|0|0|0
S|D338R|41127892|47617650| |TF|0|0|0|0|0|0|0|0|0|0|0|0|0
S|D338K|41008411|47658447| |TF|0|0|0|0|0|0|0|0|0|0|0|0|0
S|QBL|40832389|47718278| |TF|0|0|0|0|0|0|1|6000|0|0|0|0|0

P|GIPA1F|34|GIPAR|0|4
S|GIPAR|41218333|47586667| |IF|0|0|0|0|0|0|1|18000|0|0|0|0|0
S|D338R|41127892|47617650| |TF|0|0|0|0|0|0|0|0|0|0|0|0|0
S|D338K|41008411|47658447| |TF|0|0|0|0|0|0|0|0|0|0|0|0|0
S|QBL|40832389|47718278| |TF|0|0|0|0|0|0|1|6000|0|0|0|0|0

P|INTE1E|16|INTEV|0|2
S|INTEV|40809167|47149444| |IF|0|0|0|0|0|0|1|6000|0|0|0|0|0
S|RAVEK|40820278|47413056| |TF|0|0|0|0|0|0|1|6000|0|0|0|0|0

P|INTE1F|34|INTEV|0|2
S|INTEV|40809167|47149444| |IF|0|0|0|0|0|0|1|6000|0|0|0|0|0
S|RAVEK|40820278|47413056| |TF|0|0|0|0|0|0|1|6000|0|0|0|0|0

P|LUSA2E|16|LUSAL|0|2
S|LUSAL|40583333|47950000| |IF|0|0|0|0|0|0|1|6000|0|0|0|0|0
S|QBL|40832389|47718278| |TF|0|0|0|0|0|0|1|6000|0|0|0|0|0

P|NUNT1F|34|NUNTI|0|2
S|NUNTI|40589444|48168611| |IF|0|0|0|0|0|0|1|8000|0|0|0|0|0
S|LUSAL|40583333|47950000| |TF|0|0|0|0|0|0|1|6000|0|0|0|0|0

P|PENO1F|34|PENOB|0|2
S|PENOB|40461944|48101944| |IF|0|0|0|0|0|0|1|8000|0|0|0|0|0
S|LUSAL|40583333|47950000| |TF|0|0|0|0|0|0|1|6000|0|0|0|0|0

P|POLA3E|16|POLAD|0|2
S|POLAD|40979167|47011667| |IF|0|0|0|0|0|0|1|6000|0|0|0|0|0
S|VAGIM|40897222|47424722| |TF|0|0|0|0|0|0|1|6000|0|0|0|0|0

P|POLA4F|34|POLAD|0|2
S|POLAD|40979167|47011667| |IF|0|0|0|0|0|0|1|6000|0|0|0|0|0
S|VAGIM|40897222|47424722| |TF|0|0|0|0|0|0|1|6000|0|0|0|0|0

