P|BALV1A|07|BALVU|0|2
S|BALVU|42431389|76130278| |IF|0|0|0|0|0|0|1|16000|0|0|0|0|0
S|VAROK|42480556|77338889| |TF|0|0|0|0|0|0|0|0|0|0|0|0|0

P|BALV1B|25|BALVU|0|2
S|BALVU|42431389|76130278| |IF|0|0|0|0|0|0|1|16000|0|0|0|0|0
S|VAROK|42480556|77338889| |TF|0|0|0|0|0|0|0|0|0|0|0|0|0

P|BALV1L|25|BALVU|0|2
S|BALVU|42431389|76130278| |IF|0|0|0|0|0|0|1|16000|0|0|0|0|0
S|VAROK|42480556|77338889| |TF|0|0|0|0|0|250|3|13000|9600|0|0|0|0

P|BALV1M|07|BALVU|0|2
S|BALVU|42431389|76130278| |IF|0|0|0|0|0|0|1|16000|0|0|0|0|0
S|TUSKO|42455833|76690000| |TF|0|0|0|0|0|230|3|12000|8500|0|0|0|0

P|IRKU1A|07|IRKUS|0|2
S|IRKUS|42492222|77683333| |IF|0|0|0|0|0|0|1|10000|0|0|0|0|0
S|VAROK|42480556|77338889| |TF|0|0|0|0|0|0|0|0|0|0|0|0|0

P|IRKU1B|25|IRKUS|0|2
S|IRKUS|42492222|77683333| |IF|0|0|0|0|0|0|1|10000|0|0|0|0|0
S|VAROK|42480556|77338889| |TF|0|0|0|0|0|0|0|0|0|0|0|0|0

P|IRKU1M|07|IRKUS|0|2
S|IRKUS|42492222|77683333| |IF|0|0|0|0|0|0|1|10000|0|0|0|0|0
S|TUSKO|42455833|76690000| |TF|0|0|0|0|0|230|3|12000|8500|0|0|0|0

