P|ABRE2J|ALL|ABRER|0|2
S|ABRER|62820000|112821667| |IF|0|0|0|0|0|0|1|7000|0|0|0|0|0
S|NZ|62509972|113959278| |TF|0|0|0|0|0|0|1|5000|0|0|0|0|0

P|ABRE2L|ALL|ABRER|0|2
S|ABRER|62820000|112821667| |IF|0|0|0|0|0|0|1|7000|0|0|0|0|0
S|N|62522806|114000750| |TF|0|0|0|0|0|0|1|5000|0|0|0|0|0

P|ABRE2N|ALL|ABRER|0|2
S|ABRER|62820000|112821667| |IF|0|0|0|0|0|0|1|7000|0|0|0|0|0
S|DEM|62541111|114020833| |TF|0|0|0|0|0|0|1|5000|0|0|0|0|0

P|ABRE3P|07|ABRER|0|3
S|ABRER|62820000|112821667| |IF|0|0|0|0|0|0|1|7000|0|0|0|0|0
S|RR022|62543417|113456306| |TF|0|0|0|0|0|0|1|5000|0|0|0|0|0
S|RR012|62511472|113576389| |TF|0|0|0|0|0|0|1|3100|0|0|0|0|0

P|ABRE3Q|25|ABRER|0|3
S|ABRER|62820000|112821667| |IF|0|0|0|0|0|0|1|7000|0|0|0|0|0
S|RR030|62725444|113626278| |TF|0|0|0|0|0|0|1|5000|0|0|0|0|0
S|RR003|62716361|114235833| |TF|0|0|0|0|0|0|1|3100|0|0|0|0|0

P|BANE2J|ALL|BANED|0|2
S|BANED|62782500|115293611| |IF|0|0|0|0|0|0|1|6000|0|0|0|0|0
S|NZ|62509972|113959278| |TF|0|0|0|0|0|0|1|5000|0|0|0|0|0

P|BANE2L|ALL|BANED|0|2
S|BANED|62782500|115293611| |IF|0|0|0|0|0|0|1|6000|0|0|0|0|0
S|N|62522806|114000750| |TF|0|0|0|0|0|0|1|5000|0|0|0|0|0

P|BANE2N|ALL|BANED|0|2
S|BANED|62782500|115293611| |IF|0|0|0|0|0|0|1|6000|0|0|0|0|0
S|DEM|62541111|114020833| |TF|0|0|0|0|0|0|1|5000|0|0|0|0|0

P|BANE3P|07|BANED|0|3
S|BANED|62782500|115293611| |IF|0|0|0|0|0|0|1|6000|0|0|0|0|0
S|RR024|62520000|114620750| |TF|0|0|0|0|0|0|1|5000|0|0|0|0|0
S|RR017|62345444|113820750| |TF|0|0|0|0|0|0|1|3100|0|0|0|0|0

P|BANE3Q|25|BANED|0|2
S|BANED|62782500|115293611| |IF|0|0|0|0|0|0|1|6000|0|0|0|0|0
S|RR005|62689306|114541028| |TF|0|0|0|0|0|0|1|5000|0|0|0|0|0

P|BELU2J|ALL|BELUB|0|2
S|BELUB|61925833|113708056| |IF|0|0|0|0|0|0|1|6000|0|0|0|0|0
S|NZ|62509972|113959278| |TF|0|0|0|0|0|0|1|5000|0|0|0|0|0

P|BELU2L|ALL|BELUB|0|2
S|BELUB|61925833|113708056| |IF|0|0|0|0|0|0|1|6000|0|0|0|0|0
S|N|62522806|114000750| |TF|0|0|0|0|0|0|1|5000|0|0|0|0|0

P|BELU2N|ALL|BELUB|0|2
S|BELUB|61925833|113708056| |IF|0|0|0|0|0|0|1|6000|0|0|0|0|0
S|DEM|62541111|114020833| |TF|0|0|0|0|0|0|1|5000|0|0|0|0|0

P|BELU3P|07|BELUB|0|3
S|BELUB|61925833|113708056| |IF|0|0|0|0|0|0|1|6000|0|0|0|0|0
S|RR026|62280778|113846333| |TF|0|0|0|0|0|0|1|5000|0|0|0|0|0
S|RR017|62345444|113820750| |TF|0|0|0|0|0|0|1|3100|0|0|0|0|0

P|BELU3Q|25|BELUB|0|3
S|BELUB|61925833|113708056| |IF|0|0|0|0|0|0|1|6000|0|0|0|0|0
S|RR013|62268778|114128583| |TF|0|0|0|0|0|0|1|5000|0|0|0|0|0
S|RR004|62550583|114482583| |TF|0|0|0|0|0|0|1|3100|0|0|0|0|0

P|GIPO2J|ALL|GIPOT|0|2
S|GIPOT|62020556|113258889| |IF|0|0|0|0|0|0|1|6000|0|0|0|0|0
S|NZ|62509972|113959278| |TF|0|0|0|0|0|0|1|5000|0|0|0|0|0

P|GIPO2L|ALL|GIPOT|0|2
S|GIPOT|62020556|113258889| |IF|0|0|0|0|0|0|1|6000|0|0|0|0|0
S|N|62522806|114000750| |TF|0|0|0|0|0|0|1|5000|0|0|0|0|0

P|GIPO2N|ALL|GIPOT|0|2
S|GIPOT|62020556|113258889| |IF|0|0|0|0|0|0|1|6000|0|0|0|0|0
S|DEM|62541111|114020833| |TF|0|0|0|0|0|0|1|5000|0|0|0|0|0

P|GIPO3P|07|GIPOT|0|2
S|GIPOT|62020556|113258889| |IF|0|0|0|0|0|0|1|6000|0|0|0|0|0
S|RR011|62372194|113520472| |TF|0|0|0|0|0|0|1|5000|0|0|0|0|0

P|GIPO3Q|25|GIPOT|0|3
S|GIPOT|62020556|113258889| |IF|0|0|0|0|0|0|1|6000|0|0|0|0|0
S|RR013|62268778|114128583| |TF|0|0|0|0|0|0|1|5000|0|0|0|0|0
S|RR004|62550583|114482583| |TF|0|0|0|0|0|0|1|3100|0|0|0|0|0

P|GODU2J|ALL|GODUN|0|2
S|GODUN|62420000|115373333| |IF|0|0|0|0|0|0|1|6000|0|0|0|0|0
S|NZ|62509972|113959278| |TF|0|0|0|0|0|0|1|5000|0|0|0|0|0

P|GODU2L|ALL|GODUN|0|2
S|GODUN|62420000|115373333| |IF|0|0|0|0|0|0|1|6000|0|0|0|0|0
S|N|62522806|114000750| |TF|0|0|0|0|0|0|1|5000|0|0|0|0|0

P|GODU2N|ALL|GODUN|0|2
S|GODUN|62420000|115373333| |IF|0|0|0|0|0|0|1|6000|0|0|0|0|0
S|DEM|62541111|114020833| |TF|0|0|0|0|0|0|1|5000|0|0|0|0|0

P|GODU3P|07|GODUN|0|3
S|GODUN|62420000|115373333| |IF|0|0|0|0|0|0|1|6000|0|0|0|0|0
S|RR025|62329667|114415250| |TF|0|0|0|0|0|0|1|5000|0|0|0|0|0
S|RR017|62345444|113820750| |TF|0|0|0|0|0|0|1|3100|0|0|0|0|0

P|GODU3Q|25|GODUN|0|3
S|GODUN|62420000|115373333| |IF|0|0|0|0|0|0|1|6000|0|0|0|0|0
S|RR027|62542472|114621611| |TF|0|0|0|0|0|0|1|5000|0|0|0|0|0
S|RR004|62550583|114482583| |TF|0|0|0|0|0|0|1|3100|0|0|0|0|0

P|NANA2J|ALL|NANAT|0|2
S|NANAT|62196944|115178889| |IF|0|0|0|0|0|0|1|7000|0|0|0|0|0
S|NZ|62509972|113959278| |TF|0|0|0|0|0|0|1|5000|0|0|0|0|0

P|NANA2L|ALL|NANAT|0|2
S|NANAT|62196944|115178889| |IF|0|0|0|0|0|0|1|7000|0|0|0|0|0
S|N|62522806|114000750| |TF|0|0|0|0|0|0|1|5000|0|0|0|0|0

P|NANA2N|ALL|NANAT|0|2
S|NANAT|62196944|115178889| |IF|0|0|0|0|0|0|1|7000|0|0|0|0|0
S|DEM|62541111|114020833| |TF|0|0|0|0|0|0|1|5000|0|0|0|0|0

P|NANA3P|07|NANAT|0|3
S|NANAT|62196944|115178889| |IF|0|0|0|0|0|0|1|7000|0|0|0|0|0
S|RR025|62329667|114415250| |TF|0|0|0|0|0|0|1|5000|0|0|0|0|0
S|RR017|62345444|113820750| |TF|0|0|0|0|0|0|1|3100|0|0|0|0|0

P|NANA3Q|25|NANAT|0|3
S|NANAT|62196944|115178889| |IF|0|0|0|0|0|0|1|7000|0|0|0|0|0
S|RR028|62485944|114611639| |TF|0|0|0|0|0|0|1|5000|0|0|0|0|0
S|RR004|62550583|114482583| |TF|0|0|0|0|0|0|1|3100|0|0|0|0|0

P|NUSP2J|ALL|NUSPO|0|2
S|NUSPO|62306111|112777222| |IF|0|0|0|0|0|0|1|7000|0|0|0|0|0
S|NZ|62509972|113959278| |TF|0|0|0|0|0|0|1|5000|0|0|0|0|0

P|NUSP2L|ALL|NUSPO|0|2
S|NUSPO|62306111|112777222| |IF|0|0|0|0|0|0|1|7000|0|0|0|0|0
S|N|62522806|114000750| |TF|0|0|0|0|0|0|1|5000|0|0|0|0|0

P|NUSP2N|ALL|NUSPO|0|2
S|NUSPO|62306111|112777222| |IF|0|0|0|0|0|0|1|7000|0|0|0|0|0
S|DEM|62541111|114020833| |TF|0|0|0|0|0|0|1|5000|0|0|0|0|0

P|NUSP3P|07|NUSPO|0|2
S|NUSPO|62306111|112777222| |IF|0|0|0|0|0|0|1|7000|0|0|0|0|0
S|RR011|62372194|113520472| |TF|0|0|0|0|0|0|1|5000|0|0|0|0|0

P|NUSP3Q|25|NUSPO|0|3
S|NUSPO|62306111|112777222| |IF|0|0|0|0|0|0|1|7000|0|0|0|0|0
S|RR016|62501694|113460833| |TF|0|0|0|0|0|0|1|5000|0|0|0|0|0
S|RR003|62716361|114235833| |TF|0|0|0|0|0|0|1|3100|0|0|0|0|0

P|OTSE2J|ALL|OTSEK|0|2
S|OTSEK|63148333|113746944| |IF|0|0|0|0|0|0|1|6000|0|0|0|0|0
S|NZ|62509972|113959278| |TF|0|0|0|0|0|0|1|5000|0|0|0|0|0

P|OTSE2L|ALL|OTSEK|0|2
S|OTSEK|63148333|113746944| |IF|0|0|0|0|0|0|1|6000|0|0|0|0|0
S|N|62522806|114000750| |TF|0|0|0|0|0|0|1|5000|0|0|0|0|0

P|OTSE2N|ALL|OTSEK|0|2
S|OTSEK|63148333|113746944| |IF|0|0|0|0|0|0|1|6000|0|0|0|0|0
S|DEM|62541111|114020833| |TF|0|0|0|0|0|0|1|5000|0|0|0|0|0

P|OTSE3P|07|OTSEK|0|3
S|OTSEK|63148333|113746944| |IF|0|0|0|0|0|0|1|6000|0|0|0|0|0
S|RR023|62740139|113660944| |TF|0|0|0|0|0|0|1|5000|0|0|0|0|0
S|RR012|62511472|113576389| |TF|0|0|0|0|0|0|1|3100|0|0|0|0|0

P|OTSE3Q|25|OTSEK|0|3
S|OTSEK|63148333|113746944| |IF|0|0|0|0|0|0|1|6000|0|0|0|0|0
S|RR021|62798194|114159000| |TF|0|0|0|0|0|0|1|5000|0|0|0|0|0
S|RR003|62716361|114235833| |TF|0|0|0|0|0|0|1|3100|0|0|0|0|0

P|PIMI2J|ALL|PIMIR|0|2
S|PIMIR|63159167|113889722| |IF|0|0|0|0|0|0|1|6000|0|0|0|0|0
S|NZ|62509972|113959278| |TF|0|0|0|0|0|0|1|5000|0|0|0|0|0

P|PIMI2L|ALL|PIMIR|0|2
S|PIMIR|63159167|113889722| |IF|0|0|0|0|0|0|1|6000|0|0|0|0|0
S|N|62522806|114000750| |TF|0|0|0|0|0|0|1|5000|0|0|0|0|0

P|PIMI2N|ALL|PIMIR|0|2
S|PIMIR|63159167|113889722| |IF|0|0|0|0|0|0|1|6000|0|0|0|0|0
S|DEM|62541111|114020833| |TF|0|0|0|0|0|0|1|5000|0|0|0|0|0

P|PIMI3P|07|PIMIR|0|3
S|PIMIR|63159167|113889722| |IF|0|0|0|0|0|0|1|6000|0|0|0|0|0
S|RR023|62740139|113660944| |TF|0|0|0|0|0|0|1|5000|0|0|0|0|0
S|RR012|62511472|113576389| |TF|0|0|0|0|0|0|1|3100|0|0|0|0|0

P|PIMI3Q|25|PIMIR|0|3
S|PIMIR|63159167|113889722| |IF|0|0|0|0|0|0|1|6000|0|0|0|0|0
S|RR021|62798194|114159000| |TF|0|0|0|0|0|0|1|5000|0|0|0|0|0
S|RR003|62716361|114235833| |TF|0|0|0|0|0|0|1|3100|0|0|0|0|0

P|REPK2J|ALL|REPKI|0|2
S|REPKI|61918889|114302778| |IF|0|0|0|0|0|0|1|6000|0|0|0|0|0
S|NZ|62509972|113959278| |TF|0|0|0|0|0|0|1|5000|0|0|0|0|0

P|REPK2L|ALL|REPKI|0|2
S|REPKI|61918889|114302778| |IF|0|0|0|0|0|0|1|6000|0|0|0|0|0
S|N|62522806|114000750| |TF|0|0|0|0|0|0|1|5000|0|0|0|0|0

P|REPK2N|ALL|REPKI|0|2
S|REPKI|61918889|114302778| |IF|0|0|0|0|0|0|1|6000|0|0|0|0|0
S|DEM|62541111|114020833| |TF|0|0|0|0|0|0|1|5000|0|0|0|0|0

P|REPK3P|07|REPKI|0|3
S|REPKI|61918889|114302778| |IF|0|0|0|0|0|0|1|6000|0|0|0|0|0
S|RR026|62280778|113846333| |TF|0|0|0|0|0|0|1|5000|0|0|0|0|0
S|RR017|62345444|113820750| |TF|0|0|0|0|0|0|1|3100|0|0|0|0|0

P|REPK3Q|25|REPKI|0|3
S|REPKI|61918889|114302778| |IF|0|0|0|0|0|0|1|6000|0|0|0|0|0
S|RR029|62331278|114419333| |TF|0|0|0|0|0|0|1|5000|0|0|0|0|0
S|RR004|62550583|114482583| |TF|0|0|0|0|0|0|1|3100|0|0|0|0|0

P|RISI2J|ALL|RISIL|0|2
S|RISIL|62569167|115397500| |IF|0|0|0|0|0|0|1|7000|0|0|0|0|0
S|NZ|62509972|113959278| |TF|0|0|0|0|0|0|1|5000|0|0|0|0|0

P|RISI2L|ALL|RISIL|0|2
S|RISIL|62569167|115397500| |IF|0|0|0|0|0|0|1|7000|0|0|0|0|0
S|N|62522806|114000750| |TF|0|0|0|0|0|0|1|5000|0|0|0|0|0

P|RISI2N|ALL|RISIL|0|2
S|RISIL|62569167|115397500| |IF|0|0|0|0|0|0|1|7000|0|0|0|0|0
S|DEM|62541111|114020833| |TF|0|0|0|0|0|0|1|5000|0|0|0|0|0

P|RISI3P|07|RISIL|0|3
S|RISIL|62569167|115397500| |IF|0|0|0|0|0|0|1|7000|0|0|0|0|0
S|RR024|62520000|114620750| |TF|0|0|0|0|0|0|1|5000|0|0|0|0|0
S|RR017|62345444|113820750| |TF|0|0|0|0|0|0|1|3100|0|0|0|0|0

P|RISI3Q|25|RISIL|0|3
S|RISIL|62569167|115397500| |IF|0|0|0|0|0|0|1|7000|0|0|0|0|0
S|RR027|62542472|114621611| |TF|0|0|0|0|0|0|1|5000|0|0|0|0|0
S|RR004|62550583|114482583| |TF|0|0|0|0|0|0|1|3100|0|0|0|0|0

P|SUKU2J|ALL|SUKUK|0|2
S|SUKUK|62146389|112976944| |IF|0|0|0|0|0|0|1|7000|0|0|0|0|0
S|NZ|62509972|113959278| |TF|0|0|0|0|0|0|1|5000|0|0|0|0|0

P|SUKU2L|ALL|SUKUK|0|2
S|SUKUK|62146389|112976944| |IF|0|0|0|0|0|0|1|7000|0|0|0|0|0
S|N|62522806|114000750| |TF|0|0|0|0|0|0|1|5000|0|0|0|0|0

P|SUKU2N|ALL|SUKUK|0|2
S|SUKUK|62146389|112976944| |IF|0|0|0|0|0|0|1|7000|0|0|0|0|0
S|DEM|62541111|114020833| |TF|0|0|0|0|0|0|1|5000|0|0|0|0|0

P|SUKU3P|07|SUKUK|0|2
S|SUKUK|62146389|112976944| |IF|0|0|0|0|0|0|1|7000|0|0|0|0|0
S|RR011|62372194|113520472| |TF|0|0|0|0|0|0|1|5000|0|0|0|0|0

P|SUKU3Q|25|SUKUK|0|3
S|SUKUK|62146389|112976944| |IF|0|0|0|0|0|0|1|7000|0|0|0|0|0
S|RR016|62501694|113460833| |TF|0|0|0|0|0|0|1|5000|0|0|0|0|0
S|RR003|62716361|114235833| |TF|0|0|0|0|0|0|1|3100|0|0|0|0|0

P|UNLI2J|ALL|UNLIP|0|2
S|UNLIP|62640278|112696111| |IF|0|0|0|0|0|0|1|7000|0|0|0|0|0
S|NZ|62509972|113959278| |TF|0|0|0|0|0|0|1|5000|0|0|0|0|0

P|UNLI2L|ALL|UNLIP|0|2
S|UNLIP|62640278|112696111| |IF|0|0|0|0|0|0|1|7000|0|0|0|0|0
S|N|62522806|114000750| |TF|0|0|0|0|0|0|1|5000|0|0|0|0|0

P|UNLI2N|ALL|UNLIP|0|2
S|UNLIP|62640278|112696111| |IF|0|0|0|0|0|0|1|7000|0|0|0|0|0
S|DEM|62541111|114020833| |TF|0|0|0|0|0|0|1|5000|0|0|0|0|0

P|UNLI3P|07|UNLIP|0|3
S|UNLIP|62640278|112696111| |IF|0|0|0|0|0|0|1|7000|0|0|0|0|0
S|RR022|62543417|113456306| |TF|0|0|0|0|0|0|1|5000|0|0|0|0|0
S|RR012|62511472|113576389| |TF|0|0|0|0|0|0|1|3100|0|0|0|0|0

P|UNLI3Q|25|UNLIP|0|3
S|UNLIP|62640278|112696111| |IF|0|0|0|0|0|0|1|7000|0|0|0|0|0
S|RR030|62725444|113626278| |TF|0|0|0|0|0|0|1|5000|0|0|0|0|0
S|RR003|62716361|114235833| |TF|0|0|0|0|0|0|1|3100|0|0|0|0|0

