P|AGUN5A|05L|AGUNI|0|6
S|AGUNI|46826944|135619444| |IF|0|0|0|0|0|0|1|27000|0|0|0|0|0
S|UF79|47306094|136021231| |TF|0|0|0|0|0|0|0|0|0|0|0|0|0
S|UF42|47865833|135608333| |TF|0|0|0|0|0|0|1|18000|0|0|0|0|0
S|HR27E|48097439|135432481| |TF|0|0|0|0|0|0|0|0|0|0|0|0|0
S|HR27E|48097439|135432481| |IF|0|0|0|0|0|0|0|0|0|0|0|0|0
S|HR|48508722|135159333| |TF|0|0|0|0|0|0|1|6000|0|0|0|0|0

P|AGUN5A|23R|AGUNI|0|6
S|AGUNI|46826944|135619444| |IF|0|0|0|0|0|0|1|27000|0|0|0|0|0
S|UF79|47306094|136021231| |TF|0|0|0|0|0|0|0|0|0|0|0|0|0
S|UF42|47865833|135608333| |TF|0|0|0|0|0|0|1|18000|0|0|0|0|0
S|HR27E|48097439|135432481| |TF|0|0|0|0|0|0|0|0|0|0|0|0|0
S|HR27E|48097439|135432481| |IF|0|0|0|0|0|0|0|0|0|0|0|0|0
S|HR|48508722|135159333| |TF|0|0|0|0|0|0|1|6000|0|0|0|0|0

P|AGUN6D|05L|AGUNI|0|4
S|AGUNI|46826944|135619444| |IF|0|0|0|0|0|0|1|27000|0|0|0|0|0
S|HH067|47814342|135052308| |TF|0|0|0|0|0|0|1|8000|0|0|0|0|0
S|HH014|48218664|134813328| |TF|0|0|0|0|0|0|1|7000|0|0|0|0|0
S|HH008|48296667|134872131| |TF|0|0|0|0|0|0|1|5480|0|0|0|0|0

P|AGUN6D|05R|AGUNI|0|4
S|AGUNI|46826944|135619444| |IF|0|0|0|0|0|0|1|27000|0|0|0|0|0
S|HH067|47814342|135052308| |TF|0|0|0|0|0|0|1|8000|0|0|0|0|0
S|HH014|48218664|134813328| |TF|0|0|0|0|0|0|1|7000|0|0|0|0|0
S|HH008|48296667|134872131| |TF|0|0|0|0|0|0|1|5480|0|0|0|0|0

P|AGUN6F|23L|AGUNI|0|9
S|AGUNI|46826944|135619444| |IF|0|0|0|0|0|0|1|27000|0|0|0|0|0
S|HH134|47787000|135736331| |TF|0|0|0|0|0|0|1|18000|0|0|0|0|0
S|HH136|47914669|135750739| |TF|0|0|0|0|0|0|1|8000|0|0|0|0|0
S|HH118|48670214|135837492| |TF|0|0|0|0|0|215|1|7000|0|0|0|0|0
S|HH101|48823822|135841831| |TF|0|0|0|0|0|215|0|7000|0|0|0|0|0
S|HH102|48918731|135757267| |TF|0|0|0|0|0|215|0|7000|0|0|0|0|0
S|HH103|48979839|135614083| |TF|0|0|0|0|0|215|0|7000|0|0|0|0|0
S|HH104|48993278|135450556| |TF|0|0|0|0|0|215|0|7000|0|0|0|0|0
S|HH202|48760817|135510381| |TF|1|0|0|0|0|0|1|5480|0|0|0|0|0

P|AGUN6F|23R|AGUNI|0|9
S|AGUNI|46826944|135619444| |IF|0|0|0|0|0|0|1|27000|0|0|0|0|0
S|HH134|47787000|135736331| |TF|0|0|0|0|0|0|1|18000|0|0|0|0|0
S|HH136|47914669|135750739| |TF|0|0|0|0|0|0|1|8000|0|0|0|0|0
S|HH118|48670214|135837492| |TF|0|0|0|0|0|215|1|7000|0|0|0|0|0
S|HH101|48823822|135841831| |TF|0|0|0|0|0|215|0|7000|0|0|0|0|0
S|HH102|48918731|135757267| |TF|0|0|0|0|0|215|0|7000|0|0|0|0|0
S|HH103|48979839|135614083| |TF|0|0|0|0|0|215|0|7000|0|0|0|0|0
S|HH104|48993278|135450556| |TF|0|0|0|0|0|215|0|7000|0|0|0|0|0
S|HH202|48760817|135510381| |TF|1|0|0|0|0|0|1|5480|0|0|0|0|0

P|AGUN6G|23L|AGUNI|0|11
S|AGUNI|46826944|135619444| |IF|0|0|0|0|0|0|1|27000|0|0|0|0|0
S|HH135|47769258|135884856| |TF|0|0|0|0|0|0|1|18000|0|0|0|0|0
S|HH132|48074989|135972972| |TF|0|0|0|0|0|0|1|8000|0|0|0|0|0
S|HH131|48217206|136154242| |TF|0|0|0|0|0|0|0|0|0|0|0|0|0
S|HH129|48545283|136166144| |TF|0|0|0|0|0|0|0|0|0|0|0|0|0
S|HH111|48771764|136104539| |TF|0|0|0|0|0|0|1|7000|0|0|0|0|0
S|HH101|48823822|135841831| |TF|0|0|0|0|0|215|0|7000|0|0|0|0|0
S|HH102|48918731|135757267| |TF|0|0|0|0|0|215|0|7000|0|0|0|0|0
S|HH103|48979839|135614083| |TF|0|0|0|0|0|215|0|7000|0|0|0|0|0
S|HH104|48993278|135450556| |TF|0|0|0|0|0|215|0|7000|0|0|0|0|0
S|HH202|48760817|135510381| |TF|1|0|0|0|0|0|1|5480|0|0|0|0|0

P|AGUN6G|23R|AGUNI|0|11
S|AGUNI|46826944|135619444| |IF|0|0|0|0|0|0|1|27000|0|0|0|0|0
S|HH135|47769258|135884856| |TF|0|0|0|0|0|0|1|18000|0|0|0|0|0
S|HH132|48074989|135972972| |TF|0|0|0|0|0|0|1|8000|0|0|0|0|0
S|HH131|48217206|136154242| |TF|0|0|0|0|0|0|0|0|0|0|0|0|0
S|HH129|48545283|136166144| |TF|0|0|0|0|0|0|0|0|0|0|0|0|0
S|HH111|48771764|136104539| |TF|0|0|0|0|0|0|1|7000|0|0|0|0|0
S|HH101|48823822|135841831| |TF|0|0|0|0|0|215|0|7000|0|0|0|0|0
S|HH102|48918731|135757267| |TF|0|0|0|0|0|215|0|7000|0|0|0|0|0
S|HH103|48979839|135614083| |TF|0|0|0|0|0|215|0|7000|0|0|0|0|0
S|HH104|48993278|135450556| |TF|0|0|0|0|0|215|0|7000|0|0|0|0|0
S|HH202|48760817|135510381| |TF|1|0|0|0|0|0|1|5480|0|0|0|0|0

P|AGUN7B|05L|AGUNI|0|6
S|AGUNI|46826944|135619444| |IF|0|0|0|0|0|0|1|27000|0|0|0|0|0
S|HI92|47090014|135825569| |TF|0|0|0|0|0|0|0|0|0|0|0|0|0
S|HI45|47848333|135541111| |TF|0|0|0|0|0|0|1|18000|0|0|0|0|0
S|HR27P|48101094|135442869| |TF|0|0|0|0|0|0|0|0|0|0|0|0|0
S|HR27P|48101094|135442869| |IF|0|0|0|0|0|0|0|0|0|0|0|0|0
S|HR|48508722|135159333| |TF|0|0|0|0|0|0|1|6000|0|0|0|0|0

P|AGUN7B|23R|AGUNI|0|6
S|AGUNI|46826944|135619444| |IF|0|0|0|0|0|0|1|27000|0|0|0|0|0
S|HI92|47090014|135825569| |TF|0|0|0|0|0|0|0|0|0|0|0|0|0
S|HI45|47848333|135541111| |TF|0|0|0|0|0|0|1|18000|0|0|0|0|0
S|HR27P|48101094|135442869| |TF|0|0|0|0|0|0|0|0|0|0|0|0|0
S|HR27P|48101094|135442869| |IF|0|0|0|0|0|0|0|0|0|0|0|0|0
S|HR|48508722|135159333| |TF|0|0|0|0|0|0|1|6000|0|0|0|0|0

P|AGUN7C|05L|AGUNI|0|4
S|AGUNI|46826944|135619444| |IF|0|0|0|0|0|0|1|27000|0|0|0|0|0
S|HA44B|47821597|135385964| |TF|0|0|0|0|0|0|1|18000|0|0|0|0|0
S|HA44B|47821597|135385964| |IF|0|0|0|0|0|0|1|18000|0|0|0|0|0
S|HAB|48545083|135210361| |TF|0|0|0|0|0|0|1|6000|0|0|0|0|0

P|AGUN7C|05R|AGUNI|0|4
S|AGUNI|46826944|135619444| |IF|0|0|0|0|0|0|1|27000|0|0|0|0|0
S|HA44B|47821597|135385964| |TF|0|0|0|0|0|0|1|18000|0|0|0|0|0
S|HA44B|47821597|135385964| |IF|0|0|0|0|0|0|1|18000|0|0|0|0|0
S|HAB|48545083|135210361| |TF|0|0|0|0|0|0|1|6000|0|0|0|0|0

P|AGUN7C|23L|AGUNI|0|4
S|AGUNI|46826944|135619444| |IF|0|0|0|0|0|0|1|27000|0|0|0|0|0
S|HA44B|47821597|135385964| |TF|0|0|0|0|0|0|1|18000|0|0|0|0|0
S|HA44B|47821597|135385964| |IF|0|0|0|0|0|0|1|18000|0|0|0|0|0
S|HAB|48545083|135210361| |TF|0|0|0|0|0|0|1|6000|0|0|0|0|0

P|AGUN7C|23R|AGUNI|0|4
S|AGUNI|46826944|135619444| |IF|0|0|0|0|0|0|1|27000|0|0|0|0|0
S|HA44B|47821597|135385964| |TF|0|0|0|0|0|0|1|18000|0|0|0|0|0
S|HA44B|47821597|135385964| |IF|0|0|0|0|0|0|1|18000|0|0|0|0|0
S|HAB|48545083|135210361| |TF|0|0|0|0|0|0|1|6000|0|0|0|0|0

P|AGUN9A|23L|AGUNI|0|4
S|AGUNI|46826944|135619444| |IF|0|0|0|0|0|0|1|27000|0|0|0|0|0
S|HI92|47090014|135825569| |TF|0|0|0|0|0|0|0|0|0|0|0|0|0
S|HI45|47848333|135541111| |TF|0|0|0|0|0|0|1|18000|0|0|0|0|0
S|HI|48568444|135246111| |TF|0|0|0|0|0|0|1|6000|0|0|0|0|0

P|AGUN9B|05R|AGUNI|0|4
S|AGUNI|46826944|135619444| |IF|0|0|0|0|0|0|1|27000|0|0|0|0|0
S|UF79|47306094|136021231| |TF|0|0|0|0|0|0|0|0|0|0|0|0|0
S|UF42|47865833|135608333| |TF|0|0|0|0|0|0|1|18000|0|0|0|0|0
S|UF|48488361|135136972| |TF|0|0|0|0|0|0|1|6000|0|0|0|0|0

P|ARDE5A|05L|ARDEL|0|6
S|ARDEL|46818611|134989444| |IF|0|0|0|0|0|0|1|8000|0|0|0|0|0
S|TD75|47136700|135056456| |TF|0|0|0|0|0|0|0|0|0|0|0|0|0
S|UF41|47811944|135084444| |TF|0|0|0|0|0|0|1|8000|0|0|0|0|0
S|HR27F|48061319|135100942| |TF|0|0|0|0|0|0|0|0|0|0|0|0|0
S|HR27F|48061319|135100942| |IF|0|0|0|0|0|0|0|0|0|0|0|0|0
S|HR|48508722|135159333| |TF|0|0|0|0|0|0|1|6000|0|0|0|0|0

P|ARDE5A|23R|ARDEL|0|6
S|ARDEL|46818611|134989444| |IF|0|0|0|0|0|0|1|8000|0|0|0|0|0
S|TD75|47136700|135056456| |TF|0|0|0|0|0|0|0|0|0|0|0|0|0
S|UF41|47811944|135084444| |TF|0|0|0|0|0|0|1|8000|0|0|0|0|0
S|HR27F|48061319|135100942| |TF|0|0|0|0|0|0|0|0|0|0|0|0|0
S|HR27F|48061319|135100942| |IF|0|0|0|0|0|0|0|0|0|0|0|0|0
S|HR|48508722|135159333| |TF|0|0|0|0|0|0|1|6000|0|0|0|0|0

P|ARDE6D|05L|ARDEL|0|4
S|ARDEL|46818611|134989444| |IF|0|0|0|0|0|0|1|8000|0|0|0|0|0
S|HH066|47842514|134861581| |TF|0|0|0|0|0|0|1|8000|0|0|0|0|0
S|HH014|48218664|134813328| |TF|0|0|0|0|0|0|1|7000|0|0|0|0|0
S|HH008|48296667|134872131| |TF|0|0|0|0|0|0|1|5480|0|0|0|0|0

P|ARDE6D|05R|ARDEL|0|4
S|ARDEL|46818611|134989444| |IF|0|0|0|0|0|0|1|8000|0|0|0|0|0
S|HH066|47842514|134861581| |TF|0|0|0|0|0|0|1|8000|0|0|0|0|0
S|HH014|48218664|134813328| |TF|0|0|0|0|0|0|1|7000|0|0|0|0|0
S|HH008|48296667|134872131| |TF|0|0|0|0|0|0|1|5480|0|0|0|0|0

P|ARDE6F|23L|ARDEL|0|8
S|ARDEL|46818611|134989444| |IF|0|0|0|0|0|0|1|18000|0|0|0|0|0
S|HH133|47829331|135444500| |TF|0|0|0|0|0|0|1|18000|0|0|0|0|0
S|HH118|48670214|135837492| |TF|0|0|0|0|0|215|1|7000|0|0|0|0|0
S|HH101|48823822|135841831| |TF|0|0|0|0|0|215|0|7000|0|0|0|0|0
S|HH102|48918731|135757267| |TF|0|0|0|0|0|215|0|7000|0|0|0|0|0
S|HH103|48979839|135614083| |TF|0|0|0|0|0|215|0|7000|0|0|0|0|0
S|HH104|48993278|135450556| |TF|0|0|0|0|0|215|0|7000|0|0|0|0|0
S|HH202|48760817|135510381| |TF|1|0|0|0|0|0|1|5480|0|0|0|0|0

P|ARDE6F|23R|ARDEL|0|8
S|ARDEL|46818611|134989444| |IF|0|0|0|0|0|0|1|18000|0|0|0|0|0
S|HH133|47829331|135444500| |TF|0|0|0|0|0|0|1|18000|0|0|0|0|0
S|HH118|48670214|135837492| |TF|0|0|0|0|0|215|1|7000|0|0|0|0|0
S|HH101|48823822|135841831| |TF|0|0|0|0|0|215|0|7000|0|0|0|0|0
S|HH102|48918731|135757267| |TF|0|0|0|0|0|215|0|7000|0|0|0|0|0
S|HH103|48979839|135614083| |TF|0|0|0|0|0|215|0|7000|0|0|0|0|0
S|HH104|48993278|135450556| |TF|0|0|0|0|0|215|0|7000|0|0|0|0|0
S|HH202|48760817|135510381| |TF|1|0|0|0|0|0|1|5480|0|0|0|0|0

P|ARDE6G|23L|ARDEL|0|11
S|ARDEL|46818611|134989444| |IF|0|0|0|0|0|0|1|18000|0|0|0|0|0
S|HH134|47787000|135736331| |TF|0|0|0|0|0|0|1|18000|0|0|0|0|0
S|HH132|48074989|135972972| |TF|0|0|0|0|0|0|1|8000|0|0|0|0|0
S|HH131|48217206|136154242| |TF|0|0|0|0|0|0|0|0|0|0|0|0|0
S|HH129|48545283|136166144| |TF|0|0|0|0|0|0|0|0|0|0|0|0|0
S|HH111|48771764|136104539| |TF|0|0|0|0|0|0|1|7000|0|0|0|0|0
S|HH101|48823822|135841831| |TF|0|0|0|0|0|215|0|7000|0|0|0|0|0
S|HH102|48918731|135757267| |TF|0|0|0|0|0|215|0|7000|0|0|0|0|0
S|HH103|48979839|135614083| |TF|0|0|0|0|0|215|0|7000|0|0|0|0|0
S|HH104|48993278|135450556| |TF|0|0|0|0|0|215|0|7000|0|0|0|0|0
S|HH202|48760817|135510381| |TF|1|0|0|0|0|0|1|5480|0|0|0|0|0

P|ARDE6G|23R|ARDEL|0|11
S|ARDEL|46818611|134989444| |IF|0|0|0|0|0|0|1|18000|0|0|0|0|0
S|HH134|47787000|135736331| |TF|0|0|0|0|0|0|1|18000|0|0|0|0|0
S|HH132|48074989|135972972| |TF|0|0|0|0|0|0|1|8000|0|0|0|0|0
S|HH131|48217206|136154242| |TF|0|0|0|0|0|0|0|0|0|0|0|0|0
S|HH129|48545283|136166144| |TF|0|0|0|0|0|0|0|0|0|0|0|0|0
S|HH111|48771764|136104539| |TF|0|0|0|0|0|0|1|7000|0|0|0|0|0
S|HH101|48823822|135841831| |TF|0|0|0|0|0|215|0|7000|0|0|0|0|0
S|HH102|48918731|135757267| |TF|0|0|0|0|0|215|0|7000|0|0|0|0|0
S|HH103|48979839|135614083| |TF|0|0|0|0|0|215|0|7000|0|0|0|0|0
S|HH104|48993278|135450556| |TF|0|0|0|0|0|215|0|7000|0|0|0|0|0
S|HH202|48760817|135510381| |TF|1|0|0|0|0|0|1|5480|0|0|0|0|0

P|ARDE7B|05L|ARDEL|0|6
S|ARDEL|46818611|134989444| |IF|0|0|0|0|0|0|1|8000|0|0|0|0|0
S|TD75|47136700|135056456| |TF|0|0|0|0|0|0|0|0|0|0|0|0|0
S|HI46|47809444|135131944| |TF|0|0|0|0|0|0|1|8000|0|0|0|0|0
S|HR27Q|48068650|135170792| |TF|0|0|0|0|0|0|0|0|0|0|0|0|0
S|HR27Q|48068650|135170792| |IF|0|0|0|0|0|0|0|0|0|0|0|0|0
S|HR|48508722|135159333| |TF|0|0|0|0|0|0|1|6000|0|0|0|0|0

P|ARDE7B|23R|ARDEL|0|6
S|ARDEL|46818611|134989444| |IF|0|0|0|0|0|0|1|8000|0|0|0|0|0
S|TD75|47136700|135056456| |TF|0|0|0|0|0|0|0|0|0|0|0|0|0
S|HI46|47809444|135131944| |TF|0|0|0|0|0|0|1|8000|0|0|0|0|0
S|HR27Q|48068650|135170792| |TF|0|0|0|0|0|0|0|0|0|0|0|0|0
S|HR27Q|48068650|135170792| |IF|0|0|0|0|0|0|0|0|0|0|0|0|0
S|HR|48508722|135159333| |TF|0|0|0|0|0|0|1|6000|0|0|0|0|0

P|ARDE7C|05L|ARDEL|0|4
S|ARDEL|46818611|134989444| |IF|0|0|0|0|0|0|1|8000|0|0|0|0|0
S|HA44C|47810419|135114550| |TF|0|0|0|0|0|0|1|8000|0|0|0|0|0
S|HA44C|47810419|135114550| |IF|0|0|0|0|0|0|1|8000|0|0|0|0|0
S|HAB|48545083|135210361| |TF|0|0|0|0|0|0|1|6000|0|0|0|0|0

P|ARDE7C|05R|ARDEL|0|4
S|ARDEL|46818611|134989444| |IF|0|0|0|0|0|0|1|8000|0|0|0|0|0
S|HA44C|47810419|135114550| |TF|0|0|0|0|0|0|1|8000|0|0|0|0|0
S|HA44C|47810419|135114550| |IF|0|0|0|0|0|0|1|8000|0|0|0|0|0
S|HAB|48545083|135210361| |TF|0|0|0|0|0|0|1|6000|0|0|0|0|0

P|ARDE7C|23L|ARDEL|0|4
S|ARDEL|46818611|134989444| |IF|0|0|0|0|0|0|1|8000|0|0|0|0|0
S|HA44C|47810419|135114550| |TF|0|0|0|0|0|0|1|8000|0|0|0|0|0
S|HA44C|47810419|135114550| |IF|0|0|0|0|0|0|1|8000|0|0|0|0|0
S|HAB|48545083|135210361| |TF|0|0|0|0|0|0|1|6000|0|0|0|0|0

P|ARDE7C|23R|ARDEL|0|4
S|ARDEL|46818611|134989444| |IF|0|0|0|0|0|0|1|8000|0|0|0|0|0
S|HA44C|47810419|135114550| |TF|0|0|0|0|0|0|1|8000|0|0|0|0|0
S|HA44C|47810419|135114550| |IF|0|0|0|0|0|0|1|8000|0|0|0|0|0
S|HAB|48545083|135210361| |TF|0|0|0|0|0|0|1|6000|0|0|0|0|0

P|ARDE9A|23L|ARDEL|0|4
S|ARDEL|46818611|134989444| |IF|0|0|0|0|0|0|1|8000|0|0|0|0|0
S|TD75|47136700|135056456| |TF|0|0|0|0|0|0|0|0|0|0|0|0|0
S|HI46|47809444|135131944| |TF|0|0|0|0|0|0|1|8000|0|0|0|0|0
S|HI|48568444|135246111| |TF|0|0|0|0|0|0|1|6000|0|0|0|0|0

P|ARDE9B|05R|ARDEL|0|4
S|ARDEL|46818611|134989444| |IF|0|0|0|0|0|0|1|8000|0|0|0|0|0
S|TD75|47136700|135056456| |TF|0|0|0|0|0|0|0|0|0|0|0|0|0
S|UF41|47811944|135084444| |TF|0|0|0|0|0|0|1|8000|0|0|0|0|0
S|UF|48488361|135136972| |TF|0|0|0|0|0|0|1|6000|0|0|0|0|0

P|ARGU5A|05L|ARGUK|0|4
S|ARGUK|47883333|134658333| |IF|0|0|0|0|0|0|1|8000|0|0|0|0|0
S|HR27G|48115103|134833881| |TF|0|0|0|0|0|0|0|0|0|0|0|0|0
S|HR27G|48115103|134833881| |IF|0|0|0|0|0|0|0|0|0|0|0|0|0
S|HR|48508722|135159333| |TF|0|0|0|0|0|0|1|6000|0|0|0|0|0

P|ARGU5A|23R|ARGUK|0|4
S|ARGUK|47883333|134658333| |IF|0|0|0|0|0|0|1|8000|0|0|0|0|0
S|HR27G|48115103|134833881| |TF|0|0|0|0|0|0|0|0|0|0|0|0|0
S|HR27G|48115103|134833881| |IF|0|0|0|0|0|0|0|0|0|0|0|0|0
S|HR|48508722|135159333| |TF|0|0|0|0|0|0|1|6000|0|0|0|0|0

P|ARGU6D|05L|ARGUK|0|3
S|ARGUK|47883333|134658333| |IF|0|0|0|0|0|0|1|8000|0|0|0|0|0
S|HH014|48218664|134813328| |TF|0|0|0|0|0|0|1|7000|0|0|0|0|0
S|HH008|48296667|134872131| |TF|0|0|0|0|0|0|1|5480|0|0|0|0|0

P|ARGU6D|05R|ARGUK|0|3
S|ARGUK|47883333|134658333| |IF|0|0|0|0|0|0|1|8000|0|0|0|0|0
S|HH014|48218664|134813328| |TF|0|0|0|0|0|0|1|7000|0|0|0|0|0
S|HH008|48296667|134872131| |TF|0|0|0|0|0|0|1|5480|0|0|0|0|0

P|ARGU6F|23L|ARGUK|0|7
S|ARGUK|47883333|134658333| |IF|0|0|0|0|0|0|1|8000|0|0|0|0|0
S|HH118|48670214|135837492| |TF|0|0|0|0|0|215|1|7000|0|0|0|0|0
S|HH101|48823822|135841831| |TF|0|0|0|0|0|215|0|7000|0|0|0|0|0
S|HH102|48918731|135757267| |TF|0|0|0|0|0|215|0|7000|0|0|0|0|0
S|HH103|48979839|135614083| |TF|0|0|0|0|0|215|0|7000|0|0|0|0|0
S|HH104|48993278|135450556| |TF|0|0|0|0|0|215|0|7000|0|0|0|0|0
S|HH202|48760817|135510381| |TF|1|0|0|0|0|0|1|5480|0|0|0|0|0

P|ARGU6F|23R|ARGUK|0|7
S|ARGUK|47883333|134658333| |IF|0|0|0|0|0|0|1|8000|0|0|0|0|0
S|HH118|48670214|135837492| |TF|0|0|0|0|0|215|1|7000|0|0|0|0|0
S|HH101|48823822|135841831| |TF|0|0|0|0|0|215|0|7000|0|0|0|0|0
S|HH102|48918731|135757267| |TF|0|0|0|0|0|215|0|7000|0|0|0|0|0
S|HH103|48979839|135614083| |TF|0|0|0|0|0|215|0|7000|0|0|0|0|0
S|HH104|48993278|135450556| |TF|0|0|0|0|0|215|0|7000|0|0|0|0|0
S|HH202|48760817|135510381| |TF|1|0|0|0|0|0|1|5480|0|0|0|0|0

P|ARGU6G|23L|ARGUK|0|10
S|ARGUK|47883333|134658333| |IF|0|0|0|0|0|0|1|8000|0|0|0|0|0
S|HH132|48074989|135972972| |TF|0|0|0|0|0|0|1|8000|0|0|0|0|0
S|HH131|48217206|136154242| |TF|0|0|0|0|0|0|0|0|0|0|0|0|0
S|HH129|48545283|136166144| |TF|0|0|0|0|0|0|0|0|0|0|0|0|0
S|HH111|48771764|136104539| |TF|0|0|0|0|0|0|1|7000|0|0|0|0|0
S|HH101|48823822|135841831| |TF|0|0|0|0|0|215|0|7000|0|0|0|0|0
S|HH102|48918731|135757267| |TF|0|0|0|0|0|215|0|7000|0|0|0|0|0
S|HH103|48979839|135614083| |TF|0|0|0|0|0|215|0|7000|0|0|0|0|0
S|HH104|48993278|135450556| |TF|0|0|0|0|0|215|0|7000|0|0|0|0|0
S|HH202|48760817|135510381| |TF|1|0|0|0|0|0|1|5480|0|0|0|0|0

P|ARGU6G|23R|ARGUK|0|10
S|ARGUK|47883333|134658333| |IF|0|0|0|0|0|0|1|8000|0|0|0|0|0
S|HH132|48074989|135972972| |TF|0|0|0|0|0|0|1|8000|0|0|0|0|0
S|HH131|48217206|136154242| |TF|0|0|0|0|0|0|0|0|0|0|0|0|0
S|HH129|48545283|136166144| |TF|0|0|0|0|0|0|0|0|0|0|0|0|0
S|HH111|48771764|136104539| |TF|0|0|0|0|0|0|1|7000|0|0|0|0|0
S|HH101|48823822|135841831| |TF|0|0|0|0|0|215|0|7000|0|0|0|0|0
S|HH102|48918731|135757267| |TF|0|0|0|0|0|215|0|7000|0|0|0|0|0
S|HH103|48979839|135614083| |TF|0|0|0|0|0|215|0|7000|0|0|0|0|0
S|HH104|48993278|135450556| |TF|0|0|0|0|0|215|0|7000|0|0|0|0|0
S|HH202|48760817|135510381| |TF|1|0|0|0|0|0|1|5480|0|0|0|0|0

P|ARGU7B|05L|ARGUK|0|4
S|ARGUK|47883333|134658333| |IF|0|0|0|0|0|0|1|8000|0|0|0|0|0
S|HR27R|48107564|134854439| |TF|0|0|0|0|0|0|0|0|0|0|0|0|0
S|HR27R|48107564|134854439| |IF|0|0|0|0|0|0|0|0|0|0|0|0|0
S|HR|48508722|135159333| |TF|0|0|0|0|0|0|1|6000|0|0|0|0|0

P|ARGU7B|23R|ARGUK|0|4
S|ARGUK|47883333|134658333| |IF|0|0|0|0|0|0|1|8000|0|0|0|0|0
S|HR27R|48107564|134854439| |TF|0|0|0|0|0|0|0|0|0|0|0|0|0
S|HR27R|48107564|134854439| |IF|0|0|0|0|0|0|0|0|0|0|0|0|0
S|HR|48508722|135159333| |TF|0|0|0|0|0|0|1|6000|0|0|0|0|0

P|ARGU7C|05L|ARGUK|0|3
S|ARGUK|47883333|134658333| |IF|0|0|0|0|0|0|1|8000|0|0|0|0|0
S|ARGUK|47883333|134658333| |IF|0|0|0|0|0|0|1|8000|0|0|0|0|0
S|HAB|48545083|135210361| |TF|0|0|0|0|0|0|1|6000|0|0|0|0|0

P|ARGU7C|05R|ARGUK|0|3
S|ARGUK|47883333|134658333| |IF|0|0|0|0|0|0|1|8000|0|0|0|0|0
S|ARGUK|47883333|134658333| |IF|0|0|0|0|0|0|1|8000|0|0|0|0|0
S|HAB|48545083|135210361| |TF|0|0|0|0|0|0|1|6000|0|0|0|0|0

P|ARGU7C|23L|ARGUK|0|3
S|ARGUK|47883333|134658333| |IF|0|0|0|0|0|0|1|8000|0|0|0|0|0
S|ARGUK|47883333|134658333| |IF|0|0|0|0|0|0|1|8000|0|0|0|0|0
S|HAB|48545083|135210361| |TF|0|0|0|0|0|0|1|6000|0|0|0|0|0

P|ARGU7C|23R|ARGUK|0|3
S|ARGUK|47883333|134658333| |IF|0|0|0|0|0|0|1|8000|0|0|0|0|0
S|ARGUK|47883333|134658333| |IF|0|0|0|0|0|0|1|8000|0|0|0|0|0
S|HAB|48545083|135210361| |TF|0|0|0|0|0|0|1|6000|0|0|0|0|0

P|ARGU9A|23L|ARGUK|0|2
S|ARGUK|47883333|134658333| |IF|0|0|0|0|0|0|1|8000|0|0|0|0|0
S|HI|48568444|135246111| |TF|0|0|0|0|0|0|1|6000|0|0|0|0|0

P|ARGU9B|05R|ARGUK|0|2
S|ARGUK|47883333|134658333| |IF|0|0|0|0|0|0|1|8000|0|0|0|0|0
S|UF|48488361|135136972| |TF|0|0|0|0|0|0|1|6000|0|0|0|0|0

P|DIDE5A|05L|DIDEK|0|4
S|DIDEK|48908611|134242778| |IF|0|0|0|0|0|0|1|9000|0|0|0|0|0
S|HR27I|48752225|134589006| |TF|0|0|0|0|0|0|0|0|0|0|0|0|0
S|HR27I|48752225|134589006| |IF|0|0|0|0|0|0|0|0|0|0|0|0|0
S|HR|48508722|135159333| |TF|0|0|0|0|0|0|1|6000|0|0|0|0|0

P|DIDE5A|23R|DIDEK|0|4
S|DIDEK|48908611|134242778| |IF|0|0|0|0|0|0|1|9000|0|0|0|0|0
S|HR27I|48752225|134589006| |TF|0|0|0|0|0|0|0|0|0|0|0|0|0
S|HR27I|48752225|134589006| |IF|0|0|0|0|0|0|0|0|0|0|0|0|0
S|HR|48508722|135159333| |TF|0|0|0|0|0|0|1|6000|0|0|0|0|0

P|DIDE6D|05L|DIDEK|0|2
S|DIDEK|48908611|134242778| |IF|0|0|0|0|0|0|1|9000|0|0|0|0|0
S|HH009|48438903|134860683| |TF|0|0|0|0|0|0|1|3180|0|0|0|0|0

P|DIDE6D|05R|DIDEK|0|2
S|DIDEK|48908611|134242778| |IF|0|0|0|0|0|0|1|9000|0|0|0|0|0
S|HH009|48438903|134860683| |TF|0|0|0|0|0|0|1|3180|0|0|0|0|0

P|DIDE6F|23L|DIDEK|0|2
S|DIDEK|48908611|134242778| |IF|0|0|0|0|0|0|1|9000|0|0|0|0|0
S|HH003|48752578|135287761| |TF|0|0|0|0|0|0|1|3180|0|0|0|0|0

P|DIDE6F|23R|DIDEK|0|2
S|DIDEK|48908611|134242778| |IF|0|0|0|0|0|0|1|9000|0|0|0|0|0
S|HH003|48752578|135287761| |TF|0|0|0|0|0|0|1|3180|0|0|0|0|0

P|DIDE6G|23L|DIDEK|0|7
S|DIDEK|48908611|134242778| |IF|0|0|0|0|0|0|1|9000|0|0|0|0|0
S|HH108|48872186|135052106| |TF|0|0|0|0|0|215|1|8000|0|0|0|0|0
S|HH107|48948183|135301117| |TF|0|0|0|0|0|215|0|8000|0|0|0|0|0
S|HH106|48983281|135452253| |TF|0|0|0|0|0|215|0|8000|0|0|0|0|0
S|HH105|48971364|135609522| |TF|0|0|0|0|0|215|0|8000|0|0|0|0|0
S|HH017|48912608|135747522| |TF|0|0|0|0|0|215|0|8000|0|0|0|0|0
S|HH202|48760817|135510381| |TF|2|0|0|0|0|0|1|5480|0|0|0|0|0

P|DIDE6G|23R|DIDEK|0|7
S|DIDEK|48908611|134242778| |IF|0|0|0|0|0|0|1|9000|0|0|0|0|0
S|HH108|48872186|135052106| |TF|0|0|0|0|0|215|1|8000|0|0|0|0|0
S|HH107|48948183|135301117| |TF|0|0|0|0|0|215|0|8000|0|0|0|0|0
S|HH106|48983281|135452253| |TF|0|0|0|0|0|215|0|8000|0|0|0|0|0
S|HH105|48971364|135609522| |TF|0|0|0|0|0|215|0|8000|0|0|0|0|0
S|HH017|48912608|135747522| |TF|0|0|0|0|0|215|0|8000|0|0|0|0|0
S|HH202|48760817|135510381| |TF|2|0|0|0|0|0|1|5480|0|0|0|0|0

P|DIDE7B|05L|DIDEK|0|4
S|DIDEK|48908611|134242778| |IF|0|0|0|0|0|0|1|9000|0|0|0|0|0
S|HR27T|48784092|134623578| |TF|0|0|0|0|0|0|0|0|0|0|0|0|0
S|HR27T|48784092|134623578| |IF|0|0|0|0|0|0|0|0|0|0|0|0|0
S|HR|48508722|135159333| |TF|0|0|0|0|0|0|1|6000|0|0|0|0|0

P|DIDE7B|23R|DIDEK|0|4
S|DIDEK|48908611|134242778| |IF|0|0|0|0|0|0|1|9000|0|0|0|0|0
S|HR27T|48784092|134623578| |TF|0|0|0|0|0|0|0|0|0|0|0|0|0
S|HR27T|48784092|134623578| |IF|0|0|0|0|0|0|0|0|0|0|0|0|0
S|HR|48508722|135159333| |TF|0|0|0|0|0|0|1|6000|0|0|0|0|0

P|DIDE7C|05L|DIDEK|0|3
S|DIDEK|48908611|134242778| |IF|0|0|0|0|0|0|1|9000|0|0|0|0|0
S|DIDEK|48908611|134242778| |IF|0|0|0|0|0|0|1|9000|0|0|0|0|0
S|HAB|48545083|135210361| |TF|0|0|0|0|0|0|1|6000|0|0|0|0|0

P|DIDE7C|05R|DIDEK|0|3
S|DIDEK|48908611|134242778| |IF|0|0|0|0|0|0|1|9000|0|0|0|0|0
S|DIDEK|48908611|134242778| |IF|0|0|0|0|0|0|1|9000|0|0|0|0|0
S|HAB|48545083|135210361| |TF|0|0|0|0|0|0|1|6000|0|0|0|0|0

P|DIDE7C|23L|DIDEK|0|3
S|DIDEK|48908611|134242778| |IF|0|0|0|0|0|0|1|9000|0|0|0|0|0
S|DIDEK|48908611|134242778| |IF|0|0|0|0|0|0|1|9000|0|0|0|0|0
S|HAB|48545083|135210361| |TF|0|0|0|0|0|0|1|6000|0|0|0|0|0

P|DIDE7C|23R|DIDEK|0|3
S|DIDEK|48908611|134242778| |IF|0|0|0|0|0|0|1|9000|0|0|0|0|0
S|DIDEK|48908611|134242778| |IF|0|0|0|0|0|0|1|9000|0|0|0|0|0
S|HAB|48545083|135210361| |TF|0|0|0|0|0|0|1|6000|0|0|0|0|0

P|DIDE9A|23L|DIDEK|0|2
S|DIDEK|48908611|134242778| |IF|0|0|0|0|0|0|1|9000|0|0|0|0|0
S|HI|48568444|135246111| |TF|0|0|0|0|0|0|1|6000|0|0|0|0|0

P|DIDE9B|05R|DIDEK|0|2
S|DIDEK|48908611|134242778| |IF|0|0|0|0|0|0|1|9000|0|0|0|0|0
S|UF|48488361|135136972| |TF|0|0|0|0|0|0|1|6000|0|0|0|0|0

P|IVAD5A|05L|IVADA|0|4
S|IVADA|49083611|134467778| |IF|0|0|0|0|0|0|1|10000|0|0|0|0|0
S|HR27J|48857667|134730133| |TF|0|0|0|0|0|0|0|0|0|0|0|0|0
S|HR27J|48857667|134730133| |IF|0|0|0|0|0|0|0|0|0|0|0|0|0
S|HR|48508722|135159333| |TF|0|0|0|0|0|0|1|6000|0|0|0|0|0

P|IVAD5A|23R|IVADA|0|4
S|IVADA|49083611|134467778| |IF|0|0|0|0|0|0|1|10000|0|0|0|0|0
S|HR27J|48857667|134730133| |TF|0|0|0|0|0|0|0|0|0|0|0|0|0
S|HR27J|48857667|134730133| |IF|0|0|0|0|0|0|0|0|0|0|0|0|0
S|HR|48508722|135159333| |TF|0|0|0|0|0|0|1|6000|0|0|0|0|0

P|IVAD6D|05L|IVADA|0|2
S|IVADA|49083611|134467778| |IF|0|0|0|0|0|0|1|10000|0|0|0|0|0
S|HH009|48438903|134860683| |TF|0|0|0|0|0|0|1|3180|0|0|0|0|0

P|IVAD6D|05R|IVADA|0|2
S|IVADA|49083611|134467778| |IF|0|0|0|0|0|0|1|10000|0|0|0|0|0
S|HH009|48438903|134860683| |TF|0|0|0|0|0|0|1|3180|0|0|0|0|0

P|IVAD6F|23L|IVADA|0|2
S|IVADA|49083611|134467778| |IF|0|0|0|0|0|0|1|10000|0|0|0|0|0
S|HH003|48752578|135287761| |TF|0|0|0|0|0|0|1|3180|0|0|0|0|0

P|IVAD6F|23R|IVADA|0|2
S|IVADA|49083611|134467778| |IF|0|0|0|0|0|0|1|10000|0|0|0|0|0
S|HH003|48752578|135287761| |TF|0|0|0|0|0|0|1|3180|0|0|0|0|0

P|IVAD6G|23L|IVADA|0|7
S|IVADA|49083611|134467778| |IF|0|0|0|0|0|0|1|10000|0|0|0|0|0
S|HH108|48872186|135052106| |TF|0|0|0|0|0|215|1|8000|0|0|0|0|0
S|HH107|48948183|135301117| |TF|0|0|0|0|0|215|0|8000|0|0|0|0|0
S|HH106|48983281|135452253| |TF|0|0|0|0|0|215|0|8000|0|0|0|0|0
S|HH105|48971364|135609522| |TF|0|0|0|0|0|215|0|8000|0|0|0|0|0
S|HH017|48912608|135747522| |TF|0|0|0|0|0|215|0|8000|0|0|0|0|0
S|HH202|48760817|135510381| |TF|2|0|0|0|0|0|1|5480|0|0|0|0|0

P|IVAD6G|23R|IVADA|0|7
S|IVADA|49083611|134467778| |IF|0|0|0|0|0|0|1|10000|0|0|0|0|0
S|HH108|48872186|135052106| |TF|0|0|0|0|0|215|1|8000|0|0|0|0|0
S|HH107|48948183|135301117| |TF|0|0|0|0|0|215|0|8000|0|0|0|0|0
S|HH106|48983281|135452253| |TF|0|0|0|0|0|215|0|8000|0|0|0|0|0
S|HH105|48971364|135609522| |TF|0|0|0|0|0|215|0|8000|0|0|0|0|0
S|HH017|48912608|135747522| |TF|0|0|0|0|0|215|0|8000|0|0|0|0|0
S|HH202|48760817|135510381| |TF|2|0|0|0|0|0|1|5480|0|0|0|0|0

P|IVAD7B|05L|IVADA|0|4
S|IVADA|49083611|134467778| |IF|0|0|0|0|0|0|1|10000|0|0|0|0|0
S|HR27U|48880906|134778072| |TF|0|0|0|0|0|0|0|0|0|0|0|0|0
S|HR27U|48880906|134778072| |IF|0|0|0|0|0|0|0|0|0|0|0|0|0
S|HR|48508722|135159333| |TF|0|0|0|0|0|0|1|6000|0|0|0|0|0

P|IVAD7B|23R|IVADA|0|4
S|IVADA|49083611|134467778| |IF|0|0|0|0|0|0|1|10000|0|0|0|0|0
S|HR27U|48880906|134778072| |TF|0|0|0|0|0|0|0|0|0|0|0|0|0
S|HR27U|48880906|134778072| |IF|0|0|0|0|0|0|0|0|0|0|0|0|0
S|HR|48508722|135159333| |TF|0|0|0|0|0|0|1|6000|0|0|0|0|0

P|IVAD7C|05L|IVADA|0|3
S|IVADA|49083611|134467778| |IF|0|0|0|0|0|0|1|10000|0|0|0|0|0
S|IVADA|49083611|134467778| |IF|0|0|0|0|0|0|1|10000|0|0|0|0|0
S|HAB|48545083|135210361| |TF|0|0|0|0|0|0|1|6000|0|0|0|0|0

P|IVAD7C|05R|IVADA|0|3
S|IVADA|49083611|134467778| |IF|0|0|0|0|0|0|1|10000|0|0|0|0|0
S|IVADA|49083611|134467778| |IF|0|0|0|0|0|0|1|10000|0|0|0|0|0
S|HAB|48545083|135210361| |TF|0|0|0|0|0|0|1|6000|0|0|0|0|0

P|IVAD7C|23L|IVADA|0|3
S|IVADA|49083611|134467778| |IF|0|0|0|0|0|0|1|10000|0|0|0|0|0
S|IVADA|49083611|134467778| |IF|0|0|0|0|0|0|1|10000|0|0|0|0|0
S|HAB|48545083|135210361| |TF|0|0|0|0|0|0|1|6000|0|0|0|0|0

P|IVAD7C|23R|IVADA|0|3
S|IVADA|49083611|134467778| |IF|0|0|0|0|0|0|1|10000|0|0|0|0|0
S|IVADA|49083611|134467778| |IF|0|0|0|0|0|0|1|10000|0|0|0|0|0
S|HAB|48545083|135210361| |TF|0|0|0|0|0|0|1|6000|0|0|0|0|0

P|IVAD9A|23L|IVADA|0|2
S|IVADA|49083611|134467778| |IF|0|0|0|0|0|0|1|10000|0|0|0|0|0
S|HI|48568444|135246111| |TF|0|0|0|0|0|0|1|6000|0|0|0|0|0

P|IVAD9B|05R|IVADA|0|2
S|IVADA|49083611|134467778| |IF|0|0|0|0|0|0|1|10000|0|0|0|0|0
S|UF|48488361|135136972| |TF|0|0|0|0|0|0|1|6000|0|0|0|0|0

P|NEBA5A|05L|NEBAR|0|4
S|NEBAR|49119444|135689444| |IF|0|0|0|0|0|0|1|8000|0|0|0|0|0
S|B27A|48901517|135489975| |TF|0|0|0|0|0|0|0|0|0|0|0|0|0
S|B27A|48901517|135489975| |IF|0|0|0|0|0|0|0|0|0|0|0|0|0
S|HR|48508722|135159333| |TF|0|0|0|0|0|0|1|6000|0|0|0|0|0

P|NEBA5A|23R|NEBAR|0|4
S|NEBAR|49119444|135689444| |IF|0|0|0|0|0|0|1|8000|0|0|0|0|0
S|B27A|48901517|135489975| |TF|0|0|0|0|0|0|0|0|0|0|0|0|0
S|B27A|48901517|135489975| |IF|0|0|0|0|0|0|0|0|0|0|0|0|0
S|HR|48508722|135159333| |TF|0|0|0|0|0|0|1|6000|0|0|0|0|0

P|NEBA6D|05L|NEBAR|0|3
S|NEBAR|49119444|135689444| |IF|0|0|0|0|0|0|1|8000|0|0|0|0|0
S|HH013|48716978|134903428| |TF|0|0|0|0|0|0|0|0|0|0|0|0|0
S|HH009|48438903|134860683| |TF|0|0|0|0|0|0|1|3180|0|0|0|0|0

P|NEBA6D|05R|NEBAR|0|3
S|NEBAR|49119444|135689444| |IF|0|0|0|0|0|0|1|8000|0|0|0|0|0
S|HH013|48716978|134903428| |TF|0|0|0|0|0|0|0|0|0|0|0|0|0
S|HH009|48438903|134860683| |TF|0|0|0|0|0|0|1|3180|0|0|0|0|0

P|NEBA6G|23L|NEBAR|0|4
S|NEBAR|49119444|135689444| |IF|0|0|0|0|0|0|1|8000|0|0|0|0|0
S|HH103|48979839|135614083| |TF|0|0|0|0|0|215|0|7000|0|0|0|0|0
S|HH104|48993278|135450556| |TF|0|0|0|0|0|215|0|7000|0|0|0|0|0
S|HH202|48760817|135510381| |TF|1|0|0|0|0|0|1|5480|0|0|0|0|0

P|NEBA6G|23R|NEBAR|0|4
S|NEBAR|49119444|135689444| |IF|0|0|0|0|0|0|1|8000|0|0|0|0|0
S|HH103|48979839|135614083| |TF|0|0|0|0|0|215|0|7000|0|0|0|0|0
S|HH104|48993278|135450556| |TF|0|0|0|0|0|215|0|7000|0|0|0|0|0
S|HH202|48760817|135510381| |TF|1|0|0|0|0|0|1|5480|0|0|0|0|0

P|NEBA7B|05L|NEBAR|0|4
S|NEBAR|49119444|135689444| |IF|0|0|0|0|0|0|1|8000|0|0|0|0|0
S|HR27K|48893825|135510736| |TF|0|0|0|0|0|0|0|0|0|0|0|0|0
S|HR27K|48893825|135510736| |IF|0|0|0|0|0|0|0|0|0|0|0|0|0
S|HR|48508722|135159333| |TF|0|0|0|0|0|0|1|6000|0|0|0|0|0

P|NEBA7B|23R|NEBAR|0|4
S|NEBAR|49119444|135689444| |IF|0|0|0|0|0|0|1|8000|0|0|0|0|0
S|HR27K|48893825|135510736| |TF|0|0|0|0|0|0|0|0|0|0|0|0|0
S|HR27K|48893825|135510736| |IF|0|0|0|0|0|0|0|0|0|0|0|0|0
S|HR|48508722|135159333| |TF|0|0|0|0|0|0|1|6000|0|0|0|0|0

P|NEBA7C|05L|NEBAR|0|3
S|NEBAR|49119444|135689444| |IF|0|0|0|0|0|0|1|8000|0|0|0|0|0
S|NEBAR|49119444|135689444| |IF|0|0|0|0|0|0|1|8000|0|0|0|0|0
S|HAB|48545083|135210361| |TF|0|0|0|0|0|0|1|6000|0|0|0|0|0

P|NEBA7C|05R|NEBAR|0|3
S|NEBAR|49119444|135689444| |IF|0|0|0|0|0|0|1|8000|0|0|0|0|0
S|NEBAR|49119444|135689444| |IF|0|0|0|0|0|0|1|8000|0|0|0|0|0
S|HAB|48545083|135210361| |TF|0|0|0|0|0|0|1|6000|0|0|0|0|0

P|NEBA7C|23L|NEBAR|0|3
S|NEBAR|49119444|135689444| |IF|0|0|0|0|0|0|1|8000|0|0|0|0|0
S|NEBAR|49119444|135689444| |IF|0|0|0|0|0|0|1|8000|0|0|0|0|0
S|HAB|48545083|135210361| |TF|0|0|0|0|0|0|1|6000|0|0|0|0|0

P|NEBA7C|23R|NEBAR|0|3
S|NEBAR|49119444|135689444| |IF|0|0|0|0|0|0|1|8000|0|0|0|0|0
S|NEBAR|49119444|135689444| |IF|0|0|0|0|0|0|1|8000|0|0|0|0|0
S|HAB|48545083|135210361| |TF|0|0|0|0|0|0|1|6000|0|0|0|0|0

P|NEBA9A|23L|NEBAR|0|2
S|NEBAR|49119444|135689444| |IF|0|0|0|0|0|0|1|8000|0|0|0|0|0
S|HI|48568444|135246111| |TF|0|0|0|0|0|0|1|6000|0|0|0|0|0

P|NEBA9B|05R|NEBAR|0|2
S|NEBAR|49119444|135689444| |IF|0|0|0|0|0|0|1|8000|0|0|0|0|0
S|UF|48488361|135136972| |TF|0|0|0|0|0|0|1|6000|0|0|0|0|0

P|NEBE5A|05L|NEBES|0|5
S|NEBES|48308611|136777778| |IF|0|0|0|0|0|0|1|17000|0|0|0|0|0
S|UF45B|48370000|136243056| |TF|0|0|0|0|0|0|1|8000|0|0|0|0|0
S|HR27D|48413411|135819494| |TF|0|0|0|0|0|0|0|0|0|0|0|0|0
S|HR27D|48413411|135819494| |IF|0|0|0|0|0|0|0|0|0|0|0|0|0
S|HR|48508722|135159333| |TF|0|0|0|0|0|0|1|6000|0|0|0|0|0

P|NEBE5A|23R|NEBES|0|5
S|NEBES|48308611|136777778| |IF|0|0|0|0|0|0|1|17000|0|0|0|0|0
S|UF45B|48370000|136243056| |TF|0|0|0|0|0|0|1|8000|0|0|0|0|0
S|HR27D|48413411|135819494| |TF|0|0|0|0|0|0|0|0|0|0|0|0|0
S|HR27D|48413411|135819494| |IF|0|0|0|0|0|0|0|0|0|0|0|0|0
S|HR|48508722|135159333| |TF|0|0|0|0|0|0|1|6000|0|0|0|0|0

P|NEBE6D|05L|NEBES|0|6
S|NEBES|48308611|136777778| |IF|0|0|0|0|0|0|1|17000|0|0|0|0|0
S|HH069|48145950|136102367| |TF|0|0|0|0|0|0|1|8000|0|0|0|0|0
S|HH072|48005078|135533625| |TF|0|0|0|0|0|0|0|0|0|0|0|0|0
S|HH073|48063269|135017222| |TF|0|0|0|0|0|0|1|7000|0|0|0|0|0
S|HH014|48218664|134813328| |TF|0|0|0|0|0|0|1|7000|0|0|0|0|0
S|HH008|48296667|134872131| |TF|0|0|0|0|0|0|1|5480|0|0|0|0|0

P|NEBE6D|05R|NEBES|0|6
S|NEBES|48308611|136777778| |IF|0|0|0|0|0|0|1|17000|0|0|0|0|0
S|HH069|48145950|136102367| |TF|0|0|0|0|0|0|1|8000|0|0|0|0|0
S|HH072|48005078|135533625| |TF|0|0|0|0|0|0|0|0|0|0|0|0|0
S|HH073|48063269|135017222| |TF|0|0|0|0|0|0|1|7000|0|0|0|0|0
S|HH014|48218664|134813328| |TF|0|0|0|0|0|0|1|7000|0|0|0|0|0
S|HH008|48296667|134872131| |TF|0|0|0|0|0|0|1|5480|0|0|0|0|0

P|NEBE6E|05L|NEBES|0|3
S|NEBES|48308611|136777778| |IF|0|0|0|0|0|0|1|17000|0|0|0|0|0
S|HH070|48312383|136219186| |TF|0|0|0|0|0|0|1|8000|0|0|0|0|0
S|HH207|48302322|135088253| |TF|0|0|0|0|0|0|1|3180|0|0|0|0|0

P|NEBE6E|05R|NEBES|0|3
S|NEBES|48308611|136777778| |IF|0|0|0|0|0|0|1|17000|0|0|0|0|0
S|HH070|48312383|136219186| |TF|0|0|0|0|0|0|1|8000|0|0|0|0|0
S|HH207|48302322|135088253| |TF|0|0|0|0|0|0|1|3180|0|0|0|0|0

P|NEBE6F|23L|NEBES|0|8
S|NEBES|48308611|136777778| |IF|0|0|0|0|0|0|1|17000|0|0|0|0|0
S|HH137|48505325|136270403| |TF|0|0|0|0|0|0|1|8000|0|0|0|0|0
S|HH118|48670214|135837492| |TF|0|0|0|0|0|215|1|7000|0|0|0|0|0
S|HH101|48823822|135841831| |TF|0|0|0|0|0|215|0|7000|0|0|0|0|0
S|HH102|48918731|135757267| |TF|0|0|0|0|0|215|0|7000|0|0|0|0|0
S|HH103|48979839|135614083| |TF|0|0|0|0|0|215|0|7000|0|0|0|0|0
S|HH104|48993278|135450556| |TF|0|0|0|0|0|215|0|7000|0|0|0|0|0
S|HH202|48760817|135510381| |TF|1|0|0|0|0|0|1|5480|0|0|0|0|0

P|NEBE6F|23R|NEBES|0|8
S|NEBES|48308611|136777778| |IF|0|0|0|0|0|0|1|17000|0|0|0|0|0
S|HH137|48505325|136270403| |TF|0|0|0|0|0|0|1|8000|0|0|0|0|0
S|HH118|48670214|135837492| |TF|0|0|0|0|0|215|1|7000|0|0|0|0|0
S|HH101|48823822|135841831| |TF|0|0|0|0|0|215|0|7000|0|0|0|0|0
S|HH102|48918731|135757267| |TF|0|0|0|0|0|215|0|7000|0|0|0|0|0
S|HH103|48979839|135614083| |TF|0|0|0|0|0|215|0|7000|0|0|0|0|0
S|HH104|48993278|135450556| |TF|0|0|0|0|0|215|0|7000|0|0|0|0|0
S|HH202|48760817|135510381| |TF|1|0|0|0|0|0|1|5480|0|0|0|0|0

P|NEBE6G|23L|NEBES|0|8
S|NEBES|48308611|136777778| |IF|0|0|0|0|0|0|1|17000|0|0|0|0|0
S|HH138|48651431|136256483| |TF|0|0|0|0|0|0|1|8000|0|0|0|0|0
S|HH111|48771764|136104539| |TF|0|0|0|0|0|0|1|7000|0|0|0|0|0
S|HH101|48823822|135841831| |TF|0|0|0|0|0|215|0|7000|0|0|0|0|0
S|HH102|48918731|135757267| |TF|0|0|0|0|0|215|0|7000|0|0|0|0|0
S|HH103|48979839|135614083| |TF|0|0|0|0|0|215|0|7000|0|0|0|0|0
S|HH104|48993278|135450556| |TF|0|0|0|0|0|215|0|7000|0|0|0|0|0
S|HH202|48760817|135510381| |TF|1|0|0|0|0|0|1|5480|0|0|0|0|0

P|NEBE6G|23R|NEBES|0|8
S|NEBES|48308611|136777778| |IF|0|0|0|0|0|0|1|17000|0|0|0|0|0
S|HH138|48651431|136256483| |TF|0|0|0|0|0|0|1|8000|0|0|0|0|0
S|HH111|48771764|136104539| |TF|0|0|0|0|0|0|1|7000|0|0|0|0|0
S|HH101|48823822|135841831| |TF|0|0|0|0|0|215|0|7000|0|0|0|0|0
S|HH102|48918731|135757267| |TF|0|0|0|0|0|215|0|7000|0|0|0|0|0
S|HH103|48979839|135614083| |TF|0|0|0|0|0|215|0|7000|0|0|0|0|0
S|HH104|48993278|135450556| |TF|0|0|0|0|0|215|0|7000|0|0|0|0|0
S|HH202|48760817|135510381| |TF|1|0|0|0|0|0|1|5480|0|0|0|0|0

P|NEBE7B|05L|NEBES|0|5
S|NEBES|48308611|136777778| |IF|0|0|0|0|0|0|1|17000|0|0|0|0|0
S|HI41B|48401667|136253056| |TF|0|0|0|0|0|0|1|8000|0|0|0|0|0
S|HR27N|48475369|135834100| |TF|0|0|0|0|0|0|0|0|0|0|0|0|0
S|HR27N|48475369|135834100| |IF|0|0|0|0|0|0|0|0|0|0|0|0|0
S|HR|48508722|135159333| |TF|0|0|0|0|0|0|1|6000|0|0|0|0|0

P|NEBE7B|23R|NEBES|0|5
S|NEBES|48308611|136777778| |IF|0|0|0|0|0|0|1|17000|0|0|0|0|0
S|HI41B|48401667|136253056| |TF|0|0|0|0|0|0|1|8000|0|0|0|0|0
S|HR27N|48475369|135834100| |TF|0|0|0|0|0|0|0|0|0|0|0|0|0
S|HR27N|48475369|135834100| |IF|0|0|0|0|0|0|0|0|0|0|0|0|0
S|HR|48508722|135159333| |TF|0|0|0|0|0|0|1|6000|0|0|0|0|0

P|NEBE7C|05L|NEBES|0|4
S|NEBES|48308611|136777778| |IF|0|0|0|0|0|0|1|17000|0|0|0|0|0
S|HA42B|48391003|136249106| |TF|0|0|0|0|0|0|1|8000|0|0|0|0|0
S|HA42B|48391003|136249106| |IF|0|0|0|0|0|0|1|8000|0|0|0|0|0
S|HAB|48545083|135210361| |TF|0|0|0|0|0|0|1|6000|0|0|0|0|0

P|NEBE7C|05R|NEBES|0|4
S|NEBES|48308611|136777778| |IF|0|0|0|0|0|0|1|17000|0|0|0|0|0
S|HA42B|48391003|136249106| |TF|0|0|0|0|0|0|1|8000|0|0|0|0|0
S|HA42B|48391003|136249106| |IF|0|0|0|0|0|0|1|8000|0|0|0|0|0
S|HAB|48545083|135210361| |TF|0|0|0|0|0|0|1|6000|0|0|0|0|0

P|NEBE7C|23L|NEBES|0|4
S|NEBES|48308611|136777778| |IF|0|0|0|0|0|0|1|17000|0|0|0|0|0
S|HA42B|48391003|136249106| |TF|0|0|0|0|0|0|1|8000|0|0|0|0|0
S|HA42B|48391003|136249106| |IF|0|0|0|0|0|0|1|8000|0|0|0|0|0
S|HAB|48545083|135210361| |TF|0|0|0|0|0|0|1|6000|0|0|0|0|0

P|NEBE7C|23R|NEBES|0|4
S|NEBES|48308611|136777778| |IF|0|0|0|0|0|0|1|17000|0|0|0|0|0
S|HA42B|48391003|136249106| |TF|0|0|0|0|0|0|1|8000|0|0|0|0|0
S|HA42B|48391003|136249106| |IF|0|0|0|0|0|0|1|8000|0|0|0|0|0
S|HAB|48545083|135210361| |TF|0|0|0|0|0|0|1|6000|0|0|0|0|0

P|NEBE9A|23L|NEBES|0|3
S|NEBES|48308611|136777778| |IF|0|0|0|0|0|0|1|17000|0|0|0|0|0
S|HI41B|48401667|136253056| |TF|0|0|0|0|0|0|1|8000|0|0|0|0|0
S|HI|48568444|135246111| |TF|0|0|0|0|0|0|1|6000|0|0|0|0|0

P|NEBE9B|05R|NEBES|0|3
S|NEBES|48308611|136777778| |IF|0|0|0|0|0|0|1|17000|0|0|0|0|0
S|UF45B|48370000|136243056| |TF|0|0|0|0|0|0|1|8000|0|0|0|0|0
S|UF|48488361|135136972| |TF|0|0|0|0|0|0|1|6000|0|0|0|0|0

P|RANO5A|05L|RANOL|0|4
S|RANOL|48646944|134102778| |IF|0|0|0|0|0|0|1|9000|0|0|0|0|0
S|HR27H|48584756|134492922| |TF|0|0|0|0|0|0|0|0|0|0|0|0|0
S|HR27H|48584756|134492922| |IF|0|0|0|0|0|0|0|0|0|0|0|0|0
S|HR|48508722|135159333| |TF|0|0|0|0|0|0|1|6000|0|0|0|0|0

P|RANO5A|23R|RANOL|0|4
S|RANOL|48646944|134102778| |IF|0|0|0|0|0|0|1|9000|0|0|0|0|0
S|HR27H|48584756|134492922| |TF|0|0|0|0|0|0|0|0|0|0|0|0|0
S|HR27H|48584756|134492922| |IF|0|0|0|0|0|0|0|0|0|0|0|0|0
S|HR|48508722|135159333| |TF|0|0|0|0|0|0|1|6000|0|0|0|0|0

P|RANO6D|05L|RANOL|0|2
S|RANOL|48646944|134102778| |IF|0|0|0|0|0|0|1|9000|0|0|0|0|0
S|HH009|48438903|134860683| |TF|0|0|0|0|0|0|1|3180|0|0|0|0|0

P|RANO6D|05R|RANOL|0|2
S|RANOL|48646944|134102778| |IF|0|0|0|0|0|0|1|9000|0|0|0|0|0
S|HH009|48438903|134860683| |TF|0|0|0|0|0|0|1|3180|0|0|0|0|0

P|RANO6F|23L|RANOL|0|2
S|RANOL|48646944|134102778| |IF|0|0|0|0|0|0|1|9000|0|0|0|0|0
S|HH003|48752578|135287761| |TF|0|0|0|0|0|0|1|3180|0|0|0|0|0

P|RANO6F|23R|RANOL|0|2
S|RANOL|48646944|134102778| |IF|0|0|0|0|0|0|1|9000|0|0|0|0|0
S|HH003|48752578|135287761| |TF|0|0|0|0|0|0|1|3180|0|0|0|0|0

P|RANO6G|23L|RANOL|0|7
S|RANOL|48646944|134102778| |IF|0|0|0|0|0|0|1|9000|0|0|0|0|0
S|HH108|48872186|135052106| |TF|0|0|0|0|0|215|1|8000|0|0|0|0|0
S|HH107|48948183|135301117| |TF|0|0|0|0|0|215|0|8000|0|0|0|0|0
S|HH106|48983281|135452253| |TF|0|0|0|0|0|215|0|8000|0|0|0|0|0
S|HH105|48971364|135609522| |TF|0|0|0|0|0|215|0|8000|0|0|0|0|0
S|HH017|48912608|135747522| |TF|0|0|0|0|0|215|0|8000|0|0|0|0|0
S|HH202|48760817|135510381| |TF|2|0|0|0|0|0|1|5480|0|0|0|0|0

P|RANO6G|23R|RANOL|0|7
S|RANOL|48646944|134102778| |IF|0|0|0|0|0|0|1|9000|0|0|0|0|0
S|HH108|48872186|135052106| |TF|0|0|0|0|0|215|1|8000|0|0|0|0|0
S|HH107|48948183|135301117| |TF|0|0|0|0|0|215|0|8000|0|0|0|0|0
S|HH106|48983281|135452253| |TF|0|0|0|0|0|215|0|8000|0|0|0|0|0
S|HH105|48971364|135609522| |TF|0|0|0|0|0|215|0|8000|0|0|0|0|0
S|HH017|48912608|135747522| |TF|0|0|0|0|0|215|0|8000|0|0|0|0|0
S|HH202|48760817|135510381| |TF|2|0|0|0|0|0|1|5480|0|0|0|0|0

P|RANO7B|05L|RANOL|0|4
S|RANOL|48646944|134102778| |IF|0|0|0|0|0|0|1|9000|0|0|0|0|0
S|HR27S|48623325|134503681| |TF|0|0|0|0|0|0|0|0|0|0|0|0|0
S|HR27S|48623325|134503681| |IF|0|0|0|0|0|0|0|0|0|0|0|0|0
S|HR|48508722|135159333| |TF|0|0|0|0|0|0|1|6000|0|0|0|0|0

P|RANO7B|23R|RANOL|0|4
S|RANOL|48646944|134102778| |IF|0|0|0|0|0|0|1|9000|0|0|0|0|0
S|HR27S|48623325|134503681| |TF|0|0|0|0|0|0|0|0|0|0|0|0|0
S|HR27S|48623325|134503681| |IF|0|0|0|0|0|0|0|0|0|0|0|0|0
S|HR|48508722|135159333| |TF|0|0|0|0|0|0|1|6000|0|0|0|0|0

P|RANO7C|05L|RANOL|0|3
S|RANOL|48646944|134102778| |IF|0|0|0|0|0|0|1|9000|0|0|0|0|0
S|RANOL|48646944|134102778| |IF|0|0|0|0|0|0|1|9000|0|0|0|0|0
S|HAB|48545083|135210361| |TF|0|0|0|0|0|0|1|6000|0|0|0|0|0

P|RANO7C|05R|RANOL|0|3
S|RANOL|48646944|134102778| |IF|0|0|0|0|0|0|1|9000|0|0|0|0|0
S|RANOL|48646944|134102778| |IF|0|0|0|0|0|0|1|9000|0|0|0|0|0
S|HAB|48545083|135210361| |TF|0|0|0|0|0|0|1|6000|0|0|0|0|0

P|RANO7C|23L|RANOL|0|3
S|RANOL|48646944|134102778| |IF|0|0|0|0|0|0|1|9000|0|0|0|0|0
S|RANOL|48646944|134102778| |IF|0|0|0|0|0|0|1|9000|0|0|0|0|0
S|HAB|48545083|135210361| |TF|0|0|0|0|0|0|1|6000|0|0|0|0|0

P|RANO7C|23R|RANOL|0|3
S|RANOL|48646944|134102778| |IF|0|0|0|0|0|0|1|9000|0|0|0|0|0
S|RANOL|48646944|134102778| |IF|0|0|0|0|0|0|1|9000|0|0|0|0|0
S|HAB|48545083|135210361| |TF|0|0|0|0|0|0|1|6000|0|0|0|0|0

P|RANO9A|23L|RANOL|0|2
S|RANOL|48646944|134102778| |IF|0|0|0|0|0|0|1|9000|0|0|0|0|0
S|HI|48568444|135246111| |TF|0|0|0|0|0|0|1|6000|0|0|0|0|0

P|RANO9B|05R|RANOL|0|2
S|RANOL|48646944|134102778| |IF|0|0|0|0|0|0|1|9000|0|0|0|0|0
S|UF|48488361|135136972| |TF|0|0|0|0|0|0|1|6000|0|0|0|0|0

P|SORU5A|05L|SORUS|0|5
S|SORUS|47271944|136046111| |IF|0|0|0|0|0|0|1|19000|0|0|0|0|0
S|UF42|47865833|135608333| |TF|0|0|0|0|0|0|1|18000|0|0|0|0|0
S|HR27E|48097439|135432481| |TF|0|0|0|0|0|0|0|0|0|0|0|0|0
S|HR27E|48097439|135432481| |IF|0|0|0|0|0|0|0|0|0|0|0|0|0
S|HR|48508722|135159333| |TF|0|0|0|0|0|0|1|6000|0|0|0|0|0

P|SORU5A|23R|SORUS|0|5
S|SORUS|47271944|136046111| |IF|0|0|0|0|0|0|1|19000|0|0|0|0|0
S|UF42|47865833|135608333| |TF|0|0|0|0|0|0|1|18000|0|0|0|0|0
S|HR27E|48097439|135432481| |TF|0|0|0|0|0|0|0|0|0|0|0|0|0
S|HR27E|48097439|135432481| |IF|0|0|0|0|0|0|0|0|0|0|0|0|0
S|HR|48508722|135159333| |TF|0|0|0|0|0|0|1|6000|0|0|0|0|0

P|SORU6D|05L|SORUS|0|5
S|SORUS|47271944|136046111| |IF|0|0|0|0|0|0|1|19000|0|0|0|0|0
S|HH068|47854669|135294956| |TF|0|0|0|0|0|0|1|18000|0|0|0|0|0
S|HH073|48063269|135017222| |TF|0|0|0|0|0|0|1|7000|0|0|0|0|0
S|HH014|48218664|134813328| |TF|0|0|0|0|0|0|1|7000|0|0|0|0|0
S|HH008|48296667|134872131| |TF|0|0|0|0|0|0|1|5480|0|0|0|0|0

P|SORU6D|05R|SORUS|0|5
S|SORUS|47271944|136046111| |IF|0|0|0|0|0|0|1|19000|0|0|0|0|0
S|HH068|47854669|135294956| |TF|0|0|0|0|0|0|1|18000|0|0|0|0|0
S|HH073|48063269|135017222| |TF|0|0|0|0|0|0|1|7000|0|0|0|0|0
S|HH014|48218664|134813328| |TF|0|0|0|0|0|0|1|7000|0|0|0|0|0
S|HH008|48296667|134872131| |TF|0|0|0|0|0|0|1|5480|0|0|0|0|0

P|SORU6F|23L|SORUS|0|8
S|SORUS|47271944|136046111| |IF|0|0|0|0|0|0|1|19000|0|0|0|0|0
S|HH132|48074989|135972972| |TF|0|0|0|0|0|0|1|8000|0|0|0|0|0
S|HH118|48670214|135837492| |TF|0|0|0|0|0|215|1|7000|0|0|0|0|0
S|HH101|48823822|135841831| |TF|0|0|0|0|0|215|0|7000|0|0|0|0|0
S|HH102|48918731|135757267| |TF|0|0|0|0|0|215|0|7000|0|0|0|0|0
S|HH103|48979839|135614083| |TF|0|0|0|0|0|215|0|7000|0|0|0|0|0
S|HH104|48993278|135450556| |TF|0|0|0|0|0|215|0|7000|0|0|0|0|0
S|HH202|48760817|135510381| |TF|1|0|0|0|0|0|1|5480|0|0|0|0|0

P|SORU6F|23R|SORUS|0|8
S|SORUS|47271944|136046111| |IF|0|0|0|0|0|0|1|19000|0|0|0|0|0
S|HH132|48074989|135972972| |TF|0|0|0|0|0|0|1|8000|0|0|0|0|0
S|HH118|48670214|135837492| |TF|0|0|0|0|0|215|1|7000|0|0|0|0|0
S|HH101|48823822|135841831| |TF|0|0|0|0|0|215|0|7000|0|0|0|0|0
S|HH102|48918731|135757267| |TF|0|0|0|0|0|215|0|7000|0|0|0|0|0
S|HH103|48979839|135614083| |TF|0|0|0|0|0|215|0|7000|0|0|0|0|0
S|HH104|48993278|135450556| |TF|0|0|0|0|0|215|0|7000|0|0|0|0|0
S|HH202|48760817|135510381| |TF|1|0|0|0|0|0|1|5480|0|0|0|0|0

P|SORU6G|23L|SORUS|0|10
S|SORUS|47271944|136046111| |IF|0|0|0|0|0|0|1|19000|0|0|0|0|0
S|HH132|48074989|135972972| |TF|0|0|0|0|0|0|1|8000|0|0|0|0|0
S|HH131|48217206|136154242| |TF|0|0|0|0|0|0|0|0|0|0|0|0|0
S|HH129|48545283|136166144| |TF|0|0|0|0|0|0|0|0|0|0|0|0|0
S|HH111|48771764|136104539| |TF|0|0|0|0|0|0|1|7000|0|0|0|0|0
S|HH101|48823822|135841831| |TF|0|0|0|0|0|215|0|7000|0|0|0|0|0
S|HH102|48918731|135757267| |TF|0|0|0|0|0|215|0|7000|0|0|0|0|0
S|HH103|48979839|135614083| |TF|0|0|0|0|0|215|0|7000|0|0|0|0|0
S|HH104|48993278|135450556| |TF|0|0|0|0|0|215|0|7000|0|0|0|0|0
S|HH202|48760817|135510381| |TF|1|0|0|0|0|0|1|5480|0|0|0|0|0

P|SORU6G|23R|SORUS|0|10
S|SORUS|47271944|136046111| |IF|0|0|0|0|0|0|1|19000|0|0|0|0|0
S|HH132|48074989|135972972| |TF|0|0|0|0|0|0|1|8000|0|0|0|0|0
S|HH131|48217206|136154242| |TF|0|0|0|0|0|0|0|0|0|0|0|0|0
S|HH129|48545283|136166144| |TF|0|0|0|0|0|0|0|0|0|0|0|0|0
S|HH111|48771764|136104539| |TF|0|0|0|0|0|0|1|7000|0|0|0|0|0
S|HH101|48823822|135841831| |TF|0|0|0|0|0|215|0|7000|0|0|0|0|0
S|HH102|48918731|135757267| |TF|0|0|0|0|0|215|0|7000|0|0|0|0|0
S|HH103|48979839|135614083| |TF|0|0|0|0|0|215|0|7000|0|0|0|0|0
S|HH104|48993278|135450556| |TF|0|0|0|0|0|215|0|7000|0|0|0|0|0
S|HH202|48760817|135510381| |TF|1|0|0|0|0|0|1|5480|0|0|0|0|0

P|SORU7B|05L|SORUS|0|5
S|SORUS|47271944|136046111| |IF|0|0|0|0|0|0|1|19000|0|0|0|0|0
S|HI44|47885833|135672778| |TF|0|0|0|0|0|0|1|18000|0|0|0|0|0
S|HR27O|48131281|135524928| |TF|0|0|0|0|0|0|0|0|0|0|0|0|0
S|HR27O|48131281|135524928| |IF|0|0|0|0|0|0|0|0|0|0|0|0|0
S|HR|48508722|135159333| |TF|0|0|0|0|0|0|1|6000|0|0|0|0|0

P|SORU7B|23R|SORUS|0|5
S|SORUS|47271944|136046111| |IF|0|0|0|0|0|0|1|19000|0|0|0|0|0
S|HI44|47885833|135672778| |TF|0|0|0|0|0|0|1|18000|0|0|0|0|0
S|HR27O|48131281|135524928| |TF|0|0|0|0|0|0|0|0|0|0|0|0|0
S|HR27O|48131281|135524928| |IF|0|0|0|0|0|0|0|0|0|0|0|0|0
S|HR|48508722|135159333| |TF|0|0|0|0|0|0|1|6000|0|0|0|0|0

P|SORU7C|05L|SORUS|0|4
S|SORUS|47271944|136046111| |IF|0|0|0|0|0|0|1|19000|0|0|0|0|0
S|HA44A|47879400|135652978| |TF|0|0|0|0|0|0|1|18000|0|0|0|0|0
S|HA44A|47879400|135652978| |IF|0|0|0|0|0|0|1|18000|0|0|0|0|0
S|HAB|48545083|135210361| |TF|0|0|0|0|0|0|1|6000|0|0|0|0|0

P|SORU7C|05R|SORUS|0|4
S|SORUS|47271944|136046111| |IF|0|0|0|0|0|0|1|19000|0|0|0|0|0
S|HA44A|47879400|135652978| |TF|0|0|0|0|0|0|1|18000|0|0|0|0|0
S|HA44A|47879400|135652978| |IF|0|0|0|0|0|0|1|18000|0|0|0|0|0
S|HAB|48545083|135210361| |TF|0|0|0|0|0|0|1|6000|0|0|0|0|0

P|SORU7C|23L|SORUS|0|4
S|SORUS|47271944|136046111| |IF|0|0|0|0|0|0|1|19000|0|0|0|0|0
S|HA44A|47879400|135652978| |TF|0|0|0|0|0|0|1|18000|0|0|0|0|0
S|HA44A|47879400|135652978| |IF|0|0|0|0|0|0|1|18000|0|0|0|0|0
S|HAB|48545083|135210361| |TF|0|0|0|0|0|0|1|6000|0|0|0|0|0

P|SORU7C|23R|SORUS|0|4
S|SORUS|47271944|136046111| |IF|0|0|0|0|0|0|1|19000|0|0|0|0|0
S|HA44A|47879400|135652978| |TF|0|0|0|0|0|0|1|18000|0|0|0|0|0
S|HA44A|47879400|135652978| |IF|0|0|0|0|0|0|1|18000|0|0|0|0|0
S|HAB|48545083|135210361| |TF|0|0|0|0|0|0|1|6000|0|0|0|0|0

P|SORU9A|23L|SORUS|0|3
S|SORUS|47271944|136046111| |IF|0|0|0|0|0|0|1|19000|0|0|0|0|0
S|HI44|47885833|135672778| |TF|0|0|0|0|0|0|1|18000|0|0|0|0|0
S|HI|48568444|135246111| |TF|0|0|0|0|0|0|1|6000|0|0|0|0|0

P|SORU9B|05R|SORUS|0|3
S|SORUS|47271944|136046111| |IF|0|0|0|0|0|0|1|19000|0|0|0|0|0
S|UF42|47865833|135608333| |TF|0|0|0|0|0|0|1|18000|0|0|0|0|0
S|UF|48488361|135136972| |TF|0|0|0|0|0|0|1|6000|0|0|0|0|0

P|TIGM5A|05L|TIGMA|0|5
S|TIGMA|48575278|136816111| |IF|0|0|0|0|0|0|1|10000|0|0|0|0|0
S|UF45A|48549722|136270833| |TF|0|0|0|0|0|0|1|8000|0|0|0|0|0
S|B27C|48530264|135835228| |TF|0|0|0|0|0|0|0|0|0|0|0|0|0
S|B27C|48530264|135835228| |IF|0|0|0|0|0|0|0|0|0|0|0|0|0
S|HR|48508722|135159333| |TF|0|0|0|0|0|0|1|6000|0|0|0|0|0

P|TIGM5A|23R|TIGMA|0|5
S|TIGMA|48575278|136816111| |IF|0|0|0|0|0|0|1|10000|0|0|0|0|0
S|UF45A|48549722|136270833| |TF|0|0|0|0|0|0|1|8000|0|0|0|0|0
S|B27C|48530264|135835228| |TF|0|0|0|0|0|0|0|0|0|0|0|0|0
S|B27C|48530264|135835228| |IF|0|0|0|0|0|0|0|0|0|0|0|0|0
S|HR|48508722|135159333| |TF|0|0|0|0|0|0|1|6000|0|0|0|0|0

P|TIGM6D|05L|TIGMA|0|6
S|TIGMA|48575278|136816111| |IF|0|0|0|0|0|0|1|10000|0|0|0|0|0
S|HH069|48145950|136102367| |TF|0|0|0|0|0|0|1|8000|0|0|0|0|0
S|HH072|48005078|135533625| |TF|0|0|0|0|0|0|0|0|0|0|0|0|0
S|HH073|48063269|135017222| |TF|0|0|0|0|0|0|1|7000|0|0|0|0|0
S|HH014|48218664|134813328| |TF|0|0|0|0|0|0|1|7000|0|0|0|0|0
S|HH008|48296667|134872131| |TF|0|0|0|0|0|0|1|5480|0|0|0|0|0

P|TIGM6D|05R|TIGMA|0|6
S|TIGMA|48575278|136816111| |IF|0|0|0|0|0|0|1|10000|0|0|0|0|0
S|HH069|48145950|136102367| |TF|0|0|0|0|0|0|1|8000|0|0|0|0|0
S|HH072|48005078|135533625| |TF|0|0|0|0|0|0|0|0|0|0|0|0|0
S|HH073|48063269|135017222| |TF|0|0|0|0|0|0|1|7000|0|0|0|0|0
S|HH014|48218664|134813328| |TF|0|0|0|0|0|0|1|7000|0|0|0|0|0
S|HH008|48296667|134872131| |TF|0|0|0|0|0|0|1|5480|0|0|0|0|0

P|TIGM6E|05L|TIGMA|0|3
S|TIGMA|48575278|136816111| |IF|0|0|0|0|0|0|1|10000|0|0|0|0|0
S|HH071|48494656|136269661| |TF|0|0|0|0|0|0|1|8000|0|0|0|0|0
S|HH207|48302322|135088253| |TF|0|0|0|0|0|0|1|3180|0|0|0|0|0

P|TIGM6E|05R|TIGMA|0|3
S|TIGMA|48575278|136816111| |IF|0|0|0|0|0|0|1|10000|0|0|0|0|0
S|HH071|48494656|136269661| |TF|0|0|0|0|0|0|1|8000|0|0|0|0|0
S|HH207|48302322|135088253| |TF|0|0|0|0|0|0|1|3180|0|0|0|0|0

P|TIGM6F|23L|TIGMA|0|8
S|TIGMA|48575278|136816111| |IF|0|0|0|0|0|0|1|10000|0|0|0|0|0
S|HH138|48651431|136256483| |TF|0|0|0|0|0|0|1|8000|0|0|0|0|0
S|HH118|48670214|135837492| |TF|0|0|0|0|0|215|1|7000|0|0|0|0|0
S|HH101|48823822|135841831| |TF|0|0|0|0|0|215|0|7000|0|0|0|0|0
S|HH102|48918731|135757267| |TF|0|0|0|0|0|215|0|7000|0|0|0|0|0
S|HH103|48979839|135614083| |TF|0|0|0|0|0|215|0|7000|0|0|0|0|0
S|HH104|48993278|135450556| |TF|0|0|0|0|0|215|0|7000|0|0|0|0|0
S|HH202|48760817|135510381| |TF|1|0|0|0|0|0|1|5480|0|0|0|0|0

P|TIGM6F|23R|TIGMA|0|8
S|TIGMA|48575278|136816111| |IF|0|0|0|0|0|0|1|10000|0|0|0|0|0
S|HH138|48651431|136256483| |TF|0|0|0|0|0|0|1|8000|0|0|0|0|0
S|HH118|48670214|135837492| |TF|0|0|0|0|0|215|1|7000|0|0|0|0|0
S|HH101|48823822|135841831| |TF|0|0|0|0|0|215|0|7000|0|0|0|0|0
S|HH102|48918731|135757267| |TF|0|0|0|0|0|215|0|7000|0|0|0|0|0
S|HH103|48979839|135614083| |TF|0|0|0|0|0|215|0|7000|0|0|0|0|0
S|HH104|48993278|135450556| |TF|0|0|0|0|0|215|0|7000|0|0|0|0|0
S|HH202|48760817|135510381| |TF|1|0|0|0|0|0|1|5480|0|0|0|0|0

P|TIGM6G|23L|TIGMA|0|8
S|TIGMA|48575278|136816111| |IF|0|0|0|0|0|0|1|10000|0|0|0|0|0
S|HH139|48738675|136225883| |TF|0|0|0|0|0|0|1|8000|0|0|0|0|0
S|HH111|48771764|136104539| |TF|0|0|0|0|0|0|1|7000|0|0|0|0|0
S|HH101|48823822|135841831| |TF|0|0|0|0|0|215|0|7000|0|0|0|0|0
S|HH102|48918731|135757267| |TF|0|0|0|0|0|215|0|7000|0|0|0|0|0
S|HH103|48979839|135614083| |TF|0|0|0|0|0|215|0|7000|0|0|0|0|0
S|HH104|48993278|135450556| |TF|0|0|0|0|0|215|0|7000|0|0|0|0|0
S|HH202|48760817|135510381| |TF|1|0|0|0|0|0|1|5480|0|0|0|0|0

P|TIGM6G|23R|TIGMA|0|8
S|TIGMA|48575278|136816111| |IF|0|0|0|0|0|0|1|10000|0|0|0|0|0
S|HH139|48738675|136225883| |TF|0|0|0|0|0|0|1|8000|0|0|0|0|0
S|HH111|48771764|136104539| |TF|0|0|0|0|0|0|1|7000|0|0|0|0|0
S|HH101|48823822|135841831| |TF|0|0|0|0|0|215|0|7000|0|0|0|0|0
S|HH102|48918731|135757267| |TF|0|0|0|0|0|215|0|7000|0|0|0|0|0
S|HH103|48979839|135614083| |TF|0|0|0|0|0|215|0|7000|0|0|0|0|0
S|HH104|48993278|135450556| |TF|0|0|0|0|0|215|0|7000|0|0|0|0|0
S|HH202|48760817|135510381| |TF|1|0|0|0|0|0|1|5480|0|0|0|0|0

P|TIGM7B|05L|TIGMA|0|5
S|TIGMA|48575278|136816111| |IF|0|0|0|0|0|0|1|10000|0|0|0|0|0
S|HI41A|48575278|136269444| |TF|0|0|0|0|0|0|1|8000|0|0|0|0|0
S|HR27M|48577114|135828575| |TF|0|0|0|0|0|0|0|0|0|0|0|0|0
S|HR27M|48577114|135828575| |IF|0|0|0|0|0|0|0|0|0|0|0|0|0
S|HR|48508722|135159333| |TF|0|0|0|0|0|0|1|6000|0|0|0|0|0

P|TIGM7B|23R|TIGMA|0|5
S|TIGMA|48575278|136816111| |IF|0|0|0|0|0|0|1|10000|0|0|0|0|0
S|HI41A|48575278|136269444| |TF|0|0|0|0|0|0|1|8000|0|0|0|0|0
S|HR27M|48577114|135828575| |TF|0|0|0|0|0|0|0|0|0|0|0|0|0
S|HR27M|48577114|135828575| |IF|0|0|0|0|0|0|0|0|0|0|0|0|0
S|HR|48508722|135159333| |TF|0|0|0|0|0|0|1|6000|0|0|0|0|0

P|TIGM7C|05L|TIGMA|0|4
S|TIGMA|48575278|136816111| |IF|0|0|0|0|0|0|1|10000|0|0|0|0|0
S|HA42A|48567511|136269169| |TF|0|0|0|0|0|0|1|8000|0|0|0|0|0
S|HA42A|48567511|136269169| |IF|0|0|0|0|0|0|1|8000|0|0|0|0|0
S|HAB|48545083|135210361| |TF|0|0|0|0|0|0|1|6000|0|0|0|0|0

P|TIGM7C|05R|TIGMA|0|4
S|TIGMA|48575278|136816111| |IF|0|0|0|0|0|0|1|10000|0|0|0|0|0
S|HA42A|48567511|136269169| |TF|0|0|0|0|0|0|1|8000|0|0|0|0|0
S|HA42A|48567511|136269169| |IF|0|0|0|0|0|0|1|8000|0|0|0|0|0
S|HAB|48545083|135210361| |TF|0|0|0|0|0|0|1|6000|0|0|0|0|0

P|TIGM7C|23L|TIGMA|0|4
S|TIGMA|48575278|136816111| |IF|0|0|0|0|0|0|1|10000|0|0|0|0|0
S|HA42A|48567511|136269169| |TF|0|0|0|0|0|0|1|8000|0|0|0|0|0
S|HA42A|48567511|136269169| |IF|0|0|0|0|0|0|1|8000|0|0|0|0|0
S|HAB|48545083|135210361| |TF|0|0|0|0|0|0|1|6000|0|0|0|0|0

P|TIGM7C|23R|TIGMA|0|4
S|TIGMA|48575278|136816111| |IF|0|0|0|0|0|0|1|10000|0|0|0|0|0
S|HA42A|48567511|136269169| |TF|0|0|0|0|0|0|1|8000|0|0|0|0|0
S|HA42A|48567511|136269169| |IF|0|0|0|0|0|0|1|8000|0|0|0|0|0
S|HAB|48545083|135210361| |TF|0|0|0|0|0|0|1|6000|0|0|0|0|0

P|TIGM9A|23L|TIGMA|0|3
S|TIGMA|48575278|136816111| |IF|0|0|0|0|0|0|1|10000|0|0|0|0|0
S|HI41A|48575278|136269444| |TF|0|0|0|0|0|0|1|8000|0|0|0|0|0
S|HI|48568444|135246111| |TF|0|0|0|0|0|0|1|6000|0|0|0|0|0

P|TIGM9B|05R|TIGMA|0|3
S|TIGMA|48575278|136816111| |IF|0|0|0|0|0|0|1|10000|0|0|0|0|0
S|UF45A|48549722|136270833| |TF|0|0|0|0|0|0|1|8000|0|0|0|0|0
S|UF|48488361|135136972| |TF|0|0|0|0|0|0|1|6000|0|0|0|0|0

P|TOMS5A|05L|TOMSU|0|4
S|TOMSU|48978611|135852778| |IF|0|0|0|0|0|0|1|8000|0|0|0|0|0
S|HR27B|48831319|135632606| |TF|0|0|0|0|0|0|0|0|0|0|0|0|0
S|HR27B|48831319|135632606| |IF|0|0|0|0|0|0|0|0|0|0|0|0|0
S|HR|48508722|135159333| |TF|0|0|0|0|0|0|1|6000|0|0|0|0|0

P|TOMS5A|23R|TOMSU|0|4
S|TOMSU|48978611|135852778| |IF|0|0|0|0|0|0|1|8000|0|0|0|0|0
S|HR27B|48831319|135632606| |TF|0|0|0|0|0|0|0|0|0|0|0|0|0
S|HR27B|48831319|135632606| |IF|0|0|0|0|0|0|0|0|0|0|0|0|0
S|HR|48508722|135159333| |TF|0|0|0|0|0|0|1|6000|0|0|0|0|0

P|TOMS6D|05L|TOMSU|0|3
S|TOMSU|48978611|135852778| |IF|0|0|0|0|0|0|1|8000|0|0|0|0|0
S|HH013|48716978|134903428| |TF|0|0|0|0|0|0|0|0|0|0|0|0|0
S|HH009|48438903|134860683| |TF|0|0|0|0|0|0|1|3180|0|0|0|0|0

P|TOMS6D|05R|TOMSU|0|3
S|TOMSU|48978611|135852778| |IF|0|0|0|0|0|0|1|8000|0|0|0|0|0
S|HH013|48716978|134903428| |TF|0|0|0|0|0|0|0|0|0|0|0|0|0
S|HH009|48438903|134860683| |TF|0|0|0|0|0|0|1|3180|0|0|0|0|0

P|TOMS6G|23L|TOMSU|0|5
S|TOMSU|48978611|135852778| |IF|0|0|0|0|0|0|1|8000|0|0|0|0|0
S|HH102|48918731|135757267| |TF|0|0|0|0|0|215|0|7000|0|0|0|0|0
S|HH103|48979839|135614083| |TF|0|0|0|0|0|215|0|7000|0|0|0|0|0
S|HH104|48993278|135450556| |TF|0|0|0|0|0|215|0|7000|0|0|0|0|0
S|HH202|48760817|135510381| |TF|1|0|0|0|0|0|1|5480|0|0|0|0|0

P|TOMS6G|23R|TOMSU|0|5
S|TOMSU|48978611|135852778| |IF|0|0|0|0|0|0|1|8000|0|0|0|0|0
S|HH102|48918731|135757267| |TF|0|0|0|0|0|215|0|7000|0|0|0|0|0
S|HH103|48979839|135614083| |TF|0|0|0|0|0|215|0|7000|0|0|0|0|0
S|HH104|48993278|135450556| |TF|0|0|0|0|0|215|0|7000|0|0|0|0|0
S|HH202|48760817|135510381| |TF|1|0|0|0|0|0|1|5480|0|0|0|0|0

P|TOMS7B|05L|TOMSU|0|4
S|TOMSU|48978611|135852778| |IF|0|0|0|0|0|0|1|8000|0|0|0|0|0
S|HR27B|48831319|135632606| |TF|0|0|0|0|0|0|0|0|0|0|0|0|0
S|HR27B|48831319|135632606| |IF|0|0|0|0|0|0|0|0|0|0|0|0|0
S|HR|48508722|135159333| |TF|0|0|0|0|0|0|1|6000|0|0|0|0|0

P|TOMS7B|23R|TOMSU|0|4
S|TOMSU|48978611|135852778| |IF|0|0|0|0|0|0|1|8000|0|0|0|0|0
S|HR27B|48831319|135632606| |TF|0|0|0|0|0|0|0|0|0|0|0|0|0
S|HR27B|48831319|135632606| |IF|0|0|0|0|0|0|0|0|0|0|0|0|0
S|HR|48508722|135159333| |TF|0|0|0|0|0|0|1|6000|0|0|0|0|0

P|TOMS7C|05L|TOMSU|0|3
S|TOMSU|48978611|135852778| |IF|0|0|0|0|0|0|1|8000|0|0|0|0|0
S|TOMSU|48978611|135852778| |IF|0|0|0|0|0|0|1|8000|0|0|0|0|0
S|HAB|48545083|135210361| |TF|0|0|0|0|0|0|1|6000|0|0|0|0|0

P|TOMS7C|05R|TOMSU|0|3
S|TOMSU|48978611|135852778| |IF|0|0|0|0|0|0|1|8000|0|0|0|0|0
S|TOMSU|48978611|135852778| |IF|0|0|0|0|0|0|1|8000|0|0|0|0|0
S|HAB|48545083|135210361| |TF|0|0|0|0|0|0|1|6000|0|0|0|0|0

P|TOMS7C|23L|TOMSU|0|3
S|TOMSU|48978611|135852778| |IF|0|0|0|0|0|0|1|8000|0|0|0|0|0
S|TOMSU|48978611|135852778| |IF|0|0|0|0|0|0|1|8000|0|0|0|0|0
S|HAB|48545083|135210361| |TF|0|0|0|0|0|0|1|6000|0|0|0|0|0

P|TOMS7C|23R|TOMSU|0|3
S|TOMSU|48978611|135852778| |IF|0|0|0|0|0|0|1|8000|0|0|0|0|0
S|TOMSU|48978611|135852778| |IF|0|0|0|0|0|0|1|8000|0|0|0|0|0
S|HAB|48545083|135210361| |TF|0|0|0|0|0|0|1|6000|0|0|0|0|0

P|TOMS9A|23L|TOMSU|0|2
S|TOMSU|48978611|135852778| |IF|0|0|0|0|0|0|1|8000|0|0|0|0|0
S|HI|48568444|135246111| |TF|0|0|0|0|0|0|1|6000|0|0|0|0|0

P|TOMS9B|05R|TOMSU|0|2
S|TOMSU|48978611|135852778| |IF|0|0|0|0|0|0|1|8000|0|0|0|0|0
S|UF|48488361|135136972| |TF|0|0|0|0|0|0|1|6000|0|0|0|0|0

