P|BAKE5A|34L|BAKEN|0|3
S|BAKEN|53659722|157992500| |IF|0|0|0|0|0|0|3|25000|11000|0|0|0|0
S|LW|53113917|158489028| |TF|0|0|0|0|0|0|1|9000|0|0|0|0|0
S|HY|53000278|158793333| |TF|0|0|0|0|0|0|0|7190|0|0|0|0|0

P|BAKE5B|34L|BAKEN|0|3
S|BAKEN|53659722|157992500| |IF|0|0|0|0|0|0|3|25000|11000|0|0|0|0
S|PKK|53194750|158434972| |TF|0|0|0|0|0|0|1|9000|0|0|0|0|0
S|HY|53000278|158793333| |TF|0|0|0|0|0|0|0|7190|0|0|0|0|0

P|BAKE5N|34L|BAKEN|0|3
S|BAKEN|53659722|157992500| |IF|0|0|0|0|0|0|3|25000|11000|0|0|0|0
S|PP004|53142861|158695917| |TF|0|0|0|0|0|0|1|11000|0|0|0|0|0
S|PP005|52967000|158815972| |TF|0|0|0|0|0|0|0|7190|0|0|0|0|0

P|BAKE5P|16R|BAKEN|0|2
S|BAKEN|53659722|157992500| |IF|0|0|0|0|0|0|3|25000|11000|0|0|0|0
S|PP011|53522417|158203833| |TF|0|0|0|0|0|0|0|7330|0|0|0|0|0

P|GANK5A|34L|GANKA|0|3
S|GANKA|53493333|157763611| |IF|0|0|0|0|0|0|3|25000|11000|0|0|0|0
S|LW|53113917|158489028| |TF|0|0|0|0|0|0|1|9000|0|0|0|0|0
S|HY|53000278|158793333| |TF|0|0|0|0|0|0|0|7190|0|0|0|0|0

P|GANK5B|34L|GANKA|0|3
S|GANKA|53493333|157763611| |IF|0|0|0|0|0|0|3|25000|11000|0|0|0|0
S|PKK|53194750|158434972| |TF|0|0|0|0|0|0|1|9000|0|0|0|0|0
S|HY|53000278|158793333| |TF|0|0|0|0|0|0|0|7190|0|0|0|0|0

P|GANK5N|34L|GANKA|0|3
S|GANKA|53493333|157763611| |IF|0|0|0|0|0|0|3|25000|11000|0|0|0|0
S|PP004|53142861|158695917| |TF|0|0|0|0|0|0|1|11000|0|0|0|0|0
S|PP005|52967000|158815972| |TF|0|0|0|0|0|0|0|7190|0|0|0|0|0

P|GANK5P|16R|GANKA|0|3
S|GANKA|53493333|157763611| |IF|0|0|0|0|0|0|3|25000|11000|0|0|0|0
S|PP017|53455611|157928694| |TF|0|0|0|0|0|0|1|9000|0|0|0|0|0
S|PP010|53417639|158093472| |TF|0|0|0|0|0|0|0|7330|0|0|0|0|0

P|KULO5A|34L|KUDER|0|5
S|KUDER|53815833|158762222| |IF|0|0|0|0|0|0|0|0|0|0|0|0|0
S|KULOD|53708056|158487222| |TF|0|0|0|0|0|0|3|25000|14000|0|0|0|0
S|KULOD|53708056|158487222| |IF|0|0|0|0|0|0|3|25000|14000|0|0|0|0
S|LW|53113917|158489028| |TF|0|0|0|0|0|0|1|13000|0|0|0|0|0
S|HY|53000278|158793333| |TF|0|0|0|0|0|0|0|7190|0|0|0|0|0

P|KULO5A|34L|TINEN|0|5
S|TINEN|53977222|158504444| |IF|0|0|0|0|0|0|0|0|0|0|0|0|0
S|KULOD|53708056|158487222| |TF|0|0|0|0|0|0|3|25000|14000|0|0|0|0
S|KULOD|53708056|158487222| |IF|0|0|0|0|0|0|3|25000|14000|0|0|0|0
S|LW|53113917|158489028| |TF|0|0|0|0|0|0|1|13000|0|0|0|0|0
S|HY|53000278|158793333| |TF|0|0|0|0|0|0|0|7190|0|0|0|0|0

P|KULO5B|34L|KUDER|0|5
S|KUDER|53815833|158762222| |IF|0|0|0|0|0|0|0|0|0|0|0|0|0
S|KULOD|53708056|158487222| |TF|0|0|0|0|0|0|3|25000|14000|0|0|0|0
S|KULOD|53708056|158487222| |IF|0|0|0|0|0|0|3|25000|14000|0|0|0|0
S|PKK|53194750|158434972| |TF|0|0|0|0|0|0|1|13000|0|0|0|0|0
S|HY|53000278|158793333| |TF|0|0|0|0|0|0|0|7190|0|0|0|0|0

P|KULO5B|34L|TINEN|0|5
S|TINEN|53977222|158504444| |IF|0|0|0|0|0|0|0|0|0|0|0|0|0
S|KULOD|53708056|158487222| |TF|0|0|0|0|0|0|3|25000|14000|0|0|0|0
S|KULOD|53708056|158487222| |IF|0|0|0|0|0|0|3|25000|14000|0|0|0|0
S|PKK|53194750|158434972| |TF|0|0|0|0|0|0|1|13000|0|0|0|0|0
S|HY|53000278|158793333| |TF|0|0|0|0|0|0|0|7190|0|0|0|0|0

P|KULO5N|34L|KULOD|0|3
S|KULOD|53708056|158487222| |IF|0|0|0|0|0|0|3|25000|14000|0|0|0|0
S|PP004|53142861|158695917| |TF|0|0|0|0|0|0|1|11000|0|0|0|0|0
S|PP005|52967000|158815972| |TF|0|0|0|0|0|0|0|7190|0|0|0|0|0

P|KULO5P|16R|KULOD|0|2
S|KULOD|53708056|158487222| |IF|0|0|0|0|0|0|3|26000|14000|0|0|0|0
S|PP011|53522417|158203833| |TF|0|0|0|0|0|0|0|7330|0|0|0|0|0

P|MK5A|34L|MK|0|3
S|MK|53325833|157536111| |IF|0|0|0|0|0|0|3|25000|11000|0|0|0|0
S|LW|53113917|158489028| |TF|0|0|0|0|0|0|1|9000|0|0|0|0|0
S|HY|53000278|158793333| |TF|0|0|0|0|0|0|0|7190|0|0|0|0|0

P|MK5B|34L|MK|0|3
S|MK|53325833|157536111| |IF|0|0|0|0|0|0|3|25000|11000|0|0|0|0
S|PKK|53194750|158434972| |TF|0|0|0|0|0|0|1|9000|0|0|0|0|0
S|HY|53000278|158793333| |TF|0|0|0|0|0|0|0|7190|0|0|0|0|0

P|MK5N|34L|MK|0|3
S|MK|53325833|157536111| |IF|0|0|0|0|0|0|3|25000|11000|0|0|0|0
S|PP004|53142861|158695917| |TF|0|0|0|0|0|0|1|11000|0|0|0|0|0
S|PP005|52967000|158815972| |TF|0|0|0|0|0|0|0|7190|0|0|0|0|0

P|MK5P|16R|MK|0|2
S|MK|53325833|157536111| |IF|0|0|0|0|0|0|3|25000|11000|0|0|0|0
S|PP010|53417639|158093472| |TF|0|0|0|0|0|0|0|7330|0|0|0|0|0

P|ORVA5A|34L|ORVAS|0|3
S|ORVAS|52555000|157726667| |IF|0|0|0|0|0|0|3|25000|11000|0|0|0|0
S|D242H|52924531|158608686| |TF|0|0|0|0|0|0|1|10000|0|0|0|0|0
S|HY|53000278|158793333| |TF|0|0|0|0|0|0|0|7190|0|0|0|0|0

P|ORVA5B|34L|ORVAS|0|3
S|ORVAS|52555000|157726667| |IF|0|0|0|0|0|0|3|25000|11000|0|0|0|0
S|D242H|52924531|158608686| |TF|0|0|0|0|0|0|1|10000|0|0|0|0|0
S|HY|53000278|158793333| |TF|0|0|0|0|0|0|0|7190|0|0|0|0|0

P|ORVA5N|34L|ORVAS|0|2
S|ORVAS|52555000|157726667| |IF|0|0|0|0|0|0|3|25000|11000|0|0|0|0
S|PP005|52967000|158815972| |TF|0|0|0|0|0|0|0|7190|0|0|0|0|0

P|ORVA5P|16R|ORVAS|0|3
S|ORVAS|52555000|157726667| |IF|0|0|0|0|0|0|3|25000|11000|0|0|0|0
S|PP015|53255417|158023167| |TF|0|0|0|0|0|0|0|0|0|0|0|0|0
S|PP010|53417639|158093472| |TF|0|0|0|0|0|0|0|7330|0|0|0|0|0

P|PIRU5A|34L|PIRUT|0|2
S|PIRUT|53260278|159998333| |IF|0|0|0|0|0|0|3|26000|18000|0|0|0|0
S|HY|53000278|158793333| |TF|0|0|0|0|0|0|0|7190|0|0|0|0|0

P|PIRU5B|34L|PIRUT|0|2
S|PIRUT|53260278|159998333| |IF|0|0|0|0|0|0|3|26000|18000|0|0|0|0
S|HY|53000278|158793333| |TF|0|0|0|0|0|0|0|7190|0|0|0|0|0

P|PIRU5N|34L|PIRUT|0|2
S|PIRUT|53260278|159998333| |IF|0|0|0|0|0|0|3|26000|18000|0|0|0|0
S|PP005|52967000|158815972| |TF|0|0|0|0|0|0|0|7190|0|0|0|0|0

P|PIRU5P|16R|PIRUT|0|4
S|PIRUT|53260278|159998333| |IF|0|0|0|0|0|0|3|26000|18000|0|0|0|0
S|HY|53000278|158793333| |TF|0|0|0|0|0|0|0|0|0|0|0|0|0
S|PP015|53255417|158023167| |TF|0|0|0|0|0|0|0|0|0|0|0|0|0
S|PP010|53417639|158093472| |TF|0|0|0|0|0|0|0|7330|0|0|0|0|0

P|RINO5A|34L|RINOT|0|2
S|RINOT|52368056|158998333| |IF|0|0|0|0|0|0|3|26000|13000|0|0|0|0
S|HY|53000278|158793333| |TF|0|0|0|0|0|0|0|7190|0|0|0|0|0

P|RINO5B|34L|RINOT|0|2
S|RINOT|52368056|158998333| |IF|0|0|0|0|0|0|3|26000|13000|0|0|0|0
S|HY|53000278|158793333| |TF|0|0|0|0|0|0|0|7190|0|0|0|0|0

P|RINO5N|34L|RINOT|0|2
S|RINOT|52368056|158998333| |IF|0|0|0|0|0|0|3|26000|13000|0|0|0|0
S|PP005|52967000|158815972| |TF|0|0|0|0|0|0|0|7190|0|0|0|0|0

P|RINO5P|16R|RINOT|0|3
S|RINOT|52368056|158998333| |IF|0|0|0|0|0|0|3|26000|13000|0|0|0|0
S|PP015|53255417|158023167| |TF|0|0|0|0|0|0|0|0|0|0|0|0|0
S|PP010|53417639|158093472| |TF|0|0|0|0|0|0|0|7330|0|0|0|0|0

P|SAMI5A|34L|SAMIK|0|2
S|SAMIK|53038889|157607778| |IF|0|0|0|0|0|0|3|25000|11000|0|0|0|0
S|HY|53000278|158793333| |TF|0|0|0|0|0|0|0|7190|0|0|0|0|0

P|SAMI5B|34L|SAMIK|0|2
S|SAMIK|53038889|157607778| |IF|0|0|0|0|0|0|3|25000|11000|0|0|0|0
S|HY|53000278|158793333| |TF|0|0|0|0|0|0|0|7190|0|0|0|0|0

P|SAMI5N|34L|SAMIK|0|3
S|SAMIK|53038889|157607778| |IF|0|0|0|0|0|0|3|25000|11000|0|0|0|0
S|PP004|53142861|158695917| |TF|0|0|0|0|0|0|1|11000|0|0|0|0|0
S|PP005|52967000|158815972| |TF|0|0|0|0|0|0|0|7190|0|0|0|0|0

P|SAMI5P|16R|SAMIK|0|2
S|SAMIK|53038889|157607778| |IF|0|0|0|0|0|0|3|25000|11000|0|0|0|0
S|PP010|53417639|158093472| |TF|0|0|0|0|0|0|0|7330|0|0|0|0|0

P|SIPV5A|34L|SIPVA|0|2
S|SIPVA|53106667|160033611| |IF|0|0|0|0|0|0|3|26000|10000|0|0|0|0
S|HY|53000278|158793333| |TF|0|0|0|0|0|0|0|7190|0|0|0|0|0

P|SIPV5B|34L|SIPVA|0|2
S|SIPVA|53106667|160033611| |IF|0|0|0|0|0|0|3|26000|10000|0|0|0|0
S|HY|53000278|158793333| |TF|0|0|0|0|0|0|0|7190|0|0|0|0|0

P|SIPV5N|34L|SIPVA|0|2
S|SIPVA|53106667|160033611| |IF|0|0|0|0|0|0|3|26000|10000|0|0|0|0
S|PP005|52967000|158815972| |TF|0|0|0|0|0|0|0|7190|0|0|0|0|0

P|SIPV5P|16R|SIPVA|0|4
S|SIPVA|53106667|160033611| |IF|0|0|0|0|0|0|3|26000|10000|0|0|0|0
S|HY|53000278|158793333| |TF|0|0|0|0|0|0|0|0|0|0|0|0|0
S|PP015|53255417|158023167| |TF|0|0|0|0|0|0|0|0|0|0|0|0|0
S|PP010|53417639|158093472| |TF|0|0|0|0|0|0|0|7330|0|0|0|0|0

P|TUPA5A|34L|TUPAN|0|3
S|TUPAN|53638333|159041944| |IF|0|0|0|0|0|0|3|26000|16000|0|0|0|0
S|D020H|53131581|158843872| |TF|0|0|0|0|0|0|1|12000|0|0|0|0|0
S|HY|53000278|158793333| |TF|0|0|0|0|0|0|0|7190|0|0|0|0|0

P|TUPA5B|34L|TUPAN|0|3
S|TUPAN|53638333|159041944| |IF|0|0|0|0|0|0|3|26000|16000|0|0|0|0
S|D020H|53131581|158843872| |TF|0|0|0|0|0|0|1|12000|0|0|0|0|0
S|HY|53000278|158793333| |TF|0|0|0|0|0|0|0|7190|0|0|0|0|0

P|TUPA5N|34L|TUPAN|0|3
S|TUPAN|53638333|159041944| |IF|0|0|0|0|0|0|3|26000|16000|0|0|0|0
S|PP006|53187361|158889333| |TF|0|0|0|0|0|0|1|11000|0|0|0|0|0
S|PP005|52967000|158815972| |TF|0|0|0|0|0|0|0|7190|0|0|0|0|0

P|TUPA5P|16R|TUPAN|0|3
S|TUPAN|53638333|159041944| |IF|0|0|0|0|0|0|3|26000|16000|0|0|0|0
S|PP016|53591750|158482389| |TF|0|0|0|0|0|0|1|11000|0|0|0|0|0
S|PP011|53522417|158203833| |TF|0|0|0|0|0|0|0|7330|0|0|0|0|0

