P|BIRLU2|16|BIRLU|0|4
S|BIRLU|49633611|142286389| |IF|0|0|0|0|0|0|1|10000|0|0|0|0|0
S|R|49177250|142097333| |TF|0|0|0|0|0|0|0|0|0|1|0|0|0
S|D322I|49273333|141927500|YS|CF|2|33600|14810|35890|800|0|0|3000|0|1|0|0|0
S|CN16|49293889|141972500|YS|CF|2|15600|14890|35970|100|0|0|2340|0|0|0|0|0

P|BIRLU4|34|BIRLU|0|5
S|BIRLU|49633611|142286389| |IF|0|0|0|0|0|0|1|10000|0|0|0|0|0
S|R|49177250|142097333| |TF|0|0|0|0|0|0|0|0|0|0|0|0|0
S|D181F|49052222|142148333| |TF|0|0|0|0|0|0|0|3990|0|1|0|0|0
S|D156F|49072778|142208611| |DF|1|0|0|0|0|0|0|3010|0|0|0|0|0
S|CN34|49087500|142193056| |TF|0|0|0|0|0|0|0|2350|0|0|0|0|0

P|IDIGA2|16|IDIGA|0|4
S|IDIGA|49633611|142169722| |IF|0|0|0|0|0|0|1|10000|0|0|0|0|0
S|R|49177250|142097333| |TF|0|0|0|0|0|0|0|0|0|1|0|0|0
S|D322I|49273333|141927500|YS|CF|2|33600|14810|35890|800|0|0|3000|0|1|0|0|0
S|CN16|49293889|141972500|YS|CF|2|15600|14890|35970|100|0|0|2340|0|0|0|0|0

P|IDIGA4|34|IDIGA|0|5
S|IDIGA|49633611|142169722| |IF|0|0|0|0|0|0|1|10000|0|0|0|0|0
S|R|49177250|142097333| |TF|0|0|0|0|0|0|0|0|0|0|0|0|0
S|D181F|49052222|142148333| |TF|0|0|0|0|0|0|0|3990|0|1|0|0|0
S|D156F|49072778|142208611| |DF|1|0|0|0|0|0|0|3010|0|0|0|0|0
S|CN34|49087500|142193056| |TF|0|0|0|0|0|0|0|2350|0|0|0|0|0

P|NALAM2|16|NALAM|0|5
S|NALAM|49008611|141501389| |IF|0|0|0|0|0|0|1|9000|0|0|0|0|0
S|R|49177250|142097333| |TF|0|0|0|0|0|0|0|0|0|1|0|0|0
S|D246B|49135828|142060039| |DF|2|0|0|0|0|0|0|0|0|0|0|0|0
S|D322I|49273333|141927500| |TF|0|0|0|0|0|0|0|3000|0|1|0|0|0
S|CN16|49293889|141972500|YS|CF|2|15600|14890|35970|100|0|0|2340|0|0|0|0|0

P|NALAM4|34|NALAM|0|5
S|NALAM|49008611|141501389| |IF|0|0|0|0|0|0|1|9000|0|0|0|0|0
S|R|49177250|142097333| |TF|0|0|0|0|0|0|0|0|0|1|0|0|0
S|D246C|49156167|142051444| |DF|1|0|0|0|0|0|0|0|0|0|0|0|0
S|D175G|49066944|142148056| |TF|0|0|0|0|0|0|0|3010|0|1|0|0|0
S|CN34|49087500|142193056|YS|CF|1|33600|13520|220|100|0|0|2350|0|0|0|0|0

P|NIBUL2|16|NIBUL|0|4
S|NIBUL|48783889|142217222| |IF|0|0|0|0|0|0|1|10000|0|0|0|0|0
S|R|49177250|142097333| |TF|0|0|0|0|0|0|0|0|0|0|0|0|0
S|D322I|49273333|141927500| |TF|0|0|0|0|0|0|0|3000|0|1|0|0|0
S|CN16|49293889|141972500|YS|CF|2|15600|14890|35970|100|0|0|2340|0|0|0|0|0

P|NIBUL4|34|NIBUL|0|5
S|NIBUL|48783889|142217222| |IF|0|0|0|0|0|0|1|10000|0|0|0|0|0
S|R|49177250|142097333| |TF|0|0|0|0|0|0|0|0|0|1|0|0|0
S|D246C|49156167|142051444| |DF|1|0|0|0|0|0|0|0|0|0|0|0|0
S|D175G|49066944|142148056| |TF|0|0|0|0|0|0|0|3010|0|1|0|0|0
S|CN34|49087500|142193056|YS|CF|1|33600|13520|220|100|0|0|2350|0|0|0|0|0

