P|ABDA6C|02|ABDAR|0|2
S|ABDAR|47196944|35255833| |IF|0|0|0|0|0|0|1|11000|0|0|0|0|0
S|ZA|47821611|35286389| |TF|0|0|0|0|0|0|1|2960|0|0|0|0|0

P|ABDA6D|20|ABDAR|0|2
S|ABDAR|47196944|35255833| |IF|0|0|0|0|0|0|1|11000|0|0|0|0|0
S|ZP|47886000|35326806| |TF|0|0|0|0|0|0|1|2960|0|0|0|0|0

P|BULI2C|02|BULIG|0|2
S|BULIG|47966667|36216667| |IF|0|0|0|0|0|0|1|8040|0|0|0|0|0
S|ZA|47821611|35286389| |TF|0|0|0|0|0|0|1|2960|0|0|0|0|0

P|BULI2D|20|BULIG|0|2
S|BULIG|47966667|36216667| |IF|0|0|0|0|0|0|1|8040|0|0|0|0|0
S|ZP|47886000|35326806| |TF|0|0|0|0|0|0|1|2960|0|0|0|0|0

P|DITI4C|02|DITIX|0|2
S|DITIX|47511111|34209167| |IF|0|0|0|0|0|0|1|9030|0|0|0|0|0
S|ZA|47821611|35286389| |TF|0|0|0|0|0|0|1|2960|0|0|0|0|0

P|DITI4D|20|DITIX|0|2
S|DITIX|47511111|34209167| |IF|0|0|0|0|0|0|1|9030|0|0|0|0|0
S|ZP|47886000|35326806| |TF|0|0|0|0|0|0|1|2960|0|0|0|0|0

P|ODNI3C|02|ODNIV|0|2
S|ODNIV|48359722|35103056| |IF|0|0|0|0|0|0|1|7060|0|0|0|0|0
S|ZA|47821611|35286389| |TF|0|0|0|0|0|0|1|2960|0|0|0|0|0

P|ODNI3D|20|ODNIV|0|2
S|ODNIV|48359722|35103056| |IF|0|0|0|0|0|0|1|7060|0|0|0|0|0
S|ZP|47886000|35326806| |TF|0|0|0|0|0|0|1|2960|0|0|0|0|0

P|ROLO4C|02|ROLOP|0|2
S|ROLOP|47351667|34745833| |IF|0|0|0|0|0|0|1|11000|0|0|0|0|0
S|ZA|47821611|35286389| |TF|0|0|0|0|0|0|1|2960|0|0|0|0|0

P|ROLO4D|20|ROLOP|0|2
S|ROLOP|47351667|34745833| |IF|0|0|0|0|0|0|1|11000|0|0|0|0|0
S|ZP|47886000|35326806| |TF|0|0|0|0|0|0|1|2960|0|0|0|0|0

P|SOMO2C|02|SOMON|0|2
S|SOMON|47370000|35991667| |IF|0|0|0|0|0|0|1|10010|0|0|0|0|0
S|ZA|47821611|35286389| |TF|0|0|0|0|0|0|1|2960|0|0|0|0|0

P|SOMO2D|20|SOMON|0|2
S|SOMON|47370000|35991667| |IF|0|0|0|0|0|0|1|10010|0|0|0|0|0
S|ZP|47886000|35326806| |TF|0|0|0|0|0|0|1|2960|0|0|0|0|0

P|UMSO5C|02|UMSOT|0|2
S|UMSOT|47928056|34644167| |IF|0|0|0|0|0|0|1|7060|0|0|0|0|0
S|ZA|47821611|35286389| |TF|0|0|0|0|0|0|1|2960|0|0|0|0|0

P|UMSO5D|20|UMSOT|0|2
S|UMSOT|47928056|34644167| |IF|0|0|0|0|0|0|1|7060|0|0|0|0|0
S|ZP|47886000|35326806| |TF|0|0|0|0|0|0|1|2960|0|0|0|0|0

