P|BOBM2G|01|BOBMU|0|3
S|BOBMU|61475278|33030556| |IF|0|0|0|0|0|0|1|7000|0|0|0|0|0
S|PB301|61667892|33551678| |TF|0|0|0|0|0|0|0|0|0|0|0|0|0
S|PB004|61630194|33926247| |TF|0|0|0|0|0|0|1|3110|0|0|0|0|0

P|BOBM2H|19|BOBMU|0|3
S|BOBMU|61475278|33030556| |IF|0|0|0|0|0|0|1|7000|0|0|0|0|0
S|PB003|61760867|33814281| |TF|0|0|0|0|0|0|1|3110|0|0|0|0|0
S|PB022|62087514|34108056| |TF|0|0|0|0|0|0|1|3110|0|0|0|0|0

P|BOBM2J|01|BOBMU|0|3
S|BOBMU|61475278|33030556| |IF|0|0|0|0|0|0|1|7000|0|0|0|0|0
S|BOBMU|61475278|33030556| |IF|0|0|0|0|0|0|1|7000|0|0|0|0|0
S|PTZ|61887639|34161028| |TF|0|0|0|0|0|0|1|3110|0|0|0|0|0

P|BOBM2J|19|BOBMU|0|3
S|BOBMU|61475278|33030556| |IF|0|0|0|0|0|0|1|7000|0|0|0|0|0
S|BOBMU|61475278|33030556| |IF|0|0|0|0|0|0|1|7000|0|0|0|0|0
S|PTZ|61887639|34161028| |TF|0|0|0|0|0|0|1|3100|0|0|0|0|0

P|BOBM2K|01|BOBMU|0|3
S|BOBMU|61475278|33030556| |IF|0|0|0|0|0|0|1|7000|0|0|0|0|0
S|BOBMU|61475278|33030556| |IF|0|0|0|0|0|0|1|7000|0|0|0|0|0
S|XO|61819778|34096167| |TF|0|0|0|0|0|0|1|3110|0|0|0|0|0

P|BOBM2K|19|BOBMU|0|3
S|BOBMU|61475278|33030556| |IF|0|0|0|0|0|0|1|7000|0|0|0|0|0
S|BOBMU|61475278|33030556| |IF|0|0|0|0|0|0|1|7000|0|0|0|0|0
S|XO|61819778|34096167| |TF|0|0|0|0|0|0|1|3100|0|0|0|0|0

P|GITO2G|01|GITOS|0|2
S|GITOS|61876667|32729167| |IF|0|0|0|0|0|0|1|7000|0|0|0|0|0
S|PB003|61760867|33814281| |TF|0|0|0|0|0|0|1|3110|0|0|0|0|0

P|GITO2H|19|GITOS|0|4
S|GITOS|61876667|32729167| |IF|0|0|0|0|0|0|1|7000|0|0|0|0|0
S|PB302|61883178|33394231| |TF|0|0|0|0|0|0|0|0|0|0|0|0|0
S|PB003|61760867|33814281| |TF|0|0|0|0|0|0|1|3110|0|0|0|0|0
S|PB022|62087514|34108056| |TF|1|0|0|0|0|0|1|3110|0|0|0|0|0

P|GITO2J|01|GITOS|0|3
S|GITOS|61876667|32729167| |IF|0|0|0|0|0|0|1|7000|0|0|0|0|0
S|GITOS|61876667|32729167| |IF|0|0|0|0|0|0|1|7000|0|0|0|0|0
S|PTZ|61887639|34161028| |TF|0|0|0|0|0|0|1|3110|0|0|0|0|0

P|GITO2J|19|GITOS|0|3
S|GITOS|61876667|32729167| |IF|0|0|0|0|0|0|1|7000|0|0|0|0|0
S|GITOS|61876667|32729167| |IF|0|0|0|0|0|0|1|7000|0|0|0|0|0
S|PTZ|61887639|34161028| |TF|0|0|0|0|0|0|1|3100|0|0|0|0|0

P|GITO2K|01|GITOS|0|3
S|GITOS|61876667|32729167| |IF|0|0|0|0|0|0|1|7000|0|0|0|0|0
S|GITOS|61876667|32729167| |IF|0|0|0|0|0|0|1|7000|0|0|0|0|0
S|XO|61819778|34096167| |TF|0|0|0|0|0|0|1|3110|0|0|0|0|0

P|GITO2K|19|GITOS|0|3
S|GITOS|61876667|32729167| |IF|0|0|0|0|0|0|1|7000|0|0|0|0|0
S|GITOS|61876667|32729167| |IF|0|0|0|0|0|0|1|7000|0|0|0|0|0
S|XO|61819778|34096167| |TF|0|0|0|0|0|0|1|3100|0|0|0|0|0

P|OSNE2G|01|OSNEN|0|4
S|OSNEN|62437222|33331389| |IF|0|0|0|0|0|0|1|7000|0|0|0|0|0
S|PB303|62181431|33722067| |TF|0|0|0|0|0|0|0|0|0|0|0|0|0
S|PB306|61995089|34024800| |TF|0|0|0|0|0|0|0|0|0|0|0|0|0
S|PB003|61760867|33814281| |TF|0|0|0|0|0|0|1|3110|0|0|0|0|0

P|OSNE2H|19|OSNEN|0|3
S|OSNEN|62437222|33331389| |IF|0|0|0|0|0|0|1|7000|0|0|0|0|0
S|PB303|62181431|33722067| |TF|0|0|0|0|0|0|0|0|0|0|0|0|0
S|PB022|62087514|34108056| |TF|0|0|0|0|0|0|1|3110|0|0|0|0|0

P|OSNE2J|01|OSNEN|0|3
S|OSNEN|62437222|33331389| |IF|0|0|0|0|0|0|1|7000|0|0|0|0|0
S|OSNEN|62437222|33331389| |IF|0|0|0|0|0|0|1|7000|0|0|0|0|0
S|PTZ|61887639|34161028| |TF|0|0|0|0|0|0|1|3110|0|0|0|0|0

P|OSNE2J|19|OSNEN|0|3
S|OSNEN|62437222|33331389| |IF|0|0|0|0|0|0|1|7000|0|0|0|0|0
S|OSNEN|62437222|33331389| |IF|0|0|0|0|0|0|1|7000|0|0|0|0|0
S|PTZ|61887639|34161028| |TF|0|0|0|0|0|0|1|3100|0|0|0|0|0

P|OSNE2K|01|OSNEN|0|3
S|OSNEN|62437222|33331389| |IF|0|0|0|0|0|0|1|7000|0|0|0|0|0
S|OSNEN|62437222|33331389| |IF|0|0|0|0|0|0|1|7000|0|0|0|0|0
S|XO|61819778|34096167| |TF|0|0|0|0|0|0|1|3110|0|0|0|0|0

P|OSNE2K|19|OSNEN|0|3
S|OSNEN|62437222|33331389| |IF|0|0|0|0|0|0|1|7000|0|0|0|0|0
S|OSNEN|62437222|33331389| |IF|0|0|0|0|0|0|1|7000|0|0|0|0|0
S|XO|61819778|34096167| |TF|0|0|0|0|0|0|1|3100|0|0|0|0|0

P|PEME2G|01|PEMEM|0|3
S|PEMEM|61270556|34729167| |IF|0|0|0|0|0|0|1|7000|0|0|0|0|0
S|PB305|61559197|34466378| |TF|0|0|0|0|0|0|0|0|0|0|0|0|0
S|PB005|61682708|34201089| |TF|0|0|0|0|0|0|1|3110|0|0|0|0|0

P|PEME2H|19|PEMEM|0|3
S|PEMEM|61270556|34729167| |IF|0|0|0|0|0|0|1|7000|0|0|0|0|0
S|PB305|61559197|34466378| |TF|0|0|0|0|0|0|0|0|0|0|0|0|0
S|PB024|62008892|34497953| |TF|0|0|0|0|0|0|1|3110|0|0|0|0|0

P|PEME2J|01|PEMEM|0|3
S|PEMEM|61270556|34729167| |IF|0|0|0|0|0|0|1|7000|0|0|0|0|0
S|PEMEM|61270556|34729167| |IF|0|0|0|0|0|0|1|7000|0|0|0|0|0
S|PTZ|61887639|34161028| |TF|0|0|0|0|0|0|1|3110|0|0|0|0|0

P|PEME2J|19|PEMEM|0|3
S|PEMEM|61270556|34729167| |IF|0|0|0|0|0|0|1|7000|0|0|0|0|0
S|PEMEM|61270556|34729167| |IF|0|0|0|0|0|0|1|7000|0|0|0|0|0
S|PTZ|61887639|34161028| |TF|0|0|0|0|0|0|1|3100|0|0|0|0|0

P|PEME2K|01|PEMEM|0|3
S|PEMEM|61270556|34729167| |IF|0|0|0|0|0|0|1|7000|0|0|0|0|0
S|PEMEM|61270556|34729167| |IF|0|0|0|0|0|0|1|7000|0|0|0|0|0
S|XO|61819778|34096167| |TF|0|0|0|0|0|0|1|3110|0|0|0|0|0

P|PEME2K|19|PEMEM|0|3
S|PEMEM|61270556|34729167| |IF|0|0|0|0|0|0|1|7000|0|0|0|0|0
S|PEMEM|61270556|34729167| |IF|0|0|0|0|0|0|1|7000|0|0|0|0|0
S|XO|61819778|34096167| |TF|0|0|0|0|0|0|1|3100|0|0|0|0|0

P|SOPI2G|01|SOPID|0|4
S|SOPID|62398611|35085000| |IF|0|0|0|0|0|0|1|7000|0|0|0|0|0
S|PB304|62162311|34652419| |TF|0|0|0|0|0|0|0|0|0|0|0|0|0
S|PB306|61995089|34024800| |TF|0|0|0|0|0|0|0|0|0|0|0|0|0
S|PB003|61760867|33814281| |TF|0|0|0|0|0|0|1|3110|0|0|0|0|0

P|SOPI2H|19|SOPID|0|3
S|SOPID|62398611|35085000| |IF|0|0|0|0|0|0|1|7000|0|0|0|0|0
S|PB304|62162311|34652419| |TF|0|0|0|0|0|0|0|0|0|0|0|0|0
S|PB023|62139833|34387247| |TF|0|0|0|0|0|0|1|3110|0|0|0|0|0

P|SOPI2J|01|SOPID|0|3
S|SOPID|62398611|35085000| |IF|0|0|0|0|0|0|1|7000|0|0|0|0|0
S|SOPID|62398611|35085000| |IF|0|0|0|0|0|0|1|7000|0|0|0|0|0
S|PTZ|61887639|34161028| |TF|0|0|0|0|0|0|1|3110|0|0|0|0|0

P|SOPI2J|19|SOPID|0|3
S|SOPID|62398611|35085000| |IF|0|0|0|0|0|0|1|7000|0|0|0|0|0
S|SOPID|62398611|35085000| |IF|0|0|0|0|0|0|1|7000|0|0|0|0|0
S|PTZ|61887639|34161028| |TF|0|0|0|0|0|0|1|3100|0|0|0|0|0

P|SOPI2K|01|SOPID|0|3
S|SOPID|62398611|35085000| |IF|0|0|0|0|0|0|1|7000|0|0|0|0|0
S|SOPID|62398611|35085000| |IF|0|0|0|0|0|0|1|7000|0|0|0|0|0
S|XO|61819778|34096167| |TF|0|0|0|0|0|0|1|3110|0|0|0|0|0

P|SOPI2K|19|SOPID|0|3
S|SOPID|62398611|35085000| |IF|0|0|0|0|0|0|1|7000|0|0|0|0|0
S|SOPID|62398611|35085000| |IF|0|0|0|0|0|0|1|7000|0|0|0|0|0
S|XO|61819778|34096167| |TF|0|0|0|0|0|0|1|3100|0|0|0|0|0

