P|ALIR2G|06|ALIRO|0|3
S|ALIRO|54033889|82307500| |IF|0|0|0|0|0|0|1|7000|0|0|0|0|0
S|BB019|53603028|82904472| |TF|0|0|0|0|0|0|1|7000|0|0|0|0|0
S|BB003|53386694|83198194| |TF|0|0|0|0|0|0|1|2800|0|0|0|0|0

P|ALIR2K|24|ALIRO|0|3
S|ALIRO|54033889|82307500| |IF|0|0|0|0|0|0|1|7000|0|0|0|0|0
S|BB014|53776194|83244389| |TF|0|0|0|0|0|0|1|7000|0|0|0|0|0
S|BB007|53526139|83757417| |TF|0|0|0|0|0|0|1|2800|0|0|0|0|0

P|ALIR2L|06|ALIRO|0|3
S|ALIRO|54033889|82307500| |IF|0|0|0|0|0|0|1|7000|0|0|0|0|0
S|BAN28|53677833|83000597| |TF|0|0|0|0|0|0|1|7000|0|0|0|0|0
S|D304M|53516694|83307942| |TF|0|0|0|0|0|0|1|4000|0|0|0|0|0

P|ALIR2M|24|ALIRO|0|3
S|ALIRO|54033889|82307500| |IF|0|0|0|0|0|0|1|7000|0|0|0|0|0
S|BAN28|53677833|83000597| |TF|0|0|0|0|0|0|1|7000|0|0|0|0|0
S|D304J|53483589|83370611| |TF|0|0|0|0|0|0|1|4000|0|0|0|0|0

P|ALIR2P|06|ALIRO|0|2
S|ALIRO|54033889|82307500| |IF|0|0|0|0|0|0|1|7000|0|0|0|0|0
S|BU|53344639|83465139| |TF|0|0|0|0|0|0|1|2800|0|0|0|0|0

P|ALIR2R|24|ALIRO|0|2
S|ALIRO|54033889|82307500| |IF|0|0|0|0|0|0|1|7000|0|0|0|0|0
S|AR|53381500|83613056| |TF|0|0|0|0|0|0|1|2800|0|0|0|0|0

P|APRI2G|06|APRIT|0|2
S|APRIT|53236944|82824444| |IF|0|0|0|0|0|0|1|7000|0|0|0|0|0
S|BB002|53293972|83263556| |TF|0|0|0|0|0|0|1|2800|0|0|0|0|0

P|APRI2K|24|APRIT|0|3
S|APRIT|53236944|82824444| |IF|0|0|0|0|0|0|1|7000|0|0|0|0|0
S|BB009|53491750|83618167| |TF|0|0|0|0|0|0|0|0|0|0|0|0|0
S|BB007|53526139|83757417| |TF|0|0|0|0|0|0|1|2800|0|0|0|0|0

P|APRI2L|06|APRIT|0|3
S|APRIT|53236944|82824444| |IF|0|0|0|0|0|0|1|7000|0|0|0|0|0
S|BAN|53373000|83578833| |TF|0|0|0|0|0|0|0|0|0|0|0|0|0
S|D345M|53587286|83529103| |TF|0|0|0|0|0|0|1|4000|0|0|0|0|0

P|APRI2M|24|APRIT|0|3
S|APRIT|53236944|82824444| |IF|0|0|0|0|0|0|1|7000|0|0|0|0|0
S|BAN|53373000|83578833| |TF|0|0|0|0|0|0|0|0|0|0|0|0|0
S|D012J|53530419|83669175| |TF|0|0|0|0|0|0|1|4000|0|0|0|0|0

P|APRI2P|06|APRIT|0|2
S|APRIT|53236944|82824444| |IF|0|0|0|0|0|0|1|7000|0|0|0|0|0
S|BU|53344639|83465139| |TF|0|0|0|0|0|0|1|2800|0|0|0|0|0

P|APRI2R|24|APRIT|0|2
S|APRIT|53236944|82824444| |IF|0|0|0|0|0|0|1|7000|0|0|0|0|0
S|AR|53381500|83613056| |TF|0|0|0|0|0|0|1|2800|0|0|0|0|0

P|ERKO2G|06|ERKON|0|3
S|ERKON|54048889|82952778| |IF|0|0|0|0|0|0|1|7000|0|0|0|0|0
S|BB018|53717056|83076722| |TF|0|0|0|0|0|0|1|7000|0|0|0|0|0
S|BB003|53386694|83198194| |TF|0|0|0|0|0|0|1|2800|0|0|0|0|0

P|ERKO2K|24|ERKON|0|3
S|ERKON|54048889|82952778| |IF|0|0|0|0|0|0|1|7000|0|0|0|0|0
S|BB014|53776194|83244389| |TF|0|0|0|0|0|0|1|7000|0|0|0|0|0
S|BB007|53526139|83757417| |TF|0|0|0|0|0|0|1|2800|0|0|0|0|0

P|ERKO2L|06|ERKON|0|3
S|ERKON|54048889|82952778| |IF|0|0|0|0|0|0|1|7000|0|0|0|0|0
S|BAN27|53768697|83215114| |TF|0|0|0|0|0|0|1|7000|0|0|0|0|0
S|D324M|53562919|83405222| |TF|0|0|0|0|0|0|1|4000|0|0|0|0|0

P|ERKO2M|24|ERKON|0|3
S|ERKON|54048889|82952778| |IF|0|0|0|0|0|0|1|7000|0|0|0|0|0
S|BAN27|53768697|83215114| |TF|0|0|0|0|0|0|1|7000|0|0|0|0|0
S|D324J|53519114|83445417| |TF|0|0|0|0|0|0|1|4000|0|0|0|0|0

P|ERKO2P|06|ERKON|0|2
S|ERKON|54048889|82952778| |IF|0|0|0|0|0|0|1|7000|0|0|0|0|0
S|BU|53344639|83465139| |TF|0|0|0|0|0|0|1|2800|0|0|0|0|0

P|ERKO2R|24|ERKON|0|2
S|ERKON|54048889|82952778| |IF|0|0|0|0|0|0|1|7000|0|0|0|0|0
S|AR|53381500|83613056| |TF|0|0|0|0|0|0|1|2800|0|0|0|0|0

P|GIRU2G|06|GIRUR|0|3
S|GIRUR|53558889|82223333| |IF|0|0|0|0|0|0|1|7000|0|0|0|0|0
S|BB020|53457083|82806111| |TF|0|0|0|0|0|0|1|7000|0|0|0|0|0
S|BB003|53386694|83198194| |TF|0|0|0|0|0|0|1|2800|0|0|0|0|0

P|GIRU2K|24|GIRUR|0|3
S|GIRUR|53558889|82223333| |IF|0|0|0|0|0|0|1|7000|0|0|0|0|0
S|BB024|53547778|82855139| |TF|0|0|0|0|0|0|1|7000|0|0|0|0|0
S|BB007|53526139|83757417| |TF|0|0|0|0|0|0|1|2800|0|0|0|0|0

P|GIRU2L|06|GIRUR|0|3
S|GIRUR|53558889|82223333| |IF|0|0|0|0|0|0|1|7000|0|0|0|0|0
S|BA28B|53480144|82812744| |TF|0|0|0|0|0|0|1|7000|0|0|0|0|0
S|D276M|53422933|83226628| |TF|0|0|0|0|0|0|1|4000|0|0|0|0|0

P|GIRU2M|24|GIRUR|0|3
S|GIRUR|53558889|82223333| |IF|0|0|0|0|0|0|1|7000|0|0|0|0|0
S|BA28B|53480144|82812744| |TF|0|0|0|0|0|0|1|7000|0|0|0|0|0
S|D276J|53411503|83307972| |TF|0|0|0|0|0|0|1|4000|0|0|0|0|0

P|GIRU2P|06|GIRUR|0|2
S|GIRUR|53558889|82223333| |IF|0|0|0|0|0|0|1|7000|0|0|0|0|0
S|BU|53344639|83465139| |TF|0|0|0|0|0|0|1|2800|0|0|0|0|0

P|GIRU2R|24|GIRUR|0|2
S|GIRUR|53558889|82223333| |IF|0|0|0|0|0|0|1|7000|0|0|0|0|0
S|AR|53381500|83613056| |TF|0|0|0|0|0|0|1|2800|0|0|0|0|0

P|INBO2G|06|INBOK|0|4
S|INBOK|53278889|84281111| |IF|0|0|0|0|0|0|1|8000|0|0|0|0|0
S|BB012|53528611|83795861| |TF|0|0|0|0|0|0|0|0|0|0|0|0|0
S|BB011|53545194|83300778| |TF|0|0|0|0|0|0|0|0|0|0|0|0|0
S|BB003|53386694|83198194| |TF|0|0|0|0|0|0|1|2800|0|0|0|0|0

P|INBO2K|24|INBOK|0|2
S|INBOK|53278889|84281111| |IF|0|0|0|0|0|0|1|8000|0|0|0|0|0
S|BB008|53340056|83885833| |TF|0|0|0|0|0|0|1|4000|0|0|0|0|0

P|INBO2L|06|INBOK|0|3
S|INBOK|53278889|84281111| |IF|0|0|0|0|0|0|1|8000|0|0|0|0|0
S|BAN|53373000|83578833| |TF|0|0|0|0|0|0|0|0|0|0|0|0|0
S|D304M|53516694|83307942| |TF|0|0|0|0|0|0|1|4000|0|0|0|0|0

P|INBO2M|24|INBOK|0|2
S|INBOK|53278889|84281111| |IF|0|0|0|0|0|0|1|8000|0|0|0|0|0
S|D095J|53337142|83850414| |TF|0|0|0|0|0|0|1|4000|0|0|0|0|0

P|INBO2P|06|INBOK|0|2
S|INBOK|53278889|84281111| |IF|0|0|0|0|0|0|1|8000|0|0|0|0|0
S|BU|53344639|83465139| |TF|0|0|0|0|0|0|1|2800|0|0|0|0|0

P|INBO2R|24|INBOK|0|2
S|INBOK|53278889|84281111| |IF|0|0|0|0|0|0|1|8000|0|0|0|0|0
S|AR|53381500|83613056| |TF|0|0|0|0|0|0|1|2800|0|0|0|0|0

P|MOMI2G|06|MOMIP|0|4
S|MOMIP|54122222|83402778| |IF|0|0|0|0|0|0|1|8000|0|0|0|0|0
S|BB017|53796944|83344917| |TF|0|0|0|0|0|0|1|7000|0|0|0|0|0
S|BB011|53545194|83300778| |TF|0|0|0|0|0|0|0|0|0|0|0|0|0
S|BB003|53386694|83198194| |TF|0|0|0|0|0|0|1|2800|0|0|0|0|0

P|MOMI2K|24|MOMIP|0|3
S|MOMIP|54122222|83402778| |IF|0|0|0|0|0|0|1|8000|0|0|0|0|0
S|BB023|53811528|83588944| |TF|0|0|0|0|0|0|1|7000|0|0|0|0|0
S|BB007|53526139|83757417| |TF|0|0|0|0|0|0|1|2800|0|0|0|0|0

P|MOMI2L|06|MOMIP|0|3
S|MOMIP|54122222|83402778| |IF|0|0|0|0|0|0|1|8000|0|0|0|0|0
S|BA27B|53810864|83476700| |TF|0|0|0|0|0|0|1|7000|0|0|0|0|0
S|D345M|53587286|83529103| |TF|0|0|0|0|0|0|1|4000|0|0|0|0|0

P|MOMI2M|24|MOMIP|0|3
S|MOMIP|54122222|83402778| |IF|0|0|0|0|0|0|1|8000|0|0|0|0|0
S|BA27B|53810864|83476700| |TF|0|0|0|0|0|0|1|7000|0|0|0|0|0
S|D345J|53537836|83540617| |TF|0|0|0|0|0|0|1|4000|0|0|0|0|0

P|MOMI2P|06|MOMIP|0|2
S|MOMIP|54122222|83402778| |IF|0|0|0|0|0|0|1|8000|0|0|0|0|0
S|BU|53344639|83465139| |TF|0|0|0|0|0|0|1|2800|0|0|0|0|0

P|MOMI2R|24|MOMIP|0|2
S|MOMIP|54122222|83402778| |IF|0|0|0|0|0|0|1|8000|0|0|0|0|0
S|AR|53381500|83613056| |TF|0|0|0|0|0|0|1|2800|0|0|0|0|0

P|NEPK2G|06|NEPKA|0|4
S|NEPKA|54067222|83982778| |IF|0|0|0|0|0|0|1|8000|0|0|0|0|0
S|BB016|53808417|83641833| |TF|0|0|0|0|0|0|1|7000|0|0|0|0|0
S|BB011|53545194|83300778| |TF|0|0|0|0|0|0|0|0|0|0|0|0|0
S|BB003|53386694|83198194| |TF|0|0|0|0|0|0|1|2800|0|0|0|0|0

P|NEPK2K|24|NEPKA|0|3
S|NEPKA|54067222|83982778| |IF|0|0|0|0|0|0|1|8000|0|0|0|0|0
S|BB022|53770750|83858528| |TF|0|0|0|0|0|0|1|7000|0|0|0|0|0
S|BB007|53526139|83757417| |TF|0|0|0|0|0|0|1|2800|0|0|0|0|0

P|NEPK2L|06|NEPKA|0|3
S|NEPKA|54067222|83982778| |IF|0|0|0|0|0|0|1|8000|0|0|0|0|0
S|D012Z|53781694|83814911| |TF|0|0|0|0|0|0|1|7000|0|0|0|0|0
S|D012M|53577631|83696417| |TF|0|0|0|0|0|0|1|4000|0|0|0|0|0

P|NEPK2M|24|NEPKA|0|3
S|NEPKA|54067222|83982778| |IF|0|0|0|0|0|0|1|8000|0|0|0|0|0
S|D012Z|53781694|83814911| |TF|0|0|0|0|0|0|1|7000|0|0|0|0|0
S|D012J|53530419|83669175| |TF|0|0|0|0|0|0|1|4000|0|0|0|0|0

P|NEPK2P|06|NEPKA|0|2
S|NEPKA|54067222|83982778| |IF|0|0|0|0|0|0|1|8000|0|0|0|0|0
S|BU|53344639|83465139| |TF|0|0|0|0|0|0|1|2800|0|0|0|0|0

P|NEPK2R|24|NEPKA|0|2
S|NEPKA|54067222|83982778| |IF|0|0|0|0|0|0|1|8000|0|0|0|0|0
S|AR|53381500|83613056| |TF|0|0|0|0|0|0|1|2800|0|0|0|0|0

P|RISE2G|06|RISET|0|5
S|RISET|53501667|84495278| |IF|0|0|0|0|0|0|1|8000|0|0|0|0|0
S|BB015|53511528|84251222| |TF|0|0|0|0|0|0|1|7000|0|0|0|0|0
S|BB012|53528611|83795861| |TF|0|0|0|0|0|0|0|0|0|0|0|0|0
S|BB011|53545194|83300778| |TF|0|0|0|0|0|0|0|0|0|0|0|0|0
S|BB003|53386694|83198194| |TF|0|0|0|0|0|0|1|2800|0|0|0|0|0

P|RISE2K|24|RISET|0|3
S|RISET|53501667|84495278| |IF|0|0|0|0|0|0|1|8000|0|0|0|0|0
S|BB021|53479750|84267389| |TF|0|0|0|0|0|0|1|7000|0|0|0|0|0
S|BB006|53433111|83821778| |TF|0|0|0|0|0|0|1|2800|0|0|0|0|0

P|RISE2L|06|RISET|0|4
S|RISET|53501667|84495278| |IF|0|0|0|0|0|0|1|8000|0|0|0|0|0
S|D069Y|53470717|84269681| |TF|0|0|0|0|0|0|1|7000|0|0|0|0|0
S|BAN|53373000|83578833| |TF|0|0|0|0|0|0|0|0|0|0|0|0|0
S|D304M|53516694|83307942| |TF|0|0|0|0|0|0|1|4000|0|0|0|0|0

P|RISE2M|24|RISET|0|4
S|RISET|53501667|84495278| |IF|0|0|0|0|0|0|1|8000|0|0|0|0|0
S|D069Y|53470717|84269681| |TF|0|0|0|0|0|0|1|7000|0|0|0|0|0
S|BAN|53373000|83578833| |TF|0|0|0|0|0|0|0|0|0|0|0|0|0
S|D324J|53519114|83445417| |TF|0|0|0|0|0|0|1|4000|0|0|0|0|0

P|RISE2P|06|RISET|0|2
S|RISET|53501667|84495278| |IF|0|0|0|0|0|0|1|8000|0|0|0|0|0
S|BU|53344639|83465139| |TF|0|0|0|0|0|0|1|2800|0|0|0|0|0

P|RISE2R|24|RISET|0|2
S|RISET|53501667|84495278| |IF|0|0|0|0|0|0|1|8000|0|0|0|0|0
S|AR|53381500|83613056| |TF|0|0|0|0|0|0|1|2800|0|0|0|0|0

P|TISM2G|06|TISMI|0|2
S|TISMI|53174167|82861389| |IF|0|0|0|0|0|0|1|7000|0|0|0|0|0
S|BB002|53293972|83263556| |TF|0|0|0|0|0|0|1|2800|0|0|0|0|0

P|TISM2K|24|TISMI|0|3
S|TISMI|53174167|82861389| |IF|0|0|0|0|0|0|1|7000|0|0|0|0|0
S|BB009|53491750|83618167| |TF|0|0|0|0|0|0|0|0|0|0|0|0|0
S|BB007|53526139|83757417| |TF|0|0|0|0|0|0|1|2800|0|0|0|0|0

P|TISM2L|06|TISMI|0|3
S|TISMI|53174167|82861389| |IF|0|0|0|0|0|0|1|7000|0|0|0|0|0
S|BAN|53373000|83578833| |TF|0|0|0|0|0|0|0|0|0|0|0|0|0
S|D345M|53587286|83529103| |TF|0|0|0|0|0|0|1|4000|0|0|0|0|0

P|TISM2M|24|TISMI|0|3
S|TISMI|53174167|82861389| |IF|0|0|0|0|0|0|1|7000|0|0|0|0|0
S|BAN|53373000|83578833| |TF|0|0|0|0|0|0|0|0|0|0|0|0|0
S|D012J|53530419|83669175| |TF|0|0|0|0|0|0|1|4000|0|0|0|0|0

P|TISM2P|06|TISMI|0|2
S|TISMI|53174167|82861389| |IF|0|0|0|0|0|0|1|7000|0|0|0|0|0
S|BU|53344639|83465139| |TF|0|0|0|0|0|0|1|2800|0|0|0|0|0

P|TISM2R|24|TISMI|0|2
S|TISMI|53174167|82861389| |IF|0|0|0|0|0|0|1|7000|0|0|0|0|0
S|AR|53381500|83613056| |TF|0|0|0|0|0|0|1|2800|0|0|0|0|0

