P|BAME1A|ALL|BAMEN|0|2
S|BAMEN|58900278|91847778| |IF|0|0|0|0|0|0|1|8000|0|0|0|0|0
S|RD|58493667|92105722| |TF|0|0|0|0|0|0|1|2700|0|0|0|0|0

P|DOBA1A|ALL|DOBAL|0|2
S|DOBAL|58908611|92323333| |IF|0|0|0|0|0|0|1|8000|0|0|0|0|0
S|RD|58493667|92105722| |TF|0|0|0|0|0|0|1|2700|0|0|0|0|0

P|EKSE1A|ALL|EKSEL|0|2
S|EKSEL|58508889|91258611| |IF|0|0|0|0|0|0|1|9000|0|0|0|0|0
S|RD|58493667|92105722| |TF|0|0|0|0|0|0|1|2700|0|0|0|0|0

P|GORI1A|ALL|GORIP|0|2
S|GORIP|58037222|91910833| |IF|0|0|0|0|0|0|1|8000|0|0|0|0|0
S|RD|58493667|92105722| |TF|0|0|0|0|0|0|1|2700|0|0|0|0|0

P|KORO1A|ALL|KORON|0|2
S|KORON|58468611|92970278| |IF|0|0|0|0|0|0|1|9000|0|0|0|0|0
S|RD|58493667|92105722| |TF|0|0|0|0|0|0|1|2700|0|0|0|0|0

P|MOLU1A|ALL|MOLUR|0|2
S|MOLUR|58265556|91355833| |IF|0|0|0|0|0|0|1|9000|0|0|0|0|0
S|RD|58493667|92105722| |TF|0|0|0|0|0|0|1|2700|0|0|0|0|0

P|NERI1A|ALL|NERIM|0|2
S|NERIM|58868889|91705556| |IF|0|0|0|0|0|0|1|8000|0|0|0|0|0
S|RD|58493667|92105722| |TF|0|0|0|0|0|0|1|2700|0|0|0|0|0

P|SUPI1A|ALL|SUPIT|0|2
S|SUPIT|58650556|92902500| |IF|0|0|0|0|0|0|1|9000|0|0|0|0|0
S|RD|58493667|92105722| |TF|0|0|0|0|0|0|1|2700|0|0|0|0|0

