P|BEGI1A|ALL|BEGIL|0|3
S|BEGIL|54499444|84133056| |IF|0|0|0|0|0|0|1|7000|0|0|0|0|0
S|EB|54928056|83084722| |TF|0|0|0|0|0|0|3|15000|7000|0|0|0|0
S|NSK|55013750|82639222| |TF|0|0|0|0|0|0|3|6000|4000|0|0|0|0

P|BEGI1E|07|BEGIL|0|4
S|BEGIL|54499444|84133056| |IF|0|0|0|0|0|0|1|7000|0|0|0|0|0
S|EB|54928056|83084722| |TF|0|0|0|0|0|0|3|15000|7000|0|0|0|0
S|D277F|54979039|82783333| |TF|0|0|0|0|0|0|0|0|0|0|0|0|0
S|R|55008556|82606444| |TF|0|0|0|0|0|0|3|6000|4000|0|0|0|0

P|BEGI1F|25|BEGIL|0|3
S|BEGIL|54499444|84133056| |IF|0|0|0|0|0|0|1|7000|0|0|0|0|0
S|EB|54928056|83084722| |TF|0|0|0|0|0|0|3|15000|7000|0|0|0|0
S|K|55016278|82694278| |TF|0|0|0|0|0|0|0|4000|0|0|0|0|0

P|BEGI1G|16|BEGIL|0|4
S|BEGIL|54499444|84133056| |IF|0|0|0|0|0|0|1|7000|0|0|0|0|0
S|EB|54928056|83084722| |TF|0|0|0|0|0|0|3|11000|7000|0|0|0|0
S|D286H|55004536|82794697| |TF|0|0|0|0|0|0|0|0|0|0|0|0|0
S|S|55057389|82592083| |TF|0|0|0|0|0|0|3|5000|4000|0|0|0|0

P|BEGI1H|34|BEGIL|0|3
S|BEGIL|54499444|84133056| |IF|0|0|0|0|0|0|1|7000|0|0|0|0|0
S|EB|54928056|83084722| |TF|0|0|0|0|0|0|3|15000|7000|0|0|0|0
S|G|55009222|82606250| |TF|0|0|0|0|0|0|3|6000|4000|0|0|0|0

P|BEGI1K|25|BEGIL|0|5
S|BEGIL|54499444|84133056| |IF|0|0|0|0|0|0|1|7000|0|0|0|0|0
S|NT083|54720000|83557083| |TF|0|0|0|0|0|0|3|12000|7000|0|0|0|0
S|NT163|54822389|83198917| |TF|0|0|0|0|0|0|1|7000|0|0|0|0|0
S|NT080|54846278|83114583| |TF|0|0|0|0|0|0|3|7000|6000|0|0|0|0
S|EB|54928056|83084722| |TF|0|0|0|0|0|0|1|5000|0|0|0|0|0

P|BEGI1M|34|BEGIL|0|4
S|BEGIL|54499444|84133056| |IF|0|0|0|0|0|0|1|7000|0|0|0|0|0
S|NT066|54635250|83526528| |TF|0|0|0|0|0|0|3|14000|7000|0|0|0|0
S|NT065|54750000|83000000| |TF|0|0|0|0|0|0|1|7000|0|0|0|0|0
S|NT064|54795611|82795667| |TF|0|0|0|0|0|0|1|5000|0|0|0|0|0

P|BEGI1N|16|BEGIL|0|10
S|BEGIL|54499444|84133056| |IF|0|0|0|0|0|0|1|7000|0|0|0|0|0
S|NT054|54865583|83079833| |TF|0|0|0|0|0|0|1|7000|0|0|0|0|0
S|NT053|54964444|82794972| |TF|0|0|0|0|0|0|1|7000|0|0|0|0|0
S|NT107|55194611|82199500| |TF|0|0|0|0|0|240|0|6000|0|0|0|0|0
S|NT108|55292278|82225806| |TF|0|0|0|0|0|240|0|6000|0|0|0|0|0
S|NT109|55370444|82331972| |TF|0|0|0|0|0|240|0|6000|0|0|0|0|0
S|NT110|55409333|82491583| |TF|0|0|0|0|0|240|0|6000|0|0|0|0|0
S|NT111|55399167|82664333| |TF|0|0|0|0|0|240|0|6000|0|0|0|0|0
S|NT112|55342472|82806500| |TF|0|0|0|0|0|240|0|6000|0|0|0|0|0
S|NT050|55230917|82715417| |TF|0|0|0|0|0|0|3|5000|3000|0|0|0|0

P|BEGI1P|07|BEGIL|0|13
S|BEGIL|54499444|84133056| |IF|0|0|0|0|0|0|1|7000|0|0|0|0|0
S|NT102|54744167|83434167| |TF|0|0|0|0|0|0|1|7000|0|0|0|0|0
S|NT054|54865583|83079833| |TF|0|0|0|0|0|0|1|7000|0|0|0|0|0
S|NT074|54913222|82635917| |TF|0|0|0|0|0|0|0|7000|0|0|0|0|0
S|NT134|55182389|82545528| |TF|0|0|0|0|0|240|0|5000|0|0|0|0|0
S|NT120|55201028|82375861| |TF|0|0|0|0|0|240|0|5000|0|0|0|0|0
S|NT121|55193667|82179917| |TF|0|0|0|0|0|240|0|5000|0|0|0|0|0
S|NT122|55132722|82015139| |TF|0|0|0|0|0|240|0|5000|0|0|0|0|0
S|NT123|55033611|81922972| |TF|0|0|0|0|0|240|0|5000|0|0|0|0|0
S|NT124|54921306|81926111| |TF|0|0|0|0|0|240|0|5000|0|0|0|0|0
S|NT125|54823861|82023000| |TF|0|0|0|0|0|240|0|5000|0|0|0|0|0
S|NT126|54772472|82169167| |TF|0|0|0|0|0|240|0|5000|0|0|0|0|0
S|NT056|54881917|82330528| |TF|0|0|0|0|0|0|3|4000|2000|0|0|0|0

P|GOLI1A|ALL|GOLIM|0|4
S|GOLIM|55117222|80965833| |IF|0|0|0|0|0|0|1|7000|0|0|0|0|0
S|D069R|55224658|81892764| |TF|0|0|0|0|0|0|1|7000|0|0|0|0|0
S|KD|55280833|82405556| |TF|0|0|0|0|0|0|3|11000|5000|0|0|0|0
S|NSK|55013750|82639222| |TF|0|0|0|0|0|0|3|6000|4000|0|0|0|0

P|GOLI1E|07|GOLIM|0|4
S|GOLIM|55117222|80965833| |IF|0|0|0|0|0|0|1|7000|0|0|0|0|0
S|D069R|55224658|81892764| |TF|0|0|0|0|0|0|1|7000|0|0|0|0|0
S|KD|55280833|82405556| |TF|0|0|0|0|0|0|3|11000|5000|0|0|0|0
S|R|55008556|82606444| |TF|0|0|0|0|0|0|3|6000|4000|0|0|0|0

P|GOLI1F|25|GOLIM|0|4
S|GOLIM|55117222|80965833| |IF|0|0|0|0|0|0|1|7000|0|0|0|0|0
S|D069R|55224658|81892764| |TF|0|0|0|0|0|0|1|7000|0|0|0|0|0
S|KD|55280833|82405556| |TF|0|0|0|0|0|0|3|11000|5000|0|0|0|0
S|K|55016278|82694278| |TF|0|0|0|0|0|0|0|4000|0|0|0|0|0

P|GOLI1G|16|GOLIM|0|4
S|GOLIM|55117222|80965833| |IF|0|0|0|0|0|0|1|7000|0|0|0|0|0
S|D069R|55224658|81892764| |TF|0|0|0|0|0|0|1|7000|0|0|0|0|0
S|KD|55280833|82405556| |TF|0|0|0|0|0|0|3|11000|5000|0|0|0|0
S|S|55057389|82592083| |TF|0|0|0|0|0|0|3|5000|4000|0|0|0|0

P|GOLI1H|34|GOLIM|0|4
S|GOLIM|55117222|80965833| |IF|0|0|0|0|0|0|1|7000|0|0|0|0|0
S|D069R|55224658|81892764| |TF|0|0|0|0|0|0|1|7000|0|0|0|0|0
S|KD|55280833|82405556| |TF|0|0|0|0|0|0|3|11000|5000|0|0|0|0
S|G|55009222|82606250| |TF|0|0|0|0|0|0|3|6000|4000|0|0|0|0

P|GOLI1K|25|GOLIM|0|6
S|GOLIM|55117222|80965833| |IF|0|0|0|0|0|0|1|7000|0|0|0|0|0
S|NT084|55118111|81832611| |TF|0|0|0|0|0|0|1|7000|0|0|0|0|0
S|NT085|55115167|82426556| |TF|0|0|0|0|0|0|1|7000|0|0|0|0|0
S|NT168|55131611|82568917| |TF|0|0|0|0|0|0|1|7000|0|0|0|0|0
S|NT073|55158917|82734111| |TF|0|0|0|0|0|0|2|6000|0|0|0|0|0
S|NT072|55160222|82868389| |TF|0|0|0|0|0|240|3|5000|4000|0|0|0|0

P|GOLI1M|34|GOLIM|0|5
S|GOLIM|55117222|80965833| |IF|0|0|0|0|0|0|1|7000|0|0|0|0|0
S|NT063|54537333|82210361| |TF|0|0|0|0|0|0|0|0|0|0|0|0|0
S|NT062|54519167|82547306| |TF|0|0|0|0|0|275|3|13000|7000|0|0|0|0
S|NT161|54585194|82575194| |TF|0|0|0|0|0|0|1|7000|0|0|0|0|0
S|NT061|54753278|82646611| |TF|0|0|0|0|0|0|1|5000|0|0|0|0|0

P|GOLI1N|16|GOLIM|0|9
S|GOLIM|55117222|80965833| |IF|0|0|0|0|0|0|1|7000|0|0|0|0|0
S|NT156|55174444|81857722| |TF|0|0|0|0|0|0|1|7000|0|0|0|0|0
S|NT107|55194611|82199500| |TF|0|0|0|0|0|240|0|6000|0|0|0|0|0
S|NT108|55292278|82225806| |TF|0|0|0|0|0|240|0|6000|0|0|0|0|0
S|NT109|55370444|82331972| |TF|0|0|0|0|0|240|0|6000|0|0|0|0|0
S|NT110|55409333|82491583| |TF|0|0|0|0|0|240|0|6000|0|0|0|0|0
S|NT111|55399167|82664333| |TF|0|0|0|0|0|240|0|6000|0|0|0|0|0
S|NT112|55342472|82806500| |TF|0|0|0|0|0|240|0|6000|0|0|0|0|0
S|NT050|55230917|82715417| |TF|0|0|0|0|0|0|3|5000|3000|0|0|0|0

P|GOLI1P|07|GOLIM|0|8
S|GOLIM|55117222|80965833| |IF|0|0|0|0|0|0|1|7000|0|0|0|0|0
S|NT127|54925556|81682306| |TF|0|0|0|0|0|0|0|0|0|0|0|0|0
S|NT160|54927250|81842528| |TF|0|0|0|0|0|0|1|7000|0|0|0|0|0
S|NT130|54928444|81971250| |TF|0|0|0|0|0|240|0|6000|0|0|0|0|0
S|NT131|55027278|81968583| |TF|0|0|0|0|0|240|0|6000|0|0|0|0|0
S|NT132|55114472|82049750| |TF|0|0|0|0|0|240|0|6000|0|0|0|0|0
S|NT133|55168083|82194722| |TF|0|0|0|0|0|240|0|6000|0|0|0|0|0
S|NT060|55100806|82268444| |TF|2|0|0|0|0|0|1|4000|0|0|0|0|0

P|LAMG1A|ALL|LAMGA|0|4
S|LAMGA|56020000|82261667| |IF|0|0|0|0|0|0|1|7000|0|0|0|0|0
S|D151J|55481294|82603711| |TF|0|0|0|0|0|0|1|7000|0|0|0|0|0
S|GV|55321389|82703333| |TF|0|0|0|0|0|0|1|5000|0|0|0|0|0
S|NSK|55013750|82639222| |TF|0|0|0|0|0|0|3|6000|4000|0|0|0|0

P|LAMG1E|07|LAMGA|0|4
S|LAMGA|56020000|82261667| |IF|0|0|0|0|0|0|1|7000|0|0|0|0|0
S|D151J|55481294|82603711| |TF|0|0|0|0|0|0|1|7000|0|0|0|0|0
S|GV|55321389|82703333| |TF|0|0|0|0|0|0|3|12000|7000|0|0|0|0
S|R|55008556|82606444| |TF|0|0|0|0|0|0|3|6000|4000|0|0|0|0

P|LAMG1F|25|LAMGA|0|4
S|LAMGA|56020000|82261667| |IF|0|0|0|0|0|0|1|7000|0|0|0|0|0
S|D151J|55481294|82603711| |TF|0|0|0|0|0|0|1|7000|0|0|0|0|0
S|GV|55321389|82703333| |TF|0|0|0|0|0|0|3|12000|7000|0|0|0|0
S|K|55016278|82694278| |TF|0|0|0|0|0|0|0|4000|0|0|0|0|0

P|LAMG1G|16|LAMGA|0|4
S|LAMGA|56020000|82261667| |IF|0|0|0|0|0|0|1|7000|0|0|0|0|0
S|D151J|55481294|82603711| |TF|0|0|0|0|0|0|1|7000|0|0|0|0|0
S|GV|55321389|82703333| |TF|0|0|0|0|0|0|3|12000|7000|0|0|0|0
S|S|55057389|82592083| |TF|0|0|0|0|0|0|3|5000|4000|0|0|0|0

P|LAMG1H|34|LAMGA|0|4
S|LAMGA|56020000|82261667| |IF|0|0|0|0|0|0|1|7000|0|0|0|0|0
S|D151J|55481294|82603711| |TF|0|0|0|0|0|0|1|7000|0|0|0|0|0
S|GV|55321389|82703333| |TF|0|0|0|0|0|0|3|12000|7000|0|0|0|0
S|G|55009222|82606250| |TF|0|0|0|0|0|0|3|6000|4000|0|0|0|0

P|LAMG1K|25|LAMGA|0|6
S|LAMGA|56020000|82261667| |IF|0|0|0|0|0|0|1|7000|0|0|0|0|0
S|NT049|55811500|82474500| |TF|0|0|0|0|0|0|0|0|0|0|0|0|0
S|NT172|55547361|82492639| |TF|0|0|0|0|0|0|1|7000|0|0|0|0|0
S|NT047|55311778|82509889| |TF|0|0|0|0|0|0|3|7000|6000|0|0|0|0
S|NT075|55204889|82721722| |TF|0|0|0|0|0|0|0|6000|0|0|0|0|0
S|NT072|55160222|82868389| |TF|0|0|0|0|0|0|3|5000|4000|0|0|0|0

P|LAMG1M|34|LAMGA|0|6
S|LAMGA|56020000|82261667| |IF|0|0|0|0|0|0|1|7000|0|0|0|0|0
S|NT049|55811500|82474500| |TF|0|0|0|0|0|0|0|0|0|0|0|0|0
S|NT036|55310694|82653667| |TF|0|0|0|0|0|0|1|7000|0|0|0|0|0
S|NT069|55051694|82828028| |TF|0|0|0|0|0|0|1|7000|0|0|0|0|0
S|NT067|54837250|82927417| |TF|0|0|0|0|0|0|1|7000|0|0|0|0|0
S|NT064|54795611|82795667| |TF|0|0|0|0|0|0|1|5000|0|0|0|0|0

P|LAMG1N|16|LAMGA|0|9
S|LAMGA|56020000|82261667| |IF|0|0|0|0|0|0|1|7000|0|0|0|0|0
S|NT049|55811500|82474500| |TF|0|0|0|0|0|0|1|7000|0|0|0|0|0
S|NT165|55486000|82746139| |TF|0|0|0|0|0|0|1|7000|0|0|0|0|0
S|NT113|55424417|82680917| |TF|0|0|0|0|0|240|0|5000|0|0|0|0|0
S|NT114|55436000|82484472| |TF|0|0|0|0|0|240|0|5000|0|0|0|0|0
S|NT115|55391750|82303000| |TF|0|0|0|0|0|240|0|5000|0|0|0|0|0
S|NT116|55302917|82182389| |TF|0|0|0|0|0|240|0|5000|0|0|0|0|0
S|NT117|55205222|82156194| |TF|0|0|0|0|0|240|0|5000|0|0|0|0|0
S|NT042|55196389|82371806| |TF|1|0|0|0|0|0|3|5000|4000|0|0|0|0

P|LAMG1P|07|LAMGA|0|11
S|LAMGA|56020000|82261667| |IF|0|0|0|0|0|0|1|7000|0|0|0|0|0
S|NT049|55811500|82474500| |TF|0|0|0|0|0|0|0|0|0|0|0|0|0
S|NT118|55473028|82463750| |TF|0|0|0|0|0|0|1|7000|0|0|0|0|0
S|NT120|55201028|82375861| |TF|0|0|0|0|0|240|0|5000|0|0|0|0|0
S|NT121|55193667|82179917| |TF|0|0|0|0|0|240|0|5000|0|0|0|0|0
S|NT122|55132722|82015139| |TF|0|0|0|0|0|240|0|5000|0|0|0|0|0
S|NT123|55033611|81922972| |TF|0|0|0|0|0|240|0|5000|0|0|0|0|0
S|NT124|54921306|81926111| |TF|0|0|0|0|0|240|0|5000|0|0|0|0|0
S|NT125|54823861|82023000| |TF|0|0|0|0|0|240|0|5000|0|0|0|0|0
S|NT126|54772472|82169167| |TF|0|0|0|0|0|240|0|5000|0|0|0|0|0
S|NT056|54881917|82330528| |TF|0|0|0|0|0|0|3|4000|2000|0|0|0|0

P|NATI1A|ALL|NATIR|0|3
S|NATIR|55196389|84696944| |IF|0|0|0|0|0|0|1|7000|0|0|0|0|0
S|EB|54928056|83084722| |TF|0|0|0|0|0|0|3|15000|7000|0|0|0|0
S|NSK|55013750|82639222| |TF|0|0|0|0|0|0|3|6000|4000|0|0|0|0

P|NATI1E|07|NATIR|0|5
S|NATIR|55196389|84696944| |IF|0|0|0|0|0|0|1|7000|0|0|0|0|0
S|D245F|54956103|83246456| |TF|0|0|0|0|0|0|1|7000|0|0|0|0|0
S|EB|54928056|83084722| |TF|0|0|0|0|0|0|3|15000|7000|0|0|0|0
S|D277F|54979039|82783333| |TF|0|0|0|0|0|0|0|0|0|0|0|0|0
S|R|55008556|82606444| |TF|0|0|0|0|0|0|3|6000|4000|0|0|0|0

P|NATI1F|25|NATIR|0|4
S|NATIR|55196389|84696944| |IF|0|0|0|0|0|0|1|7000|0|0|0|0|0
S|D245F|54956103|83246456| |TF|0|0|0|0|0|0|1|7000|0|0|0|0|0
S|EB|54928056|83084722| |TF|0|0|0|0|0|0|3|15000|7000|0|0|0|0
S|K|55016278|82694278| |TF|0|0|0|0|0|0|0|4000|0|0|0|0|0

P|NATI1G|16|NATIR|0|4
S|NATIR|55196389|84696944| |IF|0|0|0|0|0|0|1|7000|0|0|0|0|0
S|EB|54928056|83084722| |TF|0|0|0|0|0|0|3|11000|7000|0|0|0|0
S|D286H|55004536|82794697| |TF|0|0|0|0|0|0|0|0|0|0|0|0|0
S|S|55057389|82592083| |TF|0|0|0|0|0|0|3|5000|4000|0|0|0|0

P|NATI1H|34|NATIR|0|4
S|NATIR|55196389|84696944| |IF|0|0|0|0|0|0|1|7000|0|0|0|0|0
S|D245F|54956103|83246456| |TF|0|0|0|0|0|0|1|7000|0|0|0|0|0
S|EB|54928056|83084722| |TF|0|0|0|0|0|0|3|15000|7000|0|0|0|0
S|G|55009222|82606250| |TF|0|0|0|0|0|0|3|6000|4000|0|0|0|0

P|NATI1K|25|NATIR|0|4
S|NATIR|55196389|84696944| |IF|0|0|0|0|0|0|1|7000|0|0|0|0|0
S|NT068|55080083|84029639| |TF|0|0|0|0|0|0|0|0|0|0|0|0|0
S|NT081|55035750|83331194| |TF|0|0|0|0|0|0|0|7000|0|0|0|0|0
S|EB|54928056|83084722| |TF|0|0|0|0|0|0|1|5000|0|0|0|0|0

P|NATI1M|34|NATIR|0|6
S|NATIR|55196389|84696944| |IF|0|0|0|0|0|0|1|7000|0|0|0|0|0
S|NT068|55080083|84029639| |TF|0|0|0|0|0|0|0|0|0|0|0|0|0
S|NT105|55035806|83707111| |TF|0|0|0|0|0|0|3|14000|7000|0|0|0|0
S|NT040|54979222|83304667| |TF|0|0|0|0|0|0|3|10000|7000|0|0|0|0
S|NT067|54837250|82927417| |TF|0|0|0|0|0|0|1|7000|0|0|0|0|0
S|NT064|54795611|82795667| |TF|0|0|0|0|0|0|1|5000|0|0|0|0|0

P|NATI1N|16|NATIR|0|11
S|NATIR|55196389|84696944| |IF|0|0|0|0|0|0|1|7000|0|0|0|0|0
S|NT055|54896528|83224917| |TF|0|0|0|0|0|0|1|7000|0|0|0|0|0
S|NT054|54865583|83079833| |TF|0|0|0|0|0|0|1|7000|0|0|0|0|0
S|NT053|54964444|82794972| |TF|0|0|0|0|0|0|1|7000|0|0|0|0|0
S|NT107|55194611|82199500| |TF|0|0|0|0|0|240|0|6000|0|0|0|0|0
S|NT108|55292278|82225806| |TF|0|0|0|0|0|240|0|6000|0|0|0|0|0
S|NT109|55370444|82331972| |TF|0|0|0|0|0|240|0|6000|0|0|0|0|0
S|NT110|55409333|82491583| |TF|0|0|0|0|0|240|0|6000|0|0|0|0|0
S|NT111|55399167|82664333| |TF|0|0|0|0|0|240|0|6000|0|0|0|0|0
S|NT112|55342472|82806500| |TF|0|0|0|0|0|240|0|6000|0|0|0|0|0
S|NT050|55230917|82715417| |TF|0|0|0|0|0|0|3|5000|3000|0|0|0|0

P|NATI1P|07|NATIR|0|13
S|NATIR|55196389|84696944| |IF|0|0|0|0|0|0|1|7000|0|0|0|0|0
S|NT103|55024583|83836056| |TF|0|0|0|0|0|0|1|7000|0|0|0|0|0
S|NT054|54865583|83079833| |TF|0|0|0|0|0|0|1|7000|0|0|0|0|0
S|NT074|54913222|82635917| |TF|0|0|0|0|0|0|0|7000|0|0|0|0|0
S|NT134|55182389|82545528| |TF|0|0|0|0|0|240|0|5000|0|0|0|0|0
S|NT120|55201028|82375861| |TF|0|0|0|0|0|240|0|5000|0|0|0|0|0
S|NT121|55193667|82179917| |TF|0|0|0|0|0|240|0|5000|0|0|0|0|0
S|NT122|55132722|82015139| |TF|0|0|0|0|0|240|0|5000|0|0|0|0|0
S|NT123|55033611|81922972| |TF|0|0|0|0|0|240|0|5000|0|0|0|0|0
S|NT124|54921306|81926111| |TF|0|0|0|0|0|240|0|5000|0|0|0|0|0
S|NT125|54823861|82023000| |TF|0|0|0|0|0|240|0|5000|0|0|0|0|0
S|NT126|54772472|82169167| |TF|0|0|0|0|0|240|0|5000|0|0|0|0|0
S|NT056|54881917|82330528| |TF|0|0|0|0|0|0|3|4000|2000|0|0|0|0

P|ORPA1A|ALL|ORPAS|0|4
S|ORPAS|54032222|81810833| |IF|0|0|0|0|0|0|1|17000|0|0|0|0|0
S|NR|54387500|82933889| |TF|0|0|0|0|0|270|3|13000|7000|0|0|0|0
S|D156S|54709625|82783497| |TF|0|0|0|0|0|0|1|7000|0|0|0|0|0
S|NSK|55013750|82639222| |TF|0|0|0|0|0|0|3|6000|4000|0|0|0|0

P|ORPA1E|07|ORPAS|0|5
S|ORPAS|54032222|81810833| |IF|0|0|0|0|0|0|1|17000|0|0|0|0|0
S|NR|54387500|82933889| |TF|0|0|0|0|0|270|3|13000|7000|0|0|0|0
S|EB|54928056|83084722| |TF|0|0|0|0|0|0|3|15000|7000|0|0|0|0
S|D277F|54979039|82783333| |TF|0|0|0|0|0|0|1|6000|0|0|0|0|0
S|R|55008556|82606444| |TF|0|0|0|0|0|0|3|6000|4000|0|0|0|0

P|ORPA1F|25|ORPAS|0|4
S|ORPAS|54032222|81810833| |IF|0|0|0|0|0|0|1|17000|0|0|0|0|0
S|NR|54387500|82933889| |TF|0|0|0|0|0|270|3|12000|7000|0|0|0|0
S|D339K|54837150|82763317| |TF|0|0|0|0|0|0|1|7000|0|0|0|0|0
S|K|55016278|82694278| |TF|0|0|0|0|0|0|0|4000|0|0|0|0|0

P|ORPA1G|16|ORPAS|0|5
S|ORPAS|54032222|81810833| |IF|0|0|0|0|0|0|1|17000|0|0|0|0|0
S|NR|54387500|82933889| |TF|0|0|0|0|0|270|3|13000|7000|0|0|0|0
S|EB|54928056|83084722| |TF|0|0|0|0|0|240|3|11000|7000|0|0|0|0
S|D286H|55004536|82794697| |TF|0|0|0|0|0|0|1|6000|0|0|0|0|0
S|S|55057389|82592083| |TF|0|0|0|0|0|0|3|5000|4000|0|0|0|0

P|ORPA1H|34|ORPAS|0|4
S|ORPAS|54032222|81810833| |IF|0|0|0|0|0|0|1|17000|0|0|0|0|0
S|NR|54387500|82933889| |TF|0|0|0|0|0|270|3|13000|7000|0|0|0|0
S|EB|54928056|83084722| |TF|0|0|0|0|0|0|3|15000|7000|0|0|0|0
S|G|55009222|82606250| |TF|0|0|0|0|0|0|3|6000|4000|0|0|0|0

P|ORPA1K|25|ORPAS|0|5
S|ORPAS|54032222|81810833| |IF|0|0|0|0|0|0|1|17000|0|0|0|0|0
S|NT076|54521639|82585750| |TF|0|0|0|0|0|0|1|7000|0|0|0|0|0
S|NT164|54586333|82660889| |TF|0|0|0|0|0|0|1|7000|0|0|0|0|0
S|NT079|54827389|82943528| |TF|0|0|0|0|0|0|0|5000|0|0|0|0|0
S|EB|54928056|83084722| |TF|0|0|0|0|0|0|1|5000|0|0|0|0|0

P|ORPA1M|34|ORPAS|0|4
S|ORPAS|54032222|81810833| |IF|0|0|0|0|0|0|1|17000|0|0|0|0|0
S|NT062|54519167|82547306| |TF|0|0|0|0|0|275|3|13000|7000|0|0|0|0
S|NT161|54585194|82575194| |TF|0|0|0|0|0|0|1|7000|0|0|0|0|0
S|NT061|54753278|82646611| |TF|0|0|0|0|0|0|1|5000|0|0|0|0|0

P|ORPA1N|16|ORPAS|0|10
S|ORPAS|54032222|81810833| |IF|0|0|0|0|0|0|1|17000|0|0|0|0|0
S|NT045|54482861|82159194| |TF|0|0|0|0|0|0|2|13000|0|0|0|0|0
S|NT044|54930000|82151167| |TF|0|0|0|0|0|0|1|8000|0|0|0|0|0
S|NT107|55194611|82199500| |TF|0|0|0|0|0|240|0|6000|0|0|0|0|0
S|NT108|55292278|82225806| |TF|0|0|0|0|0|240|0|6000|0|0|0|0|0
S|NT109|55370444|82331972| |TF|0|0|0|0|0|240|0|6000|0|0|0|0|0
S|NT110|55409333|82491583| |TF|0|0|0|0|0|240|0|6000|0|0|0|0|0
S|NT111|55399167|82664333| |TF|0|0|0|0|0|240|0|6000|0|0|0|0|0
S|NT112|55342472|82806500| |TF|0|0|0|0|0|240|0|6000|0|0|0|0|0
S|NT050|55230917|82715417| |TF|0|0|0|0|0|0|3|5000|3000|0|0|0|0

P|ORPA1P|07|ORPAS|0|9
S|ORPAS|54032222|81810833| |IF|0|0|0|0|0|0|1|17000|0|0|0|0|0
S|NT159|54671917|82140000| |TF|0|0|0|0|0|0|1|7000|0|0|0|0|0
S|NT128|54791250|82202639| |TF|0|0|0|0|0|240|0|6000|0|0|0|0|0
S|NT129|54842667|82056444| |TF|0|0|0|0|0|240|0|6000|0|0|0|0|0
S|NT130|54928444|81971250| |TF|0|0|0|0|0|240|0|6000|0|0|0|0|0
S|NT131|55027278|81968583| |TF|0|0|0|0|0|240|0|6000|0|0|0|0|0
S|NT132|55114472|82049750| |TF|0|0|0|0|0|240|0|6000|0|0|0|0|0
S|NT133|55168083|82194722| |TF|0|0|0|0|0|240|0|6000|0|0|0|0|0
S|NT060|55100806|82268444| |TF|0|0|0|0|0|0|1|4000|0|0|0|0|0

P|ORPA1Z|ALL|ORPAS|0|4
S|ORPAS|54032222|81810833| |IF|0|0|0|0|0|0|1|17000|0|0|0|0|0
S|D030N|54744275|82817203| |TF|0|0|0|0|0|0|3|16000|7000|0|0|0|0
S|D150H|54887858|82722686| |TF|0|0|0|0|0|0|1|7000|0|0|0|0|0
S|NSK|55013750|82639222| |TF|0|0|0|0|0|0|3|6000|4000|0|0|0|0

P|REGM1A|ALL|REGMI|0|3
S|REGMI|56080278|83660000| |IF|0|0|0|0|0|0|1|7000|0|0|0|0|0
S|D019S|55285358|82893200| |TF|0|0|0|0|0|0|1|7000|0|0|0|0|0
S|NSK|55013750|82639222| |TF|0|0|0|0|0|0|3|6000|4000|0|0|0|0

P|REGM1E|07|REGMI|0|3
S|REGMI|56080278|83660000| |IF|0|0|0|0|0|0|1|7000|0|0|0|0|0
S|GV|55321389|82703333| |TF|0|0|0|0|0|0|3|12000|7000|0|0|0|0
S|R|55008556|82606444| |TF|0|0|0|0|0|0|3|6000|4000|0|0|0|0

P|REGM1F|25|REGMI|0|3
S|REGMI|56080278|83660000| |IF|0|0|0|0|0|0|1|7000|0|0|0|0|0
S|GV|55321389|82703333| |TF|0|0|0|0|0|0|3|12000|7000|0|0|0|0
S|K|55016278|82694278| |TF|0|0|0|0|0|0|0|4000|0|0|0|0|0

P|REGM1G|16|REGMI|0|3
S|REGMI|56080278|83660000| |IF|0|0|0|0|0|0|1|7000|0|0|0|0|0
S|GV|55321389|82703333| |TF|0|0|0|0|0|0|3|12000|7000|0|0|0|0
S|S|55057389|82592083| |TF|0|0|0|0|0|0|3|5000|4000|0|0|0|0

P|REGM1H|34|REGMI|0|3
S|REGMI|56080278|83660000| |IF|0|0|0|0|0|0|1|7000|0|0|0|0|0
S|GV|55321389|82703333| |TF|0|0|0|0|0|0|3|12000|7000|0|0|0|0
S|G|55009222|82606250| |TF|0|0|0|0|0|0|3|6000|4000|0|0|0|0

P|REGM1K|25|REGMI|0|5
S|REGMI|56080278|83660000| |IF|0|0|0|0|0|0|1|7000|0|0|0|0|0
S|NT052|55787250|83068861| |TF|0|0|0|0|0|0|0|0|0|0|0|0|0
S|NT162|55450389|82887972| |TF|0|0|0|0|0|0|1|7000|0|0|0|0|0
S|NT077|55323639|82820750| |TF|0|0|0|0|0|0|1|5000|0|0|0|0|0
S|NT072|55160222|82868389| |TF|0|0|0|0|0|0|3|5000|4000|0|0|0|0

P|REGM1M|34|REGMI|0|6
S|REGMI|56080278|83660000| |IF|0|0|0|0|0|0|1|7000|0|0|0|0|0
S|NT052|55787250|83068861| |TF|0|0|0|0|0|0|0|0|0|0|0|0|0
S|NT036|55310694|82653667| |TF|0|0|0|0|0|0|1|7000|0|0|0|0|0
S|NT069|55051694|82828028| |TF|0|0|0|0|0|0|1|7000|0|0|0|0|0
S|NT067|54837250|82927417| |TF|0|0|0|0|0|0|1|7000|0|0|0|0|0
S|NT064|54795611|82795667| |TF|0|0|0|0|0|0|1|5000|0|0|0|0|0

P|REGM1N|16|REGMI|0|9
S|REGMI|56080278|83660000| |IF|0|0|0|0|0|0|1|7000|0|0|0|0|0
S|NT052|55787250|83068861| |TF|0|0|0|0|0|0|0|0|0|0|0|0|0
S|NT165|55486000|82746139| |TF|0|0|0|0|0|0|1|7000|0|0|0|0|0
S|NT113|55424417|82680917| |TF|0|0|0|0|0|240|0|5000|0|0|0|0|0
S|NT114|55436000|82484472| |TF|0|0|0|0|0|240|0|5000|0|0|0|0|0
S|NT115|55391750|82303000| |TF|0|0|0|0|0|240|0|5000|0|0|0|0|0
S|NT116|55302917|82182389| |TF|0|0|0|0|0|240|0|5000|0|0|0|0|0
S|NT117|55205222|82156194| |TF|0|0|0|0|0|240|0|5000|0|0|0|0|0
S|NT042|55196389|82371806| |TF|1|0|0|0|0|0|3|5000|4000|0|0|0|0

P|REGM1P|07|REGMI|0|11
S|REGMI|56080278|83660000| |IF|0|0|0|0|0|0|1|7000|0|0|0|0|0
S|NT052|55787250|83068861| |TF|0|0|0|0|0|0|0|0|0|0|0|0|0
S|NT119|55478000|82700111| |TF|0|0|0|0|0|0|1|7000|0|0|0|0|0
S|NT120|55201028|82375861| |TF|0|0|0|0|0|240|0|5000|0|0|0|0|0
S|NT121|55193667|82179917| |TF|0|0|0|0|0|240|0|5000|0|0|0|0|0
S|NT122|55132722|82015139| |TF|0|0|0|0|0|240|0|5000|0|0|0|0|0
S|NT123|55033611|81922972| |TF|0|0|0|0|0|240|0|5000|0|0|0|0|0
S|NT124|54921306|81926111| |TF|0|0|0|0|0|240|0|5000|0|0|0|0|0
S|NT125|54823861|82023000| |TF|0|0|0|0|0|240|0|5000|0|0|0|0|0
S|NT126|54772472|82169167| |TF|0|0|0|0|0|240|0|5000|0|0|0|0|0
S|NT056|54881917|82330528| |TF|0|0|0|0|0|0|3|4000|2000|0|0|0|0

P|REGM1X|25|REGMI|0|7
S|REGMI|56080278|83660000| |IF|0|0|0|0|0|0|1|7000|0|0|0|0|0
S|NT052|55787250|83068861| |TF|0|0|0|0|0|0|0|0|0|0|0|0|0
S|NT135|55699000|82855278| |TF|0|0|0|0|0|0|1|7000|0|0|0|0|0
S|NT172|55547361|82492639| |TF|0|0|0|0|0|0|1|7000|0|0|0|0|0
S|NT047|55311778|82509889| |TF|0|0|0|0|0|0|3|7000|6000|0|0|0|0
S|NT075|55204889|82721722| |TF|0|0|0|0|0|0|0|6000|0|0|0|0|0
S|NT072|55160222|82868389| |TF|0|0|0|0|0|0|3|5000|4000|0|0|0|0

