P|AGAT1D|14|AGATO|0|2
S|AGATO|42266389|48538611| |IF|0|0|0|0|0|0|1|16000|0|0|0|0|0
S|HC|42855250|47619611| |TF|0|0|0|0|0|0|3|11000|7500|0|0|0|0

P|AGAT1E|14|AGATO|0|3
S|AGATO|42266389|48538611| |IF|0|0|0|0|0|0|1|16000|0|0|0|0|0
S|D303V|42567958|48065897| |TF|0|0|0|0|0|0|0|0|0|0|0|0|0
S|H|42834583|47637278| |TF|0|0|0|0|0|0|3|11000|7500|0|0|0|0

P|AGAT1F|32|AGATO|0|2
S|AGATO|42266389|48538611| |IF|0|0|0|0|0|0|1|16000|0|0|0|0|0
S|SM|42777278|47686028| |TF|0|0|0|0|0|0|3|10000|7500|0|0|0|0

P|AGAT1G|32|AGATO|0|3
S|AGATO|42266389|48538611| |IF|0|0|0|0|0|0|1|16000|0|0|0|0|0
S|D303Y|42532219|48095758| |TF|0|0|0|0|0|0|0|0|0|0|0|0|0
S|S|42798444|47668056| |TF|0|0|0|0|0|0|3|10000|7500|0|0|0|0

P|AGAT1H|14|AGATO|0|9
S|AGATO|42266389|48538611| |IF|0|0|0|0|0|0|1|16000|0|0|0|0|0
S|ML048|42800917|48134833| |TF|0|0|0|0|0|0|0|0|0|0|0|0|0
S|ML049|43000111|47849306| |TF|0|0|0|0|0|215|0|0|0|0|0|0|0
S|ML051|43266194|47463444| |TF|0|0|0|0|0|215|3|6500|5500|0|0|0|0
S|ML052|43248333|47350583| |TF|0|0|0|0|0|215|3|6500|5500|0|0|0|0
S|ML053|43203250|47253028| |TF|0|0|0|0|0|215|3|6500|5500|0|0|0|0
S|ML054|43136444|47182583| |TF|0|0|0|0|0|215|3|6500|5500|0|0|0|0
S|ML055|43055972|47147694| |TF|0|0|0|0|0|215|3|6500|5500|0|0|0|0
S|ML008|43037000|47339889| |TF|1|0|0|0|0|0|1|5500|0|0|0|0|0

P|AGAT1J|32|AGATO|0|6
S|AGATO|42266389|48538611| |IF|0|0|0|0|0|0|1|16000|0|0|0|0|0
S|ML037|42443917|48029500| |TF|0|0|0|0|0|215|0|6000|0|0|0|0|0
S|ML038|42402694|47939917| |TF|0|0|0|0|0|215|0|6000|0|0|0|0|0
S|ML039|42386556|47836778| |TF|0|0|0|0|0|215|0|6000|0|0|0|0|0
S|ML040|42397444|47732389| |TF|0|0|0|0|0|215|0|6000|0|0|0|0|0
S|ML002|42515583|47784222| |TF|2|0|0|0|0|0|1|5500|0|0|0|0|0

P|AGAT2C|ALL|AGATO|0|2
S|AGATO|42266389|48538611| |IF|0|0|0|0|0|0|1|16000|0|0|0|0|0
S|MKL|42794444|47667833| |TF|0|0|0|0|0|0|1|6100|0|0|0|0|0

P|AGNE1D|14|AGNET|0|2
S|AGNET|42230000|48211667| |IF|0|0|0|0|0|0|1|14000|0|0|0|0|0
S|HC|42855250|47619611| |TF|0|0|0|0|0|0|3|11000|7500|0|0|0|0

P|AGNE1E|14|AGNET|0|3
S|AGNET|42230000|48211667| |IF|0|0|0|0|0|0|1|14000|0|0|0|0|0
S|D318V|42495792|47957417| |TF|0|0|0|0|0|0|0|0|0|0|0|0|0
S|H|42834583|47637278| |TF|0|0|0|0|0|0|3|11000|7500|0|0|0|0

P|AGNE1F|32|AGNET|0|2
S|AGNET|42230000|48211667| |IF|0|0|0|0|0|0|1|14000|0|0|0|0|0
S|SM|42777278|47686028| |TF|0|0|0|0|0|0|3|10000|7500|0|0|0|0

P|AGNE1G|32|AGNET|0|3
S|AGNET|42230000|48211667| |IF|0|0|0|0|0|0|1|14000|0|0|0|0|0
S|D318Y|42459133|47988497| |TF|0|0|0|0|0|0|0|0|0|0|0|0|0
S|S|42798444|47668056| |TF|0|0|0|0|0|0|3|10000|7500|0|0|0|0

P|AGNE1H|14|AGNET|0|9
S|AGNET|42230000|48211667| |IF|0|0|0|0|0|0|1|14000|0|0|0|0|0
S|ML048|42800917|48134833| |TF|0|0|0|0|0|0|0|0|0|0|0|0|0
S|ML049|43000111|47849306| |TF|0|0|0|0|0|215|0|0|0|0|0|0|0
S|ML051|43266194|47463444| |TF|0|0|0|0|0|215|3|6500|5500|0|0|0|0
S|ML052|43248333|47350583| |TF|0|0|0|0|0|215|3|6500|5500|0|0|0|0
S|ML053|43203250|47253028| |TF|0|0|0|0|0|215|3|6500|5500|0|0|0|0
S|ML054|43136444|47182583| |TF|0|0|0|0|0|215|3|6500|5500|0|0|0|0
S|ML055|43055972|47147694| |TF|0|0|0|0|0|215|3|6500|5500|0|0|0|0
S|ML008|43037000|47339889| |TF|1|0|0|0|0|0|1|5500|0|0|0|0|0

P|AGNE1J|32|AGNET|0|5
S|AGNET|42230000|48211667| |IF|0|0|0|0|0|0|1|14000|0|0|0|0|0
S|ML030|42450611|48021417| |TF|0|0|0|0|0|215|1|7000|0|0|0|0|0
S|ML031|42509556|48084083| |TF|0|0|0|0|0|215|1|7000|0|0|0|0|0
S|ML032|42580806|48115833| |TF|0|0|0|0|0|215|1|7000|0|0|0|0|0
S|ML001|42597222|47961528| |TF|1|0|0|0|0|0|1|5500|0|0|0|0|0

P|AGNE2C|ALL|AGNET|0|2
S|AGNET|42230000|48211667| |IF|0|0|0|0|0|0|1|14000|0|0|0|0|0
S|MKL|42794444|47667833| |TF|0|0|0|0|0|0|1|6100|0|0|0|0|0

P|ALUB1D|14|ALUBA|0|3
S|ALUBA|42684444|46979167| |IF|0|0|0|0|0|0|1|17000|0|0|0|0|0
S|D063P|42762772|47276703| |TF|0|0|0|0|0|0|1|14000|0|0|0|0|0
S|HC|42855250|47619611| |TF|0|0|0|0|0|0|3|11000|7500|0|0|0|0

P|ALUB1E|14|ALUBA|0|3
S|ALUBA|42684444|46979167| |IF|0|0|0|0|0|0|1|17000|0|0|0|0|0
S|D066Q|42755450|47287814| |TF|0|0|0|0|0|0|1|14000|0|0|0|0|0
S|H|42834583|47637278| |TF|0|0|0|0|0|0|3|11000|7500|0|0|0|0

P|ALUB1F|32|ALUBA|0|3
S|ALUBA|42684444|46979167| |IF|0|0|0|0|0|0|1|17000|0|0|0|0|0
S|D073P|42730044|47327017| |TF|0|0|0|0|0|0|1|14000|0|0|0|0|0
S|SM|42777278|47686028| |TF|0|0|0|0|0|0|3|10000|7500|0|0|0|0

P|ALUB1G|32|ALUBA|0|3
S|ALUBA|42684444|46979167| |IF|0|0|0|0|0|0|1|17000|0|0|0|0|0
S|D068P|42730533|47326844| |TF|0|0|0|0|0|0|1|14000|0|0|0|0|0
S|S|42798444|47668056| |TF|0|0|0|0|0|0|3|10000|7500|0|0|0|0

P|ALUB1H|14|ALUBA|0|9
S|ALUBA|42684444|46979167| |IF|0|0|0|0|0|0|1|17000|0|0|0|0|0
S|ML041|42792389|47217583| |TF|0|0|0|0|0|0|1|10000|0|0|0|0|0
S|ML042|42998306|47309056| |TF|0|0|0|0|0|215|1|7500|0|0|0|0|0
S|ML043|43132250|47193472| |TF|0|0|0|0|0|215|1|7500|0|0|0|0|0
S|ML044|43196583|47261306| |TF|0|0|0|0|0|215|1|7500|0|0|0|0|0
S|ML045|43240000|47355250| |TF|0|0|0|0|0|215|1|7500|0|0|0|0|0
S|ML046|43257194|47463917| |TF|0|0|0|0|0|215|1|7500|0|0|0|0|0
S|ML047|43246056|47574056| |TF|0|0|0|0|0|215|1|7500|0|0|0|0|0
S|ML007|43119306|47518167| |TF|2|0|0|0|0|0|1|5500|0|0|0|0|0

P|ALUB1J|32|ALUBA|0|10
S|ALUBA|42684444|46979167| |IF|0|0|0|0|0|0|1|17000|0|0|0|0|0
S|ML025|42563278|47313611| |TF|0|0|0|0|0|0|1|10000|0|0|0|0|0
S|ML026|42441194|47646694| |TF|0|0|0|0|0|215|1|8000|0|0|0|0|0
S|ML027|42406028|47736139| |TF|0|0|0|0|0|215|1|7000|0|0|0|0|0
S|ML028|42395556|47836361| |TF|0|0|0|0|0|215|1|7000|0|0|0|0|0
S|ML029|42411028|47935389| |TF|0|0|0|0|0|215|1|7000|0|0|0|0|0
S|ML030|42450611|48021417| |TF|0|0|0|0|0|215|1|7000|0|0|0|0|0
S|ML031|42509556|48084083| |TF|0|0|0|0|0|215|1|7000|0|0|0|0|0
S|ML032|42580806|48115833| |TF|0|0|0|0|0|215|1|7000|0|0|0|0|0
S|ML001|42597222|47961528| |TF|1|0|0|0|0|0|1|5500|0|0|0|0|0

P|ALUB2C|ALL|ALUBA|0|3
S|ALUBA|42684444|46979167| |IF|0|0|0|0|0|0|1|17000|0|0|0|0|0
S|D251P|42738150|47311856| |TF|0|0|0|0|0|0|1|11000|0|0|0|0|0
S|MKL|42794444|47667833| |TF|0|0|0|0|0|0|1|6100|0|0|0|0|0

P|AMKO1D|14|AMKOL|0|2
S|AMKOL|43618333|47500000| |IF|0|0|0|0|0|0|1|13000|0|0|0|0|0
S|HC|42855250|47619611| |TF|0|0|0|0|0|0|3|11000|7500|0|0|0|0

P|AMKO1E|14|AMKOL|0|3
S|AMKOL|43618333|47500000| |IF|0|0|0|0|0|0|1|13000|0|0|0|0|0
S|H27|43244611|47558403| |TF|0|0|0|0|0|0|0|0|0|0|0|0|0
S|H|42834583|47637278| |TF|0|0|0|0|0|0|3|11000|7500|0|0|0|0

P|AMKO1F|32|AMKOL|0|2
S|AMKOL|43618333|47500000| |IF|0|0|0|0|0|0|1|13000|0|0|0|0|0
S|SM|42777278|47686028| |TF|0|0|0|0|0|0|3|10000|7500|0|0|0|0

P|AMKO1G|32|AMKOL|0|3
S|AMKOL|43618333|47500000| |IF|0|0|0|0|0|0|1|13000|0|0|0|0|0
S|D165Y|43208119|47589342| |TF|0|0|0|0|0|0|0|0|0|0|0|0|0
S|S|42798444|47668056| |TF|0|0|0|0|0|0|3|10000|7500|0|0|0|0

P|AMKO1H|14|AMKOL|0|7
S|AMKOL|43618333|47500000| |IF|0|0|0|0|0|0|1|13000|0|0|0|0|0
S|ML051|43266194|47463444| |TF|0|0|0|0|0|215|3|6500|5500|0|0|0|0
S|ML052|43248333|47350583| |TF|0|0|0|0|0|215|3|6500|5500|0|0|0|0
S|ML053|43203250|47253028| |TF|0|0|0|0|0|215|3|6500|5500|0|0|0|0
S|ML054|43136444|47182583| |TF|0|0|0|0|0|215|3|6500|5500|0|0|0|0
S|ML055|43055972|47147694| |TF|0|0|0|0|0|215|3|6500|5500|0|0|0|0
S|ML008|43037000|47339889| |TF|1|0|0|0|0|0|1|5500|0|0|0|0|0

P|AMKO1J|32|AMKOL|0|11
S|AMKOL|43618333|47500000| |IF|0|0|0|0|0|0|1|13000|0|0|0|0|0
S|ML033|43120167|47640889| |TF|0|0|0|0|0|0|0|0|0|0|0|0|0
S|ML050|42898056|47970250| |TF|0|0|0|0|0|0|0|0|0|0|0|0|0
S|ML034|42657611|48124667| |TF|0|0|0|0|0|215|0|6000|0|0|0|0|0
S|ML035|42579500|48127861| |TF|0|0|0|0|0|215|0|6000|0|0|0|0|0
S|ML036|42505306|48094806| |TF|0|0|0|0|0|215|0|6000|0|0|0|0|0
S|ML037|42443917|48029500| |TF|0|0|0|0|0|215|0|6000|0|0|0|0|0
S|ML038|42402694|47939917| |TF|0|0|0|0|0|215|0|6000|0|0|0|0|0
S|ML039|42386556|47836778| |TF|0|0|0|0|0|215|0|6000|0|0|0|0|0
S|ML040|42397444|47732389| |TF|0|0|0|0|0|215|0|6000|0|0|0|0|0
S|ML002|42515583|47784222| |TF|2|0|0|0|0|0|1|5500|0|0|0|0|0

P|AMKO2C|ALL|AMKOL|0|2
S|AMKOL|43618333|47500000| |IF|0|0|0|0|0|0|1|13000|0|0|0|0|0
S|MKL|42794444|47667833| |TF|0|0|0|0|0|0|1|6100|0|0|0|0|0

P|BALI1D|14|BALIP|0|2
S|BALIP|42493611|48570000| |IF|0|0|0|0|0|0|1|14000|0|0|0|0|0
S|HC|42855250|47619611| |TF|0|0|0|0|0|0|3|11000|7500|0|0|0|0

P|BALI1E|14|BALIP|0|3
S|BALIP|42493611|48570000| |IF|0|0|0|0|0|0|1|14000|0|0|0|0|0
S|D289W|42652375|48140403| |TF|0|0|0|0|0|0|0|0|0|0|0|0|0
S|H|42834583|47637278| |TF|0|0|0|0|0|0|3|11000|7500|0|0|0|0

P|BALI1F|32|BALIP|0|2
S|BALIP|42493611|48570000| |IF|0|0|0|0|0|0|1|14000|0|0|0|0|0
S|SM|42777278|47686028| |TF|0|0|0|0|0|0|3|10000|7500|0|0|0|0

P|BALI1G|32|BALIP|0|3
S|BALIP|42493611|48570000| |IF|0|0|0|0|0|0|1|14000|0|0|0|0|0
S|D288Y|42622431|48175897| |TF|0|0|0|0|0|0|0|0|0|0|0|0|0
S|S|42798444|47668056| |TF|0|0|0|0|0|0|3|10000|7500|0|0|0|0

P|BALI1H|14|BALIP|0|9
S|BALIP|42493611|48570000| |IF|0|0|0|0|0|0|1|14000|0|0|0|0|0
S|ML048|42800917|48134833| |TF|0|0|0|0|0|0|0|0|0|0|0|0|0
S|ML049|43000111|47849306| |TF|0|0|0|0|0|215|0|0|0|0|0|0|0
S|ML051|43266194|47463444| |TF|0|0|0|0|0|215|3|6500|5500|0|0|0|0
S|ML052|43248333|47350583| |TF|0|0|0|0|0|215|3|6500|5500|0|0|0|0
S|ML053|43203250|47253028| |TF|0|0|0|0|0|215|3|6500|5500|0|0|0|0
S|ML054|43136444|47182583| |TF|0|0|0|0|0|215|3|6500|5500|0|0|0|0
S|ML055|43055972|47147694| |TF|0|0|0|0|0|215|3|6500|5500|0|0|0|0
S|ML008|43037000|47339889| |TF|1|0|0|0|0|0|1|5500|0|0|0|0|0

P|BALI1J|32|BALIP|0|7
S|BALIP|42493611|48570000| |IF|0|0|0|0|0|0|1|14000|0|0|0|0|0
S|ML036|42505306|48094806| |TF|0|0|0|0|0|215|0|6000|0|0|0|0|0
S|ML037|42443917|48029500| |TF|0|0|0|0|0|215|0|6000|0|0|0|0|0
S|ML038|42402694|47939917| |TF|0|0|0|0|0|215|0|6000|0|0|0|0|0
S|ML039|42386556|47836778| |TF|0|0|0|0|0|215|0|6000|0|0|0|0|0
S|ML040|42397444|47732389| |TF|0|0|0|0|0|215|0|6000|0|0|0|0|0
S|ML002|42515583|47784222| |TF|2|0|0|0|0|0|1|5500|0|0|0|0|0

P|BALI2C|ALL|BALIP|0|2
S|BALIP|42493611|48570000| |IF|0|0|0|0|0|0|1|14000|0|0|0|0|0
S|MKL|42794444|47667833| |TF|0|0|0|0|0|0|1|6100|0|0|0|0|0

P|BUIK1E|14|BUIKS|0|2
S|BUIKS|42821389|47126944| |IF|0|0|0|0|0|0|0|0|0|0|0|0|0
S|H|42834583|47637278| |TF|0|0|0|0|0|0|1|6700|0|0|0|0|0

P|BUIK1G|32|BUIKS|0|2
S|BUIKS|42821389|47126944| |IF|0|0|0|0|0|0|0|0|0|0|0|0|0
S|S|42798444|47668056| |TF|0|0|0|0|0|0|1|6700|0|0|0|0|0

P|DUBK1D|14|DUBKI|0|2
S|DUBKI|43059167|46848056| |IF|0|0|0|0|0|0|1|13000|0|0|0|0|0
S|HC|42855250|47619611| |TF|0|0|0|0|0|0|3|11000|7500|0|0|0|0

P|DUBK1E|14|DUBKI|0|2
S|DUBKI|43059167|46848056| |IF|0|0|0|0|0|0|1|13000|0|0|0|0|0
S|H|42834583|47637278| |TF|0|0|0|0|0|0|3|11000|7500|0|0|0|0

P|DUBK1F|32|DUBKI|0|2
S|DUBKI|43059167|46848056| |IF|0|0|0|0|0|0|1|13000|0|0|0|0|0
S|SM|42777278|47686028| |TF|0|0|0|0|0|0|3|10000|7500|0|0|0|0

P|DUBK1G|32|DUBKI|0|3
S|DUBKI|43059167|46848056| |IF|0|0|0|0|0|0|1|13000|0|0|0|0|0
S|D106Y|42959206|47148642| |TF|0|0|0|0|0|0|0|0|0|0|0|0|0
S|S|42798444|47668056| |TF|0|0|0|0|0|0|3|10000|7500|0|0|0|0

P|DUBK1H|14|DUBKI|0|6
S|DUBKI|43059167|46848056| |IF|0|0|0|0|0|0|1|13000|0|0|0|0|0
S|ML044|43196583|47261306| |TF|0|0|0|0|0|215|1|7500|0|0|0|0|0
S|ML045|43240000|47355250| |TF|0|0|0|0|0|215|1|7500|0|0|0|0|0
S|ML046|43257194|47463917| |TF|0|0|0|0|0|215|1|7500|0|0|0|0|0
S|ML047|43246056|47574056| |TF|0|0|0|0|0|215|1|7500|0|0|0|0|0
S|ML007|43119306|47518167| |TF|2|0|0|0|0|0|1|5500|0|0|0|0|0

P|DUBK1J|32|DUBKI|0|10
S|DUBKI|43059167|46848056| |IF|0|0|0|0|0|0|1|20000|0|0|0|0|0
S|ML056|42811028|47171472| |TF|0|0|0|0|0|0|1|20000|0|0|0|0|0
S|ML026|42441194|47646694| |TF|0|0|0|0|0|215|1|8000|0|0|0|0|0
S|ML027|42406028|47736139| |TF|0|0|0|0|0|215|1|7000|0|0|0|0|0
S|ML028|42395556|47836361| |TF|0|0|0|0|0|215|1|7000|0|0|0|0|0
S|ML029|42411028|47935389| |TF|0|0|0|0|0|215|1|7000|0|0|0|0|0
S|ML030|42450611|48021417| |TF|0|0|0|0|0|215|1|7000|0|0|0|0|0
S|ML031|42509556|48084083| |TF|0|0|0|0|0|215|1|7000|0|0|0|0|0
S|ML032|42580806|48115833| |TF|0|0|0|0|0|215|1|7000|0|0|0|0|0
S|ML001|42597222|47961528| |TF|1|0|0|0|0|0|1|5500|0|0|0|0|0

P|DUBK2C|ALL|DUBKI|0|2
S|DUBKI|43059167|46848056| |IF|0|0|0|0|0|0|1|13000|0|0|0|0|0
S|MKL|42794444|47667833| |TF|0|0|0|0|0|0|1|6100|0|0|0|0|0

P|GUDE1E|14|GUDEN|0|2
S|GUDEN|42569722|47560278| |IF|0|0|0|0|0|0|0|0|0|0|0|0|0
S|H|42834583|47637278| |TF|0|0|0|0|0|0|1|6700|0|0|0|0|0

P|GUDE1G|32|GUDEN|0|2
S|GUDEN|42569722|47560278| |IF|0|0|0|0|0|0|0|0|0|0|0|0|0
S|S|42798444|47668056| |TF|0|0|0|0|0|0|1|6700|0|0|0|0|0

P|INGU1D|14|INGUT|0|2
S|INGUT|43586667|46936667| |IF|0|0|0|0|0|0|1|13000|0|0|0|0|0
S|HC|42855250|47619611| |TF|0|0|0|0|0|0|3|11000|7500|0|0|0|0

P|INGU1E|14|INGUT|0|3
S|INGUT|43586667|46936667| |IF|0|0|0|0|0|0|1|13000|0|0|0|0|0
S|H28|43178197|47320183| |TF|0|0|0|0|0|0|0|0|0|0|0|0|0
S|H|42834583|47637278| |TF|0|0|0|0|0|0|3|11000|7500|0|0|0|0

P|INGU1F|32|INGUT|0|2
S|INGUT|43586667|46936667| |IF|0|0|0|0|0|0|1|13000|0|0|0|0|0
S|SM|42777278|47686028| |TF|0|0|0|0|0|0|3|10000|7500|0|0|0|0

P|INGU1G|32|INGUT|0|3
S|INGUT|43586667|46936667| |IF|0|0|0|0|0|0|1|13000|0|0|0|0|0
S|D139Y|43141594|47351586| |TF|0|0|0|0|0|0|0|0|0|0|0|0|0
S|S|42798444|47668056| |TF|0|0|0|0|0|0|3|10000|7500|0|0|0|0

P|INGU1H|14|INGUT|0|5
S|INGUT|43586667|46936667| |IF|0|0|0|0|0|0|1|13000|0|0|0|0|0
S|ML045|43240000|47355250| |TF|0|0|0|0|0|215|1|7500|0|0|0|0|0
S|ML046|43257194|47463917| |TF|0|0|0|0|0|215|1|7500|0|0|0|0|0
S|ML047|43246056|47574056| |TF|0|0|0|0|0|215|1|7500|0|0|0|0|0
S|ML007|43119306|47518167| |TF|2|0|0|0|0|0|1|5500|0|0|0|0|0

P|INGU1J|32|INGUT|0|11
S|INGUT|43586667|46936667| |IF|0|0|0|0|0|0|1|13000|0|0|0|0|0
S|ML033|43120167|47640889| |TF|0|0|0|0|0|0|0|0|0|0|0|0|0
S|ML050|42898056|47970250| |TF|0|0|0|0|0|0|0|0|0|0|0|0|0
S|ML034|42657611|48124667| |TF|0|0|0|0|0|215|0|6000|0|0|0|0|0
S|ML035|42579500|48127861| |TF|0|0|0|0|0|215|0|6000|0|0|0|0|0
S|ML036|42505306|48094806| |TF|0|0|0|0|0|215|0|6000|0|0|0|0|0
S|ML037|42443917|48029500| |TF|0|0|0|0|0|215|0|6000|0|0|0|0|0
S|ML038|42402694|47939917| |TF|0|0|0|0|0|215|0|6000|0|0|0|0|0
S|ML039|42386556|47836778| |TF|0|0|0|0|0|215|0|6000|0|0|0|0|0
S|ML040|42397444|47732389| |TF|0|0|0|0|0|215|0|6000|0|0|0|0|0
S|ML002|42515583|47784222| |TF|2|0|0|0|0|0|1|5500|0|0|0|0|0

P|INGU2C|ALL|INGUT|0|2
S|INGUT|43586667|46936667| |IF|0|0|0|0|0|0|1|13000|0|0|0|0|0
S|MKL|42794444|47667833| |TF|0|0|0|0|0|0|1|6100|0|0|0|0|0

P|LARK1D|14|LARKA|0|3
S|LARKA|42441667|47063333| |IF|0|0|0|0|0|0|1|17000|0|0|0|0|0
S|D038P|42664114|47361017| |TF|0|0|0|0|0|0|1|14000|0|0|0|0|0
S|HC|42855250|47619611| |TF|0|0|0|0|0|0|3|11000|7500|0|0|0|0

P|LARK1E|14|LARKA|0|3
S|LARKA|42441667|47063333| |IF|0|0|0|0|0|0|1|17000|0|0|0|0|0
S|D040P|42651631|47368533| |TF|0|0|0|0|0|0|1|14000|0|0|0|0|0
S|H|42834583|47637278| |TF|0|0|0|0|0|0|3|11000|7500|0|0|0|0

P|LARK1F|32|LARKA|0|3
S|LARKA|42441667|47063333| |IF|0|0|0|0|0|0|1|17000|0|0|0|0|0
S|D047P|42619300|47392319| |TF|0|0|0|0|0|0|1|14000|0|0|0|0|0
S|SM|42777278|47686028| |TF|0|0|0|0|0|0|3|10000|7500|0|0|0|0

P|LARK1G|32|LARKA|0|3
S|LARKA|42441667|47063333| |IF|0|0|0|0|0|0|1|17000|0|0|0|0|0
S|D042P|42619136|47389292| |TF|0|0|0|0|0|0|1|14000|0|0|0|0|0
S|S|42798444|47668056| |TF|0|0|0|0|0|0|3|10000|7500|0|0|0|0

P|LARK1H|14|LARKA|0|9
S|LARKA|42441667|47063333| |IF|0|0|0|0|0|0|1|17000|0|0|0|0|0
S|ML041|42792389|47217583| |TF|0|0|0|0|0|0|1|10000|0|0|0|0|0
S|ML042|42998306|47309056| |TF|0|0|0|0|0|215|1|7500|0|0|0|0|0
S|ML043|43132250|47193472| |TF|0|0|0|0|0|215|1|7500|0|0|0|0|0
S|ML044|43196583|47261306| |TF|0|0|0|0|0|215|1|7500|0|0|0|0|0
S|ML045|43240000|47355250| |TF|0|0|0|0|0|215|1|7500|0|0|0|0|0
S|ML046|43257194|47463917| |TF|0|0|0|0|0|215|1|7500|0|0|0|0|0
S|ML047|43246056|47574056| |TF|0|0|0|0|0|215|1|7500|0|0|0|0|0
S|ML007|43119306|47518167| |TF|2|0|0|0|0|0|1|5500|0|0|0|0|0

P|LARK1J|32|LARKA|0|10
S|LARKA|42441667|47063333| |IF|0|0|0|0|0|0|1|17000|0|0|0|0|0
S|ML025|42563278|47313611| |TF|0|0|0|0|0|0|1|10000|0|0|0|0|0
S|ML026|42441194|47646694| |TF|0|0|0|0|0|215|1|8000|0|0|0|0|0
S|ML027|42406028|47736139| |TF|0|0|0|0|0|215|1|7000|0|0|0|0|0
S|ML028|42395556|47836361| |TF|0|0|0|0|0|215|1|7000|0|0|0|0|0
S|ML029|42411028|47935389| |TF|0|0|0|0|0|215|1|7000|0|0|0|0|0
S|ML030|42450611|48021417| |TF|0|0|0|0|0|215|1|7000|0|0|0|0|0
S|ML031|42509556|48084083| |TF|0|0|0|0|0|215|1|7000|0|0|0|0|0
S|ML032|42580806|48115833| |TF|0|0|0|0|0|215|1|7000|0|0|0|0|0
S|ML001|42597222|47961528| |TF|1|0|0|0|0|0|1|5500|0|0|0|0|0

P|LARK2C|ALL|LARKA|0|3
S|LARKA|42441667|47063333| |IF|0|0|0|0|0|0|1|17000|0|0|0|0|0
S|D225K|42676483|47464325| |TF|0|0|0|0|0|0|1|10000|0|0|0|0|0
S|MKL|42794444|47667833| |TF|0|0|0|0|0|0|1|6100|0|0|0|0|0

P|RIRA1D|14|RIRAN|0|2
S|RIRAN|43135000|48656667| |IF|0|0|0|0|0|0|1|14000|0|0|0|0|0
S|HC|42855250|47619611| |TF|0|0|0|0|0|0|3|11000|7500|0|0|0|0

P|RIRA1E|14|RIRAN|0|3
S|RIRAN|43135000|48656667| |IF|0|0|0|0|0|0|1|14000|0|0|0|0|0
S|D240Y|42995522|48157344| |TF|0|0|0|0|0|0|0|0|0|0|0|0|0
S|H|42834583|47637278| |TF|0|0|0|0|0|0|3|11000|7500|0|0|0|0

P|RIRA1F|32|RIRAN|0|2
S|RIRAN|43135000|48656667| |IF|0|0|0|0|0|0|1|14000|0|0|0|0|0
S|SM|42777278|47686028| |TF|0|0|0|0|0|0|3|10000|7500|0|0|0|0

P|RIRA1G|32|RIRAN|0|3
S|RIRAN|43135000|48656667| |IF|0|0|0|0|0|0|1|14000|0|0|0|0|0
S|D240Z|42959089|48187089| |TF|0|0|0|0|0|0|0|0|0|0|0|0|0
S|S|42798444|47668056| |TF|0|0|0|0|0|0|3|10000|7500|0|0|0|0

P|RIRA1H|14|RIRAN|0|8
S|RIRAN|43135000|48656667| |IF|0|0|0|0|0|0|1|14000|0|0|0|0|0
S|ML049|43000111|47849306| |TF|0|0|0|0|0|215|0|0|0|0|0|0|0
S|ML051|43266194|47463444| |TF|0|0|0|0|0|215|3|6500|5500|0|0|0|0
S|ML052|43248333|47350583| |TF|0|0|0|0|0|215|3|6500|5500|0|0|0|0
S|ML053|43203250|47253028| |TF|0|0|0|0|0|215|3|6500|5500|0|0|0|0
S|ML054|43136444|47182583| |TF|0|0|0|0|0|215|3|6500|5500|0|0|0|0
S|ML055|43055972|47147694| |TF|0|0|0|0|0|215|3|6500|5500|0|0|0|0
S|ML008|43037000|47339889| |TF|1|0|0|0|0|0|1|5500|0|0|0|0|0

P|RIRA1J|32|RIRAN|0|9
S|RIRAN|43135000|48656667| |IF|0|0|0|0|0|0|1|14000|0|0|0|0|0
S|ML034|42657611|48124667| |TF|0|0|0|0|0|215|0|6000|0|0|0|0|0
S|ML035|42579500|48127861| |TF|0|0|0|0|0|215|0|6000|0|0|0|0|0
S|ML036|42505306|48094806| |TF|0|0|0|0|0|215|0|6000|0|0|0|0|0
S|ML037|42443917|48029500| |TF|0|0|0|0|0|215|0|6000|0|0|0|0|0
S|ML038|42402694|47939917| |TF|0|0|0|0|0|215|0|6000|0|0|0|0|0
S|ML039|42386556|47836778| |TF|0|0|0|0|0|215|0|6000|0|0|0|0|0
S|ML040|42397444|47732389| |TF|0|0|0|0|0|215|0|6000|0|0|0|0|0
S|ML002|42515583|47784222| |TF|2|0|0|0|0|0|1|5500|0|0|0|0|0

P|RIRA2C|ALL|RIRAN|0|2
S|RIRAN|43135000|48656667| |IF|0|0|0|0|0|0|1|14000|0|0|0|0|0
S|MKL|42794444|47667833| |TF|0|0|0|0|0|0|1|6100|0|0|0|0|0

