P|ABLO2A|05|ABLOG|0|5
S|ABLOG|47805556|40376111| |IF|0|0|0|0|0|0|1|6000|0|0|0|0|0
S|RP314|47716667|40166972| |TF|0|0|0|0|0|0|0|0|0|0|0|0|0
S|RP315|47623083|39936806| |TF|0|0|0|0|0|0|0|0|0|0|0|0|0
S|RP312|47575306|39838611| |TF|0|0|0|0|0|230|1|3200|0|0|0|0|0
S|RP303|47484778|39653417| |TF|0|0|0|0|0|0|1|3200|0|0|0|0|0

P|ABLO2S|23|ABLOG|0|4
S|ABLOG|47805556|40376111| |IF|0|0|0|0|0|230|3|8000|7000|0|0|0|0
S|RP503|47855389|40263778| |TF|0|0|0|0|0|230|3|8000|7000|0|0|0|0
S|RP502|47871694|40132306| |TF|0|0|0|0|0|230|3|8000|7000|0|0|0|0
S|RP342|47645111|40138472| |TF|1|0|0|0|0|0|1|1500|0|0|0|0|0

P|AMEP2A|05|AMEPU|0|4
S|AMEPU|47197778|39825000| |IF|0|0|0|0|0|0|1|7000|0|0|0|0|0
S|RP311|47394861|40029333| |TF|0|0|0|0|0|0|1|6000|0|0|0|0|0
S|RP312|47575306|39838611| |TF|0|0|0|0|0|230|1|3200|0|0|0|0|0
S|RP303|47484778|39653417| |TF|0|0|0|0|0|0|1|3200|0|0|0|0|0

P|AMEP2S|23|AMEPU|0|8
S|AMEPU|47197778|39825000| |IF|0|0|0|0|0|0|1|13000|0|0|0|0|0
S|RP506|47453806|40517222| |TF|0|0|0|0|0|270|1|11000|0|0|0|0|0
S|RP514|47621556|40476083| |TF|0|0|0|0|0|0|1|11000|0|0|0|0|0
S|RP505|47730917|40449139| |TF|0|0|0|0|0|230|3|8000|7000|0|0|0|0
S|ABLOG|47805556|40376111| |TF|0|0|0|0|0|230|3|8000|7000|0|0|0|0
S|RP503|47855389|40263778| |TF|0|0|0|0|0|230|3|8000|7000|0|0|0|0
S|RP502|47871694|40132306| |TF|0|0|0|0|0|230|3|8000|7000|0|0|0|0
S|RP342|47645111|40138472| |TF|1|0|0|0|0|0|1|1500|0|0|0|0|0

P|AMEP2U|23|AMEPU|0|3
S|AMEPU|47197778|39825000| |IF|0|0|0|0|0|0|1|5000|0|0|0|0|0
S|RP512|47485361|40238028| |TF|0|0|0|0|0|0|0|0|0|0|0|0|0
S|RP511|47581778|40205167| |TF|0|0|0|0|0|0|1|2400|0|0|0|0|0

P|AMEP2V|05|AMEPU|0|2
S|AMEPU|47197778|39825000| |IF|0|0|0|0|0|0|1|5000|0|0|0|0|0
S|RP339|47322611|39825556| |TF|0|0|0|0|0|0|1|3400|0|0|0|0|0

P|BA2A|05|BA|0|4
S|BA|47321111|40359444| |IF|0|0|0|0|0|0|1|6000|0|0|0|0|0
S|RP311|47394861|40029333| |TF|0|0|0|0|0|0|1|6000|0|0|0|0|0
S|RP312|47575306|39838611| |TF|0|0|0|0|0|230|1|3200|0|0|0|0|0
S|RP303|47484778|39653417| |TF|0|0|0|0|0|0|1|3200|0|0|0|0|0

P|BA2S|23|BA|0|8
S|BA|47321111|40359444| |IF|0|0|0|0|0|0|1|12000|0|0|0|0|0
S|RP506|47453806|40517222| |TF|0|0|0|0|0|0|1|11000|0|0|0|0|0
S|RP514|47621556|40476083| |TF|0|0|0|0|0|0|1|11000|0|0|0|0|0
S|RP505|47730917|40449139| |TF|0|0|0|0|0|230|3|8000|7000|0|0|0|0
S|ABLOG|47805556|40376111| |TF|0|0|0|0|0|230|3|8000|7000|0|0|0|0
S|RP503|47855389|40263778| |TF|0|0|0|0|0|230|3|8000|7000|0|0|0|0
S|RP502|47871694|40132306| |TF|0|0|0|0|0|230|3|8000|7000|0|0|0|0
S|RP342|47645111|40138472| |TF|1|0|0|0|0|0|1|1500|0|0|0|0|0

P|BA2U|23|BA|0|3
S|BA|47321111|40359444| |IF|0|0|0|0|0|0|1|5000|0|0|0|0|0
S|RP512|47485361|40238028| |TF|0|0|0|0|0|0|0|0|0|0|0|0|0
S|RP511|47581778|40205167| |TF|0|0|0|0|0|0|1|2400|0|0|0|0|0

P|BA2V|05|BA|0|2
S|BA|47321111|40359444| |IF|0|0|0|0|0|0|1|6000|0|0|0|0|0
S|RP339|47322611|39825556| |TF|0|0|0|0|0|0|1|3400|0|0|0|0|0

P|BADE2A|05|BADEB|0|6
S|BADEB|47430833|41264722| |IF|0|0|0|0|0|0|1|12000|0|0|0|0|0
S|KA|47587778|41115000| |TF|0|0|0|0|0|0|0|0|0|0|0|0|0
S|RP314|47716667|40166972| |TF|0|0|0|0|0|0|1|11000|0|0|0|0|0
S|RP315|47623083|39936806| |TF|0|0|0|0|0|0|0|0|0|0|0|0|0
S|RP312|47575306|39838611| |TF|0|0|0|0|0|230|1|3200|0|0|0|0|0
S|RP303|47484778|39653417| |TF|0|0|0|0|0|0|1|3200|0|0|0|0|0

P|BADE2S|23|BADEB|0|8
S|BADEB|47430833|41264722| |IF|0|0|0|0|0|0|1|12000|0|0|0|0|0
S|KA|47587778|41115000| |TF|0|0|0|0|0|0|0|0|0|0|0|0|0
S|RP513|47693472|40625333| |TF|0|0|0|0|0|0|1|11000|0|0|0|0|0
S|RP505|47730917|40449139| |TF|0|0|0|0|0|230|3|8000|7000|0|0|0|0
S|ABLOG|47805556|40376111| |TF|0|0|0|0|0|230|3|8000|7000|0|0|0|0
S|RP503|47855389|40263778| |TF|0|0|0|0|0|230|3|8000|7000|0|0|0|0
S|RP502|47871694|40132306| |TF|0|0|0|0|0|230|3|8000|7000|0|0|0|0
S|RP342|47645111|40138472| |TF|1|0|0|0|0|0|1|1500|0|0|0|0|0

P|BADE2U|23|BADEB|0|2
S|BADEB|47430833|41264722| |IF|0|0|0|0|0|0|1|6000|0|0|0|0|0
S|RP511|47581778|40205167| |TF|0|0|0|0|0|0|1|2400|0|0|0|0|0

P|BADE2V|05|BADEB|0|2
S|BADEB|47430833|41264722| |IF|0|0|0|0|0|0|1|6000|0|0|0|0|0
S|RP339|47322611|39825556| |TF|0|0|0|0|0|0|1|3400|0|0|0|0|0

P|DIBR2A|05|DIBRO|0|6
S|DIBRO|48085000|40158889| |IF|0|0|0|0|0|0|1|12000|0|0|0|0|0
S|KL|47885278|40100000| |TF|0|0|0|0|0|0|0|0|0|0|0|0|0
S|SB|47752778|39798611| |TF|0|0|0|0|0|0|0|0|0|0|0|0|0
S|RP315|47623083|39936806| |TF|1|0|0|0|0|0|0|0|0|0|0|0|0
S|RP312|47575306|39838611| |TF|0|0|0|0|0|230|1|3200|0|0|0|0|0
S|RP303|47484778|39653417| |TF|0|0|0|0|0|0|1|3200|0|0|0|0|0

P|DIBR2S|23|DIBRO|0|6
S|DIBRO|48085000|40158889| |IF|0|0|0|0|0|0|1|12000|0|0|0|0|0
S|KL|47885278|40100000| |TF|0|0|0|0|0|230|3|6000|5000|0|0|0|0
S|RP509|47869250|40272083| |TF|1|0|0|0|0|230|3|6000|5000|0|0|0|0
S|RP508|47816417|40390944| |TF|0|0|0|0|0|230|3|6000|5000|0|0|0|0
S|RP507|47736528|40469639| |TF|0|0|0|0|0|230|3|6000|5000|0|0|0|0
S|RP342|47645111|40138472| |TF|2|0|0|0|0|0|1|1500|0|0|0|0|0

P|DORI2A|05|DORIR|0|5
S|DORIR|47801667|40849722| |IF|0|0|0|0|0|0|1|12000|0|0|0|0|0
S|RP314|47716667|40166972| |TF|0|0|0|0|0|0|0|0|0|0|0|0|0
S|RP315|47623083|39936806| |TF|0|0|0|0|0|0|0|0|0|0|0|0|0
S|RP312|47575306|39838611| |TF|0|0|0|0|0|230|1|3200|0|0|0|0|0
S|RP303|47484778|39653417| |TF|0|0|0|0|0|0|1|3200|0|0|0|0|0

P|DORI2S|23|DORIR|0|6
S|DORIR|47801667|40849722| |IF|0|0|0|0|0|0|1|12000|0|0|0|0|0
S|RP505|47730917|40449139| |TF|0|0|0|0|0|230|3|8000|7000|0|0|0|0
S|ABLOG|47805556|40376111| |TF|0|0|0|0|0|230|3|8000|7000|0|0|0|0
S|RP503|47855389|40263778| |TF|0|0|0|0|0|230|3|8000|7000|0|0|0|0
S|RP502|47871694|40132306| |TF|0|0|0|0|0|230|3|8000|7000|0|0|0|0
S|RP342|47645111|40138472| |TF|1|0|0|0|0|0|1|1500|0|0|0|0|0

P|ER2A|05|ER|0|6
S|ER|46585278|40659444| |IF|0|0|0|0|0|0|1|15000|0|0|0|0|0
S|OGURA|47124722|40448333| |TF|0|0|0|0|0|0|0|0|0|0|0|0|0
S|RP343|47246528|40260222| |TF|0|0|0|0|0|0|1|11000|0|0|0|0|0
S|RP311|47394861|40029333| |TF|0|0|0|0|0|0|1|6000|0|0|0|0|0
S|RP312|47575306|39838611| |TF|0|0|0|0|0|230|1|3200|0|0|0|0|0
S|RP303|47484778|39653417| |TF|0|0|0|0|0|0|1|3200|0|0|0|0|0

P|ER2S|23|ER|0|9
S|ER|46585278|40659444| |IF|0|0|0|0|0|0|1|15000|0|0|0|0|0
S|OGURA|47124722|40448333| |TF|0|0|0|0|0|0|0|0|0|0|0|0|0
S|RP506|47453806|40517222| |TF|0|0|0|0|0|0|1|11000|0|0|0|0|0
S|RP514|47621556|40476083| |TF|0|0|0|0|0|0|1|11000|0|0|0|0|0
S|RP505|47730917|40449139| |TF|0|0|0|0|0|230|3|8000|7000|0|0|0|0
S|ABLOG|47805556|40376111| |TF|0|0|0|0|0|230|3|8000|7000|0|0|0|0
S|RP503|47855389|40263778| |TF|0|0|0|0|0|230|3|8000|7000|0|0|0|0
S|RP502|47871694|40132306| |TF|0|0|0|0|0|230|3|8000|7000|0|0|0|0
S|RP342|47645111|40138472| |TF|1|0|0|0|0|0|1|1500|0|0|0|0|0

P|ER2T|05|ER|0|5
S|ER|46585278|40659444| |IF|0|0|0|0|0|0|1|15000|0|0|0|0|0
S|GODLI|47067500|40272778| |TF|0|0|0|0|0|0|0|0|0|0|0|0|0
S|RP311|47394861|40029333| |TF|0|0|0|0|0|0|1|6000|0|0|0|0|0
S|RP312|47575306|39838611| |TF|0|0|0|0|0|230|1|3200|0|0|0|0|0
S|RP303|47484778|39653417| |TF|0|0|0|0|0|0|1|3200|0|0|0|0|0

P|ER2U|23|ER|0|5
S|ER|46585278|40659444| |IF|0|0|0|0|0|0|1|15000|0|0|0|0|0
S|OGURA|47124722|40448333| |TF|0|0|0|0|0|0|0|0|0|0|0|0|0
S|BA|47321111|40359444| |TF|0|0|0|0|0|0|1|5000|0|0|0|0|0
S|RP512|47485361|40238028| |TF|0|0|0|0|0|0|0|0|0|0|0|0|0
S|RP511|47581778|40205167| |TF|0|0|0|0|0|0|1|2400|0|0|0|0|0

P|ER2V|05|ER|0|2
S|ER|46585278|40659444| |IF|0|0|0|0|0|0|1|15000|0|0|0|0|0
S|RP339|47322611|39825556| |TF|0|0|0|0|0|0|1|3400|0|0|0|0|0

P|FASA2A|05|FASAD|0|6
S|FASAD|47555000|38313333| |IF|0|0|0|0|0|0|1|15000|0|0|0|0|0
S|RP313|47536250|39356722| |TF|0|0|0|0|0|0|0|0|0|0|0|0|0
S|SB|47752778|39798611| |TF|0|0|0|0|0|0|0|0|0|0|0|0|0
S|RP315|47623083|39936806| |TF|0|0|0|0|0|0|0|0|0|0|0|0|0
S|RP312|47575306|39838611| |TF|0|0|0|0|0|230|1|3200|0|0|0|0|0
S|RP303|47484778|39653417| |TF|0|0|0|0|0|0|1|3200|0|0|0|0|0

P|FASA2S|23|FASAD|0|8
S|FASAD|47555000|38313333| |IF|0|0|0|0|0|0|1|15000|0|0|0|0|0
S|RP510|47618722|39538361| |TF|0|0|0|0|0|0|1|6000|0|0|0|0|0
S|SB|47752778|39798611| |TF|0|0|0|0|0|0|0|0|0|0|0|0|0
S|KL|47885278|40100000| |TF|0|0|0|0|0|230|3|6000|5000|0|0|0|0
S|RP509|47869250|40272083| |TF|0|0|0|0|0|230|3|6000|5000|0|0|0|0
S|RP508|47816417|40390944| |TF|0|0|0|0|0|230|3|6000|5000|0|0|0|0
S|RP507|47736528|40469639| |TF|0|0|0|0|0|230|3|6000|5000|0|0|0|0
S|RP342|47645111|40138472| |TF|2|0|0|0|0|0|1|1500|0|0|0|0|0

P|GODL2W|05|GODLI|0|4
S|GODLI|47067500|40272778| |IF|0|0|0|0|0|0|1|14000|0|0|0|0|0
S|RP311|47394861|40029333| |TF|0|0|0|0|0|0|1|6000|0|0|0|0|0
S|RP312|47575306|39838611| |TF|0|0|0|0|0|230|1|3200|0|0|0|0|0
S|RP303|47484778|39653417| |TF|0|0|0|0|0|0|1|3200|0|0|0|0|0

P|KA2A|05|KA|0|5
S|KA|47587778|41115000| |IF|0|0|0|0|0|0|1|16000|0|0|0|0|0
S|RP314|47716667|40166972| |TF|0|0|0|0|0|0|1|11000|0|0|0|0|0
S|RP315|47623083|39936806| |TF|0|0|0|0|0|0|0|0|0|0|0|0|0
S|RP312|47575306|39838611| |TF|0|0|0|0|0|230|1|3200|0|0|0|0|0
S|RP303|47484778|39653417| |TF|0|0|0|0|0|0|1|3200|0|0|0|0|0

P|KA2S|23|KA|0|7
S|KA|47587778|41115000| |IF|0|0|0|0|0|0|1|16000|0|0|0|0|0
S|RP513|47693472|40625333| |TF|0|0|0|0|0|0|1|11000|0|0|0|0|0
S|RP505|47730917|40449139| |TF|0|0|0|0|0|230|3|8000|7000|0|0|0|0
S|ABLOG|47805556|40376111| |TF|0|0|0|0|0|230|3|8000|7000|0|0|0|0
S|RP503|47855389|40263778| |TF|0|0|0|0|0|230|3|8000|7000|0|0|0|0
S|RP502|47871694|40132306| |TF|0|0|0|0|0|230|3|8000|7000|0|0|0|0
S|RP342|47645111|40138472| |TF|1|0|0|0|0|0|1|1500|0|0|0|0|0

P|KA2U|23|KA|0|2
S|KA|47587778|41115000| |IF|0|0|0|0|0|0|1|16000|0|0|0|0|0
S|RP511|47581778|40205167| |TF|0|0|0|0|0|0|1|2400|0|0|0|0|0

P|KA2V|05|KA|0|2
S|KA|47587778|41115000| |IF|0|0|0|0|0|0|1|16000|0|0|0|0|0
S|RP339|47322611|39825556| |TF|0|0|0|0|0|0|1|3400|0|0|0|0|0

P|KL2A|05|KL|0|5
S|KL|47885278|40100000| |IF|0|0|0|0|0|0|1|12000|0|0|0|0|0
S|SB|47752778|39798611| |TF|0|0|0|0|0|0|0|0|0|0|0|0|0
S|RP315|47623083|39936806| |TF|1|0|0|0|0|0|0|0|0|0|0|0|0
S|RP312|47575306|39838611| |TF|0|0|0|0|0|230|1|3200|0|0|0|0|0
S|RP303|47484778|39653417| |TF|0|0|0|0|0|0|1|3200|0|0|0|0|0

P|KL2S|23|KL|0|5
S|KL|47885278|40100000| |IF|0|0|0|0|0|230|3|6000|5000|0|0|0|0
S|RP509|47869250|40272083| |TF|0|0|0|0|0|230|3|6000|5000|0|0|0|0
S|RP508|47816417|40390944| |TF|0|0|0|0|0|230|3|6000|5000|0|0|0|0
S|RP507|47736528|40469639| |TF|0|0|0|0|0|230|3|6000|5000|0|0|0|0
S|RP342|47645111|40138472| |TF|2|0|0|0|0|0|1|1500|0|0|0|0|0

P|OGUR2A|05|OGURA|0|5
S|OGURA|47124722|40448333| |IF|0|0|0|0|0|0|1|14000|0|0|0|0|0
S|RP343|47246528|40260222| |TF|0|0|0|0|0|0|1|11000|0|0|0|0|0
S|RP311|47394861|40029333| |TF|0|0|0|0|0|0|1|6000|0|0|0|0|0
S|RP312|47575306|39838611| |TF|0|0|0|0|0|230|1|3200|0|0|0|0|0
S|RP303|47484778|39653417| |TF|0|0|0|0|0|0|1|3200|0|0|0|0|0

P|OGUR2S|23|OGURA|0|8
S|OGURA|47124722|40448333| |IF|0|0|0|0|0|0|1|14000|0|0|0|0|0
S|RP506|47453806|40517222| |TF|0|0|0|0|0|0|1|11000|0|0|0|0|0
S|RP514|47621556|40476083| |TF|0|0|0|0|0|0|1|11000|0|0|0|0|0
S|RP505|47730917|40449139| |TF|0|0|0|0|0|230|3|8000|7000|0|0|0|0
S|ABLOG|47805556|40376111| |TF|0|0|0|0|0|230|3|8000|7000|0|0|0|0
S|RP503|47855389|40263778| |TF|0|0|0|0|0|230|3|8000|7000|0|0|0|0
S|RP502|47871694|40132306| |TF|0|0|0|0|0|230|3|8000|7000|0|0|0|0
S|RP342|47645111|40138472| |TF|1|0|0|0|0|0|1|1500|0|0|0|0|0

P|OGUR2U|23|OGURA|0|4
S|OGURA|47124722|40448333| |IF|0|0|0|0|0|0|1|14000|0|0|0|0|0
S|BA|47321111|40359444| |TF|0|0|0|0|0|0|1|5000|0|0|0|0|0
S|RP512|47485361|40238028| |TF|0|0|0|0|0|0|0|0|0|0|0|0|0
S|RP511|47581778|40205167| |TF|0|0|0|0|0|0|1|2400|0|0|0|0|0

P|OKMA2A|05|OKMAN|0|2
S|OKMAN|47071667|39291667| |IF|0|0|0|0|0|0|1|5000|0|0|0|0|0
S|RP302|47403639|39739472| |TF|0|0|0|0|0|0|1|2300|0|0|0|0|0

P|OKMA2U|23|OKMAN|0|3
S|OKMAN|47071667|39291667| |IF|0|0|0|0|0|0|1|5000|0|0|0|0|0
S|RP512|47485361|40238028| |TF|0|0|0|0|0|0|0|0|0|0|0|0|0
S|RP511|47581778|40205167| |TF|0|0|0|0|0|0|1|2400|0|0|0|0|0

P|SB2A|05|SB|0|4
S|SB|47752778|39798611| |IF|0|0|0|0|0|0|1|8000|0|0|0|0|0
S|RP315|47623083|39936806| |TF|0|0|0|0|0|0|0|0|0|0|0|0|0
S|RP312|47575306|39838611| |TF|0|0|0|0|0|230|1|3200|0|0|0|0|0
S|RP303|47484778|39653417| |TF|0|0|0|0|0|0|1|3200|0|0|0|0|0

P|SB2S|23|SB|0|6
S|SB|47752778|39798611| |IF|0|0|0|0|0|0|1|8000|0|0|0|0|0
S|KL|47885278|40100000| |TF|0|0|0|0|0|230|3|6000|5000|0|0|0|0
S|RP509|47869250|40272083| |TF|0|0|0|0|0|230|3|6000|5000|0|0|0|0
S|RP508|47816417|40390944| |TF|0|0|0|0|0|230|3|6000|5000|0|0|0|0
S|RP507|47736528|40469639| |TF|0|0|0|0|0|230|3|6000|5000|0|0|0|0
S|RP342|47645111|40138472| |TF|2|0|0|0|0|0|1|1500|0|0|0|0|0

