P|KENE5K|10|KENEN|0|6
S|KENEN|46879722|38755000| |IF|0|0|0|0|0|0|3|6000|5000|0|0|0|0
S|UF|47209778|38782222| |TF|0|0|0|0|0|0|1|1760|0|0|0|0|0
S|D318F|47291775|38700900| |TF|0|0|0|0|0|0|0|0|0|1|0|0|0
S|D308H|47306389|38642500| |DF|0|0|0|0|0|0|0|1760|0|1|0|0|0
S|D290H|47269167|38612778|ROS|CF|0|18600|5560|24800|200|0|0|1760|0|1|0|0|0
S|FF10|47223889|38699444|ROS|CF|0|9600|5300|24420|300|0|0|1760|0|0|0|0|0

P|KENE5L|10|KENEN|0|4
S|KENEN|46879722|38755000| |IF|0|0|0|0|0|0|3|6000|5000|0|0|0|0
S|D249H|47178744|38586147| |TF|0|0|0|0|0|0|0|1760|0|1|0|0|0
S|D263H|47211944|38591389|ROS|CF|0|600|5740|24490|200|0|0|1760|0|1|0|0|0
S|FF10|47223889|38699444|ROS|CF|0|9600|5300|24420|300|0|0|1760|0|0|0|0|0

P|KENE5M|28|KENEN|0|4
S|KENEN|46879722|38755000| |IF|0|0|0|0|0|0|3|6000|5000|0|0|0|0
S|D118I|47110278|39071389| |TF|0|0|0|0|0|0|0|1710|0|0|0|0|0
S|D108I|47127778|39079167| |TF|0|0|0|0|0|0|0|1710|0|1|0|0|0
S|FF28|47173333|38996111|ROS|CF|1|27600|4300|23510|200|0|0|1710|0|0|0|0|0

P|KENE5P|10|KENEN|0|4
S|KENEN|46879722|38755000| |IF|0|0|0|0|0|0|3|6000|5000|0|0|0|0
S|RT102|47084344|38757172| |TF|0|0|0|0|0|0|0|0|0|0|0|0|0
S|RT103|47142711|38669322| |TF|0|0|0|0|0|0|0|0|0|0|0|0|0
S|RT104|47163286|38550411| |TF|0|0|0|0|0|0|1|1760|0|0|0|0|0

P|KENE5Q|28|KENEN|0|3
S|KENEN|46879722|38755000| |IF|0|0|0|0|0|0|3|6000|5000|0|0|0|0
S|RT284|47086861|38966597| |TF|0|0|0|0|0|0|1|1710|0|0|0|0|0
S|RT283|47082544|39088956| |TF|0|0|0|0|0|215|1|1710|0|0|0|0|0

P|KENE5R|10|KENEN|0|5
S|KENEN|46879722|38755000| |IF|0|0|0|0|0|0|3|6000|5000|0|0|0|0
S|D159G|47093889|38821944| |TF|0|0|0|0|0|0|0|0|0|1|0|0|0
S|D238G|47158333|38616944|ROS|CF|0|27600|5750|24150|800|0|0|1760|0|1|0|0|0
S|D263H|47211944|38591389|ROS|CF|0|600|5740|24490|200|0|0|1760|0|1|0|0|0
S|FF10|47223889|38699444|ROS|CF|0|9600|5300|24420|300|0|0|1760|0|0|0|0|0

P|KENE5S|28|KENEN|0|4
S|KENEN|46879722|38755000| |IF|0|0|0|0|0|0|3|6000|5000|0|0|0|0
S|D118I|47110278|39071389| |TF|0|0|0|0|0|0|0|1710|0|0|0|0|0
S|D108I|47127778|39079167| |TF|0|0|0|0|0|0|0|1710|0|1|0|0|0
S|FF28|47173333|38996111|ROS|CF|1|27600|4300|23510|200|0|0|1710|0|0|0|0|0

P|OKMA5K|10|OKMAN|0|6
S|OKMAN|47071667|39291667| |IF|0|0|0|0|0|0|3|6000|5000|0|0|0|0
S|UF|47209778|38782222| |TF|0|0|0|0|0|0|1|1760|0|0|0|0|0
S|D234F|47163253|38654128| |TF|0|0|0|0|0|0|0|0|0|1|0|0|0
S|D238G|47158333|38616944| |DF|0|0|0|0|0|0|0|1760|0|1|0|0|0
S|D263H|47211944|38591389|ROS|CF|2|600|5740|24490|200|0|0|1760|0|1|0|0|0
S|FF10|47223889|38699444|ROS|CF|0|9600|5300|24420|300|0|0|1760|0|0|0|0|0

P|OKMA5L|10|OKMAN|0|4
S|OKMAN|47071667|39291667| |IF|0|0|0|0|0|0|3|6000|5000|0|0|0|0
S|D238G|47158333|38616944| |TF|0|0|0|0|0|0|0|1760|0|1|0|0|0
S|D263H|47211944|38591389|ROS|CF|2|600|5740|24490|200|0|0|1760|0|1|0|0|0
S|FF10|47223889|38699444|ROS|CF|0|9600|5300|24420|300|0|0|1760|0|0|0|0|0

P|OKMA5M|28|OKMAN|0|3
S|OKMAN|47071667|39291667| |IF|0|0|0|0|0|0|3|6000|5000|0|0|0|0
S|D099M|47133333|39193333| |TF|0|0|0|0|0|0|0|0|0|1|0|0|0
S|FF28|47173333|38996111|ROS|CF|0|27600|4300|23510|800|0|0|1710|0|0|0|0|0

P|OKMA5N|28|OKMAN|0|7
S|OKMAN|47071667|39291667| |IF|0|0|0|0|0|0|3|6000|5000|0|0|0|0
S|MS|47193528|38877278| |TF|0|0|0|0|0|0|0|0|0|1|0|0|0
S| |91000000|181000000| |CI|1|18600|0|0|0|0|0|0|0|0|0|0|0
S|D128H|47092222|39020278|ROS|CF|0|9600|4460|22900|1000|0|0|0|0|1|0|0|0
S|D118I|47110278|39071389| |DF|0|0|0|0|0|0|0|1710|0|0|0|0|0
S|D108I|47127778|39079167| |TF|0|0|0|0|0|0|0|1710|0|1|0|0|0
S|FF28|47173333|38996111|ROS|CF|1|27600|4300|23510|200|0|0|1710|0|0|0|0|0

P|OKMA5P|10|OKMAN|0|3
S|OKMAN|47071667|39291667| |IF|0|0|0|0|0|0|3|6000|5000|0|0|0|0
S|RT103|47142711|38669322| |TF|0|0|0|0|0|0|0|0|0|0|0|0|0
S|RT104|47163286|38550411| |TF|0|0|0|0|0|0|1|1760|0|0|0|0|0

P|OKMA5Q|28|OKMAN|0|2
S|OKMAN|47071667|39291667| |IF|0|0|0|0|0|0|3|6000|5000|0|0|0|0
S|RT282|47152342|39114789| |TF|0|0|0|0|0|0|1|1710|0|0|0|0|0

P|OKMA5R|10|OKMAN|0|4
S|OKMAN|47071667|39291667| |IF|0|0|0|0|0|0|3|6000|5000|0|0|0|0
S|D238G|47158333|38616944| |TF|0|0|0|0|0|0|0|1760|0|1|0|0|0
S|D263H|47211944|38591389|ROS|CF|2|600|5740|24490|200|0|0|1760|0|1|0|0|0
S|FF10|47223889|38699444|ROS|CF|0|9600|5300|24420|300|0|0|1760|0|0|0|0|0

P|OKMA5S|28|OKMAN|0|3
S|OKMAN|47071667|39291667| |IF|0|0|0|0|0|0|3|6000|5000|0|0|0|0
S|D099M|47133333|39193333| |TF|0|0|0|0|0|0|0|0|0|1|0|0|0
S|FF28|47173333|38996111|ROS|CF|0|27600|4300|23510|800|0|0|1710|0|0|0|0|0

P|OKMA5T|28|OKMAN|0|6
S|OKMAN|47071667|39291667| |IF|0|0|0|0|0|0|3|6000|5000|0|0|0|0
S|MS|47193528|38877278| |TF|0|0|0|0|0|0|0|0|0|1|0|0|0
S|D217C|47153053|38817969|ROS|CF|1|18600|5010|23780|100|0|0|0|0|1|0|0|0
S|D128H|47092222|39020278|ROS|CF|0|9600|4460|22900|800|0|0|1710|0|1|0|0|0
S|D108I|47127778|39079167|ROS|CF|0|600|4150|22960|200|0|0|1710|0|1|0|0|0
S|FF28|47173333|38996111|ROS|CF|0|27600|4300|23510|300|0|0|1710|0|0|0|0|0

P|SB5K|10|SB|0|7
S|SB|47752778|39798611| |IF|0|0|0|0|0|0|1|7000|0|0|0|0|0
S|PESOD|47439167|39035556| |TF|0|0|0|0|0|0|3|8000|5000|0|0|0|0
S|UF|47209778|38782222| |TF|0|0|0|0|0|0|1|1760|0|0|0|0|0
S|D234F|47163253|38654128| |TF|0|0|0|0|0|0|0|0|0|1|0|0|0
S|D238G|47158333|38616944| |DF|0|0|0|0|0|0|0|1760|0|1|0|0|0
S|D263H|47211944|38591389|ROS|CF|2|600|5740|24490|200|0|0|1760|0|1|0|0|0
S|FF10|47223889|38699444|ROS|CF|0|9600|5300|24420|300|0|0|1760|0|0|0|0|0

P|SB5L|10|SB|0|5
S|SB|47752778|39798611| |IF|0|0|0|0|0|0|1|7000|0|0|0|0|0
S|PESOD|47439167|39035556| |TF|0|0|0|0|0|0|3|8000|5000|0|0|0|0
S|D308H|47306389|38642500| |TF|0|0|0|0|0|0|0|1760|0|1|0|0|0
S|D290H|47269167|38612778|ROS|CF|0|18600|5560|24800|200|0|0|1760|0|1|0|0|0
S|FF10|47223889|38699444|ROS|CF|0|9600|5300|24420|300|0|0|1760|0|0|0|0|0

P|SB5M|28|SB|0|5
S|SB|47752778|39798611| |IF|0|0|0|0|0|0|1|7000|0|0|0|0|0
S|PESOD|47439167|39035556| |TF|0|0|0|0|0|0|3|8000|5000|0|0|0|0
S|D074J|47216944|39107778| |TF|0|0|0|0|0|0|0|0|0|1|0|0|0
S|D085I|47185556|39101111|ROS|CF|0|18600|3890|23320|100|0|0|1710|0|1|0|0|0
S|FF28|47173333|38996111|ROS|CF|0|27600|4300|23510|300|0|0|1710|0|0|0|0|0

P|SB5N|28|SB|0|7
S|SB|47752778|39798611| |IF|0|0|0|0|0|0|1|7000|0|0|0|0|0
S|PESOD|47439167|39035556| |TF|0|0|0|0|0|0|3|8000|5000|1|0|0|0
S|MS|47193528|38877278| |TF|0|0|0|0|0|0|0|0|0|0|0|0|0
S|D128H|47092222|39020278| |TF|0|0|0|0|0|0|0|0|0|1|0|0|0
S|D118I|47110278|39071389| |DF|0|0|0|0|0|0|0|1710|0|0|0|0|0
S|D108I|47127778|39079167| |TF|0|0|0|0|0|0|0|1710|0|1|0|0|0
S|FF28|47173333|38996111|ROS|CF|1|27600|4300|23510|200|0|0|1710|0|0|0|0|0

P|SB5P|10|SB|0|3
S|SB|47752778|39798611| |IF|0|0|0|0|0|0|1|7000|0|0|0|0|0
S|PESOD|47439167|39035556| |TF|0|0|0|0|0|0|3|8000|5000|0|0|0|0
S|RT101|47325547|38610661| |TF|0|0|0|0|0|0|1|1760|0|0|0|0|0

P|SB5Q|28|SB|0|3
S|SB|47752778|39798611| |IF|0|0|0|0|0|0|1|7000|0|0|0|0|0
S|PESOD|47439167|39035556| |TF|0|0|0|0|0|0|3|8000|5000|0|0|0|0
S|RT281|47233469|39144908| |TF|0|0|0|0|0|0|1|1710|0|0|0|0|0

P|SB5R|10|SB|0|5
S|SB|47752778|39798611| |IF|0|0|0|0|0|0|1|7000|0|0|0|0|0
S|PESOD|47439167|39035556| |TF|0|0|0|0|0|0|3|8000|5000|0|0|0|0
S|D308H|47306389|38642500| |TF|0|0|0|0|0|0|0|1760|0|1|0|0|0
S|D290H|47269167|38612778|ROS|CF|0|18600|5560|24800|200|0|0|1760|0|1|0|0|0
S|FF10|47223889|38699444|ROS|CF|0|9600|5300|24420|300|0|0|1760|0|0|0|0|0

P|SB5S|28|SB|0|5
S|SB|47752778|39798611| |IF|0|0|0|0|0|0|1|7000|0|0|0|0|0
S|PESOD|47439167|39035556| |TF|0|0|0|0|0|0|3|8000|5000|0|0|0|0
S|D074J|47216944|39107778| |TF|0|0|0|0|0|0|0|0|0|1|0|0|0
S|D085I|47185556|39101111|ROS|CF|0|18600|3890|23320|100|0|0|1710|0|1|0|0|0
S|FF28|47173333|38996111|ROS|CF|0|27600|4300|23510|300|0|0|1710|0|0|0|0|0

P|SB5T|28|SB|0|6
S|SB|47752778|39798611| |IF|0|0|0|0|0|0|1|7000|0|0|0|0|0
S|PESOD|47439167|39035556| |TF|0|0|0|0|0|0|3|8000|5000|0|0|0|0
S|MS|47193528|38877278| |TF|0|0|0|0|0|0|0|0|0|0|0|0|0
S|D128H|47092222|39020278| |TF|0|0|0|0|0|0|0|1710|0|1|0|0|0
S|D108I|47127778|39079167|ROS|CF|1|600|4150|22960|200|0|0|1710|0|1|0|0|0
S|FF28|47173333|38996111|ROS|CF|0|27600|4300|23510|300|0|0|1710|0|0|0|0|0

