P|GAMT2G|05|GAMTU|0|3
S|GAMTU|48200000|43631667| |IF|0|0|0|0|0|0|1|15000|0|0|0|0|0
S|WW017|48470750|44218556| |TF|0|0|0|0|0|0|1|4000|0|0|0|0|0
S|WW001|48621083|44184250| |TF|0|0|0|0|0|0|1|2800|0|0|0|0|0

P|GAMT2H|ALL|GAMTU|0|3
S|GAMTU|48200000|43631667| |IF|0|0|0|0|0|0|1|15000|0|0|0|0|0
S|D209E|48719608|44267528| |TF|0|0|0|0|0|0|1|8000|0|0|0|0|0
S|WG|48779528|44342333| |TF|0|0|0|0|0|0|1|2300|0|0|0|0|0

P|GAMT2J|23|GAMTU|0|3
S|GAMTU|48200000|43631667| |IF|0|0|0|0|0|0|1|15000|0|0|0|0|0
S|WW020|48530000|44411111| |TF|0|0|0|0|0|0|0|0|0|0|0|0|0
S|WW008|48760417|44623083| |TF|0|0|0|0|0|0|3|4000|2600|0|0|0|0

P|GAMT2K|05|GAMTU|0|2
S|GAMTU|48200000|43631667| |IF|0|0|0|0|0|0|1|15000|0|0|0|0|0
S|D209K|48639131|44167900| |TF|0|0|0|0|0|0|3|2800|2500|0|0|0|0

P|GAMT2L|23|GAMTU|0|2
S|GAMTU|48200000|43631667| |IF|0|0|0|0|0|0|1|15000|0|0|0|0|0
S|D209J|48650728|44182231| |TF|0|0|0|0|0|0|1|8000|0|0|0|0|0

P|GAMT2M|ALL|GAMTU|0|3
S|GAMTU|48200000|43631667| |IF|0|0|0|0|0|0|1|15000|0|0|0|0|0
S|D209E|48719608|44267528| |TF|0|0|0|0|0|0|1|8000|0|0|0|0|0
S|WGD|48780750|44343500| |TF|0|0|0|0|0|0|1|2300|0|0|0|0|0

P|NATI2G|05|NATIT|0|4
S|NATIT|49568333|44324167| |IF|0|0|0|0|0|0|1|8000|0|0|0|0|0
S|WW014|49044472|44222472| |TF|0|0|0|0|0|0|0|0|0|0|0|0|0
S|WW015|48881583|44106556| |TF|0|0|0|0|0|0|0|0|0|0|0|0|0
S|WW003|48801167|44053278| |TF|0|0|0|0|0|0|1|2800|0|0|0|0|0

P|NATI2H|ALL|NATIT|0|2
S|NATIT|49568333|44324167| |IF|0|0|0|0|0|0|1|8000|0|0|0|0|0
S|WG|48779528|44342333| |TF|0|0|0|0|0|0|1|2300|0|0|0|0|0

P|NATI2J|23|NATIT|0|3
S|NATIT|49568333|44324167| |IF|0|0|0|0|0|0|1|8000|0|0|0|0|0
S|SADKO|49150000|44330278| |TF|0|0|0|0|0|0|0|0|0|0|0|0|0
S|WW006|48940694|44492861| |TF|0|0|0|0|0|0|3|4000|2600|0|0|0|0

P|NATI2K|05|NATIT|0|2
S|NATIT|49568333|44324167| |IF|0|0|0|0|0|0|1|8000|0|0|0|0|0
S|D349K|48963917|44339058| |TF|0|0|0|0|0|0|1|3000|0|0|0|0|0

P|NATI2L|23|NATIT|0|3
S|NATIT|49568333|44324167| |IF|0|0|0|0|0|0|1|8000|0|0|0|0|0
S|D349O|49022197|44337636| |TF|0|0|0|0|0|0|1|4000|0|0|0|0|0
S|D349J|48948931|44339422| |TF|0|0|0|0|0|0|1|4000|0|0|0|0|0

P|NATI2M|ALL|NATIT|0|2
S|NATIT|49568333|44324167| |IF|0|0|0|0|0|0|1|8000|0|0|0|0|0
S|WGD|48780750|44343500| |TF|0|0|0|0|0|0|1|2300|0|0|0|0|0

P|NOKL2G|05|NOKLI|0|3
S|NOKLI|48025000|45113333| |IF|0|0|0|0|0|0|1|7000|0|0|0|0|0
S|WW016|48395944|44766472| |TF|0|0|0|0|0|0|0|0|0|0|0|0|0
S|WW001|48621083|44184250| |TF|0|0|0|0|0|0|1|2800|0|0|0|0|0

P|NOKL2H|ALL|NOKLI|0|2
S|NOKLI|48025000|45113333| |IF|0|0|0|0|0|0|1|7000|0|0|0|0|0
S|WG|48779528|44342333| |TF|0|0|0|0|0|0|1|2300|0|0|0|0|0

P|NOKL2J|23|NOKLI|0|3
S|NOKLI|48025000|45113333| |IF|0|0|0|0|0|0|1|7000|0|0|0|0|0
S|WW019|48618167|44789472| |TF|0|0|0|0|0|0|0|0|0|0|0|0|0
S|WW008|48760417|44623083| |TF|0|0|0|0|0|0|3|4000|2600|0|0|0|0

P|NOKL2K|05|NOKLI|0|2
S|NOKLI|48025000|45113333| |IF|0|0|0|0|0|0|1|7000|0|0|0|0|0
S|D136K|48629550|44499783| |TF|0|0|0|0|0|0|1|3000|0|0|0|0|0

P|NOKL2L|23|NOKLI|0|2
S|NOKLI|48025000|45113333| |IF|0|0|0|0|0|0|1|7000|0|0|0|0|0
S|D136J|48641928|44487033| |TF|0|0|0|0|0|0|1|4000|0|0|0|0|0

P|NOKL2M|ALL|NOKLI|0|2
S|NOKLI|48025000|45113333| |IF|0|0|0|0|0|0|1|7000|0|0|0|0|0
S|WGD|48780750|44343500| |TF|0|0|0|0|0|0|1|2300|0|0|0|0|0

P|NOPS2G|05|NOPSA|0|3
S|NOPSA|48408056|43056389| |IF|0|0|0|0|0|0|1|9000|0|0|0|0|0
S|WW017|48470750|44218556| |TF|0|0|0|0|0|0|1|4000|0|0|0|0|0
S|WW001|48621083|44184250| |TF|0|0|0|0|0|0|1|2800|0|0|0|0|0

P|NOPS2H|ALL|NOPSA|0|2
S|NOPSA|48408056|43056389| |IF|0|0|0|0|0|0|1|9000|0|0|0|0|0
S|WG|48779528|44342333| |TF|0|0|0|0|0|0|1|2300|0|0|0|0|0

P|NOPS2J|23|NOPSA|0|3
S|NOPSA|48408056|43056389| |IF|0|0|0|0|0|0|1|9000|0|0|0|0|0
S|WW020|48530000|44411111| |TF|0|0|0|0|0|0|0|0|0|0|0|0|0
S|WW008|48760417|44623083| |TF|0|0|0|0|0|0|3|4000|2600|0|0|0|0

P|NOPS2K|05|NOPSA|0|4
S|NOPSA|48408056|43056389| |IF|0|0|0|0|0|0|1|9000|0|0|0|0|0
S|WGD|48780750|44343500| |TF|0|0|0|0|0|250|0|7000|0|0|0|0|0
S|D020I|48907542|44454914| |TF|0|0|0|0|0|0|0|0|0|0|0|0|0
S|D020K|48939200|44482836| |TF|0|0|0|0|0|0|1|3000|0|0|0|0|0

P|NOPS2L|23|NOPSA|0|2
S|NOPSA|48408056|43056389| |IF|0|0|0|0|0|0|1|9000|0|0|0|0|0
S|D237J|48714522|44109689| |TF|0|0|0|0|0|0|1|4000|0|0|0|0|0

P|NOPS2M|ALL|NOPSA|0|2
S|NOPSA|48408056|43056389| |IF|0|0|0|0|0|0|1|9000|0|0|0|0|0
S|WGD|48780750|44343500| |TF|0|0|0|0|0|0|1|2300|0|0|0|0|0

P|OBAB1G|05|OBABI|0|4
S|OBABI|49516111|43922778| |IF|0|0|0|0|0|0|1|8000|0|0|0|0|0
S|WW018|49046417|43997083| |TF|0|0|0|0|0|0|0|0|0|0|0|0|0
S|WW015|48881583|44106556| |TF|0|0|0|0|0|0|0|0|0|0|0|0|0
S|WW003|48801167|44053278| |TF|0|0|0|0|0|0|1|2800|0|0|0|0|0

P|OBAB1H|ALL|OBABI|0|2
S|OBABI|49516111|43922778| |IF|0|0|0|0|0|0|1|8000|0|0|0|0|0
S|WG|48779528|44342333| |TF|0|0|0|0|0|0|1|2300|0|0|0|0|0

P|OBAB1J|23|OBABI|0|3
S|OBABI|49516111|43922778| |IF|0|0|0|0|0|0|1|8000|0|0|0|0|0
S|SADKO|49150000|44330278| |TF|0|0|0|0|0|0|0|0|0|0|0|0|0
S|WW006|48940694|44492861| |TF|0|0|0|0|0|0|3|4000|2600|0|0|0|0

P|OBAB1K|05|OBABI|0|2
S|OBABI|49516111|43922778| |IF|0|0|0|0|0|0|1|8000|0|0|0|0|0
S|D330K|48952394|44246486| |TF|0|0|0|0|0|0|1|3000|0|0|0|0|0

P|OBAB1L|23|OBABI|0|2
S|OBABI|49516111|43922778| |IF|0|0|0|0|0|0|1|8000|0|0|0|0|0
S|D330J|48938356|44254447| |TF|0|0|0|0|0|0|1|4000|0|0|0|0|0

P|OBAB1M|ALL|OBABI|0|2
S|OBABI|49516111|43922778| |IF|0|0|0|0|0|0|1|8000|0|0|0|0|0
S|WGD|48780750|44343500| |TF|0|0|0|0|0|0|1|2300|0|0|0|0|0

P|RODU1G|05|RODUN|0|4
S|RODUN|49670000|45139167| |IF|0|0|0|0|0|0|1|6000|0|0|0|0|0
S|WW014|49044472|44222472| |TF|0|0|0|0|0|0|0|0|0|0|0|0|0
S|WW015|48881583|44106556| |TF|0|0|0|0|0|0|0|0|0|0|0|0|0
S|WW003|48801167|44053278| |TF|0|0|0|0|0|0|1|2800|0|0|0|0|0

P|RODU1H|ALL|RODUN|0|2
S|RODUN|49670000|45139167| |IF|0|0|0|0|0|0|1|6000|0|0|0|0|0
S|WG|48779528|44342333| |TF|0|0|0|0|0|0|1|2300|0|0|0|0|0

P|RODU1J|23|RODUN|0|2
S|RODUN|49670000|45139167| |IF|0|0|0|0|0|0|1|6000|0|0|0|0|0
S|WW007|48893472|44694778| |TF|0|0|0|0|0|0|3|4000|2600|0|0|0|0

P|RODU1K|05|RODUN|0|3
S|RODUN|49670000|45139167| |IF|0|0|0|0|0|0|1|6000|0|0|0|0|0
S|D020O|48998214|44534997| |TF|0|0|0|0|0|0|1|3000|0|0|0|0|0
S|D020K|48939200|44482836| |TF|0|0|0|0|0|0|1|3000|0|0|0|0|0

P|RODU1L|23|RODUN|0|2
S|RODUN|49670000|45139167| |IF|0|0|0|0|0|0|1|6000|0|0|0|0|0
S|D020J|48926242|44471403| |TF|0|0|0|0|0|0|1|3000|0|0|0|0|0

P|RODU1M|ALL|RODUN|0|2
S|RODUN|49670000|45139167| |IF|0|0|0|0|0|0|1|6000|0|0|0|0|0
S|WGD|48780750|44343500| |TF|0|0|0|0|0|0|1|2300|0|0|0|0|0

P|SL2G|05|SL|0|3
S|SL|48402222|45295833| |IF|0|0|0|0|0|0|1|7000|0|0|0|0|0
S|WW016|48395944|44766472| |TF|0|0|0|0|0|0|0|0|0|0|0|0|0
S|WW001|48621083|44184250| |TF|0|0|0|0|0|0|1|2800|0|0|0|0|0

P|SL2H|ALL|SL|0|2
S|SL|48402222|45295833| |IF|0|0|0|0|0|0|1|7000|0|0|0|0|0
S|WG|48779528|44342333| |TF|0|0|0|0|0|0|1|2300|0|0|0|0|0

P|SL2J|23|SL|0|3
S|SL|48402222|45295833| |IF|0|0|0|0|0|0|1|7000|0|0|0|0|0
S|WW019|48618167|44789472| |TF|0|0|0|0|0|0|0|0|0|0|0|0|0
S|WW008|48760417|44623083| |TF|0|0|0|0|0|0|3|4000|2600|0|0|0|0

P|SL2K|05|SL|0|2
S|SL|48402222|45295833| |IF|0|0|0|0|0|0|1|7000|0|0|0|0|0
S|D111K|48687328|44581728| |TF|0|0|0|0|0|0|1|3000|0|0|0|0|0

P|SL2L|23|SL|0|2
S|SL|48402222|45295833| |IF|0|0|0|0|0|0|1|7000|0|0|0|0|0
S|D111J|48694989|44562269| |TF|0|0|0|0|0|0|1|4000|0|0|0|0|0

P|SL2M|ALL|SL|0|2
S|SL|48402222|45295833| |IF|0|0|0|0|0|0|1|7000|0|0|0|0|0
S|WGD|48780750|44343500| |TF|0|0|0|0|0|0|1|2300|0|0|0|0|0

P|ST2G|05|ST|0|4
S|ST|49258889|43679444| |IF|0|0|0|0|0|0|1|15000|0|0|0|0|0
S|WW018|49046417|43997083| |TF|0|0|0|0|0|0|0|0|0|0|0|0|0
S|WW015|48881583|44106556| |TF|0|0|0|0|0|0|0|0|0|0|0|0|0
S|WW003|48801167|44053278| |TF|0|0|0|0|0|0|1|2800|0|0|0|0|0

P|ST2H|ALL|ST|0|2
S|ST|49258889|43679444| |IF|0|0|0|0|0|0|1|15000|0|0|0|0|0
S|WG|48779528|44342333| |TF|0|0|0|0|0|0|1|2300|0|0|0|0|0

P|ST2J|23|ST|0|3
S|ST|49258889|43679444| |IF|0|0|0|0|0|0|1|15000|0|0|0|0|0
S|SADKO|49150000|44330278| |TF|0|0|0|0|0|0|0|0|0|0|0|0|0
S|WW006|48940694|44492861| |TF|0|0|0|0|0|0|3|4000|2600|0|0|0|0

P|ST2K|05|ST|0|2
S|ST|49258889|43679444| |IF|0|0|0|0|0|0|1|15000|0|0|0|0|0
S|D308K|48916394|44156939| |TF|0|0|0|0|0|0|1|3000|0|0|0|0|0

P|ST2L|23|ST|0|2
S|ST|49258889|43679444| |IF|0|0|0|0|0|0|1|15000|0|0|0|0|0
S|D308J|48905308|44172242| |TF|0|0|0|0|0|0|1|4000|0|0|0|0|0

P|ST2M|ALL|ST|0|2
S|ST|49258889|43679444| |IF|0|0|0|0|0|0|1|15000|0|0|0|0|0
S|WGD|48780750|44343500| |TF|0|0|0|0|0|0|1|2300|0|0|0|0|0

P|TONG2G|05|TONGI|0|3
S|TONGI|47930000|44340278| |IF|0|0|0|0|0|0|1|17000|0|0|0|0|0
S|WW017|48470750|44218556| |TF|0|0|0|0|0|0|1|4000|0|0|0|0|0
S|WW001|48621083|44184250| |TF|0|0|0|0|0|0|1|2800|0|0|0|0|0

P|TONG2H|ALL|TONGI|0|2
S|TONGI|47930000|44340278| |IF|0|0|0|0|0|0|1|17000|0|0|0|0|0
S|WG|48779528|44342333| |TF|0|0|0|0|0|0|1|2300|0|0|0|0|0

P|TONG2J|23|TONGI|0|3
S|TONGI|47930000|44340278| |IF|0|0|0|0|0|0|1|17000|0|0|0|0|0
S|WW020|48530000|44411111| |TF|0|0|0|0|0|0|0|0|0|0|0|0|0
S|WW008|48760417|44623083| |TF|0|0|0|0|0|0|3|4000|2600|0|0|0|0

P|TONG2K|05|TONGI|0|2
S|TONGI|47930000|44340278| |IF|0|0|0|0|0|0|1|17000|0|0|0|0|0
S|D170K|48597553|44342794| |TF|0|0|0|0|0|0|1|3000|0|0|0|0|0

P|TONG2L|23|TONGI|0|2
S|TONGI|47930000|44340278| |IF|0|0|0|0|0|0|1|17000|0|0|0|0|0
S|D170J|48612542|44342853| |TF|0|0|0|0|0|0|1|4000|0|0|0|0|0

P|TONG2M|ALL|TONGI|0|2
S|TONGI|47930000|44340278| |IF|0|0|0|0|0|0|1|17000|0|0|0|0|0
S|WGD|48780750|44343500| |TF|0|0|0|0|0|0|1|2300|0|0|0|0|0

