P|ABUT1E|06|ABUTA|0|2
S|ABUTA|61366667|69753333| |IF|0|0|0|0|0|0|1|6000|0|0|0|0|0
S|BD|61016583|68989000| |TF|0|0|0|0|0|0|1|2100|0|0|0|0|0

P|ABUT1F|24|ABUTA|0|2
S|ABUTA|61366667|69753333| |IF|0|0|0|0|0|0|1|6000|0|0|0|0|0
S|ZJ|61041000|69186306| |TF|0|0|0|0|0|0|1|2100|0|0|0|0|0

P|ABUT1G|06|ABUTA|0|4
S|ABUTA|61366667|69753333| |IF|0|0|0|0|0|0|1|6000|0|0|0|0|0
S|HH018|61244056|69570972| |TF|0|0|0|0|0|0|0|0|0|0|0|0|0
S|HH019|61162122|69125625| |TF|0|0|0|0|0|0|0|0|0|0|0|0|0
S|HH006|61083589|68708167| |TF|0|0|0|0|0|0|1|4000|0|0|0|0|0

P|ABUT1H|24|ABUTA|0|3
S|ABUTA|61366667|69753333| |IF|0|0|0|0|0|0|1|6000|0|0|0|0|0
S|HH026|61173125|69702161| |TF|0|0|0|0|0|0|0|0|0|0|0|0|0
S|HH010|61094903|69611044| |TF|0|0|0|0|0|0|1|4000|0|0|0|0|0

P|ABUT1J|24|ABUTA|0|2
S|ABUTA|61366667|69753333| |IF|0|0|0|0|0|0|1|6000|0|0|0|0|0
S|B|61023278|69044889| |TF|0|0|0|0|0|0|1|2100|0|0|0|0|0

P|ABUT1K|24|ABUTA|0|2
S|ABUTA|61366667|69753333| |IF|0|0|0|0|0|0|1|6000|0|0|0|0|0
S|Z|61033889|69128694| |TF|0|0|0|0|0|0|1|2100|0|0|0|0|0

P|ABUT1S|ALL|ABUTA|0|2
S|ABUTA|61366667|69753333| |IF|0|0|0|0|0|0|1|6000|0|0|0|0|0
S|HMN|61033000|69127056| |TF|0|0|0|0|0|0|1|2100|0|0|0|0|0

P|KUPE1E|06|KUPEN|0|2
S|KUPEN|61131667|70036667| |IF|0|0|0|0|0|0|1|6000|0|0|0|0|0
S|BD|61016583|68989000| |TF|0|0|0|0|0|0|1|2100|0|0|0|0|0

P|KUPE1F|24|KUPEN|0|2
S|KUPEN|61131667|70036667| |IF|0|0|0|0|0|0|1|6000|0|0|0|0|0
S|ZJ|61041000|69186306| |TF|0|0|0|0|0|0|1|2100|0|0|0|0|0

P|KUPE1G|06|KUPEN|0|4
S|KUPEN|61131667|70036667| |IF|0|0|0|0|0|0|1|6000|0|0|0|0|0
S|HH016|61001928|69494744| |TF|0|0|0|0|0|0|0|0|0|0|0|0|0
S|HH017|60941247|69240253| |TF|0|0|0|0|0|0|0|0|0|0|0|0|0
S|HH004|60890583|68811658| |TF|0|0|0|0|0|0|1|4000|0|0|0|0|0

P|KUPE1H|24|KUPEN|0|3
S|KUPEN|61131667|70036667| |IF|0|0|0|0|0|0|1|6000|0|0|0|0|0
S|HH027|61089078|69796078| |TF|0|0|0|0|0|0|0|0|0|0|0|0|0
S|HH010|61094903|69611044| |TF|0|0|0|0|0|0|1|4000|0|0|0|0|0

P|KUPE1J|24|KUPEN|0|2
S|KUPEN|61131667|70036667| |IF|0|0|0|0|0|0|1|6000|0|0|0|0|0
S|B|61023278|69044889| |TF|0|0|0|0|0|0|1|2100|0|0|0|0|0

P|KUPE1K|24|KUPEN|0|2
S|KUPEN|61131667|70036667| |IF|0|0|0|0|0|0|1|6000|0|0|0|0|0
S|Z|61033889|69128694| |TF|0|0|0|0|0|0|1|2100|0|0|0|0|0

P|KUPE1S|ALL|KUPEN|0|2
S|KUPEN|61131667|70036667| |IF|0|0|0|0|0|0|1|6000|0|0|0|0|0
S|HMN|61033000|69127056| |TF|0|0|0|0|0|0|1|2100|0|0|0|0|0

P|NEMO1E|06|NEMON|0|2
S|NEMON|60865556|68276944| |IF|0|0|0|0|0|0|1|7000|0|0|0|0|0
S|BD|61016583|68989000| |TF|0|0|0|0|0|0|1|2100|0|0|0|0|0

P|NEMO1F|24|NEMON|0|2
S|NEMON|60865556|68276944| |IF|0|0|0|0|0|0|1|7000|0|0|0|0|0
S|ZJ|61041000|69186306| |TF|0|0|0|0|0|0|1|2100|0|0|0|0|0

P|NEMO1G|06|NEMON|0|2
S|NEMON|60865556|68276944| |IF|0|0|0|0|0|0|1|7000|0|0|0|0|0
S|HH005|60961814|68561569| |TF|0|0|0|0|0|0|1|4000|0|0|0|0|0

P|NEMO1H|24|NEMON|0|4
S|NEMON|60865556|68276944| |IF|0|0|0|0|0|0|1|7000|0|0|0|0|0
S|HH021|60853825|68685292| |TF|0|0|0|0|0|0|0|0|0|0|0|0|0
S|HH028|60924692|69218917| |TF|0|0|0|0|0|0|0|0|0|0|0|0|0
S|HH011|60973275|69463872| |TF|0|0|0|0|0|0|1|4000|0|0|0|0|0

P|NEMO1J|24|NEMON|0|2
S|NEMON|60865556|68276944| |IF|0|0|0|0|0|0|1|7000|0|0|0|0|0
S|B|61023278|69044889| |TF|0|0|0|0|0|0|1|2100|0|0|0|0|0

P|NEMO1K|24|NEMON|0|2
S|NEMON|60865556|68276944| |IF|0|0|0|0|0|0|1|7000|0|0|0|0|0
S|Z|61033889|69128694| |TF|0|0|0|0|0|0|1|2100|0|0|0|0|0

P|NEMO1S|ALL|NEMON|0|2
S|NEMON|60865556|68276944| |IF|0|0|0|0|0|0|1|7000|0|0|0|0|0
S|HMN|61033000|69127056| |TF|0|0|0|0|0|0|1|2100|0|0|0|0|0

P|PETU1E|06|PETUN|0|2
S|PETUN|60753889|68411944| |IF|0|0|0|0|0|0|1|7000|0|0|0|0|0
S|BD|61016583|68989000| |TF|0|0|0|0|0|0|1|2100|0|0|0|0|0

P|PETU1F|24|PETUN|0|2
S|PETUN|60753889|68411944| |IF|0|0|0|0|0|0|1|7000|0|0|0|0|0
S|ZJ|61041000|69186306| |TF|0|0|0|0|0|0|1|2100|0|0|0|0|0

P|PETU1G|06|PETUN|0|2
S|PETUN|60753889|68411944| |IF|0|0|0|0|0|0|1|7000|0|0|0|0|0
S|HH005|60961814|68561569| |TF|0|0|0|0|0|0|1|4000|0|0|0|0|0

P|PETU1H|24|PETUN|0|4
S|PETUN|60753889|68411944| |IF|0|0|0|0|0|0|1|7000|0|0|0|0|0
S|HH021|60853825|68685292| |TF|0|0|0|0|0|0|0|0|0|0|0|0|0
S|HH028|60924692|69218917| |TF|0|0|0|0|0|0|0|0|0|0|0|0|0
S|HH011|60973275|69463872| |TF|0|0|0|0|0|0|1|4000|0|0|0|0|0

P|PETU1J|24|PETUN|0|2
S|PETUN|60753889|68411944| |IF|0|0|0|0|0|0|1|7000|0|0|0|0|0
S|B|61023278|69044889| |TF|0|0|0|0|0|0|1|2100|0|0|0|0|0

P|PETU1K|24|PETUN|0|2
S|PETUN|60753889|68411944| |IF|0|0|0|0|0|0|1|7000|0|0|0|0|0
S|Z|61033889|69128694| |TF|0|0|0|0|0|0|1|2100|0|0|0|0|0

P|PETU1S|ALL|PETUN|0|2
S|PETUN|60753889|68411944| |IF|0|0|0|0|0|0|1|7000|0|0|0|0|0
S|HMN|61033000|69127056| |TF|0|0|0|0|0|0|1|2100|0|0|0|0|0

P|RALE1E|06|RALEM|0|2
S|RALEM|61028333|70058333| |IF|0|0|0|0|0|0|1|6000|0|0|0|0|0
S|BD|61016583|68989000| |TF|0|0|0|0|0|0|1|2100|0|0|0|0|0

P|RALE1F|24|RALEM|0|2
S|RALEM|61028333|70058333| |IF|0|0|0|0|0|0|1|6000|0|0|0|0|0
S|ZJ|61041000|69186306| |TF|0|0|0|0|0|0|1|2100|0|0|0|0|0

P|RALE1G|06|RALEM|0|4
S|RALEM|61028333|70058333| |IF|0|0|0|0|0|0|1|6000|0|0|0|0|0
S|HH016|61001928|69494744| |TF|0|0|0|0|0|0|0|0|0|0|0|0|0
S|HH017|60941247|69240253| |TF|0|0|0|0|0|0|0|0|0|0|0|0|0
S|HH004|60890583|68811658| |TF|0|0|0|0|0|0|1|4000|0|0|0|0|0

P|RALE1H|24|RALEM|0|3
S|RALEM|61028333|70058333| |IF|0|0|0|0|0|0|1|6000|0|0|0|0|0
S|HH027|61089078|69796078| |TF|0|0|0|0|0|0|0|0|0|0|0|0|0
S|HH010|61094903|69611044| |TF|0|0|0|0|0|0|1|4000|0|0|0|0|0

P|RALE1J|24|RALEM|0|2
S|RALEM|61028333|70058333| |IF|0|0|0|0|0|0|1|6000|0|0|0|0|0
S|B|61023278|69044889| |TF|0|0|0|0|0|0|1|2100|0|0|0|0|0

P|RALE1K|24|RALEM|0|2
S|RALEM|61028333|70058333| |IF|0|0|0|0|0|0|1|6000|0|0|0|0|0
S|Z|61033889|69128694| |TF|0|0|0|0|0|0|1|2100|0|0|0|0|0

P|RALE1S|ALL|RALEM|0|2
S|RALEM|61028333|70058333| |IF|0|0|0|0|0|0|1|6000|0|0|0|0|0
S|HMN|61033000|69127056| |TF|0|0|0|0|0|0|1|2100|0|0|0|0|0

P|RATR1E|06|RATRI|0|2
S|RATRI|61091667|68215000| |IF|0|0|0|0|0|0|1|7000|0|0|0|0|0
S|BD|61016583|68989000| |TF|0|0|0|0|0|0|1|2100|0|0|0|0|0

P|RATR1F|24|RATRI|0|2
S|RATRI|61091667|68215000| |IF|0|0|0|0|0|0|1|7000|0|0|0|0|0
S|ZJ|61041000|69186306| |TF|0|0|0|0|0|0|1|2100|0|0|0|0|0

P|RATR1G|06|RATRI|0|2
S|RATRI|61091667|68215000| |IF|0|0|0|0|0|0|1|7000|0|0|0|0|0
S|HH005|60961814|68561569| |TF|0|0|0|0|0|0|1|4000|0|0|0|0|0

P|RATR1H|24|RATRI|0|3
S|RATRI|61091667|68215000| |IF|0|0|0|0|0|0|1|7000|0|0|0|0|0
S|HH003|61149036|69082967| |TF|0|0|0|0|0|0|0|0|0|0|0|0|0
S|HH009|61166192|69359414| |TF|0|0|0|0|0|0|1|4000|0|0|0|0|0

P|RATR1J|24|RATRI|0|2
S|RATRI|61091667|68215000| |IF|0|0|0|0|0|0|1|7000|0|0|0|0|0
S|B|61023278|69044889| |TF|0|0|0|0|0|0|1|2100|0|0|0|0|0

P|RATR1K|24|RATRI|0|2
S|RATRI|61091667|68215000| |IF|0|0|0|0|0|0|1|7000|0|0|0|0|0
S|Z|61033889|69128694| |TF|0|0|0|0|0|0|1|2100|0|0|0|0|0

P|RATR1S|ALL|RATRI|0|2
S|RATRI|61091667|68215000| |IF|0|0|0|0|0|0|1|7000|0|0|0|0|0
S|HMN|61033000|69127056| |TF|0|0|0|0|0|0|1|2100|0|0|0|0|0

P|RILP1E|06|RILPA|0|2
S|RILPA|60607222|68851944| |IF|0|0|0|0|0|0|1|7000|0|0|0|0|0
S|BD|61016583|68989000| |TF|0|0|0|0|0|0|1|2100|0|0|0|0|0

P|RILP1F|24|RILPA|0|2
S|RILPA|60607222|68851944| |IF|0|0|0|0|0|0|1|7000|0|0|0|0|0
S|ZJ|61041000|69186306| |TF|0|0|0|0|0|0|1|2100|0|0|0|0|0

P|RILP1G|06|RILPA|0|2
S|RILPA|60607222|68851944| |IF|0|0|0|0|0|0|1|7000|0|0|0|0|0
S|HH004|60890583|68811658| |TF|0|0|0|0|0|0|1|4000|0|0|0|0|0

P|RILP1H|24|RILPA|0|3
S|RILPA|60607222|68851944| |IF|0|0|0|0|0|0|1|7000|0|0|0|0|0
S|HH028|60924692|69218917| |TF|0|0|0|0|0|0|0|0|0|0|0|0|0
S|HH011|60973275|69463872| |TF|0|0|0|0|0|0|1|4000|0|0|0|0|0

P|RILP1J|24|RILPA|0|2
S|RILPA|60607222|68851944| |IF|0|0|0|0|0|0|1|7000|0|0|0|0|0
S|B|61023278|69044889| |TF|0|0|0|0|0|0|1|2100|0|0|0|0|0

P|RILP1K|24|RILPA|0|2
S|RILPA|60607222|68851944| |IF|0|0|0|0|0|0|1|7000|0|0|0|0|0
S|Z|61033889|69128694| |TF|0|0|0|0|0|0|1|2100|0|0|0|0|0

P|RILP1S|ALL|RILPA|0|2
S|RILPA|60607222|68851944| |IF|0|0|0|0|0|0|1|7000|0|0|0|0|0
S|HMN|61033000|69127056| |TF|0|0|0|0|0|0|1|2100|0|0|0|0|0

P|TAGO1E|06|TAGOK|0|2
S|TAGOK|61255000|69941667| |IF|0|0|0|0|0|0|1|6000|0|0|0|0|0
S|BD|61016583|68989000| |TF|0|0|0|0|0|0|1|2100|0|0|0|0|0

P|TAGO1F|24|TAGOK|0|2
S|TAGOK|61255000|69941667| |IF|0|0|0|0|0|0|1|6000|0|0|0|0|0
S|ZJ|61041000|69186306| |TF|0|0|0|0|0|0|1|2100|0|0|0|0|0

P|TAGO1G|06|TAGOK|0|4
S|TAGOK|61255000|69941667| |IF|0|0|0|0|0|0|1|6000|0|0|0|0|0
S|HH018|61244056|69570972| |TF|0|0|0|0|0|0|0|0|0|0|0|0|0
S|HH019|61162122|69125625| |TF|0|0|0|0|0|0|0|0|0|0|0|0|0
S|HH006|61083589|68708167| |TF|0|0|0|0|0|0|1|4000|0|0|0|0|0

P|TAGO1H|24|TAGOK|0|3
S|TAGOK|61255000|69941667| |IF|0|0|0|0|0|0|1|6000|0|0|0|0|0
S|HH026|61173125|69702161| |TF|0|0|0|0|0|0|0|0|0|0|0|0|0
S|HH010|61094903|69611044| |TF|0|0|0|0|0|0|1|4000|0|0|0|0|0

P|TAGO1J|24|TAGOK|0|2
S|TAGOK|61255000|69941667| |IF|0|0|0|0|0|0|1|6000|0|0|0|0|0
S|B|61023278|69044889| |TF|0|0|0|0|0|0|1|2100|0|0|0|0|0

P|TAGO1K|24|TAGOK|0|2
S|TAGOK|61255000|69941667| |IF|0|0|0|0|0|0|1|6000|0|0|0|0|0
S|Z|61033889|69128694| |TF|0|0|0|0|0|0|1|2100|0|0|0|0|0

P|TAGO1S|ALL|TAGOK|0|2
S|TAGOK|61255000|69941667| |IF|0|0|0|0|0|0|1|6000|0|0|0|0|0
S|HMN|61033000|69127056| |TF|0|0|0|0|0|0|1|2100|0|0|0|0|0

P|TERD1E|06|TERDO|0|2
S|TERDO|60801667|69921667| |IF|0|0|0|0|0|0|1|6000|0|0|0|0|0
S|BD|61016583|68989000| |TF|0|0|0|0|0|0|1|2100|0|0|0|0|0

P|TERD1F|24|TERDO|0|2
S|TERDO|60801667|69921667| |IF|0|0|0|0|0|0|1|6000|0|0|0|0|0
S|ZJ|61041000|69186306| |TF|0|0|0|0|0|0|1|2100|0|0|0|0|0

P|TERD1G|06|TERDO|0|3
S|TERDO|60801667|69921667| |IF|0|0|0|0|0|0|1|6000|0|0|0|0|0
S|HH017|60941247|69240253| |TF|0|0|0|0|0|0|0|0|0|0|0|0|0
S|HH004|60890583|68811658| |TF|0|0|0|0|0|0|1|4000|0|0|0|0|0

P|TERD1H|24|TERDO|0|2
S|TERDO|60801667|69921667| |IF|0|0|0|0|0|0|1|6000|0|0|0|0|0
S|HH011|60973275|69463872| |TF|0|0|0|0|0|0|1|4000|0|0|0|0|0

P|TERD1J|24|TERDO|0|2
S|TERDO|60801667|69921667| |IF|0|0|0|0|0|0|1|6000|0|0|0|0|0
S|B|61023278|69044889| |TF|0|0|0|0|0|0|1|2100|0|0|0|0|0

P|TERD1K|24|TERDO|0|2
S|TERDO|60801667|69921667| |IF|0|0|0|0|0|0|1|6000|0|0|0|0|0
S|Z|61033889|69128694| |TF|0|0|0|0|0|0|1|2100|0|0|0|0|0

P|TERD1S|ALL|TERDO|0|2
S|TERDO|60801667|69921667| |IF|0|0|0|0|0|0|1|6000|0|0|0|0|0
S|HMN|61033000|69127056| |TF|0|0|0|0|0|0|1|2100|0|0|0|0|0

P|TUNA1E|06|TUNAB|0|2
S|TUNAB|61408333|68621667| |IF|0|0|0|0|0|0|1|7000|0|0|0|0|0
S|BD|61016583|68989000| |TF|0|0|0|0|0|0|1|2100|0|0|0|0|0

P|TUNA1F|24|TUNAB|0|2
S|TUNAB|61408333|68621667| |IF|0|0|0|0|0|0|1|7000|0|0|0|0|0
S|ZJ|61041000|69186306| |TF|0|0|0|0|0|0|1|2100|0|0|0|0|0

P|TUNA1G|06|TUNAB|0|2
S|TUNAB|61408333|68621667| |IF|0|0|0|0|0|0|1|7000|0|0|0|0|0
S|HH006|61083589|68708167| |TF|0|0|0|0|0|0|1|4000|0|0|0|0|0

P|TUNA1H|24|TUNAB|0|2
S|TUNAB|61408333|68621667| |IF|0|0|0|0|0|0|1|7000|0|0|0|0|0
S|HH009|61166192|69359414| |TF|0|0|0|0|0|0|1|4000|0|0|0|0|0

P|TUNA1J|24|TUNAB|0|2
S|TUNAB|61408333|68621667| |IF|0|0|0|0|0|0|1|7000|0|0|0|0|0
S|B|61023278|69044889| |TF|0|0|0|0|0|0|1|2100|0|0|0|0|0

P|TUNA1K|24|TUNAB|0|2
S|TUNAB|61408333|68621667| |IF|0|0|0|0|0|0|1|7000|0|0|0|0|0
S|Z|61033889|69128694| |TF|0|0|0|0|0|0|1|2100|0|0|0|0|0

P|TUNA1S|ALL|TUNAB|0|2
S|TUNAB|61408333|68621667| |IF|0|0|0|0|0|0|1|7000|0|0|0|0|0
S|HMN|61033000|69127056| |TF|0|0|0|0|0|0|1|2100|0|0|0|0|0

