P|DINA2A|08|DINAT|0|3
S|DINAT|58207500|69061389| |IF|0|0|0|0|0|0|1|6000|0|0|0|0|0
S|TJ008|58166444|68549611| |TF|0|0|0|0|0|0|0|0|0|0|0|0|0
S|TJ003|58158639|68027028| |TF|0|0|0|0|0|0|1|3500|0|0|0|0|0

P|DINA2B|26|DINAT|0|2
S|DINAT|58207500|69061389| |IF|0|0|0|0|0|0|1|6000|0|0|0|0|0
S|TJ013|58057361|68859306| |TF|0|0|0|0|0|0|1|3500|0|0|0|0|0

P|DINA2E|ALL|DINAT|0|2
S|DINAT|58207500|69061389| |IF|0|0|0|0|0|0|1|6000|0|0|0|0|0
S|S|58058417|68311417| |TF|0|0|0|0|0|0|1|2000|0|0|0|0|0

P|GAFE2A|08|GAFEN|0|3
S|GAFEN|57908056|69057500| |IF|0|0|0|0|0|0|1|6000|0|0|0|0|0
S|TJ009|57931306|68527861| |TF|0|0|0|0|0|0|0|0|0|0|0|0|0
S|TJ004|57951167|68028861| |TF|0|0|0|0|0|0|1|1500|0|0|0|0|0

P|GAFE2B|26|GAFEN|0|2
S|GAFEN|57908056|69057500| |IF|0|0|0|0|0|0|1|6000|0|0|0|0|0
S|TJ013|58057361|68859306| |TF|0|0|0|0|0|0|1|3500|0|0|0|0|0

P|GAFE2E|ALL|GAFEN|0|2
S|GAFEN|57908056|69057500| |IF|0|0|0|0|0|0|1|6000|0|0|0|0|0
S|S|58058417|68311417| |TF|0|0|0|0|0|0|1|2000|0|0|0|0|0

P|LUSI2A|08|LUSIN|0|2
S|LUSIN|57816389|67743056| |IF|0|0|0|0|0|0|1|7000|0|0|0|0|0
S|TJ004|57951167|68028861| |TF|0|0|0|0|0|0|1|1500|0|0|0|0|0

P|LUSI2B|26|LUSIN|0|3
S|LUSIN|57816389|67743056| |IF|0|0|0|0|0|0|1|7000|0|0|0|0|0
S|TJ018|57916972|68443167| |TF|0|0|0|0|0|0|0|0|0|0|0|0|0
S|TJ014|57948417|68668528| |TF|0|0|0|0|0|0|1|1500|0|0|0|0|0

P|LUSI2E|ALL|LUSIN|0|2
S|LUSIN|57816389|67743056| |IF|0|0|0|0|0|0|1|7000|0|0|0|0|0
S|S|58058417|68311417| |TF|0|0|0|0|0|0|1|2000|0|0|0|0|0

P|MAZI2A|08|MAZIS|0|2
S|MAZIS|57748611|68839167| |IF|0|0|0|0|0|0|1|6000|0|0|0|0|0
S|TJ004|57951167|68028861| |TF|0|0|0|0|0|0|1|1500|0|0|0|0|0

P|MAZI2B|26|MAZIS|0|2
S|MAZIS|57748611|68839167| |IF|0|0|0|0|0|0|1|6000|0|0|0|0|0
S|TJ014|57948417|68668528| |TF|0|0|0|0|0|0|1|1500|0|0|0|0|0

P|MAZI2E|ALL|MAZIS|0|2
S|MAZIS|57748611|68839167| |IF|0|0|0|0|0|0|1|6000|0|0|0|0|0
S|S|58058417|68311417| |TF|0|0|0|0|0|0|1|2000|0|0|0|0|0

P|MIDE2A|08|MIDET|0|2
S|MIDET|58099722|67592778| |IF|0|0|0|0|0|0|1|6000|0|0|0|0|0
S|TJ005|58057444|67838139| |TF|0|0|0|0|0|0|1|3500|0|0|0|0|0

P|MIDE2B|26|MIDET|0|3
S|MIDET|58099722|67592778| |IF|0|0|0|0|0|0|1|6000|0|0|0|0|0
S|TJ018|57916972|68443167| |TF|0|0|0|0|0|0|0|0|0|0|0|0|0
S|TJ014|57948417|68668528| |TF|0|0|0|0|0|0|1|1500|0|0|0|0|0

P|MIDE2E|ALL|MIDET|0|2
S|MIDET|58099722|67592778| |IF|0|0|0|0|0|0|1|6000|0|0|0|0|0
S|S|58058417|68311417| |TF|0|0|0|0|0|0|1|2000|0|0|0|0|0

P|OSNE2A|08|OSNEP|0|2
S|OSNEP|58461111|68288333| |IF|0|0|0|0|0|0|1|6000|0|0|0|0|0
S|TJ003|58158639|68027028| |TF|0|0|0|0|0|0|1|3500|0|0|0|0|0

P|OSNE2B|26|OSNEP|0|3
S|OSNEP|58461111|68288333| |IF|0|0|0|0|0|0|1|6000|0|0|0|0|0
S|TJ017|58305056|68618750| |TF|0|0|0|0|0|0|0|0|0|0|0|0|0
S|TJ012|58158611|68670472| |TF|0|0|0|0|0|0|1|1500|0|0|0|0|0

P|OSNE2E|ALL|OSNEP|0|2
S|OSNEP|58461111|68288333| |IF|0|0|0|0|0|0|1|6000|0|0|0|0|0
S|S|58058417|68311417| |TF|0|0|0|0|0|0|1|2000|0|0|0|0|0

P|ROMN2A|08|ROMNA|0|3
S|ROMNA|58368889|68841111| |IF|0|0|0|0|0|0|1|6000|0|0|0|0|0
S|TJ008|58166444|68549611| |TF|0|0|0|0|0|0|0|0|0|0|0|0|0
S|TJ003|58158639|68027028| |TF|0|0|0|0|0|0|1|3500|0|0|0|0|0

P|ROMN2B|26|ROMNA|0|2
S|ROMNA|58368889|68841111| |IF|0|0|0|0|0|0|1|6000|0|0|0|0|0
S|TJ012|58158611|68670472| |TF|0|0|0|0|0|0|1|1500|0|0|0|0|0

P|ROMN2E|ALL|ROMNA|0|2
S|ROMNA|58368889|68841111| |IF|0|0|0|0|0|0|1|6000|0|0|0|0|0
S|S|58058417|68311417| |TF|0|0|0|0|0|0|1|2000|0|0|0|0|0

P|TIFA2A|08|TIFAS|0|3
S|TIFAS|58022500|69110278| |IF|0|0|0|0|0|0|1|6000|0|0|0|0|0
S|TJ009|57931306|68527861| |TF|0|0|0|0|0|0|0|0|0|0|0|0|0
S|TJ004|57951167|68028861| |TF|0|0|0|0|0|0|1|1500|0|0|0|0|0

P|TIFA2B|26|TIFAS|0|2
S|TIFAS|58022500|69110278| |IF|0|0|0|0|0|0|1|6000|0|0|0|0|0
S|TJ013|58057361|68859306| |TF|0|0|0|0|0|0|1|3500|0|0|0|0|0

P|TIFA2E|ALL|TIFAS|0|2
S|TIFAS|58022500|69110278| |IF|0|0|0|0|0|0|1|6000|0|0|0|0|0
S|S|58058417|68311417| |TF|0|0|0|0|0|0|1|2000|0|0|0|0|0

P|TIRU2A|08|TIRUN|0|3
S|TIRUN|58144444|69096944| |IF|0|0|0|0|0|0|1|6000|0|0|0|0|0
S|TJ008|58166444|68549611| |TF|0|0|0|0|0|0|0|0|0|0|0|0|0
S|TJ003|58158639|68027028| |TF|0|0|0|0|0|0|1|3500|0|0|0|0|0

P|TIRU2B|26|TIRUN|0|2
S|TIRUN|58144444|69096944| |IF|0|0|0|0|0|0|1|6000|0|0|0|0|0
S|TJ013|58057361|68859306| |TF|0|0|0|0|0|0|1|3500|0|0|0|0|0

P|TIRU2E|ALL|TIRUN|0|2
S|TIRUN|58144444|69096944| |IF|0|0|0|0|0|0|1|6000|0|0|0|0|0
S|S|58058417|68311417| |TF|0|0|0|0|0|0|1|2000|0|0|0|0|0

