P|ABNA1N|27|ABNAR|0|2
S|ABNAR|38260000|69146667| |IF|0|0|0|0|0|0|1|12000|0|0|0|0|0
S|RORER|38434139|69269711| |TF|0|0|0|0|0|205|1|10000|0|0|0|0|0

P|AKVE1N|27|AKVEZ|0|4
S|AKVEZ|38925000|68313056| |IF|0|0|0|0|0|0|1|21000|0|0|0|0|0
S|GITOX|38575972|68528889| |TF|0|0|0|0|0|0|1|16000|0|0|0|0|0
S|FOCKO|38433528|68887028| |TF|0|0|0|0|0|0|0|0|0|0|0|0|0
S|RORER|38434139|69269711| |TF|0|0|0|0|0|205|1|10000|0|0|0|0|0

P|ETVI1E|09|ETVIN|0|2
S|ETVIN|38345000|68211667| |IF|0|0|0|0|0|0|1|13000|0|0|0|0|0
S|INZOV|38543503|68374444| |TF|0|0|0|0|0|0|1|8040|0|0|0|0|0

P|ETVI1N|27|ETVIN|0|3
S|ETVIN|38345000|68211667| |IF|0|0|0|0|0|0|1|15000|0|0|0|0|0
S|GISBU|38376583|68759528| |TF|0|0|0|0|0|0|1|14000|0|0|0|0|0
S|RORER|38434139|69269711| |TF|0|0|0|0|0|205|1|10000|0|0|0|0|0

P|FORI1E|09|NAVOX|0|4
S|NAVOX|38083333|69333333| |IF|0|0|0|0|0|0|1|14000|0|0|0|0|0
S|FORIC|38245222|69079472| |TF|0|0|0|0|0|0|1|14000|0|0|0|0|0
S|ANNIQ|38456769|68744775| |TF|0|0|0|0|0|0|0|0|0|0|0|0|0
S|FUXUL|38457047|68489192| |TF|0|0|0|0|0|205|1|8040|0|0|0|0|0

P|GETL1E|09|GETLI|0|4
S|GETLI|38733333|68128333| |IF|0|0|0|0|0|0|1|19000|0|0|0|0|0
S|BICOF|38579806|68191833| |TF|0|0|0|0|0|0|1|15000|0|0|0|0|0
S|ADPOS|38399750|68265917| |TF|0|0|0|0|0|0|0|0|0|0|0|0|0
S|FUXUL|38457047|68489192| |TF|0|0|0|0|0|205|1|8040|0|0|0|0|0

P|GETL1N|27|GETLI|0|4
S|GETLI|38733333|68128333| |IF|0|0|0|0|0|0|1|19000|0|0|0|0|0
S|GITOX|38575972|68528889| |TF|0|0|0|0|0|0|1|15000|0|0|0|0|0
S|FOCKO|38433528|68887028| |TF|0|0|0|0|0|0|0|0|0|0|0|0|0
S|RORER|38434139|69269711| |TF|0|0|0|0|0|205|1|10000|0|0|0|0|0

P|JD1E|09|JD|0|4
S|JD|38543889|69313889| |IF|0|0|0|0|0|0|1|18000|0|0|0|0|0
S|BULAK|38541667|69108333| |TF|0|0|0|0|0|0|0|0|0|0|0|0|0
S|ANNIQ|38456769|68744775| |TF|0|0|0|0|0|0|0|0|0|0|0|0|0
S|FUXUL|38457047|68489192| |TF|0|0|0|0|0|205|1|8040|0|0|0|0|0

P|JD1N|27|JD|0|4
S|JD|38543889|69313889| |IF|0|0|0|0|0|0|1|18000|0|0|0|0|0
S|TOJAV|38541222|68983278| |TF|0|0|0|0|0|230|0|0|0|0|0|0|0
S|ALDUZ|38433083|68983278| |TF|0|0|0|0|0|0|0|0|0|0|0|0|0
S|RORER|38434139|69269711| |TF|0|0|0|0|0|205|1|10000|0|0|0|0|0

P|LIVD1E|09|LIVDI|0|3
S|LIVDI|38159444|68610556| |IF|0|0|0|0|0|0|1|14000|0|0|0|0|0
S|DAMZA|38435361|68374444| |TF|0|0|0|0|0|0|1|8860|0|0|0|0|0
S|INZOV|38543503|68374444| |TF|0|0|0|0|0|0|1|8040|0|0|0|0|0

P|OKTA1E|09|OKTAB|0|3
S|OKTAB|38181667|68893333| |IF|0|0|0|0|0|0|1|14000|0|0|0|0|0
S|ANNIQ|38456769|68744775| |TF|0|0|0|0|0|0|1|10000|0|0|0|0|0
S|FUXUL|38457047|68489192| |TF|0|0|0|0|0|205|1|8040|0|0|0|0|0

P|OKTA1N|27|OKTAB|0|2
S|OKTAB|38181667|68893333| |IF|0|0|0|0|0|0|1|12000|0|0|0|0|0
S|RORER|38434139|69269711| |TF|0|0|0|0|0|205|1|10000|0|0|0|0|0

P|PR1E|09|PR|0|4
S|PR|38537778|68394444| |IF|0|0|0|0|0|0|1|16000|0|0|0|0|0
S|DADAZ|38543278|68744778| |TF|0|0|0|0|0|205|0|0|0|0|0|0|0
S|ANNIQ|38456769|68744775| |TF|0|0|0|0|0|0|0|0|0|0|0|0|0
S|FUXUL|38457047|68489192| |TF|0|0|0|0|0|0|1|8040|0|0|0|0|0

P|PUGU1E|09|SX|0|4
S|SX|38844722|68845833| |IF|0|0|0|0|0|0|1|18000|0|0|0|0|0
S|VEVAN|38640000|68820000| |TF|0|0|0|0|0|0|1|10000|0|0|0|0|0
S|ANNIQ|38456769|68744775| |TF|0|0|0|0|0|0|0|0|0|0|0|0|0
S|FUXUL|38457047|68489192| |TF|0|0|0|0|0|205|1|8040|0|0|0|0|0

P|SOPN1E|09|SOPNO|0|3
S|SOPNO|38543333|68070000| |IF|0|0|0|0|0|0|1|16000|0|0|0|0|0
S|ADPOS|38399750|68265917| |TF|0|0|0|0|0|0|0|0|0|0|0|0|0
S|FUXUL|38457047|68489192| |TF|0|0|0|0|0|205|1|8040|0|0|0|0|0

P|SOPN1N|27|SOPNO|0|3
S|SOPNO|38543333|68070000| |IF|0|0|0|0|0|0|1|17000|0|0|0|0|0
S|FOCKO|38433528|68887028| |TF|0|0|0|0|0|0|0|0|0|0|0|0|0
S|RORER|38434139|69269711| |TF|0|0|0|0|0|205|1|10000|0|0|0|0|0

P|SX1N|27|SX|0|3
S|SX|38844722|68845833| |IF|0|0|0|0|0|0|1|18000|0|0|0|0|0
S|FOCKO|38433528|68887028| |TF|0|0|0|0|0|0|1|12000|0|0|0|0|0
S|RORER|38434139|69269711| |TF|0|0|0|0|0|205|1|10000|0|0|0|0|0

