P|DILR1E|08|DILRO|0|3
S|DILRO|40408333|69276667| |IF|0|0|0|0|0|205|1|11000|0|0|0|0|0
S|ADOGO|40359806|69342528| |TF|0|0|0|0|0|0|0|0|0|0|0|0|0
S|KURAW|40252753|69362206| |TF|0|0|0|0|0|180|1|7220|0|0|0|0|0

P|DILR1N|26|DILRO|0|3
S|DILRO|40408333|69276667| |IF|0|0|0|0|0|0|1|11000|0|0|0|0|0
S|TOZIT|40282278|69569889| |TF|0|0|0|0|0|0|1|6400|0|0|0|0|0
S|UBUDA|40322758|69918925| |TF|0|0|0|0|0|180|1|5250|0|0|0|0|0

P|DILR1P|26|DILRO|0|3
S|DILRO|40408333|69276667| |IF|0|0|0|0|0|0|1|11000|0|0|0|0|0
S|YUCID|40353806|69686972| |TF|0|0|0|0|0|0|1|7390|0|0|0|0|0
S|UBUDA|40322758|69918925| |TF|0|0|0|0|0|180|1|5250|0|0|0|0|0

P|KEGI1E|08|KEGIB|0|4
S|KEGIB|40350000|70420000| |IF|0|0|0|0|0|0|1|12000|0|0|0|0|0
S|BABVA|40099472|69467056| |TF|0|0|0|0|0|225|0|0|0|0|0|0|0
S|ESINU|40091972|69354861| |TF|0|0|0|0|0|0|0|0|0|0|0|0|0
S|OZMUD|40178139|69345053| |TF|0|0|0|0|0|0|1|5910|0|0|0|0|0

P|KEGI1N|26|KEGIB|0|2
S|KEGIB|40350000|70420000| |IF|0|0|0|0|0|0|1|12000|0|0|0|0|0
S|AFSID|40251672|70045961| |TF|0|0|0|0|0|0|1|5250|0|0|0|0|0

P|PF1E|08|PF|0|2
S|PF|40060556|68945556| |IF|0|0|0|0|0|0|1|11000|0|0|0|0|0
S|OZMUD|40178139|69345053| |TF|0|0|0|0|0|0|1|5910|0|0|0|0|0

P|PF1N|26|PF|0|4
S|PF|40060556|68945556| |IF|0|0|0|0|0|0|1|11000|0|0|0|0|0
S|RUXAD|40174667|69578833| |TF|0|0|0|0|0|0|0|0|0|0|0|0|0
S|RASPI|40302667|69744361| |TF|0|0|0|0|0|0|0|0|0|0|0|0|0
S|UBUDA|40322758|69918925| |TF|0|0|0|0|0|180|1|5250|0|0|0|0|0

