P|ACRI1N|35|OKTAB|0|3
S|OKTAB|38181667|68893333| |IF|0|0|0|0|0|0|1|14000|0|0|0|0|0
S|ACRIS|37897361|68695472| |TF|0|0|0|0|0|0|0|0|0|0|0|0|0
S|RUNAV|37635364|68779719| |TF|0|0|0|0|0|0|1|6070|0|0|0|0|0

P|ACRI1P|35|LIVDI|0|3
S|LIVDI|38159444|68610556| |IF|0|0|0|0|0|0|1|13000|0|0|0|0|0
S|ACRIS|37897361|68695472| |TF|0|0|0|0|0|0|1|6890|0|0|0|0|0
S|RUNAV|37635364|68779719| |TF|0|0|0|0|0|0|1|6070|0|0|0|0|0

P|PINA1N|35|PINAX|0|2
S|PINAX|37250000|69100000| |IF|0|0|0|0|0|0|1|14000|0|0|0|0|0
S|CENFU|37548583|68938067| |TF|0|0|0|0|0|0|1|6070|0|0|0|0|0

P|SAMB1N|35|NITNI|0|4
S|NITNI|38015000|68301667| |IF|0|0|0|0|0|0|0|0|0|0|0|0|0
S|SAMBA|38011667|68310000| |TF|0|0|0|0|0|0|1|13000|0|0|0|0|0
S|ADLOK|37779694|68600417| |TF|0|0|0|0|0|0|1|8370|0|0|0|0|0
S|RUNAV|37635364|68779719| |TF|0|0|0|0|0|0|1|6070|0|0|0|0|0

