P|OLAT1C|11|OLATU|0|2
S|OLATU|56996389|40323333| |IF|0|0|0|0|0|0|1|7000|0|0|0|0|0
S|A|56953222|40899639| |TF|0|0|0|0|0|0|1|4000|0|0|0|0|0

P|OLAT1D|29|OLATU|0|2
S|OLATU|56996389|40323333| |IF|0|0|0|0|0|0|1|7000|0|0|0|0|0
S|D|56931222|40965972| |TF|0|0|0|0|0|0|1|4000|0|0|0|0|0

P|ROKU1C|11|ROKUR|0|2
S|ROKUR|56618056|41103889| |IF|0|0|0|0|0|0|1|7000|0|0|0|0|0
S|A|56953222|40899639| |TF|0|0|0|0|0|0|1|4000|0|0|0|0|0

P|ROKU1D|29|ROKUR|0|2
S|ROKUR|56618056|41103889| |IF|0|0|0|0|0|0|1|7000|0|0|0|0|0
S|D|56931222|40965972| |TF|0|0|0|0|0|0|1|4000|0|0|0|0|0

