P|OSPE1F|15|OSPER|0|2
S|OSPER|53439167|38918333| |IF|0|0|0|0|0|0|1|7000|0|0|0|0|0
S|D|52720944|39527083| |TF|0|0|0|0|0|0|1|2900|0|0|0|0|0

P|OSPE1G|33|OSPER|0|2
S|OSPER|53439167|38918333| |IF|0|0|0|0|0|0|1|7000|0|0|0|0|0
S|I|52686333|39547944| |TF|0|0|0|0|0|0|1|2900|0|0|0|0|0

P|OSPE1H|15|OSPER|0|3
S|OSPER|53439167|38918333| |IF|0|0|0|0|0|0|1|7000|0|0|0|0|0
S|OL018|53180861|39321056| |TF|0|0|0|0|0|0|0|0|0|0|0|0|0
S|OL001|52871444|39436556| |TF|0|0|0|0|0|0|1|2900|0|0|0|0|0

P|OSPE1J|33|OSPER|0|4
S|OSPER|53439167|38918333| |IF|0|0|0|0|0|0|1|7000|0|0|0|0|0
S|OL018|53180861|39321056| |TF|0|0|0|0|0|0|0|0|0|0|0|0|0
S|OL013|52653361|39741917| |TF|0|0|0|0|0|0|0|0|0|0|0|0|0
S|OL012|52568889|39792278| |TF|0|0|0|0|0|0|1|2900|0|0|0|0|0

P|RATG1F|15|RATGA|0|2
S|RATGA|51975000|40096111| |IF|0|0|0|0|0|0|1|7000|0|0|0|0|0
S|D|52720944|39527083| |TF|0|0|0|0|0|0|1|2900|0|0|0|0|0

P|RATG1G|33|RATGA|0|2
S|RATGA|51975000|40096111| |IF|0|0|0|0|0|0|1|7000|0|0|0|0|0
S|I|52686333|39547944| |TF|0|0|0|0|0|0|1|2900|0|0|0|0|0

P|RATG1H|15|RATGA|0|4
S|RATGA|51975000|40096111| |IF|0|0|0|0|0|0|1|7000|0|0|0|0|0
S|OL020|52332083|39802806| |TF|0|0|0|0|0|0|0|0|0|0|0|0|0
S|OL004|52821000|39642361| |TF|0|0|0|0|0|0|0|0|0|0|0|0|0
S|OL003|52905444|39591667| |TF|0|0|0|0|0|0|1|2900|0|0|0|0|0

P|RATG1J|33|RATGA|0|3
S|RATGA|51975000|40096111| |IF|0|0|0|0|0|0|1|7000|0|0|0|0|0
S|OL020|52332083|39802806| |TF|0|0|0|0|0|0|0|0|0|0|0|0|0
S|OL010|52534861|39638444| |TF|0|0|0|0|0|0|1|2900|0|0|0|0|0

P|UROB1Q|15|UROBI|0|2
S|UROBI|52486667|39139444| |IF|0|0|0|0|0|0|1|7000|0|0|0|0|0
S|D|52720944|39527083| |TF|0|0|0|0|0|0|1|2900|0|0|0|0|0

P|UROB1R|33|UROBI|0|2
S|UROBI|52486667|39139444| |IF|0|0|0|0|0|0|1|7000|0|0|0|0|0
S|I|52686333|39547944| |TF|0|0|0|0|0|0|1|2900|0|0|0|0|0

P|UROB1S|15|UROBI|0|2
S|UROBI|52486667|39139444| |IF|0|0|0|0|0|0|1|7000|0|0|0|0|0
S|OL002|52837222|39281778| |TF|0|0|0|0|0|0|1|2900|0|0|0|0|0

P|UROB1T|33|UROBI|0|2
S|UROBI|52486667|39139444| |IF|0|0|0|0|0|0|1|7000|0|0|0|0|0
S|OL011|52500667|39484861| |TF|0|0|0|0|0|0|1|2900|0|0|0|0|0

