P|BAMI1H|ALL|BAMIG|0|2
S|BAMIG|53495556|45127222| |IF|0|0|0|0|0|0|1|7000|0|0|0|0|0
S|PNZ|53113861|45017667| |TF|0|0|0|0|0|0|1|4000|0|0|0|0|0

P|BAMI1K|10|BAMIG|0|2
S|BAMIG|53495556|45127222| |IF|0|0|0|0|0|0|1|7000|0|0|0|0|0
S|RN|53129861|44956250| |TF|0|0|0|0|0|0|1|4000|0|0|0|0|0

P|BAMI1M|10|BAMIG|0|2
S|BAMIG|53495556|45127222| |IF|0|0|0|0|0|0|1|7000|0|0|0|0|0
S|PP511|53278911|44826772| |TF|0|0|0|0|0|0|1|2100|0|0|0|0|0

P|BAMI1N|28|BAMIG|0|4
S|BAMIG|53495556|45127222| |IF|0|0|0|0|0|0|1|7000|0|0|0|0|0
S|PP829|53136128|45106167| |TF|0|0|0|0|0|0|1|5000|0|0|0|0|0
S|PP629|52976864|45096653| |TF|0|0|0|0|0|0|0|0|0|0|0|0|0
S|PP529|52938953|45224889| |TF|0|0|0|0|0|240|1|2300|0|0|0|0|0

P|BAMI1R|10|BAMIG|0|2
S|BAMIG|53495556|45127222| |IF|0|0|0|0|0|0|1|7000|0|0|0|0|0
S|R|53118778|44993833| |TF|0|0|0|0|0|0|1|4000|0|0|0|0|0

P|BAMI1S|28|BAMIG|0|2
S|BAMIG|53495556|45127222| |IF|0|0|0|0|0|0|1|7000|0|0|0|0|0
S|WH|53088111|45097528| |TF|0|0|0|0|0|0|1|4000|0|0|0|0|0

P|BAMI1T|28|BAMIG|0|2
S|BAMIG|53495556|45127222| |IF|0|0|0|0|0|0|1|7000|0|0|0|0|0
S|W|53099583|45058667| |TF|0|0|0|0|0|0|1|4000|0|0|0|0|0

P|IBSO1H|ALL|IBSOM|0|2
S|IBSOM|52779167|44934167| |IF|0|0|0|0|0|0|1|7000|0|0|0|0|0
S|PNZ|53113861|45017667| |TF|0|0|0|0|0|0|3|4000|2500|0|0|0|0

P|IBSO1K|10|IBSOM|0|2
S|IBSOM|52779167|44934167| |IF|0|0|0|0|0|0|1|7000|0|0|0|0|0
S|RN|53129861|44956250| |TF|0|0|0|0|0|0|3|4000|2500|0|0|0|0

P|IBSO1M|10|IBSOM|0|2
S|IBSOM|52779167|44934167| |IF|0|0|0|0|0|0|1|7000|0|0|0|0|0
S|PP711|53099425|44681022| |TF|0|0|0|0|0|0|1|2100|0|0|0|0|0

P|IBSO1N|28|IBSOM|0|2
S|IBSOM|52779167|44934167| |IF|0|0|0|0|0|0|1|7000|0|0|0|0|0
S|PP529|52938953|45224889| |TF|0|0|0|0|0|0|1|2300|0|0|0|0|0

P|IBSO1R|10|IBSOM|0|2
S|IBSOM|52779167|44934167| |IF|0|0|0|0|0|0|1|7000|0|0|0|0|0
S|R|53118778|44993833| |TF|0|0|0|0|0|0|3|4000|2500|0|0|0|0

P|IBSO1S|28|IBSOM|0|2
S|IBSOM|52779167|44934167| |IF|0|0|0|0|0|0|1|7000|0|0|0|0|0
S|WH|53088111|45097528| |TF|0|0|0|0|0|0|3|4000|2500|0|0|0|0

P|IBSO1T|28|IBSOM|0|2
S|IBSOM|52779167|44934167| |IF|0|0|0|0|0|0|1|7000|0|0|0|0|0
S|W|53099583|45058667| |TF|0|0|0|0|0|0|3|4000|2500|0|0|0|0

P|INPI1H|ALL|INPIT|0|2
S|INPIT|52848889|44590278| |IF|0|0|0|0|0|0|1|7000|0|0|0|0|0
S|PNZ|53113861|45017667| |TF|0|0|0|0|0|0|3|4000|2500|0|0|0|0

P|INPI1K|10|INPIT|0|2
S|INPIT|52848889|44590278| |IF|0|0|0|0|0|0|1|7000|0|0|0|0|0
S|RN|53129861|44956250| |TF|0|0|0|0|0|0|3|4000|2500|0|0|0|0

P|INPI1M|10|INPIT|0|2
S|INPIT|52848889|44590278| |IF|0|0|0|0|0|0|1|7000|0|0|0|0|0
S|PP711|53099425|44681022| |TF|0|0|0|0|0|0|1|2100|0|0|0|0|0

P|INPI1N|28|INPIT|0|2
S|INPIT|52848889|44590278| |IF|0|0|0|0|0|0|1|7000|0|0|0|0|0
S|PP529|52938953|45224889| |TF|0|0|0|0|0|0|1|2300|0|0|0|0|0

P|INPI1R|10|INPIT|0|2
S|INPIT|52848889|44590278| |IF|0|0|0|0|0|0|1|7000|0|0|0|0|0
S|R|53118778|44993833| |TF|0|0|0|0|0|0|3|4000|2500|0|0|0|0

P|INPI1S|28|INPIT|0|2
S|INPIT|52848889|44590278| |IF|0|0|0|0|0|0|1|7000|0|0|0|0|0
S|WH|53088111|45097528| |TF|0|0|0|0|0|0|3|4000|2500|0|0|0|0

P|INPI1T|28|INPIT|0|2
S|INPIT|52848889|44590278| |IF|0|0|0|0|0|0|1|7000|0|0|0|0|0
S|W|53099583|45058667| |TF|0|0|0|0|0|0|3|4000|2500|0|0|0|0

P|NERI1H|ALL|NERIK|0|2
S|NERIK|53368333|44550000| |IF|0|0|0|0|0|0|1|7000|0|0|0|0|0
S|PNZ|53113861|45017667| |TF|0|0|0|0|0|0|3|4000|2500|0|0|0|0

P|NERI1K|10|NERIK|0|2
S|NERIK|53368333|44550000| |IF|0|0|0|0|0|0|1|7000|0|0|0|0|0
S|RN|53129861|44956250| |TF|0|0|0|0|0|0|3|4000|2500|0|0|0|0

P|NERI1M|10|NERIK|0|2
S|NERIK|53368333|44550000| |IF|0|0|0|0|0|0|1|7000|0|0|0|0|0
S|PP611|53232867|44604178| |TF|0|0|0|0|0|0|1|2100|0|0|0|0|0

P|NERI1N|28|NERIK|0|4
S|NERIK|53368333|44550000| |IF|0|0|0|0|0|0|1|7000|0|0|0|0|0
S|PP729|53014672|44968075| |TF|0|0|0|0|0|0|0|0|0|0|0|0|0
S|PP629|52976864|45096653| |TF|0|0|0|0|0|0|0|0|0|0|0|0|0
S|PP529|52938953|45224889| |TF|0|0|0|0|0|240|1|2300|0|0|0|0|0

P|NERI1R|10|NERIK|0|2
S|NERIK|53368333|44550000| |IF|0|0|0|0|0|0|1|7000|0|0|0|0|0
S|R|53118778|44993833| |TF|0|0|0|0|0|0|3|4000|2500|0|0|0|0

P|NERI1S|28|NERIK|0|2
S|NERIK|53368333|44550000| |IF|0|0|0|0|0|0|1|7000|0|0|0|0|0
S|WH|53088111|45097528| |TF|0|0|0|0|0|0|3|4000|2500|0|0|0|0

P|NERI1T|28|NERIK|0|2
S|NERIK|53368333|44550000| |IF|0|0|0|0|0|0|1|7000|0|0|0|0|0
S|W|53099583|45058667| |TF|0|0|0|0|0|0|3|4000|2500|0|0|0|0

P|ORTA1H|ALL|ORTAT|0|2
S|ORTAT|52815833|45495833| |IF|0|0|0|0|0|0|1|7000|0|0|0|0|0
S|PNZ|53113861|45017667| |TF|0|0|0|0|0|0|3|4000|2500|0|0|0|0

P|ORTA1K|10|ORTAT|0|2
S|ORTAT|52815833|45495833| |IF|0|0|0|0|0|0|1|7000|0|0|0|0|0
S|RN|53129861|44956250| |TF|0|0|0|0|0|0|3|4000|2500|0|0|0|0

P|ORTA1M|10|ORTAT|0|2
S|ORTAT|52815833|45495833| |IF|0|0|0|0|0|0|1|7000|0|0|0|0|0
S|PP711|53099425|44681022| |TF|0|0|0|0|0|0|1|2100|0|0|0|0|0

P|ORTA1N|28|ORTAT|0|2
S|ORTAT|52815833|45495833| |IF|0|0|0|0|0|0|1|7000|0|0|0|0|0
S|PP429|52984275|45446381| |TF|0|0|0|0|0|0|1|2300|0|0|0|0|0

P|ORTA1R|10|ORTAT|0|2
S|ORTAT|52815833|45495833| |IF|0|0|0|0|0|0|1|7000|0|0|0|0|0
S|R|53118778|44993833| |TF|0|0|0|0|0|0|3|4000|2500|0|0|0|0

P|ORTA1S|28|ORTAT|0|2
S|ORTAT|52815833|45495833| |IF|0|0|0|0|0|0|1|7000|0|0|0|0|0
S|WH|53088111|45097528| |TF|0|0|0|0|0|0|3|4000|2500|0|0|0|0

P|ORTA1T|28|ORTAT|0|2
S|ORTAT|52815833|45495833| |IF|0|0|0|0|0|0|1|7000|0|0|0|0|0
S|W|53099583|45058667| |TF|0|0|0|0|0|0|3|4000|2500|0|0|0|0

