P|AZRE2Q|31|AZREF|0|3
S|AZREF|42105889|60356222| |IF|0|0|0|0|0|0|1|6000|0|0|0|0|0
S|NU756|41648400|60745200| |TF|0|0|0|0|0|0|1|2500|0|0|0|0|0
S|NU750|41498769|60913392| |TF|0|0|0|0|0|0|1|2300|0|0|0|0|0

P|AZRE2R|31|AZREF|0|2
S|AZREF|42105889|60356222| |IF|0|0|0|0|0|0|1|6000|0|0|0|0|0
S|NU|41545167|60686222| |TF|0|0|0|0|0|0|1|3500|0|0|0|0|0

P|AZRE2S|13|AZREF|0|2
S|AZREF|42105889|60356222| |IF|0|0|0|0|0|0|1|6000|0|0|0|0|0
S|NU754|41830469|60441300| |TF|0|0|0|0|0|0|1|2500|0|0|0|0|0

P|AZRE2T|13|AZREF|0|2
S|AZREF|42105889|60356222| |IF|0|0|0|0|0|0|1|6000|0|0|0|0|0
S|RG|41619583|60601528| |TF|0|0|0|0|0|0|1|3500|0|0|0|0|0

P|DARV2Q|31|DARVA|0|2
S|DARVA|41306761|60427403| |IF|0|0|0|0|0|0|1|6000|0|0|0|0|0
S|NU752|41368864|60711142| |TF|0|0|0|0|0|0|1|2300|0|0|0|0|0

P|DARV2R|31|DARVA|0|2
S|DARVA|41306761|60427403| |IF|0|0|0|0|0|0|1|6000|0|0|0|0|0
S|NU|41545167|60686222| |TF|0|0|0|0|0|0|1|3500|0|0|0|0|0

P|DARV2S|13|DARVA|0|2
S|DARVA|41306761|60427403| |IF|0|0|0|0|0|0|1|6000|0|0|0|0|0
S|NU755|41667908|60370575| |TF|0|0|0|0|0|0|1|2300|0|0|0|0|0

P|DARV2T|13|DARVA|0|2
S|DARVA|41306761|60427403| |IF|0|0|0|0|0|0|1|6000|0|0|0|0|0
S|RG|41619583|60601528| |TF|0|0|0|0|0|0|1|3500|0|0|0|0|0

P|DIKN2Q|31|DIKNA|0|2
S|DIKNA|41643333|61750000| |IF|0|0|0|0|0|0|1|6000|0|0|0|0|0
S|NU751|41408958|60943769| |TF|0|0|0|0|0|0|1|2300|0|0|0|0|0

P|DIKN2R|31|DIKNA|0|2
S|DIKNA|41643333|61750000| |IF|0|0|0|0|0|0|1|6000|0|0|0|0|0
S|NU|41545167|60686222| |TF|0|0|0|0|0|0|1|3500|0|0|0|0|0

P|DIKN2S|13|DIKNA|0|3
S|DIKNA|41643333|61750000| |IF|0|0|0|0|0|0|1|6000|0|0|0|0|0
S|NU759|41741872|61012450| |TF|0|0|0|0|0|0|1|2500|0|0|0|0|0
S|NU753|41798150|60573369| |TF|0|0|0|0|0|0|1|2300|0|0|0|0|0

P|DIKN2T|13|DIKNA|0|2
S|DIKNA|41643333|61750000| |IF|0|0|0|0|0|0|1|6000|0|0|0|0|0
S|RG|41619583|60601528| |TF|0|0|0|0|0|0|1|3500|0|0|0|0|0

P|EVTE2Q|31|EVTEV|0|2
S|EVTEV|41861667|61750000| |IF|0|0|0|0|0|0|1|6000|0|0|0|0|0
S|NU750|41498769|60913392| |TF|0|0|0|0|0|0|1|2300|0|0|0|0|0

P|EVTE2R|31|EVTEV|0|2
S|EVTEV|41861667|61750000| |IF|0|0|0|0|0|0|1|6000|0|0|0|0|0
S|NU|41545167|60686222| |TF|0|0|0|0|0|0|1|3500|0|0|0|0|0

P|EVTE2S|13|EVTEV|0|2
S|EVTEV|41861667|61750000| |IF|0|0|0|0|0|0|1|6000|0|0|0|0|0
S|NU753|41798150|60573369| |TF|0|0|0|0|0|0|1|2300|0|0|0|0|0

P|EVTE2T|13|EVTEV|0|2
S|EVTEV|41861667|61750000| |IF|0|0|0|0|0|0|1|6000|0|0|0|0|0
S|RG|41619583|60601528| |TF|0|0|0|0|0|0|1|3500|0|0|0|0|0

P|MAKI2Q|31|MAKIX|0|3
S|MAKIX|42100000|60788333| |IF|0|0|0|0|0|0|1|6000|0|0|0|0|0
S|NU758|41726647|60866272| |TF|0|0|0|0|0|0|1|2500|0|0|0|0|0
S|NU750|41498769|60913392| |TF|0|0|0|0|0|0|1|2300|0|0|0|0|0

P|MAKI2R|31|MAKIX|0|2
S|MAKIX|42100000|60788333| |IF|0|0|0|0|0|0|1|6000|0|0|0|0|0
S|NU|41545167|60686222| |TF|0|0|0|0|0|0|1|3500|0|0|0|0|0

P|MAKI2S|13|MAKIX|0|3
S|MAKIX|42100000|60788333| |IF|0|0|0|0|0|0|1|6000|0|0|0|0|0
S|NU757|41916475|60657358| |TF|0|0|0|0|0|0|1|2500|0|0|0|0|0
S|NU753|41798150|60573369| |TF|0|0|0|0|0|0|1|2300|0|0|0|0|0

P|MAKI2T|13|MAKIX|0|2
S|MAKIX|42100000|60788333| |IF|0|0|0|0|0|0|1|6000|0|0|0|0|0
S|RG|41619583|60601528| |TF|0|0|0|0|0|0|1|3500|0|0|0|0|0

P|NESV2Q|31|NESVA|0|2
S|NESVA|42043333|61338333| |IF|0|0|0|0|0|0|1|6000|0|0|0|0|0
S|NU750|41498769|60913392| |TF|0|0|0|0|0|0|1|2300|0|0|0|0|0

P|NESV2R|31|NESVA|0|2
S|NESVA|42043333|61338333| |IF|0|0|0|0|0|0|1|6000|0|0|0|0|0
S|NU|41545167|60686222| |TF|0|0|0|0|0|0|1|3500|0|0|0|0|0

P|NESV2S|13|NESVA|0|2
S|NESVA|42043333|61338333| |IF|0|0|0|0|0|0|1|6000|0|0|0|0|0
S|NU753|41798150|60573369| |TF|0|0|0|0|0|0|1|2300|0|0|0|0|0

P|NESV2T|13|NESVA|0|2
S|NESVA|42043333|61338333| |IF|0|0|0|0|0|0|1|6000|0|0|0|0|0
S|RG|41619583|60601528| |TF|0|0|0|0|0|0|1|3500|0|0|0|0|0

P|OTBO2Q|31|OTBOR|0|2
S|OTBOR|41471761|60197394| |IF|0|0|0|0|0|0|1|6000|0|0|0|0|0
S|NU752|41368864|60711142| |TF|0|0|0|0|0|0|1|2300|0|0|0|0|0

P|OTBO2R|31|OTBOR|0|2
S|OTBOR|41471761|60197394| |IF|0|0|0|0|0|0|1|6000|0|0|0|0|0
S|NU|41545167|60686222| |TF|0|0|0|0|0|0|1|3500|0|0|0|0|0

P|OTBO2S|13|OTBOR|0|2
S|OTBOR|41471761|60197394| |IF|0|0|0|0|0|0|1|6000|0|0|0|0|0
S|NU755|41667908|60370575| |TF|0|0|0|0|0|0|1|2300|0|0|0|0|0

P|OTBO2T|13|OTBOR|0|2
S|OTBOR|41471761|60197394| |IF|0|0|0|0|0|0|1|6000|0|0|0|0|0
S|RG|41619583|60601528| |TF|0|0|0|0|0|0|1|3500|0|0|0|0|0

P|SOVO2Q|31|SOVOD|0|2
S|SOVOD|41701767|60110719| |IF|0|0|0|0|0|0|1|6000|0|0|0|0|0
S|NU752|41368864|60711142| |TF|0|0|0|0|0|0|1|2300|0|0|0|0|0

P|SOVO2R|31|SOVOD|0|2
S|SOVOD|41701767|60110719| |IF|0|0|0|0|0|0|1|6000|0|0|0|0|0
S|NU|41545167|60686222| |TF|0|0|0|0|0|0|1|3500|0|0|0|0|0

P|SOVO2S|13|SOVOD|0|2
S|SOVOD|41701767|60110719| |IF|0|0|0|0|0|0|1|6000|0|0|0|0|0
S|NU755|41667908|60370575| |TF|0|0|0|0|0|0|1|2300|0|0|0|0|0

P|SOVO2T|13|SOVOD|0|2
S|SOVOD|41701767|60110719| |IF|0|0|0|0|0|0|1|6000|0|0|0|0|0
S|RG|41619583|60601528| |TF|0|0|0|0|0|0|1|3500|0|0|0|0|0

P|VASI2Q|31|VASIM|0|2
S|VASIM|41260000|61750000| |IF|0|0|0|0|0|0|1|6000|0|0|0|0|0
S|NU751|41408958|60943769| |TF|0|0|0|0|0|0|1|2300|0|0|0|0|0

P|VASI2R|31|VASIM|0|2
S|VASIM|41260000|61750000| |IF|0|0|0|0|0|0|1|6000|0|0|0|0|0
S|NU|41545167|60686222| |TF|0|0|0|0|0|0|1|3500|0|0|0|0|0

P|VASI2S|13|VASIM|0|3
S|VASIM|41260000|61750000| |IF|0|0|0|0|0|0|1|6000|0|0|0|0|0
S|NU756|41648400|60745200| |TF|0|0|0|0|0|0|1|2500|0|0|0|0|0
S|NU753|41798150|60573369| |TF|0|0|0|0|0|0|1|2300|0|0|0|0|0

P|VASI2T|13|VASIM|0|2
S|VASIM|41260000|61750000| |IF|0|0|0|0|0|0|1|6000|0|0|0|0|0
S|RG|41619583|60601528| |TF|0|0|0|0|0|0|1|3500|0|0|0|0|0

