P|ASNO6X|26|TKT|0|6
S|TKT|41254472|69253611| |IF|0|0|0|0|0|0|0|0|0|0|0|0|0
S|ASNOV|41293783|69587936| |TF|0|0|0|0|0|0|1|6000|0|0|0|0|0
S|ASNOV|41293783|69587936| |IF|0|0|0|0|0|0|1|6000|0|0|0|0|0
S|ATMAT|41335556|69615000| |TF|0|0|0|0|0|0|0|6000|0|0|0|0|0
S|TENBU|41391744|69651872| |TF|0|0|0|0|0|0|1|5500|0|0|0|0|0
S|TC203|41491775|69693233| |TF|0|0|0|0|0|0|0|4000|0|0|0|0|0

P|ASNO6Y|08|TKT|0|8
S|TKT|41254472|69253611| |IF|0|0|0|0|0|0|0|0|0|0|0|0|0
S|ASNOV|41293783|69587936| |TF|0|0|0|0|0|0|1|6000|0|0|0|0|0
S|ASNOV|41293783|69587936| |IF|0|0|0|0|0|0|1|6000|0|0|0|0|0
S|ATMAT|41335556|69615000| |TF|0|0|0|0|0|0|0|6000|0|0|0|0|0
S|TENBU|41391744|69651872| |TF|0|0|0|0|0|0|1|5500|0|0|0|0|0
S|TC306|41454547|69677825| |TF|0|0|0|0|0|0|1|5000|0|0|0|0|0
S|TC302|41485192|69642953| |TF|0|0|0|0|0|0|1|4000|0|0|0|0|0
S|TC303|41464975|69489267| |TF|0|0|0|0|0|0|0|4000|0|0|0|0|0

P|ASNO6Z|08|TKT|0|7
S|TKT|41254472|69253611| |IF|0|0|0|0|0|0|0|0|0|0|0|0|0
S|ASNOV|41293783|69587936| |TF|0|0|0|0|0|0|1|6000|0|0|0|0|0
S|ASNOV|41293783|69587936| |IF|0|0|0|0|0|0|1|6000|0|0|0|0|0
S|ATMAT|41335556|69615000| |TF|0|0|0|0|0|0|0|6000|0|0|0|0|0
S|TENBU|41391744|69651872| |TF|0|0|0|0|0|0|1|5500|0|0|0|0|0
S|LIZPE|41458642|69679519| |TF|0|0|0|0|0|0|1|5000|0|1|0|0|0
S|OMBUF|41468061|69511883|SMK|CF|1|25500|5430|17070|500|0|0|4000|0|0|0|0|0

P|DODU6X|26|DODUR|0|5
S|DODUR|41383333|68800000| |IF|0|0|0|0|0|0|1|8000|0|0|0|0|0
S|UKFEK|41409817|69165422| |TF|0|0|0|0|0|0|1|6000|0|0|0|0|0
S|MASUS|41431667|69468333| |TF|0|0|0|0|0|0|1|4000|0|0|0|0|0
S|TC202|41469878|69526411| |TF|0|0|0|0|0|0|1|4000|0|0|0|0|0
S|TC203|41491775|69693233| |TF|0|0|0|0|0|0|0|4000|0|0|0|0|0

P|DODU6Y|08|DODUR|0|4
S|DODUR|41383333|68800000| |IF|0|0|0|0|0|0|1|8000|0|0|0|0|0
S|UKFEK|41409817|69165422| |TF|0|0|0|0|0|0|1|6000|0|0|0|0|0
S|MASUS|41431667|69468333| |TF|0|0|0|0|0|0|1|4000|0|0|0|0|0
S|TC303|41464975|69489267| |TF|0|0|0|0|0|0|0|4000|0|0|0|0|0

P|DODU6Z|08|DODUR|0|3
S|DODUR|41383333|68800000| |IF|0|0|0|0|0|0|1|8000|0|0|0|0|0
S|UKFEK|41409817|69165422| |TF|0|0|0|0|0|0|1|6000|0|0|0|0|0
S|MASUS|41431667|69468333| |TF|0|0|0|0|0|0|0|4000|0|0|0|0|0

P|SR6X|26|SR|0|6
S|SR|41184667|69222833| |IF|0|0|0|0|0|0|1|6000|0|0|0|0|0
S|UTAGA|41205000|69530000| |TF|0|0|0|0|0|0|1|6000|0|0|0|0|0
S|ASNOV|41293783|69587936| |TF|0|0|0|0|0|0|1|6000|0|0|0|0|0
S|ATMAT|41335556|69615000| |TF|0|0|0|0|0|0|0|6000|0|0|0|0|0
S|TENBU|41391744|69651872| |TF|0|0|0|0|0|0|1|5500|0|0|0|0|0
S|TC203|41491775|69693233| |TF|0|0|0|0|0|0|0|4000|0|0|0|0|0

P|SR6Y|08|SR|0|8
S|SR|41184667|69222833| |IF|0|0|0|0|0|0|1|6000|0|0|0|0|0
S|UTAGA|41205000|69530000| |TF|0|0|0|0|0|0|1|6000|0|0|0|0|0
S|ASNOV|41293783|69587936| |TF|0|0|0|0|0|0|1|6000|0|0|0|0|0
S|ATMAT|41335556|69615000| |TF|0|0|0|0|0|0|0|6000|0|0|0|0|0
S|TENBU|41391744|69651872| |TF|0|0|0|0|0|0|1|5500|0|0|0|0|0
S|TC306|41454547|69677825| |TF|0|0|0|0|0|0|1|5000|0|0|0|0|0
S|TC302|41485192|69642953| |TF|0|0|0|0|0|0|1|4000|0|0|0|0|0
S|TC303|41464975|69489267| |TF|0|0|0|0|0|0|0|4000|0|0|0|0|0

P|SR6Z|08|SR|0|7
S|SR|41184667|69222833| |IF|0|0|0|0|0|0|1|6000|0|0|0|0|0
S|UTAGA|41205000|69530000| |TF|0|0|0|0|0|0|1|6000|0|0|0|0|0
S|ASNOV|41293783|69587936| |TF|0|0|0|0|0|0|1|6000|0|0|0|0|0
S|ATMAT|41335556|69615000| |TF|0|0|0|0|0|0|0|6000|0|0|0|0|0
S|TENBU|41391744|69651872| |TF|0|0|0|0|0|0|1|5500|0|0|0|0|0
S|LIZPE|41458642|69679519| |TF|0|0|0|0|0|0|1|5000|0|1|0|0|0
S|OMBUF|41468061|69511883|SMK|CF|1|25500|5430|17070|500|0|0|4000|0|0|0|0|0

P|TISI6X|26|TISIB|0|8
S|TISIB|41098333|70241667| |IF|0|0|0|0|0|0|1|16000|0|0|0|0|0
S|ALOXA|41022650|69713458| |TF|0|0|0|0|0|0|1|12000|0|0|0|0|0
S|RORSU|41005258|69594561| |TF|0|0|0|0|0|0|1|8000|0|0|0|0|0
S|UTAGA|41205000|69530000| |TF|0|0|0|0|0|0|1|6000|0|0|0|0|0
S|ASNOV|41293783|69587936| |TF|0|0|0|0|0|0|1|6000|0|0|0|0|0
S|ATMAT|41335556|69615000| |TF|0|0|0|0|0|0|0|6000|0|0|0|0|0
S|TENBU|41391744|69651872| |TF|0|0|0|0|0|0|1|5500|0|0|0|0|0
S|TC203|41491775|69693233| |TF|0|0|0|0|0|0|0|4000|0|0|0|0|0

P|TISI6Y|08|TISIB|0|10
S|TISIB|41098333|70241667| |IF|0|0|0|0|0|0|1|16000|0|0|0|0|0
S|ALOXA|41022650|69713458| |TF|0|0|0|0|0|0|1|12000|0|0|0|0|0
S|RORSU|41005258|69594561| |TF|0|0|0|0|0|0|1|8000|0|0|0|0|0
S|UTAGA|41205000|69530000| |TF|0|0|0|0|0|0|1|6000|0|0|0|0|0
S|ASNOV|41293783|69587936| |TF|0|0|0|0|0|0|1|6000|0|0|0|0|0
S|ATMAT|41335556|69615000| |TF|0|0|0|0|0|0|0|6000|0|0|0|0|0
S|TENBU|41391744|69651872| |TF|0|0|0|0|0|0|1|5500|0|0|0|0|0
S|TC306|41454547|69677825| |TF|0|0|0|0|0|0|1|5000|0|0|0|0|0
S|TC302|41485192|69642953| |TF|0|0|0|0|0|0|1|4000|0|0|0|0|0
S|TC303|41464975|69489267| |TF|0|0|0|0|0|0|0|4000|0|0|0|0|0

P|TISI6Z|08|TISIB|0|9
S|TISIB|41098333|70241667| |IF|0|0|0|0|0|0|1|16000|0|0|0|0|0
S|ALOXA|41022650|69713458| |TF|0|0|0|0|0|0|1|12000|0|0|0|0|0
S|RORSU|41005258|69594561| |TF|0|0|0|0|0|0|1|8000|0|0|0|0|0
S|UTAGA|41205000|69530000| |TF|0|0|0|0|0|0|1|6000|0|0|0|0|0
S|ASNOV|41293783|69587936| |TF|0|0|0|0|0|0|1|6000|0|0|0|0|0
S|ATMAT|41335556|69615000| |TF|0|0|0|0|0|0|0|6000|0|0|0|0|0
S|TENBU|41391744|69651872| |TF|0|0|0|0|0|0|1|5500|0|0|0|0|0
S|LIZPE|41458642|69679519| |TF|0|0|0|0|0|0|1|5000|0|1|0|0|0
S|OMBUF|41468061|69511883|SMK|CF|1|25500|5430|17070|500|0|0|4000|0|0|0|0|0

P|USOL6X|26|USOLO|0|6
S|USOLO|40975000|69386667| |IF|0|0|0|0|0|0|1|8000|0|0|0|0|0
S|UTAGA|41205000|69530000| |TF|0|0|0|0|0|0|1|6000|0|0|0|0|0
S|ASNOV|41293783|69587936| |TF|0|0|0|0|0|0|1|6000|0|0|0|0|0
S|ATMAT|41335556|69615000| |TF|0|0|0|0|0|0|0|6000|0|0|0|0|0
S|TENBU|41391744|69651872| |TF|0|0|0|0|0|0|1|5500|0|0|0|0|0
S|TC203|41491775|69693233| |TF|0|0|0|0|0|0|0|4000|0|0|0|0|0

P|USOL6Y|08|USOLO|0|8
S|USOLO|40975000|69386667| |IF|0|0|0|0|0|0|1|8000|0|0|0|0|0
S|UTAGA|41205000|69530000| |TF|0|0|0|0|0|0|1|6000|0|0|0|0|0
S|ASNOV|41293783|69587936| |TF|0|0|0|0|0|0|1|6000|0|0|0|0|0
S|ATMAT|41335556|69615000| |TF|0|0|0|0|0|0|0|6000|0|0|0|0|0
S|TENBU|41391744|69651872| |TF|0|0|0|0|0|0|1|5500|0|0|0|0|0
S|TC306|41454547|69677825| |TF|0|0|0|0|0|0|1|5000|0|0|0|0|0
S|TC302|41485192|69642953| |TF|0|0|0|0|0|0|1|4000|0|0|0|0|0
S|TC303|41464975|69489267| |TF|0|0|0|0|0|0|0|4000|0|0|0|0|0

P|USOL6Z|08|USOLO|0|7
S|USOLO|40975000|69386667| |IF|0|0|0|0|0|0|1|8000|0|0|0|0|0
S|UTAGA|41205000|69530000| |TF|0|0|0|0|0|0|1|6000|0|0|0|0|0
S|ASNOV|41293783|69587936| |TF|0|0|0|0|0|0|1|6000|0|0|0|0|0
S|ATMAT|41335556|69615000| |TF|0|0|0|0|0|0|0|6000|0|0|0|0|0
S|TENBU|41391744|69651872| |TF|0|0|0|0|0|0|1|5500|0|0|0|0|0
S|LIZPE|41458642|69679519| |TF|0|0|0|0|0|0|1|5000|0|1|0|0|0
S|OMBUF|41468061|69511883|SMK|CF|1|25500|5430|17070|500|0|0|4000|0|0|0|0|0

