P|BAMG2K|08|BAMGU|0|5
S|BAMGU|40574778|68765667| |IF|0|0|0|0|0|0|1|15000|0|0|0|0|0
S|D206X|40968261|69084072| |TF|0|0|0|0|0|0|1|9000|0|0|0|0|0
S| |91000000|181000000| |CI|0|2600|0|0|0|0|0|0|0|0|0|0|0
S|D242V|41171894|68911883|TVS|AF|2|20600|2200|24230|0|0|1|6000|0|0|0|0|0
S|D253R|41249847|68968250| |TF|0|0|0|0|0|0|1|6000|0|0|0|0|0

P|BAMG2L|26|BAMGU|0|4
S|BAMGU|40574778|68765667| |IF|0|0|0|0|0|0|1|15000|0|0|0|0|0
S|D206N|41110086|69199947| |TF|0|0|0|0|0|0|1|10000|0|0|0|0|0
S| |91000000|181000000| |CI|0|2600|0|0|0|0|0|0|0|0|0|0|0
S|D143L|41136789|69499261|TVS|AF|1|20600|1200|14300|0|0|1|6000|0|0|0|0|0

P|BAMG2M|08|BAMGU|0|4
S|BAMGU|40574778|68765667| |IF|0|0|0|0|0|0|1|13000|0|0|0|0|0
S|ERWET|40923706|69010336| |TF|0|0|0|0|0|0|1|7000|0|0|0|0|0
S|TT223|41006194|68994250| |TF|0|0|0|0|0|0|1|7000|0|0|0|0|0
S|TP203|41200342|69067256| |TF|0|0|0|0|0|0|1|6000|0|0|0|0|0

P|BAMU2K|08|BAMUT|0|5
S|BAMUT|41855833|69412500| |IF|0|0|0|0|0|0|1|15000|0|0|0|0|0
S|D358X|41707725|69399025| |TF|0|0|0|0|0|0|1|12000|0|0|0|0|0
S| |91000000|181000000| |CI|0|17800|0|0|0|0|0|0|0|0|0|0|0
S|D263V|41301889|68876564|TVS|AF|1|35800|2200|26310|0|0|1|6000|0|0|0|0|0
S|D253R|41249847|68968250| |TF|0|0|0|0|0|0|1|6000|0|0|0|0|0

P|BAMU2L|26|BAMUT|0|4
S|BAMUT|41855833|69412500| |IF|0|0|0|0|0|0|1|22000|0|0|0|0|0
S|D358N|41541358|69383964| |TF|0|0|0|0|0|0|1|19000|0|0|0|0|0
S| |91000000|181000000| |CI|0|17800|0|0|0|0|0|0|0|0|0|0|0
S|D143L|41136789|69499261|TVS|AF|1|35800|1200|14300|0|0|1|6000|0|0|0|0|0

P|DIBA2K|08|DIBAD|0|3
S|DIBAD|41283333|67933333| |IF|0|0|0|0|0|0|1|16000|0|0|0|0|0
S|D263V|41301889|68876564| |TF|0|0|0|0|0|0|1|6000|0|0|0|0|0
S|D253R|41249847|68968250| |TF|0|0|0|0|0|0|1|6000|0|0|0|0|0

P|DIBA2L|26|DIBAD|0|4
S|DIBAD|41283333|67933333| |IF|0|0|0|0|0|0|1|22000|0|0|0|0|0
S|D263N|41304506|69053442| |TF|0|0|0|0|0|0|1|14000|0|0|0|0|0
S| |91000000|181000000| |CI|0|8300|0|0|0|0|0|0|0|0|0|0|0
S|D143L|41136789|69499261|TVS|AF|1|26300|1200|14300|0|0|1|6000|0|0|0|0|0

P|DIBA2N|26|DIBAD|0|6
S|DIBAD|41283333|67933333| |IF|0|0|0|0|0|0|1|21000|0|0|0|0|0
S|TT231|41371489|68789311| |TF|0|0|0|0|0|0|1|11000|0|0|0|0|0
S|MEWOW|41288050|68862564| |TF|0|0|0|0|0|0|1|9000|0|0|0|0|0
S|TP305|41378319|69131600| |TF|0|0|0|0|0|0|1|6000|0|0|0|0|0
S|TP304|41452439|69354492| |TF|0|0|0|0|0|0|1|5000|0|0|0|0|0
S|TP303|41480972|69617806| |TF|0|0|0|0|0|0|1|4000|0|0|0|0|0

P|DIBA2T|26|DIBAD|0|7
S|DIBAD|41283333|67933333| |IF|0|0|0|0|0|0|1|21000|0|0|0|0|0
S|TT231|41371489|68789311| |TF|0|0|0|0|0|0|1|11000|0|0|0|0|0
S|MEWOW|41288050|68862564| |TF|0|0|0|0|0|0|0|0|0|0|0|0|0
S|TT225|41135131|69102797| |TF|0|0|0|0|0|0|1|8000|0|0|0|0|0
S|TT226|41150025|69233681| |TF|0|0|0|0|0|0|0|0|0|0|0|0|0
S|KATXI|41169414|69406100| |TF|0|0|0|0|0|0|0|0|0|0|0|0|0
S|RUDWU|41183481|69532750| |TF|0|0|0|0|0|0|1|4000|0|0|0|0|0

P|DIBA2W|08|DIBAD|0|7
S|DIBAD|41283333|67933333| |IF|0|0|0|0|0|0|3|16000|12000|0|0|0|0
S|TT234|41156358|68397119| |TF|0|0|0|0|0|0|1|8000|0|0|0|0|0
S|TT206|41181972|68615186| |TF|0|0|0|0|0|230|0|6000|0|0|0|0|0
S|TT207|41087000|68656836| |TF|0|0|0|0|0|230|0|6000|0|0|0|0|0
S|TT208|41007608|68737281| |TF|0|0|0|0|0|230|0|6000|0|0|0|0|0
S|TT209|40952550|68847528| |TF|0|0|0|0|0|230|0|6000|0|0|0|0|0
S|FIDFI|41224950|68989300| |TF|1|0|0|0|0|0|1|4000|0|0|0|0|0

P|DILR2K|08|DILRO|0|6
S|DILRO|40408333|69276667| |IF|0|0|0|0|0|0|1|15000|0|0|0|0|0
S|TT245|40538700|69169786| |TF|0|0|0|0|0|0|1|15000|0|0|0|0|0
S|D185X|40915303|69263750| |TF|0|0|0|0|0|0|1|11000|0|0|0|0|0
S| |91000000|181000000| |CI|0|500|0|0|0|0|0|0|0|0|0|0|0
S|D242V|41171894|68911883|TVS|AF|2|18500|2200|24230|0|0|1|6000|0|0|0|0|0
S|D253R|41249847|68968250| |TF|0|0|0|0|0|0|1|6000|0|0|0|0|0

P|DILR2L|26|DILRO|0|5
S|DILRO|40408333|69276667| |IF|0|0|0|0|0|0|1|16000|0|0|0|0|0
S|TT245|40538700|69169786| |TF|0|0|0|0|0|0|1|15000|0|0|0|0|0
S|D185N|41079122|69304964| |TF|0|0|0|0|0|0|1|8000|0|0|0|0|0
S| |91000000|181000000| |CI|0|500|0|0|0|0|0|0|0|0|0|0|0
S|D143L|41136789|69499261|TVS|AF|1|18500|1200|14300|0|0|1|6000|0|0|0|0|0

P|DOSO2N|26|DOSOR|0|8
S|DOSOR|41950556|69206944| |IF|0|0|0|0|0|0|1|25000|0|0|0|0|0
S|TT228|41621517|68568428| |TF|0|0|0|0|0|0|1|15000|0|0|0|0|0
S|TT230|41454881|68715872| |TF|1|0|0|0|0|0|0|0|0|0|0|0|0
S|TT231|41371489|68789311| |TF|0|0|0|0|0|0|1|11000|0|0|0|0|0
S|MEWOW|41288050|68862564| |TF|0|0|0|0|0|0|1|9000|0|0|0|0|0
S|TP305|41378319|69131600| |TF|0|0|0|0|0|0|1|6000|0|0|0|0|0
S|TP304|41452439|69354492| |TF|0|0|0|0|0|0|1|5000|0|0|0|0|0
S|TP303|41480972|69617806| |TF|0|0|0|0|0|0|1|4000|0|0|0|0|0

P|DOSO2T|26|DOSOR|0|9
S|DOSOR|41950556|69206944| |IF|0|0|0|0|0|0|1|25000|0|0|0|0|0
S|TT228|41621517|68568428| |TF|0|0|0|0|0|0|1|15000|0|0|0|0|0
S|TT230|41454881|68715872| |TF|0|0|0|0|0|0|0|0|0|0|0|0|0
S|TT231|41371489|68789311| |TF|0|0|0|0|0|0|1|11000|0|0|0|0|0
S|MEWOW|41288050|68862564| |TF|0|0|0|0|0|0|0|0|0|0|0|0|0
S|TT225|41135131|69102797| |TF|0|0|0|0|0|0|1|8000|0|0|0|0|0
S|TT226|41150025|69233681| |TF|0|0|0|0|0|0|0|0|0|0|0|0|0
S|KATXI|41169414|69406100| |TF|0|0|0|0|0|0|0|0|0|0|0|0|0
S|RUDWU|41183481|69532750| |TF|0|0|0|0|0|0|1|4000|0|0|0|0|0

P|DOSO2W|08|DOSOR|0|11
S|DOSOR|41950556|69206944| |IF|0|0|0|0|0|0|1|13000|0|0|0|0|0
S|TT201|41526889|68990272| |TF|0|0|0|0|0|230|0|6000|0|0|0|0|0
S|TT202|41505725|68860167| |TF|0|0|0|0|0|230|0|6000|0|0|0|0|0
S|TT203|41453478|68746706| |TF|0|0|0|0|0|230|0|6000|0|0|0|0|0
S|TT204|41376017|68662586| |TF|0|0|0|0|0|230|0|6000|0|0|0|0|0
S|TT205|41282017|68617111| |TF|0|0|0|0|0|0|0|6000|0|0|0|0|0
S|TT206|41181972|68615186| |TF|0|0|0|0|0|230|0|6000|0|0|0|0|0
S|TT207|41087000|68656836| |TF|0|0|0|0|0|230|0|6000|0|0|0|0|0
S|TT208|41007608|68737281| |TF|0|0|0|0|0|230|0|6000|0|0|0|0|0
S|TT209|40952550|68847528| |TF|0|0|0|0|0|230|0|6000|0|0|0|0|0
S|FIDFI|41224950|68989300| |TF|1|0|0|0|0|0|1|4000|0|0|0|0|0

P|ELMA2K|08|ELMAL|0|5
S|ELMAL|40705000|69838333| |IF|0|0|0|0|0|0|1|16000|0|0|0|0|0
S|D143X|40964978|69634806| |TF|0|0|0|0|0|0|1|15000|0|0|0|0|0
S| |91000000|181000000| |CI|0|32300|0|0|0|0|0|0|0|0|0|0|0
S|D242V|41171894|68911883|TVS|AF|2|14300|2200|24230|0|0|1|6000|0|0|0|0|0
S|D253R|41249847|68968250| |TF|0|0|0|0|0|0|1|6000|0|0|0|0|0

P|ELMA2L|26|ELMAL|0|3
S|ELMAL|40705000|69838333| |IF|0|0|0|0|0|0|1|14000|0|0|0|0|0
S|D143V|40993625|69612264| |TF|0|0|0|0|0|0|1|10000|0|0|0|0|0
S|D143L|41136789|69499261| |TF|0|0|0|0|0|0|1|6000|0|0|0|0|0

P|KUFI2K|08|KUFIM|0|5
S|KUFIM|40810056|68682194| |IF|0|0|0|0|0|0|1|12000|0|0|0|0|0
S|D220X|41030692|68981647| |TF|0|0|0|0|0|0|1|8000|0|0|0|0|0
S| |91000000|181000000| |CI|0|4000|0|0|0|0|0|0|0|0|0|0|0
S|D242V|41171894|68911883|TVS|AF|2|22000|2200|24230|0|0|1|6000|0|0|0|0|0
S|D253R|41249847|68968250| |TF|0|0|0|0|0|0|1|6000|0|0|0|0|0

P|KUFI2L|26|KUFIM|0|4
S|KUFIM|40810056|68682194| |IF|0|0|0|0|0|0|1|15000|0|0|0|0|0
S|D220N|41146572|69140156| |TF|0|0|0|0|0|0|1|11000|0|0|0|0|0
S| |91000000|181000000| |CI|0|4000|0|0|0|0|0|0|0|0|0|0|0
S|D143L|41136789|69499261|TVS|AF|1|22000|1200|14300|0|0|1|6000|0|0|0|0|0

P|KUFI2N|26|KUFIM|0|5
S|KUFIM|40810056|68682194| |IF|0|0|0|0|0|0|1|16000|0|0|0|0|0
S|ZUGFO|41120086|68971972| |TF|0|0|0|0|0|0|1|9000|0|0|0|0|0
S|TP305|41378319|69131600| |TF|0|0|0|0|0|0|1|6000|0|0|0|0|0
S|TP304|41452439|69354492| |TF|0|0|0|0|0|0|1|5000|0|0|0|0|0
S|TP303|41480972|69617806| |TF|0|0|0|0|0|0|1|4000|0|0|0|0|0

P|KUFI2T|26|KUFIM|0|6
S|KUFIM|40810056|68682194| |IF|0|0|0|0|0|0|1|16000|0|0|0|0|0
S|ZUGFO|41120086|68971972| |TF|0|0|0|0|0|0|1|9000|0|0|0|0|0
S|TT225|41135131|69102797| |TF|0|0|0|0|0|0|1|8000|0|0|0|0|0
S|TT226|41150025|69233681| |TF|0|0|0|0|0|0|0|0|0|0|0|0|0
S|KATXI|41169414|69406100| |TF|0|0|0|0|0|0|0|0|0|0|0|0|0
S|RUDWU|41183481|69532750| |TF|0|0|0|0|0|0|1|4000|0|0|0|0|0

P|KUFI2W|08|KUFIM|0|8
S|KUFIM|40810056|68682194| |IF|0|0|0|0|0|0|3|13000|9000|0|0|0|0
S|TT211|41028928|68844753| |TF|0|0|0|0|0|230|0|7000|0|0|0|0|0
S|TT212|41098731|68750033| |TF|0|0|0|0|0|230|0|7000|0|0|0|0|0
S|TT213|41192103|68702461| |TF|0|0|0|0|0|230|0|7000|0|0|0|0|0
S|TT214|41291953|68710950| |TF|0|0|0|0|0|230|0|7000|0|0|0|0|0
S|TT215|41379928|68774172| |TF|0|0|0|0|0|230|0|7000|0|0|0|0|0
S|TT216|41439800|68880653| |TF|0|0|0|0|0|230|0|7000|0|0|0|0|0
S|FIDFI|41224950|68989300| |TF|2|0|0|0|0|0|1|4000|0|0|0|0|0

P|LEPV2K|08|LEPVO|0|5
S|LEPVO|40798333|70120000| |IF|0|0|0|0|0|0|1|15000|0|0|0|0|0
S|D126X|41042939|69759392| |TF|0|0|0|0|0|0|1|15000|0|0|0|0|0
S| |91000000|181000000| |CI|0|30600|0|0|0|0|0|0|0|0|0|0|0
S|D242V|41171894|68911883|TVS|AF|2|12600|2200|24230|0|0|1|6000|0|0|0|0|0
S|D253R|41249847|68968250| |TF|0|0|0|0|0|0|1|6000|0|0|0|0|0

P|LEPV2L|26|LEPVO|0|5
S|LEPVO|40798333|70120000| |IF|0|0|0|0|0|0|1|15000|0|0|0|0|0
S|D126X|41042939|69759392| |TF|0|0|0|0|0|0|1|15000|0|0|0|0|0
S| |91000000|181000000| |CI|0|30600|0|0|0|0|0|0|0|0|0|0|0
S|D143V|40993625|69612264|TVS|AF|2|12600|2200|14300|0|0|1|10000|0|0|0|0|0
S|D143L|41136789|69499261| |TF|0|0|0|0|0|0|1|6000|0|0|0|0|0

P|LEPV2M|08|LEPVO|0|10
S|LEPVO|40798333|70120000| |IF|0|0|0|0|0|0|1|16000|0|0|0|0|0
S|LELBA|40915000|69795000| |TF|0|0|0|0|0|0|1|13000|0|0|0|0|0
S|TT217|40916747|69669711| |TF|0|0|0|0|0|0|0|0|0|0|0|0|0
S|TT218|40918442|69537819| |TF|0|0|0|0|0|0|1|10000|0|0|0|0|0
S|TT219|40919983|69405925| |TF|0|0|0|0|0|0|0|0|0|0|0|0|0
S|TT220|40921378|69274022| |TF|0|0|0|0|0|0|0|0|0|0|0|0|0
S|TT221|40922617|69142114| |TF|0|0|0|0|0|0|2|9000|0|0|0|0|0
S|ERWET|40923706|69010336| |TF|0|0|0|0|0|0|1|7000|0|0|0|0|0
S|TT223|41006194|68994250| |TF|0|0|0|0|0|0|1|7000|0|0|0|0|0
S|TP203|41200342|69067256| |TF|0|0|0|0|0|0|1|6000|0|0|0|0|0

P|LEPV2N|26|LEPVO|0|13
S|LEPVO|40798333|70120000| |IF|0|0|0|0|0|0|1|16000|0|0|0|0|0
S|LELBA|40915000|69795000| |TF|0|0|0|0|0|0|1|11000|0|0|0|0|0
S|TT217|40916747|69669711| |TF|0|0|0|0|0|0|0|0|0|0|0|0|0
S|TT218|40918442|69537819| |TF|0|0|0|0|0|0|1|10000|0|0|0|0|0
S|TT219|40919983|69405925| |TF|0|0|0|0|0|0|0|0|0|0|0|0|0
S|TT220|40921378|69274022| |TF|0|0|0|0|0|0|0|0|0|0|0|0|0
S|TT221|40922617|69142114| |TF|0|0|0|0|0|0|1|9000|0|0|0|0|0
S|ERWET|40923706|69010336| |TF|0|0|0|0|0|0|0|0|0|0|0|0|0
S|TT223|41006194|68994250| |TF|0|0|0|0|0|0|0|0|0|0|0|0|0
S|ZUGFO|41120086|68971972| |TF|0|0|0|0|0|0|1|9000|0|0|0|0|0
S|TP305|41378319|69131600| |TF|0|0|0|0|0|0|1|6000|0|0|0|0|0
S|TP304|41452439|69354492| |TF|0|0|0|0|0|0|1|5000|0|0|0|0|0
S|TP303|41480972|69617806| |TF|0|0|0|0|0|0|1|4000|0|0|0|0|0

P|LEPV2T|26|LEPVO|0|14
S|LEPVO|40798333|70120000| |IF|0|0|0|0|0|0|1|16000|0|0|0|0|0
S|LELBA|40915000|69795000| |TF|0|0|0|0|0|0|1|11000|0|0|0|0|0
S|TT217|40916747|69669711| |TF|0|0|0|0|0|0|0|0|0|0|0|0|0
S|TT218|40918442|69537819| |TF|0|0|0|0|0|0|1|10000|0|0|0|0|0
S|TT219|40919983|69405925| |TF|0|0|0|0|0|0|0|0|0|0|0|0|0
S|TT220|40921378|69274022| |TF|0|0|0|0|0|0|0|0|0|0|0|0|0
S|TT221|40922617|69142114| |TF|0|0|0|0|0|0|1|9000|0|0|0|0|0
S|ERWET|40923706|69010336| |TF|0|0|0|0|0|0|0|0|0|0|0|0|0
S|TT223|41006194|68994250| |TF|0|0|0|0|0|0|0|0|0|0|0|0|0
S|ZUGFO|41120086|68971972| |TF|0|0|0|0|0|0|0|0|0|0|0|0|0
S|TT225|41135131|69102797| |TF|0|0|0|0|0|0|1|8000|0|0|0|0|0
S|TT226|41150025|69233681| |TF|0|0|0|0|0|0|0|0|0|0|0|0|0
S|KATXI|41169414|69406100| |TF|0|0|0|0|0|0|0|0|0|0|0|0|0
S|RUDWU|41183481|69532750| |TF|0|0|0|0|0|0|1|4000|0|0|0|0|0

P|LEPV2W|08|LEPVO|0|15
S|LEPVO|40798333|70120000| |IF|0|0|0|0|0|0|1|16000|0|0|0|0|0
S|LELBA|40915000|69795000| |TF|0|0|0|0|0|0|1|13000|0|0|0|0|0
S|TT217|40916747|69669711| |TF|0|0|0|0|0|0|0|0|0|0|0|0|0
S|TT218|40918442|69537819| |TF|0|0|0|0|0|0|1|10000|0|0|0|0|0
S|TT219|40919983|69405925| |TF|0|0|0|0|0|0|0|0|0|0|0|0|0
S|TT220|40921378|69274022| |TF|0|0|0|0|0|0|0|0|0|0|0|0|0
S|TT221|40922617|69142114| |TF|0|0|0|0|0|0|2|9000|0|0|0|0|0
S|ERWET|40923706|69010336| |TF|0|0|0|0|0|0|1|7000|0|0|0|0|0
S|TT211|41028928|68844753| |TF|0|0|0|0|0|230|0|7000|0|0|0|0|0
S|TT212|41098731|68750033| |TF|0|0|0|0|0|230|0|7000|0|0|0|0|0
S|TT213|41192103|68702461| |TF|0|0|0|0|0|230|0|7000|0|0|0|0|0
S|TT214|41291953|68710950| |TF|0|0|0|0|0|230|0|7000|0|0|0|0|0
S|TT215|41379928|68774172| |TF|0|0|0|0|0|230|0|7000|0|0|0|0|0
S|TT216|41439800|68880653| |TF|0|0|0|0|0|230|0|7000|0|0|0|0|0
S|FIDFI|41224950|68989300| |TF|2|0|0|0|0|0|1|4000|0|0|0|0|0

P|MIKN2K|08|MIKNO|0|5
S|MIKNO|42033333|68200000| |IF|0|0|0|0|0|0|1|18000|0|0|0|0|0
S|D304X|41565619|68955531| |TF|0|0|0|0|0|0|1|8000|0|0|0|0|0
S| |91000000|181000000| |CI|0|12300|0|0|0|0|0|0|0|0|0|0|0
S|D263V|41301889|68876564|TVS|AF|1|30400|2200|26310|0|0|1|6000|0|0|0|0|0
S|D253R|41249847|68968250| |TF|0|0|0|0|0|0|1|6000|0|0|0|0|0

P|MIKN2L|26|MIKNO|0|4
S|MIKNO|42033333|68200000| |IF|0|0|0|0|0|0|1|25000|0|0|0|0|0
S|D304N|41458636|69125706| |TF|0|0|0|0|0|0|1|17000|0|0|0|0|0
S| |91000000|181000000| |CI|0|12300|0|0|0|0|0|0|0|0|0|0|0
S|D143L|41136789|69499261|TVS|AF|1|30400|1200|14300|0|0|1|6000|0|0|0|0|0

P|MIKN2N|26|MIKNO|0|8
S|MIKNO|42033333|68200000| |IF|0|0|0|0|0|0|1|25000|0|0|0|0|0
S|TT228|41621517|68568428| |TF|0|0|0|0|0|0|1|15000|0|0|0|0|0
S|TT230|41454881|68715872| |TF|0|0|0|0|0|0|0|0|0|0|0|0|0
S|TT231|41371489|68789311| |TF|0|0|0|0|0|0|1|11000|0|0|0|0|0
S|MEWOW|41288050|68862564| |TF|0|0|0|0|0|0|1|9000|0|0|0|0|0
S|TP305|41378319|69131600| |TF|0|0|0|0|0|0|1|6000|0|0|0|0|0
S|TP304|41452439|69354492| |TF|0|0|0|0|0|0|1|5000|0|0|0|0|0
S|TP303|41480972|69617806| |TF|0|0|0|0|0|0|1|4000|0|0|0|0|0

P|MIKN2T|26|MIKNO|0|9
S|MIKNO|42033333|68200000| |IF|0|0|0|0|0|0|1|25000|0|0|0|0|0
S|TT228|41621517|68568428| |TF|0|0|0|0|0|0|1|15000|0|0|0|0|0
S|TT230|41454881|68715872| |TF|0|0|0|0|0|0|0|0|0|0|0|0|0
S|TT231|41371489|68789311| |TF|0|0|0|0|0|0|1|11000|0|0|0|0|0
S|MEWOW|41288050|68862564| |TF|0|0|0|0|0|0|0|0|0|0|0|0|0
S|TT225|41135131|69102797| |TF|0|0|0|0|0|0|1|8000|0|0|0|0|0
S|TT226|41150025|69233681| |TF|0|0|0|0|0|0|0|0|0|0|0|0|0
S|KATXI|41169414|69406100| |TF|0|0|0|0|0|0|0|0|0|0|0|0|0
S|RUDWU|41183481|69532750| |TF|0|0|0|0|0|0|1|4000|0|0|0|0|0

P|MIKN2W|08|MIKNO|0|10
S|MIKNO|42033333|68200000| |IF|0|0|0|0|0|0|3|18000|15000|0|0|0|0
S|TT233|41589928|68619164| |TF|0|0|0|0|0|0|1|8000|0|0|0|0|0
S|TT203|41453478|68746706| |TF|0|0|0|0|0|230|0|6000|0|0|0|0|0
S|TT204|41376017|68662586| |TF|0|0|0|0|0|230|0|6000|0|0|0|0|0
S|TT205|41282017|68617111| |TF|0|0|0|0|0|230|0|6000|0|0|0|0|0
S|TT206|41181972|68615186| |TF|0|0|0|0|0|230|0|6000|0|0|0|0|0
S|TT207|41087000|68656836| |TF|0|0|0|0|0|230|0|6000|0|0|0|0|0
S|TT208|41007608|68737281| |TF|0|0|0|0|0|230|0|6000|0|0|0|0|0
S|TT209|40952550|68847528| |TF|0|0|0|0|0|230|0|6000|0|0|0|0|0
S|FIDFI|41224950|68989300| |TF|1|0|0|0|0|0|1|4000|0|0|0|0|0

P|NIMA2N|26|NIMAG|0|8
S|NIMAG|41966944|69016944| |IF|0|0|0|0|0|0|1|25000|0|0|0|0|0
S|TT228|41621517|68568428| |TF|0|0|0|0|0|0|1|15000|0|0|0|0|0
S|TT230|41454881|68715872| |TF|0|0|0|0|0|0|0|0|0|0|0|0|0
S|TT231|41371489|68789311| |TF|0|0|0|0|0|0|1|11000|0|0|0|0|0
S|MEWOW|41288050|68862564| |TF|0|0|0|0|0|0|1|9000|0|0|0|0|0
S|TP305|41378319|69131600| |TF|0|0|0|0|0|0|1|6000|0|0|0|0|0
S|TP304|41452439|69354492| |TF|0|0|0|0|0|0|1|5000|0|0|0|0|0
S|TP303|41480972|69617806| |TF|0|0|0|0|0|0|1|4000|0|0|0|0|0

P|NIMA2T|26|NIMAG|0|9
S|NIMAG|41966944|69016944| |IF|0|0|0|0|0|0|1|25000|0|0|0|0|0
S|TT228|41621517|68568428| |TF|0|0|0|0|0|0|1|15000|0|0|0|0|0
S|TT230|41454881|68715872| |TF|0|0|0|0|0|0|0|0|0|0|0|0|0
S|TT231|41371489|68789311| |TF|0|0|0|0|0|0|1|11000|0|0|0|0|0
S|MEWOW|41288050|68862564| |TF|0|0|0|0|0|0|0|0|0|0|0|0|0
S|TT225|41135131|69102797| |TF|0|0|0|0|0|0|1|8000|0|0|0|0|0
S|TT226|41150025|69233681| |TF|0|0|0|0|0|0|0|0|0|0|0|0|0
S|KATXI|41169414|69406100| |TF|0|0|0|0|0|0|0|0|0|0|0|0|0
S|RUDWU|41183481|69532750| |TF|0|0|0|0|0|0|1|4000|0|0|0|0|0

P|NIMA2W|08|NIMAG|0|11
S|NIMAG|41966944|69016944| |IF|0|0|0|0|0|0|1|13000|0|0|0|0|0
S|TT201|41526889|68990272| |TF|0|0|0|0|0|230|0|6000|0|0|0|0|0
S|TT202|41505725|68860167| |TF|0|0|0|0|0|230|0|6000|0|0|0|0|0
S|TT203|41453478|68746706| |TF|0|0|0|0|0|230|0|6000|0|0|0|0|0
S|TT204|41376017|68662586| |TF|0|0|0|0|0|230|0|6000|0|0|0|0|0
S|TT205|41282017|68617111| |TF|0|0|0|0|0|230|0|6000|0|0|0|0|0
S|TT206|41181972|68615186| |TF|0|0|0|0|0|230|0|6000|0|0|0|0|0
S|TT207|41087000|68656836| |TF|0|0|0|0|0|230|0|6000|0|0|0|0|0
S|TT208|41007608|68737281| |TF|0|0|0|0|0|230|0|6000|0|0|0|0|0
S|TT209|40952550|68847528| |TF|0|0|0|0|0|230|0|6000|0|0|0|0|0
S|FIDFI|41224950|68989300| |TF|1|0|0|0|0|0|1|4000|0|0|0|0|0

P|ODOR2K|08|ODORI|0|5
S|ODORI|41983611|68818889| |IF|0|0|0|0|0|0|1|15000|0|0|0|0|0
S|D323X|41651256|69088419| |TF|0|0|0|0|0|0|1|10000|0|0|0|0|0
S| |91000000|181000000| |CI|0|14300|0|0|0|0|0|0|0|0|0|0|0
S|D263V|41301889|68876564|TVS|AF|1|32300|2200|26310|0|0|1|6000|0|0|0|0|0
S|D253R|41249847|68968250| |TF|0|0|0|0|0|0|1|6000|0|0|0|0|0

P|ODOR2L|26|ODORI|0|4
S|ODORI|41983611|68818889| |IF|0|0|0|0|0|0|1|22000|0|0|0|0|0
S|D323N|41508494|69203183| |TF|0|0|0|0|0|0|1|18000|0|0|0|0|0
S| |91000000|181000000| |CI|0|14300|0|0|0|0|0|0|0|0|0|0|0
S|D143L|41136789|69499261|TVS|AF|1|32300|1200|14300|0|0|1|6000|0|0|0|0|0

P|OGRI2K|08|OGRIP|0|3
S|OGRIP|40915000|68083333| |IF|0|0|0|0|0|0|1|16000|0|0|0|0|0
S|D242V|41171894|68911883| |TF|0|0|0|0|0|0|1|6000|0|0|0|0|0
S|D253R|41249847|68968250| |TF|0|0|0|0|0|0|1|6000|0|0|0|0|0

P|OGRI2L|26|OGRIP|0|4
S|OGRIP|40915000|68083333| |IF|0|0|0|0|0|0|1|21000|0|0|0|0|0
S|D242N|41221750|69075711| |TF|0|0|0|0|0|0|1|13000|0|0|0|0|0
S| |91000000|181000000| |CI|0|6200|0|0|0|0|0|0|0|0|0|0|0
S|D143L|41136789|69499261|TVS|AF|1|24200|1200|14300|0|0|1|6000|0|0|0|0|0

P|OGRI2N|26|OGRIP|0|5
S|OGRIP|40915000|68083333| |IF|0|0|0|0|0|0|1|21000|0|0|0|0|0
S|ZUGFO|41120086|68971972| |TF|0|0|0|0|0|0|1|9000|0|0|0|0|0
S|TP305|41378319|69131600| |TF|0|0|0|0|0|0|1|6000|0|0|0|0|0
S|TP304|41452439|69354492| |TF|0|0|0|0|0|0|1|5000|0|0|0|0|0
S|TP303|41480972|69617806| |TF|0|0|0|0|0|0|1|4000|0|0|0|0|0

P|OGRI2T|26|OGRIP|0|6
S|OGRIP|40915000|68083333| |IF|0|0|0|0|0|0|1|12000|0|0|0|0|0
S|ZUGFO|41120086|68971972| |TF|0|0|0|0|0|0|1|9000|0|0|0|0|0
S|TT225|41135131|69102797| |TF|0|0|0|0|0|0|1|8000|0|0|0|0|0
S|TT226|41150025|69233681| |TF|0|0|0|0|0|0|0|0|0|0|0|0|0
S|KATXI|41169414|69406100| |TF|0|0|0|0|0|0|0|0|0|0|0|0|0
S|RUDWU|41183481|69532750| |TF|0|0|0|0|0|0|1|4000|0|0|0|0|0

P|OGRI2W|08|OGRIP|0|7
S|OGRIP|40915000|68083333| |IF|0|0|0|0|0|0|1|12000|0|0|0|0|0
S|TT234|41156358|68397119| |TF|0|0|0|0|0|0|1|8000|0|0|0|0|0
S|TT206|41181972|68615186| |TF|0|0|0|0|0|230|0|6000|0|0|0|0|0
S|TT207|41087000|68656836| |TF|0|0|0|0|0|230|0|6000|0|0|0|0|0
S|TT208|41007608|68737281| |TF|0|0|0|0|0|230|0|6000|0|0|0|0|0
S|TT209|40952550|68847528| |TF|0|0|0|0|0|230|0|6000|0|0|0|0|0
S|FIDFI|41224950|68989300| |TF|1|0|0|0|0|0|1|4000|0|0|0|0|0

P|TISI2K|08|TISIB|0|5
S|TISIB|41098333|70241667| |IF|0|0|0|0|0|0|1|15000|0|0|0|0|0
S|D102X|41188447|69868914| |TF|0|0|0|0|0|0|1|15000|0|0|0|0|0
S| |91000000|181000000| |CI|0|28200|0|0|0|0|0|0|0|0|0|0|0
S|D242V|41171894|68911883|TVS|AF|2|10200|2200|24230|0|0|1|6000|0|0|0|0|0
S|D253R|41249847|68968250| |TF|0|0|0|0|0|0|1|6000|0|0|0|0|0

P|TISI2L|26|TISIB|0|5
S|TISIB|41098333|70241667| |IF|0|0|0|0|0|0|1|15000|0|0|0|0|0
S|D102X|41188447|69868914| |TF|0|0|0|0|0|0|1|15000|0|0|0|0|0
S| |91000000|181000000| |CI|0|28200|0|0|0|0|0|0|0|0|0|0|0
S|D143V|40993625|69612264|TVS|AF|2|10200|2200|14300|0|0|1|10000|0|0|0|0|0
S|D143L|41136789|69499261| |TF|0|0|0|0|0|0|1|6000|0|0|0|0|0

P|TISI2M|08|TISIB|0|11
S|TISIB|41098333|70241667| |IF|0|0|0|0|0|0|3|16000|15000|0|0|0|0
S|TT235|41011161|70028444| |TF|0|0|0|0|0|0|1|15000|0|0|0|0|0
S|LELBA|40915000|69795000| |TF|0|0|0|0|0|0|1|13000|0|0|0|0|0
S|TT217|40916747|69669711| |TF|0|0|0|0|0|0|0|0|0|0|0|0|0
S|TT218|40918442|69537819| |TF|0|0|0|0|0|0|1|10000|0|0|0|0|0
S|TT219|40919983|69405925| |TF|0|0|0|0|0|0|0|0|0|0|0|0|0
S|TT220|40921378|69274022| |TF|0|0|0|0|0|0|0|0|0|0|0|0|0
S|TT221|40922617|69142114| |TF|0|0|0|0|0|0|2|9000|0|0|0|0|0
S|ERWET|40923706|69010336| |TF|0|0|0|0|0|0|1|7000|0|0|0|0|0
S|TT223|41006194|68994250| |TF|0|0|0|0|0|0|1|7000|0|0|0|0|0
S|TP203|41200342|69067256| |TF|0|0|0|0|0|0|1|6000|0|0|0|0|0

P|TISI2N|26|TISIB|0|14
S|TISIB|41098333|70241667| |IF|0|0|0|0|0|0|1|15000|0|0|0|0|0
S|TT235|41011161|70028444| |TF|0|0|0|0|0|0|1|13000|0|0|0|0|0
S|LELBA|40915000|69795000| |TF|0|0|0|0|0|0|1|11000|0|0|0|0|0
S|TT217|40916747|69669711| |TF|0|0|0|0|0|0|0|0|0|0|0|0|0
S|TT218|40918442|69537819| |TF|0|0|0|0|0|0|1|10000|0|0|0|0|0
S|TT219|40919983|69405925| |TF|0|0|0|0|0|0|0|0|0|0|0|0|0
S|TT220|40921378|69274022| |TF|0|0|0|0|0|0|0|0|0|0|0|0|0
S|TT221|40922617|69142114| |TF|0|0|0|0|0|0|1|9000|0|0|0|0|0
S|ERWET|40923706|69010336| |TF|0|0|0|0|0|0|0|0|0|0|0|0|0
S|TT223|41006194|68994250| |TF|0|0|0|0|0|0|0|0|0|0|0|0|0
S|ZUGFO|41120086|68971972| |TF|0|0|0|0|0|0|1|9000|0|0|0|0|0
S|TP305|41378319|69131600| |TF|0|0|0|0|0|0|1|6000|0|0|0|0|0
S|TP304|41452439|69354492| |TF|0|0|0|0|0|0|1|5000|0|0|0|0|0
S|TP303|41480972|69617806| |TF|0|0|0|0|0|0|1|4000|0|0|0|0|0

P|TISI2T|26|TISIB|0|15
S|TISIB|41098333|70241667| |IF|0|0|0|0|0|0|1|15000|0|0|0|0|0
S|TT235|41011161|70028444| |TF|0|0|0|0|0|0|1|13000|0|0|0|0|0
S|LELBA|40915000|69795000| |TF|0|0|0|0|0|0|1|11000|0|0|0|0|0
S|TT217|40916747|69669711| |TF|0|0|0|0|0|0|0|0|0|0|0|0|0
S|TT218|40918442|69537819| |TF|0|0|0|0|0|0|1|10000|0|0|0|0|0
S|TT219|40919983|69405925| |TF|0|0|0|0|0|0|0|0|0|0|0|0|0
S|TT220|40921378|69274022| |TF|0|0|0|0|0|0|0|0|0|0|0|0|0
S|TT221|40922617|69142114| |TF|0|0|0|0|0|0|1|9000|0|0|0|0|0
S|ERWET|40923706|69010336| |TF|0|0|0|0|0|0|0|0|0|0|0|0|0
S|TT223|41006194|68994250| |TF|0|0|0|0|0|0|0|0|0|0|0|0|0
S|ZUGFO|41120086|68971972| |TF|0|0|0|0|0|0|0|0|0|0|0|0|0
S|TT225|41135131|69102797| |TF|0|0|0|0|0|0|1|8000|0|0|0|0|0
S|TT226|41150025|69233681| |TF|0|0|0|0|0|0|0|0|0|0|0|0|0
S|KATXI|41169414|69406100| |TF|0|0|0|0|0|0|0|0|0|0|0|0|0
S|RUDWU|41183481|69532750| |TF|0|0|0|0|0|0|1|4000|0|0|0|0|0

P|TISI2W|08|TISIB|0|16
S|TISIB|41098333|70241667| |IF|0|0|0|0|0|0|1|15000|0|0|0|0|0
S|TT235|41011161|70028444| |TF|0|0|0|0|0|0|1|15000|0|0|0|0|0
S|LELBA|40915000|69795000| |TF|0|0|0|0|0|0|1|13000|0|0|0|0|0
S|TT217|40916747|69669711| |TF|0|0|0|0|0|0|0|0|0|0|0|0|0
S|TT218|40918442|69537819| |TF|0|0|0|0|0|0|1|10000|0|0|0|0|0
S|TT219|40919983|69405925| |TF|0|0|0|0|0|0|0|0|0|0|0|0|0
S|TT220|40921378|69274022| |TF|0|0|0|0|0|0|0|0|0|0|0|0|0
S|TT221|40922617|69142114| |TF|0|0|0|0|0|0|2|9000|0|0|0|0|0
S|ERWET|40923706|69010336| |TF|0|0|0|0|0|0|1|7000|0|0|0|0|0
S|TT211|41028928|68844753| |TF|0|0|0|0|0|230|0|7000|0|0|0|0|0
S|TT212|41098731|68750033| |TF|0|0|0|0|0|230|0|7000|0|0|0|0|0
S|TT213|41192103|68702461| |TF|0|0|0|0|0|230|0|7000|0|0|0|0|0
S|TT214|41291953|68710950| |TF|0|0|0|0|0|230|0|7000|0|0|0|0|0
S|TT215|41379928|68774172| |TF|0|0|0|0|0|230|0|7000|0|0|0|0|0
S|TT216|41439800|68880653| |TF|0|0|0|0|0|230|0|7000|0|0|0|0|0
S|FIDFI|41224950|68989300| |TF|2|0|0|0|0|0|1|4000|0|0|0|0|0

