P|AVKI1C|05|AVKID|0|7
S|AVKID|6921944|81698889| |IF|0|0|0|0|0|0|0|0|0|0|0|0|0
S|MT30G|6677931|81479683| |TF|0|0|0|0|0|0|0|0|0|0|0|0|0
S|D044T|6553289|81367833| |TF|0|0|0|0|0|0|0|0|0|0|0|0|0
S|D044N|6478489|81300747| |TF|0|0|0|0|0|0|0|0|0|0|0|0|0
S| |91000000|181000000| |CI|0|22400|0|0|0|0|0|0|0|0|0|0|0
S|D261L|6265500|80947156|MTL|AF|1|4400|1200|26100|0|0|0|0|0|0|0|0|0
S|CD05|6164303|80999853|MTL|AF|1|26200|1200|22800|0|0|1|1800|0|0|0|0|0

P|AVKI1D|23|AVKID|0|5
S|AVKID|6921944|81698889| |IF|0|0|0|0|0|0|0|0|0|0|0|0|0
S|MT30G|6677931|81479683| |TF|0|0|0|0|0|0|0|0|0|0|0|0|0
S|D044T|6553289|81367833| |TF|0|0|0|0|0|0|0|0|0|0|0|0|0
S|D044N|6478489|81300747| |TF|0|0|0|0|0|0|0|0|0|0|0|0|0
S|CF23|6420189|81264814|MTL|CF|0|21400|1000|4800|400|0|1|2500|0|0|0|0|0

P|GUKR1C|05|GUKRO|0|6
S|GUKRO|6143333|80323056| |IF|0|0|0|0|0|0|0|0|0|0|0|0|0
S|MT30F|6207725|80651503| |TF|0|0|0|0|0|0|0|0|0|0|0|0|0
S|D261T|6239842|80815747| |TF|0|0|0|0|0|0|0|0|0|0|0|0|0
S|D261N|6259089|80914303| |TF|0|0|0|0|0|0|0|0|0|0|0|0|0
S| |91000000|181000000| |CI|0|8100|0|0|0|0|0|0|0|0|0|0|0
S|CD05|6164303|80999853|MTL|AF|1|26200|1200|22800|0|0|1|1800|0|0|0|0|0

P|GUKR1D|23|GUKRO|0|5
S|GUKRO|6143333|80323056| |IF|0|0|0|0|0|0|0|0|0|0|0|0|0
S|D261T|6239842|80815747| |TF|0|0|0|0|0|0|0|0|0|0|0|0|0
S|D261L|6265500|80947156| |TF|0|0|0|0|0|0|0|0|0|0|0|0|0
S| |91000000|181000000| |CI|0|8100|0|0|0|0|0|0|0|0|0|0|0
S|CF23|6420189|81264814|MTL|AF|2|26100|1000|4800|0|0|1|2500|0|0|0|0|0

P|HEDA1C|05|SAGOR|0|9
S|SAGOR|10000000|80081667| |IF|0|0|0|0|0|0|0|0|0|0|0|0|0
S|HEDAM|7109167|80914444| |TF|0|0|0|0|0|0|0|0|0|0|0|0|0
S|MT40E|6948092|80960486| |TF|0|0|0|0|0|0|0|0|0|0|0|0|0
S|MT30D|6787056|81006483| |TF|0|0|0|0|0|0|0|0|0|0|0|0|0
S|D346Y|6706539|81029469| |TF|0|0|0|0|0|0|0|0|0|0|0|0|0
S|D346N|6529392|81080014| |TF|0|0|0|0|0|0|0|0|0|0|0|0|0
S| |91000000|181000000| |CI|0|16600|0|0|0|0|0|0|0|0|0|0|0
S|D261L|6265500|80947156|MTL|AF|1|34600|1200|26100|0|0|0|0|0|0|0|0|0
S|CD05|6164303|80999853|MTL|AF|1|26200|1200|22800|0|0|1|1800|0|0|0|0|0

P|HEDA1D|23|SAGOR|0|9
S|SAGOR|10000000|80081667| |IF|0|0|0|0|0|0|0|0|0|0|0|0|0
S|HEDAM|7109167|80914444| |TF|0|0|0|0|0|0|0|0|0|0|0|0|0
S|MT40E|6948092|80960486| |TF|0|0|0|0|0|0|0|0|0|0|0|0|0
S|MT30D|6787056|81006483| |TF|0|0|0|0|0|0|0|0|0|0|0|0|0
S|D346Y|6706539|81029469| |TF|0|0|0|0|0|0|0|0|0|0|0|0|0
S|D346T|6626017|81052447| |TF|0|0|0|0|0|0|0|0|0|0|0|0|0
S|D346L|6497183|81089200| |TF|0|0|0|0|0|0|0|0|0|0|0|0|0
S| |91000000|181000000| |CI|0|16600|0|0|0|0|0|0|0|0|0|0|0
S|CF23|6420189|81264814|MTL|AF|2|34600|1000|4800|0|0|1|2500|0|0|0|0|0

P|KIMO1C|05|KIMOP|0|7
S|KIMOP|6770278|80451667| |IF|0|0|0|0|0|0|0|0|0|0|0|0|0
S|MT30E|6584619|80727731| |TF|0|0|0|0|0|0|0|0|0|0|0|0|0
S|D306T|6491092|80866636| |TF|0|0|0|0|0|0|0|0|0|0|0|0|0
S|D306N|6434958|80949956| |TF|0|0|0|0|0|0|0|0|0|0|0|0|0
S| |91000000|181000000| |CI|0|12600|0|0|0|0|0|0|0|0|0|0|0
S|D261L|6265500|80947156|MTL|AF|1|30600|1200|26100|0|0|0|0|0|0|0|0|0
S|CD05|6164303|80999853|MTL|AF|1|26100|1200|22800|0|0|1|1800|0|0|0|0|0

P|KIMO1D|23|KIMOP|0|6
S|KIMOP|6770278|80451667| |IF|0|0|0|0|0|0|0|0|0|0|0|0|0
S|MT30E|6584619|80727731| |TF|0|0|0|0|0|0|0|0|0|0|0|0|0
S|D306T|6491092|80866636| |TF|0|0|0|0|0|0|0|0|0|0|0|0|0
S|D306L|6416242|80977722| |TF|0|0|0|0|0|0|0|0|0|0|0|0|0
S| |91000000|181000000| |CI|0|12600|0|0|0|0|0|0|0|0|0|0|0
S|CF23|6420189|81264814|MTL|AF|2|30600|1000|4800|0|0|1|2500|0|0|0|0|0

P|PEBS1C|05|PEBSA|0|4
S|PEBSA|6132222|81960833| |IF|0|0|0|0|0|0|0|0|0|0|0|0|0
S|D104N|6259403|81374344| |TF|0|0|0|0|0|0|0|0|0|0|0|0|0
S| |91000000|181000000| |CI|0|28400|0|0|0|0|0|0|0|0|0|0|0
S|CD05|6164303|80999853|MTL|AF|2|10400|1200|22800|0|0|1|1800|0|0|0|0|0

P|PEBS1D|23|PEBSA|0|4
S|PEBSA|6132222|81960833| |IF|0|0|0|0|0|0|0|0|0|0|0|0|0
S|D104L|6265769|81341483| |TF|0|0|0|0|0|0|0|0|0|0|0|0|0
S| |91000000|181000000| |CI|0|28400|0|0|0|0|0|0|0|0|0|0|0
S|CF23|6420189|81264814|MTL|AF|1|10400|1000|4800|0|0|1|2500|0|0|0|0|0

