P|DUML13|13|DUMOL|0|4
S|DUMOL|19000000|114446667| |IF|0|0|0|0|0|0|0|0|0|0|0|0|0
S|SBC50|21392942|114139053| |TF|0|0|0|0|0|0|0|0|0|0|0|0|0
S|SBC30|21723589|114095603| |TF|0|0|0|0|0|250|2|14000|0|0|0|0|0
S|CH|22219542|114030056|CH|TF|0|0|0|0|0|0|0|8000|0|0|0|0|0

P|DUML31|31|DUMOL|0|3
S|DUMOL|19000000|114446667| |IF|0|0|0|0|0|0|0|0|0|0|0|0|0
S|SBC50|21392942|114139053| |TF|0|0|0|0|0|0|0|13000|0|0|0|0|0
S|WISKY|22042375|114507411| |TF|2|0|0|0|0|250|0|7000|0|0|0|0|0

P|IDOS13|13|IDOSI|0|5
S|IDOSI|19000000|112500000| |IF|0|0|0|0|0|0|0|0|0|0|0|0|0
S|CHALI|21295833|113611389| |TF|0|0|0|0|0|0|0|0|0|0|0|0|0
S|IDO50|21452600|113680456| |TF|0|0|0|0|0|0|0|0|0|0|0|0|0
S|IDO30|21759464|113819847| |TF|0|0|0|0|0|250|2|14000|0|0|0|0|0
S|CH|22219542|114030056|CH|TF|0|0|0|0|0|0|0|8000|0|0|0|0|0

P|IDOS31|31|IDOSI|0|4
S|IDOSI|19000000|112500000| |IF|0|0|0|0|0|0|0|0|0|0|0|0|0
S|CHALI|21295833|113611389| |TF|0|0|0|0|0|0|0|0|0|0|0|0|0
S|IDO50|21452600|113680456| |TF|0|0|0|0|0|0|0|13000|0|0|0|0|0
S|WISKY|22042375|114507411| |TF|2|0|0|0|0|250|0|7000|0|0|0|0|0

P|MAGO13|13|DOTMI|0|7
S|DOTMI|22718333|116168333| |IF|0|0|0|0|0|0|0|0|0|0|0|0|0
S|MAGOG|22296111|115825000| |TF|0|0|0|0|0|0|0|0|0|0|0|0|0
S|MAGOG|22296111|115825000| |IF|0|0|0|0|0|0|0|0|0|0|0|0|0
S|ALPHA|22270000|115143333| |TF|0|0|0|0|0|0|0|0|0|0|0|0|0
S|MAG50|22231603|114929575| |TF|0|0|0|0|0|0|0|0|0|0|0|0|0
S|MAG30|22227372|114569750| |TF|0|0|0|0|0|250|2|14000|0|0|0|0|0
S|CH|22219542|114030056|CH|TF|0|0|0|0|0|0|0|8000|0|0|0|0|0

P|MAGO13|13|ELATO|0|7
S|ELATO|22333333|117500000| |IF|0|0|0|0|0|0|0|0|0|0|0|0|0
S|MAGOG|22296111|115825000| |TF|0|0|0|0|0|0|0|0|0|0|0|0|0
S|MAGOG|22296111|115825000| |IF|0|0|0|0|0|0|0|0|0|0|0|0|0
S|ALPHA|22270000|115143333| |TF|0|0|0|0|0|0|0|0|0|0|0|0|0
S|MAG50|22231603|114929575| |TF|0|0|0|0|0|0|0|0|0|0|0|0|0
S|MAG30|22227372|114569750| |TF|0|0|0|0|0|250|2|14000|0|0|0|0|0
S|CH|22219542|114030056|CH|TF|0|0|0|0|0|0|0|8000|0|0|0|0|0

P|MAGO31|31|DOTMI|0|6
S|DOTMI|22718333|116168333| |IF|0|0|0|0|0|0|0|0|0|0|0|0|0
S|MAGOG|22296111|115825000| |TF|0|0|0|0|0|0|0|0|0|0|0|0|0
S|MAGOG|22296111|115825000| |IF|0|0|0|0|0|0|0|0|0|0|0|0|0
S|ALPHA|22270000|115143333| |TF|0|0|0|0|0|0|0|0|0|0|0|0|0
S|MAG50|22231603|114929575| |TF|0|0|0|0|0|0|0|13000|0|0|0|0|0
S|WISKY|22042375|114507411| |TF|1|0|0|0|0|250|0|7000|0|0|0|0|0

P|MAGO31|31|ELATO|0|6
S|ELATO|22333333|117500000| |IF|0|0|0|0|0|0|0|0|0|0|0|0|0
S|MAGOG|22296111|115825000| |TF|0|0|0|0|0|0|0|0|0|0|0|0|0
S|MAGOG|22296111|115825000| |IF|0|0|0|0|0|0|0|0|0|0|0|0|0
S|ALPHA|22270000|115143333| |TF|0|0|0|0|0|0|0|0|0|0|0|0|0
S|MAG50|22231603|114929575| |TF|0|0|0|0|0|0|0|13000|0|0|0|0|0
S|WISKY|22042375|114507411| |TF|1|0|0|0|0|250|0|7000|0|0|0|0|0

P|NOMN13|13|NOMAN|0|4
S|NOMAN|20000000|116671667| |IF|0|0|0|0|0|0|0|0|0|0|0|0|0
S|NOM50|21671803|114706353| |TF|0|0|0|0|0|0|0|0|0|0|0|0|0
S|NOM30|21891231|114436458| |TF|0|0|0|0|0|250|2|14000|0|0|0|0|0
S|CH|22219542|114030056|CH|TF|0|0|0|0|0|0|0|8000|0|0|0|0|0

P|NOMN31|31|NOMAN|0|3
S|NOMAN|20000000|116671667| |IF|0|0|0|0|0|0|0|0|0|0|0|0|0
S|NOM50|21671803|114706353| |TF|0|0|0|0|0|0|0|13000|0|0|0|0|0
S|WISKY|22042375|114507411| |TF|2|0|0|0|0|250|0|7000|0|0|0|0|0

P|SABN13|13|SABNO|0|5
S|SABNO|18985000|115845000| |IF|0|0|0|0|0|0|0|0|0|0|0|0|0
S|DELTA|21333333|114533333| |TF|0|0|0|0|0|0|0|0|0|0|0|0|0
S|SBD50|21483711|114450200| |TF|0|0|0|0|0|0|0|0|0|0|0|0|0
S|SBD30|21778172|114282661| |TF|0|0|0|0|0|250|2|14000|0|0|0|0|0
S|CH|22219542|114030056|CH|TF|0|0|0|0|0|0|0|8000|0|0|0|0|0

P|SABN31|31|SABNO|0|4
S|SABNO|18985000|115845000| |IF|0|0|0|0|0|0|0|0|0|0|0|0|0
S|DELTA|21333333|114533333| |TF|0|0|0|0|0|0|0|0|0|0|0|0|0
S|SBD50|21483711|114450200| |TF|0|0|0|0|0|0|0|13000|0|0|0|0|0
S|WISKY|22042375|114507411| |TF|2|0|0|0|0|250|0|7000|0|0|0|0|0

P|SIKO13|13|SIKOU|0|5
S|SIKOU|20843333|111500000| |IF|0|0|0|0|0|0|0|0|0|0|0|0|0
S|CHALI|21295833|113611389| |TF|0|0|0|0|0|0|0|0|0|0|0|0|0
S|IDO50|21452600|113680456| |TF|0|0|0|0|0|0|0|0|0|0|0|0|0
S|IDO30|21759464|113819847| |TF|0|0|0|0|0|250|2|14000|0|0|0|0|0
S|CH|22219542|114030056|CH|TF|0|0|0|0|0|0|0|8000|0|0|0|0|0

P|SIKO31|31|SIKOU|0|4
S|SIKOU|20843333|111500000| |IF|0|0|0|0|0|0|0|0|0|0|0|0|0
S|CHALI|21295833|113611389| |TF|0|0|0|0|0|0|0|0|0|0|0|0|0
S|IDO50|21452600|113680456| |TF|1|0|0|0|0|0|0|13000|0|0|0|0|0
S|WISKY|22042375|114507411| |TF|2|0|0|0|0|250|0|7000|0|0|0|0|0

P|TAMT13|13|POU|0|7
S|POU|23021667|113190000|POU|IF|0|0|0|0|0|0|0|0|0|0|1|0|0
S|TAMOT|22358333|113866667| |TF|0|0|0|0|0|0|0|0|0|0|0|0|0
S|MIKE|21296667|113260000| |TF|2|0|0|0|0|0|0|28000|0|1|0|0|0
S|CHALI|21295833|113611389| |TF|1|0|0|0|0|0|0|0|0|0|0|0|0
S|IDO50|21452600|113680456| |TF|0|0|0|0|0|0|0|0|0|0|0|0|0
S|IDO30|21759464|113819847| |TF|0|0|0|0|0|250|2|14000|0|0|0|0|0
S|CH|22219542|114030056|CH|TF|0|0|0|0|0|0|0|8000|0|0|0|0|0

P|TAMT31|31|POU|0|6
S|POU|23021667|113190000|POU|IF|0|0|0|0|0|0|0|0|0|0|0|0|0
S|TAMOT|22358333|113866667| |TF|0|0|0|0|0|0|0|0|0|0|0|0|0
S|MIKE|21296667|113260000| |TF|2|0|0|0|0|0|0|28000|0|1|0|0|0
S|CHALI|21295833|113611389| |TF|1|0|0|0|0|0|0|0|0|0|0|0|0
S|IDO50|21452600|113680456| |TF|0|0|0|0|0|0|0|13000|0|0|0|0|0
S|WISKY|22042375|114507411| |TF|2|0|0|0|0|250|0|7000|0|0|0|0|0

