P|AKS1B|05|AKSAG|0|3
S|AKSAG|20816667|100466667| |IF|0|0|0|0|0|0|0|0|0|0|0|0|0
S|D301Y|20117653|101787236| |TF|0|0|0|0|0|0|1|20000|0|0|0|0|0
S|LPB|19910961|102171908| |TF|0|0|0|0|0|0|1|8900|0|0|0|0|0

P|AKS2B|23|AKSAG|0|3
S|AKSAG|20816667|100466667| |IF|0|0|0|0|0|0|0|0|0|0|0|0|0
S|D301Y|20117653|101787236| |TF|0|0|0|0|0|0|1|20000|0|0|0|0|0
S|LPB|19910961|102171908| |TF|0|0|0|0|0|0|1|8900|0|0|0|0|0

P|ATVA1C|05|ATVAM|0|2
S|ATVAM|19587139|101767500| |IF|0|0|0|0|0|0|0|0|0|0|0|0|0
S|BOGIN|19753200|101944628| |TF|0|0|0|0|0|0|1|5700|0|0|0|0|0

P|ATVA1D|23|ATVAM|0|4
S|ATVAM|19587139|101767500| |IF|0|0|0|0|0|0|0|0|0|0|0|0|0
S|OLTOP|19902833|102061583| |TF|0|0|0|0|0|0|1|10000|0|0|0|0|0
S|BULMI|20105594|102251242| |TF|0|0|0|0|0|0|1|8400|0|0|0|0|0
S|LAXAR|20197000|102363569| |TF|0|0|0|0|0|0|1|7000|0|0|0|0|0

P|BEGO2C|05|BEGOM|0|4
S|BEGOM|19088361|102332861| |IF|0|0|0|0|0|0|0|0|0|0|0|0|0
S|UBSAL|19191667|102274944| |TF|0|0|0|0|0|0|0|0|0|0|0|0|0
S|ENVUN|19501167|102100861| |TF|0|0|0|0|0|0|1|8000|0|0|0|0|0
S|ODOLA|19670886|102005131| |TF|0|0|0|0|0|0|1|6800|0|0|0|0|0

P|BEGO2D|23|BEGOM|0|4
S|BEGOM|19088361|102332861| |IF|0|0|0|0|0|0|0|0|0|0|0|0|0
S|ATSUL|19215611|102394000| |TF|0|0|0|0|0|0|0|0|0|0|0|0|0
S|AVDAR|19656750|102451444| |TF|0|0|0|0|0|0|1|9000|0|0|0|0|0
S|GORSA|20044889|102502100| |TF|0|0|0|0|0|0|1|7700|0|0|0|0|0

P|IBAS1D|05|IBASI|0|4
S|IBASI|19695833|102651111| |IF|0|0|0|0|0|0|0|0|0|0|0|0|0
S|AVNOB|19733722|102567028| |TF|0|0|0|0|0|0|0|0|0|0|0|0|0
S|OMBUX|19699639|102260278| |TF|0|0|0|0|0|0|1|10000|0|0|0|0|0
S|ODOLA|19670886|102005131| |TF|0|0|0|0|0|0|1|6800|0|0|0|0|0

P|IBAS1E|23|IBASI|0|3
S|IBASI|19695833|102651111| |IF|0|0|0|0|0|0|0|0|0|0|0|0|0
S|ISMIT|19848444|102613778| |TF|0|0|0|0|0|0|0|0|0|0|0|0|0
S|GORSA|20044889|102502100| |TF|0|0|0|0|0|0|1|7700|0|0|0|0|0

P|IDVA1C|05|IDVAT|0|2
S|IDVAT|19429139|102025028| |IF|0|0|0|0|0|0|0|0|0|0|0|0|0
S|ODOLA|19670886|102005131| |TF|0|0|0|0|0|0|1|6800|0|0|0|0|0

P|IDVA1D|23|IDVAT|0|3
S|IDVAT|19429139|102025028| |IF|0|0|0|0|0|0|0|0|0|0|0|0|0
S|LILDA|19637400|102225689| |TF|0|0|0|0|0|0|1|7700|0|0|0|0|0
S|GORSA|20044889|102502100| |TF|0|0|0|0|0|0|1|7700|0|0|0|0|0

P|IDVA1E|23|IDVAT|0|4
S|IDVAT|19429139|102025028| |IF|0|0|0|0|0|0|0|0|0|0|0|0|0
S|OLTOP|19902833|102061583| |TF|0|0|0|0|0|0|1|10000|0|0|0|0|0
S|BULMI|20105594|102251242| |TF|0|0|0|0|0|0|1|8400|0|0|0|0|0
S|LAXAR|20197000|102363569| |TF|0|0|0|0|0|0|1|7000|0|0|0|0|0

P|KAS1B|05|KAASI|0|2
S|KAASI|19099444|102378889| |IF|0|0|0|0|0|0|0|0|0|0|0|0|0
S|D167V|19553244|102263408| |TF|0|0|0|0|0|0|3|13200|7500|0|0|0|0

P|KAS2B|23|KAASI|0|2
S|KAASI|19099444|102378889| |IF|0|0|0|0|0|0|0|0|0|0|0|0|0
S|LPB|19910961|102171908| |TF|0|0|0|0|0|0|1|8900|0|0|0|0|0

P|KASI1E|05|KAASI|0|4
S|KAASI|19099444|102378889| |IF|0|0|0|0|0|0|0|0|0|0|0|0|0
S|UBSAL|19191667|102274944| |TF|0|0|0|0|0|0|0|0|0|0|0|0|0
S|ENVUN|19501167|102100861| |TF|0|0|0|0|0|0|1|8000|0|0|0|0|0
S|ODOLA|19670886|102005131| |TF|0|0|0|0|0|0|1|6800|0|0|0|0|0

P|KASI1F|23|KAASI|0|4
S|KAASI|19099444|102378889| |IF|0|0|0|0|0|0|0|0|0|0|0|0|0
S|ATSUL|19215611|102394000| |TF|0|0|0|0|0|0|0|0|0|0|0|0|0
S|AVDAR|19656750|102451444| |TF|0|0|0|0|0|0|1|9000|0|0|0|0|0
S|GORSA|20044889|102502100| |TF|0|0|0|0|0|0|1|7700|0|0|0|0|0

P|LAP1B|05|LAPON|0|2
S|LAPON|20750000|104475000| |IF|0|0|0|0|0|0|0|0|0|0|0|0|0
S|LPB|19910961|102171908| |TF|0|0|0|0|0|0|1|8900|0|0|0|0|0

P|LAP2B|23|LAPON|0|2
S|LAPON|20750000|104475000| |IF|0|0|0|0|0|0|0|0|0|0|0|0|0
S|D069X|20057769|102567200| |TF|0|0|0|0|0|0|0|9800|0|0|0|0|0

P|LNT1B|05|LNT|0|3
S|LNT|20956806|101400444| |IF|0|0|0|0|0|0|0|0|0|0|0|0|0
S|D326Y|20254719|101919767| |TF|0|0|0|0|0|0|1|20000|0|0|0|0|0
S|LPB|19910961|102171908| |TF|0|0|0|0|0|0|1|8900|0|0|0|0|0

P|LNT2B|23|LNT|0|3
S|LNT|20956806|101400444| |IF|0|0|0|0|0|0|0|0|0|0|0|0|0
S|D326Y|20254719|101919767| |TF|0|0|0|0|0|0|1|20000|0|0|0|0|0
S|LPB|19910961|102171908| |TF|0|0|0|0|0|0|1|8900|0|0|0|0|0

P|NBK1B|05|NOBOK|0|2
S|NOBOK|20622222|102640556| |IF|0|0|0|0|0|0|0|0|0|0|0|0|0
S|LPB|19910961|102171908| |TF|0|0|0|0|0|0|1|8900|0|0|0|0|0

P|NBK2B|23|NOBOK|0|2
S|NOBOK|20622222|102640556| |IF|0|0|0|0|0|0|0|0|0|0|0|0|0
S|D033V|20223667|102377317| |TF|0|0|0|0|0|0|3|9000|8600|0|0|0|0

P|NET1B|05|NOHET|0|2
S|NOHET|19426667|103611389| |IF|0|0|0|0|0|0|0|0|0|0|0|0|0
S|D110V|19788872|102538869| |TF|0|0|0|0|0|0|3|17500|13600|0|0|0|0

P|NET2B|23|NOHET|0|2
S|NOHET|19426667|103611389| |IF|0|0|0|0|0|0|0|0|0|0|0|0|0
S|D110V|19788872|102538869| |TF|0|0|0|0|0|0|3|17500|13600|0|0|0|0

P|OBDE1C|05|OBDET|0|4
S|OBDET|19745306|102672250| |IF|0|0|0|0|0|0|0|0|0|0|0|0|0
S|AVNOB|19733722|102567028| |TF|0|0|0|0|0|0|0|0|0|0|0|0|0
S|OMBUX|19699639|102260278| |TF|0|0|0|0|0|0|1|10000|0|0|0|0|0
S|ODOLA|19670886|102005131| |TF|0|0|0|0|0|0|1|6800|0|0|0|0|0

P|OBDE1D|23|OBDET|0|3
S|OBDET|19745306|102672250| |IF|0|0|0|0|0|0|0|0|0|0|0|0|0
S|ISMIT|19848444|102613778| |TF|0|0|0|0|0|0|0|0|0|0|0|0|0
S|GORSA|20044889|102502100| |TF|0|0|0|0|0|0|1|7700|0|0|0|0|0

P|OSVE1C|05|OSVER|0|5
S|OSVER|20376306|101973944| |IF|0|0|0|0|0|0|0|0|0|0|0|0|0
S|ANDUL|20240194|101930611| |TF|0|0|0|0|0|0|1|14000|0|0|0|0|0
S|ATGIK|20069972|101876500| |TF|0|0|0|0|0|0|1|11000|0|0|0|0|0
S|IDGOT|19931639|101832611| |TF|0|0|0|0|0|0|1|8400|0|0|0|0|0
S|PUKIN|19835489|101884064| |TF|0|0|0|0|0|0|1|6800|0|0|0|0|0

P|OSVE1D|23|OSVER|0|3
S|OSVER|20376306|101973944| |IF|0|0|0|0|0|0|0|0|0|0|0|0|0
S|VEPIX|20325111|102085306| |TF|0|0|0|0|0|0|0|0|0|0|0|0|0
S|LAXAR|20197000|102363569| |TF|0|0|0|0|0|0|1|7000|0|0|0|0|0

P|SAG1B|05|SAGAG|0|3
S|SAGAG|21191667|101623333| |IF|0|0|0|0|0|0|0|0|0|0|0|0|0
S|D339Y|20298997|102006742| |TF|0|0|0|0|0|0|1|21000|0|0|0|0|0
S|LPB|19910961|102171908| |TF|0|0|0|0|0|0|1|8900|0|0|0|0|0

P|SAG2B|23|SAGAG|0|3
S|SAGAG|21191667|101623333| |IF|0|0|0|0|0|0|0|0|0|0|0|0|0
S|D339Y|20298997|102006742| |TF|0|0|0|0|0|0|1|21000|0|0|0|0|0
S|LPB|19910961|102171908| |TF|0|0|0|0|0|0|1|8900|0|0|0|0|0

P|SAMD1C|05|SAMDI|0|4
S|SAMDI|20094161|102665922| |IF|0|0|0|0|0|0|0|0|0|0|0|0|0
S|POSUV|20124028|102311833| |TF|0|0|0|0|0|0|1|13000|0|0|0|0|0
S|DOGRI|19951250|102055333| |TF|0|0|0|0|0|0|1|10000|0|0|0|0|0
S|PUKIN|19835489|101884064| |TF|0|0|0|0|0|0|1|6800|0|0|0|0|0

P|SAMD1D|23|SAMDI|0|2
S|SAMDI|20094161|102665922| |IF|0|0|0|0|0|0|0|0|0|0|0|0|0
S|GORSA|20044889|102502100| |TF|0|0|0|0|0|0|1|7700|0|0|0|0|0

P|SAW1B|05|SAWAT|0|2
S|SAWAT|19936667|100520000| |IF|0|0|0|0|0|0|0|0|0|0|0|0|0
S|D272V|19918397|101782844| |TF|0|0|0|0|0|0|3|10600|8400|0|0|0|0

P|SAW2B|23|SAWAT|0|2
S|SAWAT|19936667|100520000| |IF|0|0|0|0|0|0|0|0|0|0|0|0|0
S|LPB|19910961|102171908| |TF|0|0|0|0|0|0|1|8900|0|0|0|0|0

P|THX1B|05|THX|0|2
S|THX|19455500|103181028| |IF|0|0|0|0|0|0|0|0|0|0|0|0|0
S|D116V|19753278|102523347| |TF|0|0|0|0|0|0|3|18500|13600|0|0|0|0

P|THX2B|23|THX|0|2
S|THX|19455500|103181028| |IF|0|0|0|0|0|0|0|0|0|0|0|0|0
S|D116V|19753278|102523347| |TF|0|0|0|0|0|0|3|18500|13600|0|0|0|0

P|TOM1B|05|TOMIP|0|2
S|TOMIP|19184722|101263333| |IF|0|0|0|0|0|0|0|0|0|0|0|0|0
S|LPB28|19609550|101793144| |TF|0|0|0|0|0|0|3|9400|9200|0|0|0|0

P|TOM2B|23|TOMIP|0|2
S|TOMIP|19184722|101263333| |IF|0|0|0|0|0|0|0|0|0|0|0|0|0
S|LPB|19910961|102171908| |TF|0|0|0|0|0|0|1|8900|0|0|0|0|0

P|UPLI1C|05|UPLIX|0|3
S|UPLIX|20158833|101710694| |IF|0|0|0|0|0|0|0|0|0|0|0|0|0
S|IDGOT|19931639|101832611| |TF|0|0|0|0|0|0|1|8400|0|0|0|0|0
S|PUKIN|19835489|101884064| |TF|0|0|0|0|0|0|1|6800|0|0|0|0|0

P|UPLI1D|23|UPLIX|0|2
S|UPLIX|20158833|101710694| |IF|0|0|0|0|0|0|0|0|0|0|0|0|0
S|LAXAR|20197000|102363569| |TF|0|0|0|0|0|0|1|7000|0|0|0|0|0

P|VEDV1C|05|VEDVU|0|5
S|VEDVU|20323167|101869583| |IF|0|0|0|0|0|0|0|0|0|0|0|0|0
S|ANDUL|20240194|101930611| |TF|0|0|0|0|0|0|1|14000|0|0|0|0|0
S|ATGIK|20069972|101876500| |TF|0|0|0|0|0|0|1|11000|0|0|0|0|0
S|IDGOT|19931639|101832611| |TF|0|0|0|0|0|0|1|8400|0|0|0|0|0
S|PUKIN|19835489|101884064| |TF|0|0|0|0|0|0|1|6800|0|0|0|0|0

P|VEDV1D|23|VEDVU|0|3
S|VEDVU|20323167|101869583| |IF|0|0|0|0|0|0|0|0|0|0|0|0|0
S|VEPIX|20325111|102085306| |TF|0|0|0|0|0|0|0|0|0|0|0|0|0
S|LAXAR|20197000|102363569| |TF|0|0|0|0|0|0|1|7000|0|0|0|0|0

P|VTN1B|05|VTN|0|2
S|VTN|18010361|102540472| |IF|0|0|0|0|0|0|0|0|0|0|0|0|0
S|D170V|19549061|102242717| |TF|0|0|0|0|0|0|3|12800|7500|0|0|0|0

P|VTN2B|23|VTN|0|2
S|VTN|18010361|102540472| |IF|0|0|0|0|0|0|0|0|0|0|0|0|0
S|LPB|19910961|102171908| |TF|0|0|0|0|0|0|1|8900|0|0|0|0|0

P|YAK1B|05|YAKUA|0|2
S|YAKUA|17737442|101514347| |IF|0|0|0|0|0|0|0|0|0|0|0|0|0
S|D197V|19557444|102063725| |TF|0|0|0|0|0|0|3|10000|9500|0|0|0|0

P|YAK2B|23|YAKUA|0|2
S|YAKUA|17737442|101514347| |IF|0|0|0|0|0|0|0|0|0|0|0|0|0
S|LPB|19910961|102171908| |TF|0|0|0|0|0|0|1|8900|0|0|0|0|0

