P|KAKU1T|10|KAKUN|0|5
S|KAKUN|27630250|84153111| |IF|0|0|0|0|0|0|1|10500|0|0|0|0|0
S|BIMAL|27667583|84028611| |TF|0|0|0|0|0|0|1|10500|0|0|0|0|0
S|KALGA|27586694|83583000| |TF|0|0|0|0|0|0|1|9500|0|0|0|0|0
S|BOBAD|27610361|83380833| |TF|0|0|0|0|0|0|1|8500|0|0|0|0|0
S|BEGAV|27637833|83180222| |TF|0|0|0|0|0|0|1|6000|0|0|0|0|0

P|LAME1R|28|LAMES|0|4
S|LAMES|27853889|82765139| |IF|0|0|0|0|0|0|1|10500|0|0|0|0|0
S|BEGAV|27637833|83180222| |TF|0|0|0|0|0|0|0|0|0|0|0|0|0
S|KASBO|27628139|83386361| |TF|0|0|0|0|0|0|1|7500|0|0|0|0|0
S|REPOX|27611472|83726500| |TF|0|0|0|0|0|0|1|6500|0|0|0|0|0

P|LAME1S|28|LAMES|0|4
S|LAMES|27853889|82765139| |IF|0|0|0|0|0|0|1|10500|0|0|0|0|0
S|GUTAM|27851611|82930556| |TF|0|0|0|0|0|0|0|0|0|0|0|0|0
S|KASBO|27628139|83386361| |TF|0|0|0|0|0|0|1|7500|0|0|0|0|0
S|REPOX|27611472|83726500| |TF|0|0|0|0|0|0|1|6500|0|0|0|0|0

P|LAME1T|10|LAMES|0|3
S|LAMES|27853889|82765139| |IF|0|0|0|0|0|0|1|10500|0|0|0|0|0
S|HARRE|27722222|83000000| |TF|0|0|0|0|0|0|0|0|0|0|0|0|0
S|BEGAV|27637833|83180222| |TF|0|0|0|0|0|0|1|6000|0|0|0|0|0

P|LAME1U|10|LAMES|0|3
S|LAMES|27853889|82765139| |IF|0|0|0|0|0|0|1|10500|0|0|0|0|0
S|SABOS|27736889|82853306| |TF|0|0|0|0|0|0|0|0|0|0|0|0|0
S|KAGOL|27552417|83069389| |TF|0|0|0|0|0|0|1|5200|0|0|0|0|0

P|MERA1G|10|MERAD|0|6
S|MERAD|27659722|84317778| |IF|0|0|0|0|0|0|0|0|0|0|0|0|0
S|DUMED|27576944|83856944| |TF|0|0|0|0|0|0|0|0|0|0|0|0|0
S|D078C|27512633|83502061| |TF|0|0|0|0|0|0|0|0|0|0|0|0|0
S|D301C|27526647|83391511| |TF|0|0|0|0|0|0|0|0|0|0|0|0|0
S|MOPRU|27673333|83118611| |TF|0|0|0|0|0|0|0|0|0|0|0|0|0
S|KAGOL|27552417|83069389|BWA|AF|1|30100|2000|27900|0|0|1|5000|0|0|0|0|0

P|NARA1R|28|NARAN|0|4
S|NARAN|27679444|84429722| |IF|0|0|0|0|0|0|1|10500|0|0|0|0|0
S|BIMAL|27667583|84028611| |TF|0|0|0|0|0|0|0|0|0|0|0|0|0
S|BUVOS|27640328|83881350| |TF|0|0|0|0|0|0|1|8000|0|0|0|0|0
S|REPOX|27611472|83726500| |TF|0|0|0|0|0|0|1|6500|0|0|0|0|0

P|NARA1S|28|NARAN|0|3
S|NARAN|27679444|84429722| |IF|0|0|0|0|0|0|1|10500|0|0|0|0|0
S|KABIG|27570333|84048583| |TF|0|0|0|0|0|0|0|0|0|0|0|0|0
S|MAKPA|27522317|83882511| |TF|0|0|0|0|0|0|1|7500|0|0|0|0|0

P|TULV1G|10|TULVI|0|3
S|TULVI|28111667|82291667| |IF|0|0|0|0|0|0|0|0|0|0|0|0|0
S|MOPRU|27673333|83118611| |TF|0|0|0|0|0|0|0|0|0|0|0|0|0
S|KAGOL|27552417|83069389|BWA|AF|1|30100|2000|27900|0|0|1|5000|0|0|0|0|0

