P|DUMS1A|ALL|DUMSI|0|5
S|DUMSI|27673056|84973056| |IF|0|0|0|0|0|0|0|0|0|0|0|0|0
S|D250T|27558839|84996172|KTM|AF|1|27000|2000|25000|0|0|0|0|0|0|0|0|0
S|BAISE|27495833|85027778|KTM|AF|1|25000|2000|23870|0|0|1|9500|0|0|0|0|0
S|HETAU|27413056|85016389| |TF|0|0|0|0|0|0|1|7500|0|0|0|0|0
S|SMR|27164167|84982222| |TF|0|0|0|0|0|0|1|4000|0|0|0|0|0

P|THUL2A|ALL|THULO|0|3
S|THULO|27444444|85186389| |IF|0|0|0|0|0|0|1|10000|0|0|0|0|0
S|MAKWA|27374444|85135278| |TF|0|0|0|0|0|0|1|8000|0|0|0|0|0
S|SMR|27164167|84982222| |TF|0|0|0|0|0|0|1|4000|0|0|0|0|0

