P|BINAT6|27L|SUSMA|0|6
S|SUSMA|17923056|77501389| |IF|0|0|0|0|0|0|1|25000|0|0|0|0|0
S|BINAT|17591006|77945458| |TF|0|0|0|0|0|0|1|19000|0|0|0|0|0
S|HS323|17311017|78325944| |TF|0|0|0|0|0|0|1|9500|0|0|0|0|0
S|HS421|17312667|78411042| |TF|0|0|0|0|0|220|1|8500|0|0|0|0|0
S|HS422|17316747|78625283| |TF|0|0|0|0|0|210|1|4600|0|0|0|0|0
S|VOHS|17240556|78428889| |VM|0|9000|0|0|0|0|0|0|0|0|0|0|0

P|BINAT6|27R|SUSMA|0|6
S|SUSMA|17923056|77501389| |IF|0|0|0|0|0|0|1|25000|0|0|0|0|0
S|BINAT|17591006|77945458| |TF|0|0|0|0|0|0|1|19000|0|0|0|0|0
S|HS323|17311017|78325944| |TF|0|0|0|0|0|0|1|9500|0|0|0|0|0
S|HS421|17312667|78411042| |TF|0|0|0|0|0|220|1|8500|0|0|0|0|0
S|HS422|17316747|78625283| |TF|0|0|0|0|0|210|1|4600|0|0|0|0|0
S|VOHS|17240556|78428889| |VM|0|9000|0|0|0|0|0|0|0|0|0|0|0

P|LEDOB6|27L|LEDOB|0|5
S|LEDOB|16614458|78684400| |IF|0|0|0|0|0|0|0|0|0|0|0|0|0
S|HS225|16997831|78510492| |TF|0|0|0|0|0|0|1|8500|0|0|0|0|0
S|HS124|17144808|78507361| |TF|0|0|0|0|0|0|1|7000|0|0|0|0|0
S|HS423|17147186|78628756| |TF|0|0|0|0|0|210|1|5600|0|0|0|0|0
S|VOHS|17240556|78428889| |VM|0|9000|0|0|0|0|0|0|0|0|0|0|0

P|LEDOB6|27R|LEDOB|0|5
S|LEDOB|16614458|78684400| |IF|0|0|0|0|0|0|0|0|0|0|0|0|0
S|HS225|16997831|78510492| |TF|0|0|0|0|0|0|1|8500|0|0|0|0|0
S|HS124|17144808|78507361| |TF|0|0|0|0|0|0|1|7000|0|0|0|0|0
S|HS423|17147186|78628756| |TF|0|0|0|0|0|210|1|5600|0|0|0|0|0
S|VOHS|17240556|78428889| |VM|0|9000|0|0|0|0|0|0|0|0|0|0|0

P|LEDOB8|09L|LEDOB|0|6
S|LEDOB|16614458|78684400| |IF|0|0|0|0|0|0|0|0|0|0|0|0|0
S|HS225|16997831|78510492| |TF|0|0|0|0|0|0|0|0|0|0|0|0|0
S|HS226|17143547|78444119| |TF|0|0|0|0|0|0|1|8500|0|0|0|0|0
S|HS321|17141214|78329547| |TF|0|0|0|0|0|0|1|7000|0|0|0|0|0
S|HS228|17139367|78240553| |TF|0|0|0|0|0|210|1|3600|0|0|0|0|0
S|VOHS|17240556|78428889| |VM|0|27000|0|0|0|0|0|0|0|0|0|0|0

P|LEDOB8|09R|LEDOB|0|6
S|LEDOB|16614458|78684400| |IF|0|0|0|0|0|0|0|0|0|0|0|0|0
S|HS225|16997831|78510492| |TF|0|0|0|0|0|0|0|0|0|0|0|0|0
S|HS226|17143547|78444119| |TF|0|0|0|0|0|0|1|8500|0|0|0|0|0
S|HS321|17141214|78329547| |TF|0|0|0|0|0|0|1|7000|0|0|0|0|0
S|HS228|17139367|78240553| |TF|0|0|0|0|0|210|1|3600|0|0|0|0|0
S|VOHS|17240556|78428889| |VM|0|27000|0|0|0|0|0|0|0|0|0|0|0

P|NAMSA6|27L|BOGAT|0|7
S|BOGAT|16359444|75998889| |IF|0|0|0|0|0|0|0|0|0|0|0|0|0
S|NAMSA|17264586|77745728| |TF|0|0|0|0|0|0|1|12500|0|1|0|0|0
S|NAMSA|17264586|77745728| |IF|0|0|0|0|0|0|1|12500|0|0|0|0|0
S|HS321|17141214|78329547| |TF|0|0|0|0|0|0|1|8500|0|1|0|0|0
S|HS124|17144808|78507361| |TF|0|0|0|0|0|0|1|7000|0|0|0|0|0
S|HS423|17147186|78628756| |TF|0|0|0|0|0|210|1|5600|0|0|0|0|0
S|VOHS|17240556|78428889| |VM|0|9000|0|0|0|0|0|0|0|0|0|0|0

P|NAMSA6|27R|BOGAT|0|7
S|BOGAT|16359444|75998889| |IF|0|0|0|0|0|0|0|0|0|0|0|0|0
S|NAMSA|17264586|77745728| |TF|0|0|0|0|0|0|1|12500|0|1|0|0|0
S|NAMSA|17264586|77745728| |IF|0|0|0|0|0|0|1|12500|0|0|0|0|0
S|HS321|17141214|78329547| |TF|0|0|0|0|0|0|1|8500|0|1|0|0|0
S|HS124|17144808|78507361| |TF|0|0|0|0|0|0|1|7000|0|0|0|0|0
S|HS423|17147186|78628756| |TF|0|0|0|0|0|210|1|5600|0|0|0|0|0
S|VOHS|17240556|78428889| |VM|0|9000|0|0|0|0|0|0|0|0|0|0|0

P|NAMSA6|27L|PONIP|0|7
S|PONIP|17313611|76803056| |IF|0|0|0|0|0|0|0|0|0|0|0|0|0
S|NAMSA|17264586|77745728| |TF|0|0|0|0|0|0|1|12500|0|1|0|0|0
S|NAMSA|17264586|77745728| |IF|0|0|0|0|0|0|1|12500|0|0|0|0|0
S|HS321|17141214|78329547| |TF|0|0|0|0|0|0|1|8500|0|1|0|0|0
S|HS124|17144808|78507361| |TF|0|0|0|0|0|0|1|7000|0|0|0|0|0
S|HS423|17147186|78628756| |TF|0|0|0|0|0|210|1|5600|0|0|0|0|0
S|VOHS|17240556|78428889| |VM|0|9000|0|0|0|0|0|0|0|0|0|0|0

P|NAMSA6|27R|PONIP|0|7
S|PONIP|17313611|76803056| |IF|0|0|0|0|0|0|0|0|0|0|0|0|0
S|NAMSA|17264586|77745728| |TF|0|0|0|0|0|0|1|12500|0|1|0|0|0
S|NAMSA|17264586|77745728| |IF|0|0|0|0|0|0|1|12500|0|0|0|0|0
S|HS321|17141214|78329547| |TF|0|0|0|0|0|0|1|8500|0|1|0|0|0
S|HS124|17144808|78507361| |TF|0|0|0|0|0|0|1|7000|0|0|0|0|0
S|HS423|17147186|78628756| |TF|0|0|0|0|0|210|1|5600|0|0|0|0|0
S|VOHS|17240556|78428889| |VM|0|9000|0|0|0|0|0|0|0|0|0|0|0

P|NAMSA8|09L|BOGAT|0|5
S|BOGAT|16359444|75998889| |IF|0|0|0|0|0|0|0|0|0|0|0|0|0
S|NAMSA|17264586|77745728| |TF|0|0|0|0|0|0|1|12500|0|0|0|0|0
S|NAMSA|17264586|77745728| |IF|0|0|0|0|0|0|1|12500|0|0|0|0|0
S|HS223|17226092|78238714| |TF|0|0|0|0|0|210|1|3600|0|0|0|0|0
S|VOHS|17240556|78428889| |VM|0|9600|0|0|0|0|0|0|0|0|0|0|0

P|NAMSA8|09R|BOGAT|0|5
S|BOGAT|16359444|75998889| |IF|0|0|0|0|0|0|0|0|0|0|0|0|0
S|NAMSA|17264586|77745728| |TF|0|0|0|0|0|0|1|12500|0|0|0|0|0
S|NAMSA|17264586|77745728| |IF|0|0|0|0|0|0|1|12500|0|0|0|0|0
S|HS223|17226092|78238714| |TF|0|0|0|0|0|210|1|3600|0|0|0|0|0
S|VOHS|17240556|78428889| |VM|0|9600|0|0|0|0|0|0|0|0|0|0|0

P|NAMSA8|09L|PONIP|0|5
S|PONIP|17313611|76803056| |IF|0|0|0|0|0|0|0|0|0|0|0|0|0
S|NAMSA|17264586|77745728| |TF|0|0|0|0|0|0|1|12500|0|0|0|0|0
S|NAMSA|17264586|77745728| |IF|0|0|0|0|0|0|1|12500|0|0|0|0|0
S|HS223|17226092|78238714| |TF|0|0|0|0|0|210|1|3600|0|0|0|0|0
S|VOHS|17240556|78428889| |VM|0|9600|0|0|0|0|0|0|0|0|0|0|0

P|NAMSA8|09R|PONIP|0|5
S|PONIP|17313611|76803056| |IF|0|0|0|0|0|0|0|0|0|0|0|0|0
S|NAMSA|17264586|77745728| |TF|0|0|0|0|0|0|1|12500|0|0|0|0|0
S|NAMSA|17264586|77745728| |IF|0|0|0|0|0|0|1|12500|0|0|0|0|0
S|HS223|17226092|78238714| |TF|0|0|0|0|0|210|1|3600|0|0|0|0|0
S|VOHS|17240556|78428889| |VM|0|9600|0|0|0|0|0|0|0|0|0|0|0

P|NAMSA8|09L|SUSMA|0|7
S|SUSMA|17923056|77501389| |IF|0|0|0|0|0|0|1|25000|0|0|0|0|0
S|HS221|17587358|77623914| |TF|0|0|0|0|0|0|0|0|0|0|0|0|0
S|HS222|17343253|77716061| |TF|0|0|0|0|0|0|1|17000|0|0|0|0|0
S|NAMSA|17264586|77745728| |TF|0|0|0|0|0|0|1|12500|0|0|0|0|0
S|NAMSA|17264586|77745728| |IF|0|0|0|0|0|0|1|12500|0|0|0|0|0
S|HS223|17226092|78238714| |TF|0|0|0|0|0|210|1|3600|0|0|0|0|0
S|VOHS|17240556|78428889| |VM|0|9600|0|0|0|0|0|0|0|0|0|0|0

P|NAMSA8|09R|SUSMA|0|7
S|SUSMA|17923056|77501389| |IF|0|0|0|0|0|0|1|25000|0|0|0|0|0
S|HS221|17587358|77623914| |TF|0|0|0|0|0|0|0|0|0|0|0|0|0
S|HS222|17343253|77716061| |TF|0|0|0|0|0|0|1|17000|0|0|0|0|0
S|NAMSA|17264586|77745728| |TF|0|0|0|0|0|0|1|12500|0|0|0|0|0
S|NAMSA|17264586|77745728| |IF|0|0|0|0|0|0|1|12500|0|0|0|0|0
S|HS223|17226092|78238714| |TF|0|0|0|0|0|210|1|3600|0|0|0|0|0
S|VOHS|17240556|78428889| |VM|0|9600|0|0|0|0|0|0|0|0|0|0|0

P|PADNI8|09L|BBZ|0|7
S|BBZ|16537722|80835611| |IF|0|0|0|0|0|0|0|0|0|0|0|0|0
S|WADVI|17033786|79072056| |TF|0|0|0|0|0|0|0|0|0|0|0|0|0
S|PADNI|17082694|78905647| |TF|0|0|0|0|0|0|1|9000|0|1|0|0|0
S|HS224|17145497|78541722| |TF|0|0|0|0|0|0|1|8500|0|0|0|0|0
S|HS321|17141214|78329547| |TF|0|0|0|0|0|0|1|7000|0|0|0|0|0
S|HS228|17139367|78240553| |TF|0|0|0|0|0|210|1|3600|0|0|0|0|0
S|VOHS|17240556|78428889| |VM|0|27000|0|0|0|0|0|0|0|0|0|0|0

P|PADNI8|09R|BBZ|0|7
S|BBZ|16537722|80835611| |IF|0|0|0|0|0|0|0|0|0|0|0|0|0
S|WADVI|17033786|79072056| |TF|0|0|0|0|0|0|0|0|0|0|0|0|0
S|PADNI|17082694|78905647| |TF|0|0|0|0|0|0|1|9000|0|1|0|0|0
S|HS224|17145497|78541722| |TF|0|0|0|0|0|0|1|8500|0|0|0|0|0
S|HS321|17141214|78329547| |TF|0|0|0|0|0|0|1|7000|0|0|0|0|0
S|HS228|17139367|78240553| |TF|0|0|0|0|0|210|1|3600|0|0|0|0|0
S|VOHS|17240556|78428889| |VM|0|27000|0|0|0|0|0|0|0|0|0|0|0

P|RISOT6|27L|ANBAS|0|6
S|ANBAS|17242778|80140000| |IF|0|0|0|0|0|0|0|0|0|0|0|0|0
S|VITUR|17235478|79102325| |TF|0|0|0|0|0|0|0|0|0|0|0|0|0
S|RISOT|17233744|78928194| |TF|0|0|0|0|0|0|1|8500|0|1|0|0|0
S|RISOT|17233744|78928194| |IF|0|0|0|0|0|0|1|8500|0|0|0|0|0
S|HS424|17231481|78626986| |TF|0|0|0|0|0|0|1|3600|0|0|0|0|0
S|VOHS|17240556|78428889| |VM|0|27100|0|0|0|0|0|0|0|0|0|0|0

P|RISOT6|27R|ANBAS|0|6
S|ANBAS|17242778|80140000| |IF|0|0|0|0|0|0|0|0|0|0|0|0|0
S|VITUR|17235478|79102325| |TF|0|0|0|0|0|0|0|0|0|0|0|0|0
S|RISOT|17233744|78928194| |TF|0|0|0|0|0|0|1|8500|0|1|0|0|0
S|RISOT|17233744|78928194| |IF|0|0|0|0|0|0|1|8500|0|0|0|0|0
S|HS424|17231481|78626986| |TF|0|0|0|0|0|0|1|3600|0|0|0|0|0
S|VOHS|17240556|78428889| |VM|0|27100|0|0|0|0|0|0|0|0|0|0|0

P|RISOT6|27L|BBZ|0|6
S|BBZ|16537722|80835611| |IF|0|0|0|0|0|0|0|0|0|0|0|0|0
S|WADVI|17033786|79072056| |TF|0|0|0|0|0|0|0|0|0|0|0|0|0
S|RISOT|17233744|78928194| |TF|0|0|0|0|0|0|1|8500|0|1|0|0|0
S|RISOT|17233744|78928194| |IF|0|0|0|0|0|0|1|8500|0|0|0|0|0
S|HS424|17231481|78626986| |TF|0|0|0|0|0|0|1|3600|0|0|0|0|0
S|VOHS|17240556|78428889| |VM|0|27100|0|0|0|0|0|0|0|0|0|0|0

P|RISOT6|27R|BBZ|0|6
S|BBZ|16537722|80835611| |IF|0|0|0|0|0|0|0|0|0|0|0|0|0
S|WADVI|17033786|79072056| |TF|0|0|0|0|0|0|0|0|0|0|0|0|0
S|RISOT|17233744|78928194| |TF|0|0|0|0|0|0|1|8500|0|1|0|0|0
S|RISOT|17233744|78928194| |IF|0|0|0|0|0|0|1|8500|0|0|0|0|0
S|HS424|17231481|78626986| |TF|0|0|0|0|0|0|1|3600|0|0|0|0|0
S|VOHS|17240556|78428889| |VM|0|27100|0|0|0|0|0|0|0|0|0|0|0

P|SARKA6|27L|SAKRO|0|6
S|SAKRO|16566667|78296389| |IF|0|0|0|0|0|0|0|0|0|0|0|0|0
S|SARKA|16897258|78351053| |TF|0|0|0|0|0|0|1|9000|0|1|0|0|0
S|HS227|17142503|78391678| |TF|0|0|0|0|0|0|1|8500|0|0|0|0|0
S|HS124|17144808|78507361| |TF|0|0|0|0|0|0|1|7000|0|0|0|0|0
S|HS423|17147186|78628756| |TF|0|0|0|0|0|210|1|5600|0|0|0|0|0
S|VOHS|17240556|78428889| |VM|0|9000|0|0|0|0|0|0|0|0|0|0|0

P|SARKA6|27R|SAKRO|0|6
S|SAKRO|16566667|78296389| |IF|0|0|0|0|0|0|0|0|0|0|0|0|0
S|SARKA|16897258|78351053| |TF|0|0|0|0|0|0|1|9000|0|1|0|0|0
S|HS227|17142503|78391678| |TF|0|0|0|0|0|0|1|8500|0|0|0|0|0
S|HS124|17144808|78507361| |TF|0|0|0|0|0|0|1|7000|0|0|0|0|0
S|HS423|17147186|78628756| |TF|0|0|0|0|0|210|1|5600|0|0|0|0|0
S|VOHS|17240556|78428889| |VM|0|9000|0|0|0|0|0|0|0|0|0|0|0

P|SARKA8|09L|SAKRO|0|5
S|SAKRO|16566667|78296389| |IF|0|0|0|0|0|0|0|0|0|0|0|0|0
S|SARKA|16897258|78351053| |TF|0|0|0|0|0|0|1|9000|0|1|0|0|0
S|HS321|17141214|78329547| |TF|0|0|0|0|0|0|1|7000|0|0|0|0|0
S|HS228|17139367|78240553| |TF|0|0|0|0|0|210|1|3600|0|0|0|0|0
S|VOHS|17240556|78428889| |VM|0|27000|0|0|0|0|0|0|0|0|0|0|0

P|SARKA8|09R|SAKRO|0|5
S|SAKRO|16566667|78296389| |IF|0|0|0|0|0|0|0|0|0|0|0|0|0
S|SARKA|16897258|78351053| |TF|0|0|0|0|0|0|1|9000|0|1|0|0|0
S|HS321|17141214|78329547| |TF|0|0|0|0|0|0|1|7000|0|0|0|0|0
S|HS228|17139367|78240553| |TF|0|0|0|0|0|210|1|3600|0|0|0|0|0
S|VOHS|17240556|78428889| |VM|0|27000|0|0|0|0|0|0|0|0|0|0|0

P|VITUR8|09L|ANBAS|0|6
S|ANBAS|17242778|80140000| |IF|0|0|0|0|0|0|0|0|0|0|0|0|0
S|VITUR|17235478|79102325| |TF|0|0|0|0|0|0|0|0|0|0|0|0|0
S|HS224|17145497|78541722| |TF|0|0|0|0|0|0|1|8500|0|0|0|0|0
S|HS321|17141214|78329547| |TF|0|0|0|0|0|0|1|7000|0|0|0|0|0
S|HS228|17139367|78240553| |TF|0|0|0|0|0|210|1|3600|0|0|0|0|0
S|VOHS|17240556|78428889| |VM|0|27000|0|0|0|0|0|0|0|0|0|0|0

P|VITUR8|09R|ANBAS|0|6
S|ANBAS|17242778|80140000| |IF|0|0|0|0|0|0|0|0|0|0|0|0|0
S|VITUR|17235478|79102325| |TF|0|0|0|0|0|0|0|0|0|0|0|0|0
S|HS224|17145497|78541722| |TF|0|0|0|0|0|0|1|8500|0|0|0|0|0
S|HS321|17141214|78329547| |TF|0|0|0|0|0|0|1|7000|0|0|0|0|0
S|HS228|17139367|78240553| |TF|0|0|0|0|0|210|1|3600|0|0|0|0|0
S|VOHS|17240556|78428889| |VM|0|27000|0|0|0|0|0|0|0|0|0|0|0

