P|DOVI1C|ALL|DOVIN|0|3
S|DOVIN|11916944|108108056| |IF|0|0|0|0|0|0|0|0|0|0|0|0|0
S|VULIN|12397222|108117778| |TF|0|0|0|0|0|0|1|9000|0|0|0|0|0
S|BMT|12666528|108123000| |TF|0|0|0|0|0|0|1|6000|0|0|0|0|0

P|DOVI1D|ALL|DOVIN|0|2
S|DOVIN|11916944|108108056| |IF|0|0|0|0|0|0|0|0|0|0|0|0|0
S|VULIN|12397222|108117778| |TF|0|0|0|0|0|0|1|9000|0|0|0|0|0

P|DOVI2G|09|DOVIN|0|5
S|DOVIN|11916944|108108056| |IF|0|0|0|0|0|0|0|0|0|0|0|0|0
S|VULIN|12397222|108117778| |TF|0|0|0|0|0|0|1|10000|0|0|0|0|0
S|BM514|12568333|108085556| |TF|0|0|0|0|0|0|1|9000|0|0|0|0|0
S|BM513|12569722|108007222| |TF|0|0|0|0|0|0|1|7500|0|0|0|0|0
S|BM613|12571056|107929028| |TF|0|0|0|0|0|0|1|6000|0|0|0|0|0

P|DOVI2H|09|DOVIN|0|5
S|DOVIN|11916944|108108056| |IF|0|0|0|0|0|0|0|0|0|0|0|0|0
S|VULIN|12397222|108117778| |TF|0|0|0|0|0|0|1|10000|0|0|0|0|0
S|BM514|12568333|108085556| |TF|0|0|0|0|0|0|0|0|0|0|0|0|0
S|BM511|12769444|108088889| |TF|0|0|0|0|0|0|1|9000|0|0|0|0|0
S|BM612|12771917|107932444| |TF|0|0|0|0|0|0|1|6000|0|0|0|0|0

P|DOVI2J|27|DOVIN|0|3
S|DOVIN|11916944|108108056| |IF|0|0|0|0|0|0|0|0|0|0|0|0|0
S|VULIN|12397222|108117778| |TF|0|0|0|0|0|0|1|10000|0|0|0|0|0
S|BM913|12564806|108307194| |TF|0|0|0|0|0|0|1|6000|0|0|0|0|0

P|DOVI2K|27|DOVIN|0|5
S|DOVIN|11916944|108108056| |IF|0|0|0|0|0|0|0|0|0|0|0|0|0
S|VULIN|12397222|108117778| |TF|0|0|0|0|0|0|1|10000|0|0|0|0|0
S|BM811|12567500|108150000| |TF|0|0|0|0|0|0|0|0|0|0|0|0|0
S|BM812|12768333|108153333| |TF|0|0|0|0|0|0|1|9000|0|0|0|0|0
S|BM912|12765667|108310667| |TF|0|0|0|0|0|0|1|6000|0|0|0|0|0

P|ENGI1C|ALL|ENGIM|0|3
S|ENGIM|13340556|108139167| |IF|0|0|0|0|0|0|0|0|0|0|0|0|0
S|HINTO|12939167|108129722| |TF|0|0|0|0|0|0|1|9000|0|0|0|0|0
S|BMT|12666528|108123000| |TF|0|0|0|0|0|0|1|6000|0|0|0|0|0

P|ENGI1D|ALL|ENGIM|0|2
S|ENGIM|13340556|108139167| |IF|0|0|0|0|0|0|0|0|0|0|0|0|0
S|HINTO|12939167|108129722| |TF|0|0|0|0|0|0|1|9000|0|0|0|0|0

P|ENGI2G|09|ENGIM|0|3
S|ENGIM|13340556|108139167| |IF|0|0|0|0|0|0|0|0|0|0|0|0|0
S|HINTO|12939167|108129722| |TF|0|0|0|0|0|0|1|10000|0|0|0|0|0
S|BM612|12771917|107932444| |TF|0|0|0|0|0|0|1|6000|0|0|0|0|0

P|ENGI2H|09|ENGIM|0|6
S|ENGIM|13340556|108139167| |IF|0|0|0|0|0|0|0|0|0|0|0|0|0
S|HINTO|12939167|108129722| |TF|0|0|0|0|0|0|1|10000|0|0|0|0|0
S|BM511|12769444|108088889| |TF|0|0|0|0|0|0|0|0|0|0|0|0|0
S|BM514|12568333|108085556| |TF|0|0|0|0|0|0|1|9000|0|0|0|0|0
S|BM513|12569722|108007222| |TF|0|0|0|0|0|0|1|7500|0|0|0|0|0
S|BM613|12571056|107929028| |TF|0|0|0|0|0|0|1|6000|0|0|0|0|0

P|ENGI2J|27|ENGIM|0|3
S|ENGIM|13340556|108139167| |IF|0|0|0|0|0|0|0|0|0|0|0|0|0
S|HINTO|12939167|108129722| |TF|0|0|0|0|0|0|1|10000|0|0|0|0|0
S|BM912|12765667|108310667| |TF|0|0|0|0|0|0|1|6000|0|0|0|0|0

P|ENGI2K|27|ENGIM|0|5
S|ENGIM|13340556|108139167| |IF|0|0|0|0|0|0|0|0|0|0|0|0|0
S|HINTO|12939167|108129722| |TF|0|0|0|0|0|0|1|10000|0|0|0|0|0
S|BM812|12768333|108153333| |TF|0|0|0|0|0|0|0|0|0|0|0|0|0
S|BM811|12567500|108150000| |TF|0|0|0|0|0|0|1|9000|0|0|0|0|0
S|BM913|12564806|108307194| |TF|0|0|0|0|0|0|1|6000|0|0|0|0|0

P|ENRI1C|ALL|ENRIN|0|3
S|ENRIN|11190833|107323889| |IF|0|0|0|0|0|0|0|0|0|0|0|0|0
S|KONAO|12425833|107992778| |TF|0|0|0|0|0|0|1|9000|0|0|0|0|0
S|BMT|12666528|108123000| |TF|0|0|0|0|0|0|1|6000|0|0|0|0|0

P|ENRI1D|ALL|ENRIN|0|2
S|ENRIN|11190833|107323889| |IF|0|0|0|0|0|0|0|0|0|0|0|0|0
S|KONAO|12425833|107992778| |TF|0|0|0|0|0|0|1|9000|0|0|0|0|0

P|MEVO1C|ALL|MEVON|0|3
S|MEVON|13336389|108074167| |IF|0|0|0|0|0|0|0|0|0|0|0|0|0
S|ESANG|12939167|108103056| |TF|0|0|0|0|0|0|1|9000|0|0|0|0|0
S|BMT|12666528|108123000| |TF|0|0|0|0|0|0|1|6000|0|0|0|0|0

P|MEVO1D|ALL|MEVON|0|2
S|MEVON|13336389|108074167| |IF|0|0|0|0|0|0|0|0|0|0|0|0|0
S|ESANG|12939167|108103056| |TF|0|0|0|0|0|0|1|9000|0|0|0|0|0

P|MEVO2G|09|MEVON|0|3
S|MEVON|13336389|108074167| |IF|0|0|0|0|0|0|0|0|0|0|0|0|0
S|HINTO|12939167|108129722| |TF|0|0|0|0|0|0|1|10000|0|0|0|0|0
S|BM612|12771917|107932444| |TF|0|0|0|0|0|0|1|6000|0|0|0|0|0

P|MEVO2H|09|MEVON|0|6
S|MEVON|13336389|108074167| |IF|0|0|0|0|0|0|0|0|0|0|0|0|0
S|HINTO|12939167|108129722| |TF|0|0|0|0|0|0|1|10000|0|0|0|0|0
S|BM511|12769444|108088889| |TF|0|0|0|0|0|0|0|0|0|0|0|0|0
S|BM514|12568333|108085556| |TF|0|0|0|0|0|0|1|9000|0|0|0|0|0
S|BM513|12569722|108007222| |TF|0|0|0|0|0|0|1|7500|0|0|0|0|0
S|BM613|12571056|107929028| |TF|0|0|0|0|0|0|1|6000|0|0|0|0|0

P|MEVO2J|27|MEVON|0|3
S|MEVON|13336389|108074167| |IF|0|0|0|0|0|0|0|0|0|0|0|0|0
S|HINTO|12939167|108129722| |TF|0|0|0|0|0|0|1|10000|0|0|0|0|0
S|BM912|12765667|108310667| |TF|0|0|0|0|0|0|1|6000|0|0|0|0|0

P|MEVO2K|27|MEVON|0|5
S|MEVON|13336389|108074167| |IF|0|0|0|0|0|0|0|0|0|0|0|0|0
S|HINTO|12939167|108129722| |TF|0|0|0|0|0|0|1|10000|0|0|0|0|0
S|BM812|12768333|108153333| |TF|0|0|0|0|0|0|0|0|0|0|0|0|0
S|BM811|12567500|108150000| |TF|0|0|0|0|0|0|1|9000|0|0|0|0|0
S|BM913|12564806|108307194| |TF|0|0|0|0|0|0|1|6000|0|0|0|0|0

P|NOBI1C|ALL|NOBID|0|3
S|NOBID|13312222|108581944| |IF|0|0|0|0|0|0|0|0|0|0|0|0|0
S|MOLAN|12886944|108280278| |TF|0|0|0|0|0|0|1|8000|0|0|0|0|0
S|BMT|12666528|108123000| |TF|0|0|0|0|0|0|1|6000|0|0|0|0|0

P|NOBI1D|ALL|NOBID|0|2
S|NOBID|13312222|108581944| |IF|0|0|0|0|0|0|0|0|0|0|0|0|0
S|MOLAN|12886944|108280278| |TF|0|0|0|0|0|0|1|8000|0|0|0|0|0

P|NOBI2G|09|NOBID|0|5
S|NOBID|13312222|108581944| |IF|0|0|0|0|0|0|0|0|0|0|0|0|0
S|DOBLU|12829722|108338611| |TF|0|0|0|0|0|0|0|0|0|0|0|0|0
S|BM512|12766111|108286111| |TF|0|0|0|0|0|0|0|0|0|0|0|0|0
S|BM511|12769444|108088889| |TF|0|0|0|0|0|0|1|9000|0|0|0|0|0
S|BM612|12771917|107932444| |TF|0|0|0|0|0|0|1|6000|0|0|0|0|0

P|NOBI2J|27|NOBID|0|3
S|NOBID|13312222|108581944| |IF|0|0|0|0|0|0|0|0|0|0|0|0|0
S|DOBLU|12829722|108338611| |TF|0|0|0|0|0|0|1|7000|0|0|0|0|0
S|BM912|12765667|108310667| |TF|0|0|0|0|0|0|1|6000|0|0|0|0|0

P|ONEB2C|ALL|ONEBI|0|3
S|ONEBI|11938056|108308611| |IF|0|0|0|0|0|0|0|0|0|0|0|0|0
S|HOLAC|12406667|108189444| |TF|0|0|0|0|0|0|1|10000|0|0|0|0|0
S|BMT|12666528|108123000| |TF|0|0|0|0|0|0|1|6000|0|0|0|0|0

P|ONEB2D|ALL|ONEBI|0|2
S|ONEBI|11938056|108308611| |IF|0|0|0|0|0|0|0|0|0|0|0|0|0
S|HOLAC|12406667|108189444| |TF|0|0|0|0|0|0|1|10000|0|0|0|0|0

P|ONEB3G|09|ONEBI|0|5
S|ONEBI|11938056|108308611| |IF|0|0|0|0|0|0|0|0|0|0|0|0|0
S|VULIN|12397222|108117778| |TF|0|0|0|0|0|0|1|10000|0|0|0|0|0
S|BM514|12568333|108085556| |TF|0|0|0|0|0|0|1|9000|0|0|0|0|0
S|BM513|12569722|108007222| |TF|0|0|0|0|0|0|1|7500|0|0|0|0|0
S|BM613|12571056|107929028| |TF|0|0|0|0|0|0|1|6000|0|0|0|0|0

P|ONEB3H|09|ONEBI|0|5
S|ONEBI|11938056|108308611| |IF|0|0|0|0|0|0|0|0|0|0|0|0|0
S|VULIN|12397222|108117778| |TF|0|0|0|0|0|0|1|10000|0|0|0|0|0
S|BM514|12568333|108085556| |TF|0|0|0|0|0|0|0|0|0|0|0|0|0
S|BM511|12769444|108088889| |TF|0|0|0|0|0|0|1|9000|0|0|0|0|0
S|BM612|12771917|107932444| |TF|0|0|0|0|0|0|1|6000|0|0|0|0|0

P|ONEB3J|27|ONEBI|0|3
S|ONEBI|11938056|108308611| |IF|0|0|0|0|0|0|0|0|0|0|0|0|0
S|VULIN|12397222|108117778| |TF|0|0|0|0|0|0|1|10000|0|0|0|0|0
S|BM913|12564806|108307194| |TF|0|0|0|0|0|0|1|6000|0|0|0|0|0

P|ONEB3K|27|ONEBI|0|5
S|ONEBI|11938056|108308611| |IF|0|0|0|0|0|0|0|0|0|0|0|0|0
S|VULIN|12397222|108117778| |TF|0|0|0|0|0|0|1|10000|0|0|0|0|0
S|BM811|12567500|108150000| |TF|0|0|0|0|0|0|0|0|0|0|0|0|0
S|BM812|12768333|108153333| |TF|0|0|0|0|0|0|1|9000|0|0|0|0|0
S|BM912|12765667|108310667| |TF|0|0|0|0|0|0|1|6000|0|0|0|0|0

P|PATM2G|09|PATMA|0|3
S|PATMA|12336389|107810000| |IF|0|0|0|0|0|0|0|0|0|0|0|0|0
S|NUMRO|12505556|107895833| |TF|0|0|0|0|0|0|1|7000|0|0|0|0|0
S|BM613|12571056|107929028| |TF|0|0|0|0|0|0|1|6000|0|0|0|0|0

P|PATM2J|27|PATMA|0|5
S|PATMA|12336389|107810000| |IF|0|0|0|0|0|0|0|0|0|0|0|0|0
S|NUMRO|12505556|107895833| |TF|0|0|0|0|0|0|0|0|0|0|0|0|0
S|BM613|12571056|107929028| |TF|0|0|0|0|0|0|0|0|0|0|0|0|0
S|BM811|12567500|108150000| |TF|0|0|0|0|0|0|1|9000|0|0|0|0|0
S|BM913|12564806|108307194| |TF|0|0|0|0|0|0|1|6000|0|0|0|0|0

P|TANG1C|ALL|TANGO|0|2
S|TANGO|12450833|107951667| |IF|0|0|0|0|0|0|1|9000|0|0|0|0|0
S|BMT|12666528|108123000| |TF|0|0|0|0|0|0|1|6000|0|0|0|0|0

P|TSH1D|ALL|TSH|0|3
S|TSH|10818306|106650556| |IF|0|0|0|0|0|0|0|0|0|0|0|0|0
S|ANRAN|11350000|107069167| |TF|0|0|0|0|0|0|0|0|0|0|0|0|0
S|TANGO|12450833|107951667| |TF|0|0|0|0|0|0|1|9000|0|0|0|0|0

