P|ANKI1A|02L|ANKIN|0|4
S|ANKIN|11746778|108952139| |IF|0|0|0|0|0|0|3|13000|9000|0|0|0|0
S|CR027|11957556|109215917| |TF|0|0|0|0|0|0|1|6000|0|0|0|0|0
S|CR025|11914833|109335833| |TF|0|0|0|0|0|0|0|0|0|0|0|0|0
S|CR021|11784056|109287750| |TF|0|0|0|0|0|0|1|5000|0|0|0|0|0

P|ANKI1A|02R|ANKIN|0|4
S|ANKIN|11746778|108952139| |IF|0|0|0|0|0|0|3|13000|9000|0|0|0|0
S|CR027|11957556|109215917| |TF|0|0|0|0|0|0|1|6000|0|0|0|0|0
S|CR025|11914833|109335833| |TF|0|0|0|0|0|0|0|0|0|0|0|0|0
S|CR021|11784056|109287750| |TF|0|0|0|0|0|0|1|5000|0|0|0|0|0

P|BANK1A|02L|BANKE|0|4
S|BANKE|11897278|108865250| |IF|0|0|0|0|0|0|3|13000|11000|0|0|0|0
S|CR027|11957556|109215917| |TF|0|0|0|0|0|0|1|6000|0|0|0|0|0
S|CR025|11914833|109335833| |TF|0|0|0|0|0|0|0|0|0|0|0|0|0
S|CR021|11784056|109287750| |TF|0|0|0|0|0|0|1|5000|0|0|0|0|0

P|BANK1A|02R|BANKE|0|4
S|BANKE|11897278|108865250| |IF|0|0|0|0|0|0|3|13000|11000|0|0|0|0
S|CR027|11957556|109215917| |TF|0|0|0|0|0|0|1|6000|0|0|0|0|0
S|CR025|11914833|109335833| |TF|0|0|0|0|0|0|0|0|0|0|0|0|0
S|CR021|11784056|109287750| |TF|0|0|0|0|0|0|1|5000|0|0|0|0|0

P|BANK1C|20L|HAPHA|0|5
S|HAPHA|11530028|108718278| |IF|0|0|0|0|0|0|0|0|0|0|0|0|0
S|BANKE|11897278|108865250| |TF|0|0|0|0|0|0|3|13000|11000|0|0|0|0
S|BANKE|11897278|108865250| |IF|0|0|0|0|0|0|3|13000|11000|0|0|0|0
S|CR211|12035528|108973750| |TF|0|0|0|0|0|0|2|11000|0|0|0|0|0
S|CR209|12232444|109128528| |TF|0|0|0|0|0|0|1|6000|0|0|0|0|0

P|BANK1C|20R|HAPHA|0|5
S|HAPHA|11530028|108718278| |IF|0|0|0|0|0|0|0|0|0|0|0|0|0
S|BANKE|11897278|108865250| |TF|0|0|0|0|0|0|3|13000|11000|0|0|0|0
S|BANKE|11897278|108865250| |IF|0|0|0|0|0|0|3|13000|11000|0|0|0|0
S|CR211|12035528|108973750| |TF|0|0|0|0|0|0|2|11000|0|0|0|0|0
S|CR209|12232444|109128528| |TF|0|0|0|0|0|0|1|6000|0|0|0|0|0

P|COTU2A|02L|KAMGO|0|7
S|KAMGO|13287500|109101389| |IF|0|0|0|0|0|0|0|0|0|0|0|0|0
S|SIMME|12669611|109291056| |TF|0|0|0|0|0|0|0|0|0|0|0|0|0
S|COTUN|12342167|109322861| |TF|0|0|0|0|0|0|1|12000|0|0|0|0|0
S|COTUN|12342167|109322861| |IF|0|0|0|0|0|0|1|12000|0|0|0|0|0
S|CR026|12047361|109384611| |TF|0|0|0|0|0|0|1|9000|0|0|0|0|0
S|CR025|11914833|109335833| |TF|0|0|0|0|0|0|0|0|0|0|0|0|0
S|CR021|11784056|109287750| |TF|0|0|0|0|0|0|1|5000|0|0|0|0|0

P|COTU2A|02R|KAMGO|0|7
S|KAMGO|13287500|109101389| |IF|0|0|0|0|0|0|0|0|0|0|0|0|0
S|SIMME|12669611|109291056| |TF|0|0|0|0|0|0|0|0|0|0|0|0|0
S|COTUN|12342167|109322861| |TF|0|0|0|0|0|0|1|12000|0|0|0|0|0
S|COTUN|12342167|109322861| |IF|0|0|0|0|0|0|1|12000|0|0|0|0|0
S|CR026|12047361|109384611| |TF|0|0|0|0|0|0|1|9000|0|0|0|0|0
S|CR025|11914833|109335833| |TF|0|0|0|0|0|0|0|0|0|0|0|0|0
S|CR021|11784056|109287750| |TF|0|0|0|0|0|0|1|5000|0|0|0|0|0

P|COTU2A|02L|VEPAM|0|7
S|VEPAM|13966667|110000000| |IF|0|0|0|0|0|0|0|0|0|0|0|0|0
S|SIMME|12669611|109291056| |TF|0|0|0|0|0|0|0|0|0|0|0|0|0
S|COTUN|12342167|109322861| |TF|0|0|0|0|0|0|1|12000|0|0|0|0|0
S|COTUN|12342167|109322861| |IF|0|0|0|0|0|0|1|12000|0|0|0|0|0
S|CR026|12047361|109384611| |TF|0|0|0|0|0|0|1|9000|0|0|0|0|0
S|CR025|11914833|109335833| |TF|0|0|0|0|0|0|0|0|0|0|0|0|0
S|CR021|11784056|109287750| |TF|0|0|0|0|0|0|1|5000|0|0|0|0|0

P|COTU2A|02R|VEPAM|0|7
S|VEPAM|13966667|110000000| |IF|0|0|0|0|0|0|0|0|0|0|0|0|0
S|SIMME|12669611|109291056| |TF|0|0|0|0|0|0|0|0|0|0|0|0|0
S|COTUN|12342167|109322861| |TF|0|0|0|0|0|0|1|12000|0|0|0|0|0
S|COTUN|12342167|109322861| |IF|0|0|0|0|0|0|1|12000|0|0|0|0|0
S|CR026|12047361|109384611| |TF|0|0|0|0|0|0|1|9000|0|0|0|0|0
S|CR025|11914833|109335833| |TF|0|0|0|0|0|0|0|0|0|0|0|0|0
S|CR021|11784056|109287750| |TF|0|0|0|0|0|0|1|5000|0|0|0|0|0

P|COTU3B|20L|KAMGO|0|5
S|KAMGO|13287500|109101389| |IF|0|0|0|0|0|0|0|0|0|0|0|0|0
S|SIMME|12669611|109291056| |TF|0|0|0|0|0|0|1|12000|0|0|0|0|0
S|COTUN|12342167|109322861| |TF|0|0|0|0|0|0|3|8000|5400|0|0|0|0
S|COTUN|12342167|109322861| |IF|0|0|0|0|0|0|3|8000|5400|0|0|0|0
S|CR202|12248806|109306306| |TF|0|0|0|0|0|0|1|4000|0|0|0|0|0

P|COTU3B|20R|KAMGO|0|5
S|KAMGO|13287500|109101389| |IF|0|0|0|0|0|0|0|0|0|0|0|0|0
S|SIMME|12669611|109291056| |TF|0|0|0|0|0|0|1|12000|0|0|0|0|0
S|COTUN|12342167|109322861| |TF|0|0|0|0|0|0|3|8000|5400|0|0|0|0
S|COTUN|12342167|109322861| |IF|0|0|0|0|0|0|3|8000|5400|0|0|0|0
S|CR202|12248806|109306306| |TF|0|0|0|0|0|0|1|4000|0|0|0|0|0

P|COTU3B|20L|VEPAM|0|5
S|VEPAM|13966667|110000000| |IF|0|0|0|0|0|0|0|0|0|0|0|0|0
S|SIMME|12669611|109291056| |TF|0|0|0|0|0|0|1|12000|0|0|0|0|0
S|COTUN|12342167|109322861| |TF|0|0|0|0|0|0|3|8000|5400|0|0|0|0
S|COTUN|12342167|109322861| |IF|0|0|0|0|0|0|3|8000|5400|0|0|0|0
S|CR202|12248806|109306306| |TF|0|0|0|0|0|0|1|4000|0|0|0|0|0

P|COTU3B|20R|VEPAM|0|5
S|VEPAM|13966667|110000000| |IF|0|0|0|0|0|0|0|0|0|0|0|0|0
S|SIMME|12669611|109291056| |TF|0|0|0|0|0|0|1|12000|0|0|0|0|0
S|COTUN|12342167|109322861| |TF|0|0|0|0|0|0|3|8000|5400|0|0|0|0
S|COTUN|12342167|109322861| |IF|0|0|0|0|0|0|3|8000|5400|0|0|0|0
S|CR202|12248806|109306306| |TF|0|0|0|0|0|0|1|4000|0|0|0|0|0

P|HUNT2A|02L|NITOM|0|7
S|NITOM|12741944|110640278| |IF|0|0|0|0|0|0|0|0|0|0|0|0|0
S|LIGUN|12315111|109826111| |TF|0|0|0|0|0|0|0|0|0|0|0|0|0
S|HUNTA|12167444|109543139| |TF|0|0|0|0|0|0|1|12000|0|0|0|0|0
S|HUNTA|12167444|109543139| |IF|0|0|0|0|0|0|1|12000|0|0|0|0|0
S|CR026|12047361|109384611| |TF|0|0|0|0|0|0|1|9000|0|0|0|0|0
S|CR025|11914833|109335833| |TF|0|0|0|0|0|0|0|0|0|0|0|0|0
S|CR021|11784056|109287750| |TF|0|0|0|0|0|0|1|5000|0|0|0|0|0

P|HUNT2A|02R|NITOM|0|7
S|NITOM|12741944|110640278| |IF|0|0|0|0|0|0|0|0|0|0|0|0|0
S|LIGUN|12315111|109826111| |TF|0|0|0|0|0|0|0|0|0|0|0|0|0
S|HUNTA|12167444|109543139| |TF|0|0|0|0|0|0|1|12000|0|0|0|0|0
S|HUNTA|12167444|109543139| |IF|0|0|0|0|0|0|1|12000|0|0|0|0|0
S|CR026|12047361|109384611| |TF|0|0|0|0|0|0|1|9000|0|0|0|0|0
S|CR025|11914833|109335833| |TF|0|0|0|0|0|0|0|0|0|0|0|0|0
S|CR021|11784056|109287750| |TF|0|0|0|0|0|0|1|5000|0|0|0|0|0

P|HUNT2B|20L|NITOM|0|5
S|NITOM|12741944|110640278| |IF|0|0|0|0|0|0|0|0|0|0|0|0|0
S|LIGUN|12315111|109826111| |TF|0|0|0|0|0|0|0|0|0|0|0|0|0
S|HUNTA|12167444|109543139| |TF|0|0|0|0|0|0|2|7000|0|0|0|0|0
S|HUNTA|12167444|109543139| |IF|0|0|0|0|0|0|2|7000|0|0|0|0|0
S|CR201|12143028|109396222| |TF|0|0|0|0|0|0|1|5000|0|0|0|0|0

P|HUNT2B|20R|NITOM|0|5
S|NITOM|12741944|110640278| |IF|0|0|0|0|0|0|0|0|0|0|0|0|0
S|LIGUN|12315111|109826111| |TF|0|0|0|0|0|0|0|0|0|0|0|0|0
S|HUNTA|12167444|109543139| |TF|0|0|0|0|0|0|2|7000|0|0|0|0|0
S|HUNTA|12167444|109543139| |IF|0|0|0|0|0|0|2|7000|0|0|0|0|0
S|CR201|12143028|109396222| |TF|0|0|0|0|0|0|1|5000|0|0|0|0|0

P|NHAT1A|ALL|NHATA|0|2
S|NHATA|12226389|109201111| |IF|0|0|0|0|0|0|0|0|0|0|0|0|0
S|CRA|11994528|109219972| |TF|0|0|0|0|0|0|1|7500|0|0|0|0|0

P|NHAT1C|02L|NHATA|0|3
S|NHATA|12226389|109201111| |IF|0|0|0|0|0|0|0|0|0|0|0|0|0
S|D356H|12127950|109209131| |TF|0|0|0|0|0|0|1|7500|0|0|0|0|0
S|CRA|11994528|109219972| |TF|0|0|0|0|0|0|1|5300|0|0|0|0|0

P|PANC1A|ALL|PANCA|0|2
S|PANCA|11923611|108954167| |IF|0|0|0|0|0|0|0|0|0|0|0|0|0
S|CRA|11994528|109219972| |TF|0|0|0|0|0|0|1|7500|0|0|0|0|0

P|PANC1C|02L|PANCA|0|3
S|PANCA|11923611|108954167| |IF|0|0|0|0|0|0|0|0|0|0|0|0|0
S|D256H|11959486|109088675| |TF|0|0|0|0|0|0|1|7500|0|0|0|0|0
S|CRA|11994528|109219972| |TF|0|0|0|0|0|0|1|5300|0|0|0|0|0

P|PANL1B|20L|CHUTU|0|4
S|CHUTU|12354361|108633944| |IF|0|0|0|0|0|0|0|0|0|0|0|0|0
S|PANLU|12308750|109035000| |TF|0|0|0|0|0|0|3|9000|7000|0|0|0|0
S|PANLU|12308750|109035000| |IF|0|0|0|0|0|0|3|9000|7000|0|0|0|0
S|CR209|12232444|109128528| |TF|0|0|0|0|0|0|1|6000|0|0|0|0|0

P|PANL1B|20R|CHUTU|0|4
S|CHUTU|12354361|108633944| |IF|0|0|0|0|0|0|0|0|0|0|0|0|0
S|PANLU|12308750|109035000| |TF|0|0|0|0|0|0|3|9000|7000|0|0|0|0
S|PANLU|12308750|109035000| |IF|0|0|0|0|0|0|3|9000|7000|0|0|0|0
S|CR209|12232444|109128528| |TF|0|0|0|0|0|0|1|6000|0|0|0|0|0

P|PHUS1A|ALL|PHUSA|0|2
S|PHUSA|12123056|109462778| |IF|0|0|0|0|0|0|0|0|0|0|0|0|0
S|CRA|11994528|109219972| |TF|0|0|0|0|0|0|1|7500|0|0|0|0|0

P|PHUS1C|02L|PHUSA|0|3
S|PHUSA|12123056|109462778| |IF|0|0|0|0|0|0|0|0|0|0|0|0|0
S|D063H|12057947|109339794| |TF|0|0|0|0|0|0|1|7500|0|0|0|0|0
S|CRA|11994528|109219972| |TF|0|0|0|0|0|0|1|5300|0|0|0|0|0

P|SOTE1A|02L|BIDAM|0|6
S|BIDAM|12249139|108805694| |IF|0|0|0|0|0|0|0|8000|0|0|0|0|0
S|SOTEN|12186944|108907028| |TF|0|0|0|0|0|0|0|0|0|0|0|0|0
S|SOTEN|12186944|108907028| |IF|0|0|0|0|0|0|0|0|0|0|0|0|0
S|CR027|11957556|109215917| |TF|0|0|0|0|0|0|1|6000|0|0|0|0|0
S|CR025|11914833|109335833| |TF|0|0|0|0|0|0|0|0|0|0|0|0|0
S|CR021|11784056|109287750| |TF|0|0|0|0|0|0|1|5000|0|0|0|0|0

P|SOTE1A|02R|BIDAM|0|6
S|BIDAM|12249139|108805694| |IF|0|0|0|0|0|0|0|8000|0|0|0|0|0
S|SOTEN|12186944|108907028| |TF|0|0|0|0|0|0|0|0|0|0|0|0|0
S|SOTEN|12186944|108907028| |IF|0|0|0|0|0|0|0|0|0|0|0|0|0
S|CR027|11957556|109215917| |TF|0|0|0|0|0|0|1|6000|0|0|0|0|0
S|CR025|11914833|109335833| |TF|0|0|0|0|0|0|0|0|0|0|0|0|0
S|CR021|11784056|109287750| |TF|0|0|0|0|0|0|1|5000|0|0|0|0|0

P|SUID1A|ALL|SUIDA|0|2
S|SUIDA|11808889|109019167| |IF|0|0|0|0|0|0|0|0|0|0|0|0|0
S|CRA|11994528|109219972| |TF|0|0|0|0|0|0|1|7500|0|0|0|0|0

P|SUID1C|02L|SUIDA|0|3
S|SUIDA|11808889|109019167| |IF|0|0|0|0|0|0|1|9000|0|0|0|0|0
S|D228H|11902822|109120781| |TF|0|0|0|0|0|0|1|7500|0|0|0|0|0
S|CRA|11994528|109219972| |TF|0|0|0|0|0|0|1|5300|0|0|0|0|0

