P|FILM1E|ALL|FILMO|0|3
S|FILMO|-786667|134466667| |IF|0|0|0|0|0|0|0|0|0|0|0|0|0
S|BI60A|-710544|135204717| |TF|0|0|0|0|0|0|0|0|0|0|0|0|0
S|BIK|-1182472|136086139| |TF|0|0|0|0|0|0|0|0|0|0|0|0|0

P|FILM1H|11|FILMO|0|3
S|FILMO|-786667|134466667| |IF|0|0|0|0|0|0|0|0|0|0|0|0|0
S|AKDIL|-1017222|135101111| |TF|0|0|0|0|0|0|2|22000|0|0|0|0|0
S|RILGA|-1101139|135853583| |TF|0|0|0|0|0|0|1|3000|0|0|0|0|0

P|FILM1J|29|FILMO|0|6
S|FILMO|-786667|134466667| |IF|0|0|0|0|0|0|0|0|0|0|0|0|0
S|PARTA|-748611|134748333| |TF|0|0|0|0|0|0|2|22000|0|0|0|0|0
S|IGOLA|-878056|135720833| |TF|0|0|0|0|0|0|0|0|0|0|0|0|0
S|AKMES|-1011944|136103611| |TF|0|0|0|0|0|0|1|11000|0|0|0|0|0
S|NONIG|-1116389|136402500| |TF|0|0|0|0|0|0|0|0|0|0|0|0|0
S|HADEE|-1273806|136347417| |TF|0|0|0|0|0|0|0|0|0|0|0|0|0

P|IBOG1K|ALL|IBOGO|0|3
S|IBOGO|-2812778|136467222| |IF|0|0|0|0|0|0|0|0|0|0|0|0|0
S|BI60C|-2052706|136585556| |TF|0|0|0|0|0|0|0|0|0|0|0|0|0
S|BIK|-1182472|136086139| |TF|0|0|0|0|0|0|0|0|0|0|0|0|0

P|IBOG1N|11|IBOGO|0|6
S|IBOGO|-2812778|136467222| |IF|0|0|0|0|0|0|0|0|0|0|0|0|0
S|OLDAK|-2268611|136440278| |TF|0|0|0|0|0|0|2|22000|0|0|0|0|0
S|LESVA|-1593889|136407500| |TF|0|0|0|0|0|0|1|16000|0|0|0|0|0
S|IKAXI|-1338889|135944722| |TF|0|0|0|0|0|0|1|8000|0|0|0|0|0
S|LUMDO|-1258333|135798611| |TF|0|0|0|0|0|0|0|0|0|0|0|0|0
S|RILGA|-1101139|135853583| |TF|0|0|0|0|0|0|1|3000|0|0|0|0|0

P|IBOG1P|29|IBOGO|0|6
S|IBOGO|-2812778|136467222| |IF|0|0|0|0|0|0|0|0|0|0|0|0|0
S|DOSDA|-2429722|136448333| |TF|0|0|0|0|0|0|2|22000|0|0|0|0|0
S|KATGA|-1911111|136422778| |TF|0|0|0|0|0|0|2|14000|0|0|0|0|0
S|LESVA|-1593889|136407500| |TF|0|0|0|0|0|0|1|8000|0|0|0|0|0
S|PULAB|-1431111|136292500| |TF|0|0|0|0|0|0|0|0|0|0|0|0|0
S|HADEE|-1273806|136347417| |TF|0|0|0|0|0|0|0|0|0|0|0|0|0

P|JODR1F|ALL|JODRA|0|3
S|JODRA|-1777500|137958889| |IF|0|0|0|0|0|0|0|0|0|0|0|0|0
S|BI60D|-1199817|137084433| |TF|0|0|0|0|0|0|0|0|0|0|0|0|0
S|BIK|-1182472|136086139| |TF|0|0|0|0|0|0|0|0|0|0|0|0|0

P|JODR1J|29|JODRA|0|2
S|JODRA|-1777500|137958889| |IF|0|0|0|0|0|0|0|0|0|0|0|0|0
S|HADEE|-1273806|136347417| |TF|0|0|0|0|0|0|0|0|0|0|0|0|0

P|JODR1K|11|JODRA|0|6
S|JODRA|-1777500|137958889| |IF|0|0|0|0|0|0|0|0|0|0|0|0|0
S|AKUXA|-1718889|137461389| |TF|0|0|0|0|0|0|2|22000|0|0|0|0|0
S|LESVA|-1593889|136407500| |TF|0|0|0|0|0|0|1|16000|0|0|0|0|0
S|IKAXI|-1338889|135944722| |TF|0|0|0|0|0|0|1|8000|0|0|0|0|0
S|LUMDO|-1258333|135798611| |TF|0|0|0|0|0|0|0|0|0|0|0|0|0
S|RILGA|-1101139|135853583| |TF|0|0|0|0|0|0|1|3000|0|0|0|0|0

P|LINL1F|ALL|LINLU|0|3
S|LINLU|-2374722|137255000| |IF|0|0|0|0|0|0|0|0|0|0|0|0|0
S|BI60C|-2052706|136585556| |TF|0|0|0|0|0|0|0|0|0|0|0|0|0
S|BIK|-1182472|136086139| |TF|0|0|0|0|0|0|0|0|0|0|0|0|0

P|LINL1J|29|LINLU|0|5
S|LINLU|-2374722|137255000| |IF|0|0|0|0|0|0|0|0|0|0|0|0|0
S|IRTEB|-2186667|137050833| |TF|0|0|0|0|0|0|2|22000|0|0|0|0|0
S|LESVA|-1593889|136407500| |TF|0|0|0|0|0|0|1|8000|0|0|0|0|0
S|PULAB|-1431111|136292500| |TF|0|0|0|0|0|0|0|0|0|0|0|0|0
S|HADEE|-1273806|136347417| |TF|0|0|0|0|0|0|0|0|0|0|0|0|0

P|LINL1K|11|LINLU|0|6
S|LINLU|-2374722|137255000| |IF|0|0|0|0|0|0|0|0|0|0|0|0|0
S|IGEBU|-1763333|136591389| |TF|0|0|0|0|0|0|0|0|0|0|0|0|0
S|LESVA|-1593889|136407500| |TF|0|0|0|0|0|0|1|16000|0|0|0|0|0
S|IKAXI|-1338889|135944722| |TF|0|0|0|0|0|0|1|8000|0|0|0|0|0
S|LUMDO|-1258333|135798611| |TF|0|0|0|0|0|0|0|0|0|0|0|0|0
S|RILGA|-1101139|135853583| |TF|0|0|0|0|0|0|1|3000|0|0|0|0|0

P|NOBY1F|ALL|NOBBY|0|2
S|NOBBY|-2798333|135648333| |IF|0|0|0|0|0|0|0|0|0|0|0|0|0
S|BIK|-1182472|136086139| |TF|0|0|0|0|0|0|0|0|0|0|0|0|0

P|NOBY1J|29|NOBBY|0|7
S|NOBBY|-2798333|135648333| |IF|0|0|0|0|0|0|0|0|0|0|0|0|0
S|VIMUR|-2136111|135669722| |TF|0|0|0|0|0|0|2|22000|0|0|0|0|0
S|IDISO|-1465833|135691667| |TF|0|0|0|0|0|0|0|0|0|0|0|0|0
S|LEGAV|-1223889|135699444| |TF|0|0|0|0|0|0|1|16000|0|0|0|0|0
S|RUVGA|-1322222|135981111| |TF|0|0|0|0|0|0|1|11000|0|0|0|0|0
S|PULAB|-1431111|136292500| |TF|0|0|0|0|0|0|0|0|0|0|0|0|0
S|HADEE|-1273806|136347417| |TF|0|0|0|0|0|0|0|0|0|0|0|0|0

P|NOBY1K|11|NOBBY|0|6
S|NOBBY|-2798333|135648333| |IF|0|0|0|0|0|0|0|0|0|0|0|0|0
S|URDAN|-2298611|135664722| |TF|0|0|0|0|0|0|2|22000|0|0|0|0|0
S|OVMER|-1632222|135686111| |TF|0|0|0|0|0|0|2|10000|0|0|0|0|0
S|IDISO|-1465833|135691667| |TF|0|0|0|0|0|0|0|0|0|0|0|0|0
S|LUMDO|-1258333|135798611| |TF|0|0|0|0|0|0|0|0|0|0|0|0|0
S|RILGA|-1101139|135853583| |TF|0|0|0|0|0|0|1|3000|0|0|0|0|0

P|ONTA1F|ALL|ONTAL|0|3
S|ONTAL|-1683889|134512778| |IF|0|0|0|0|0|0|0|0|0|0|0|0|0
S|BI60B|-1729642|135248606| |TF|0|0|0|0|0|0|0|0|0|0|0|0|0
S|BIK|-1182472|136086139| |TF|0|0|0|0|0|0|0|0|0|0|0|0|0

P|ONTA1J|29|ONTAL|0|7
S|ONTAL|-1683889|134512778| |IF|0|0|0|0|0|0|0|0|0|0|0|0|0
S|BAXOB|-1610556|134908889| |TF|0|0|0|0|0|0|2|22000|0|0|0|0|0
S|IDISO|-1465833|135691667| |TF|0|0|0|0|0|0|0|0|0|0|0|0|0
S|LEGAV|-1223889|135699444| |TF|0|0|0|0|0|0|1|16000|0|0|0|0|0
S|RUVGA|-1322222|135981111| |TF|0|0|0|0|0|0|1|11000|0|0|0|0|0
S|PULAB|-1431111|136292500| |TF|0|0|0|0|0|0|0|0|0|0|0|0|0
S|HADEE|-1273806|136347417| |TF|0|0|0|0|0|0|0|0|0|0|0|0|0

P|ONTA1K|11|ONTAL|0|6
S|ONTAL|-1683889|134512778| |IF|0|0|0|0|0|0|0|0|0|0|0|0|0
S|RUMIP|-1614167|134888611| |TF|0|0|0|0|0|0|2|22000|0|0|0|0|0
S|VEPOT|-1496111|135527778| |TF|0|0|0|0|0|0|2|11000|0|0|0|0|0
S|IDISO|-1465833|135691667| |TF|0|0|0|0|0|0|0|0|0|0|0|0|0
S|LUMDO|-1258333|135798611| |TF|0|0|0|0|0|0|0|0|0|0|0|0|0
S|RILGA|-1101139|135853583| |TF|0|0|0|0|0|0|1|3000|0|0|0|0|0

P|PEBD1F|ALL|PEBDA|0|3
S|PEBDA|-2398889|134938056| |IF|0|0|0|0|0|0|0|0|0|0|0|0|0
S|BI60B|-1729642|135248606| |TF|0|0|0|0|0|0|0|0|0|0|0|0|0
S|BIK|-1182472|136086139| |TF|0|0|0|0|0|0|0|0|0|0|0|0|0

P|PEBD1J|29|PEBDA|0|6
S|PEBDA|-2398889|134938056| |IF|0|0|0|0|0|0|0|0|0|0|0|0|0
S|IDISO|-1465833|135691667| |TF|0|0|0|0|0|0|0|0|0|0|0|0|0
S|LEGAV|-1223889|135699444| |TF|0|0|0|0|0|0|1|16000|0|0|0|0|0
S|RUVGA|-1322222|135981111| |TF|0|0|0|0|0|0|1|11000|0|0|0|0|0
S|PULAB|-1431111|136292500| |TF|0|0|0|0|0|0|0|0|0|0|0|0|0
S|HADEE|-1273806|136347417| |TF|0|0|0|0|0|0|0|0|0|0|0|0|0

P|PEBD1K|11|PEBDA|0|5
S|PEBDA|-2398889|134938056| |IF|0|0|0|0|0|0|0|0|0|0|0|0|0
S|OVMER|-1632222|135686111| |TF|0|0|0|0|0|0|2|10000|0|0|0|0|0
S|IDISO|-1465833|135691667| |TF|0|0|0|0|0|0|0|0|0|0|0|0|0
S|LUMDO|-1258333|135798611| |TF|0|0|0|0|0|0|0|0|0|0|0|0|0
S|RILGA|-1101139|135853583| |TF|0|0|0|0|0|0|1|3000|0|0|0|0|0

P|SEGL1E|ALL|SEGLO|0|3
S|SEGLO|-943333|134438611| |IF|0|0|0|0|0|0|0|0|0|0|0|0|0
S|BI60A|-710544|135204717| |TF|0|0|0|0|0|0|0|0|0|0|0|0|0
S|BIK|-1182472|136086139| |TF|0|0|0|0|0|0|0|0|0|0|0|0|0

P|SEGL1H|11|SEGLO|0|3
S|SEGLO|-943333|134438611| |IF|0|0|0|0|0|0|0|0|0|0|0|0|0
S|AKDIL|-1017222|135101111| |TF|0|0|0|0|0|0|2|22000|0|0|0|0|0
S|RILGA|-1101139|135853583| |TF|0|0|0|0|0|0|1|3000|0|0|0|0|0

P|SEGL1J|29|SEGLO|0|6
S|SEGLO|-943333|134438611| |IF|0|0|0|0|0|0|0|0|0|0|0|0|0
S|OMBAN|-1046111|134662778| |TF|0|0|0|0|0|0|2|22000|0|0|0|0|0
S|LEGAV|-1223889|135699444| |TF|0|0|0|0|0|0|1|16000|0|0|0|0|0
S|RUVGA|-1322222|135981111| |TF|0|0|0|0|0|0|1|11000|0|0|0|0|0
S|PULAB|-1431111|136292500| |TF|0|0|0|0|0|0|0|0|0|0|0|0|0
S|HADEE|-1273806|136347417| |TF|0|0|0|0|0|0|0|0|0|0|0|0|0

