P|MUDA1B|06|MUDAL|0|2
S|MUDAL|-906667|127163333| |IF|0|0|0|0|0|0|0|0|0|0|0|0|0
S|AKOTO|-612472|127295583| |TF|0|0|0|0|0|0|1|6000|0|0|0|0|0

P|PUNA1A|06|PUNAK|0|2
S|PUNAK|919444|128382500| |IF|0|0|0|0|0|0|0|0|0|0|0|0|0
S|AKOTO|-612472|127295583| |TF|0|0|0|0|0|0|1|6000|0|0|0|0|0

P|RUMB1M|06|RUMBO|0|2
S|RUMBO|-57222|125896944| |IF|0|0|0|0|0|0|0|0|0|0|0|0|0
S|AKOTO|-612472|127295583| |TF|0|0|0|0|0|0|1|6000|0|0|0|0|0

P|TRN1A|06|TRN|0|2
S|TRN|840917|127374611| |IF|0|0|0|0|0|0|0|0|0|0|0|0|0
S|AKOTO|-612472|127295583| |TF|0|0|0|0|0|0|1|6000|0|0|0|0|0

P|UGUB1A|06|UGUBI|0|2
S|UGUBI|1185000|127894167| |IF|0|0|0|0|0|0|0|0|0|0|0|0|0
S|AKOTO|-612472|127295583| |TF|0|0|0|0|0|0|1|6000|0|0|0|0|0

