P|BEGM1C|16|BEGMI|0|5
S|BEGMI|-9833333|140410000| |IF|0|0|0|0|0|0|0|0|0|0|0|0|0
S|KK427|-9427778|140540833| |TF|0|0|0|0|0|0|0|0|0|0|0|0|0
S|KK428|-8612500|140801667| |TF|0|0|0|0|0|0|2|12000|0|0|0|0|0
S|KK429|-8307778|140804167| |TF|0|0|0|0|0|0|2|8000|0|0|0|0|0
S|VELRO|-8319139|140360306| |TF|1|0|0|0|0|0|1|3000|0|0|0|0|0

P|BEGM1D|34|BEGMI|0|3
S|BEGMI|-9833333|140410000| |IF|0|0|0|0|0|0|0|0|0|0|0|0|0
S|KK639|-9387500|140447222| |TF|0|0|0|0|0|0|0|0|0|0|0|0|0
S|TUTKO|-8718583|140502639| |TF|0|0|0|0|0|0|1|3000|0|0|0|0|0

P|JOLI1C|16|JOLIA|0|5
S|JOLIA|-7600000|138000000| |IF|0|0|0|0|0|0|0|0|0|0|0|0|0
S|KK430|-7911944|138798333| |TF|0|0|0|0|0|0|0|0|0|0|0|0|0
S|KK431|-8140000|139406667| |TF|0|0|0|0|0|0|0|0|0|0|0|0|0
S|KK432|-8287500|139790833| |TF|0|0|0|0|0|0|2|9000|0|0|0|0|0
S|VELRO|-8319139|140360306| |TF|0|0|0|0|0|0|1|3000|0|0|0|0|0

P|JOLI1D|34|JOLIA|0|7
S|JOLIA|-7600000|138000000| |IF|0|0|0|0|0|0|0|0|0|0|0|0|0
S|KK637|-7703611|138438611| |TF|0|0|0|0|0|0|0|0|0|0|0|0|0
S|KK638|-8018889|139771111| |TF|0|0|0|0|0|0|0|0|0|0|0|0|0
S|KK634|-8071111|139991667| |TF|0|0|0|0|0|0|0|0|0|0|0|0|0
S|KK635|-8514722|140249444| |TF|0|0|0|0|0|0|1|11000|0|0|0|0|0
S|KK636|-8777222|140401667| |TF|0|0|0|0|0|0|0|0|0|0|0|0|0
S|TUTKO|-8718583|140502639| |TF|0|0|0|0|0|0|1|3000|0|0|0|0|0

P|MENA1C|16|MENAP|0|7
S|MENAP|-4100472|138956472| |IF|0|0|0|0|0|0|0|0|0|0|0|0|0
S|KK417|-5726111|139493333| |TF|0|0|0|0|0|0|0|0|0|0|0|0|0
S|KK421|-6656667|139915278| |TF|0|0|0|0|0|0|0|0|0|0|0|0|0
S|KK423|-6884722|140016111| |TF|0|0|0|0|0|0|0|0|0|0|0|0|0
S|KK424|-7924722|140270278| |TF|0|0|0|0|0|0|0|0|0|0|0|0|0
S|KK425|-8168333|140326667| |TF|0|0|0|0|0|0|0|0|0|0|0|0|0
S|VELRO|-8319139|140360306| |TF|0|0|0|0|0|0|1|3000|0|0|0|0|0

P|MENA1D|34|MENAP|0|8
S|MENAP|-4100472|138956472| |IF|0|0|0|0|0|0|0|0|0|0|0|0|0
S|KK417|-5726111|139493333| |TF|0|0|0|0|0|0|0|0|0|0|0|0|0
S|KK630|-6144444|139651944| |TF|0|0|0|0|0|0|0|0|0|0|0|0|0
S|KK631|-7638611|140218056| |TF|0|0|0|0|0|0|1|22000|0|0|0|0|0
S|KK627|-7977222|140346389| |TF|0|0|0|0|0|0|0|0|0|0|0|0|0
S|KK628|-8388611|140502222| |TF|0|0|0|0|0|0|1|11000|0|0|0|0|0
S|KK629|-8672500|140609722| |TF|0|0|0|0|0|0|0|0|0|0|0|0|0
S|TUTKO|-8718583|140502639| |TF|0|0|0|0|0|0|1|3000|0|0|0|0|0

P|UBDU1C|16|UBDUT|0|6
S|UBDUT|-5808889|137956389| |IF|0|0|0|0|0|0|0|0|0|0|0|0|0
S|KK620|-6353611|138450278| |TF|0|0|0|0|0|0|0|0|0|0|0|0|0
S|KK426|-7448056|139583889| |TF|0|0|0|0|0|0|2|21000|0|0|0|0|0
S|KK418|-7994722|140146667| |TF|0|0|0|0|0|0|0|0|0|0|0|0|0
S|KK425|-8168333|140326667| |TF|0|0|0|0|0|0|0|0|0|0|0|0|0
S|VELRO|-8319139|140360306| |TF|0|0|0|0|0|0|1|3000|0|0|0|0|0

P|UBDU1D|34|UBDUT|0|8
S|UBDUT|-5808889|137956389| |IF|0|0|0|0|0|0|0|0|0|0|0|0|0
S|KK620|-6353611|138450278| |TF|0|0|0|0|0|0|0|0|0|0|0|0|0
S|KK632|-6690556|138752778| |TF|0|0|0|0|0|0|0|0|0|0|0|0|0
S|KK633|-7932500|139867500| |TF|0|0|0|0|0|0|0|0|0|0|0|0|0
S|KK634|-8071111|139991667| |TF|0|0|0|0|0|0|0|0|0|0|0|0|0
S|KK635|-8514722|140249444| |TF|0|0|0|0|0|0|1|11000|0|0|0|0|0
S|KK636|-8777222|140401667| |TF|0|0|0|0|0|0|0|0|0|0|0|0|0
S|TUTKO|-8718583|140502639| |TF|0|0|0|0|0|0|1|3000|0|0|0|0|0

P|UPNU1C|16|UPNUM|0|6
S|UPNUM|-6111667|140266667| |IF|0|0|0|0|0|0|0|0|0|0|0|0|0
S|KK422|-6646111|140095000| |TF|0|0|0|0|0|0|0|0|0|0|0|0|0
S|KK423|-6884722|140016111| |TF|0|0|0|0|0|0|0|0|0|0|0|0|0
S|KK424|-7924722|140270278| |TF|0|0|0|0|0|0|0|0|0|0|0|0|0
S|KK425|-8168333|140326667| |TF|0|0|0|0|0|0|0|0|0|0|0|0|0
S|VELRO|-8319139|140360306| |TF|0|0|0|0|0|0|1|3000|0|0|0|0|0

P|UPNU1D|34|UPNUM|0|7
S|UPNUM|-6111667|140266667| |IF|0|0|0|0|0|0|0|0|0|0|0|0|0
S|KK625|-6578611|140286667| |TF|0|0|0|0|0|0|0|0|0|0|0|0|0
S|KK626|-7615278|140330833| |TF|0|0|0|0|0|0|1|22000|0|0|0|0|0
S|KK627|-7977222|140346389| |TF|0|0|0|0|0|0|0|0|0|0|0|0|0
S|KK628|-8388611|140502222| |TF|0|0|0|0|0|0|1|11000|0|0|0|0|0
S|KK629|-8672500|140609722| |TF|0|0|0|0|0|0|0|0|0|0|0|0|0
S|TUTKO|-8718583|140502639| |TF|0|0|0|0|0|0|1|3000|0|0|0|0|0

