P|GUNA2P|ALL|GUNAN|0|6
S|GUNAN|1288333|103143611| |IF|0|0|0|0|0|0|0|0|0|0|0|0|0
S|ASUNA|996667|103165000| |TF|0|0|0|0|0|0|0|0|0|0|0|0|0
S|IBOXA|631667|103376111| |TF|0|0|0|0|0|0|1|17000|0|0|0|0|0
S|ASODU|501944|103451111| |TF|0|0|0|0|0|0|0|0|0|0|0|0|0
S|AKBIG|473611|103925833| |TF|0|0|0|0|0|0|2|10000|0|0|0|0|0
S|TUSPI|550333|104166444| |TF|0|0|0|0|0|0|1|6000|0|0|0|0|0

P|IGUT1P|ALL|IGUTU|0|2
S|IGUTU|-225278|104315833| |IF|0|0|0|0|0|0|0|0|0|0|0|0|0
S|TUSPI|550333|104166444| |TF|0|0|0|0|0|0|1|6000|0|0|0|0|0

P|MIBE2P|ALL|MIBEL|0|6
S|MIBEL|1397500|102137778| |IF|0|0|0|0|0|0|0|0|0|0|0|0|0
S|ASUNA|996667|103165000| |TF|0|0|0|0|0|0|0|0|0|0|0|0|0
S|IBOXA|631667|103376111| |TF|0|0|0|0|0|0|1|17000|0|0|0|0|0
S|ASODU|501944|103451111| |TF|0|0|0|0|0|0|0|0|0|0|0|0|0
S|AKBIG|473611|103925833| |TF|0|0|0|0|0|0|2|10000|0|0|0|0|0
S|TUSPI|550333|104166444| |TF|0|0|0|0|0|0|1|6000|0|0|0|0|0

P|TOMA2P|ALL|TOMAN|0|7
S|TOMAN|1363056|105788056| |IF|0|0|0|0|0|0|0|0|0|0|0|0|0
S|KARTO|1190000|105561944| |TF|0|0|0|0|0|0|0|0|0|0|0|0|0
S|GUNUD|1178333|105105000| |TF|0|0|0|0|0|0|0|0|0|0|0|0|0
S|UPSAN|760000|104910833| |TF|0|0|0|0|0|0|2|15000|0|0|0|0|0
S|SANUX|594444|104797778| |TF|0|0|0|0|0|0|0|0|0|0|0|0|0
S|OMLED|574722|104515556| |TF|0|0|0|0|0|0|1|11000|0|0|0|0|0
S|TUSPI|550333|104166444| |TF|0|0|0|0|0|0|1|6000|0|0|0|0|0

P|TUSN2P|ALL|TUSNU|0|4
S|TUSNU|567500|102352500| |IF|0|0|0|0|0|0|0|0|0|0|0|0|0
S|ASODU|501944|103451111| |TF|0|0|0|0|0|0|0|0|0|0|0|0|0
S|AKBIG|473611|103925833| |TF|0|0|0|0|0|0|2|10000|0|0|0|0|0
S|TUSPI|550333|104166444| |TF|0|0|0|0|0|0|1|6000|0|0|0|0|0

P|UGEB2P|ALL|UGEBO|0|5
S|UGEBO|636944|105408889| |IF|0|0|0|0|0|0|0|0|0|0|0|0|0
S|UPSAN|760000|104910833| |TF|0|0|0|0|0|0|2|15000|0|0|0|0|0
S|SANUX|594444|104797778| |TF|0|0|0|0|0|0|0|0|0|0|0|0|0
S|OMLED|574722|104515556| |TF|0|0|0|0|0|0|1|11000|0|0|0|0|0
S|TUSPI|550333|104166444| |TF|0|0|0|0|0|0|1|6000|0|0|0|0|0

