P|ALAD1C|14|ALADO|0|2
S|ALADO|-4697222|104547500| |IF|0|0|0|0|0|0|2|11000|0|0|0|0|0
S|AKITI|-5090833|105050361| |TF|0|0|0|0|0|0|1|3000|0|0|0|0|0

P|ALAD1D|32|ALADO|0|6
S|ALADO|-4697222|104547500| |IF|0|0|0|0|0|0|0|0|0|0|0|0|0
S|KABTU|-4941389|104966944| |TF|0|0|0|0|0|0|1|13000|0|0|0|0|0
S|ADGON|-5105278|105248611| |TF|0|0|0|0|0|0|1|9000|0|0|0|0|0
S|OPEPI|-5209722|105337500| |TF|0|0|0|0|0|0|1|7000|0|0|0|0|0
S|VENVA|-5330000|105440000| |TF|0|0|0|0|0|0|0|0|0|0|0|0|0
S|IDOGA|-5422361|105331833| |TF|0|0|0|0|0|0|1|3000|0|0|0|0|0

P|ALAD1F|32|ALADO|0|2
S|ALADO|-4697222|104547500| |IF|0|0|0|0|0|0|0|0|0|0|0|0|0
S|TKG|-5260339|105194147| |TF|0|0|0|0|0|0|0|0|0|0|0|0|0

P|BIDO1B|32|BIDOV|0|2
S|BIDOV|-5260278|106213333| |IF|0|0|0|0|0|0|0|0|0|0|0|0|0
S|TKG|-5260339|105194147| |TF|0|0|0|0|0|0|0|0|0|0|0|0|0

P|GUDB1G|14|GUDBA|0|4
S|GUDBA|-5562778|105554167| |IF|0|0|0|0|0|0|2|11000|0|0|0|0|0
S|VEMES|-5194167|105375278| |TF|0|0|0|0|0|0|1|9000|0|0|0|0|0
S|UKLES|-4998611|105158333| |TF|0|0|0|0|0|0|1|5000|0|0|0|0|0
S|AKITI|-5090833|105050361| |TF|0|0|0|0|0|0|1|3000|0|0|0|0|0

P|GUDB1H|32|GUDBA|0|2
S|GUDBA|-5562778|105554167| |IF|0|0|0|0|0|0|2|7000|0|0|0|0|0
S|IDOGA|-5422361|105331833| |TF|0|0|0|0|0|0|1|3000|0|0|0|0|0

P|RIMT1G|14|RIMTI|0|4
S|RIMTI|-5423611|105629722| |IF|0|0|0|0|0|0|1|12000|0|0|0|0|0
S|VEMES|-5194167|105375278| |TF|0|0|0|0|0|0|1|9000|0|0|0|0|0
S|UKLES|-4998611|105158333| |TF|0|0|0|0|0|0|1|5000|0|0|0|0|0
S|AKITI|-5090833|105050361| |TF|0|0|0|0|0|0|1|3000|0|0|0|0|0

P|RIMT1H|32|RIMTI|0|2
S|RIMTI|-5423611|105629722| |IF|0|0|0|0|0|0|2|7000|0|0|0|0|0
S|IDOGA|-5422361|105331833| |TF|0|0|0|0|0|0|1|3000|0|0|0|0|0

P|RIMT1K|32|RIMTI|0|2
S|RIMTI|-5423611|105629722| |IF|0|0|0|0|0|0|0|0|0|0|0|0|0
S|TKG|-5260339|105194147| |TF|0|0|0|0|0|0|0|0|0|0|0|0|0

P|TERK1G|14|TERKA|0|4
S|TERKA|-4233889|104960278| |IF|0|0|0|0|0|0|0|0|0|0|0|0|0
S|AVGOR|-4553611|105042500| |TF|0|0|0|0|0|0|2|11000|0|0|0|0|0
S|UKLES|-4998611|105158333| |TF|0|0|0|0|0|0|1|5000|0|0|0|0|0
S|AKITI|-5090833|105050361| |TF|0|0|0|0|0|0|1|3000|0|0|0|0|0

P|TERK1H|32|TERKA|0|6
S|TERKA|-4233889|104960278| |IF|0|0|0|0|0|0|0|0|0|0|0|0|0
S|BULRI|-4451111|105031389| |TF|0|0|0|0|0|0|1|13000|0|0|0|0|0
S|ADGON|-5105278|105248611| |TF|0|0|0|0|0|0|1|9000|0|0|0|0|0
S|OPEPI|-5209722|105337500| |TF|0|0|0|0|0|0|1|7000|0|0|0|0|0
S|VENVA|-5330000|105440000| |TF|0|0|0|0|0|0|0|0|0|0|0|0|0
S|IDOGA|-5422361|105331833| |TF|0|0|0|0|0|0|1|3000|0|0|0|0|0

P|TERK1K|32|TERKA|0|2
S|TERKA|-4233889|104960278| |IF|0|0|0|0|0|0|0|0|0|0|0|0|0
S|TKG|-5260339|105194147| |TF|0|0|0|0|0|0|0|0|0|0|0|0|0

P|TOLI1B|32|TOLIT|0|2
S|TOLIT|-4914444|104475278| |IF|0|0|0|0|0|0|0|0|0|0|0|0|0
S|TKG|-5260339|105194147| |TF|0|0|0|0|0|0|0|0|0|0|0|0|0

P|TOLI1K|14|TOLIT|0|3
S|TOLIT|-4914444|104475278| |IF|0|0|0|0|0|0|2|11000|0|0|0|0|0
S|DULAD|-5006667|104778611| |TF|0|0|0|0|0|0|1|7000|0|0|0|0|0
S|AKITI|-5090833|105050361| |TF|0|0|0|0|0|0|1|3000|0|0|0|0|0

P|TOLI1L|32|TOLIT|0|6
S|TOLIT|-4914444|104475278| |IF|0|0|0|0|0|0|0|0|0|0|0|0|0
S|KABTU|-4941389|104966944| |TF|0|0|0|0|0|0|1|13000|0|0|0|0|0
S|ADGON|-5105278|105248611| |TF|0|0|0|0|0|0|1|9000|0|0|0|0|0
S|OPEPI|-5209722|105337500| |TF|0|0|0|0|0|0|1|7000|0|0|0|0|0
S|VENVA|-5330000|105440000| |TF|0|0|0|0|0|0|0|0|0|0|0|0|0
S|IDOGA|-5422361|105331833| |TF|0|0|0|0|0|0|1|3000|0|0|0|0|0

P|UDOK1C|14|UDOKO|0|3
S|UDOKO|-3578889|105550000| |IF|0|0|0|0|0|0|0|0|0|0|0|0|0
S|UKLES|-4998611|105158333| |TF|0|0|0|0|0|0|1|5000|0|0|0|0|0
S|AKITI|-5090833|105050361| |TF|0|0|0|0|0|0|1|3000|0|0|0|0|0

P|UDOK1D|32|UDOKO|0|5
S|UDOKO|-3578889|105550000| |IF|0|0|0|0|0|0|0|0|0|0|0|0|0
S|ADGON|-5105278|105248611| |TF|0|0|0|0|0|0|1|9000|0|0|0|0|0
S|OPEPI|-5209722|105337500| |TF|0|0|0|0|0|0|1|7000|0|0|0|0|0
S|VENVA|-5330000|105440000| |TF|0|0|0|0|0|0|0|0|0|0|0|0|0
S|IDOGA|-5422361|105331833| |TF|0|0|0|0|0|0|1|3000|0|0|0|0|0

