P|AKPA1C|05|AKPAG|0|5
S|AKPAG|2356111|100530556| |IF|0|0|0|0|0|0|0|0|0|0|0|0|0
S|MOZES|2713889|99931111| |TF|0|0|0|0|0|0|2|23000|0|0|0|0|0
S|MAHIB|2978000|99127194| |TF|0|0|0|0|0|0|1|13000|0|0|0|0|0
S|ZAIDA|3310000|98796694| |TF|0|0|0|0|0|0|1|4000|0|0|0|0|0
S|POPAX|3439333|98673250| |TF|0|0|0|0|0|0|1|3000|0|0|0|0|0

P|AKPA1D|23|AKPAG|0|7
S|AKPAG|2356111|100530556| |IF|0|0|0|0|0|0|0|0|0|0|0|0|0
S|BUHIT|2579194|100156694| |TF|0|0|0|0|0|0|2|23000|0|0|0|0|0
S|MOZES|2713889|99931111| |TF|0|0|0|0|0|0|0|0|0|0|0|0|0
S|LAWAS|3251389|99515389| |TF|0|0|0|0|0|0|1|17000|0|0|0|0|0
S|ELMOM|3527778|99335278| |TF|0|0|0|0|0|0|1|10000|0|0|0|0|0
S|SUNTO|3690306|99176000| |TF|0|0|0|0|0|0|1|6000|0|0|0|0|0
S|HORAS|3818611|99050389| |TF|0|0|0|0|0|0|1|3000|0|0|0|0|0

P|AKPE1A|05|AKPER|0|5
S|AKPER|1774444|99575278| |IF|0|0|0|0|0|0|0|0|0|0|0|0|0
S|MOLNI|2436944|99233611| |TF|0|0|0|0|0|0|2|23000|0|0|0|0|0
S|MAHIB|2978000|99127194| |TF|0|0|0|0|0|0|1|13000|0|0|0|0|0
S|ZAIDA|3310000|98796694| |TF|0|0|0|0|0|0|1|4000|0|0|0|0|0
S|POPAX|3439333|98673250| |TF|0|0|0|0|0|0|1|3000|0|0|0|0|0

P|AKPE1B|23|AKPER|0|7
S|AKPER|1774444|99575278| |IF|0|0|0|0|0|0|0|0|0|0|0|0|0
S|FIRGO|2191694|99722194| |TF|0|0|0|0|0|0|2|23000|0|0|0|0|0
S|MOZES|2713889|99931111| |TF|0|0|0|0|0|0|0|0|0|0|0|0|0
S|LAWAS|3251389|99515389| |TF|0|0|0|0|0|0|1|17000|0|0|0|0|0
S|ELMOM|3527778|99335278| |TF|0|0|0|0|0|0|1|10000|0|0|0|0|0
S|SUNTO|3690306|99176000| |TF|0|0|0|0|0|0|1|6000|0|0|0|0|0
S|HORAS|3818611|99050389| |TF|0|0|0|0|0|0|1|3000|0|0|0|0|0

P|ANJU1B|05|ANJUA|0|4
S|ANJUA|2053056|98866111| |IF|0|0|0|0|0|0|0|0|0|0|0|0|0
S|MAHIB|2978000|99127194| |TF|0|0|0|0|0|0|1|13000|0|0|0|0|0
S|ZAIDA|3310000|98796694| |TF|0|0|0|0|0|0|1|4000|0|0|0|0|0
S|POPAX|3439333|98673250| |TF|0|0|0|0|0|0|1|3000|0|0|0|0|0

P|AVDI1E|05|AVDIN|0|6
S|AVDIN|4936389|97300278| |IF|0|0|0|0|0|0|0|0|0|0|0|0|0
S|MALUM|4751500|97951806| |TF|0|0|0|0|0|0|2|23000|0|0|0|0|0
S|KABUP|4201111|98175000| |TF|0|0|0|0|0|0|2|12000|0|0|0|0|0
S|ISKOS|3765556|98199444| |TF|0|0|0|0|0|0|1|11000|0|0|0|0|0
S|AKING|3562500|98545000| |TF|0|0|0|0|0|0|1|4000|0|0|0|0|0
S|POPAX|3439333|98673250| |TF|0|0|0|0|0|0|1|3000|0|0|0|0|0

P|AVDI1F|23|AVDIN|0|5
S|AVDIN|4936389|97300278| |IF|0|0|0|0|0|0|0|0|0|0|0|0|0
S|HOSTA|4696194|97497889| |TF|0|0|0|0|0|0|2|23000|0|0|0|0|0
S|APIGI|4486389|98346389| |TF|0|0|0|0|0|0|0|0|0|0|0|0|0
S|ASOTI|3945833|98925833| |TF|0|0|0|0|0|0|1|6000|0|0|0|0|0
S|HORAS|3818611|99050389| |TF|0|0|0|0|0|0|1|3000|0|0|0|0|0

P|BENB1C|05|BENBA|0|6
S|BENBA|2660278|97280000| |IF|0|0|0|0|0|0|0|0|0|0|0|0|0
S|POTOS|3300556|97517222| |TF|0|0|0|0|0|0|2|23000|0|0|0|0|0
S|OKABU|3441667|97606667| |TF|0|0|0|0|0|0|0|0|0|0|0|0|0
S|ISKOS|3765556|98199444| |TF|0|0|0|0|0|0|1|11000|0|0|0|0|0
S|AKING|3562500|98545000| |TF|0|0|0|0|0|0|1|4000|0|0|0|0|0
S|POPAX|3439333|98673250| |TF|0|0|0|0|0|0|1|3000|0|0|0|0|0

P|BENB1D|23|BENBA|0|6
S|BENBA|2660278|97280000| |IF|0|0|0|0|0|0|0|0|0|0|0|0|0
S|OLOAN|3088500|97390306| |TF|0|0|0|0|0|0|2|23000|0|0|0|0|0
S|OKABU|3441667|97606667| |TF|0|0|0|0|0|0|0|0|0|0|0|0|0
S|GANCI|3854611|98687111| |TF|0|0|0|0|0|0|1|11000|0|0|0|0|0
S|ASOTI|3945833|98925833| |TF|0|0|0|0|0|0|1|6000|0|0|0|0|0
S|HORAS|3818611|99050389| |TF|0|0|0|0|0|0|1|3000|0|0|0|0|0

P|DOTM1A|05|DOTMA|0|5
S|DOTMA|1363056|99346389| |IF|0|0|0|0|0|0|0|0|0|0|0|0|0
S|MOLNI|2436944|99233611| |TF|0|0|0|0|0|0|2|23000|0|0|0|0|0
S|MAHIB|2978000|99127194| |TF|0|0|0|0|0|0|1|13000|0|0|0|0|0
S|ZAIDA|3310000|98796694| |TF|0|0|0|0|0|0|1|4000|0|0|0|0|0
S|POPAX|3439333|98673250| |TF|0|0|0|0|0|0|1|3000|0|0|0|0|0

P|DOTM1B|23|DOTMA|0|7
S|DOTMA|1363056|99346389| |IF|0|0|0|0|0|0|0|0|0|0|0|0|0
S|FIRGO|2191694|99722194| |TF|0|0|0|0|0|0|2|23000|0|0|0|0|0
S|MOZES|2713889|99931111| |TF|0|0|0|0|0|0|0|0|0|0|0|0|0
S|LAWAS|3251389|99515389| |TF|0|0|0|0|0|0|1|17000|0|0|0|0|0
S|ELMOM|3527778|99335278| |TF|0|0|0|0|0|0|1|10000|0|0|0|0|0
S|SUNTO|3690306|99176000| |TF|0|0|0|0|0|0|1|6000|0|0|0|0|0
S|HORAS|3818611|99050389| |TF|0|0|0|0|0|0|1|3000|0|0|0|0|0

P|DUAM1J|05|DUAMO|0|7
S|DUAMO|5266111|97511389| |IF|0|0|0|0|0|0|0|0|0|0|0|0|0
S|NAULI|4997889|97851806| |TF|0|0|0|0|0|0|0|0|0|0|0|0|0
S|MALUM|4751500|97951806| |TF|0|0|0|0|0|0|2|23000|0|0|0|0|0
S|KABUP|4201111|98175000| |TF|0|0|0|0|0|0|2|12000|0|0|0|0|0
S|ISKOS|3765556|98199444| |TF|0|0|0|0|0|0|1|11000|0|0|0|0|0
S|AKING|3562500|98545000| |TF|0|0|0|0|0|0|1|4000|0|0|0|0|0
S|POPAX|3439333|98673250| |TF|0|0|0|0|0|0|1|3000|0|0|0|0|0

P|DUAM1K|23|DUAMO|0|5
S|DUAMO|5266111|97511389| |IF|0|0|0|0|0|0|0|0|0|0|0|0|0
S|TUMRU|4723611|98092500| |TF|0|0|0|0|0|0|2|23000|0|0|0|0|0
S|APIGI|4486389|98346389| |TF|0|0|0|0|0|0|0|0|0|0|0|0|0
S|ASOTI|3945833|98925833| |TF|0|0|0|0|0|0|1|6000|0|0|0|0|0
S|HORAS|3818611|99050389| |TF|0|0|0|0|0|0|1|3000|0|0|0|0|0

P|DUDE1C|05|DUDEN|0|6
S|DUDEN|3801111|96454167| |IF|0|0|0|0|0|0|0|0|0|0|0|0|0
S|LUKPI|3490833|97447500| |TF|0|0|0|0|0|0|2|23000|0|0|0|0|0
S|OKABU|3441667|97606667| |TF|0|0|0|0|0|0|0|0|0|0|0|0|0
S|ISKOS|3765556|98199444| |TF|0|0|0|0|0|0|1|11000|0|0|0|0|0
S|AKING|3562500|98545000| |TF|0|0|0|0|0|0|1|4000|0|0|0|0|0
S|POPAX|3439333|98673250| |TF|0|0|0|0|0|0|1|3000|0|0|0|0|0

P|DUDE1D|23|DUDEN|0|6
S|DUDEN|3801111|96454167| |IF|0|0|0|0|0|0|0|0|0|0|0|0|0
S|BURJU|3573306|97184694| |TF|0|0|0|0|0|0|2|23000|0|0|0|0|0
S|OKABU|3441667|97606667| |TF|0|0|0|0|0|0|0|0|0|0|0|0|0
S|GANCI|3854611|98687111| |TF|0|0|0|0|0|0|1|11000|0|0|0|0|0
S|ASOTI|3945833|98925833| |TF|0|0|0|0|0|0|1|6000|0|0|0|0|0
S|HORAS|3818611|99050389| |TF|0|0|0|0|0|0|1|3000|0|0|0|0|0

P|ELRO1C|05|ELROK|0|5
S|ELROK|2555833|100768611| |IF|0|0|0|0|0|0|0|0|0|0|0|0|0
S|MOZES|2713889|99931111| |TF|0|0|0|0|0|0|2|23000|0|0|0|0|0
S|MAHIB|2978000|99127194| |TF|0|0|0|0|0|0|1|13000|0|0|0|0|0
S|ZAIDA|3310000|98796694| |TF|0|0|0|0|0|0|1|4000|0|0|0|0|0
S|POPAX|3439333|98673250| |TF|0|0|0|0|0|0|1|3000|0|0|0|0|0

P|ELRO1D|23|ELROK|0|7
S|ELROK|2555833|100768611| |IF|0|0|0|0|0|0|0|0|0|0|0|0|0
S|MUARA|2631611|100195389| |TF|0|0|0|0|0|0|2|23000|0|0|0|0|0
S|MOZES|2713889|99931111| |TF|0|0|0|0|0|0|0|0|0|0|0|0|0
S|LAWAS|3251389|99515389| |TF|0|0|0|0|0|0|1|17000|0|0|0|0|0
S|ELMOM|3527778|99335278| |TF|0|0|0|0|0|0|1|10000|0|0|0|0|0
S|SUNTO|3690306|99176000| |TF|0|0|0|0|0|0|1|6000|0|0|0|0|0
S|HORAS|3818611|99050389| |TF|0|0|0|0|0|0|1|3000|0|0|0|0|0

P|GOTL2C|05|GOTLA|0|5
S|GOTLA|4291389|99332222| |IF|0|0|0|0|0|0|1|21000|0|0|0|0|0
S|UVUPI|4191111|99224722| |TF|0|0|0|0|0|0|1|18000|0|0|0|0|0
S|KANCA|3732694|98729000| |TF|0|0|0|0|0|0|1|6000|0|0|0|0|0
S|AKING|3562500|98545000| |TF|0|0|0|0|0|0|1|4000|0|0|0|0|0
S|POPAX|3439333|98673250| |TF|1|0|0|0|0|0|1|3000|0|0|0|0|0

P|GOTL2D|23|GOTLA|0|3
S|GOTLA|4291389|99332222| |IF|0|0|0|0|0|0|2|18000|0|0|0|0|0
S|ASOTI|3945833|98925833| |TF|0|0|0|0|0|0|1|6000|0|0|0|0|0
S|HORAS|3818611|99050389| |TF|1|0|0|0|0|0|1|3000|0|0|0|0|0

P|INAN1C|05|INANG|0|6
S|INANG|3370000|96482500| |IF|0|0|0|0|0|0|0|0|0|0|0|0|0
S|PALES|3431611|97440500| |TF|0|0|0|0|0|0|2|23000|0|0|0|0|0
S|OKABU|3441667|97606667| |TF|0|0|0|0|0|0|0|0|0|0|0|0|0
S|ISKOS|3765556|98199444| |TF|0|0|0|0|0|0|1|11000|0|0|0|0|0
S|AKING|3562500|98545000| |TF|0|0|0|0|0|0|1|4000|0|0|0|0|0
S|POPAX|3439333|98673250| |TF|0|0|0|0|0|0|1|3000|0|0|0|0|0

P|INAN1D|23|INANG|0|6
S|INANG|3370000|96482500| |IF|0|0|0|0|0|0|0|0|0|0|0|0|0
S|LUBUK|3415500|97196194| |TF|0|0|0|0|0|0|2|23000|0|0|0|0|0
S|OKABU|3441667|97606667| |TF|0|0|0|0|0|0|0|0|0|0|0|0|0
S|GANCI|3854611|98687111| |TF|0|0|0|0|0|0|1|11000|0|0|0|0|0
S|ASOTI|3945833|98925833| |TF|0|0|0|0|0|0|1|6000|0|0|0|0|0
S|HORAS|3818611|99050389| |TF|0|0|0|0|0|0|1|3000|0|0|0|0|0

P|LUHU1A|23|LUHUT|0|5
S|LUHUT|2669194|99274500| |IF|0|0|0|0|0|0|0|0|0|0|0|0|0
S|ELNED|2853611|99405278| |TF|0|0|0|0|0|0|2|14000|0|0|0|0|0
S|ELMOM|3527778|99335278| |TF|0|0|0|0|0|0|1|10000|0|0|0|0|0
S|SUNTO|3690306|99176000| |TF|0|0|0|0|0|0|1|6000|0|0|0|0|0
S|HORAS|3818611|99050389| |TF|0|0|0|0|0|0|1|3000|0|0|0|0|0

P|MAIM1C|05|MAIMU|0|7
S|MAIMU|4351389|96732778| |IF|0|0|0|0|0|0|0|0|0|0|0|0|0
S|JILAT|4408889|97189722| |TF|0|0|0|0|0|0|0|0|0|0|0|0|0
S|AISAH|4093694|97443611| |TF|0|0|0|0|0|0|2|23000|0|0|0|0|0
S|KAMTO|3986667|97720278| |TF|0|0|0|0|0|0|2|19000|0|0|0|0|0
S|ISKOS|3765556|98199444| |TF|0|0|0|0|0|0|1|11000|0|0|0|0|0
S|AKING|3562500|98545000| |TF|0|0|0|0|0|0|1|4000|0|0|0|0|0
S|POPAX|3439333|98673250| |TF|0|0|0|0|0|0|1|3000|0|0|0|0|0

P|MAIM1D|23|MAIMU|0|6
S|MAIMU|4351389|96732778| |IF|0|0|0|0|0|0|0|0|0|0|0|0|0
S|JILAT|4408889|97189722| |TF|0|0|0|0|0|0|2|23000|0|0|0|0|0
S|DOBMO|4443056|97698611| |TF|0|0|0|0|0|0|2|18000|0|0|0|0|0
S|APIGI|4486389|98346389| |TF|0|0|0|0|0|0|0|0|0|0|0|0|0
S|ASOTI|3945833|98925833| |TF|0|0|0|0|0|0|1|6000|0|0|0|0|0
S|HORAS|3818611|99050389| |TF|0|0|0|0|0|0|1|3000|0|0|0|0|0

P|MEDI2C|05|MEDIA|0|5
S|MEDIA|1945000|100045556| |IF|0|0|0|0|0|0|0|0|0|0|0|0|0
S|ZIYAN|2266389|99760000| |TF|0|0|0|0|0|0|2|23000|0|0|0|0|0
S|MAHIB|2978000|99127194| |TF|0|0|0|0|0|0|1|13000|0|0|0|0|0
S|ZAIDA|3310000|98796694| |TF|0|0|0|0|0|0|1|4000|0|0|0|0|0
S|POPAX|3439333|98673250| |TF|0|0|0|0|0|0|1|3000|0|0|0|0|0

P|MEDI2D|23|MEDIA|0|7
S|MEDIA|1945000|100045556| |IF|0|0|0|0|0|0|0|0|0|0|0|0|0
S|TENOT|2388056|99979722| |TF|0|0|0|0|0|0|2|23000|0|0|0|0|0
S|MOZES|2713889|99931111| |TF|0|0|0|0|0|0|0|0|0|0|0|0|0
S|LAWAS|3251389|99515389| |TF|0|0|0|0|0|0|1|17000|0|0|0|0|0
S|ELMOM|3527778|99335278| |TF|0|0|0|0|0|0|1|10000|0|0|0|0|0
S|SUNTO|3690306|99176000| |TF|0|0|0|0|0|0|1|6000|0|0|0|0|0
S|HORAS|3818611|99050389| |TF|0|0|0|0|0|0|1|3000|0|0|0|0|0

P|NOKE1C|05|NOKEL|0|5
S|NOKEL|1453333|99426667| |IF|0|0|0|0|0|0|0|0|0|0|0|0|0
S|MOLNI|2436944|99233611| |TF|0|0|0|0|0|0|2|23000|0|0|0|0|0
S|MAHIB|2978000|99127194| |TF|0|0|0|0|0|0|1|13000|0|0|0|0|0
S|ZAIDA|3310000|98796694| |TF|0|0|0|0|0|0|1|4000|0|0|0|0|0
S|POPAX|3439333|98673250| |TF|0|0|0|0|0|0|1|3000|0|0|0|0|0

P|NOKE1D|23|NOKEL|0|7
S|NOKEL|1453333|99426667| |IF|0|0|0|0|0|0|0|0|0|0|0|0|0
S|FIRGO|2191694|99722194| |TF|0|0|0|0|0|0|2|23000|0|0|0|0|0
S|MOZES|2713889|99931111| |TF|0|0|0|0|0|0|0|0|0|0|0|0|0
S|LAWAS|3251389|99515389| |TF|0|0|0|0|0|0|1|17000|0|0|0|0|0
S|ELMOM|3527778|99335278| |TF|0|0|0|0|0|0|1|10000|0|0|0|0|0
S|SUNTO|3690306|99176000| |TF|0|0|0|0|0|0|1|6000|0|0|0|0|0
S|HORAS|3818611|99050389| |TF|0|0|0|0|0|0|1|3000|0|0|0|0|0

P|OPUN1C|05|OPUNG|0|7
S|OPUNG|4522500|97009722| |IF|0|0|0|0|0|0|0|0|0|0|0|0|0
S|JILAT|4408889|97189722| |TF|0|0|0|0|0|0|0|0|0|0|0|0|0
S|AISAH|4093694|97443611| |TF|0|0|0|0|0|0|2|23000|0|0|0|0|0
S|KAMTO|3986667|97720278| |TF|0|0|0|0|0|0|2|19000|0|0|0|0|0
S|ISKOS|3765556|98199444| |TF|0|0|0|0|0|0|1|11000|0|0|0|0|0
S|AKING|3562500|98545000| |TF|0|0|0|0|0|0|1|4000|0|0|0|0|0
S|POPAX|3439333|98673250| |TF|0|0|0|0|0|0|1|3000|0|0|0|0|0

P|OPUN1D|23|OPUNG|0|6
S|OPUNG|4522500|97009722| |IF|0|0|0|0|0|0|0|0|0|0|0|0|0
S|JILAT|4408889|97189722| |TF|0|0|0|0|0|0|2|23000|0|0|0|0|0
S|DOBMO|4443056|97698611| |TF|0|0|0|0|0|0|2|18000|0|0|0|0|0
S|APIGI|4486389|98346389| |TF|0|0|0|0|0|0|0|0|0|0|0|0|0
S|ASOTI|3945833|98925833| |TF|0|0|0|0|0|0|1|6000|0|0|0|0|0
S|HORAS|3818611|99050389| |TF|0|0|0|0|0|0|1|3000|0|0|0|0|0

P|PAKA1C|05|PAKAM|0|7
S|PAKAM|4821944|96971389| |IF|0|0|0|0|0|0|0|0|0|0|0|0|0
S|JILAT|4408889|97189722| |TF|0|0|0|0|0|0|0|0|0|0|0|0|0
S|AISAH|4093694|97443611| |TF|0|0|0|0|0|0|2|23000|0|0|0|0|0
S|KAMTO|3986667|97720278| |TF|0|0|0|0|0|0|2|19000|0|0|0|0|0
S|ISKOS|3765556|98199444| |TF|0|0|0|0|0|0|1|11000|0|0|0|0|0
S|AKING|3562500|98545000| |TF|0|0|0|0|0|0|1|4000|0|0|0|0|0
S|POPAX|3439333|98673250| |TF|0|0|0|0|0|0|1|3000|0|0|0|0|0

P|PAKA1D|23|PAKAM|0|5
S|PAKAM|4821944|96971389| |IF|0|0|0|0|0|0|0|0|0|0|0|0|0
S|HOSTA|4696194|97497889| |TF|0|0|0|0|0|0|2|23000|0|0|0|0|0
S|APIGI|4486389|98346389| |TF|0|0|0|0|0|0|0|0|0|0|0|0|0
S|ASOTI|3945833|98925833| |TF|0|0|0|0|0|0|1|6000|0|0|0|0|0
S|HORAS|3818611|99050389| |TF|0|0|0|0|0|0|1|3000|0|0|0|0|0

P|PANJ1A|05|PANJA|0|4
S|PANJA|2752306|99082556| |IF|0|0|0|0|0|0|0|0|0|0|0|0|0
S|MAHIB|2978000|99127194| |TF|0|0|0|0|0|0|1|13000|0|0|0|0|0
S|ZAIDA|3310000|98796694| |TF|0|0|0|0|0|0|1|4000|0|0|0|0|0
S|POPAX|3439333|98673250| |TF|0|0|0|0|0|0|1|3000|0|0|0|0|0

P|PUGE2C|05|PUGER|0|5
S|PUGER|3399722|100291944| |IF|0|0|0|0|0|0|2|23000|0|0|0|0|0
S|BIDSI|3230000|99820556| |TF|0|0|0|0|0|0|2|15000|0|0|0|0|0
S|MAHIB|2978000|99127194| |TF|0|0|0|0|0|0|1|13000|0|0|0|0|0
S|ZAIDA|3310000|98796694| |TF|0|0|0|0|0|0|1|4000|0|0|0|0|0
S|POPAX|3439333|98673250| |TF|0|0|0|0|0|0|1|3000|0|0|0|0|0

P|PUGE2D|23|PUGER|0|4
S|PUGER|3399722|100291944| |IF|0|0|0|0|0|0|2|23000|0|0|0|0|0
S|ELMOM|3527778|99335278| |TF|0|0|0|0|0|0|1|10000|0|0|0|0|0
S|SUNTO|3690306|99176000| |TF|0|0|0|0|0|0|1|6000|0|0|0|0|0
S|HORAS|3818611|99050389| |TF|0|0|0|0|0|0|1|3000|0|0|0|0|0

P|TUNJ1C|05|TUNJA|0|5
S|TUNJA|2481111|100679444| |IF|0|0|0|0|0|0|0|0|0|0|0|0|0
S|MOZES|2713889|99931111| |TF|0|0|0|0|0|0|2|23000|0|0|0|0|0
S|MAHIB|2978000|99127194| |TF|0|0|0|0|0|0|1|13000|0|0|0|0|0
S|ZAIDA|3310000|98796694| |TF|0|0|0|0|0|0|1|4000|0|0|0|0|0
S|POPAX|3439333|98673250| |TF|0|0|0|0|0|0|1|3000|0|0|0|0|0

P|TUNJ1D|23|TUNJA|0|7
S|TUNJA|2481111|100679444| |IF|0|0|0|0|0|0|0|0|0|0|0|0|0
S|MUARA|2631611|100195389| |TF|0|0|0|0|0|0|2|23000|0|0|0|0|0
S|MOZES|2713889|99931111| |TF|0|0|0|0|0|0|0|0|0|0|0|0|0
S|LAWAS|3251389|99515389| |TF|0|0|0|0|0|0|1|17000|0|0|0|0|0
S|ELMOM|3527778|99335278| |TF|0|0|0|0|0|0|1|10000|0|0|0|0|0
S|SUNTO|3690306|99176000| |TF|0|0|0|0|0|0|1|6000|0|0|0|0|0
S|HORAS|3818611|99050389| |TF|0|0|0|0|0|0|1|3000|0|0|0|0|0

P|UNVI1A|05|UNVIV|0|4
S|UNVIV|2272500|97960833| |IF|0|0|0|0|0|0|0|0|0|0|0|0|0
S|GEWAH|3479167|98197222| |TF|0|0|0|0|0|0|0|0|0|0|0|0|0
S|AKING|3562500|98545000| |TF|0|0|0|0|0|0|1|4000|0|0|0|0|0
S|POPAX|3439333|98673250| |TF|0|0|0|0|0|0|1|3000|0|0|0|0|0

P|UNVI1B|23|UNVIV|0|5
S|UNVIV|2272500|97960833| |IF|0|0|0|0|0|0|0|0|0|0|0|0|0
S|GEWAH|3479167|98197222| |TF|0|0|0|0|0|0|0|0|0|0|0|0|0
S|GANCI|3854611|98687111| |TF|0|0|0|0|0|0|1|11000|0|0|0|0|0
S|ASOTI|3945833|98925833| |TF|0|0|0|0|0|0|1|6000|0|0|0|0|0
S|HORAS|3818611|99050389| |TF|0|0|0|0|0|0|1|3000|0|0|0|0|0

P|YURL1B|23|YURLI|0|5
S|YURLI|2018889|99076944| |IF|0|0|0|0|0|0|0|0|0|0|0|0|0
S|ELNED|2853611|99405278| |TF|0|0|0|0|0|0|2|14000|0|0|0|0|0
S|ELMOM|3527778|99335278| |TF|0|0|0|0|0|0|1|10000|0|0|0|0|0
S|SUNTO|3690306|99176000| |TF|0|0|0|0|0|0|1|6000|0|0|0|0|0
S|HORAS|3818611|99050389| |TF|0|0|0|0|0|0|1|3000|0|0|0|0|0

