P|GUPT1G|ALL|GUPTA|0|12
S|GUPTA|2163300|102641700| |IF|0|0|0|0|0|0|2|23000|0|0|0|0|0
S|KK802|2511403|102464314| |TF|0|0|0|0|0|0|0|0|0|0|0|0|0
S|KK803|2569192|102401644| |TF|0|0|0|0|0|0|0|0|0|0|0|0|0
S|VEKTO|2700144|102259597| |TF|0|0|0|0|0|0|2|17000|0|0|0|0|0
S|NUKPA|2801361|102162661| |TF|0|0|0|0|0|250|2|17000|0|0|0|0|0
S|KK804|2879822|102167489| |TF|0|0|0|0|0|0|0|0|0|0|0|0|0
S|KK805|2956867|102151958| |TF|0|0|0|0|0|0|0|0|0|0|0|0|0
S|KK806|3027250|102117125| |TF|0|0|0|0|0|0|0|0|0|0|0|0|0
S|KK807|3086172|102065356| |TF|0|0|0|0|0|0|0|0|0|0|0|0|0
S|KK808|3129622|102000172| |TF|0|0|0|0|0|0|0|0|0|0|0|0|0
S|KK809|3154628|101926014| |TF|0|0|0|0|0|250|0|0|0|0|0|0|0
S|EGURI|2858992|101868667| |TF|1|0|0|0|0|230|1|13000|0|0|0|0|0

P|GUPT1H|ALL|GUPTA|0|10
S|GUPTA|2163300|102641700| |IF|0|0|0|0|0|0|2|23000|0|0|0|0|0
S|PANKA|2277336|101645325| |TF|0|0|0|0|0|230|2|11000|0|0|0|0|0
S|LULKI|2378744|101547183| |TF|0|0|0|0|0|230|2|11000|0|0|0|0|0
S|KK881|2387842|101460961| |TF|0|0|0|0|0|0|0|0|0|0|0|0|0
S|KK882|2426050|101383025| |TF|0|0|0|0|0|0|0|0|0|0|0|0|0
S|KK883|2488767|101322772| |TF|0|0|0|0|0|0|0|0|0|0|0|0|0
S|KK884|2568431|101287481| |TF|0|0|0|0|0|0|0|0|0|0|0|0|0
S|KK885|2655433|101281411| |TF|0|0|0|0|0|0|0|0|0|0|0|0|0
S|KK886|2739275|101305303| |TF|0|0|0|0|0|230|0|0|0|0|0|0|0
S|MESUP|2629214|101529742| |TF|2|0|0|0|0|230|0|8000|0|0|0|0|0

P|GUPT1J|32L|GUPTA|0|10
S|GUPTA|2163300|102641700| |IF|0|0|0|0|0|0|2|23000|0|0|0|0|0
S|GUPTA|2163300|102641700| |IF|0|0|0|0|0|0|2|23000|0|0|0|0|0
S|VASDU|2395744|102411261| |TF|0|0|0|0|0|230|0|0|0|0|0|0|0
S|NUGLA|2365722|102328019| |TF|0|0|0|0|0|230|1|11000|0|0|0|0|0
S|KK841|2269044|102307856| |TF|0|0|0|0|0|0|0|0|0|0|0|0|0
S|KK842|2185056|102256019| |TF|0|0|0|0|0|0|0|0|0|0|0|0|0
S|KK843|2123947|102178753| |TF|0|0|0|0|0|0|0|0|0|0|0|0|0
S|KK844|2093100|102085356| |TF|0|0|0|0|0|0|0|0|0|0|0|0|0
S|KK845|2096250|101987092| |TF|0|0|0|0|0|230|0|0|0|0|0|0|0
S|SULDI|2374933|102045103| |TF|2|0|0|0|0|210|0|6000|0|0|0|0|0

P|GUPT1J|32R|GUPTA|0|10
S|GUPTA|2163300|102641700| |IF|0|0|0|0|0|0|2|23000|0|0|0|0|0
S|GUPTA|2163300|102641700| |IF|0|0|0|0|0|0|2|23000|0|0|0|0|0
S|VASDU|2395744|102411261| |TF|0|0|0|0|0|230|0|0|0|0|0|0|0
S|NUGLA|2365722|102328019| |TF|0|0|0|0|0|230|1|11000|0|0|0|0|0
S|KK841|2269044|102307856| |TF|0|0|0|0|0|0|0|0|0|0|0|0|0
S|KK842|2185056|102256019| |TF|0|0|0|0|0|0|0|0|0|0|0|0|0
S|KK843|2123947|102178753| |TF|0|0|0|0|0|0|0|0|0|0|0|0|0
S|KK844|2093100|102085356| |TF|0|0|0|0|0|0|0|0|0|0|0|0|0
S|KK845|2096250|101987092| |TF|0|0|0|0|0|230|0|0|0|0|0|0|0
S|SULDI|2374933|102045103| |TF|2|0|0|0|0|210|0|6000|0|0|0|0|0

P|GUPT1J|33|GUPTA|0|10
S|GUPTA|2163300|102641700| |IF|0|0|0|0|0|0|2|23000|0|0|0|0|0
S|GUPTA|2163300|102641700| |IF|0|0|0|0|0|0|2|23000|0|0|0|0|0
S|VASDU|2395744|102411261| |TF|0|0|0|0|0|230|0|0|0|0|0|0|0
S|NUGLA|2365722|102328019| |TF|0|0|0|0|0|230|1|11000|0|0|0|0|0
S|KK841|2269044|102307856| |TF|0|0|0|0|0|0|0|0|0|0|0|0|0
S|KK842|2185056|102256019| |TF|0|0|0|0|0|0|0|0|0|0|0|0|0
S|KK843|2123947|102178753| |TF|0|0|0|0|0|0|0|0|0|0|0|0|0
S|KK844|2093100|102085356| |TF|0|0|0|0|0|0|0|0|0|0|0|0|0
S|KK845|2096250|101987092| |TF|0|0|0|0|0|230|0|0|0|0|0|0|0
S|SULDI|2374933|102045103| |TF|2|0|0|0|0|210|0|6000|0|0|0|0|0

P|GUPT1K|14L|GUPTA|0|10
S|GUPTA|2163300|102641700| |IF|0|0|0|0|0|0|2|23000|0|0|0|0|0
S|GUPTA|2163300|102641700| |IF|0|0|0|0|0|0|2|23000|0|0|0|0|0
S|AKNOR|2860461|101985914| |TF|0|0|0|0|0|0|0|0|0|0|0|0|0
S|DAKBA|3452403|101428203| |TF|0|0|0|0|0|0|0|0|0|0|0|0|0
S|RIKMI|3378769|101272275| |TF|0|0|0|0|0|230|1|10000|0|0|0|0|0
S|KK831|3318569|101210108| |TF|0|0|0|0|0|0|0|0|0|0|0|0|0
S|KK832|3240253|101171914| |TF|0|0|0|0|0|0|0|0|0|0|0|0|0
S|KK833|3153525|101162681| |TF|0|0|0|0|0|0|0|0|0|0|0|0|0
S|KK834|3068856|101183517| |TF|0|0|0|0|0|230|0|0|0|0|0|0|0
S|NUPKU|3170550|101411936| |TF|1|0|0|0|0|210|1|5000|0|0|0|0|0

P|GUPT1K|14R|GUPTA|0|10
S|GUPTA|2163300|102641700| |IF|0|0|0|0|0|0|2|23000|0|0|0|0|0
S|GUPTA|2163300|102641700| |IF|0|0|0|0|0|0|2|23000|0|0|0|0|0
S|AKNOR|2860461|101985914| |TF|0|0|0|0|0|0|0|0|0|0|0|0|0
S|DAKBA|3452403|101428203| |TF|0|0|0|0|0|0|0|0|0|0|0|0|0
S|RIKMI|3378769|101272275| |TF|0|0|0|0|0|230|1|10000|0|0|0|0|0
S|KK831|3318569|101210108| |TF|0|0|0|0|0|0|0|0|0|0|0|0|0
S|KK832|3240253|101171914| |TF|0|0|0|0|0|0|0|0|0|0|0|0|0
S|KK833|3153525|101162681| |TF|0|0|0|0|0|0|0|0|0|0|0|0|0
S|KK834|3068856|101183517| |TF|0|0|0|0|0|230|0|0|0|0|0|0|0
S|NUPKU|3170550|101411936| |TF|1|0|0|0|0|210|1|5000|0|0|0|0|0

P|GUPT1K|15|GUPTA|0|10
S|GUPTA|2163300|102641700| |IF|0|0|0|0|0|0|2|23000|0|0|0|0|0
S|GUPTA|2163300|102641700| |IF|0|0|0|0|0|0|2|23000|0|0|0|0|0
S|AKNOR|2860461|101985914| |TF|0|0|0|0|0|0|0|0|0|0|0|0|0
S|DAKBA|3452403|101428203| |TF|0|0|0|0|0|0|0|0|0|0|0|0|0
S|RIKMI|3378769|101272275| |TF|0|0|0|0|0|230|1|10000|0|0|0|0|0
S|KK831|3318569|101210108| |TF|0|0|0|0|0|0|0|0|0|0|0|0|0
S|KK832|3240253|101171914| |TF|0|0|0|0|0|0|0|0|0|0|0|0|0
S|KK833|3153525|101162681| |TF|0|0|0|0|0|0|0|0|0|0|0|0|0
S|KK834|3068856|101183517| |TF|0|0|0|0|0|230|0|0|0|0|0|0|0
S|NUPKU|3170550|101411936| |TF|1|0|0|0|0|210|1|5000|0|0|0|0|0

P|GUPT3J|32L|GUPTA|0|4
S|GUPTA|2163300|102641700| |IF|0|0|0|0|0|0|3|23000|16000|0|0|0|0
S|GUPTA|2163300|102641700| |IF|0|0|0|0|0|0|3|23000|16000|0|0|0|0
S|KK892|2529083|101969394| |TF|0|0|0|0|0|0|0|0|0|0|0|0|0
S|KARBO|2469494|101881522| |TF|0|0|0|0|0|0|1|4500|0|0|0|0|0

P|GUPT3J|32R|GUPTA|0|4
S|GUPTA|2163300|102641700| |IF|0|0|0|0|0|0|3|23000|16000|0|0|0|0
S|GUPTA|2163300|102641700| |IF|0|0|0|0|0|0|3|23000|16000|0|0|0|0
S|KK892|2529083|101969394| |TF|0|0|0|0|0|0|0|0|0|0|0|0|0
S|KARBO|2469494|101881522| |TF|0|0|0|0|0|0|1|4500|0|0|0|0|0

P|GUPT3J|33|GUPTA|0|4
S|GUPTA|2163300|102641700| |IF|0|0|0|0|0|0|3|23000|16000|0|0|0|0
S|GUPTA|2163300|102641700| |IF|0|0|0|0|0|0|3|23000|16000|0|0|0|0
S|KK892|2529083|101969394| |TF|0|0|0|0|0|0|0|0|0|0|0|0|0
S|KARBO|2469494|101881522| |TF|0|0|0|0|0|0|1|4500|0|0|0|0|0

P|GUPT3K|14L|GUPTA|0|7
S|GUPTA|2163300|102641700| |IF|0|0|0|0|0|0|3|23000|22000|0|0|0|0
S|GUPTA|2163300|102641700| |IF|0|0|0|0|0|0|3|23000|22000|0|0|0|0
S|KK893|2626300|101904236| |TF|0|0|0|0|0|0|1|14000|0|0|0|0|0
S|KK894|2802875|101785858| |TF|0|0|0|0|0|0|0|0|0|0|0|0|0
S|KK895|2979042|101667772| |TF|0|0|0|0|0|0|0|0|0|0|0|0|0
S|KK896|3093494|101591028| |TF|0|0|0|0|0|0|1|6000|0|0|0|0|0
S|AREBU|3033986|101503208| |TF|0|0|0|0|0|0|1|4500|0|0|0|0|0

P|GUPT3K|14R|GUPTA|0|7
S|GUPTA|2163300|102641700| |IF|0|0|0|0|0|0|3|23000|22000|0|0|0|0
S|GUPTA|2163300|102641700| |IF|0|0|0|0|0|0|3|23000|22000|0|0|0|0
S|KK893|2626300|101904236| |TF|0|0|0|0|0|0|1|14000|0|0|0|0|0
S|KK894|2802875|101785858| |TF|0|0|0|0|0|0|0|0|0|0|0|0|0
S|KK895|2979042|101667772| |TF|0|0|0|0|0|0|0|0|0|0|0|0|0
S|KK896|3093494|101591028| |TF|0|0|0|0|0|0|1|6000|0|0|0|0|0
S|AREBU|3033986|101503208| |TF|0|0|0|0|0|0|1|4500|0|0|0|0|0

P|GUPT3K|15|GUPTA|0|7
S|GUPTA|2163300|102641700| |IF|0|0|0|0|0|0|3|23000|22000|0|0|0|0
S|GUPTA|2163300|102641700| |IF|0|0|0|0|0|0|3|23000|22000|0|0|0|0
S|KK893|2626300|101904236| |TF|0|0|0|0|0|0|1|14000|0|0|0|0|0
S|KK894|2802875|101785858| |TF|0|0|0|0|0|0|0|0|0|0|0|0|0
S|KK895|2979042|101667772| |TF|0|0|0|0|0|0|0|0|0|0|0|0|0
S|KK896|3093494|101591028| |TF|0|0|0|0|0|0|1|6000|0|0|0|0|0
S|AREBU|3033986|101503208| |TF|0|0|0|0|0|0|1|4500|0|0|0|0|0

P|KAKA1G|ALL|KAKAK|0|10
S|KAKAK|3769358|101229694| |IF|0|0|0|0|0|0|2|27000|0|0|0|0|0
S|LIBKI|3270353|101761439| |TF|0|0|0|0|0|0|0|0|0|0|0|0|0
S|RITLO|3138206|101922825| |TF|0|0|0|0|0|250|1|18000|0|0|0|0|0
S|KK811|3114589|101992864| |TF|0|0|0|0|0|0|0|0|0|0|0|0|0
S|KK812|3073556|102054425| |TF|0|0|0|0|0|0|0|0|0|0|0|0|0
S|KK813|3017906|102103319| |TF|0|0|0|0|0|0|0|0|0|0|0|0|0
S|KK814|2951433|102136219| |TF|0|0|0|0|0|0|0|0|0|0|0|0|0
S|KK815|2878667|102150889| |TF|0|0|0|0|0|0|0|0|0|0|0|0|0
S|KK816|2804564|102146331| |TF|0|0|0|0|0|250|0|0|0|0|0|0|0
S|EGURI|2858992|101868667| |TF|2|0|0|0|0|230|1|13000|0|0|0|0|0

P|KAKA1H|ALL|KAKAK|0|10
S|KAKAK|3769358|101229694| |IF|0|0|0|0|0|0|2|27000|0|0|0|0|0
S|KADKU|2804086|101244067| |TF|0|0|0|0|0|230|0|0|0|0|0|0|0
S|PAPGO|2731939|101320269| |TF|0|0|0|0|0|230|1|13000|0|0|0|0|0
S|KK872|2653686|101297969| |TF|0|0|0|0|0|0|0|0|0|0|0|0|0
S|KK873|2572486|101303633| |TF|0|0|0|0|0|0|0|0|0|0|0|0|0
S|KK874|2498133|101336569| |TF|0|0|0|0|0|0|0|0|0|0|0|0|0
S|KK875|2439594|101392803| |TF|0|0|0|0|0|0|0|0|0|0|0|0|0
S|KK876|2403933|101465544| |TF|0|0|0|0|0|0|0|0|0|0|0|0|0
S|KK877|2395444|101546019| |TF|0|0|0|0|0|230|0|0|0|0|0|0|0
S|MESUP|2629214|101529742| |TF|1|0|0|0|0|230|0|8000|0|0|0|0|0

P|KAKA1J|32L|KAKAK|0|12
S|KAKAK|3769358|101229694| |IF|0|0|0|0|0|0|2|27000|0|0|0|0|0
S|KAKAK|3769358|101229694| |IF|0|0|0|0|0|0|2|27000|0|0|0|0|0
S|LIBKI|3270353|101761439| |TF|0|0|0|0|0|0|0|0|0|0|0|0|0
S|VEKTO|2700144|102259597| |TF|0|0|0|0|0|0|0|0|0|0|0|0|0
S|VASDU|2395744|102411261| |TF|0|0|0|0|0|230|0|0|0|0|0|0|0
S|NUGLA|2365722|102328019| |TF|2|0|0|0|0|230|1|11000|0|0|0|0|0
S|KK841|2269044|102307856| |TF|0|0|0|0|0|0|0|0|0|0|0|0|0
S|KK842|2185056|102256019| |TF|0|0|0|0|0|0|0|0|0|0|0|0|0
S|KK843|2123947|102178753| |TF|0|0|0|0|0|0|0|0|0|0|0|0|0
S|KK844|2093100|102085356| |TF|0|0|0|0|0|0|0|0|0|0|0|0|0
S|KK845|2096250|101987092| |TF|0|0|0|0|0|230|0|0|0|0|0|0|0
S|SULDI|2374933|102045103| |TF|2|0|0|0|0|210|0|6000|0|0|0|0|0

P|KAKA1J|32R|KAKAK|0|12
S|KAKAK|3769358|101229694| |IF|0|0|0|0|0|0|2|27000|0|0|0|0|0
S|KAKAK|3769358|101229694| |IF|0|0|0|0|0|0|2|27000|0|0|0|0|0
S|LIBKI|3270353|101761439| |TF|0|0|0|0|0|0|0|0|0|0|0|0|0
S|VEKTO|2700144|102259597| |TF|0|0|0|0|0|0|0|0|0|0|0|0|0
S|VASDU|2395744|102411261| |TF|0|0|0|0|0|230|0|0|0|0|0|0|0
S|NUGLA|2365722|102328019| |TF|2|0|0|0|0|230|1|11000|0|0|0|0|0
S|KK841|2269044|102307856| |TF|0|0|0|0|0|0|0|0|0|0|0|0|0
S|KK842|2185056|102256019| |TF|0|0|0|0|0|0|0|0|0|0|0|0|0
S|KK843|2123947|102178753| |TF|0|0|0|0|0|0|0|0|0|0|0|0|0
S|KK844|2093100|102085356| |TF|0|0|0|0|0|0|0|0|0|0|0|0|0
S|KK845|2096250|101987092| |TF|0|0|0|0|0|230|0|0|0|0|0|0|0
S|SULDI|2374933|102045103| |TF|2|0|0|0|0|210|0|6000|0|0|0|0|0

P|KAKA1J|33|KAKAK|0|12
S|KAKAK|3769358|101229694| |IF|0|0|0|0|0|0|2|27000|0|0|0|0|0
S|KAKAK|3769358|101229694| |IF|0|0|0|0|0|0|2|27000|0|0|0|0|0
S|LIBKI|3270353|101761439| |TF|0|0|0|0|0|0|0|0|0|0|0|0|0
S|VEKTO|2700144|102259597| |TF|0|0|0|0|0|0|0|0|0|0|0|0|0
S|VASDU|2395744|102411261| |TF|0|0|0|0|0|230|0|0|0|0|0|0|0
S|NUGLA|2365722|102328019| |TF|2|0|0|0|0|230|1|11000|0|0|0|0|0
S|KK841|2269044|102307856| |TF|0|0|0|0|0|0|0|0|0|0|0|0|0
S|KK842|2185056|102256019| |TF|0|0|0|0|0|0|0|0|0|0|0|0|0
S|KK843|2123947|102178753| |TF|0|0|0|0|0|0|0|0|0|0|0|0|0
S|KK844|2093100|102085356| |TF|0|0|0|0|0|0|0|0|0|0|0|0|0
S|KK845|2096250|101987092| |TF|0|0|0|0|0|230|0|0|0|0|0|0|0
S|SULDI|2374933|102045103| |TF|2|0|0|0|0|210|0|6000|0|0|0|0|0

P|KAKA1K|14L|KAKAK|0|9
S|KAKAK|3769358|101229694| |IF|0|0|0|0|0|0|2|27000|0|0|0|0|0
S|KAKAK|3769358|101229694| |IF|0|0|0|0|0|0|2|27000|0|0|0|0|0
S|DAKBA|3452403|101428203| |TF|0|0|0|0|0|0|0|0|0|0|0|0|0
S|RIKMI|3378769|101272275| |TF|2|0|0|0|0|230|1|10000|0|0|0|0|0
S|KK831|3318569|101210108| |TF|0|0|0|0|0|0|0|0|0|0|0|0|0
S|KK832|3240253|101171914| |TF|0|0|0|0|0|0|0|0|0|0|0|0|0
S|KK833|3153525|101162681| |TF|0|0|0|0|0|0|0|0|0|0|0|0|0
S|KK834|3068856|101183517| |TF|0|0|0|0|0|230|0|0|0|0|0|0|0
S|NUPKU|3170550|101411936| |TF|1|0|0|0|0|210|1|5000|0|0|0|0|0

P|KAKA1K|14R|KAKAK|0|9
S|KAKAK|3769358|101229694| |IF|0|0|0|0|0|0|2|27000|0|0|0|0|0
S|KAKAK|3769358|101229694| |IF|0|0|0|0|0|0|2|27000|0|0|0|0|0
S|DAKBA|3452403|101428203| |TF|0|0|0|0|0|0|0|0|0|0|0|0|0
S|RIKMI|3378769|101272275| |TF|2|0|0|0|0|230|1|10000|0|0|0|0|0
S|KK831|3318569|101210108| |TF|0|0|0|0|0|0|0|0|0|0|0|0|0
S|KK832|3240253|101171914| |TF|0|0|0|0|0|0|0|0|0|0|0|0|0
S|KK833|3153525|101162681| |TF|0|0|0|0|0|0|0|0|0|0|0|0|0
S|KK834|3068856|101183517| |TF|0|0|0|0|0|230|0|0|0|0|0|0|0
S|NUPKU|3170550|101411936| |TF|1|0|0|0|0|210|1|5000|0|0|0|0|0

P|KAKA1K|15|KAKAK|0|9
S|KAKAK|3769358|101229694| |IF|0|0|0|0|0|0|2|27000|0|0|0|0|0
S|KAKAK|3769358|101229694| |IF|0|0|0|0|0|0|2|27000|0|0|0|0|0
S|DAKBA|3452403|101428203| |TF|0|0|0|0|0|0|0|0|0|0|0|0|0
S|RIKMI|3378769|101272275| |TF|2|0|0|0|0|230|1|10000|0|0|0|0|0
S|KK831|3318569|101210108| |TF|0|0|0|0|0|0|0|0|0|0|0|0|0
S|KK832|3240253|101171914| |TF|0|0|0|0|0|0|0|0|0|0|0|0|0
S|KK833|3153525|101162681| |TF|0|0|0|0|0|0|0|0|0|0|0|0|0
S|KK834|3068856|101183517| |TF|0|0|0|0|0|230|0|0|0|0|0|0|0
S|NUPKU|3170550|101411936| |TF|1|0|0|0|0|210|1|5000|0|0|0|0|0

P|KAKA3J|32L|KAKAK|0|5
S|KAKAK|3769358|101229694| |IF|0|0|0|0|0|0|3|27000|22000|0|0|0|0
S|KAKAK|3769358|101229694| |IF|0|0|0|0|0|0|3|27000|22000|0|0|0|0
S|EGURI|2858992|101868667| |TF|0|0|0|0|0|0|1|10000|0|0|0|0|0
S|KK892|2529083|101969394| |TF|0|0|0|0|0|0|0|0|0|0|0|0|0
S|KARBO|2469494|101881522| |TF|0|0|0|0|0|0|1|4500|0|0|0|0|0

P|KAKA3J|32R|KAKAK|0|5
S|KAKAK|3769358|101229694| |IF|0|0|0|0|0|0|3|27000|22000|0|0|0|0
S|KAKAK|3769358|101229694| |IF|0|0|0|0|0|0|3|27000|22000|0|0|0|0
S|EGURI|2858992|101868667| |TF|0|0|0|0|0|0|1|10000|0|0|0|0|0
S|KK892|2529083|101969394| |TF|0|0|0|0|0|0|0|0|0|0|0|0|0
S|KARBO|2469494|101881522| |TF|0|0|0|0|0|0|1|4500|0|0|0|0|0

P|KAKA3J|33|KAKAK|0|5
S|KAKAK|3769358|101229694| |IF|0|0|0|0|0|0|3|27000|22000|0|0|0|0
S|KAKAK|3769358|101229694| |IF|0|0|0|0|0|0|3|27000|22000|0|0|0|0
S|EGURI|2858992|101868667| |TF|0|0|0|0|0|0|1|10000|0|0|0|0|0
S|KK892|2529083|101969394| |TF|0|0|0|0|0|0|0|0|0|0|0|0|0
S|KARBO|2469494|101881522| |TF|0|0|0|0|0|0|1|4500|0|0|0|0|0

P|KAKA3K|14L|KAKAK|0|4
S|KAKAK|3769358|101229694| |IF|0|0|0|0|0|0|3|27000|16000|0|0|0|0
S|KAKAK|3769358|101229694| |IF|0|0|0|0|0|0|3|27000|16000|0|0|0|0
S|DAKBA|3452403|101428203| |TF|0|0|0|0|0|0|0|0|0|0|0|0|0
S|AREBU|3033986|101503208| |TF|0|0|0|0|0|0|1|4500|0|0|0|0|0

P|KAKA3K|14R|KAKAK|0|4
S|KAKAK|3769358|101229694| |IF|0|0|0|0|0|0|3|27000|16000|0|0|0|0
S|KAKAK|3769358|101229694| |IF|0|0|0|0|0|0|3|27000|16000|0|0|0|0
S|DAKBA|3452403|101428203| |TF|0|0|0|0|0|0|0|0|0|0|0|0|0
S|AREBU|3033986|101503208| |TF|0|0|0|0|0|0|1|4500|0|0|0|0|0

P|KAKA3K|15|KAKAK|0|4
S|KAKAK|3769358|101229694| |IF|0|0|0|0|0|0|3|27000|16000|0|0|0|0
S|KAKAK|3769358|101229694| |IF|0|0|0|0|0|0|3|27000|16000|0|0|0|0
S|DAKBA|3452403|101428203| |TF|0|0|0|0|0|0|0|0|0|0|0|0|0
S|AREBU|3033986|101503208| |TF|0|0|0|0|0|0|1|4500|0|0|0|0|0

P|NIRE1G|ALL|NIREN|0|11
S|NIREN|3501031|100548594| |IF|0|0|0|0|0|0|2|27000|0|0|0|0|0
S|BORDU|3345375|100894200| |TF|0|0|0|0|0|0|0|0|0|0|0|0|0
S|LIBKI|3270353|101761439| |TF|0|0|0|0|0|0|0|0|0|0|0|0|0
S|RITLO|3138206|101922825| |TF|0|0|0|0|0|250|1|18000|0|0|0|0|0
S|KK811|3114589|101992864| |TF|0|0|0|0|0|0|0|0|0|0|0|0|0
S|KK812|3073556|102054425| |TF|0|0|0|0|0|0|0|0|0|0|0|0|0
S|KK813|3017906|102103319| |TF|0|0|0|0|0|0|0|0|0|0|0|0|0
S|KK814|2951433|102136219| |TF|0|0|0|0|0|0|0|0|0|0|0|0|0
S|KK815|2878667|102150889| |TF|0|0|0|0|0|0|0|0|0|0|0|0|0
S|KK816|2804564|102146331| |TF|0|0|0|0|0|250|0|0|0|0|0|0|0
S|EGURI|2858992|101868667| |TF|2|0|0|0|0|230|1|13000|0|0|0|0|0

P|NIRE1H|ALL|NIREN|0|12
S|NIREN|3501031|100548594| |IF|0|0|0|0|0|0|2|27000|0|0|0|0|0
S|AKESO|3106300|100692186| |TF|0|0|0|0|0|0|0|0|0|0|0|0|0
S|KK871|2954122|100896947| |TF|0|0|0|0|0|0|0|0|0|0|0|0|0
S|KADKU|2804086|101244067| |TF|0|0|0|0|0|230|0|0|0|0|0|0|0
S|PAPGO|2731939|101320269| |TF|0|0|0|0|0|230|1|13000|0|0|0|0|0
S|KK872|2653686|101297969| |TF|0|0|0|0|0|0|0|0|0|0|0|0|0
S|KK873|2572486|101303633| |TF|0|0|0|0|0|0|0|0|0|0|0|0|0
S|KK874|2498133|101336569| |TF|0|0|0|0|0|0|0|0|0|0|0|0|0
S|KK875|2439594|101392803| |TF|0|0|0|0|0|0|0|0|0|0|0|0|0
S|KK876|2403933|101465544| |TF|0|0|0|0|0|0|0|0|0|0|0|0|0
S|KK877|2395444|101546019| |TF|0|0|0|0|0|230|0|0|0|0|0|0|0
S|MESUP|2629214|101529742| |TF|1|0|0|0|0|230|0|8000|0|0|0|0|0

P|NIRE1J|32L|NIREN|0|13
S|NIREN|3501031|100548594| |IF|0|0|0|0|0|0|2|27000|0|0|0|0|0
S|NIREN|3501031|100548594| |IF|0|0|0|0|0|0|2|27000|0|0|0|0|0
S|BORDU|3345375|100894200| |TF|0|0|0|0|0|0|0|0|0|0|0|0|0
S|LIBKI|3270353|101761439| |TF|0|0|0|0|0|0|0|0|0|0|0|0|0
S|VEKTO|2700144|102259597| |TF|0|0|0|0|0|0|0|0|0|0|0|0|0
S|VASDU|2395744|102411261| |TF|0|0|0|0|0|230|0|0|0|0|0|0|0
S|NUGLA|2365722|102328019| |TF|2|0|0|0|0|230|1|11000|0|0|0|0|0
S|KK841|2269044|102307856| |TF|0|0|0|0|0|0|0|0|0|0|0|0|0
S|KK842|2185056|102256019| |TF|0|0|0|0|0|0|0|0|0|0|0|0|0
S|KK843|2123947|102178753| |TF|0|0|0|0|0|0|0|0|0|0|0|0|0
S|KK844|2093100|102085356| |TF|0|0|0|0|0|0|0|0|0|0|0|0|0
S|KK845|2096250|101987092| |TF|0|0|0|0|0|230|0|0|0|0|0|0|0
S|SULDI|2374933|102045103| |TF|2|0|0|0|0|210|0|6000|0|0|0|0|0

P|NIRE1J|32R|NIREN|0|13
S|NIREN|3501031|100548594| |IF|0|0|0|0|0|0|2|27000|0|0|0|0|0
S|NIREN|3501031|100548594| |IF|0|0|0|0|0|0|2|27000|0|0|0|0|0
S|BORDU|3345375|100894200| |TF|0|0|0|0|0|0|0|0|0|0|0|0|0
S|LIBKI|3270353|101761439| |TF|0|0|0|0|0|0|0|0|0|0|0|0|0
S|VEKTO|2700144|102259597| |TF|0|0|0|0|0|0|0|0|0|0|0|0|0
S|VASDU|2395744|102411261| |TF|0|0|0|0|0|230|0|0|0|0|0|0|0
S|NUGLA|2365722|102328019| |TF|2|0|0|0|0|230|1|11000|0|0|0|0|0
S|KK841|2269044|102307856| |TF|0|0|0|0|0|0|0|0|0|0|0|0|0
S|KK842|2185056|102256019| |TF|0|0|0|0|0|0|0|0|0|0|0|0|0
S|KK843|2123947|102178753| |TF|0|0|0|0|0|0|0|0|0|0|0|0|0
S|KK844|2093100|102085356| |TF|0|0|0|0|0|0|0|0|0|0|0|0|0
S|KK845|2096250|101987092| |TF|0|0|0|0|0|230|0|0|0|0|0|0|0
S|SULDI|2374933|102045103| |TF|2|0|0|0|0|210|0|6000|0|0|0|0|0

P|NIRE1J|33|NIREN|0|13
S|NIREN|3501031|100548594| |IF|0|0|0|0|0|0|2|27000|0|0|0|0|0
S|NIREN|3501031|100548594| |IF|0|0|0|0|0|0|2|27000|0|0|0|0|0
S|BORDU|3345375|100894200| |TF|0|0|0|0|0|0|0|0|0|0|0|0|0
S|LIBKI|3270353|101761439| |TF|0|0|0|0|0|0|0|0|0|0|0|0|0
S|VEKTO|2700144|102259597| |TF|0|0|0|0|0|0|0|0|0|0|0|0|0
S|VASDU|2395744|102411261| |TF|0|0|0|0|0|230|0|0|0|0|0|0|0
S|NUGLA|2365722|102328019| |TF|2|0|0|0|0|230|1|11000|0|0|0|0|0
S|KK841|2269044|102307856| |TF|0|0|0|0|0|0|0|0|0|0|0|0|0
S|KK842|2185056|102256019| |TF|0|0|0|0|0|0|0|0|0|0|0|0|0
S|KK843|2123947|102178753| |TF|0|0|0|0|0|0|0|0|0|0|0|0|0
S|KK844|2093100|102085356| |TF|0|0|0|0|0|0|0|0|0|0|0|0|0
S|KK845|2096250|101987092| |TF|0|0|0|0|0|230|0|0|0|0|0|0|0
S|SULDI|2374933|102045103| |TF|2|0|0|0|0|210|0|6000|0|0|0|0|0

P|NIRE1K|14L|NIREN|0|10
S|NIREN|3501031|100548594| |IF|0|0|0|0|0|0|2|27000|0|0|0|0|0
S|NIREN|3501031|100548594| |IF|0|0|0|0|0|0|2|27000|0|0|0|0|0
S|ESDAP|3107378|100894669| |TF|0|0|0|0|0|0|0|0|0|0|0|0|0
S|SADGI|3001492|101110558| |TF|0|0|0|0|0|230|2|9000|0|0|0|0|0
S|VARLI|3062072|101168289| |TF|0|0|0|0|0|230|2|9000|0|0|0|0|0
S|KK822|3152389|101146061| |TF|0|0|0|0|0|0|0|0|0|0|0|0|0
S|KK823|3244897|101155908| |TF|0|0|0|0|0|0|0|0|0|0|0|0|0
S|KK824|3328439|101196650| |TF|0|0|0|0|0|0|0|0|0|0|0|0|0
S|KK825|3392650|101262961| |TF|0|0|0|0|0|230|0|0|0|0|0|0|0
S|NUPKU|3170550|101411936| |TF|2|0|0|0|0|210|1|5000|0|0|0|0|0

P|NIRE1K|14R|NIREN|0|10
S|NIREN|3501031|100548594| |IF|0|0|0|0|0|0|2|27000|0|0|0|0|0
S|NIREN|3501031|100548594| |IF|0|0|0|0|0|0|2|27000|0|0|0|0|0
S|ESDAP|3107378|100894669| |TF|0|0|0|0|0|0|0|0|0|0|0|0|0
S|SADGI|3001492|101110558| |TF|0|0|0|0|0|230|2|9000|0|0|0|0|0
S|VARLI|3062072|101168289| |TF|0|0|0|0|0|230|2|9000|0|0|0|0|0
S|KK822|3152389|101146061| |TF|0|0|0|0|0|0|0|0|0|0|0|0|0
S|KK823|3244897|101155908| |TF|0|0|0|0|0|0|0|0|0|0|0|0|0
S|KK824|3328439|101196650| |TF|0|0|0|0|0|0|0|0|0|0|0|0|0
S|KK825|3392650|101262961| |TF|0|0|0|0|0|230|0|0|0|0|0|0|0
S|NUPKU|3170550|101411936| |TF|2|0|0|0|0|210|1|5000|0|0|0|0|0

P|NIRE1K|15|NIREN|0|10
S|NIREN|3501031|100548594| |IF|0|0|0|0|0|0|2|27000|0|0|0|0|0
S|NIREN|3501031|100548594| |IF|0|0|0|0|0|0|2|27000|0|0|0|0|0
S|ESDAP|3107378|100894669| |TF|0|0|0|0|0|0|0|0|0|0|0|0|0
S|SADGI|3001492|101110558| |TF|0|0|0|0|0|230|2|9000|0|0|0|0|0
S|VARLI|3062072|101168289| |TF|0|0|0|0|0|230|2|9000|0|0|0|0|0
S|KK822|3152389|101146061| |TF|0|0|0|0|0|0|0|0|0|0|0|0|0
S|KK823|3244897|101155908| |TF|0|0|0|0|0|0|0|0|0|0|0|0|0
S|KK824|3328439|101196650| |TF|0|0|0|0|0|0|0|0|0|0|0|0|0
S|KK825|3392650|101262961| |TF|0|0|0|0|0|230|0|0|0|0|0|0|0
S|NUPKU|3170550|101411936| |TF|2|0|0|0|0|210|1|5000|0|0|0|0|0

P|NIRE3J|32L|NIREN|0|6
S|NIREN|3501031|100548594| |IF|0|0|0|0|0|0|3|27000|22000|0|0|0|0
S|NIREN|3501031|100548594| |IF|0|0|0|0|0|0|3|27000|22000|0|0|0|0
S|KADKU|2804086|101244067| |TF|0|0|0|0|0|0|0|0|0|0|0|0|0
S|MESUP|2629214|101529742| |TF|0|0|0|0|0|0|1|10000|0|0|0|0|0
S|KK889|2411575|101796136| |TF|0|0|0|0|0|0|0|0|0|0|0|0|0
S|KARBO|2469494|101881522| |TF|0|0|0|0|0|0|1|4500|0|0|0|0|0

P|NIRE3J|32R|NIREN|0|6
S|NIREN|3501031|100548594| |IF|0|0|0|0|0|0|3|27000|22000|0|0|0|0
S|NIREN|3501031|100548594| |IF|0|0|0|0|0|0|3|27000|22000|0|0|0|0
S|KADKU|2804086|101244067| |TF|0|0|0|0|0|0|0|0|0|0|0|0|0
S|MESUP|2629214|101529742| |TF|0|0|0|0|0|0|1|10000|0|0|0|0|0
S|KK889|2411575|101796136| |TF|0|0|0|0|0|0|0|0|0|0|0|0|0
S|KARBO|2469494|101881522| |TF|0|0|0|0|0|0|1|4500|0|0|0|0|0

P|NIRE3J|33|NIREN|0|6
S|NIREN|3501031|100548594| |IF|0|0|0|0|0|0|3|27000|22000|0|0|0|0
S|NIREN|3501031|100548594| |IF|0|0|0|0|0|0|3|27000|22000|0|0|0|0
S|KADKU|2804086|101244067| |TF|0|0|0|0|0|0|0|0|0|0|0|0|0
S|MESUP|2629214|101529742| |TF|0|0|0|0|0|0|1|10000|0|0|0|0|0
S|KK889|2411575|101796136| |TF|0|0|0|0|0|0|0|0|0|0|0|0|0
S|KARBO|2469494|101881522| |TF|0|0|0|0|0|0|1|4500|0|0|0|0|0

P|NIRE3K|14L|NIREN|0|5
S|NIREN|3501031|100548594| |IF|0|0|0|0|0|0|3|27000|22000|0|0|0|0
S|NIREN|3501031|100548594| |IF|0|0|0|0|0|0|3|27000|22000|0|0|0|0
S|SADGI|3001492|101110558| |TF|0|0|0|0|0|0|0|0|0|0|0|0|0
S|KK730|2926189|101344175| |TF|0|0|0|0|0|0|2|7000|0|0|0|0|0
S|AREBU|3033986|101503208| |TF|0|0|0|0|0|0|1|4500|0|0|0|0|0

P|NIRE3K|14R|NIREN|0|5
S|NIREN|3501031|100548594| |IF|0|0|0|0|0|0|3|27000|22000|0|0|0|0
S|NIREN|3501031|100548594| |IF|0|0|0|0|0|0|3|27000|22000|0|0|0|0
S|SADGI|3001492|101110558| |TF|0|0|0|0|0|0|0|0|0|0|0|0|0
S|KK730|2926189|101344175| |TF|0|0|0|0|0|0|2|7000|0|0|0|0|0
S|AREBU|3033986|101503208| |TF|0|0|0|0|0|0|1|4500|0|0|0|0|0

P|NIRE3K|15|NIREN|0|5
S|NIREN|3501031|100548594| |IF|0|0|0|0|0|0|3|27000|22000|0|0|0|0
S|NIREN|3501031|100548594| |IF|0|0|0|0|0|0|3|27000|22000|0|0|0|0
S|SADGI|3001492|101110558| |TF|0|0|0|0|0|0|0|0|0|0|0|0|0
S|KK730|2926189|101344175| |TF|0|0|0|0|0|0|2|7000|0|0|0|0|0
S|AREBU|3033986|101503208| |TF|0|0|0|0|0|0|1|4500|0|0|0|0|0

P|PUGE1G|ALL|PUGER|0|11
S|PUGER|3399722|100291944| |IF|0|0|0|0|0|0|2|31000|0|0|0|0|0
S|BORDU|3345375|100894200| |TF|0|0|0|0|0|0|0|0|0|0|0|0|0
S|LIBKI|3270353|101761439| |TF|0|0|0|0|0|0|0|0|0|0|0|0|0
S|RITLO|3138206|101922825| |TF|0|0|0|0|0|250|1|18000|0|0|0|0|0
S|KK811|3114589|101992864| |TF|0|0|0|0|0|0|0|0|0|0|0|0|0
S|KK812|3073556|102054425| |TF|0|0|0|0|0|0|0|0|0|0|0|0|0
S|KK813|3017906|102103319| |TF|0|0|0|0|0|0|0|0|0|0|0|0|0
S|KK814|2951433|102136219| |TF|0|0|0|0|0|0|0|0|0|0|0|0|0
S|KK815|2878667|102150889| |TF|0|0|0|0|0|0|0|0|0|0|0|0|0
S|KK816|2804564|102146331| |TF|0|0|0|0|0|250|0|0|0|0|0|0|0
S|EGURI|2858992|101868667| |TF|2|0|0|0|0|230|1|13000|0|0|0|0|0

P|PUGE1H|ALL|PUGER|0|12
S|PUGER|3399722|100291944| |IF|0|0|0|0|0|0|2|31000|0|0|0|0|0
S|AKESO|3106300|100692186| |TF|0|0|0|0|0|0|0|0|0|0|0|0|0
S|KK871|2954122|100896947| |TF|0|0|0|0|0|0|0|0|0|0|0|0|0
S|KADKU|2804086|101244067| |TF|0|0|0|0|0|230|0|0|0|0|0|0|0
S|PAPGO|2731939|101320269| |TF|0|0|0|0|0|230|1|13000|0|0|0|0|0
S|KK872|2653686|101297969| |TF|0|0|0|0|0|0|0|0|0|0|0|0|0
S|KK873|2572486|101303633| |TF|0|0|0|0|0|0|0|0|0|0|0|0|0
S|KK874|2498133|101336569| |TF|0|0|0|0|0|0|0|0|0|0|0|0|0
S|KK875|2439594|101392803| |TF|0|0|0|0|0|0|0|0|0|0|0|0|0
S|KK876|2403933|101465544| |TF|0|0|0|0|0|0|0|0|0|0|0|0|0
S|KK877|2395444|101546019| |TF|0|0|0|0|0|230|0|0|0|0|0|0|0
S|MESUP|2629214|101529742| |TF|1|0|0|0|0|230|0|8000|0|0|0|0|0

P|PUGE1J|32L|PUGER|0|13
S|PUGER|3399722|100291944| |IF|0|0|0|0|0|0|2|31000|0|0|0|0|0
S|PUGER|3399722|100291944| |IF|0|0|0|0|0|0|2|31000|0|0|0|0|0
S|BORDU|3345375|100894200| |TF|0|0|0|0|0|0|0|0|0|0|0|0|0
S|LIBKI|3270353|101761439| |TF|0|0|0|0|0|0|0|0|0|0|0|0|0
S|VEKTO|2700144|102259597| |TF|0|0|0|0|0|0|0|0|0|0|0|0|0
S|VASDU|2395744|102411261| |TF|0|0|0|0|0|230|0|0|0|0|0|0|0
S|NUGLA|2365722|102328019| |TF|2|0|0|0|0|230|1|11000|0|0|0|0|0
S|KK841|2269044|102307856| |TF|0|0|0|0|0|0|0|0|0|0|0|0|0
S|KK842|2185056|102256019| |TF|0|0|0|0|0|0|0|0|0|0|0|0|0
S|KK843|2123947|102178753| |TF|0|0|0|0|0|0|0|0|0|0|0|0|0
S|KK844|2093100|102085356| |TF|0|0|0|0|0|0|0|0|0|0|0|0|0
S|KK845|2096250|101987092| |TF|0|0|0|0|0|230|0|0|0|0|0|0|0
S|SULDI|2374933|102045103| |TF|2|0|0|0|0|210|0|6000|0|0|0|0|0

P|PUGE1J|32R|PUGER|0|13
S|PUGER|3399722|100291944| |IF|0|0|0|0|0|0|2|31000|0|0|0|0|0
S|PUGER|3399722|100291944| |IF|0|0|0|0|0|0|2|31000|0|0|0|0|0
S|BORDU|3345375|100894200| |TF|0|0|0|0|0|0|0|0|0|0|0|0|0
S|LIBKI|3270353|101761439| |TF|0|0|0|0|0|0|0|0|0|0|0|0|0
S|VEKTO|2700144|102259597| |TF|0|0|0|0|0|0|0|0|0|0|0|0|0
S|VASDU|2395744|102411261| |TF|0|0|0|0|0|230|0|0|0|0|0|0|0
S|NUGLA|2365722|102328019| |TF|2|0|0|0|0|230|1|11000|0|0|0|0|0
S|KK841|2269044|102307856| |TF|0|0|0|0|0|0|0|0|0|0|0|0|0
S|KK842|2185056|102256019| |TF|0|0|0|0|0|0|0|0|0|0|0|0|0
S|KK843|2123947|102178753| |TF|0|0|0|0|0|0|0|0|0|0|0|0|0
S|KK844|2093100|102085356| |TF|0|0|0|0|0|0|0|0|0|0|0|0|0
S|KK845|2096250|101987092| |TF|0|0|0|0|0|230|0|0|0|0|0|0|0
S|SULDI|2374933|102045103| |TF|2|0|0|0|0|210|0|6000|0|0|0|0|0

P|PUGE1J|33|PUGER|0|13
S|PUGER|3399722|100291944| |IF|0|0|0|0|0|0|2|31000|0|0|0|0|0
S|PUGER|3399722|100291944| |IF|0|0|0|0|0|0|2|31000|0|0|0|0|0
S|BORDU|3345375|100894200| |TF|0|0|0|0|0|0|0|0|0|0|0|0|0
S|LIBKI|3270353|101761439| |TF|0|0|0|0|0|0|0|0|0|0|0|0|0
S|VEKTO|2700144|102259597| |TF|0|0|0|0|0|0|0|0|0|0|0|0|0
S|VASDU|2395744|102411261| |TF|0|0|0|0|0|230|0|0|0|0|0|0|0
S|NUGLA|2365722|102328019| |TF|2|0|0|0|0|230|1|11000|0|0|0|0|0
S|KK841|2269044|102307856| |TF|0|0|0|0|0|0|0|0|0|0|0|0|0
S|KK842|2185056|102256019| |TF|0|0|0|0|0|0|0|0|0|0|0|0|0
S|KK843|2123947|102178753| |TF|0|0|0|0|0|0|0|0|0|0|0|0|0
S|KK844|2093100|102085356| |TF|0|0|0|0|0|0|0|0|0|0|0|0|0
S|KK845|2096250|101987092| |TF|0|0|0|0|0|230|0|0|0|0|0|0|0
S|SULDI|2374933|102045103| |TF|2|0|0|0|0|210|0|6000|0|0|0|0|0

P|PUGE1K|14L|PUGER|0|10
S|PUGER|3399722|100291944| |IF|0|0|0|0|0|0|2|31000|0|0|0|0|0
S|PUGER|3399722|100291944| |IF|0|0|0|0|0|0|2|31000|0|0|0|0|0
S|ESDAP|3107378|100894669| |TF|0|0|0|0|0|0|0|0|0|0|0|0|0
S|SADGI|3001492|101110558| |TF|0|0|0|0|0|230|2|9000|0|0|0|0|0
S|VARLI|3062072|101168289| |TF|0|0|0|0|0|230|2|9000|0|0|0|0|0
S|KK822|3152389|101146061| |TF|0|0|0|0|0|0|0|0|0|0|0|0|0
S|KK823|3244897|101155908| |TF|0|0|0|0|0|0|0|0|0|0|0|0|0
S|KK824|3328439|101196650| |TF|0|0|0|0|0|0|0|0|0|0|0|0|0
S|KK825|3392650|101262961| |TF|0|0|0|0|0|230|0|0|0|0|0|0|0
S|NUPKU|3170550|101411936| |TF|2|0|0|0|0|210|1|5000|0|0|0|0|0

P|PUGE1K|14R|PUGER|0|10
S|PUGER|3399722|100291944| |IF|0|0|0|0|0|0|2|31000|0|0|0|0|0
S|PUGER|3399722|100291944| |IF|0|0|0|0|0|0|2|31000|0|0|0|0|0
S|ESDAP|3107378|100894669| |TF|0|0|0|0|0|0|0|0|0|0|0|0|0
S|SADGI|3001492|101110558| |TF|0|0|0|0|0|230|2|9000|0|0|0|0|0
S|VARLI|3062072|101168289| |TF|0|0|0|0|0|230|2|9000|0|0|0|0|0
S|KK822|3152389|101146061| |TF|0|0|0|0|0|0|0|0|0|0|0|0|0
S|KK823|3244897|101155908| |TF|0|0|0|0|0|0|0|0|0|0|0|0|0
S|KK824|3328439|101196650| |TF|0|0|0|0|0|0|0|0|0|0|0|0|0
S|KK825|3392650|101262961| |TF|0|0|0|0|0|230|0|0|0|0|0|0|0
S|NUPKU|3170550|101411936| |TF|2|0|0|0|0|210|1|5000|0|0|0|0|0

P|PUGE1K|15|PUGER|0|10
S|PUGER|3399722|100291944| |IF|0|0|0|0|0|0|2|31000|0|0|0|0|0
S|PUGER|3399722|100291944| |IF|0|0|0|0|0|0|2|31000|0|0|0|0|0
S|ESDAP|3107378|100894669| |TF|0|0|0|0|0|0|0|0|0|0|0|0|0
S|SADGI|3001492|101110558| |TF|0|0|0|0|0|230|2|9000|0|0|0|0|0
S|VARLI|3062072|101168289| |TF|0|0|0|0|0|230|2|9000|0|0|0|0|0
S|KK822|3152389|101146061| |TF|0|0|0|0|0|0|0|0|0|0|0|0|0
S|KK823|3244897|101155908| |TF|0|0|0|0|0|0|0|0|0|0|0|0|0
S|KK824|3328439|101196650| |TF|0|0|0|0|0|0|0|0|0|0|0|0|0
S|KK825|3392650|101262961| |TF|0|0|0|0|0|230|0|0|0|0|0|0|0
S|NUPKU|3170550|101411936| |TF|2|0|0|0|0|210|1|5000|0|0|0|0|0

P|PUGE3J|32L|PUGER|0|6
S|PUGER|3399722|100291944| |IF|0|0|0|0|0|0|3|31000|22000|0|0|0|0
S|PUGER|3399722|100291944| |IF|0|0|0|0|0|0|3|31000|22000|0|0|0|0
S|KADKU|2804086|101244067| |TF|0|0|0|0|0|0|0|0|0|0|0|0|0
S|MESUP|2629214|101529742| |TF|0|0|0|0|0|0|1|10000|0|0|0|0|0
S|KK889|2411575|101796136| |TF|0|0|0|0|0|0|0|0|0|0|0|0|0
S|KARBO|2469494|101881522| |TF|0|0|0|0|0|0|1|4500|0|0|0|0|0

P|PUGE3J|32R|PUGER|0|6
S|PUGER|3399722|100291944| |IF|0|0|0|0|0|0|3|31000|22000|0|0|0|0
S|PUGER|3399722|100291944| |IF|0|0|0|0|0|0|3|31000|22000|0|0|0|0
S|KADKU|2804086|101244067| |TF|0|0|0|0|0|0|0|0|0|0|0|0|0
S|MESUP|2629214|101529742| |TF|0|0|0|0|0|0|1|10000|0|0|0|0|0
S|KK889|2411575|101796136| |TF|0|0|0|0|0|0|0|0|0|0|0|0|0
S|KARBO|2469494|101881522| |TF|0|0|0|0|0|0|1|4500|0|0|0|0|0

P|PUGE3J|33|PUGER|0|6
S|PUGER|3399722|100291944| |IF|0|0|0|0|0|0|3|31000|22000|0|0|0|0
S|PUGER|3399722|100291944| |IF|0|0|0|0|0|0|3|31000|22000|0|0|0|0
S|KADKU|2804086|101244067| |TF|0|0|0|0|0|0|0|0|0|0|0|0|0
S|MESUP|2629214|101529742| |TF|0|0|0|0|0|0|1|10000|0|0|0|0|0
S|KK889|2411575|101796136| |TF|0|0|0|0|0|0|0|0|0|0|0|0|0
S|KARBO|2469494|101881522| |TF|0|0|0|0|0|0|1|4500|0|0|0|0|0

P|PUGE3K|14L|PUGER|0|5
S|PUGER|3399722|100291944| |IF|0|0|0|0|0|0|3|31000|22000|0|0|0|0
S|PUGER|3399722|100291944| |IF|0|0|0|0|0|0|3|31000|22000|0|0|0|0
S|SADGI|3001492|101110558| |TF|0|0|0|0|0|0|0|0|0|0|0|0|0
S|KK730|2926189|101344175| |TF|0|0|0|0|0|0|2|7000|0|0|0|0|0
S|AREBU|3033986|101503208| |TF|0|0|0|0|0|0|1|4500|0|0|0|0|0

P|PUGE3K|14R|PUGER|0|5
S|PUGER|3399722|100291944| |IF|0|0|0|0|0|0|3|31000|22000|0|0|0|0
S|PUGER|3399722|100291944| |IF|0|0|0|0|0|0|3|31000|22000|0|0|0|0
S|SADGI|3001492|101110558| |TF|0|0|0|0|0|0|0|0|0|0|0|0|0
S|KK730|2926189|101344175| |TF|0|0|0|0|0|0|2|7000|0|0|0|0|0
S|AREBU|3033986|101503208| |TF|0|0|0|0|0|0|1|4500|0|0|0|0|0

P|PUGE3K|15|PUGER|0|5
S|PUGER|3399722|100291944| |IF|0|0|0|0|0|0|3|31000|22000|0|0|0|0
S|PUGER|3399722|100291944| |IF|0|0|0|0|0|0|3|31000|22000|0|0|0|0
S|SADGI|3001492|101110558| |TF|0|0|0|0|0|0|0|0|0|0|0|0|0
S|KK730|2926189|101344175| |TF|0|0|0|0|0|0|2|7000|0|0|0|0|0
S|AREBU|3033986|101503208| |TF|0|0|0|0|0|0|1|4500|0|0|0|0|0

P|PULI1G|ALL|PULIP|0|10
S|PULIP|3673300|101896700| |IF|0|0|0|0|0|0|2|25000|0|0|0|0|0
S|LIBKI|3270353|101761439| |TF|0|0|0|0|0|0|0|0|0|0|0|0|0
S|RITLO|3138206|101922825| |TF|0|0|0|0|0|250|1|18000|0|0|0|0|0
S|KK811|3114589|101992864| |TF|0|0|0|0|0|0|0|0|0|0|0|0|0
S|KK812|3073556|102054425| |TF|0|0|0|0|0|0|0|0|0|0|0|0|0
S|KK813|3017906|102103319| |TF|0|0|0|0|0|0|0|0|0|0|0|0|0
S|KK814|2951433|102136219| |TF|0|0|0|0|0|0|0|0|0|0|0|0|0
S|KK815|2878667|102150889| |TF|0|0|0|0|0|0|0|0|0|0|0|0|0
S|KK816|2804564|102146331| |TF|0|0|0|0|0|250|0|0|0|0|0|0|0
S|EGURI|2858992|101868667| |TF|2|0|0|0|0|230|1|13000|0|0|0|0|0

P|PULI1H|ALL|PULIP|0|10
S|PULIP|3673300|101896700| |IF|0|0|0|0|0|0|2|25000|0|0|0|0|0
S|KADKU|2804086|101244067| |TF|0|0|0|0|0|230|0|0|0|0|0|0|0
S|PAPGO|2731939|101320269| |TF|0|0|0|0|0|230|1|13000|0|0|0|0|0
S|KK872|2653686|101297969| |TF|0|0|0|0|0|0|0|0|0|0|0|0|0
S|KK873|2572486|101303633| |TF|0|0|0|0|0|0|0|0|0|0|0|0|0
S|KK874|2498133|101336569| |TF|0|0|0|0|0|0|0|0|0|0|0|0|0
S|KK875|2439594|101392803| |TF|0|0|0|0|0|0|0|0|0|0|0|0|0
S|KK876|2403933|101465544| |TF|0|0|0|0|0|0|0|0|0|0|0|0|0
S|KK877|2395444|101546019| |TF|0|0|0|0|0|230|0|0|0|0|0|0|0
S|MESUP|2629214|101529742| |TF|1|0|0|0|0|230|0|8000|0|0|0|0|0

P|PULI1J|32L|PULIP|0|12
S|PULIP|3673300|101896700| |IF|0|0|0|0|0|0|2|25000|0|0|0|0|0
S|PULIP|3673300|101896700| |IF|0|0|0|0|0|0|2|25000|0|0|0|0|0
S|LIBKI|3270353|101761439| |TF|0|0|0|0|0|0|0|0|0|0|0|0|0
S|VEKTO|2700144|102259597| |TF|0|0|0|0|0|0|0|0|0|0|0|0|0
S|VASDU|2395744|102411261| |TF|0|0|0|0|0|230|0|0|0|0|0|0|0
S|NUGLA|2365722|102328019| |TF|2|0|0|0|0|230|1|11000|0|0|0|0|0
S|KK841|2269044|102307856| |TF|0|0|0|0|0|0|0|0|0|0|0|0|0
S|KK842|2185056|102256019| |TF|0|0|0|0|0|0|0|0|0|0|0|0|0
S|KK843|2123947|102178753| |TF|0|0|0|0|0|0|0|0|0|0|0|0|0
S|KK844|2093100|102085356| |TF|0|0|0|0|0|0|0|0|0|0|0|0|0
S|KK845|2096250|101987092| |TF|0|0|0|0|0|230|0|0|0|0|0|0|0
S|SULDI|2374933|102045103| |TF|2|0|0|0|0|210|0|6000|0|0|0|0|0

P|PULI1J|32R|PULIP|0|12
S|PULIP|3673300|101896700| |IF|0|0|0|0|0|0|2|25000|0|0|0|0|0
S|PULIP|3673300|101896700| |IF|0|0|0|0|0|0|2|25000|0|0|0|0|0
S|LIBKI|3270353|101761439| |TF|0|0|0|0|0|0|0|0|0|0|0|0|0
S|VEKTO|2700144|102259597| |TF|0|0|0|0|0|0|0|0|0|0|0|0|0
S|VASDU|2395744|102411261| |TF|0|0|0|0|0|230|0|0|0|0|0|0|0
S|NUGLA|2365722|102328019| |TF|2|0|0|0|0|230|1|11000|0|0|0|0|0
S|KK841|2269044|102307856| |TF|0|0|0|0|0|0|0|0|0|0|0|0|0
S|KK842|2185056|102256019| |TF|0|0|0|0|0|0|0|0|0|0|0|0|0
S|KK843|2123947|102178753| |TF|0|0|0|0|0|0|0|0|0|0|0|0|0
S|KK844|2093100|102085356| |TF|0|0|0|0|0|0|0|0|0|0|0|0|0
S|KK845|2096250|101987092| |TF|0|0|0|0|0|230|0|0|0|0|0|0|0
S|SULDI|2374933|102045103| |TF|2|0|0|0|0|210|0|6000|0|0|0|0|0

P|PULI1J|33|PULIP|0|12
S|PULIP|3673300|101896700| |IF|0|0|0|0|0|0|2|25000|0|0|0|0|0
S|PULIP|3673300|101896700| |IF|0|0|0|0|0|0|2|25000|0|0|0|0|0
S|LIBKI|3270353|101761439| |TF|0|0|0|0|0|0|0|0|0|0|0|0|0
S|VEKTO|2700144|102259597| |TF|0|0|0|0|0|0|0|0|0|0|0|0|0
S|VASDU|2395744|102411261| |TF|0|0|0|0|0|230|0|0|0|0|0|0|0
S|NUGLA|2365722|102328019| |TF|2|0|0|0|0|230|1|11000|0|0|0|0|0
S|KK841|2269044|102307856| |TF|0|0|0|0|0|0|0|0|0|0|0|0|0
S|KK842|2185056|102256019| |TF|0|0|0|0|0|0|0|0|0|0|0|0|0
S|KK843|2123947|102178753| |TF|0|0|0|0|0|0|0|0|0|0|0|0|0
S|KK844|2093100|102085356| |TF|0|0|0|0|0|0|0|0|0|0|0|0|0
S|KK845|2096250|101987092| |TF|0|0|0|0|0|230|0|0|0|0|0|0|0
S|SULDI|2374933|102045103| |TF|2|0|0|0|0|210|0|6000|0|0|0|0|0

P|PULI1K|14L|PULIP|0|9
S|PULIP|3673300|101896700| |IF|0|0|0|0|0|0|2|25000|0|0|0|0|0
S|PULIP|3673300|101896700| |IF|0|0|0|0|0|0|2|25000|0|0|0|0|0
S|DAKBA|3452403|101428203| |TF|0|0|0|0|0|0|0|0|0|0|0|0|0
S|RIKMI|3378769|101272275| |TF|0|0|0|0|0|230|1|10000|0|0|0|0|0
S|KK831|3318569|101210108| |TF|0|0|0|0|0|0|0|0|0|0|0|0|0
S|KK832|3240253|101171914| |TF|0|0|0|0|0|0|0|0|0|0|0|0|0
S|KK833|3153525|101162681| |TF|0|0|0|0|0|0|0|0|0|0|0|0|0
S|KK834|3068856|101183517| |TF|0|0|0|0|0|230|0|0|0|0|0|0|0
S|NUPKU|3170550|101411936| |TF|1|0|0|0|0|210|1|5000|0|0|0|0|0

P|PULI1K|14R|PULIP|0|9
S|PULIP|3673300|101896700| |IF|0|0|0|0|0|0|2|25000|0|0|0|0|0
S|PULIP|3673300|101896700| |IF|0|0|0|0|0|0|2|25000|0|0|0|0|0
S|DAKBA|3452403|101428203| |TF|0|0|0|0|0|0|0|0|0|0|0|0|0
S|RIKMI|3378769|101272275| |TF|0|0|0|0|0|230|1|10000|0|0|0|0|0
S|KK831|3318569|101210108| |TF|0|0|0|0|0|0|0|0|0|0|0|0|0
S|KK832|3240253|101171914| |TF|0|0|0|0|0|0|0|0|0|0|0|0|0
S|KK833|3153525|101162681| |TF|0|0|0|0|0|0|0|0|0|0|0|0|0
S|KK834|3068856|101183517| |TF|0|0|0|0|0|230|0|0|0|0|0|0|0
S|NUPKU|3170550|101411936| |TF|1|0|0|0|0|210|1|5000|0|0|0|0|0

P|PULI1K|15|PULIP|0|9
S|PULIP|3673300|101896700| |IF|0|0|0|0|0|0|2|25000|0|0|0|0|0
S|PULIP|3673300|101896700| |IF|0|0|0|0|0|0|2|25000|0|0|0|0|0
S|DAKBA|3452403|101428203| |TF|0|0|0|0|0|0|0|0|0|0|0|0|0
S|RIKMI|3378769|101272275| |TF|0|0|0|0|0|230|1|10000|0|0|0|0|0
S|KK831|3318569|101210108| |TF|0|0|0|0|0|0|0|0|0|0|0|0|0
S|KK832|3240253|101171914| |TF|0|0|0|0|0|0|0|0|0|0|0|0|0
S|KK833|3153525|101162681| |TF|0|0|0|0|0|0|0|0|0|0|0|0|0
S|KK834|3068856|101183517| |TF|0|0|0|0|0|230|0|0|0|0|0|0|0
S|NUPKU|3170550|101411936| |TF|1|0|0|0|0|210|1|5000|0|0|0|0|0

P|PULI3J|32L|PULIP|0|5
S|PULIP|3673300|101896700| |IF|0|0|0|0|0|0|3|25000|22000|0|0|0|0
S|PULIP|3673300|101896700| |IF|0|0|0|0|0|0|3|25000|22000|0|0|0|0
S|EGURI|2858992|101868667| |TF|0|0|0|0|0|0|1|10000|0|0|0|0|0
S|KK892|2529083|101969394| |TF|0|0|0|0|0|0|0|0|0|0|0|0|0
S|KARBO|2469494|101881522| |TF|0|0|0|0|0|0|1|4500|0|0|0|0|0

P|PULI3J|32R|PULIP|0|5
S|PULIP|3673300|101896700| |IF|0|0|0|0|0|0|3|25000|22000|0|0|0|0
S|PULIP|3673300|101896700| |IF|0|0|0|0|0|0|3|25000|22000|0|0|0|0
S|EGURI|2858992|101868667| |TF|0|0|0|0|0|0|1|10000|0|0|0|0|0
S|KK892|2529083|101969394| |TF|0|0|0|0|0|0|0|0|0|0|0|0|0
S|KARBO|2469494|101881522| |TF|0|0|0|0|0|0|1|4500|0|0|0|0|0

P|PULI3J|33|PULIP|0|5
S|PULIP|3673300|101896700| |IF|0|0|0|0|0|0|3|25000|22000|0|0|0|0
S|PULIP|3673300|101896700| |IF|0|0|0|0|0|0|3|25000|22000|0|0|0|0
S|EGURI|2858992|101868667| |TF|0|0|0|0|0|0|1|10000|0|0|0|0|0
S|KK892|2529083|101969394| |TF|0|0|0|0|0|0|0|0|0|0|0|0|0
S|KARBO|2469494|101881522| |TF|0|0|0|0|0|0|1|4500|0|0|0|0|0

P|PULI3K|14L|PULIP|0|5
S|PULIP|3673300|101896700| |IF|0|0|0|0|0|0|3|25000|16000|0|0|0|0
S|PULIP|3673300|101896700| |IF|0|0|0|0|0|0|3|25000|16000|0|0|0|0
S|KK847|3406944|101756197| |TF|0|0|0|0|0|0|1|8000|0|0|0|0|0
S|KK896|3093494|101591028| |TF|0|0|0|0|0|0|1|6000|0|0|0|0|0
S|AREBU|3033986|101503208| |TF|0|0|0|0|0|0|1|4500|0|0|0|0|0

P|PULI3K|14R|PULIP|0|5
S|PULIP|3673300|101896700| |IF|0|0|0|0|0|0|3|25000|16000|0|0|0|0
S|PULIP|3673300|101896700| |IF|0|0|0|0|0|0|3|25000|16000|0|0|0|0
S|KK847|3406944|101756197| |TF|0|0|0|0|0|0|1|8000|0|0|0|0|0
S|KK896|3093494|101591028| |TF|0|0|0|0|0|0|1|6000|0|0|0|0|0
S|AREBU|3033986|101503208| |TF|0|0|0|0|0|0|1|4500|0|0|0|0|0

P|PULI3K|15|PULIP|0|5
S|PULIP|3673300|101896700| |IF|0|0|0|0|0|0|3|25000|16000|0|0|0|0
S|PULIP|3673300|101896700| |IF|0|0|0|0|0|0|3|25000|16000|0|0|0|0
S|KK847|3406944|101756197| |TF|0|0|0|0|0|0|1|8000|0|0|0|0|0
S|KK896|3093494|101591028| |TF|0|0|0|0|0|0|1|6000|0|0|0|0|0
S|AREBU|3033986|101503208| |TF|0|0|0|0|0|0|1|4500|0|0|0|0|0

P|SALA1G|ALL|SALAX|0|12
S|SALAX|2206700|101563300| |IF|0|0|0|0|0|0|2|22000|0|0|0|0|0
S|KK801|2182386|101642975| |TF|0|0|0|0|0|0|0|0|0|0|0|0|0
S|KK803|2569192|102401644| |TF|0|0|0|0|0|0|0|0|0|0|0|0|0
S|VEKTO|2700144|102259597| |TF|1|0|0|0|0|0|2|17000|0|0|0|0|0
S|NUKPA|2801361|102162661| |TF|0|0|0|0|0|250|2|17000|0|0|0|0|0
S|KK804|2879822|102167489| |TF|0|0|0|0|0|0|0|0|0|0|0|0|0
S|KK805|2956867|102151958| |TF|0|0|0|0|0|0|0|0|0|0|0|0|0
S|KK806|3027250|102117125| |TF|0|0|0|0|0|0|0|0|0|0|0|0|0
S|KK807|3086172|102065356| |TF|0|0|0|0|0|0|0|0|0|0|0|0|0
S|KK808|3129622|102000172| |TF|0|0|0|0|0|0|0|0|0|0|0|0|0
S|KK809|3154628|101926014| |TF|0|0|0|0|0|250|0|0|0|0|0|0|0
S|EGURI|2858992|101868667| |TF|1|0|0|0|0|230|1|13000|0|0|0|0|0

P|SALA1H|ALL|SALAX|0|10
S|SALAX|2206700|101563300| |IF|0|0|0|0|0|0|2|22000|0|0|0|0|0
S|PANKA|2277336|101645325| |TF|0|0|0|0|0|230|2|11000|0|0|0|0|0
S|LULKI|2378744|101547183| |TF|1|0|0|0|0|230|2|11000|0|0|0|0|0
S|KK881|2387842|101460961| |TF|0|0|0|0|0|0|0|0|0|0|0|0|0
S|KK882|2426050|101383025| |TF|0|0|0|0|0|0|0|0|0|0|0|0|0
S|KK883|2488767|101322772| |TF|0|0|0|0|0|0|0|0|0|0|0|0|0
S|KK884|2568431|101287481| |TF|0|0|0|0|0|0|0|0|0|0|0|0|0
S|KK885|2655433|101281411| |TF|0|0|0|0|0|0|0|0|0|0|0|0|0
S|KK886|2739275|101305303| |TF|0|0|0|0|0|230|0|0|0|0|0|0|0
S|MESUP|2629214|101529742| |TF|2|0|0|0|0|230|0|8000|0|0|0|0|0

P|SALA1J|32L|SALAX|0|10
S|SALAX|2206700|101563300| |IF|0|0|0|0|0|0|2|22000|0|0|0|0|0
S|SALAX|2206700|101563300| |IF|0|0|0|0|0|0|2|22000|0|0|0|0|0
S|VASMA|2104142|101903986| |TF|0|0|0|0|0|230|2|10000|0|0|0|0|0
S|AKMUB|2080217|101983756| |TF|0|0|0|0|0|230|0|0|0|0|0|0|0
S|KK851|2076897|102087669| |TF|0|0|0|0|0|0|0|0|0|0|0|0|0
S|KK852|2109514|102186436| |TF|0|0|0|0|0|0|0|0|0|0|0|0|0
S|KK853|2174128|102268156| |TF|0|0|0|0|0|0|0|0|0|0|0|0|0
S|KK854|2262944|102322986| |TF|0|0|0|0|0|0|0|0|0|0|0|0|0
S|KK855|2365189|102344314| |TF|0|0|0|0|0|230|0|0|0|0|0|0|0
S|SULDI|2374933|102045103| |TF|1|0|0|0|0|210|0|6000|0|0|0|0|0

P|SALA1J|32R|SALAX|0|10
S|SALAX|2206700|101563300| |IF|0|0|0|0|0|0|2|22000|0|0|0|0|0
S|SALAX|2206700|101563300| |IF|0|0|0|0|0|0|2|22000|0|0|0|0|0
S|VASMA|2104142|101903986| |TF|0|0|0|0|0|230|2|10000|0|0|0|0|0
S|AKMUB|2080217|101983756| |TF|0|0|0|0|0|230|0|0|0|0|0|0|0
S|KK851|2076897|102087669| |TF|0|0|0|0|0|0|0|0|0|0|0|0|0
S|KK852|2109514|102186436| |TF|0|0|0|0|0|0|0|0|0|0|0|0|0
S|KK853|2174128|102268156| |TF|0|0|0|0|0|0|0|0|0|0|0|0|0
S|KK854|2262944|102322986| |TF|0|0|0|0|0|0|0|0|0|0|0|0|0
S|KK855|2365189|102344314| |TF|0|0|0|0|0|230|0|0|0|0|0|0|0
S|SULDI|2374933|102045103| |TF|1|0|0|0|0|210|0|6000|0|0|0|0|0

P|SALA1J|33|SALAX|0|10
S|SALAX|2206700|101563300| |IF|0|0|0|0|0|0|2|22000|0|0|0|0|0
S|SALAX|2206700|101563300| |IF|0|0|0|0|0|0|2|22000|0|0|0|0|0
S|VASMA|2104142|101903986| |TF|0|0|0|0|0|230|2|10000|0|0|0|0|0
S|AKMUB|2080217|101983756| |TF|0|0|0|0|0|230|0|0|0|0|0|0|0
S|KK851|2076897|102087669| |TF|0|0|0|0|0|0|0|0|0|0|0|0|0
S|KK852|2109514|102186436| |TF|0|0|0|0|0|0|0|0|0|0|0|0|0
S|KK853|2174128|102268156| |TF|0|0|0|0|0|0|0|0|0|0|0|0|0
S|KK854|2262944|102322986| |TF|0|0|0|0|0|0|0|0|0|0|0|0|0
S|KK855|2365189|102344314| |TF|0|0|0|0|0|230|0|0|0|0|0|0|0
S|SULDI|2374933|102045103| |TF|1|0|0|0|0|210|0|6000|0|0|0|0|0

P|SALA1K|14L|SALAX|0|9
S|SALAX|2206700|101563300| |IF|0|0|0|0|0|0|2|22000|0|0|0|0|0
S|SALAX|2206700|101563300| |IF|0|0|0|0|0|0|2|22000|0|0|0|0|0
S|MATPO|2845272|101368678| |TF|0|0|0|0|0|0|0|0|0|0|0|0|0
S|VARLI|3062072|101168289| |TF|0|0|0|0|0|230|2|9000|0|0|0|0|0
S|KK822|3152389|101146061| |TF|0|0|0|0|0|0|0|0|0|0|0|0|0
S|KK823|3244897|101155908| |TF|0|0|0|0|0|0|0|0|0|0|0|0|0
S|KK824|3328439|101196650| |TF|0|0|0|0|0|0|0|0|0|0|0|0|0
S|KK825|3392650|101262961| |TF|0|0|0|0|0|230|0|0|0|0|0|0|0
S|NUPKU|3170550|101411936| |TF|2|0|0|0|0|210|1|5000|0|0|0|0|0

P|SALA1K|14R|SALAX|0|9
S|SALAX|2206700|101563300| |IF|0|0|0|0|0|0|2|22000|0|0|0|0|0
S|SALAX|2206700|101563300| |IF|0|0|0|0|0|0|2|22000|0|0|0|0|0
S|MATPO|2845272|101368678| |TF|0|0|0|0|0|0|0|0|0|0|0|0|0
S|VARLI|3062072|101168289| |TF|0|0|0|0|0|230|2|9000|0|0|0|0|0
S|KK822|3152389|101146061| |TF|0|0|0|0|0|0|0|0|0|0|0|0|0
S|KK823|3244897|101155908| |TF|0|0|0|0|0|0|0|0|0|0|0|0|0
S|KK824|3328439|101196650| |TF|0|0|0|0|0|0|0|0|0|0|0|0|0
S|KK825|3392650|101262961| |TF|0|0|0|0|0|230|0|0|0|0|0|0|0
S|NUPKU|3170550|101411936| |TF|2|0|0|0|0|210|1|5000|0|0|0|0|0

P|SALA1K|15|SALAX|0|9
S|SALAX|2206700|101563300| |IF|0|0|0|0|0|0|2|22000|0|0|0|0|0
S|SALAX|2206700|101563300| |IF|0|0|0|0|0|0|2|22000|0|0|0|0|0
S|MATPO|2845272|101368678| |TF|0|0|0|0|0|0|0|0|0|0|0|0|0
S|VARLI|3062072|101168289| |TF|0|0|0|0|0|230|2|9000|0|0|0|0|0
S|KK822|3152389|101146061| |TF|0|0|0|0|0|0|0|0|0|0|0|0|0
S|KK823|3244897|101155908| |TF|0|0|0|0|0|0|0|0|0|0|0|0|0
S|KK824|3328439|101196650| |TF|0|0|0|0|0|0|0|0|0|0|0|0|0
S|KK825|3392650|101262961| |TF|0|0|0|0|0|230|0|0|0|0|0|0|0
S|NUPKU|3170550|101411936| |TF|2|0|0|0|0|210|1|5000|0|0|0|0|0

P|SALA3J|32L|SALAX|0|5
S|SALAX|2206700|101563300| |IF|0|0|0|0|0|0|3|22000|16000|0|0|0|0
S|SALAX|2206700|101563300| |IF|0|0|0|0|0|0|3|22000|16000|0|0|0|0
S|VASMA|2104142|101903986| |TF|0|0|0|0|0|0|0|0|0|0|0|0|0
S|KK846|2260844|102021350| |TF|0|0|0|0|0|0|0|0|0|0|0|0|0
S|KARBO|2469494|101881522| |TF|0|0|0|0|0|0|1|4500|0|0|0|0|0

P|SALA3J|32R|SALAX|0|5
S|SALAX|2206700|101563300| |IF|0|0|0|0|0|0|3|22000|16000|0|0|0|0
S|SALAX|2206700|101563300| |IF|0|0|0|0|0|0|3|22000|16000|0|0|0|0
S|VASMA|2104142|101903986| |TF|0|0|0|0|0|0|0|0|0|0|0|0|0
S|KK846|2260844|102021350| |TF|0|0|0|0|0|0|0|0|0|0|0|0|0
S|KARBO|2469494|101881522| |TF|0|0|0|0|0|0|1|4500|0|0|0|0|0

P|SALA3J|33|SALAX|0|5
S|SALAX|2206700|101563300| |IF|0|0|0|0|0|0|3|22000|16000|0|0|0|0
S|SALAX|2206700|101563300| |IF|0|0|0|0|0|0|3|22000|16000|0|0|0|0
S|VASMA|2104142|101903986| |TF|0|0|0|0|0|0|0|0|0|0|0|0|0
S|KK846|2260844|102021350| |TF|0|0|0|0|0|0|0|0|0|0|0|0|0
S|KARBO|2469494|101881522| |TF|0|0|0|0|0|0|1|4500|0|0|0|0|0

P|SALA3K|14L|SALAX|0|4
S|SALAX|2206700|101563300| |IF|0|0|0|0|0|0|3|22000|16000|0|0|0|0
S|SALAX|2206700|101563300| |IF|0|0|0|0|0|0|3|22000|16000|0|0|0|0
S|KK730|2926189|101344175| |TF|0|0|0|0|0|0|2|7000|0|0|0|0|0
S|AREBU|3033986|101503208| |TF|0|0|0|0|0|0|1|4500|0|0|0|0|0

P|SALA3K|14R|SALAX|0|4
S|SALAX|2206700|101563300| |IF|0|0|0|0|0|0|3|22000|16000|0|0|0|0
S|SALAX|2206700|101563300| |IF|0|0|0|0|0|0|3|22000|16000|0|0|0|0
S|KK730|2926189|101344175| |TF|0|0|0|0|0|0|2|7000|0|0|0|0|0
S|AREBU|3033986|101503208| |TF|0|0|0|0|0|0|1|4500|0|0|0|0|0

P|SALA3K|15|SALAX|0|4
S|SALAX|2206700|101563300| |IF|0|0|0|0|0|0|3|22000|16000|0|0|0|0
S|SALAX|2206700|101563300| |IF|0|0|0|0|0|0|3|22000|16000|0|0|0|0
S|KK730|2926189|101344175| |TF|0|0|0|0|0|0|2|7000|0|0|0|0|0
S|AREBU|3033986|101503208| |TF|0|0|0|0|0|0|1|4500|0|0|0|0|0

P|SARO1G|ALL|SAROX|0|10
S|SAROX|2800600|102671900| |IF|0|0|0|0|0|0|2|23000|0|0|0|0|0
S|VEKTO|2700144|102259597| |TF|0|0|0|0|0|0|2|17000|0|0|0|0|0
S|NUKPA|2801361|102162661| |TF|0|0|0|0|0|250|2|17000|0|0|0|0|0
S|KK804|2879822|102167489| |TF|0|0|0|0|0|0|0|0|0|0|0|0|0
S|KK805|2956867|102151958| |TF|0|0|0|0|0|0|0|0|0|0|0|0|0
S|KK806|3027250|102117125| |TF|0|0|0|0|0|0|0|0|0|0|0|0|0
S|KK807|3086172|102065356| |TF|0|0|0|0|0|0|0|0|0|0|0|0|0
S|KK808|3129622|102000172| |TF|0|0|0|0|0|0|0|0|0|0|0|0|0
S|KK809|3154628|101926014| |TF|0|0|0|0|0|250|0|0|0|0|0|0|0
S|EGURI|2858992|101868667| |TF|1|0|0|0|0|230|1|13000|0|0|0|0|0

P|SARO1H|ALL|SAROX|0|10
S|SAROX|2800600|102671900| |IF|0|0|0|0|0|0|2|23000|0|0|0|0|0
S|PANKA|2277336|101645325| |TF|0|0|0|0|0|230|2|11000|0|0|0|0|0
S|LULKI|2378744|101547183| |TF|0|0|0|0|0|230|2|11000|0|0|0|0|0
S|KK881|2387842|101460961| |TF|0|0|0|0|0|0|0|0|0|0|0|0|0
S|KK882|2426050|101383025| |TF|0|0|0|0|0|0|0|0|0|0|0|0|0
S|KK883|2488767|101322772| |TF|0|0|0|0|0|0|0|0|0|0|0|0|0
S|KK884|2568431|101287481| |TF|0|0|0|0|0|0|0|0|0|0|0|0|0
S|KK885|2655433|101281411| |TF|0|0|0|0|0|0|0|0|0|0|0|0|0
S|KK886|2739275|101305303| |TF|0|0|0|0|0|230|0|0|0|0|0|0|0
S|MESUP|2629214|101529742| |TF|2|0|0|0|0|230|0|8000|0|0|0|0|0

P|SARO1J|32L|SAROX|0|10
S|SAROX|2800600|102671900| |IF|0|0|0|0|0|0|2|23000|0|0|0|0|0
S|SAROX|2800600|102671900| |IF|0|0|0|0|0|0|2|23000|0|0|0|0|0
S|VASDU|2395744|102411261| |TF|0|0|0|0|0|230|0|0|0|0|0|0|0
S|NUGLA|2365722|102328019| |TF|0|0|0|0|0|230|1|11000|0|0|0|0|0
S|KK841|2269044|102307856| |TF|0|0|0|0|0|0|0|0|0|0|0|0|0
S|KK842|2185056|102256019| |TF|0|0|0|0|0|0|0|0|0|0|0|0|0
S|KK843|2123947|102178753| |TF|0|0|0|0|0|0|0|0|0|0|0|0|0
S|KK844|2093100|102085356| |TF|0|0|0|0|0|0|0|0|0|0|0|0|0
S|KK845|2096250|101987092| |TF|0|0|0|0|0|230|0|0|0|0|0|0|0
S|SULDI|2374933|102045103| |TF|2|0|0|0|0|210|0|6000|0|0|0|0|0

P|SARO1J|32R|SAROX|0|10
S|SAROX|2800600|102671900| |IF|0|0|0|0|0|0|2|23000|0|0|0|0|0
S|SAROX|2800600|102671900| |IF|0|0|0|0|0|0|2|23000|0|0|0|0|0
S|VASDU|2395744|102411261| |TF|0|0|0|0|0|230|0|0|0|0|0|0|0
S|NUGLA|2365722|102328019| |TF|0|0|0|0|0|230|1|11000|0|0|0|0|0
S|KK841|2269044|102307856| |TF|0|0|0|0|0|0|0|0|0|0|0|0|0
S|KK842|2185056|102256019| |TF|0|0|0|0|0|0|0|0|0|0|0|0|0
S|KK843|2123947|102178753| |TF|0|0|0|0|0|0|0|0|0|0|0|0|0
S|KK844|2093100|102085356| |TF|0|0|0|0|0|0|0|0|0|0|0|0|0
S|KK845|2096250|101987092| |TF|0|0|0|0|0|230|0|0|0|0|0|0|0
S|SULDI|2374933|102045103| |TF|2|0|0|0|0|210|0|6000|0|0|0|0|0

P|SARO1J|33|SAROX|0|10
S|SAROX|2800600|102671900| |IF|0|0|0|0|0|0|2|23000|0|0|0|0|0
S|SAROX|2800600|102671900| |IF|0|0|0|0|0|0|2|23000|0|0|0|0|0
S|VASDU|2395744|102411261| |TF|0|0|0|0|0|230|0|0|0|0|0|0|0
S|NUGLA|2365722|102328019| |TF|0|0|0|0|0|230|1|11000|0|0|0|0|0
S|KK841|2269044|102307856| |TF|0|0|0|0|0|0|0|0|0|0|0|0|0
S|KK842|2185056|102256019| |TF|0|0|0|0|0|0|0|0|0|0|0|0|0
S|KK843|2123947|102178753| |TF|0|0|0|0|0|0|0|0|0|0|0|0|0
S|KK844|2093100|102085356| |TF|0|0|0|0|0|0|0|0|0|0|0|0|0
S|KK845|2096250|101987092| |TF|0|0|0|0|0|230|0|0|0|0|0|0|0
S|SULDI|2374933|102045103| |TF|2|0|0|0|0|210|0|6000|0|0|0|0|0

P|SARO1K|14L|SAROX|0|10
S|SAROX|2800600|102671900| |IF|0|0|0|0|0|0|2|23000|0|0|0|0|0
S|SAROX|2800600|102671900| |IF|0|0|0|0|0|0|2|23000|0|0|0|0|0
S|AKNOR|2860461|101985914| |TF|0|0|0|0|0|0|0|0|0|0|0|0|0
S|DAKBA|3452403|101428203| |TF|0|0|0|0|0|0|0|0|0|0|0|0|0
S|RIKMI|3378769|101272275| |TF|0|0|0|0|0|230|1|10000|0|0|0|0|0
S|KK831|3318569|101210108| |TF|0|0|0|0|0|0|0|0|0|0|0|0|0
S|KK832|3240253|101171914| |TF|0|0|0|0|0|0|0|0|0|0|0|0|0
S|KK833|3153525|101162681| |TF|0|0|0|0|0|0|0|0|0|0|0|0|0
S|KK834|3068856|101183517| |TF|0|0|0|0|0|230|0|0|0|0|0|0|0
S|NUPKU|3170550|101411936| |TF|1|0|0|0|0|210|1|5000|0|0|0|0|0

P|SARO1K|14R|SAROX|0|10
S|SAROX|2800600|102671900| |IF|0|0|0|0|0|0|2|23000|0|0|0|0|0
S|SAROX|2800600|102671900| |IF|0|0|0|0|0|0|2|23000|0|0|0|0|0
S|AKNOR|2860461|101985914| |TF|0|0|0|0|0|0|0|0|0|0|0|0|0
S|DAKBA|3452403|101428203| |TF|0|0|0|0|0|0|0|0|0|0|0|0|0
S|RIKMI|3378769|101272275| |TF|0|0|0|0|0|230|1|10000|0|0|0|0|0
S|KK831|3318569|101210108| |TF|0|0|0|0|0|0|0|0|0|0|0|0|0
S|KK832|3240253|101171914| |TF|0|0|0|0|0|0|0|0|0|0|0|0|0
S|KK833|3153525|101162681| |TF|0|0|0|0|0|0|0|0|0|0|0|0|0
S|KK834|3068856|101183517| |TF|0|0|0|0|0|230|0|0|0|0|0|0|0
S|NUPKU|3170550|101411936| |TF|1|0|0|0|0|210|1|5000|0|0|0|0|0

P|SARO1K|15|SAROX|0|10
S|SAROX|2800600|102671900| |IF|0|0|0|0|0|0|2|23000|0|0|0|0|0
S|SAROX|2800600|102671900| |IF|0|0|0|0|0|0|2|23000|0|0|0|0|0
S|AKNOR|2860461|101985914| |TF|0|0|0|0|0|0|0|0|0|0|0|0|0
S|DAKBA|3452403|101428203| |TF|0|0|0|0|0|0|0|0|0|0|0|0|0
S|RIKMI|3378769|101272275| |TF|0|0|0|0|0|230|1|10000|0|0|0|0|0
S|KK831|3318569|101210108| |TF|0|0|0|0|0|0|0|0|0|0|0|0|0
S|KK832|3240253|101171914| |TF|0|0|0|0|0|0|0|0|0|0|0|0|0
S|KK833|3153525|101162681| |TF|0|0|0|0|0|0|0|0|0|0|0|0|0
S|KK834|3068856|101183517| |TF|0|0|0|0|0|230|0|0|0|0|0|0|0
S|NUPKU|3170550|101411936| |TF|1|0|0|0|0|210|1|5000|0|0|0|0|0

P|SARO3J|32L|SAROX|0|4
S|SAROX|2800600|102671900| |IF|0|0|0|0|0|0|3|23000|16000|0|0|0|0
S|SAROX|2800600|102671900| |IF|0|0|0|0|0|0|3|23000|16000|0|0|0|0
S|KK892|2529083|101969394| |TF|0|0|0|0|0|0|0|0|0|0|0|0|0
S|KARBO|2469494|101881522| |TF|0|0|0|0|0|0|1|4500|0|0|0|0|0

P|SARO3J|32R|SAROX|0|4
S|SAROX|2800600|102671900| |IF|0|0|0|0|0|0|3|23000|16000|0|0|0|0
S|SAROX|2800600|102671900| |IF|0|0|0|0|0|0|3|23000|16000|0|0|0|0
S|KK892|2529083|101969394| |TF|0|0|0|0|0|0|0|0|0|0|0|0|0
S|KARBO|2469494|101881522| |TF|0|0|0|0|0|0|1|4500|0|0|0|0|0

P|SARO3J|33|SAROX|0|4
S|SAROX|2800600|102671900| |IF|0|0|0|0|0|0|3|23000|16000|0|0|0|0
S|SAROX|2800600|102671900| |IF|0|0|0|0|0|0|3|23000|16000|0|0|0|0
S|KK892|2529083|101969394| |TF|0|0|0|0|0|0|0|0|0|0|0|0|0
S|KARBO|2469494|101881522| |TF|0|0|0|0|0|0|1|4500|0|0|0|0|0

P|SARO3K|14L|SAROX|0|8
S|SAROX|2800600|102671900| |IF|0|0|0|0|0|0|3|23000|22000|0|0|0|0
S|SAROX|2800600|102671900| |IF|0|0|0|0|0|0|3|23000|22000|0|0|0|0
S|VEKTO|2700144|102259597| |TF|0|0|0|0|0|0|0|0|0|0|0|0|0
S|KK893|2626300|101904236| |TF|0|0|0|0|0|0|1|14000|0|0|0|0|0
S|KK894|2802875|101785858| |TF|0|0|0|0|0|0|0|0|0|0|0|0|0
S|KK895|2979042|101667772| |TF|0|0|0|0|0|0|0|0|0|0|0|0|0
S|KK896|3093494|101591028| |TF|0|0|0|0|0|0|1|6000|0|0|0|0|0
S|AREBU|3033986|101503208| |TF|0|0|0|0|0|0|1|4500|0|0|0|0|0

P|SARO3K|14R|SAROX|0|8
S|SAROX|2800600|102671900| |IF|0|0|0|0|0|0|3|23000|22000|0|0|0|0
S|SAROX|2800600|102671900| |IF|0|0|0|0|0|0|3|23000|22000|0|0|0|0
S|VEKTO|2700144|102259597| |TF|0|0|0|0|0|0|0|0|0|0|0|0|0
S|KK893|2626300|101904236| |TF|0|0|0|0|0|0|1|14000|0|0|0|0|0
S|KK894|2802875|101785858| |TF|0|0|0|0|0|0|0|0|0|0|0|0|0
S|KK895|2979042|101667772| |TF|0|0|0|0|0|0|0|0|0|0|0|0|0
S|KK896|3093494|101591028| |TF|0|0|0|0|0|0|1|6000|0|0|0|0|0
S|AREBU|3033986|101503208| |TF|0|0|0|0|0|0|1|4500|0|0|0|0|0

P|SARO3K|15|SAROX|0|8
S|SAROX|2800600|102671900| |IF|0|0|0|0|0|0|3|23000|22000|0|0|0|0
S|SAROX|2800600|102671900| |IF|0|0|0|0|0|0|3|23000|22000|0|0|0|0
S|VEKTO|2700144|102259597| |TF|0|0|0|0|0|0|0|0|0|0|0|0|0
S|KK893|2626300|101904236| |TF|0|0|0|0|0|0|1|14000|0|0|0|0|0
S|KK894|2802875|101785858| |TF|0|0|0|0|0|0|0|0|0|0|0|0|0
S|KK895|2979042|101667772| |TF|0|0|0|0|0|0|0|0|0|0|0|0|0
S|KK896|3093494|101591028| |TF|0|0|0|0|0|0|1|6000|0|0|0|0|0
S|AREBU|3033986|101503208| |TF|0|0|0|0|0|0|1|4500|0|0|0|0|0

