P|JEMZ4Q|ALL|ISMUD|0|9
S|ISMUD|-9629581|126449867| |IF|0|0|0|0|0|0|1|25000|0|0|0|0|0
S|JEMZE|-8991800|125907000| |TF|0|0|0|0|0|0|3|21000|12000|0|0|0|0
S|JEMZE|-8991800|125907000| |IF|0|0|0|0|0|0|3|21000|12000|0|0|0|0
S|LYNDO|-8774800|125790700| |TF|0|0|0|0|0|0|1|9000|0|0|0|0|0
S|DRUMO|-8700900|125751200| |TF|0|0|0|0|0|0|1|7500|0|0|0|0|0
S|PIPEY|-8616800|125706200| |TF|0|0|0|0|0|230|1|6000|0|0|0|0|0
S|MIKAK|-8571000|125681700| |TF|0|0|0|0|0|0|1|5500|0|0|0|0|0
S|RUTZZ|-8553500|125582300| |TF|0|0|0|0|0|0|1|3600|0|0|0|0|0
S|DIVAD|-8543939|125527733| |TF|0|0|0|0|0|0|1|3000|0|0|0|0|0

P|JEMZ4Q|ALL|METAN|0|9
S|METAN|-9452064|126679792| |IF|0|0|0|0|0|0|0|0|0|0|0|0|0
S|JEMZE|-8991800|125907000| |TF|0|0|0|0|0|0|3|21000|12000|0|0|0|0
S|JEMZE|-8991800|125907000| |IF|0|0|0|0|0|0|3|21000|12000|0|0|0|0
S|LYNDO|-8774800|125790700| |TF|0|0|0|0|0|0|1|9000|0|0|0|0|0
S|DRUMO|-8700900|125751200| |TF|0|0|0|0|0|0|1|7500|0|0|0|0|0
S|PIPEY|-8616800|125706200| |TF|0|0|0|0|0|230|1|6000|0|0|0|0|0
S|MIKAK|-8571000|125681700| |TF|0|0|0|0|0|0|1|5500|0|0|0|0|0
S|RUTZZ|-8553500|125582300| |TF|0|0|0|0|0|0|1|3600|0|0|0|0|0
S|DIVAD|-8543939|125527733| |TF|0|0|0|0|0|0|1|3000|0|0|0|0|0

P|JEMZ4V|08|ISMUD|0|5
S|ISMUD|-9629581|126449867| |IF|0|0|0|0|0|0|1|25000|0|0|0|0|0
S|JEMZE|-8991800|125907000| |TF|0|0|0|0|0|0|3|21000|12000|0|0|0|0
S|JEMZE|-8991800|125907000| |IF|0|0|0|0|0|0|3|21000|12000|0|0|0|0
S|KRUZA|-8761100|125608700| |TF|0|0|0|0|0|230|1|12000|0|0|0|0|0
S|ROLYN|-8758800|125492200| |TF|0|0|0|0|0|0|0|0|0|0|0|0|0

P|JEMZ4V|26|ISMUD|0|5
S|ISMUD|-9629581|126449867| |IF|0|0|0|0|0|0|1|25000|0|0|0|0|0
S|JEMZE|-8991800|125907000| |TF|0|0|0|0|0|0|3|21000|12000|0|0|0|0
S|JEMZE|-8991800|125907000| |IF|0|0|0|0|0|0|3|21000|12000|0|0|0|0
S|LUKBA|-8760700|125809300| |TF|0|0|0|0|0|230|1|9000|0|0|0|0|0
S|KYBER|-8653600|125841400| |TF|0|0|0|0|0|0|0|0|0|0|0|0|0

P|JEMZ4V|08|METAN|0|5
S|METAN|-9452064|126679792| |IF|0|0|0|0|0|0|0|0|0|0|0|0|0
S|JEMZE|-8991800|125907000| |TF|0|0|0|0|0|0|3|21000|12000|0|0|0|0
S|JEMZE|-8991800|125907000| |IF|0|0|0|0|0|0|3|21000|12000|0|0|0|0
S|KRUZA|-8761100|125608700| |TF|0|0|0|0|0|230|1|12000|0|0|0|0|0
S|ROLYN|-8758800|125492200| |TF|0|0|0|0|0|0|0|0|0|0|0|0|0

P|JEMZ4V|26|METAN|0|5
S|METAN|-9452064|126679792| |IF|0|0|0|0|0|0|0|0|0|0|0|0|0
S|JEMZE|-8991800|125907000| |TF|0|0|0|0|0|0|3|21000|12000|0|0|0|0
S|JEMZE|-8991800|125907000| |IF|0|0|0|0|0|0|3|21000|12000|0|0|0|0
S|LUKBA|-8760700|125809300| |TF|0|0|0|0|0|230|1|9000|0|0|0|0|0
S|KYBER|-8653600|125841400| |TF|0|0|0|0|0|0|0|0|0|0|0|0|0

