P|BORE4A|07|BOREE|0|6
S|BOREE|-33237278|151044000| |IF|0|0|0|0|0|0|1|9000|0|0|0|0|0
S|VASRA|-33367167|151068889| |TF|0|0|0|0|0|0|1|8000|0|0|0|0|0
S|BEROW|-33613278|151116222| |TF|0|0|0|0|0|0|2|9000|0|0|0|0|0
S|OVILS|-33701639|151133667| |TF|0|0|0|0|0|0|0|0|0|0|0|0|0
S|OVILS|-33701639|151133667| |IF|0|0|0|0|0|0|0|0|0|0|0|0|0
S|OVILS|-33701639|151133667|CB|FM|0|15800|13490|3400|0|0|0|0|0|0|0|0|0

P|BORE4A|16L|BOREE|0|6
S|BOREE|-33237278|151044000| |IF|0|0|0|0|0|0|1|9000|0|0|0|0|0
S|VASRA|-33367167|151068889| |TF|0|0|0|0|0|0|1|8000|0|0|0|0|0
S|BEROW|-33613278|151116222| |TF|0|0|0|0|0|0|2|9000|0|0|0|0|0
S|OVILS|-33701639|151133667| |TF|0|0|0|0|0|0|0|0|0|0|0|0|0
S|OVILS|-33701639|151133667| |IF|0|0|0|0|0|0|0|0|0|0|0|0|0
S|OVILS|-33701639|151133667|CB|FM|0|15800|13490|3400|0|0|0|0|0|0|0|0|0

P|BORE4A|16R|BOREE|0|6
S|BOREE|-33237278|151044000| |IF|0|0|0|0|0|0|1|9000|0|0|0|0|0
S|VASRA|-33367167|151068889| |TF|0|0|0|0|0|0|1|8000|0|0|0|0|0
S|BEROW|-33613278|151116222| |TF|0|0|0|0|0|0|2|9000|0|0|0|0|0
S|OVILS|-33701639|151133667| |TF|0|0|0|0|0|0|0|0|0|0|0|0|0
S|OVILS|-33701639|151133667| |IF|0|0|0|0|0|0|0|0|0|0|0|0|0
S|OVILS|-33701639|151133667|CB|FM|0|15800|13490|3400|0|0|0|0|0|0|0|0|0

P|BORE4A|25|BOREE|0|6
S|BOREE|-33237278|151044000| |IF|0|0|0|0|0|0|1|9000|0|0|0|0|0
S|VASRA|-33367167|151068889| |TF|0|0|0|0|0|0|1|8000|0|0|0|0|0
S|BEROW|-33613278|151116222| |TF|0|0|0|0|0|0|2|9000|0|0|0|0|0
S|OVILS|-33701639|151133667| |TF|0|0|0|0|0|0|0|0|0|0|0|0|0
S|OVILS|-33701639|151133667| |IF|0|0|0|0|0|0|0|0|0|0|0|0|0
S|OVILS|-33701639|151133667|CB|FM|0|15800|13490|3400|0|0|0|0|0|0|0|0|0

P|BORE4A|34L|BOREE|0|10
S|BOREE|-33237278|151044000| |IF|0|0|0|0|0|0|1|9000|0|0|0|0|0
S|VASRA|-33367167|151068889| |TF|0|0|0|0|0|0|1|8000|0|0|0|0|0
S|BEROW|-33613278|151116222| |TF|0|0|0|0|0|0|2|9000|0|0|0|0|0
S|OVILS|-33701639|151133667| |TF|0|0|0|0|0|0|0|0|0|0|0|0|0
S|OVILS|-33701639|151133667| |IF|0|0|0|0|0|0|0|0|0|0|0|0|0
S|JENTL|-33811083|151154889| |TF|0|0|0|0|0|0|0|0|0|0|0|0|0
S|ZONKA|-33958111|151112556| |TF|0|0|0|0|0|0|1|6000|0|0|0|0|0
S|DUDOK|-34080056|151077306| |TF|0|0|0|0|0|0|0|0|0|0|0|0|0
S|NASHO|-34195194|151107139| |TF|0|0|0|0|0|0|0|0|0|1|0|0|0
S|NASHO|-34195194|151107139|CB|FM|0|15500|11470|4400|0|0|0|0|0|0|0|0|0

P|BORE4A|34R|BOREE|0|9
S|BOREE|-33237278|151044000| |IF|0|0|0|0|0|0|1|9000|0|0|0|0|0
S|VASRA|-33367167|151068889| |TF|0|0|0|0|0|0|1|8000|0|0|0|0|0
S|BEROW|-33613278|151116222| |TF|0|0|0|0|0|0|2|9000|0|0|0|0|0
S|OVILS|-33701639|151133667| |TF|0|0|0|0|0|0|0|0|0|0|0|0|0
S|OVILS|-33701639|151133667| |IF|0|0|0|0|0|0|0|0|0|0|0|0|0
S|MAJAR|-33827333|151289722| |TF|0|0|0|0|0|0|0|0|0|0|0|0|0
S|DIPPA|-33958194|151323889| |TF|0|0|0|0|0|0|1|6000|0|0|0|0|0
S|JAKLN|-34146944|151373361| |TF|0|0|0|0|0|0|0|0|0|1|0|0|0
S|JAKLN|-34146944|151373361|CB|FM|0|15500|12740|4640|0|0|0|0|0|0|0|0|0

P|BORE4P|16R|BOREE|0|5
S|BOREE|-33237278|151044000| |IF|0|0|0|0|0|0|1|9000|0|0|0|0|0
S|VASRA|-33367167|151068889| |TF|0|0|0|0|0|0|1|8000|0|0|0|0|0
S|DALAR|-33537056|151070278| |TF|0|0|0|0|0|0|3|5000|4000|0|0|0|0
S|DUMOP|-33651333|151099694| |TF|0|0|0|0|0|0|0|3000|0|0|0|0|0
S|URDEN|-33746611|151124278| |TF|0|0|0|0|0|185|0|0|0|0|0|0|0

P|MARLN5|07|MARLN|0|6
S|MARLN|-34034722|152067250| |IF|0|0|0|0|0|0|0|0|0|0|0|0|0
S|BIKUS|-34005639|151779306| |TF|0|0|0|0|0|0|1|8000|0|0|0|0|0
S|BIKUS|-34005639|151779306| |IF|0|0|0|0|0|0|1|8000|0|0|0|0|0
S|WHALE|-33984889|151578194| |TF|0|0|0|0|0|0|2|9000|0|0|0|0|0
S|PRAWN|-33964083|151379361| |TF|0|0|0|0|0|0|1|6000|0|0|0|0|0
S|TESAT|-33943806|151182583| |TF|0|0|0|0|0|0|0|0|0|0|0|0|0

P|MARLN5|16L|MARLN|0|6
S|MARLN|-34034722|152067250| |IF|0|0|0|0|0|0|0|0|0|0|0|0|0
S|BIKUS|-34005639|151779306| |TF|0|0|0|0|0|0|1|8000|0|0|0|0|0
S|BIKUS|-34005639|151779306| |IF|0|0|0|0|0|0|1|8000|0|0|0|0|0
S|WHALE|-33984889|151578194| |TF|0|0|0|0|0|0|2|9000|0|0|0|0|0
S|PRAWN|-33964083|151379361| |TF|0|0|0|0|0|0|1|6000|0|0|0|0|0
S|TESAT|-33943806|151182583| |TF|0|0|0|0|0|0|0|0|0|0|0|0|0

P|MARLN5|16R|MARLN|0|6
S|MARLN|-34034722|152067250| |IF|0|0|0|0|0|0|0|0|0|0|0|0|0
S|BIKUS|-34005639|151779306| |TF|0|0|0|0|0|0|1|8000|0|0|0|0|0
S|BIKUS|-34005639|151779306| |IF|0|0|0|0|0|0|1|8000|0|0|0|0|0
S|WHALE|-33984889|151578194| |TF|0|0|0|0|0|0|2|9000|0|0|0|0|0
S|PRAWN|-33964083|151379361| |TF|0|0|0|0|0|0|1|6000|0|0|0|0|0
S|TESAT|-33943806|151182583| |TF|0|0|0|0|0|0|0|0|0|0|0|0|0

P|MARLN5|25|MARLN|0|6
S|MARLN|-34034722|152067250| |IF|0|0|0|0|0|0|0|0|0|0|0|0|0
S|BIKUS|-34005639|151779306| |TF|0|0|0|0|0|0|1|8000|0|0|0|0|0
S|BIKUS|-34005639|151779306| |IF|0|0|0|0|0|0|1|8000|0|0|0|0|0
S|VENUL|-33924917|151582639| |TF|0|0|0|0|0|0|3|9000|5000|0|0|0|0
S|UXAMA|-33873750|151458556| |TF|0|0|0|0|0|0|0|0|0|0|0|0|0
S|JELLI|-33893833|151378556| |TF|0|0|0|0|0|0|0|0|0|0|0|0|0

P|MARLN5|34L|MARLN|0|6
S|MARLN|-34034722|152067250| |IF|0|0|0|0|0|0|0|0|0|0|0|0|0
S|BIKUS|-34005639|151779306| |TF|0|0|0|0|0|0|1|8000|0|0|0|0|0
S|BIKUS|-34005639|151779306| |IF|0|0|0|0|0|0|1|8000|0|0|0|0|0
S|WHALE|-33984889|151578194| |TF|0|0|0|0|0|0|2|9000|0|0|0|0|0
S|PRAWN|-33964083|151379361| |TF|0|0|0|0|0|0|1|6000|0|0|0|0|0
S|TESAT|-33943806|151182583| |TF|0|0|0|0|0|0|0|0|0|0|0|0|0

P|MARLN5|34R|MARLN|0|8
S|MARLN|-34034722|152067250| |IF|0|0|0|0|0|0|0|0|0|0|0|0|0
S|BIKUS|-34005639|151779306| |TF|0|0|0|0|0|0|1|8000|0|0|0|0|0
S|BIKUS|-34005639|151779306| |IF|0|0|0|0|0|0|1|8000|0|0|0|0|0
S|WHALE|-33984889|151578194| |TF|0|0|0|0|0|0|2|9000|0|0|0|0|0
S|PRAWN|-33964083|151379361| |TF|0|0|0|0|0|0|1|6000|0|0|0|0|0
S|MANFA|-34042806|151346028| |TF|0|0|0|0|0|0|0|0|0|0|0|0|0
S|JAKLN|-34146944|151373361| |TF|0|0|0|0|0|0|0|0|0|1|0|0|0
S|JAKLN|-34146944|151373361|CB|FM|0|15500|12740|4640|0|0|0|0|0|0|0|0|0

P|MEPIL3|ALL|SANAD|0|7
S|SANAD|-31386389|151412389| |IF|0|0|0|0|0|0|0|0|0|0|0|0|0
S|OLTIN|-32552139|151257500| |TF|0|0|0|0|0|0|0|0|0|0|0|0|0
S|YAKKA|-33192333|151222917| |TF|0|0|0|0|0|0|0|0|0|0|0|0|0
S|MEPIL|-33402722|151211417| |TF|0|0|0|0|0|0|1|8000|0|0|0|0|0
S|MEPIL|-33402722|151211417| |IF|0|0|0|0|0|0|1|8000|0|0|0|0|0
S|LANOL|-33609306|151199861| |TF|0|0|0|0|0|0|2|7000|0|0|0|0|0
S|TESAT|-33943806|151182583| |TF|0|0|0|0|0|0|0|0|0|0|0|0|0

P|ODALE7|ALL|ODALE|0|5
S|ODALE|-34089222|150517750| |IF|0|0|0|0|0|0|0|0|0|0|0|0|0
S|KABLO|-34071333|150601000| |TF|0|0|0|0|0|0|1|8000|0|0|0|0|0
S|MITSA|-34031917|150783528| |TF|0|0|0|0|0|0|2|7000|0|0|0|0|0
S|ANKUB|-33986639|150976500| |TF|0|0|0|0|0|0|0|0|0|0|0|0|0
S|TESAT|-33943806|151182583| |TF|0|0|0|0|0|0|0|0|0|0|0|0|0

P|RIVET4|07|RIVET|0|5
S|RIVET|-34280750|150430306| |IF|0|0|0|0|0|0|0|0|0|0|0|0|0
S|BIGEM|-34181167|150652667| |TF|0|0|0|0|0|0|1|8000|0|0|0|0|0
S|TAMMI|-34102111|150828139| |TF|0|0|0|0|0|0|2|9000|0|0|0|0|0
S|TAMMI|-34102111|150828139| |IF|0|0|0|0|0|0|2|9000|0|0|0|0|0
S|TAMMI|-34102111|150828139|CB|FM|0|4900|10730|3730|0|0|0|0|0|0|0|0|0

P|RIVET4|16L|RIVET|0|6
S|RIVET|-34280750|150430306| |IF|0|0|0|0|0|0|0|0|0|0|0|0|0
S|BIGEM|-34181167|150652667| |TF|0|0|0|0|0|0|1|8000|0|0|0|0|0
S|TAMMI|-34102111|150828139| |TF|0|0|0|0|0|0|2|9000|0|0|0|0|0
S|TAMMI|-34102111|150828139| |IF|0|0|0|0|0|0|2|9000|0|0|0|0|0
S|BOOGI|-34022611|151004528| |TF|0|0|0|0|0|0|1|6000|0|0|0|0|0
S|TESAT|-33943806|151182583| |TF|0|0|0|0|0|0|0|0|0|0|0|0|0

P|RIVET4|16R|RIVET|0|6
S|RIVET|-34280750|150430306| |IF|0|0|0|0|0|0|0|0|0|0|0|0|0
S|BIGEM|-34181167|150652667| |TF|0|0|0|0|0|0|1|8000|0|0|0|0|0
S|TAMMI|-34102111|150828139| |TF|0|0|0|0|0|0|2|9000|0|0|0|0|0
S|TAMMI|-34102111|150828139| |IF|0|0|0|0|0|0|2|9000|0|0|0|0|0
S|BOOGI|-34022611|151004528| |TF|0|0|0|0|0|0|1|6000|0|0|0|0|0
S|TESAT|-33943806|151182583| |TF|0|0|0|0|0|0|0|0|0|0|0|0|0

P|RIVET4|25|RIVET|0|6
S|RIVET|-34280750|150430306| |IF|0|0|0|0|0|0|0|0|0|0|0|0|0
S|BIGEM|-34181167|150652667| |TF|0|0|0|0|0|0|1|8000|0|0|0|0|0
S|TAMMI|-34102111|150828139| |TF|0|0|0|0|0|0|2|9000|0|0|0|0|0
S|TAMMI|-34102111|150828139| |IF|0|0|0|0|0|0|2|9000|0|0|0|0|0
S|BOOGI|-34022611|151004528| |TF|0|0|0|0|0|0|1|6000|0|0|0|0|0
S|TESAT|-33943806|151182583| |TF|0|0|0|0|0|0|0|0|0|0|0|0|0

P|RIVET4|34L|RIVET|0|8
S|RIVET|-34280750|150430306| |IF|0|0|0|0|0|0|0|0|0|0|0|0|0
S|BIGEM|-34181167|150652667| |TF|0|0|0|0|0|0|1|8000|0|0|0|0|0
S|TAMMI|-34102111|150828139| |TF|0|0|0|0|0|0|2|9000|0|0|0|0|0
S|TAMMI|-34102111|150828139| |IF|0|0|0|0|0|0|2|9000|0|0|0|0|0
S|BOOGI|-34022611|151004528| |TF|0|0|0|0|0|0|1|6000|0|0|0|0|0
S|DUDOK|-34080056|151077306| |TF|0|0|0|0|0|0|0|0|0|0|0|0|0
S|NASHO|-34195194|151107139| |TF|0|0|0|0|0|0|0|0|0|1|0|0|0
S|NASHO|-34195194|151107139|CB|FM|0|15500|11470|4400|0|0|0|0|0|0|0|0|0

P|RIVET4|34R|RIVET|0|8
S|RIVET|-34280750|150430306| |IF|0|0|0|0|0|0|0|0|0|0|0|0|0
S|BIGEM|-34181167|150652667| |TF|0|0|0|0|0|0|1|8000|0|0|0|0|0
S|TAMMI|-34102111|150828139| |TF|0|0|0|0|0|0|2|9000|0|0|0|0|0
S|TAMMI|-34102111|150828139| |IF|0|0|0|0|0|0|2|9000|0|0|0|0|0
S|BOOGI|-34022611|151004528| |TF|0|0|0|0|0|0|1|6000|0|0|0|0|0
S|DUDOK|-34080056|151077306| |TF|0|0|0|0|0|0|0|0|0|0|0|0|0
S|NASHO|-34195194|151107139| |TF|0|0|0|0|0|0|0|0|0|1|0|0|0
S|NASHO|-34195194|151107139|CB|FM|0|15500|11470|4400|0|0|0|0|0|0|0|0|0

