P|AVBO5L|17L|AVBOX|0|6
S|AVBOX|38647778|116378056| |IF|0|0|0|0|0|0|0|0|0|0|0|0|0
S|AD486|39077944|116609333| |TF|0|0|0|0|0|0|0|0|0|0|0|0|0
S|AD522|39322500|116571361| |TF|0|0|0|0|0|0|3|6890|4930|0|0|0|0
S|AD485|39553722|116535222| |TF|0|0|0|0|0|0|3|4930|3940|0|0|0|0
S|AD485|39553722|116535222| |IF|0|0|0|0|0|0|3|4930|3940|0|0|0|0
S|AD421|39803139|116495944| |TF|0|0|0|0|0|220|1|1970|0|0|0|0|0

P|AVBO5L|17R|AVBOX|0|6
S|AVBOX|38647778|116378056| |IF|0|0|0|0|0|0|0|0|0|0|0|0|0
S|AD486|39077944|116609333| |TF|0|0|0|0|0|0|0|0|0|0|0|0|0
S|AD522|39322500|116571361| |TF|0|0|0|0|0|0|3|6890|4930|0|0|0|0
S|AD485|39553722|116535222| |TF|0|0|0|0|0|0|3|4930|3940|0|0|0|0
S|AD485|39553722|116535222| |IF|0|0|0|0|0|0|3|4930|3940|0|0|0|0
S|AD421|39803139|116495944| |TF|0|0|0|0|0|220|1|1970|0|0|0|0|0

P|AVBO5L|19R|AVBOX|0|6
S|AVBOX|38647778|116378056| |IF|0|0|0|0|0|0|0|0|0|0|0|0|0
S|AD486|39077944|116609333| |TF|0|0|0|0|0|0|0|0|0|0|0|0|0
S|AD522|39322500|116571361| |TF|0|0|0|0|0|0|3|6890|4930|0|0|0|0
S|AD485|39553722|116535222| |TF|0|0|0|0|0|0|3|4930|3940|0|0|0|0
S|AD485|39553722|116535222| |IF|0|0|0|0|0|0|3|4930|3940|0|0|0|0
S|AD421|39803139|116495944| |TF|0|0|0|0|0|220|1|1970|0|0|0|0|0

P|AVBO9M|01L|AVBOX|0|8
S|AVBOX|38647778|116378056| |IF|0|0|0|0|0|0|0|0|0|0|0|0|0
S|AD543|39036972|116731611| |TF|0|0|0|0|0|0|2|7880|0|0|0|0|0
S|AD542|39132028|116717250| |TF|0|0|0|0|0|0|0|0|0|0|0|0|0
S|AD523|39333222|116686750| |TF|0|0|0|0|0|0|0|0|0|0|0|0|0
S|AD522|39322500|116571361| |TF|0|0|0|0|0|220|0|0|0|0|0|0|0
S|AD569|39257417|116581611| |TF|0|0|0|0|0|0|0|0|0|0|0|0|0
S|AD569|39257417|116581611| |IF|0|0|0|0|0|0|0|0|0|0|0|0|0
S|AD521|39121361|116602417| |TF|0|0|0|0|0|220|1|3940|0|0|0|0|0

P|AVBO9M|35L|AVBOX|0|8
S|AVBOX|38647778|116378056| |IF|0|0|0|0|0|0|0|0|0|0|0|0|0
S|AD543|39036972|116731611| |TF|0|0|0|0|0|0|2|7880|0|0|0|0|0
S|AD542|39132028|116717250| |TF|0|0|0|0|0|0|0|0|0|0|0|0|0
S|AD523|39333222|116686750| |TF|0|0|0|0|0|0|0|0|0|0|0|0|0
S|AD522|39322500|116571361| |TF|0|0|0|0|0|220|0|0|0|0|0|0|0
S|AD569|39257417|116581611| |TF|0|0|0|0|0|0|0|0|0|0|0|0|0
S|AD569|39257417|116581611| |IF|0|0|0|0|0|0|0|0|0|0|0|0|0
S|AD521|39121361|116602417| |TF|0|0|0|0|0|220|1|3940|0|0|0|0|0

P|AVBO9M|35R|AVBOX|0|8
S|AVBOX|38647778|116378056| |IF|0|0|0|0|0|0|0|0|0|0|0|0|0
S|AD543|39036972|116731611| |TF|0|0|0|0|0|0|2|7880|0|0|0|0|0
S|AD542|39132028|116717250| |TF|0|0|0|0|0|0|0|0|0|0|0|0|0
S|AD523|39333222|116686750| |TF|0|0|0|0|0|0|0|0|0|0|0|0|0
S|AD522|39322500|116571361| |TF|0|0|0|0|0|220|0|0|0|0|0|0|0
S|AD569|39257417|116581611| |TF|0|0|0|0|0|0|0|0|0|0|0|0|0
S|AD569|39257417|116581611| |IF|0|0|0|0|0|0|0|0|0|0|0|0|0
S|AD521|39121361|116602417| |TF|0|0|0|0|0|220|1|3940|0|0|0|0|0

P|BELA5L|17L|BELAX|0|7
S|BELAX|38720000|115526389| |IF|0|0|0|0|0|0|0|0|0|0|0|0|0
S|AD464|39019944|116178972| |TF|0|0|0|0|0|0|0|0|0|0|0|0|0
S|AD568|39263083|116141833| |TF|0|0|0|0|0|0|1|8860|0|0|0|0|0
S|AD563|39495500|116106083| |TF|0|0|0|0|0|0|0|0|0|0|0|0|0
S|AD462|39762944|116065167| |TF|0|0|0|0|0|0|0|0|0|0|0|0|0
S|AD462|39762944|116065167| |IF|0|0|0|0|0|0|0|0|0|0|0|0|0
S|AD461|39778000|116222528| |TF|0|0|0|0|0|220|1|5910|0|0|0|0|0

P|BELA5L|17R|BELAX|0|7
S|BELAX|38720000|115526389| |IF|0|0|0|0|0|0|0|0|0|0|0|0|0
S|AD464|39019944|116178972| |TF|0|0|0|0|0|0|0|0|0|0|0|0|0
S|AD568|39263083|116141833| |TF|0|0|0|0|0|0|1|8860|0|0|0|0|0
S|AD563|39495500|116106083| |TF|0|0|0|0|0|0|0|0|0|0|0|0|0
S|AD462|39762944|116065167| |TF|0|0|0|0|0|0|0|0|0|0|0|0|0
S|AD462|39762944|116065167| |IF|0|0|0|0|0|0|0|0|0|0|0|0|0
S|AD461|39778000|116222528| |TF|0|0|0|0|0|220|1|5910|0|0|0|0|0

P|BELA5L|19R|BELAX|0|7
S|BELAX|38720000|115526389| |IF|0|0|0|0|0|0|0|0|0|0|0|0|0
S|AD464|39019944|116178972| |TF|0|0|0|0|0|0|0|0|0|0|0|0|0
S|AD568|39263083|116141833| |TF|0|0|0|0|0|0|1|8860|0|0|0|0|0
S|AD563|39495500|116106083| |TF|0|0|0|0|0|0|0|0|0|0|0|0|0
S|AD462|39762944|116065167| |TF|0|0|0|0|0|0|0|0|0|0|0|0|0
S|AD462|39762944|116065167| |IF|0|0|0|0|0|0|0|0|0|0|0|0|0
S|AD461|39778000|116222528| |TF|0|0|0|0|0|220|1|5910|0|0|0|0|0

P|BELA6M|01L|BELAX|0|4
S|BELAX|38720000|115526389| |IF|0|0|0|0|0|0|0|0|0|0|0|0|0
S|AD562|38980500|116092167| |TF|0|0|0|0|0|0|0|0|0|0|0|0|0
S|AD562|38980500|116092167| |IF|0|0|0|0|0|0|0|0|0|0|0|0|0
S|AD561|39080111|116169444| |TF|0|0|0|0|0|220|1|5910|0|0|0|0|0

P|BELA6M|35L|BELAX|0|4
S|BELAX|38720000|115526389| |IF|0|0|0|0|0|0|0|0|0|0|0|0|0
S|AD562|38980500|116092167| |TF|0|0|0|0|0|0|0|0|0|0|0|0|0
S|AD562|38980500|116092167| |IF|0|0|0|0|0|0|0|0|0|0|0|0|0
S|AD561|39080111|116169444| |TF|0|0|0|0|0|220|1|5910|0|0|0|0|0

P|BELA6M|35R|BELAX|0|4
S|BELAX|38720000|115526389| |IF|0|0|0|0|0|0|0|0|0|0|0|0|0
S|AD562|38980500|116092167| |TF|0|0|0|0|0|0|0|0|0|0|0|0|0
S|AD562|38980500|116092167| |IF|0|0|0|0|0|0|0|0|0|0|0|0|0
S|AD561|39080111|116169444| |TF|0|0|0|0|0|220|1|5910|0|0|0|0|0

P|BUMD5L|17L|BUMDU|0|11
S|BUMDU|40713889|117281944| |IF|0|0|0|0|0|0|1|13800|0|0|0|0|0
S|AD528|40603583|116886083| |TF|0|0|0|0|0|0|2|13800|0|0|0|0|0
S|AD527|40419111|116678472| |TF|0|0|0|0|0|0|0|0|0|0|0|0|0
S|AD526|39969444|116748778| |TF|0|0|0|0|0|0|0|0|0|0|0|0|0
S|AD525|39592417|116807000| |TF|0|0|0|0|0|0|0|0|0|0|0|0|0
S|AD524|39411972|116723194| |TF|0|0|0|0|0|0|1|6890|0|0|0|0|0
S|AD523|39333222|116686750| |TF|0|0|0|0|0|0|0|0|0|0|0|0|0
S|AD522|39322500|116571361| |TF|0|0|0|0|0|0|3|6890|4930|0|0|0|0
S|AD485|39553722|116535222| |TF|0|0|0|0|0|0|3|4930|3940|0|0|0|0
S|AD485|39553722|116535222| |IF|0|0|0|0|0|0|3|4930|3940|0|0|0|0
S|AD421|39803139|116495944| |TF|0|0|0|0|0|220|1|1970|0|0|0|0|0

P|BUMD5L|17R|BUMDU|0|11
S|BUMDU|40713889|117281944| |IF|0|0|0|0|0|0|1|13800|0|0|0|0|0
S|AD528|40603583|116886083| |TF|0|0|0|0|0|0|2|13800|0|0|0|0|0
S|AD527|40419111|116678472| |TF|0|0|0|0|0|0|0|0|0|0|0|0|0
S|AD526|39969444|116748778| |TF|0|0|0|0|0|0|0|0|0|0|0|0|0
S|AD525|39592417|116807000| |TF|0|0|0|0|0|0|0|0|0|0|0|0|0
S|AD524|39411972|116723194| |TF|0|0|0|0|0|0|1|6890|0|0|0|0|0
S|AD523|39333222|116686750| |TF|0|0|0|0|0|0|0|0|0|0|0|0|0
S|AD522|39322500|116571361| |TF|0|0|0|0|0|0|3|6890|4930|0|0|0|0
S|AD485|39553722|116535222| |TF|0|0|0|0|0|0|3|4930|3940|0|0|0|0
S|AD485|39553722|116535222| |IF|0|0|0|0|0|0|3|4930|3940|0|0|0|0
S|AD421|39803139|116495944| |TF|0|0|0|0|0|220|1|1970|0|0|0|0|0

P|BUMD5L|19R|BUMDU|0|11
S|BUMDU|40713889|117281944| |IF|0|0|0|0|0|0|1|13800|0|0|0|0|0
S|AD528|40603583|116886083| |TF|0|0|0|0|0|0|2|13800|0|0|0|0|0
S|AD527|40419111|116678472| |TF|0|0|0|0|0|0|0|0|0|0|0|0|0
S|AD526|39969444|116748778| |TF|0|0|0|0|0|0|0|0|0|0|0|0|0
S|AD525|39592417|116807000| |TF|0|0|0|0|0|0|0|0|0|0|0|0|0
S|AD524|39411972|116723194| |TF|0|0|0|0|0|0|1|6890|0|0|0|0|0
S|AD523|39333222|116686750| |TF|0|0|0|0|0|0|0|0|0|0|0|0|0
S|AD522|39322500|116571361| |TF|0|0|0|0|0|0|3|6890|4930|0|0|0|0
S|AD485|39553722|116535222| |TF|0|0|0|0|0|0|3|4930|3940|0|0|0|0
S|AD485|39553722|116535222| |IF|0|0|0|0|0|0|3|4930|3940|0|0|0|0
S|AD421|39803139|116495944| |TF|0|0|0|0|0|220|1|1970|0|0|0|0|0

P|BUMD6M|01L|BUMDU|0|11
S|BUMDU|40713889|117281944| |IF|0|0|0|0|0|0|1|13800|0|0|0|0|0
S|AD528|40603583|116886083| |TF|0|0|0|0|0|0|2|13800|0|0|0|0|0
S|AD527|40419111|116678472| |TF|0|0|0|0|0|0|0|0|0|0|0|0|0
S|AD526|39969444|116748778| |TF|0|0|0|0|0|0|0|0|0|0|0|0|0
S|AD525|39592417|116807000| |TF|0|0|0|0|0|0|0|0|0|0|0|0|0
S|AD524|39411972|116723194| |TF|0|0|0|0|0|0|1|6890|0|0|0|0|0
S|AD523|39333222|116686750| |TF|0|0|0|0|0|0|0|0|0|0|0|0|0
S|AD522|39322500|116571361| |TF|0|0|0|0|0|0|0|0|0|0|0|0|0
S|AD569|39257417|116581611| |TF|0|0|0|0|0|0|0|0|0|0|0|0|0
S|AD569|39257417|116581611| |IF|0|0|0|0|0|0|0|0|0|0|0|0|0
S|AD521|39121361|116602417| |TF|0|0|0|0|0|220|1|3940|0|0|0|0|0

P|BUMD6M|35L|BUMDU|0|11
S|BUMDU|40713889|117281944| |IF|0|0|0|0|0|0|1|13800|0|0|0|0|0
S|AD528|40603583|116886083| |TF|0|0|0|0|0|0|2|13800|0|0|0|0|0
S|AD527|40419111|116678472| |TF|0|0|0|0|0|0|0|0|0|0|0|0|0
S|AD526|39969444|116748778| |TF|0|0|0|0|0|0|0|0|0|0|0|0|0
S|AD525|39592417|116807000| |TF|0|0|0|0|0|0|0|0|0|0|0|0|0
S|AD524|39411972|116723194| |TF|0|0|0|0|0|0|1|6890|0|0|0|0|0
S|AD523|39333222|116686750| |TF|0|0|0|0|0|0|0|0|0|0|0|0|0
S|AD522|39322500|116571361| |TF|0|0|0|0|0|0|0|0|0|0|0|0|0
S|AD569|39257417|116581611| |TF|0|0|0|0|0|0|0|0|0|0|0|0|0
S|AD569|39257417|116581611| |IF|0|0|0|0|0|0|0|0|0|0|0|0|0
S|AD521|39121361|116602417| |TF|0|0|0|0|0|220|1|3940|0|0|0|0|0

P|BUMD6M|35R|BUMDU|0|11
S|BUMDU|40713889|117281944| |IF|0|0|0|0|0|0|1|13800|0|0|0|0|0
S|AD528|40603583|116886083| |TF|0|0|0|0|0|0|2|13800|0|0|0|0|0
S|AD527|40419111|116678472| |TF|0|0|0|0|0|0|0|0|0|0|0|0|0
S|AD526|39969444|116748778| |TF|0|0|0|0|0|0|0|0|0|0|0|0|0
S|AD525|39592417|116807000| |TF|0|0|0|0|0|0|0|0|0|0|0|0|0
S|AD524|39411972|116723194| |TF|0|0|0|0|0|0|1|6890|0|0|0|0|0
S|AD523|39333222|116686750| |TF|0|0|0|0|0|0|0|0|0|0|0|0|0
S|AD522|39322500|116571361| |TF|0|0|0|0|0|0|0|0|0|0|0|0|0
S|AD569|39257417|116581611| |TF|0|0|0|0|0|0|0|0|0|0|0|0|0
S|AD569|39257417|116581611| |IF|0|0|0|0|0|0|0|0|0|0|0|0|0
S|AD521|39121361|116602417| |TF|0|0|0|0|0|220|1|3940|0|0|0|0|0

P|DUMA5L|17L|DUMAP|0|8
S|DUMAP|38591389|118029167| |IF|0|0|0|0|0|0|0|0|0|0|0|0|0
S|AD546|38895556|117149750| |TF|0|0|0|0|0|0|2|9850|0|0|0|0|0
S|AD543|39036972|116731611| |TF|0|0|0|0|0|0|0|0|0|0|0|0|0
S|AD486|39077944|116609333| |TF|0|0|0|0|0|0|0|0|0|0|0|0|0
S|AD522|39322500|116571361| |TF|0|0|0|0|0|0|3|6890|4930|0|0|0|0
S|AD485|39553722|116535222| |TF|0|0|0|0|0|0|3|4930|3940|0|0|0|0
S|AD485|39553722|116535222| |IF|0|0|0|0|0|0|3|4930|3940|0|0|0|0
S|AD421|39803139|116495944| |TF|0|0|0|0|0|220|1|1970|0|0|0|0|0

P|DUMA5L|17R|DUMAP|0|8
S|DUMAP|38591389|118029167| |IF|0|0|0|0|0|0|0|0|0|0|0|0|0
S|AD546|38895556|117149750| |TF|0|0|0|0|0|0|2|9850|0|0|0|0|0
S|AD543|39036972|116731611| |TF|0|0|0|0|0|0|0|0|0|0|0|0|0
S|AD486|39077944|116609333| |TF|0|0|0|0|0|0|0|0|0|0|0|0|0
S|AD522|39322500|116571361| |TF|0|0|0|0|0|0|3|6890|4930|0|0|0|0
S|AD485|39553722|116535222| |TF|0|0|0|0|0|0|3|4930|3940|0|0|0|0
S|AD485|39553722|116535222| |IF|0|0|0|0|0|0|3|4930|3940|0|0|0|0
S|AD421|39803139|116495944| |TF|0|0|0|0|0|220|1|1970|0|0|0|0|0

P|DUMA5L|19R|DUMAP|0|8
S|DUMAP|38591389|118029167| |IF|0|0|0|0|0|0|0|0|0|0|0|0|0
S|AD546|38895556|117149750| |TF|0|0|0|0|0|0|2|9850|0|0|0|0|0
S|AD543|39036972|116731611| |TF|0|0|0|0|0|0|0|0|0|0|0|0|0
S|AD486|39077944|116609333| |TF|0|0|0|0|0|0|0|0|0|0|0|0|0
S|AD522|39322500|116571361| |TF|0|0|0|0|0|0|3|6890|4930|0|0|0|0
S|AD485|39553722|116535222| |TF|0|0|0|0|0|0|3|4930|3940|0|0|0|0
S|AD485|39553722|116535222| |IF|0|0|0|0|0|0|3|4930|3940|0|0|0|0
S|AD421|39803139|116495944| |TF|0|0|0|0|0|220|1|1970|0|0|0|0|0

P|DUMA6M|01L|DUMAP|0|9
S|DUMAP|38591389|118029167| |IF|0|0|0|0|0|0|0|0|0|0|0|0|0
S|AD546|38895556|117149750| |TF|0|0|0|0|0|0|2|9850|0|0|0|0|0
S|AD543|39036972|116731611| |TF|0|0|0|0|0|0|2|7880|0|0|0|0|0
S|AD542|39132028|116717250| |TF|0|0|0|0|0|0|0|0|0|0|0|0|0
S|AD523|39333222|116686750| |TF|0|0|0|0|0|0|0|0|0|0|0|0|0
S|AD522|39322500|116571361| |TF|0|0|0|0|0|220|0|0|0|0|0|0|0
S|AD569|39257417|116581611| |TF|0|0|0|0|0|0|0|0|0|0|0|0|0
S|AD569|39257417|116581611| |IF|0|0|0|0|0|0|0|0|0|0|0|0|0
S|AD521|39121361|116602417| |TF|0|0|0|0|0|220|1|3940|0|0|0|0|0

P|DUMA6M|35L|DUMAP|0|9
S|DUMAP|38591389|118029167| |IF|0|0|0|0|0|0|0|0|0|0|0|0|0
S|AD546|38895556|117149750| |TF|0|0|0|0|0|0|2|9850|0|0|0|0|0
S|AD543|39036972|116731611| |TF|0|0|0|0|0|0|2|7880|0|0|0|0|0
S|AD542|39132028|116717250| |TF|0|0|0|0|0|0|0|0|0|0|0|0|0
S|AD523|39333222|116686750| |TF|0|0|0|0|0|0|0|0|0|0|0|0|0
S|AD522|39322500|116571361| |TF|0|0|0|0|0|220|0|0|0|0|0|0|0
S|AD569|39257417|116581611| |TF|0|0|0|0|0|0|0|0|0|0|0|0|0
S|AD569|39257417|116581611| |IF|0|0|0|0|0|0|0|0|0|0|0|0|0
S|AD521|39121361|116602417| |TF|0|0|0|0|0|220|1|3940|0|0|0|0|0

P|DUMA6M|35R|DUMAP|0|9
S|DUMAP|38591389|118029167| |IF|0|0|0|0|0|0|0|0|0|0|0|0|0
S|AD546|38895556|117149750| |TF|0|0|0|0|0|0|2|9850|0|0|0|0|0
S|AD543|39036972|116731611| |TF|0|0|0|0|0|0|2|7880|0|0|0|0|0
S|AD542|39132028|116717250| |TF|0|0|0|0|0|0|0|0|0|0|0|0|0
S|AD523|39333222|116686750| |TF|0|0|0|0|0|0|0|0|0|0|0|0|0
S|AD522|39322500|116571361| |TF|0|0|0|0|0|220|0|0|0|0|0|0|0
S|AD569|39257417|116581611| |TF|0|0|0|0|0|0|0|0|0|0|0|0|0
S|AD569|39257417|116581611| |IF|0|0|0|0|0|0|0|0|0|0|0|0|0
S|AD521|39121361|116602417| |TF|0|0|0|0|0|220|1|3940|0|0|0|0|0

P|ELAP5L|17L|ELAPU|0|7
S|ELAPU|40209167|115502778| |IF|0|0|0|0|0|0|0|0|0|0|0|0|0
S|AD566|39586139|115706528| |TF|0|0|0|0|0|0|1|9850|0|0|0|0|0
S|AD565|39455111|115748944| |TF|0|0|0|0|0|0|0|0|0|0|0|0|0
S|AD563|39495500|116106083| |TF|0|0|0|0|0|0|0|0|0|0|0|0|0
S|AD462|39762944|116065167| |TF|0|0|0|0|0|0|0|0|0|0|0|0|0
S|AD462|39762944|116065167| |IF|0|0|0|0|0|0|0|0|0|0|0|0|0
S|AD461|39778000|116222528| |TF|0|0|0|0|0|220|1|5910|0|0|0|0|0

P|ELAP5L|17R|ELAPU|0|7
S|ELAPU|40209167|115502778| |IF|0|0|0|0|0|0|0|0|0|0|0|0|0
S|AD566|39586139|115706528| |TF|0|0|0|0|0|0|1|9850|0|0|0|0|0
S|AD565|39455111|115748944| |TF|0|0|0|0|0|0|0|0|0|0|0|0|0
S|AD563|39495500|116106083| |TF|0|0|0|0|0|0|0|0|0|0|0|0|0
S|AD462|39762944|116065167| |TF|0|0|0|0|0|0|0|0|0|0|0|0|0
S|AD462|39762944|116065167| |IF|0|0|0|0|0|0|0|0|0|0|0|0|0
S|AD461|39778000|116222528| |TF|0|0|0|0|0|220|1|5910|0|0|0|0|0

P|ELAP5L|19R|ELAPU|0|7
S|ELAPU|40209167|115502778| |IF|0|0|0|0|0|0|0|0|0|0|0|0|0
S|AD566|39586139|115706528| |TF|0|0|0|0|0|0|1|9850|0|0|0|0|0
S|AD565|39455111|115748944| |TF|0|0|0|0|0|0|0|0|0|0|0|0|0
S|AD563|39495500|116106083| |TF|0|0|0|0|0|0|0|0|0|0|0|0|0
S|AD462|39762944|116065167| |TF|0|0|0|0|0|0|0|0|0|0|0|0|0
S|AD462|39762944|116065167| |IF|0|0|0|0|0|0|0|0|0|0|0|0|0
S|AD461|39778000|116222528| |TF|0|0|0|0|0|220|1|5910|0|0|0|0|0

P|ELAP6M|01L|ELAPU|0|7
S|ELAPU|40209167|115502778| |IF|0|0|0|0|0|0|0|0|0|0|0|0|0
S|AD566|39586139|115706528| |TF|0|0|0|0|0|0|1|9850|0|0|0|0|0
S|AD565|39455111|115748944| |TF|0|0|0|0|0|0|0|0|0|0|0|0|0
S|AD564|39451806|116112833| |TF|0|0|0|0|0|0|0|0|0|0|0|0|0
S|AD567|39199833|116151250| |TF|0|0|0|0|0|0|0|0|0|0|0|0|0
S|AD567|39199833|116151250| |IF|0|0|0|0|0|0|0|0|0|0|0|0|0
S|AD561|39080111|116169444| |TF|0|0|0|0|0|220|1|5910|0|0|0|0|0

P|ELAP6M|35L|ELAPU|0|7
S|ELAPU|40209167|115502778| |IF|0|0|0|0|0|0|0|0|0|0|0|0|0
S|AD566|39586139|115706528| |TF|0|0|0|0|0|0|1|9850|0|0|0|0|0
S|AD565|39455111|115748944| |TF|0|0|0|0|0|0|0|0|0|0|0|0|0
S|AD564|39451806|116112833| |TF|0|0|0|0|0|0|0|0|0|0|0|0|0
S|AD567|39199833|116151250| |TF|0|0|0|0|0|0|0|0|0|0|0|0|0
S|AD567|39199833|116151250| |IF|0|0|0|0|0|0|0|0|0|0|0|0|0
S|AD561|39080111|116169444| |TF|0|0|0|0|0|220|1|5910|0|0|0|0|0

P|ELAP6M|35R|ELAPU|0|7
S|ELAPU|40209167|115502778| |IF|0|0|0|0|0|0|0|0|0|0|0|0|0
S|AD566|39586139|115706528| |TF|0|0|0|0|0|0|1|9850|0|0|0|0|0
S|AD565|39455111|115748944| |TF|0|0|0|0|0|0|0|0|0|0|0|0|0
S|AD564|39451806|116112833| |TF|0|0|0|0|0|0|0|0|0|0|0|0|0
S|AD567|39199833|116151250| |TF|0|0|0|0|0|0|0|0|0|0|0|0|0
S|AD567|39199833|116151250| |IF|0|0|0|0|0|0|0|0|0|0|0|0|0
S|AD561|39080111|116169444| |TF|0|0|0|0|0|220|1|5910|0|0|0|0|0

