P|IVTN1A|14|IVTIN|0|3
S|IVTIN|40396667|113165278| |IF|0|0|0|0|0|0|0|0|0|0|0|0|0
S|D329S|40310319|113248581| |TF|0|0|0|0|0|0|0|0|0|0|0|0|0
S|BJZ|40055000|113493333| |TF|0|0|0|0|0|205|1|7880|0|0|0|0|0

P|IVTN3J|14|IVTIN|0|2
S|IVTIN|40396667|113165278| |IF|0|0|0|0|0|0|0|0|0|0|0|0|0
S|D329S|40310319|113248581| |TF|0|0|0|0|0|205|1|7880|0|0|0|0|0

P|IVTN4E|32|IVTIN|0|2
S|IVTIN|40396667|113165278| |IF|0|0|0|0|0|0|0|0|0|0|0|0|0
S|BJZ|40055000|113493333| |TF|0|0|0|0|0|190|1|7880|0|0|0|0|0

P|IVTN6T|32|IVTIN|0|4
S|IVTIN|40396667|113165278| |IF|0|0|0|0|0|0|0|0|0|0|0|0|0
S|DT512|40209500|113345139| |TF|0|0|0|0|0|0|1|9850|0|0|0|0|0
S|DT508|40012306|113389417| |TF|0|0|0|0|0|0|1|7880|0|0|0|0|0
S|DT504|39880250|113582167| |TF|0|0|0|0|0|205|1|6890|0|0|0|0|0

P|IVTN7Y|14|IVTIN|0|2
S|IVTIN|40396667|113165278| |IF|0|0|0|0|0|0|0|0|0|0|0|0|0
S|DT406|40308444|113250333| |TF|0|0|0|0|0|205|1|7880|0|0|0|0|0

P|IVTN8H|32|IVTIN|0|4
S|IVTIN|40396667|113165278| |IF|0|0|0|0|0|0|0|0|0|0|0|0|0
S|DT512|40209500|113345139| |TF|0|0|0|0|0|0|1|9850|0|0|0|0|0
S|DT514|40098722|113588944| |TF|0|0|0|0|0|0|1|7880|0|0|0|0|0
S|DT505|40004528|113726389| |TF|0|0|0|0|0|205|1|6890|0|0|0|0|0

P|IVTN9C|14|IVTIN|0|4
S|IVTIN|40396667|113165278| |IF|0|0|0|0|0|0|0|0|0|0|0|0|0
S|BJZ|40055000|113493333| |TF|0|0|0|0|0|205|0|0|0|0|0|0|0
S|DT409|40117028|113562167| |TF|0|0|0|0|0|0|1|9850|0|0|0|0|0
S|DT405|40268028|113342250| |TF|0|0|0|0|0|205|1|7880|0|0|0|0|0

P|NOPS1A|14|NOPIS|0|2
S|NOPIS|40144167|114119444| |IF|0|0|0|0|0|0|0|0|0|0|0|0|0
S|BJZ|40055000|113493333| |TF|0|0|0|0|0|205|1|7880|0|0|0|0|0

P|NOPS2T|32|NOPIS|0|2
S|NOPIS|40144167|114119444| |IF|0|0|0|0|0|0|0|0|0|0|0|0|0
S|D085L|40090378|113738725| |TF|0|0|0|0|0|205|1|6890|0|0|0|0|0

P|NOPS4E|32|NOPIS|0|3
S|NOPIS|40144167|114119444| |IF|0|0|0|0|0|0|0|0|0|0|0|0|0
S|D085L|40090378|113738725| |TF|0|0|0|0|0|0|0|0|0|0|0|0|0
S|BJZ|40055000|113493333| |TF|0|0|0|0|0|190|1|7880|0|0|0|0|0

P|NOPS8H|32|NOPIS|0|3
S|NOPIS|40144167|114119444| |IF|0|0|0|0|0|0|0|0|0|0|0|0|0
S|DT511|40105333|113837611| |TF|0|0|0|0|0|0|1|7880|0|0|0|0|0
S|DT505|40004528|113726389| |TF|0|0|0|0|0|205|1|6890|0|0|0|0|0

P|NOPS9C|14|NOPIS|0|4
S|NOPIS|40144167|114119444| |IF|0|0|0|0|0|0|0|0|0|0|0|0|0
S|DT408|40095806|113769222| |TF|0|0|0|0|0|0|0|0|0|0|0|0|0
S|DT409|40117028|113562167| |TF|0|0|0|0|0|0|1|9850|0|0|0|0|0
S|DT405|40268028|113342250| |TF|0|0|0|0|0|205|1|7880|0|0|0|0|0

P|TODM1A|14|TODAM|0|3
S|TODAM|39491944|112200833| |IF|0|0|0|0|0|0|0|0|0|0|0|0|0
S|D247Q|39916939|113171356| |TF|0|0|0|0|0|0|0|0|0|0|0|0|0
S|BJZ|40055000|113493333| |TF|0|0|0|0|0|205|1|7880|0|0|0|0|0

P|TODM3J|14|TODAM|0|2
S|TODAM|39491944|112200833| |IF|0|0|0|0|0|0|0|0|0|0|0|0|0
S|D247Q|39916939|113171356| |TF|0|0|0|0|0|205|1|9850|0|0|0|0|0

P|TODM4E|32|TODAM|0|2
S|TODAM|39491944|112200833| |IF|0|0|0|0|0|0|0|0|0|0|0|0|0
S|BJZ|40055000|113493333| |TF|0|0|0|0|0|190|1|7880|0|0|0|0|0

P|TODM6T|32|TODAM|0|4
S|TODAM|39491944|112200833| |IF|0|0|0|0|0|0|0|0|0|0|0|0|0
S|DT509|39849806|113013917| |TF|0|0|0|0|0|0|0|0|0|0|0|0|0
S|DT508|40012306|113389417| |TF|0|0|0|0|0|0|1|7880|0|0|0|0|0
S|DT504|39880250|113582167| |TF|0|0|0|0|0|205|1|6890|0|0|0|0|0

P|TODM7Y|14|TODAM|0|4
S|TODAM|39491944|112200833| |IF|0|0|0|0|0|0|0|0|0|0|0|0|0
S|DT413|39849806|113013917| |TF|0|0|0|0|0|0|1|11800|0|0|0|0|0
S|DT412|39965917|113281750| |TF|0|0|0|0|0|0|1|8860|0|0|0|0|0
S|DT404|40143694|113197667| |TF|0|0|0|0|0|205|1|7880|0|0|0|0|0

P|TODM8H|32|TODAM|0|4
S|TODAM|39491944|112200833| |IF|0|0|0|0|0|0|0|0|0|0|0|0|0
S|DT509|39849806|113013917| |TF|0|0|0|0|0|0|0|0|0|0|0|0|0
S|DT514|40098722|113588944| |TF|0|0|0|0|0|0|1|7880|0|0|0|0|0
S|DT505|40004528|113726389| |TF|0|0|0|0|0|205|1|6890|0|0|0|0|0

P|TODM9C|14|TODAM|0|5
S|TODAM|39491944|112200833| |IF|0|0|0|0|0|0|0|0|0|0|0|0|0
S|DT413|39849806|113013917| |TF|0|0|0|0|0|0|1|11800|0|0|0|0|0
S|BJZ|40055000|113493333| |TF|0|0|0|0|0|0|0|0|0|0|0|0|0
S|DT409|40117028|113562167| |TF|0|0|0|0|0|0|1|9850|0|0|0|0|0
S|DT405|40268028|113342250| |TF|0|0|0|0|0|205|1|7880|0|0|0|0|0

P|VIGE1A|14|VIGEK|0|2
S|VIGEK|40048333|114143889| |IF|0|0|0|0|0|0|0|0|0|0|0|0|0
S|BJZ|40055000|113493333| |TF|0|0|0|0|0|205|1|7880|0|0|0|0|0

P|VIGE2T|32|VIGEK|0|2
S|VIGEK|40048333|114143889| |IF|0|0|0|0|0|0|0|0|0|0|0|0|0
S|D097L|40052872|113742925| |TF|0|0|0|0|0|205|1|6890|0|0|0|0|0

P|VIGE4E|32|VIGEK|0|3
S|VIGEK|40048333|114143889| |IF|0|0|0|0|0|0|0|0|0|0|0|0|0
S|D097L|40052872|113742925| |TF|0|0|0|0|0|0|0|0|0|0|0|0|0
S|BJZ|40055000|113493333| |TF|0|0|0|0|0|190|1|7880|0|0|0|0|0

P|VIGE8H|32|VIGEK|0|3
S|VIGEK|40048333|114143889| |IF|0|0|0|0|0|0|0|0|0|0|0|0|0
S|DT515|40052972|113817833| |TF|0|0|0|0|0|0|1|7880|0|0|0|0|0
S|DT505|40004528|113726389| |TF|0|0|0|0|0|205|1|6890|0|0|0|0|0

P|VIGE9C|14|VIGEK|0|4
S|VIGEK|40048333|114143889| |IF|0|0|0|0|0|0|0|0|0|0|0|0|0
S|DT515|40052972|113817833| |TF|0|0|0|0|0|0|1|11800|0|0|0|0|0
S|DT409|40117028|113562167| |TF|0|0|0|0|0|0|1|9850|0|0|0|0|0
S|DT405|40268028|113342250| |TF|0|0|0|0|0|205|1|7880|0|0|0|0|0

