P|LUG01A|08|LUGVU|0|3
S|LUGVU|40596944|112730556| |IF|0|0|0|0|0|0|0|0|0|0|0|0|0
S|D107J|40692478|112114953| |TF|0|0|0|0|0|0|0|0|0|0|0|0|0
S|HET|40725000|111900000| |TF|0|0|0|0|0|200|1|7880|0|0|0|0|0

P|LUG11A|26|LUGVU|0|3
S|LUGVU|40596944|112730556| |IF|0|0|0|0|0|0|0|0|0|0|0|0|0
S|D107J|40692478|112114953| |TF|0|0|0|0|0|0|0|0|0|0|0|0|0
S|HET|40725000|111900000| |TF|0|0|0|0|0|200|1|8860|0|0|0|0|0

P|LUG8XA|26|LUGVU|0|4
S|LUGVU|40596944|112730556| |IF|0|0|0|0|0|0|0|0|0|0|0|0|0
S|URDOG|40611389|112457500| |TF|0|0|0|0|0|0|0|0|0|0|0|0|0
S|HH711|40616306|112252639| |TF|0|0|0|0|0|0|1|8860|0|0|0|0|0
S|HH712|40828167|112138083| |TF|0|0|0|0|0|200|1|7880|0|0|0|0|0

P|LUG8YA|26|LUGVU|0|5
S|LUGVU|40596944|112730556| |IF|0|0|0|0|0|0|0|0|0|0|0|0|0
S|URDOG|40611389|112457500| |TF|0|0|0|0|0|0|0|0|0|0|0|0|0
S|HH711|40616306|112252639| |TF|0|0|0|0|0|0|0|0|0|0|0|0|0
S|HH709|40836944|112176361| |TF|0|0|0|0|0|0|0|0|0|0|0|0|0
S|HH707|40877778|112343611| |TF|0|0|0|0|0|220|1|8860|0|0|0|0|0

P|LUG8ZA|26|LUGVU|0|3
S|LUGVU|40596944|112730556| |IF|0|0|0|0|0|0|0|0|0|0|0|0|0
S|URDOG|40611389|112457500| |TF|0|0|0|0|0|0|0|0|0|0|0|0|0
S|HH707|40877778|112343611| |TF|0|0|0|0|0|220|1|8860|0|0|0|0|0

P|LUG9YA|08|LUGVU|0|5
S|LUGVU|40596944|112730556| |IF|0|0|0|0|0|0|0|0|0|0|0|0|0
S|HH711|40616306|112252639| |TF|0|0|0|0|0|0|0|0|0|0|0|0|0
S|HH612|40628361|111668667| |TF|0|0|0|0|0|0|0|0|0|0|0|0|0
S|HH609|40713000|111641028| |TF|0|0|0|0|0|0|1|7880|0|0|0|0|0
S|HH608|40685167|111528528| |TF|1|0|0|0|0|200|1|7880|0|0|0|0|0

P|LUG9ZA|08|LUGVU|0|4
S|LUGVU|40596944|112730556| |IF|0|0|0|0|0|0|0|0|0|0|0|0|0
S|HH711|40616306|112252639| |TF|0|0|0|0|0|0|0|0|0|0|0|0|0
S|HH612|40628361|111668667| |TF|0|0|0|0|0|0|0|0|0|0|0|0|0
S|HH609|40713000|111641028| |TF|0|0|0|0|0|200|1|5910|0|0|0|0|0

P|TMR01A|08|TMR|0|4
S|TMR|41843333|113153333| |IF|0|0|0|0|0|0|0|0|0|0|0|0|0
S|HE30B|41108617|112323386| |TF|0|0|0|0|0|0|0|0|0|0|0|0|0
S|D046N|40904217|112096969| |TF|0|0|0|0|0|0|1|9850|0|0|0|0|0
S|HET|40725000|111900000| |TF|0|0|0|0|0|200|1|7880|0|0|0|0|0

P|TMR03A|08|TMR|0|5
S|TMR|41843333|113153333| |IF|0|0|0|0|0|0|0|0|0|0|0|0|0
S|BUTPO|41835833|112904167| |TF|0|0|0|0|0|0|0|0|0|0|0|0|0
S|HE30A|41183697|112163481| |TF|0|0|0|0|0|0|0|0|0|0|0|0|0
S|PADSA|40946111|111898611| |TF|0|0|0|0|0|0|1|9850|0|0|0|0|0
S|HET|40725000|111900000| |TF|0|0|0|0|0|200|1|7880|0|0|0|0|0

P|TMR11A|26|TMR|0|3
S|TMR|41843333|113153333| |IF|0|0|0|0|0|0|0|0|0|0|0|0|0
S|HE30B|41108617|112323386| |TF|0|0|0|0|0|0|0|0|0|0|0|0|0
S|HET29|41089472|112302100| |TF|0|0|0|0|0|220|1|9850|0|0|0|0|0

P|TMR13A|26|TMR|0|4
S|TMR|41843333|113153333| |IF|0|0|0|0|0|0|0|0|0|0|0|0|0
S|HE30B|41108617|112323386| |TF|0|0|0|0|0|0|0|0|0|0|0|0|0
S|HET29|41089472|112302100| |TF|0|0|0|0|0|220|1|9850|0|0|0|0|0
S|HET|40725000|111900000| |TF|0|0|0|0|0|200|1|8860|0|0|0|0|0

P|TMR8YA|26|TMR|0|4
S|TMR|41843333|113153333| |IF|0|0|0|0|0|0|0|0|0|0|0|0|0
S|IGPAS|41460000|112718889| |TF|0|0|0|0|0|0|0|0|0|0|0|0|0
S|HH718|41211278|112436389| |TF|0|0|0|0|0|0|0|0|0|0|0|0|0
S|HH708|41006861|112505556| |TF|0|0|0|0|0|220|1|8860|0|0|0|0|0

P|TMR8ZA|26|TMR|0|4
S|TMR|41843333|113153333| |IF|0|0|0|0|0|0|0|0|0|0|0|0|0
S|IGPAS|41460000|112718889| |TF|0|0|0|0|0|0|0|0|0|0|0|0|0
S|HH718|41211278|112436389| |TF|0|0|0|0|0|0|0|0|0|0|0|0|0
S|SUROS|41063611|112263611| |TF|0|0|0|0|0|220|1|8860|0|0|0|0|0

P|TMR9XA|08|TMR|0|7
S|TMR|41843333|113153333| |IF|0|0|0|0|0|0|0|0|0|0|0|0|0
S|BUTPO|41835833|112904167| |TF|0|0|0|0|0|0|0|0|0|0|0|0|0
S|HH615|41105333|112073500| |TF|0|0|0|0|0|0|0|0|0|0|0|0|0
S|HH610|40967111|111921028| |TF|0|0|0|0|0|0|1|9850|0|0|0|0|0
S|HH611|40763333|111845833| |TF|0|0|0|0|0|0|1|7880|0|0|0|0|0
S|HH609|40713000|111641028| |TF|0|0|0|0|0|0|1|7880|0|0|0|0|0
S|HH608|40685167|111528528| |TF|0|0|0|0|0|200|1|7880|0|0|0|0|0

P|TMR9YA|08|TMR|0|6
S|TMR|41843333|113153333| |IF|0|0|0|0|0|0|0|0|0|0|0|0|0
S|BUTPO|41835833|112904167| |TF|0|0|0|0|0|0|0|0|0|0|0|0|0
S|HH615|41105333|112073500| |TF|0|0|0|0|0|0|0|0|0|0|0|0|0
S|HH610|40967111|111921028| |TF|0|0|0|0|0|0|1|9850|0|0|0|0|0
S|HH611|40763333|111845833| |TF|0|0|0|0|0|0|1|7880|0|0|0|0|0
S|HH609|40713000|111641028| |TF|0|0|0|0|0|200|1|5910|0|0|0|0|0

P|TMR9ZA|08|TMR|0|5
S|TMR|41843333|113153333| |IF|0|0|0|0|0|0|0|0|0|0|0|0|0
S|BUTPO|41835833|112904167| |TF|0|0|0|0|0|0|0|0|0|0|0|0|0
S|HH615|41105333|112073500| |TF|0|0|0|0|0|0|0|0|0|0|0|0|0
S|HH610|40967111|111921028| |TF|0|0|0|0|0|0|1|9850|0|0|0|0|0
S|HH606|40856972|111457472| |TF|0|0|0|0|0|200|1|7880|0|0|0|0|0

P|TOD01A|08|TODAM|0|3
S|TODAM|39491944|112200833| |IF|0|0|0|0|0|0|0|0|0|0|0|0|0
S|D197L|40533442|111851200| |TF|0|0|0|0|0|0|0|0|0|0|0|0|0
S|HET|40725000|111900000| |TF|0|0|0|0|0|200|1|7880|0|0|0|0|0

P|TOD11A|26|TODAM|0|3
S|TODAM|39491944|112200833| |IF|0|0|0|0|0|0|0|0|0|0|0|0|0
S|D175J|40561117|111940628| |TF|0|0|0|0|0|0|0|0|0|0|0|0|0
S|HET|40725000|111900000| |TF|0|0|0|0|0|200|1|8860|0|0|0|0|0

P|TOD8XA|26|TODAM|0|6
S|TODAM|39491944|112200833| |IF|0|0|0|0|0|0|0|0|0|0|0|0|0
S|HH716|40234667|112178833| |TF|0|0|0|0|0|0|0|0|0|0|0|0|0
S|HH715|40393333|112173250| |TF|0|0|0|0|0|0|0|0|0|0|0|0|0
S|HH713|40620361|112071528| |TF|0|0|0|0|0|0|0|0|0|0|0|0|0
S|HH710|40794444|111991500| |TF|0|0|0|0|0|0|0|0|0|0|0|0|0
S|HH712|40828167|112138083| |TF|0|0|0|0|0|200|1|7880|0|0|0|0|0

P|TOD8YA|26|TODAM|0|7
S|TODAM|39491944|112200833| |IF|0|0|0|0|0|0|0|0|0|0|0|0|0
S|HH716|40234667|112178833| |TF|0|0|0|0|0|0|0|0|0|0|0|0|0
S|HH715|40393333|112173250| |TF|0|0|0|0|0|0|0|0|0|0|0|0|0
S|HH713|40620361|112071528| |TF|0|0|0|0|0|0|0|0|0|0|0|0|0
S|HH710|40794444|111991500| |TF|0|0|0|0|0|0|0|0|0|0|0|0|0
S|HH709|40836944|112176361| |TF|2|0|0|0|0|0|0|0|0|0|0|0|0
S|HH707|40877778|112343611| |TF|0|0|0|0|0|220|1|8860|0|0|0|0|0

P|TOD8ZA|26|TODAM|0|5
S|TODAM|39491944|112200833| |IF|0|0|0|0|0|0|0|0|0|0|0|0|0
S|HH716|40234667|112178833| |TF|0|0|0|0|0|0|0|0|0|0|0|0|0
S|HH715|40393333|112173250| |TF|0|0|0|0|0|0|0|0|0|0|0|0|0
S|HH711|40616306|112252639| |TF|0|0|0|0|0|0|0|0|0|0|0|0|0
S|HH707|40877778|112343611| |TF|0|0|0|0|0|220|1|8860|0|0|0|0|0

P|TOD9YA|08|TODAM|0|5
S|TODAM|39491944|112200833| |IF|0|0|0|0|0|0|0|0|0|0|0|0|0
S|LAXIB|40399167|111896944| |TF|0|0|0|0|0|0|0|0|0|0|0|0|0
S|HH612|40628361|111668667| |TF|0|0|0|0|0|0|0|0|0|0|0|0|0
S|HH609|40713000|111641028| |TF|0|0|0|0|0|0|1|7880|0|0|0|0|0
S|HH608|40685167|111528528| |TF|1|0|0|0|0|200|1|7880|0|0|0|0|0

P|TOD9ZA|08|TODAM|0|4
S|TODAM|39491944|112200833| |IF|0|0|0|0|0|0|0|0|0|0|0|0|0
S|LAXIB|40399167|111896944| |TF|0|0|0|0|0|0|0|0|0|0|0|0|0
S|HH612|40628361|111668667| |TF|0|0|0|0|0|0|0|0|0|0|0|0|0
S|HH609|40713000|111641028| |TF|0|0|0|0|0|200|1|5910|0|0|0|0|0

P|VAL01A|08|VALNI|0|3
S|VALNI|40421389|110211944| |IF|0|0|0|0|0|0|0|0|0|0|0|0|0
S|RUSER|40410000|111295833| |TF|0|0|0|0|0|0|0|0|0|0|0|0|0
S|HET|40725000|111900000| |TF|0|0|0|0|0|200|1|7880|0|0|0|0|0

P|VAL11A|26|VALNI|0|3
S|VALNI|40421389|110211944| |IF|0|0|0|0|0|0|0|0|0|0|0|0|0
S|RUSER|40410000|111295833| |TF|0|0|0|0|0|0|0|0|0|0|0|0|0
S|HET|40725000|111900000| |TF|0|0|0|0|0|200|1|8860|0|0|0|0|0

P|VAL8YA|26|VALNI|0|6
S|VALNI|40421389|110211944| |IF|0|0|0|0|0|0|0|0|0|0|0|0|0
S|RUSER|40410000|111295833| |TF|0|0|0|0|0|0|0|0|0|0|0|0|0
S|HH616|40408111|111465222| |TF|0|0|0|0|0|0|0|0|0|0|0|0|0
S|HH713|40620361|112071528| |TF|0|0|0|0|0|0|0|0|0|0|0|0|0
S|HH710|40794444|111991500| |TF|0|0|0|0|0|0|0|0|0|0|0|0|0
S|HH712|40828167|112138083| |TF|0|0|0|0|0|200|1|7880|0|0|0|0|0

P|VAL8ZA|26|VALNI|0|7
S|VALNI|40421389|110211944| |IF|0|0|0|0|0|0|0|0|0|0|0|0|0
S|RUSER|40410000|111295833| |TF|0|0|0|0|0|0|0|0|0|0|0|0|0
S|HH616|40408111|111465222| |TF|0|0|0|0|0|0|0|0|0|0|0|0|0
S|HH713|40620361|112071528| |TF|0|0|0|0|0|0|0|0|0|0|0|0|0
S|HH710|40794444|111991500| |TF|0|0|0|0|0|0|0|0|0|0|0|0|0
S|HH709|40836944|112176361| |TF|2|0|0|0|0|0|0|0|0|0|0|0|0
S|HH707|40877778|112343611| |TF|0|0|0|0|0|220|1|8860|0|0|0|0|0

P|VAL9YA|08|VALNI|0|6
S|VALNI|40421389|110211944| |IF|0|0|0|0|0|0|0|0|0|0|0|0|0
S|RUSER|40410000|111295833| |TF|0|0|0|0|0|0|0|0|0|0|0|0|0
S|HH616|40408111|111465222| |TF|0|0|0|0|0|0|0|0|0|0|0|0|0
S|HH614|40405417|111574611| |TF|0|0|0|0|0|0|0|0|0|0|0|0|0
S|HH612|40628361|111668667| |TF|0|0|0|0|0|0|0|0|0|0|0|0|0
S|HH609|40713000|111641028| |TF|0|0|0|0|0|200|1|5910|0|0|0|0|0

P|VAL9ZA|08|VALNI|0|4
S|VALNI|40421389|110211944| |IF|0|0|0|0|0|0|0|0|0|0|0|0|0
S|RUSER|40410000|111295833| |TF|0|0|0|0|0|0|0|0|0|0|0|0|0
S|HH616|40408111|111465222| |TF|0|0|0|0|0|0|0|0|0|0|0|0|0
S|HH608|40685167|111528528| |TF|0|0|0|0|0|200|1|7880|0|0|0|0|0

