P|DKO1E|13|DKO|0|4
S|DKO|40308333|106963333| |IF|0|0|0|0|0|0|0|0|0|0|0|0|0
S|RINBI|40358333|108000000| |TF|0|0|0|0|0|0|0|0|0|0|0|0|0
S|BA27C|40408714|109441322| |TF|0|0|0|0|0|0|1|9850|0|0|0|0|0
S|BAV|40556667|109998333| |TF|0|0|0|0|0|190|1|6890|0|0|0|0|0

P|DKO6H|31|DKO|0|4
S|DKO|40308333|106963333| |IF|0|0|0|0|0|0|0|0|0|0|0|0|0
S|RINBI|40358333|108000000| |TF|0|0|0|0|0|0|0|0|0|0|0|0|0
S|BA27C|40408714|109441322| |TF|0|0|0|0|0|0|1|9850|0|0|0|0|0
S|BAV|40556667|109998333| |TF|0|0|0|0|0|190|1|6890|0|0|0|0|0

P|DKO8Z|31|DKO|0|6
S|DKO|40308333|106963333| |IF|0|0|0|0|0|0|0|0|0|0|0|0|0
S|RINBI|40358333|108000000| |TF|0|0|0|0|0|0|0|0|0|0|0|0|0
S|OW404|40408583|109440639| |TF|0|0|0|0|0|0|1|7880|0|0|0|0|0
S|OW523|40416667|109738889| |TF|0|0|0|0|0|0|1|7880|0|0|0|0|0
S|OW524|40389667|109912556| |TF|0|0|0|0|0|0|1|7880|0|0|0|0|0
S|OW806|40356778|110122000| |TF|0|0|0|0|0|205|1|5910|0|0|0|0|0

P|DKO9A|13|DKO|0|5
S|DKO|40308333|106963333| |IF|0|0|0|0|0|0|0|0|0|0|0|0|0
S|RINBI|40358333|108000000| |TF|0|0|0|0|0|0|0|0|0|0|0|0|0
S|OW404|40408583|109440639| |TF|0|0|0|0|0|0|1|7880|0|0|0|0|0
S|OW541|40520917|109678056| |TF|0|0|0|0|0|0|1|6890|0|0|0|0|0
S|OW607|40586083|109746250| |TF|0|0|0|0|0|205|1|5910|0|0|0|0|0

P|HDS1E|13|HDS|0|5
S|HDS|39490000|109861667| |IF|0|0|0|0|0|0|0|0|0|0|0|0|0
S|D189X|40157500|109959206| |TF|0|0|0|0|0|0|1|8860|0|0|0|0|0
S|ALGOV|40198611|109965278| |TF|0|0|0|0|0|0|0|0|0|0|0|0|0
S|D189R|40257181|109970997| |TF|0|0|0|0|0|0|0|0|0|0|0|0|0
S|BAV|40556667|109998333| |TF|0|0|0|0|0|190|1|6890|0|0|0|0|0

P|HDS6H|31|HDS|0|6
S|HDS|39490000|109861667| |IF|0|0|0|0|0|0|0|0|0|0|0|0|0
S|D189X|40157500|109959206| |TF|0|0|0|0|0|0|1|8860|0|0|0|0|0
S|ALGOV|40198611|109965278| |TF|0|0|0|0|0|0|0|0|0|0|0|0|0
S|D189R|40257181|109970997| |TF|0|0|0|0|0|0|0|0|0|0|0|0|0
S|D189N|40323750|109976789| |TF|0|0|0|0|0|0|1|7880|0|0|0|0|0
S|BAV|40556667|109998333| |TF|0|0|0|0|0|190|1|6890|0|0|0|0|0

P|HDS7R|31|HDS|0|5
S|HDS|39490000|109861667| |IF|0|0|0|0|0|0|0|0|0|0|0|0|0
S|D189X|40157500|109959206| |TF|0|0|0|0|0|0|1|8860|0|0|0|0|0
S|ALGOV|40198611|109965278| |TF|0|0|0|0|0|0|0|0|0|0|0|0|0
S|D189R|40257181|109970997| |TF|0|0|0|0|0|0|0|0|0|0|0|0|0
S|D189N|40323750|109976789| |TF|0|0|0|0|0|190|1|7880|0|0|0|0|0

P|HDS8Z|31|HDS|0|3
S|HDS|39490000|109861667| |IF|0|0|0|0|0|0|0|0|0|0|0|0|0
S|ALGOV|40198611|109965278| |TF|0|0|0|0|0|0|1|7880|0|0|0|0|0
S|OW806|40356778|110122000| |TF|0|0|0|0|0|205|1|5910|0|0|0|0|0

P|HDS9A|13|HDS|0|5
S|HDS|39490000|109861667| |IF|0|0|0|0|0|0|0|0|0|0|0|0|0
S|ALGOV|40198611|109965278| |TF|0|0|0|0|0|0|0|0|0|0|0|0|0
S|OMGEL|40422500|109974722| |TF|0|0|0|0|0|0|1|7880|0|0|0|0|0
S|OW533|40495972|109893528| |TF|0|0|0|0|0|0|1|7880|0|0|0|0|0
S|OW607|40586083|109746250| |TF|0|0|0|0|0|205|1|5910|0|0|0|0|0

P|MOSP1E|13|MOSPA|0|4
S|MOSPA|40636111|111183333| |IF|0|0|0|0|0|0|0|0|0|0|0|0|0
S|BA27D|40641131|110578617| |TF|0|0|0|0|0|0|1|9850|0|0|0|0|0
S|EGILO|40646667|109983889| |TF|0|0|0|0|0|0|1|8860|0|0|0|0|0
S|BAV|40556667|109998333| |TF|0|0|0|0|0|190|1|6890|0|0|0|0|0

P|MOSP6H|31|MOSPA|0|4
S|MOSPA|40636111|111183333| |IF|0|0|0|0|0|0|0|0|0|0|0|0|0
S|BA27D|40641131|110578617| |TF|0|0|0|0|0|0|1|9850|0|0|0|0|0
S|EGILO|40646667|109983889| |TF|0|0|0|0|0|0|1|8860|0|0|0|0|0
S|BAV|40556667|109998333| |TF|0|0|0|0|0|190|1|6890|0|0|0|0|0

P|MOSP8Z|31|MOSPA|0|4
S|MOSPA|40636111|111183333| |IF|0|0|0|0|0|0|0|0|0|0|0|0|0
S|OW401|40642944|110576833| |TF|0|0|0|0|0|0|1|9850|0|0|0|0|0
S|OW540|40554694|110390361| |TF|0|0|0|0|0|0|1|8860|0|0|0|0|0
S|OW807|40511472|110284028| |TF|0|0|0|0|0|205|1|6890|0|0|0|0|0

P|MOSP9A|13|MOSPA|0|5
S|MOSPA|40636111|111183333| |IF|0|0|0|0|0|0|0|0|0|0|0|0|0
S|OW401|40642944|110576833| |TF|0|0|0|0|0|0|1|9850|0|0|0|0|0
S|OW540|40554694|110390361| |TF|0|0|0|0|0|0|1|8860|0|0|0|0|0
S|OW533|40495972|109893528| |TF|0|0|0|0|0|0|1|7880|0|0|0|0|0
S|OW607|40586083|109746250| |TF|0|0|0|0|0|205|1|5910|0|0|0|0|0

P|VIKO1E|13|VIKON|0|3
S|VIKON|39533056|108332500| |IF|0|0|0|0|0|0|0|0|0|0|0|0|0
S|OMGEL|40422500|109974722| |TF|0|0|0|0|0|0|1|7880|0|0|0|0|0
S|BAV|40556667|109998333| |TF|0|0|0|0|0|190|1|6890|0|0|0|0|0

P|VIKO6H|31|VIKON|0|3
S|VIKON|39533056|108332500| |IF|0|0|0|0|0|0|0|0|0|0|0|0|0
S|OMGEL|40422500|109974722| |TF|0|0|0|0|0|0|1|7880|0|0|0|0|0
S|BAV|40556667|109998333| |TF|0|0|0|0|0|190|1|6890|0|0|0|0|0

P|VIKO8Z|31|VIKON|0|3
S|VIKON|39533056|108332500| |IF|0|0|0|0|0|0|0|0|0|0|0|0|0
S|OW524|40389667|109912556| |TF|0|0|0|0|0|0|1|7880|0|0|0|0|0
S|OW806|40356778|110122000| |TF|0|0|0|0|0|205|1|5910|0|0|0|0|0

P|VIKO9A|13|VIKON|0|4
S|VIKON|39533056|108332500| |IF|0|0|0|0|0|0|0|0|0|0|0|0|0
S|OMGEL|40422500|109974722| |TF|0|0|0|0|0|0|1|7880|0|0|0|0|0
S|OW533|40495972|109893528| |TF|0|0|0|0|0|0|1|7880|0|0|0|0|0
S|OW607|40586083|109746250| |TF|0|0|0|0|0|205|1|5910|0|0|0|0|0

