P|LBN1W|01|LBN|0|5
S|LBN|23763333|109146667| |IF|0|0|0|0|0|0|0|0|0|0|0|0|0
S|MOTOM|24690000|109793889| |TF|0|0|0|0|0|0|2|14800|0|0|0|0|0
S|KWL28|24765522|109829794| |TF|0|0|0|0|0|0|0|0|0|0|0|0|0
S|D206L|25010025|109948781| |TF|0|0|0|0|0|0|2|9850|0|0|0|0|0
S|KWL|25193333|110038333| |TF|0|0|0|0|0|205|1|6890|0|0|0|0|0

P|LBN1X|19|LBN|0|6
S|LBN|23763333|109146667| |IF|0|0|0|0|0|0|0|0|0|0|0|0|0
S|MOTOM|24690000|109793889| |TF|0|0|0|0|0|0|2|14800|0|0|0|0|0
S|KWL28|24765522|109829794| |TF|0|0|0|0|0|0|0|0|0|0|0|0|0
S|D206L|25010025|109948781| |TF|0|0|0|0|0|0|2|9850|0|0|0|0|0
S|KWL|25193333|110038333| |TF|0|0|0|0|0|0|0|0|0|0|0|0|0
S|D344T|25517647|109922189| |TF|0|0|0|0|0|205|1|7880|0|0|0|0|0

P|LBN2X|19|LBN|0|5
S|LBN|23763333|109146667| |IF|0|0|0|0|0|0|0|0|0|0|0|0|0
S|MOTOM|24690000|109793889| |TF|0|0|0|0|0|0|2|14800|0|0|0|0|0
S|KWL28|24765522|109829794| |TF|0|0|0|0|0|0|0|0|0|0|0|0|0
S|D206L|25010025|109948781| |TF|0|0|0|0|0|0|2|9850|0|0|0|0|0
S|KWL|25193333|110038333| |TF|0|0|0|0|0|205|1|5910|0|0|0|0|0

P|LBN8X|19|LBN|0|6
S|LBN|23763333|109146667| |IF|0|0|0|0|0|0|0|0|0|0|0|0|0
S|MOTOM|24690000|109793889| |TF|0|0|0|0|0|0|2|14800|0|0|0|0|0
S|KL407|24766944|109830361| |TF|0|0|0|0|0|0|0|0|0|0|0|0|0
S|KL511|24892194|109928583| |TF|0|0|0|0|0|0|0|0|0|0|0|0|0
S|KL510|25156278|110113000| |TF|0|0|0|0|0|0|0|0|0|0|0|0|0
S|KL508|25491472|110145500| |TF|0|0|0|0|0|205|1|5910|0|0|0|0|0

P|LBN9W|01|LBN|0|5
S|LBN|23763333|109146667| |IF|0|0|0|0|0|0|0|0|0|0|0|0|0
S|MOTOM|24690000|109793889| |TF|0|0|0|0|0|0|2|14800|0|0|0|0|0
S|KL407|24766944|109830361| |TF|0|0|0|0|0|0|0|0|0|0|0|0|0
S|KL405|24754000|109994833| |TF|0|0|0|0|0|0|0|0|0|0|0|0|0
S|KL403|24879444|110006833| |TF|0|0|0|0|0|205|1|5910|0|0|0|0|0

P|LBN9X|19|LBN|0|6
S|LBN|23763333|109146667| |IF|0|0|0|0|0|0|0|0|0|0|0|0|0
S|MOTOM|24690000|109793889| |TF|0|0|0|0|0|0|2|14800|0|0|0|0|0
S|KL407|24766944|109830361| |TF|0|0|0|0|0|0|0|0|0|0|0|0|0
S|KL511|24892194|109928583| |TF|0|0|0|0|0|0|0|0|0|0|0|0|0
S|KL513|25412806|109978250| |TF|0|0|0|0|0|0|0|0|0|0|0|0|0
S|KL504|25504083|109986972| |TF|0|0|0|0|0|205|1|5910|0|0|0|0|0

P|ONE1W|01|ONEMI|0|4
S|ONEMI|25751111|110608056| |IF|0|0|0|0|0|0|0|0|0|0|0|0|0
S|A|25566667|110666667| |TF|0|0|0|0|0|0|0|0|0|0|0|0|0
S|Y|25171667|110318333| |TF|0|0|0|0|0|0|3|9850|6890|0|0|0|0
S|KWL|25193333|110038333| |TF|0|0|0|0|0|205|1|6890|0|0|0|0|0

P|ONE1X|19|ONEMI|0|5
S|ONEMI|25751111|110608056| |IF|0|0|0|0|0|0|0|0|0|0|0|0|0
S|A|25566667|110666667| |TF|0|0|0|0|0|0|0|0|0|0|0|0|0
S|Y|25171667|110318333| |TF|0|0|0|0|0|0|3|9850|6890|0|0|0|0
S|KWL|25193333|110038333| |TF|0|0|0|0|0|0|0|0|0|0|0|0|0
S|D344T|25517647|109922189| |TF|0|0|0|0|0|205|1|7880|0|0|0|0|0

P|ONE2W|01|ONEMI|0|3
S|ONEMI|25751111|110608056| |IF|0|0|0|0|0|0|0|0|0|0|0|0|0
S|VQ|25561667|110476667| |TF|0|0|0|0|0|0|0|0|0|0|0|0|0
S|KWL|25193333|110038333| |TF|0|0|0|0|0|205|1|6890|0|0|0|0|0

P|ONE2X|19|ONEMI|0|3
S|ONEMI|25751111|110608056| |IF|0|0|0|0|0|0|0|0|0|0|0|0|0
S|VQ|25561667|110476667| |TF|0|0|0|0|0|0|0|0|0|0|0|0|0
S|D024V|25538922|110192267| |TF|0|0|0|0|0|205|1|7880|0|0|0|0|0

P|ONE6W|01|ONEMI|0|6
S|ONEMI|25751111|110608056| |IF|0|0|0|0|0|0|1|13800|0|0|0|0|0
S|VQ|25561667|110476667| |TF|0|0|0|0|0|0|0|0|0|0|0|0|0
S|KL409|25282583|110125222| |TF|0|0|0|0|0|0|0|0|0|0|0|0|0
S|KL412|25001028|110098000| |TF|0|0|0|0|0|0|0|0|0|0|0|0|0
S|KL414|24873139|110085667| |TF|0|0|0|0|0|0|0|0|0|0|0|0|0
S|KL403|24879444|110006833| |TF|0|0|0|0|0|205|1|5910|0|0|0|0|0

P|ONE7W|01|ONEMI|0|4
S|ONEMI|25751111|110608056| |IF|0|0|0|0|0|0|1|13800|0|0|0|0|0
S|VQ|25561667|110476667| |TF|0|0|0|0|0|0|0|0|0|0|0|0|0
S|KL409|25282583|110125222| |TF|0|0|0|0|0|0|0|0|0|0|0|0|0
S|KL412|25001028|110098000| |TF|0|0|0|0|0|205|1|4930|0|0|0|0|0

P|ONE8W|01|ONEMI|0|9
S|ONEMI|25751111|110608056| |IF|0|0|0|0|0|0|1|13800|0|0|0|0|0
S|KL413|25689083|110628083| |TF|0|0|0|0|0|0|0|0|0|0|0|0|0
S|A|25566667|110666667| |TF|0|0|0|0|0|0|0|0|0|0|0|0|0
S|KL410|25456861|110570278| |TF|0|0|0|0|0|0|0|0|0|0|0|0|0
S|Y|25171667|110318333| |TF|0|0|0|0|0|0|3|9850|6890|0|0|0|0
S|KL411|25108917|110108417| |TF|0|0|0|0|0|0|0|0|0|0|0|0|0
S|KL406|25014361|109930250| |TF|0|0|0|0|0|0|0|0|0|0|0|0|0
S|KL404|24886472|109918111| |TF|0|0|0|0|0|0|0|0|0|0|0|0|0
S|KL403|24879444|110006833| |TF|0|0|0|0|0|205|1|5910|0|0|0|0|0

P|ONE8X|19|ONEMI|0|3
S|ONEMI|25751111|110608056| |IF|0|0|0|0|0|0|1|13800|0|0|0|0|0
S|VQ|25561667|110476667| |TF|0|0|0|0|0|0|0|0|0|0|0|0|0
S|KL508|25491472|110145500| |TF|0|0|0|0|0|205|1|5910|0|0|0|0|0

P|ONE9W|01|ONEMI|0|8
S|ONEMI|25751111|110608056| |IF|0|0|0|0|0|0|1|13800|0|0|0|0|0
S|KL413|25689083|110628083| |TF|0|0|0|0|0|0|0|0|0|0|0|0|0
S|A|25566667|110666667| |TF|0|0|0|0|0|0|0|0|0|0|0|0|0
S|KL410|25456861|110570278| |TF|0|0|0|0|0|0|0|0|0|0|0|0|0
S|Y|25171667|110318333| |TF|0|0|0|0|0|0|3|9850|6890|0|0|0|0
S|KL420|25139083|110212333| |TF|0|0|0|0|0|205|0|0|0|0|0|0|0
S|KL411|25108917|110108417| |TF|0|0|0|0|0|0|1|6890|0|0|0|0|0
S|KL412|25001028|110098000| |TF|0|0|0|0|0|205|1|4930|0|0|0|0|0

P|ONE9X|19|ONEMI|0|8
S|ONEMI|25751111|110608056| |IF|0|0|0|0|0|0|1|13800|0|0|0|0|0
S|KL413|25689083|110628083| |TF|0|0|0|0|0|0|0|0|0|0|0|0|0
S|A|25566667|110666667| |TF|0|0|0|0|0|0|0|0|0|0|0|0|0
S|KL410|25456861|110570278| |TF|0|0|0|0|0|0|0|0|0|0|0|0|0
S|Y|25171667|110318333| |TF|0|0|0|0|0|0|3|9850|6890|0|0|0|0
S|KL509|25307028|110127611| |TF|0|0|0|0|0|0|1|6890|0|0|0|0|0
S|KL513|25412806|109978250| |TF|0|0|0|0|0|0|0|0|0|0|0|0|0
S|KL504|25504083|109986972| |TF|0|0|0|0|0|205|1|5910|0|0|0|0|0

P|QP1W|01|QP|0|3
S|QP|24670000|110776667| |IF|0|0|0|0|0|0|1|15700|0|0|0|0|0
S|Y|25171667|110318333| |TF|0|0|0|0|0|0|3|9850|6890|0|0|0|0
S|KWL|25193333|110038333| |TF|0|0|0|0|0|205|1|6890|0|0|0|0|0

P|QP1X|19|QP|0|4
S|QP|24670000|110776667| |IF|0|0|0|0|0|0|1|15700|0|0|0|0|0
S|Y|25171667|110318333| |TF|0|0|0|0|0|0|3|9850|6890|0|0|0|0
S|KWL|25193333|110038333| |TF|0|0|0|0|0|0|0|0|0|0|0|0|0
S|D344T|25517647|109922189| |TF|0|0|0|0|0|205|1|7880|0|0|0|0|0

P|QP2X|19|QP|0|3
S|QP|24670000|110776667| |IF|0|0|0|0|0|0|1|15700|0|0|0|0|0
S|Y|25171667|110318333| |TF|0|0|0|0|0|0|3|9850|6890|0|0|0|0
S|KWL|25193333|110038333| |TF|0|0|0|0|0|205|1|5910|0|0|0|0|0

P|QP7W|01|QP|0|3
S|QP|24670000|110776667| |IF|0|0|0|0|0|0|1|15700|0|0|0|0|0
S|B|24675000|110470000| |TF|0|0|0|0|0|0|0|0|0|0|0|0|0
S|KL403|24879444|110006833| |TF|0|0|0|0|0|205|1|5910|0|0|0|0|0

P|QP8W|01|QP|0|6
S|QP|24670000|110776667| |IF|0|0|0|0|0|0|1|15700|0|0|0|0|0
S|Y|25171667|110318333| |TF|0|0|0|0|0|0|3|9850|6890|0|0|0|0
S|KL411|25108917|110108417| |TF|0|0|0|0|0|0|0|0|0|0|0|0|0
S|KL406|25014361|109930250| |TF|0|0|0|0|0|0|0|0|0|0|0|0|0
S|KL404|24886472|109918111| |TF|0|0|0|0|0|0|0|0|0|0|0|0|0
S|KL403|24879444|110006833| |TF|0|0|0|0|0|205|1|5910|0|0|0|0|0

P|QP8X|19|QP|0|3
S|QP|24670000|110776667| |IF|0|0|0|0|0|0|1|15700|0|0|0|0|0
S|KL510|25156278|110113000| |TF|0|0|0|0|0|0|0|0|0|0|0|0|0
S|KL508|25491472|110145500| |TF|0|0|0|0|0|205|1|5910|0|0|0|0|0

P|QP9W|01|QP|0|5
S|QP|24670000|110776667| |IF|0|0|0|0|0|0|1|15700|0|0|0|0|0
S|Y|25171667|110318333| |TF|0|0|0|0|0|0|3|9850|6890|0|0|0|0
S|KL420|25139083|110212333| |TF|0|0|0|0|0|205|0|0|0|0|0|0|0
S|KL411|25108917|110108417| |TF|0|0|0|0|0|0|1|6890|0|0|0|0|0
S|KL412|25001028|110098000| |TF|0|0|0|0|0|205|1|4930|0|0|0|0|0

P|QP9X|19|QP|0|5
S|QP|24670000|110776667| |IF|0|0|0|0|0|0|1|15700|0|0|0|0|0
S|Y|25171667|110318333| |TF|0|0|0|0|0|0|3|9850|6890|0|0|0|0
S|KL509|25307028|110127611| |TF|0|0|0|0|0|0|1|6890|0|0|0|0|0
S|KL513|25412806|109978250| |TF|0|0|0|0|0|0|0|0|0|0|0|0|0
S|KL504|25504083|109986972| |TF|0|0|0|0|0|205|1|5910|0|0|0|0|0

P|SJG1W|01|SJG|0|3
S|SJG|25776667|109610000| |IF|0|0|0|0|0|0|1|14800|0|0|0|0|0
S|D007M|25406511|110058867| |TF|0|0|0|0|0|0|1|7880|0|0|0|0|0
S|KWL|25193333|110038333| |TF|0|0|0|0|0|205|1|6890|0|0|0|0|0

P|SJG1X|19|SJG|0|2
S|SJG|25776667|109610000| |IF|0|0|0|0|0|0|1|14800|0|0|0|0|0
S|D344T|25517647|109922189| |TF|0|0|0|0|0|205|1|7880|0|0|0|0|0

P|SJG2W|01|SJG|0|3
S|SJG|25776667|109610000| |IF|0|0|0|0|0|0|1|14800|0|0|0|0|0
S|C|25488333|109693333| |TF|0|0|0|0|0|0|0|0|0|0|0|0|0
S|KWL|25193333|110038333| |TF|0|0|0|0|0|205|1|6890|0|0|0|0|0

P|SJG8W|01|SJG|0|5
S|SJG|25776667|109610000| |IF|0|0|0|0|0|0|1|14800|0|0|0|0|0
S|C|25488333|109693333| |TF|0|0|0|0|0|0|0|0|0|0|0|0|0
S|KL406|25014361|109930250| |TF|0|0|0|0|0|0|0|0|0|0|0|0|0
S|KL404|24886472|109918111| |TF|0|0|0|0|0|0|0|0|0|0|0|0|0
S|KL403|24879444|110006833| |TF|0|0|0|0|0|205|1|5910|0|0|0|0|0

P|SJG8X|19|SJG|0|4
S|SJG|25776667|109610000| |IF|0|0|0|0|0|0|1|14800|0|0|0|0|0
S|KL506|25640278|109773500| |TF|0|0|0|0|0|0|0|0|0|0|0|0|0
S|KL518|25624472|109973167| |TF|0|0|0|0|0|0|1|7880|0|0|0|0|0
S|KL507|25616222|110077694| |TF|0|0|0|0|0|205|1|6890|0|0|0|0|0

P|SJG9W|01|SJG|0|5
S|SJG|25776667|109610000| |IF|0|0|0|0|0|0|1|14800|0|0|0|0|0
S|KL408|25475861|109974306| |TF|0|0|0|0|0|0|1|7880|0|0|0|0|0
S|KL406|25014361|109930250| |TF|0|0|0|0|0|0|0|0|0|0|0|0|0
S|KL404|24886472|109918111| |TF|0|0|0|0|0|0|0|0|0|0|0|0|0
S|KL403|24879444|110006833| |TF|0|0|0|0|0|205|1|5910|0|0|0|0|0

P|SJG9X|19|SJG|0|3
S|SJG|25776667|109610000| |IF|0|0|0|0|0|0|1|14800|0|0|0|0|0
S|KL506|25640278|109773500| |TF|0|0|0|0|0|0|0|0|0|0|0|0|0
S|KL505|25546806|109965722| |TF|0|0|0|0|0|205|1|7220|0|0|0|0|0

