P|MOVBI5|26|MOVBI|0|2
S|MOVBI|40757778|93620278| |IF|0|0|0|0|0|0|0|0|0|0|0|0|0
S|DNH|40163333|94845000| |TF|0|0|0|0|0|0|1|8860|0|0|0|0|0

P|MOVBI6|08|MOVBI|0|3
S|MOVBI|40757778|93620278| |IF|0|0|0|0|0|0|0|0|0|0|0|0|0
S|D302P|40307714|94552158| |TF|0|0|0|0|0|0|0|0|0|0|0|0|0
S|DNH|40163333|94845000| |TF|0|0|0|0|0|0|1|7880|0|0|0|0|0

P|MOVBI7|08|MOVBI|0|2
S|MOVBI|40757778|93620278| |IF|0|0|0|0|0|0|0|0|0|0|0|0|0
S|D302P|40307714|94552158| |TF|0|0|0|0|0|0|1|7880|0|0|0|0|0

P|MOVBI8|26|MOVBI|0|4
S|MOVBI|40757778|93620278| |IF|0|0|0|0|0|0|0|0|0|0|0|0|0
S|DH615|40444944|94271000| |TF|0|0|0|0|0|0|0|0|0|0|0|0|0
S|DH603|40251000|94570306| |TF|0|0|0|0|0|0|0|0|0|0|0|0|0
S|DH703|40297000|95154556| |TF|0|0|0|0|0|0|1|8860|0|0|0|0|0

P|MOVBI9|08|MOVBI|0|3
S|MOVBI|40757778|93620278| |IF|0|0|0|0|0|0|0|0|0|0|0|0|0
S|DH615|40444944|94271000| |TF|0|0|0|0|0|0|0|0|0|0|0|0|0
S|DH603|40251000|94570306| |TF|0|0|0|0|0|0|1|6890|0|0|0|0|0

P|NUKTI0|26|NUKTI|0|3
S|NUKTI|41861667|95199444| |IF|0|0|0|0|0|0|0|0|0|0|0|0|0
S|D009S|40476411|94909061| |TF|0|0|0|0|0|0|0|0|0|0|0|0|0
S|DNH|40163333|94845000| |TF|0|0|0|0|0|0|1|8860|0|0|0|0|0

P|NUKTI5|26|NUKTI|0|2
S|NUKTI|41861667|95199444| |IF|0|0|0|0|0|0|0|0|0|0|0|0|0
S|D009S|40476411|94909061| |TF|0|0|0|0|0|0|1|8860|0|0|0|0|0

P|NUKTI6|08|NUKTI|0|3
S|NUKTI|41861667|95199444| |IF|0|0|0|0|0|0|0|0|0|0|0|0|0
S|D009P|40426981|94898906| |TF|0|0|0|0|0|0|0|0|0|0|0|0|0
S|DNH|40163333|94845000| |TF|0|0|0|0|0|0|1|7880|0|0|0|0|0

P|NUKTI7|08|NUKTI|0|2
S|NUKTI|41861667|95199444| |IF|0|0|0|0|0|0|0|0|0|0|0|0|0
S|D009P|40426981|94898906| |TF|0|0|0|0|0|0|1|8860|0|0|0|0|0

P|NUKTI8|26|NUKTI|0|3
S|NUKTI|41861667|95199444| |IF|0|0|0|0|0|0|0|0|0|0|0|0|0
S|DH614|40572778|94931833| |TF|0|0|0|0|0|0|0|0|0|0|0|0|0
S|DH703|40297000|95154556| |TF|0|0|0|0|0|0|1|8860|0|0|0|0|0

P|NUKTI9|08|NUKTI|0|3
S|NUKTI|41861667|95199444| |IF|0|0|0|0|0|0|0|0|0|0|0|0|0
S|DH614|40572778|94931833| |TF|0|0|0|0|0|0|0|0|0|0|0|0|0
S|DH603|40251000|94570306| |TF|0|0|0|0|0|0|1|6890|0|0|0|0|0

P|TODOD5|26|TODOD|0|3
S|TODOD|39630833|96622778| |IF|0|0|0|0|0|0|0|0|0|0|0|0|0
S|DNH45|39965000|95785000| |TF|0|0|0|0|0|0|1|15700|0|0|0|0|0
S|D093U|40138003|95300256| |TF|0|0|0|0|0|0|1|8860|0|0|0|0|0

P|TODOD7|08|TODOD|0|4
S|TODOD|39630833|96622778| |IF|0|0|0|0|0|0|0|0|0|0|0|0|0
S|DNH45|39965000|95785000| |TF|0|0|0|0|0|0|1|15700|0|0|0|0|0
S|NIXUK|40200000|95145278| |TF|0|0|0|0|0|0|0|0|0|0|0|0|0
S|DNH|40163333|94845000| |TF|0|0|0|0|0|0|1|7880|0|0|0|0|0

P|TODOD8|26|TODOD|0|4
S|TODOD|39630833|96622778| |IF|0|0|0|0|0|0|0|0|0|0|0|0|0
S|DH611|39964333|95785722| |TF|0|0|0|0|0|0|1|15700|0|0|0|0|0
S|DH612|40079639|95473056| |TF|0|0|0|0|0|0|0|0|0|0|0|0|0
S|DH704|40198194|95285722| |TF|0|0|0|0|0|0|1|8860|0|0|0|0|0

P|TODOD9|08|TODOD|0|5
S|TODOD|39630833|96622778| |IF|0|0|0|0|0|0|0|0|0|0|0|0|0
S|DH611|39964333|95785722| |TF|0|0|0|0|0|0|1|15700|0|0|0|0|0
S|DH612|40079639|95473056| |TF|0|0|0|0|0|0|0|0|0|0|0|0|0
S|DH703|40297000|95154556| |TF|0|0|0|0|0|0|0|0|0|0|0|0|0
S|DH603|40251000|94570306| |TF|0|0|0|0|0|0|1|6890|0|0|0|0|0

P|TUSLI5|26|TUSLI|0|2
S|TUSLI|39083333|92300000| |IF|0|0|0|0|0|0|0|0|0|0|0|0|0
S|DNH|40163333|94845000| |TF|0|0|0|0|0|0|1|8860|0|0|0|0|0

P|TUSLI6|08|TUSLI|0|3
S|TUSLI|39083333|92300000| |IF|0|0|0|0|0|0|0|0|0|0|0|0|0
S|D241T|40006397|94461761| |TF|0|0|0|0|0|0|0|0|0|0|0|0|0
S|DNH|40163333|94845000| |TF|0|0|0|0|0|0|1|7880|0|0|0|0|0

P|TUSLI7|08|TUSLI|0|2
S|TUSLI|39083333|92300000| |IF|0|0|0|0|0|0|0|0|0|0|0|0|0
S|D241T|40006397|94461761| |TF|0|0|0|0|0|0|1|7880|0|0|0|0|0

P|TUSLI8|26|TUSLI|0|4
S|TUSLI|39083333|92300000| |IF|0|0|0|0|0|0|0|0|0|0|0|0|0
S|DH616|39916333|94241500| |TF|0|0|0|0|0|0|1|11800|0|0|0|0|0
S|DH603|40251000|94570306| |TF|0|0|0|0|0|0|0|0|0|0|0|0|0
S|DH703|40297000|95154556| |TF|0|0|0|0|0|0|1|8860|0|0|0|0|0

P|TUSLI9|08|TUSLI|0|3
S|TUSLI|39083333|92300000| |IF|0|0|0|0|0|0|0|0|0|0|0|0|0
S|DH616|39916333|94241500| |TF|0|0|0|0|0|0|1|11800|0|0|0|0|0
S|DH604|40129556|94409611| |TF|0|0|0|0|0|0|1|7880|0|0|0|0|0

