P|HO1W|23R|HO|0|6
S|HO|35210000|107768333| |IF|0|0|0|0|0|0|0|0|0|0|0|0|0
S|XY904|34888556|108195861| |TF|0|0|0|0|0|0|0|0|0|0|0|0|0
S|XY905|34585556|108590500| |TF|0|0|0|0|0|220|0|0|0|0|0|0|0
S|XY801|34520194|108675083| |TF|0|0|0|0|0|0|1|7880|0|0|0|0|0
S|XY801|34520194|108675083| |IF|0|0|0|0|0|0|1|7880|0|0|0|0|0
S|XY806|34586278|108765778| |TF|0|0|0|0|0|205|1|6890|0|0|0|0|0

P|HO1W|24L|HO|0|6
S|HO|35210000|107768333| |IF|0|0|0|0|0|0|0|0|0|0|0|0|0
S|XY904|34888556|108195861| |TF|0|0|0|0|0|0|0|0|0|0|0|0|0
S|XY905|34585556|108590500| |TF|0|0|0|0|0|220|0|0|0|0|0|0|0
S|XY801|34520194|108675083| |TF|0|0|0|0|0|0|1|7880|0|0|0|0|0
S|XY801|34520194|108675083| |IF|0|0|0|0|0|0|1|7880|0|0|0|0|0
S|XY806|34586278|108765778| |TF|0|0|0|0|0|205|1|6890|0|0|0|0|0

P|HO1W|24R|HO|0|6
S|HO|35210000|107768333| |IF|0|0|0|0|0|0|0|0|0|0|0|0|0
S|XY904|34888556|108195861| |TF|0|0|0|0|0|0|0|0|0|0|0|0|0
S|XY905|34585556|108590500| |TF|0|0|0|0|0|220|0|0|0|0|0|0|0
S|XY801|34520194|108675083| |TF|0|0|0|0|0|0|1|7880|0|0|0|0|0
S|XY801|34520194|108675083| |IF|0|0|0|0|0|0|1|7880|0|0|0|0|0
S|XY806|34586278|108765778| |TF|0|0|0|0|0|205|1|6890|0|0|0|0|0

P|HO1Z|05L|HO|0|5
S|HO|35210000|107768333| |IF|0|0|0|0|0|0|0|0|0|0|0|0|0
S|XY904|34888556|108195861| |TF|0|0|0|0|0|0|0|0|0|0|0|0|0
S|FNH|34553333|108631667| |TF|0|0|0|0|0|220|0|0|0|0|0|0|0
S|FNH|34553333|108631667| |IF|0|0|0|0|0|220|0|0|0|0|0|0|0
S|XY906|34465111|108599583| |TF|0|0|0|0|0|205|1|7880|0|0|0|0|0

P|HO1Z|06L|HO|0|5
S|HO|35210000|107768333| |IF|0|0|0|0|0|0|0|0|0|0|0|0|0
S|XY904|34888556|108195861| |TF|0|0|0|0|0|0|0|0|0|0|0|0|0
S|FNH|34553333|108631667| |TF|0|0|0|0|0|220|0|0|0|0|0|0|0
S|FNH|34553333|108631667| |IF|0|0|0|0|0|220|0|0|0|0|0|0|0
S|XY906|34465111|108599583| |TF|0|0|0|0|0|205|1|7880|0|0|0|0|0

P|HO1Z|06R|HO|0|5
S|HO|35210000|107768333| |IF|0|0|0|0|0|0|0|0|0|0|0|0|0
S|XY904|34888556|108195861| |TF|0|0|0|0|0|0|0|0|0|0|0|0|0
S|FNH|34553333|108631667| |TF|0|0|0|0|0|220|0|0|0|0|0|0|0
S|FNH|34553333|108631667| |IF|0|0|0|0|0|220|0|0|0|0|0|0|0
S|XY906|34465111|108599583| |TF|0|0|0|0|0|205|1|7880|0|0|0|0|0

P|HO8C|05L|HO|0|5
S|HO|35210000|107768333| |IF|0|0|0|0|0|0|0|0|0|0|0|0|0
S|FNH31|34906250|108170400| |TF|0|0|0|0|0|0|0|0|0|0|0|0|0
S|D316Y|34839433|108258208| |TF|0|0|0|0|0|0|0|0|0|0|0|0|0
S|D316Y|34839433|108258208| |IF|0|0|0|0|0|0|0|0|0|0|0|0|0
S|ZNX30|34595367|108346578| |TF|0|0|0|0|0|205|1|6890|0|0|0|0|0

P|HO8C|06L|HO|0|5
S|HO|35210000|107768333| |IF|0|0|0|0|0|0|0|0|0|0|0|0|0
S|FNH31|34906250|108170400| |TF|0|0|0|0|0|0|0|0|0|0|0|0|0
S|D316Y|34839433|108258208| |TF|0|0|0|0|0|0|0|0|0|0|0|0|0
S|D316Y|34839433|108258208| |IF|0|0|0|0|0|0|0|0|0|0|0|0|0
S|ZNX30|34595367|108346578| |TF|0|0|0|0|0|205|1|6890|0|0|0|0|0

P|HO8C|06R|HO|0|5
S|HO|35210000|107768333| |IF|0|0|0|0|0|0|0|0|0|0|0|0|0
S|FNH31|34906250|108170400| |TF|0|0|0|0|0|0|0|0|0|0|0|0|0
S|D316Y|34839433|108258208| |TF|0|0|0|0|0|0|0|0|0|0|0|0|0
S|D316Y|34839433|108258208| |IF|0|0|0|0|0|0|0|0|0|0|0|0|0
S|ZNX30|34595367|108346578| |TF|0|0|0|0|0|205|1|6890|0|0|0|0|0

P|HO9B|05L|HO|0|5
S|HO|35210000|107768333| |IF|0|0|0|0|0|0|0|0|0|0|0|0|0
S|FNH31|34906250|108170400| |TF|0|0|0|0|0|0|0|0|0|0|0|0|0
S|D316Y|34839433|108258208| |TF|0|0|0|0|0|0|0|0|0|0|0|0|0
S|D316Y|34839433|108258208| |IF|0|0|0|0|0|0|0|0|0|0|0|0|0
S|FNH|34553333|108631667| |TF|0|0|0|0|0|205|1|7880|0|0|0|0|0

P|HO9B|06L|HO|0|5
S|HO|35210000|107768333| |IF|0|0|0|0|0|0|0|0|0|0|0|0|0
S|FNH31|34906250|108170400| |TF|0|0|0|0|0|0|0|0|0|0|0|0|0
S|D316Y|34839433|108258208| |TF|0|0|0|0|0|0|0|0|0|0|0|0|0
S|D316Y|34839433|108258208| |IF|0|0|0|0|0|0|0|0|0|0|0|0|0
S|FNH|34553333|108631667| |TF|0|0|0|0|0|205|1|7880|0|0|0|0|0

P|HO9B|06R|HO|0|5
S|HO|35210000|107768333| |IF|0|0|0|0|0|0|0|0|0|0|0|0|0
S|FNH31|34906250|108170400| |TF|0|0|0|0|0|0|0|0|0|0|0|0|0
S|D316Y|34839433|108258208| |TF|0|0|0|0|0|0|0|0|0|0|0|0|0
S|D316Y|34839433|108258208| |IF|0|0|0|0|0|0|0|0|0|0|0|0|0
S|FNH|34553333|108631667| |TF|0|0|0|0|0|205|1|7880|0|0|0|0|0

P|HO9E|23R|HO|0|5
S|HO|35210000|107768333| |IF|0|0|0|0|0|0|0|0|0|0|0|0|0
S|FNH31|34906250|108170400| |TF|0|0|0|0|0|0|0|0|0|0|0|0|0
S|D280L|34844553|108749989| |TF|0|0|0|0|0|0|1|7880|0|0|0|0|0
S|D280L|34844553|108749989| |IF|0|0|0|0|0|0|1|7880|0|0|0|0|0
S|MIZ|34820000|108995000| |TF|0|0|0|0|0|205|1|6890|0|0|0|0|0

P|HO9E|24L|HO|0|5
S|HO|35210000|107768333| |IF|0|0|0|0|0|0|0|0|0|0|0|0|0
S|FNH31|34906250|108170400| |TF|0|0|0|0|0|0|0|0|0|0|0|0|0
S|D280L|34844553|108749989| |TF|0|0|0|0|0|0|1|7880|0|0|0|0|0
S|D280L|34844553|108749989| |IF|0|0|0|0|0|0|1|7880|0|0|0|0|0
S|MIZ|34820000|108995000| |TF|0|0|0|0|0|205|1|6890|0|0|0|0|0

P|HO9E|24R|HO|0|5
S|HO|35210000|107768333| |IF|0|0|0|0|0|0|0|0|0|0|0|0|0
S|FNH31|34906250|108170400| |TF|0|0|0|0|0|0|0|0|0|0|0|0|0
S|D280L|34844553|108749989| |TF|0|0|0|0|0|0|1|7880|0|0|0|0|0
S|D280L|34844553|108749989| |IF|0|0|0|0|0|0|1|7880|0|0|0|0|0
S|MIZ|34820000|108995000| |TF|0|0|0|0|0|205|1|6890|0|0|0|0|0

P|IGEP1W|23R|IGEPA|0|7
S|IGEPA|33446111|109216111| |IF|0|0|0|0|0|0|0|0|0|0|0|0|0
S|XY907|33632917|109016889| |TF|0|0|0|0|0|0|0|0|0|0|0|0|0
S|XY909|33941444|108685250| |TF|0|0|0|0|0|0|1|12800|0|0|0|0|0
S|XY910|34035139|108741806| |TF|0|0|0|0|0|0|1|9850|0|0|0|0|0
S|ZS|34221667|108853333| |TF|0|0|0|0|0|220|0|0|0|0|0|0|0
S|ZS|34221667|108853333| |IF|0|0|0|0|0|220|0|0|0|0|0|0|0
S|XY803|34361667|108845250| |TF|0|0|0|0|0|205|1|7880|0|0|0|0|0

P|IGEP1W|24L|IGEPA|0|7
S|IGEPA|33446111|109216111| |IF|0|0|0|0|0|0|0|0|0|0|0|0|0
S|XY907|33632917|109016889| |TF|0|0|0|0|0|0|0|0|0|0|0|0|0
S|XY909|33941444|108685250| |TF|0|0|0|0|0|0|1|12800|0|0|0|0|0
S|XY910|34035139|108741806| |TF|0|0|0|0|0|0|1|9850|0|0|0|0|0
S|ZS|34221667|108853333| |TF|0|0|0|0|0|220|0|0|0|0|0|0|0
S|ZS|34221667|108853333| |IF|0|0|0|0|0|220|0|0|0|0|0|0|0
S|XY803|34361667|108845250| |TF|0|0|0|0|0|205|1|7880|0|0|0|0|0

P|IGEP1W|24R|IGEPA|0|7
S|IGEPA|33446111|109216111| |IF|0|0|0|0|0|0|0|0|0|0|0|0|0
S|XY907|33632917|109016889| |TF|0|0|0|0|0|0|0|0|0|0|0|0|0
S|XY909|33941444|108685250| |TF|0|0|0|0|0|0|1|12800|0|0|0|0|0
S|XY910|34035139|108741806| |TF|0|0|0|0|0|0|1|9850|0|0|0|0|0
S|ZS|34221667|108853333| |TF|0|0|0|0|0|220|0|0|0|0|0|0|0
S|ZS|34221667|108853333| |IF|0|0|0|0|0|220|0|0|0|0|0|0|0
S|XY803|34361667|108845250| |TF|0|0|0|0|0|205|1|7880|0|0|0|0|0

P|IGEP1Z|05L|IGEPA|0|7
S|IGEPA|33446111|109216111| |IF|0|0|0|0|0|0|0|0|0|0|0|0|0
S|XY907|33632917|109016889| |TF|0|0|0|0|0|0|0|0|0|0|0|0|0
S|XY909|33941444|108685250| |TF|0|0|0|0|0|0|1|12800|0|0|0|0|0
S|XY910|34035139|108741806| |TF|0|0|0|0|0|0|1|9850|0|0|0|0|0
S|ZS|34221667|108853333| |TF|0|0|0|0|0|220|0|0|0|0|0|0|0
S|ZS|34221667|108853333| |IF|0|0|0|0|0|220|0|0|0|0|0|0|0
S|XY911|34302806|108764278| |TF|0|0|0|0|0|205|1|7880|0|0|0|0|0

P|IGEP1Z|06L|IGEPA|0|7
S|IGEPA|33446111|109216111| |IF|0|0|0|0|0|0|0|0|0|0|0|0|0
S|XY907|33632917|109016889| |TF|0|0|0|0|0|0|0|0|0|0|0|0|0
S|XY909|33941444|108685250| |TF|0|0|0|0|0|0|1|12800|0|0|0|0|0
S|XY910|34035139|108741806| |TF|0|0|0|0|0|0|1|9850|0|0|0|0|0
S|ZS|34221667|108853333| |TF|0|0|0|0|0|220|0|0|0|0|0|0|0
S|ZS|34221667|108853333| |IF|0|0|0|0|0|220|0|0|0|0|0|0|0
S|XY911|34302806|108764278| |TF|0|0|0|0|0|205|1|7880|0|0|0|0|0

P|IGEP1Z|06R|IGEPA|0|7
S|IGEPA|33446111|109216111| |IF|0|0|0|0|0|0|0|0|0|0|0|0|0
S|XY907|33632917|109016889| |TF|0|0|0|0|0|0|0|0|0|0|0|0|0
S|XY909|33941444|108685250| |TF|0|0|0|0|0|0|1|12800|0|0|0|0|0
S|XY910|34035139|108741806| |TF|0|0|0|0|0|0|1|9850|0|0|0|0|0
S|ZS|34221667|108853333| |TF|0|0|0|0|0|220|0|0|0|0|0|0|0
S|ZS|34221667|108853333| |IF|0|0|0|0|0|220|0|0|0|0|0|0|0
S|XY911|34302806|108764278| |TF|0|0|0|0|0|205|1|7880|0|0|0|0|0

P|IGEP2X|23R|IGEPA|0|8
S|IGEPA|33446111|109216111| |IF|0|0|0|0|0|0|0|0|0|0|0|0|0
S|XY907|33632917|109016889| |TF|0|0|0|0|0|0|0|0|0|0|0|0|0
S|XY909|33941444|108685250| |TF|0|0|0|0|0|0|1|12800|0|0|0|0|0
S|XY910|34035139|108741806| |TF|0|0|0|0|0|0|1|9850|0|0|0|0|0
S|ZS|34221667|108853333| |TF|0|0|0|0|0|220|0|0|0|0|0|0|0
S|XY801|34520194|108675083| |TF|0|0|0|0|0|0|1|7880|0|0|0|0|0
S|XY801|34520194|108675083| |IF|0|0|0|0|0|0|1|7880|0|0|0|0|0
S|XY806|34586278|108765778| |TF|0|0|0|0|0|205|1|6890|0|0|0|0|0

P|IGEP2X|24L|IGEPA|0|8
S|IGEPA|33446111|109216111| |IF|0|0|0|0|0|0|0|0|0|0|0|0|0
S|XY907|33632917|109016889| |TF|0|0|0|0|0|0|0|0|0|0|0|0|0
S|XY909|33941444|108685250| |TF|0|0|0|0|0|0|1|12800|0|0|0|0|0
S|XY910|34035139|108741806| |TF|0|0|0|0|0|0|1|9850|0|0|0|0|0
S|ZS|34221667|108853333| |TF|0|0|0|0|0|220|0|0|0|0|0|0|0
S|XY801|34520194|108675083| |TF|0|0|0|0|0|0|1|7880|0|0|0|0|0
S|XY801|34520194|108675083| |IF|0|0|0|0|0|0|1|7880|0|0|0|0|0
S|XY806|34586278|108765778| |TF|0|0|0|0|0|205|1|6890|0|0|0|0|0

P|IGEP2X|24R|IGEPA|0|8
S|IGEPA|33446111|109216111| |IF|0|0|0|0|0|0|0|0|0|0|0|0|0
S|XY907|33632917|109016889| |TF|0|0|0|0|0|0|0|0|0|0|0|0|0
S|XY909|33941444|108685250| |TF|0|0|0|0|0|0|1|12800|0|0|0|0|0
S|XY910|34035139|108741806| |TF|0|0|0|0|0|0|1|9850|0|0|0|0|0
S|ZS|34221667|108853333| |TF|0|0|0|0|0|220|0|0|0|0|0|0|0
S|XY801|34520194|108675083| |TF|0|0|0|0|0|0|1|7880|0|0|0|0|0
S|XY801|34520194|108675083| |IF|0|0|0|0|0|0|1|7880|0|0|0|0|0
S|XY806|34586278|108765778| |TF|0|0|0|0|0|205|1|6890|0|0|0|0|0

P|IGEP2Y|05L|IGEPA|0|8
S|IGEPA|33446111|109216111| |IF|0|0|0|0|0|0|0|0|0|0|0|0|0
S|XY907|33632917|109016889| |TF|0|0|0|0|0|0|0|0|0|0|0|0|0
S|XY909|33941444|108685250| |TF|0|0|0|0|0|0|1|12800|0|0|0|0|0
S|XY921|34233500|108367556| |TF|0|0|0|0|0|0|1|12800|0|0|0|0|0
S|XY922|34430833|108379306| |TF|0|0|0|0|0|0|0|0|0|0|0|0|0
S|XY940|34536222|108523861| |TF|0|0|0|0|0|220|0|0|0|0|0|0|0
S|XY940|34536222|108523861| |IF|0|0|0|0|0|220|0|0|0|0|0|0|0
S|XY906|34465111|108599583| |TF|0|0|0|0|0|205|1|7880|0|0|0|0|0

P|IGEP2Y|06L|IGEPA|0|8
S|IGEPA|33446111|109216111| |IF|0|0|0|0|0|0|0|0|0|0|0|0|0
S|XY907|33632917|109016889| |TF|0|0|0|0|0|0|0|0|0|0|0|0|0
S|XY909|33941444|108685250| |TF|0|0|0|0|0|0|1|12800|0|0|0|0|0
S|XY921|34233500|108367556| |TF|0|0|0|0|0|0|1|12800|0|0|0|0|0
S|XY922|34430833|108379306| |TF|0|0|0|0|0|0|0|0|0|0|0|0|0
S|XY940|34536222|108523861| |TF|0|0|0|0|0|220|0|0|0|0|0|0|0
S|XY940|34536222|108523861| |IF|0|0|0|0|0|220|0|0|0|0|0|0|0
S|XY906|34465111|108599583| |TF|0|0|0|0|0|205|1|7880|0|0|0|0|0

P|IGEP2Y|06R|IGEPA|0|8
S|IGEPA|33446111|109216111| |IF|0|0|0|0|0|0|0|0|0|0|0|0|0
S|XY907|33632917|109016889| |TF|0|0|0|0|0|0|0|0|0|0|0|0|0
S|XY909|33941444|108685250| |TF|0|0|0|0|0|0|1|12800|0|0|0|0|0
S|XY921|34233500|108367556| |TF|0|0|0|0|0|0|1|12800|0|0|0|0|0
S|XY922|34430833|108379306| |TF|0|0|0|0|0|0|0|0|0|0|0|0|0
S|XY940|34536222|108523861| |TF|0|0|0|0|0|220|0|0|0|0|0|0|0
S|XY940|34536222|108523861| |IF|0|0|0|0|0|220|0|0|0|0|0|0|0
S|XY906|34465111|108599583| |TF|0|0|0|0|0|205|1|7880|0|0|0|0|0

P|IGEP3X|05L|IGEPA|0|7
S|IGEPA|33446111|109216111| |IF|0|0|0|0|0|0|0|0|0|0|0|0|0
S|XY907|33632917|109016889| |TF|0|0|0|0|0|0|0|0|0|0|0|0|0
S|XY909|33941444|108685250| |TF|0|0|0|0|0|0|1|12800|0|0|0|0|0
S|XY910|34035139|108741806| |TF|0|0|0|0|0|0|1|9850|0|0|0|0|0
S|ZS|34221667|108853333| |TF|0|0|0|0|0|220|0|0|0|0|0|0|0
S|ZS|34221667|108853333| |IF|0|0|0|0|0|220|0|0|0|0|0|0|0
S|XY906|34465111|108599583| |TF|0|0|0|0|0|205|1|7880|0|0|0|0|0

P|IGEP3X|06L|IGEPA|0|7
S|IGEPA|33446111|109216111| |IF|0|0|0|0|0|0|0|0|0|0|0|0|0
S|XY907|33632917|109016889| |TF|0|0|0|0|0|0|0|0|0|0|0|0|0
S|XY909|33941444|108685250| |TF|0|0|0|0|0|0|1|12800|0|0|0|0|0
S|XY910|34035139|108741806| |TF|0|0|0|0|0|0|1|9850|0|0|0|0|0
S|ZS|34221667|108853333| |TF|0|0|0|0|0|220|0|0|0|0|0|0|0
S|ZS|34221667|108853333| |IF|0|0|0|0|0|220|0|0|0|0|0|0|0
S|XY906|34465111|108599583| |TF|0|0|0|0|0|205|1|7880|0|0|0|0|0

P|IGEP3X|06R|IGEPA|0|7
S|IGEPA|33446111|109216111| |IF|0|0|0|0|0|0|0|0|0|0|0|0|0
S|XY907|33632917|109016889| |TF|0|0|0|0|0|0|0|0|0|0|0|0|0
S|XY909|33941444|108685250| |TF|0|0|0|0|0|0|1|12800|0|0|0|0|0
S|XY910|34035139|108741806| |TF|0|0|0|0|0|0|1|9850|0|0|0|0|0
S|ZS|34221667|108853333| |TF|0|0|0|0|0|220|0|0|0|0|0|0|0
S|ZS|34221667|108853333| |IF|0|0|0|0|0|220|0|0|0|0|0|0|0
S|XY906|34465111|108599583| |TF|0|0|0|0|0|205|1|7880|0|0|0|0|0

P|IGEP8C|05L|IGEPA|0|7
S|IGEPA|33446111|109216111| |IF|0|0|0|0|0|0|0|0|0|0|0|0|0
S|ZNX39|33632911|109017614| |TF|0|0|0|0|0|0|0|0|0|0|0|0|0
S|LCZ31|33942081|108684303| |TF|0|0|0|0|0|0|1|12800|0|0|0|0|0
S|D189Y|34036517|108741256| |TF|0|0|0|0|0|0|1|9850|0|0|0|0|0
S|ZS|34221667|108853333| |TF|0|0|0|0|0|220|0|0|0|0|0|0|0
S|ZS|34221667|108853333| |IF|0|0|0|0|0|220|0|0|0|0|0|0|0
S|FNH|34553333|108631667| |TF|0|0|0|0|0|205|1|7880|0|0|0|0|0

P|IGEP8C|06L|IGEPA|0|7
S|IGEPA|33446111|109216111| |IF|0|0|0|0|0|0|0|0|0|0|0|0|0
S|ZNX39|33632911|109017614| |TF|0|0|0|0|0|0|0|0|0|0|0|0|0
S|LCZ31|33942081|108684303| |TF|0|0|0|0|0|0|1|12800|0|0|0|0|0
S|D189Y|34036517|108741256| |TF|0|0|0|0|0|0|1|9850|0|0|0|0|0
S|ZS|34221667|108853333| |TF|0|0|0|0|0|220|0|0|0|0|0|0|0
S|ZS|34221667|108853333| |IF|0|0|0|0|0|220|0|0|0|0|0|0|0
S|FNH|34553333|108631667| |TF|0|0|0|0|0|205|1|7880|0|0|0|0|0

P|IGEP8C|06R|IGEPA|0|7
S|IGEPA|33446111|109216111| |IF|0|0|0|0|0|0|0|0|0|0|0|0|0
S|ZNX39|33632911|109017614| |TF|0|0|0|0|0|0|0|0|0|0|0|0|0
S|LCZ31|33942081|108684303| |TF|0|0|0|0|0|0|1|12800|0|0|0|0|0
S|D189Y|34036517|108741256| |TF|0|0|0|0|0|0|1|9850|0|0|0|0|0
S|ZS|34221667|108853333| |TF|0|0|0|0|0|220|0|0|0|0|0|0|0
S|ZS|34221667|108853333| |IF|0|0|0|0|0|220|0|0|0|0|0|0|0
S|FNH|34553333|108631667| |TF|0|0|0|0|0|205|1|7880|0|0|0|0|0

P|IGEP8D|23R|IGEPA|0|9
S|IGEPA|33446111|109216111| |IF|0|0|0|0|0|0|0|0|0|0|0|0|0
S|ZNX39|33632911|109017614| |TF|0|0|0|0|0|0|0|0|0|0|0|0|0
S|LCZ31|33942081|108684303| |TF|0|0|0|0|0|0|1|12800|0|0|0|0|0
S|D189Y|34036517|108741256| |TF|0|0|0|0|0|0|1|9850|0|0|0|0|0
S|ZS|34221667|108853333| |TF|0|0|0|0|0|220|0|0|0|0|0|0|0
S|FNH|34553333|108631667| |TF|0|0|0|0|0|0|0|0|0|0|0|0|0
S|D280L|34844553|108749989| |TF|0|0|0|0|0|0|1|7880|0|0|0|0|0
S|D280L|34844553|108749989| |IF|0|0|0|0|0|0|1|7880|0|0|0|0|0
S|MIZ|34820000|108995000| |TF|0|0|0|0|0|205|1|6890|0|0|0|0|0

P|IGEP8D|24L|IGEPA|0|9
S|IGEPA|33446111|109216111| |IF|0|0|0|0|0|0|0|0|0|0|0|0|0
S|ZNX39|33632911|109017614| |TF|0|0|0|0|0|0|0|0|0|0|0|0|0
S|LCZ31|33942081|108684303| |TF|0|0|0|0|0|0|1|12800|0|0|0|0|0
S|D189Y|34036517|108741256| |TF|0|0|0|0|0|0|1|9850|0|0|0|0|0
S|ZS|34221667|108853333| |TF|0|0|0|0|0|220|0|0|0|0|0|0|0
S|FNH|34553333|108631667| |TF|0|0|0|0|0|0|0|0|0|0|0|0|0
S|D280L|34844553|108749989| |TF|0|0|0|0|0|0|1|7880|0|0|0|0|0
S|D280L|34844553|108749989| |IF|0|0|0|0|0|0|1|7880|0|0|0|0|0
S|MIZ|34820000|108995000| |TF|0|0|0|0|0|205|1|6890|0|0|0|0|0

P|IGEP8D|24R|IGEPA|0|9
S|IGEPA|33446111|109216111| |IF|0|0|0|0|0|0|0|0|0|0|0|0|0
S|ZNX39|33632911|109017614| |TF|0|0|0|0|0|0|0|0|0|0|0|0|0
S|LCZ31|33942081|108684303| |TF|0|0|0|0|0|0|1|12800|0|0|0|0|0
S|D189Y|34036517|108741256| |TF|0|0|0|0|0|0|1|9850|0|0|0|0|0
S|ZS|34221667|108853333| |TF|0|0|0|0|0|220|0|0|0|0|0|0|0
S|FNH|34553333|108631667| |TF|0|0|0|0|0|0|0|0|0|0|0|0|0
S|D280L|34844553|108749989| |TF|0|0|0|0|0|0|1|7880|0|0|0|0|0
S|D280L|34844553|108749989| |IF|0|0|0|0|0|0|1|7880|0|0|0|0|0
S|MIZ|34820000|108995000| |TF|0|0|0|0|0|205|1|6890|0|0|0|0|0

P|IGEP9B|05L|IGEPA|0|7
S|IGEPA|33446111|109216111| |IF|0|0|0|0|0|0|0|0|0|0|0|0|0
S|ZNX39|33632911|109017614| |TF|0|0|0|0|0|0|0|0|0|0|0|0|0
S|LCZ31|33942081|108684303| |TF|0|0|0|0|0|0|1|12800|0|0|0|0|0
S|D189Y|34036517|108741256| |TF|0|0|0|0|0|0|1|9850|0|0|0|0|0
S|ZS|34221667|108853333| |TF|0|0|0|0|0|220|0|0|0|0|0|0|0
S|ZS|34221667|108853333| |IF|0|0|0|0|0|220|0|0|0|0|0|0|0
S|D052Q|34301972|108767525| |TF|0|0|0|0|0|205|1|7880|0|0|0|0|0

P|IGEP9B|06L|IGEPA|0|7
S|IGEPA|33446111|109216111| |IF|0|0|0|0|0|0|0|0|0|0|0|0|0
S|ZNX39|33632911|109017614| |TF|0|0|0|0|0|0|0|0|0|0|0|0|0
S|LCZ31|33942081|108684303| |TF|0|0|0|0|0|0|1|12800|0|0|0|0|0
S|D189Y|34036517|108741256| |TF|0|0|0|0|0|0|1|9850|0|0|0|0|0
S|ZS|34221667|108853333| |TF|0|0|0|0|0|220|0|0|0|0|0|0|0
S|ZS|34221667|108853333| |IF|0|0|0|0|0|220|0|0|0|0|0|0|0
S|D052Q|34301972|108767525| |TF|0|0|0|0|0|205|1|7880|0|0|0|0|0

P|IGEP9B|06R|IGEPA|0|7
S|IGEPA|33446111|109216111| |IF|0|0|0|0|0|0|0|0|0|0|0|0|0
S|ZNX39|33632911|109017614| |TF|0|0|0|0|0|0|0|0|0|0|0|0|0
S|LCZ31|33942081|108684303| |TF|0|0|0|0|0|0|1|12800|0|0|0|0|0
S|D189Y|34036517|108741256| |TF|0|0|0|0|0|0|1|9850|0|0|0|0|0
S|ZS|34221667|108853333| |TF|0|0|0|0|0|220|0|0|0|0|0|0|0
S|ZS|34221667|108853333| |IF|0|0|0|0|0|220|0|0|0|0|0|0|0
S|D052Q|34301972|108767525| |TF|0|0|0|0|0|205|1|7880|0|0|0|0|0

P|IGEP9E|23R|IGEPA|0|7
S|IGEPA|33446111|109216111| |IF|0|0|0|0|0|0|0|0|0|0|0|0|0
S|ZNX39|33632911|109017614| |TF|0|0|0|0|0|0|0|0|0|0|0|0|0
S|LCZ31|33942081|108684303| |TF|0|0|0|0|0|0|1|12800|0|0|0|0|0
S|D189Y|34036517|108741256| |TF|0|0|0|0|0|0|1|9850|0|0|0|0|0
S|ZS|34221667|108853333| |TF|0|0|0|0|0|220|0|0|0|0|0|0|0
S|ZS|34221667|108853333| |IF|0|0|0|0|0|220|0|0|0|0|0|0|0
S|D052W|34360917|108849756| |TF|0|0|0|0|0|205|1|7880|0|0|0|0|0

P|IGEP9E|24L|IGEPA|0|7
S|IGEPA|33446111|109216111| |IF|0|0|0|0|0|0|0|0|0|0|0|0|0
S|ZNX39|33632911|109017614| |TF|0|0|0|0|0|0|0|0|0|0|0|0|0
S|LCZ31|33942081|108684303| |TF|0|0|0|0|0|0|1|12800|0|0|0|0|0
S|D189Y|34036517|108741256| |TF|0|0|0|0|0|0|1|9850|0|0|0|0|0
S|ZS|34221667|108853333| |TF|0|0|0|0|0|220|0|0|0|0|0|0|0
S|ZS|34221667|108853333| |IF|0|0|0|0|0|220|0|0|0|0|0|0|0
S|D052W|34360917|108849756| |TF|0|0|0|0|0|205|1|7880|0|0|0|0|0

P|IGEP9E|24R|IGEPA|0|7
S|IGEPA|33446111|109216111| |IF|0|0|0|0|0|0|0|0|0|0|0|0|0
S|ZNX39|33632911|109017614| |TF|0|0|0|0|0|0|0|0|0|0|0|0|0
S|LCZ31|33942081|108684303| |TF|0|0|0|0|0|0|1|12800|0|0|0|0|0
S|D189Y|34036517|108741256| |TF|0|0|0|0|0|0|1|9850|0|0|0|0|0
S|ZS|34221667|108853333| |TF|0|0|0|0|0|220|0|0|0|0|0|0|0
S|ZS|34221667|108853333| |IF|0|0|0|0|0|220|0|0|0|0|0|0|0
S|D052W|34360917|108849756| |TF|0|0|0|0|0|205|1|7880|0|0|0|0|0

P|LOVR1W|23R|LOVRA|0|8
S|LOVRA|35845833|109139722| |IF|0|0|0|0|0|0|0|0|0|0|0|0|0
S|XY901|35112444|108847722| |TF|0|0|0|0|0|0|0|0|0|0|0|0|0
S|XY902|34951694|108784472| |TF|0|0|0|0|0|0|1|8860|0|0|0|0|0
S|DOVOP|34757222|108708333| |TF|0|0|0|0|0|0|0|0|0|0|0|0|0
S|XY905|34585556|108590500| |TF|0|0|0|0|0|220|0|0|0|0|0|0|0
S|XY801|34520194|108675083| |TF|0|0|0|0|0|0|1|7880|0|0|0|0|0
S|XY801|34520194|108675083| |IF|0|0|0|0|0|0|1|7880|0|0|0|0|0
S|XY806|34586278|108765778| |TF|0|0|0|0|0|205|1|6890|0|0|0|0|0

P|LOVR1W|24L|LOVRA|0|8
S|LOVRA|35845833|109139722| |IF|0|0|0|0|0|0|0|0|0|0|0|0|0
S|XY901|35112444|108847722| |TF|0|0|0|0|0|0|0|0|0|0|0|0|0
S|XY902|34951694|108784472| |TF|0|0|0|0|0|0|1|8860|0|0|0|0|0
S|DOVOP|34757222|108708333| |TF|0|0|0|0|0|0|0|0|0|0|0|0|0
S|XY905|34585556|108590500| |TF|0|0|0|0|0|220|0|0|0|0|0|0|0
S|XY801|34520194|108675083| |TF|0|0|0|0|0|0|1|7880|0|0|0|0|0
S|XY801|34520194|108675083| |IF|0|0|0|0|0|0|1|7880|0|0|0|0|0
S|XY806|34586278|108765778| |TF|0|0|0|0|0|205|1|6890|0|0|0|0|0

P|LOVR1W|24R|LOVRA|0|8
S|LOVRA|35845833|109139722| |IF|0|0|0|0|0|0|0|0|0|0|0|0|0
S|XY901|35112444|108847722| |TF|0|0|0|0|0|0|0|0|0|0|0|0|0
S|XY902|34951694|108784472| |TF|0|0|0|0|0|0|1|8860|0|0|0|0|0
S|DOVOP|34757222|108708333| |TF|0|0|0|0|0|0|0|0|0|0|0|0|0
S|XY905|34585556|108590500| |TF|0|0|0|0|0|220|0|0|0|0|0|0|0
S|XY801|34520194|108675083| |TF|0|0|0|0|0|0|1|7880|0|0|0|0|0
S|XY801|34520194|108675083| |IF|0|0|0|0|0|0|1|7880|0|0|0|0|0
S|XY806|34586278|108765778| |TF|0|0|0|0|0|205|1|6890|0|0|0|0|0

P|LOVR1Z|05L|LOVRA|0|7
S|LOVRA|35845833|109139722| |IF|0|0|0|0|0|0|0|0|0|0|0|0|0
S|XY901|35112444|108847722| |TF|0|0|0|0|0|0|0|0|0|0|0|0|0
S|XY902|34951694|108784472| |TF|0|0|0|0|0|0|1|8860|0|0|0|0|0
S|DOVOP|34757222|108708333| |TF|0|0|0|0|0|0|0|0|0|0|0|0|0
S|FNH|34553333|108631667| |TF|0|0|0|0|0|220|0|0|0|0|0|0|0
S|FNH|34553333|108631667| |IF|0|0|0|0|0|220|0|0|0|0|0|0|0
S|XY906|34465111|108599583| |TF|0|0|0|0|0|205|1|7880|0|0|0|0|0

P|LOVR1Z|06L|LOVRA|0|7
S|LOVRA|35845833|109139722| |IF|0|0|0|0|0|0|0|0|0|0|0|0|0
S|XY901|35112444|108847722| |TF|0|0|0|0|0|0|0|0|0|0|0|0|0
S|XY902|34951694|108784472| |TF|0|0|0|0|0|0|1|8860|0|0|0|0|0
S|DOVOP|34757222|108708333| |TF|0|0|0|0|0|0|0|0|0|0|0|0|0
S|FNH|34553333|108631667| |TF|0|0|0|0|0|220|0|0|0|0|0|0|0
S|FNH|34553333|108631667| |IF|0|0|0|0|0|220|0|0|0|0|0|0|0
S|XY906|34465111|108599583| |TF|0|0|0|0|0|205|1|7880|0|0|0|0|0

P|LOVR1Z|06R|LOVRA|0|7
S|LOVRA|35845833|109139722| |IF|0|0|0|0|0|0|0|0|0|0|0|0|0
S|XY901|35112444|108847722| |TF|0|0|0|0|0|0|0|0|0|0|0|0|0
S|XY902|34951694|108784472| |TF|0|0|0|0|0|0|1|8860|0|0|0|0|0
S|DOVOP|34757222|108708333| |TF|0|0|0|0|0|0|0|0|0|0|0|0|0
S|FNH|34553333|108631667| |TF|0|0|0|0|0|220|0|0|0|0|0|0|0
S|FNH|34553333|108631667| |IF|0|0|0|0|0|220|0|0|0|0|0|0|0
S|XY906|34465111|108599583| |TF|0|0|0|0|0|205|1|7880|0|0|0|0|0

P|LOVR2X|23R|LOVRA|0|5
S|LOVRA|35845833|109139722| |IF|0|0|0|0|0|0|0|0|0|0|0|0|0
S|XY901|35112444|108847722| |TF|0|0|0|0|0|0|0|0|0|0|0|0|0
S|XY902|34951694|108784472| |TF|0|0|0|0|0|0|1|8860|0|0|0|0|0
S|XY902|34951694|108784472| |IF|0|0|0|0|0|0|1|8860|0|0|0|0|0
S|MIZ|34820000|108995000| |TF|0|0|0|0|0|205|1|6890|0|0|0|0|0

P|LOVR2X|24L|LOVRA|0|5
S|LOVRA|35845833|109139722| |IF|0|0|0|0|0|0|0|0|0|0|0|0|0
S|XY901|35112444|108847722| |TF|0|0|0|0|0|0|0|0|0|0|0|0|0
S|XY902|34951694|108784472| |TF|0|0|0|0|0|0|1|8860|0|0|0|0|0
S|XY902|34951694|108784472| |IF|0|0|0|0|0|0|1|8860|0|0|0|0|0
S|MIZ|34820000|108995000| |TF|0|0|0|0|0|205|1|6890|0|0|0|0|0

P|LOVR2X|24R|LOVRA|0|5
S|LOVRA|35845833|109139722| |IF|0|0|0|0|0|0|0|0|0|0|0|0|0
S|XY901|35112444|108847722| |TF|0|0|0|0|0|0|0|0|0|0|0|0|0
S|XY902|34951694|108784472| |TF|0|0|0|0|0|0|1|8860|0|0|0|0|0
S|XY902|34951694|108784472| |IF|0|0|0|0|0|0|1|8860|0|0|0|0|0
S|MIZ|34820000|108995000| |TF|0|0|0|0|0|205|1|6890|0|0|0|0|0

P|LOVR2Y|05L|LOVRA|0|6
S|LOVRA|35845833|109139722| |IF|0|0|0|0|0|0|0|0|0|0|0|0|0
S|XY903|35308500|108605722| |TF|0|0|0|0|0|0|1|8860|0|0|0|0|0
S|XY904|34888556|108195861| |TF|0|0|0|0|0|0|0|0|0|0|0|0|0
S|FNH|34553333|108631667| |TF|0|0|0|0|0|220|0|0|0|0|0|0|0
S|FNH|34553333|108631667| |IF|0|0|0|0|0|220|0|0|0|0|0|0|0
S|XY906|34465111|108599583| |TF|0|0|0|0|0|205|1|7880|0|0|0|0|0

P|LOVR2Y|06L|LOVRA|0|6
S|LOVRA|35845833|109139722| |IF|0|0|0|0|0|0|0|0|0|0|0|0|0
S|XY903|35308500|108605722| |TF|0|0|0|0|0|0|1|8860|0|0|0|0|0
S|XY904|34888556|108195861| |TF|0|0|0|0|0|0|0|0|0|0|0|0|0
S|FNH|34553333|108631667| |TF|0|0|0|0|0|220|0|0|0|0|0|0|0
S|FNH|34553333|108631667| |IF|0|0|0|0|0|220|0|0|0|0|0|0|0
S|XY906|34465111|108599583| |TF|0|0|0|0|0|205|1|7880|0|0|0|0|0

P|LOVR2Y|06R|LOVRA|0|6
S|LOVRA|35845833|109139722| |IF|0|0|0|0|0|0|0|0|0|0|0|0|0
S|XY903|35308500|108605722| |TF|0|0|0|0|0|0|1|8860|0|0|0|0|0
S|XY904|34888556|108195861| |TF|0|0|0|0|0|0|0|0|0|0|0|0|0
S|FNH|34553333|108631667| |TF|0|0|0|0|0|220|0|0|0|0|0|0|0
S|FNH|34553333|108631667| |IF|0|0|0|0|0|220|0|0|0|0|0|0|0
S|XY906|34465111|108599583| |TF|0|0|0|0|0|205|1|7880|0|0|0|0|0

P|LOVR3Y|23R|LOVRA|0|7
S|LOVRA|35845833|109139722| |IF|0|0|0|0|0|0|0|0|0|0|0|0|0
S|XY903|35308500|108605722| |TF|0|0|0|0|0|0|1|8860|0|0|0|0|0
S|XY904|34888556|108195861| |TF|0|0|0|0|0|0|0|0|0|0|0|0|0
S|XY905|34585556|108590500| |TF|0|0|0|0|0|220|0|0|0|0|0|0|0
S|XY801|34520194|108675083| |TF|0|0|0|0|0|0|1|7880|0|0|0|0|0
S|XY801|34520194|108675083| |IF|0|0|0|0|0|0|1|7880|0|0|0|0|0
S|XY806|34586278|108765778| |TF|0|0|0|0|0|205|1|6890|0|0|0|0|0

P|LOVR3Y|24L|LOVRA|0|7
S|LOVRA|35845833|109139722| |IF|0|0|0|0|0|0|0|0|0|0|0|0|0
S|XY903|35308500|108605722| |TF|0|0|0|0|0|0|1|8860|0|0|0|0|0
S|XY904|34888556|108195861| |TF|0|0|0|0|0|0|0|0|0|0|0|0|0
S|XY905|34585556|108590500| |TF|0|0|0|0|0|220|0|0|0|0|0|0|0
S|XY801|34520194|108675083| |TF|0|0|0|0|0|0|1|7880|0|0|0|0|0
S|XY801|34520194|108675083| |IF|0|0|0|0|0|0|1|7880|0|0|0|0|0
S|XY806|34586278|108765778| |TF|0|0|0|0|0|205|1|6890|0|0|0|0|0

P|LOVR3Y|24R|LOVRA|0|7
S|LOVRA|35845833|109139722| |IF|0|0|0|0|0|0|0|0|0|0|0|0|0
S|XY903|35308500|108605722| |TF|0|0|0|0|0|0|1|8860|0|0|0|0|0
S|XY904|34888556|108195861| |TF|0|0|0|0|0|0|0|0|0|0|0|0|0
S|XY905|34585556|108590500| |TF|0|0|0|0|0|220|0|0|0|0|0|0|0
S|XY801|34520194|108675083| |TF|0|0|0|0|0|0|1|7880|0|0|0|0|0
S|XY801|34520194|108675083| |IF|0|0|0|0|0|0|1|7880|0|0|0|0|0
S|XY806|34586278|108765778| |TF|0|0|0|0|0|205|1|6890|0|0|0|0|0

P|LOVR9B|05L|LOVRA|0|4
S|LOVRA|35845833|109139722| |IF|0|0|0|0|0|0|0|0|0|0|0|0|0
S|DOVOP|34757222|108708333| |TF|0|0|0|0|0|0|0|0|0|0|0|0|0
S|DOVOP|34757222|108708333| |IF|0|0|0|0|0|0|0|0|0|0|0|0|0
S|FNH|34553333|108631667| |TF|0|0|0|0|0|205|1|7880|0|0|0|0|0

P|LOVR9B|06L|LOVRA|0|4
S|LOVRA|35845833|109139722| |IF|0|0|0|0|0|0|0|0|0|0|0|0|0
S|DOVOP|34757222|108708333| |TF|0|0|0|0|0|0|0|0|0|0|0|0|0
S|DOVOP|34757222|108708333| |IF|0|0|0|0|0|0|0|0|0|0|0|0|0
S|FNH|34553333|108631667| |TF|0|0|0|0|0|205|1|7880|0|0|0|0|0

P|LOVR9B|06R|LOVRA|0|4
S|LOVRA|35845833|109139722| |IF|0|0|0|0|0|0|0|0|0|0|0|0|0
S|DOVOP|34757222|108708333| |TF|0|0|0|0|0|0|0|0|0|0|0|0|0
S|DOVOP|34757222|108708333| |IF|0|0|0|0|0|0|0|0|0|0|0|0|0
S|FNH|34553333|108631667| |TF|0|0|0|0|0|205|1|7880|0|0|0|0|0

P|LOVR9E|23R|LOVRA|0|4
S|LOVRA|35845833|109139722| |IF|0|0|0|0|0|0|0|0|0|0|0|0|0
S|D280L|34844553|108749989| |TF|0|0|0|0|0|0|1|7880|0|0|0|0|0
S|D280L|34844553|108749989| |IF|0|0|0|0|0|0|1|7880|0|0|0|0|0
S|MIZ|34820000|108995000| |TF|0|0|0|0|0|205|1|6890|0|0|0|0|0

P|LOVR9E|24L|LOVRA|0|4
S|LOVRA|35845833|109139722| |IF|0|0|0|0|0|0|0|0|0|0|0|0|0
S|D280L|34844553|108749989| |TF|0|0|0|0|0|0|1|7880|0|0|0|0|0
S|D280L|34844553|108749989| |IF|0|0|0|0|0|0|1|7880|0|0|0|0|0
S|MIZ|34820000|108995000| |TF|0|0|0|0|0|205|1|6890|0|0|0|0|0

P|LOVR9E|24R|LOVRA|0|4
S|LOVRA|35845833|109139722| |IF|0|0|0|0|0|0|0|0|0|0|0|0|0
S|D280L|34844553|108749989| |TF|0|0|0|0|0|0|1|7880|0|0|0|0|0
S|D280L|34844553|108749989| |IF|0|0|0|0|0|0|1|7880|0|0|0|0|0
S|MIZ|34820000|108995000| |TF|0|0|0|0|0|205|1|6890|0|0|0|0|0

P|NSH1W|23R|NSH|0|7
S|NSH|33318333|108311667| |IF|0|0|0|0|0|0|0|0|0|0|0|0|0
S|XY908|33723667|108554361| |TF|0|0|0|0|0|0|0|0|0|0|0|0|0
S|XY909|33941444|108685250| |TF|0|0|0|0|0|0|1|12800|0|0|0|0|0
S|XY910|34035139|108741806| |TF|0|0|0|0|0|0|1|9850|0|0|0|0|0
S|ZS|34221667|108853333| |TF|0|0|0|0|0|220|0|0|0|0|0|0|0
S|ZS|34221667|108853333| |IF|0|0|0|0|0|220|0|0|0|0|0|0|0
S|XY803|34361667|108845250| |TF|0|0|0|0|0|205|1|7880|0|0|0|0|0

P|NSH1W|24L|NSH|0|7
S|NSH|33318333|108311667| |IF|0|0|0|0|0|0|0|0|0|0|0|0|0
S|XY908|33723667|108554361| |TF|0|0|0|0|0|0|0|0|0|0|0|0|0
S|XY909|33941444|108685250| |TF|0|0|0|0|0|0|1|12800|0|0|0|0|0
S|XY910|34035139|108741806| |TF|0|0|0|0|0|0|1|9850|0|0|0|0|0
S|ZS|34221667|108853333| |TF|0|0|0|0|0|220|0|0|0|0|0|0|0
S|ZS|34221667|108853333| |IF|0|0|0|0|0|220|0|0|0|0|0|0|0
S|XY803|34361667|108845250| |TF|0|0|0|0|0|205|1|7880|0|0|0|0|0

P|NSH1W|24R|NSH|0|7
S|NSH|33318333|108311667| |IF|0|0|0|0|0|0|0|0|0|0|0|0|0
S|XY908|33723667|108554361| |TF|0|0|0|0|0|0|0|0|0|0|0|0|0
S|XY909|33941444|108685250| |TF|0|0|0|0|0|0|1|12800|0|0|0|0|0
S|XY910|34035139|108741806| |TF|0|0|0|0|0|0|1|9850|0|0|0|0|0
S|ZS|34221667|108853333| |TF|0|0|0|0|0|220|0|0|0|0|0|0|0
S|ZS|34221667|108853333| |IF|0|0|0|0|0|220|0|0|0|0|0|0|0
S|XY803|34361667|108845250| |TF|0|0|0|0|0|205|1|7880|0|0|0|0|0

P|NSH1Z|05L|NSH|0|7
S|NSH|33318333|108311667| |IF|0|0|0|0|0|0|0|0|0|0|0|0|0
S|XY908|33723667|108554361| |TF|0|0|0|0|0|0|0|0|0|0|0|0|0
S|XY909|33941444|108685250| |TF|0|0|0|0|0|0|1|12800|0|0|0|0|0
S|XY910|34035139|108741806| |TF|0|0|0|0|0|0|1|9850|0|0|0|0|0
S|ZS|34221667|108853333| |TF|0|0|0|0|0|220|0|0|0|0|0|0|0
S|ZS|34221667|108853333| |IF|0|0|0|0|0|220|0|0|0|0|0|0|0
S|XY911|34302806|108764278| |TF|0|0|0|0|0|205|1|7880|0|0|0|0|0

P|NSH1Z|06L|NSH|0|7
S|NSH|33318333|108311667| |IF|0|0|0|0|0|0|0|0|0|0|0|0|0
S|XY908|33723667|108554361| |TF|0|0|0|0|0|0|0|0|0|0|0|0|0
S|XY909|33941444|108685250| |TF|0|0|0|0|0|0|1|12800|0|0|0|0|0
S|XY910|34035139|108741806| |TF|0|0|0|0|0|0|1|9850|0|0|0|0|0
S|ZS|34221667|108853333| |TF|0|0|0|0|0|220|0|0|0|0|0|0|0
S|ZS|34221667|108853333| |IF|0|0|0|0|0|220|0|0|0|0|0|0|0
S|XY911|34302806|108764278| |TF|0|0|0|0|0|205|1|7880|0|0|0|0|0

P|NSH1Z|06R|NSH|0|7
S|NSH|33318333|108311667| |IF|0|0|0|0|0|0|0|0|0|0|0|0|0
S|XY908|33723667|108554361| |TF|0|0|0|0|0|0|0|0|0|0|0|0|0
S|XY909|33941444|108685250| |TF|0|0|0|0|0|0|1|12800|0|0|0|0|0
S|XY910|34035139|108741806| |TF|0|0|0|0|0|0|1|9850|0|0|0|0|0
S|ZS|34221667|108853333| |TF|0|0|0|0|0|220|0|0|0|0|0|0|0
S|ZS|34221667|108853333| |IF|0|0|0|0|0|220|0|0|0|0|0|0|0
S|XY911|34302806|108764278| |TF|0|0|0|0|0|205|1|7880|0|0|0|0|0

P|NSH2X|23R|NSH|0|8
S|NSH|33318333|108311667| |IF|0|0|0|0|0|0|0|0|0|0|0|0|0
S|XY908|33723667|108554361| |TF|0|0|0|0|0|0|0|0|0|0|0|0|0
S|XY909|33941444|108685250| |TF|0|0|0|0|0|0|1|12800|0|0|0|0|0
S|XY910|34035139|108741806| |TF|0|0|0|0|0|0|1|9850|0|0|0|0|0
S|ZS|34221667|108853333| |TF|0|0|0|0|0|220|0|0|0|0|0|0|0
S|XY801|34520194|108675083| |TF|0|0|0|0|0|0|1|7880|0|0|0|0|0
S|XY801|34520194|108675083| |IF|0|0|0|0|0|0|1|7880|0|0|0|0|0
S|XY806|34586278|108765778| |TF|0|0|0|0|0|205|1|6890|0|0|0|0|0

P|NSH2X|24L|NSH|0|8
S|NSH|33318333|108311667| |IF|0|0|0|0|0|0|0|0|0|0|0|0|0
S|XY908|33723667|108554361| |TF|0|0|0|0|0|0|0|0|0|0|0|0|0
S|XY909|33941444|108685250| |TF|0|0|0|0|0|0|1|12800|0|0|0|0|0
S|XY910|34035139|108741806| |TF|0|0|0|0|0|0|1|9850|0|0|0|0|0
S|ZS|34221667|108853333| |TF|0|0|0|0|0|220|0|0|0|0|0|0|0
S|XY801|34520194|108675083| |TF|0|0|0|0|0|0|1|7880|0|0|0|0|0
S|XY801|34520194|108675083| |IF|0|0|0|0|0|0|1|7880|0|0|0|0|0
S|XY806|34586278|108765778| |TF|0|0|0|0|0|205|1|6890|0|0|0|0|0

P|NSH2X|24R|NSH|0|8
S|NSH|33318333|108311667| |IF|0|0|0|0|0|0|0|0|0|0|0|0|0
S|XY908|33723667|108554361| |TF|0|0|0|0|0|0|0|0|0|0|0|0|0
S|XY909|33941444|108685250| |TF|0|0|0|0|0|0|1|12800|0|0|0|0|0
S|XY910|34035139|108741806| |TF|0|0|0|0|0|0|1|9850|0|0|0|0|0
S|ZS|34221667|108853333| |TF|0|0|0|0|0|220|0|0|0|0|0|0|0
S|XY801|34520194|108675083| |TF|0|0|0|0|0|0|1|7880|0|0|0|0|0
S|XY801|34520194|108675083| |IF|0|0|0|0|0|0|1|7880|0|0|0|0|0
S|XY806|34586278|108765778| |TF|0|0|0|0|0|205|1|6890|0|0|0|0|0

P|NSH2Y|05L|NSH|0|6
S|NSH|33318333|108311667| |IF|0|0|0|0|0|0|0|0|0|0|0|0|0
S|XY921|34233500|108367556| |TF|0|0|0|0|0|0|1|12800|0|0|0|0|0
S|XY922|34430833|108379306| |TF|0|0|0|0|0|0|0|0|0|0|0|0|0
S|XY940|34536222|108523861| |TF|0|0|0|0|0|220|0|0|0|0|0|0|0
S|XY940|34536222|108523861| |IF|0|0|0|0|0|220|0|0|0|0|0|0|0
S|XY906|34465111|108599583| |TF|0|0|0|0|0|205|1|7880|0|0|0|0|0

P|NSH2Y|06L|NSH|0|6
S|NSH|33318333|108311667| |IF|0|0|0|0|0|0|0|0|0|0|0|0|0
S|XY921|34233500|108367556| |TF|0|0|0|0|0|0|1|12800|0|0|0|0|0
S|XY922|34430833|108379306| |TF|0|0|0|0|0|0|0|0|0|0|0|0|0
S|XY940|34536222|108523861| |TF|0|0|0|0|0|220|0|0|0|0|0|0|0
S|XY940|34536222|108523861| |IF|0|0|0|0|0|220|0|0|0|0|0|0|0
S|XY906|34465111|108599583| |TF|0|0|0|0|0|205|1|7880|0|0|0|0|0

P|NSH2Y|06R|NSH|0|6
S|NSH|33318333|108311667| |IF|0|0|0|0|0|0|0|0|0|0|0|0|0
S|XY921|34233500|108367556| |TF|0|0|0|0|0|0|1|12800|0|0|0|0|0
S|XY922|34430833|108379306| |TF|0|0|0|0|0|0|0|0|0|0|0|0|0
S|XY940|34536222|108523861| |TF|0|0|0|0|0|220|0|0|0|0|0|0|0
S|XY940|34536222|108523861| |IF|0|0|0|0|0|220|0|0|0|0|0|0|0
S|XY906|34465111|108599583| |TF|0|0|0|0|0|205|1|7880|0|0|0|0|0

P|NSH3X|05L|NSH|0|7
S|NSH|33318333|108311667| |IF|0|0|0|0|0|0|0|0|0|0|0|0|0
S|XY908|33723667|108554361| |TF|0|0|0|0|0|0|0|0|0|0|0|0|0
S|XY909|33941444|108685250| |TF|0|0|0|0|0|0|1|12800|0|0|0|0|0
S|XY910|34035139|108741806| |TF|0|0|0|0|0|0|1|9850|0|0|0|0|0
S|ZS|34221667|108853333| |TF|0|0|0|0|0|220|0|0|0|0|0|0|0
S|ZS|34221667|108853333| |IF|0|0|0|0|0|220|0|0|0|0|0|0|0
S|XY906|34465111|108599583| |TF|0|0|0|0|0|205|1|7880|0|0|0|0|0

P|NSH3X|06L|NSH|0|7
S|NSH|33318333|108311667| |IF|0|0|0|0|0|0|0|0|0|0|0|0|0
S|XY908|33723667|108554361| |TF|0|0|0|0|0|0|0|0|0|0|0|0|0
S|XY909|33941444|108685250| |TF|0|0|0|0|0|0|1|12800|0|0|0|0|0
S|XY910|34035139|108741806| |TF|0|0|0|0|0|0|1|9850|0|0|0|0|0
S|ZS|34221667|108853333| |TF|0|0|0|0|0|220|0|0|0|0|0|0|0
S|ZS|34221667|108853333| |IF|0|0|0|0|0|220|0|0|0|0|0|0|0
S|XY906|34465111|108599583| |TF|0|0|0|0|0|205|1|7880|0|0|0|0|0

P|NSH3X|06R|NSH|0|7
S|NSH|33318333|108311667| |IF|0|0|0|0|0|0|0|0|0|0|0|0|0
S|XY908|33723667|108554361| |TF|0|0|0|0|0|0|0|0|0|0|0|0|0
S|XY909|33941444|108685250| |TF|0|0|0|0|0|0|1|12800|0|0|0|0|0
S|XY910|34035139|108741806| |TF|0|0|0|0|0|0|1|9850|0|0|0|0|0
S|ZS|34221667|108853333| |TF|0|0|0|0|0|220|0|0|0|0|0|0|0
S|ZS|34221667|108853333| |IF|0|0|0|0|0|220|0|0|0|0|0|0|0
S|XY906|34465111|108599583| |TF|0|0|0|0|0|205|1|7880|0|0|0|0|0

P|NSH8C|05L|NSH|0|7
S|NSH|33318333|108311667| |IF|0|0|0|0|0|0|0|0|0|0|0|0|0
S|NSH27|33725428|108554181| |TF|0|0|0|0|0|0|0|0|0|0|0|0|0
S|LCZ31|33942081|108684303| |TF|0|0|0|0|0|0|1|12800|0|0|0|0|0
S|D189Y|34036517|108741256| |TF|0|0|0|0|0|0|1|9850|0|0|0|0|0
S|ZS|34221667|108853333| |TF|0|0|0|0|0|220|0|0|0|0|0|0|0
S|ZS|34221667|108853333| |IF|0|0|0|0|0|220|0|0|0|0|0|0|0
S|FNH|34553333|108631667| |TF|0|0|0|0|0|205|1|7880|0|0|0|0|0

P|NSH8C|06L|NSH|0|7
S|NSH|33318333|108311667| |IF|0|0|0|0|0|0|0|0|0|0|0|0|0
S|NSH27|33725428|108554181| |TF|0|0|0|0|0|0|0|0|0|0|0|0|0
S|LCZ31|33942081|108684303| |TF|0|0|0|0|0|0|1|12800|0|0|0|0|0
S|D189Y|34036517|108741256| |TF|0|0|0|0|0|0|1|9850|0|0|0|0|0
S|ZS|34221667|108853333| |TF|0|0|0|0|0|220|0|0|0|0|0|0|0
S|ZS|34221667|108853333| |IF|0|0|0|0|0|220|0|0|0|0|0|0|0
S|FNH|34553333|108631667| |TF|0|0|0|0|0|205|1|7880|0|0|0|0|0

P|NSH8C|06R|NSH|0|7
S|NSH|33318333|108311667| |IF|0|0|0|0|0|0|0|0|0|0|0|0|0
S|NSH27|33725428|108554181| |TF|0|0|0|0|0|0|0|0|0|0|0|0|0
S|LCZ31|33942081|108684303| |TF|0|0|0|0|0|0|1|12800|0|0|0|0|0
S|D189Y|34036517|108741256| |TF|0|0|0|0|0|0|1|9850|0|0|0|0|0
S|ZS|34221667|108853333| |TF|0|0|0|0|0|220|0|0|0|0|0|0|0
S|ZS|34221667|108853333| |IF|0|0|0|0|0|220|0|0|0|0|0|0|0
S|FNH|34553333|108631667| |TF|0|0|0|0|0|205|1|7880|0|0|0|0|0

P|NSH8D|23R|NSH|0|9
S|NSH|33318333|108311667| |IF|0|0|0|0|0|0|0|0|0|0|0|0|0
S|NSH27|33725428|108554181| |TF|0|0|0|0|0|0|0|0|0|0|0|0|0
S|LCZ31|33942081|108684303| |TF|0|0|0|0|0|0|1|12800|0|0|0|0|0
S|D189Y|34036517|108741256| |TF|0|0|0|0|0|0|1|9850|0|0|0|0|0
S|ZS|34221667|108853333| |TF|0|0|0|0|0|220|0|0|0|0|0|0|0
S|FNH|34553333|108631667| |TF|0|0|0|0|0|0|0|0|0|0|0|0|0
S|D280L|34844553|108749989| |TF|0|0|0|0|0|0|1|7880|0|0|0|0|0
S|D280L|34844553|108749989| |IF|0|0|0|0|0|0|1|7880|0|0|0|0|0
S|MIZ|34820000|108995000| |TF|0|0|0|0|0|205|1|6890|0|0|0|0|0

P|NSH8D|24L|NSH|0|9
S|NSH|33318333|108311667| |IF|0|0|0|0|0|0|0|0|0|0|0|0|0
S|NSH27|33725428|108554181| |TF|0|0|0|0|0|0|0|0|0|0|0|0|0
S|LCZ31|33942081|108684303| |TF|0|0|0|0|0|0|1|12800|0|0|0|0|0
S|D189Y|34036517|108741256| |TF|0|0|0|0|0|0|1|9850|0|0|0|0|0
S|ZS|34221667|108853333| |TF|0|0|0|0|0|220|0|0|0|0|0|0|0
S|FNH|34553333|108631667| |TF|0|0|0|0|0|0|0|0|0|0|0|0|0
S|D280L|34844553|108749989| |TF|0|0|0|0|0|0|1|7880|0|0|0|0|0
S|D280L|34844553|108749989| |IF|0|0|0|0|0|0|1|7880|0|0|0|0|0
S|MIZ|34820000|108995000| |TF|0|0|0|0|0|205|1|6890|0|0|0|0|0

P|NSH8D|24R|NSH|0|9
S|NSH|33318333|108311667| |IF|0|0|0|0|0|0|0|0|0|0|0|0|0
S|NSH27|33725428|108554181| |TF|0|0|0|0|0|0|0|0|0|0|0|0|0
S|LCZ31|33942081|108684303| |TF|0|0|0|0|0|0|1|12800|0|0|0|0|0
S|D189Y|34036517|108741256| |TF|0|0|0|0|0|0|1|9850|0|0|0|0|0
S|ZS|34221667|108853333| |TF|0|0|0|0|0|220|0|0|0|0|0|0|0
S|FNH|34553333|108631667| |TF|0|0|0|0|0|0|0|0|0|0|0|0|0
S|D280L|34844553|108749989| |TF|0|0|0|0|0|0|1|7880|0|0|0|0|0
S|D280L|34844553|108749989| |IF|0|0|0|0|0|0|1|7880|0|0|0|0|0
S|MIZ|34820000|108995000| |TF|0|0|0|0|0|205|1|6890|0|0|0|0|0

P|NSH9B|05L|NSH|0|7
S|NSH|33318333|108311667| |IF|0|0|0|0|0|0|0|0|0|0|0|0|0
S|NSH27|33725428|108554181| |TF|0|0|0|0|0|0|0|0|0|0|0|0|0
S|LCZ31|33942081|108684303| |TF|0|0|0|0|0|0|1|12800|0|0|0|0|0
S|D189Y|34036517|108741256| |TF|0|0|0|0|0|0|1|9850|0|0|0|0|0
S|ZS|34221667|108853333| |TF|0|0|0|0|0|220|0|0|0|0|0|0|0
S|ZS|34221667|108853333| |IF|0|0|0|0|0|220|0|0|0|0|0|0|0
S|D052Q|34301972|108767525| |TF|0|0|0|0|0|205|1|7880|0|0|0|0|0

P|NSH9B|06L|NSH|0|7
S|NSH|33318333|108311667| |IF|0|0|0|0|0|0|0|0|0|0|0|0|0
S|NSH27|33725428|108554181| |TF|0|0|0|0|0|0|0|0|0|0|0|0|0
S|LCZ31|33942081|108684303| |TF|0|0|0|0|0|0|1|12800|0|0|0|0|0
S|D189Y|34036517|108741256| |TF|0|0|0|0|0|0|1|9850|0|0|0|0|0
S|ZS|34221667|108853333| |TF|0|0|0|0|0|220|0|0|0|0|0|0|0
S|ZS|34221667|108853333| |IF|0|0|0|0|0|220|0|0|0|0|0|0|0
S|D052Q|34301972|108767525| |TF|0|0|0|0|0|205|1|7880|0|0|0|0|0

P|NSH9B|06R|NSH|0|7
S|NSH|33318333|108311667| |IF|0|0|0|0|0|0|0|0|0|0|0|0|0
S|NSH27|33725428|108554181| |TF|0|0|0|0|0|0|0|0|0|0|0|0|0
S|LCZ31|33942081|108684303| |TF|0|0|0|0|0|0|1|12800|0|0|0|0|0
S|D189Y|34036517|108741256| |TF|0|0|0|0|0|0|1|9850|0|0|0|0|0
S|ZS|34221667|108853333| |TF|0|0|0|0|0|220|0|0|0|0|0|0|0
S|ZS|34221667|108853333| |IF|0|0|0|0|0|220|0|0|0|0|0|0|0
S|D052Q|34301972|108767525| |TF|0|0|0|0|0|205|1|7880|0|0|0|0|0

P|NSH9E|23R|NSH|0|7
S|NSH|33318333|108311667| |IF|0|0|0|0|0|0|0|0|0|0|0|0|0
S|NSH27|33725428|108554181| |TF|0|0|0|0|0|0|0|0|0|0|0|0|0
S|LCZ31|33942081|108684303| |TF|0|0|0|0|0|0|1|12800|0|0|0|0|0
S|D189Y|34036517|108741256| |TF|0|0|0|0|0|0|1|9850|0|0|0|0|0
S|ZS|34221667|108853333| |TF|0|0|0|0|0|220|0|0|0|0|0|0|0
S|ZS|34221667|108853333| |IF|0|0|0|0|0|220|0|0|0|0|0|0|0
S|D052W|34360917|108849756| |TF|0|0|0|0|0|205|1|7880|0|0|0|0|0

P|NSH9E|24L|NSH|0|7
S|NSH|33318333|108311667| |IF|0|0|0|0|0|0|0|0|0|0|0|0|0
S|NSH27|33725428|108554181| |TF|0|0|0|0|0|0|0|0|0|0|0|0|0
S|LCZ31|33942081|108684303| |TF|0|0|0|0|0|0|1|12800|0|0|0|0|0
S|D189Y|34036517|108741256| |TF|0|0|0|0|0|0|1|9850|0|0|0|0|0
S|ZS|34221667|108853333| |TF|0|0|0|0|0|220|0|0|0|0|0|0|0
S|ZS|34221667|108853333| |IF|0|0|0|0|0|220|0|0|0|0|0|0|0
S|D052W|34360917|108849756| |TF|0|0|0|0|0|205|1|7880|0|0|0|0|0

P|NSH9E|24R|NSH|0|7
S|NSH|33318333|108311667| |IF|0|0|0|0|0|0|0|0|0|0|0|0|0
S|NSH27|33725428|108554181| |TF|0|0|0|0|0|0|0|0|0|0|0|0|0
S|LCZ31|33942081|108684303| |TF|0|0|0|0|0|0|1|12800|0|0|0|0|0
S|D189Y|34036517|108741256| |TF|0|0|0|0|0|0|1|9850|0|0|0|0|0
S|ZS|34221667|108853333| |TF|0|0|0|0|0|220|0|0|0|0|0|0|0
S|ZS|34221667|108853333| |IF|0|0|0|0|0|220|0|0|0|0|0|0|0
S|D052W|34360917|108849756| |TF|0|0|0|0|0|205|1|7880|0|0|0|0|0

