P|EGER2W|29|EGERO|0|2
S|EGERO|47745278|107916944| |IF|0|0|0|0|0|0|0|0|0|0|0|0|0
S|ZONAM|47552942|107343661| |TF|0|0|0|0|0|0|1|9850|0|0|0|0|0

P|LUBS2V|11|LUBSO|0|2
S|LUBSO|48142500|105869444| |IF|0|0|0|0|0|0|0|0|0|0|0|0|0
S|CK114|47783111|106380747| |TF|0|0|0|0|0|0|1|8860|0|0|0|0|0

P|LUBS2X|11|LUBSO|0|2
S|LUBSO|48142500|105869444| |IF|0|0|0|0|0|0|0|0|0|0|0|0|0
S|D314O|47801628|106530881| |TF|0|0|0|0|0|0|1|8860|0|0|0|0|0

P|LUBS2Z|29|LUBSO|0|2
S|LUBSO|48142500|105869444| |IF|0|0|0|0|0|0|0|0|0|0|0|0|0
S|SER|47644750|106819083| |TF|0|0|0|0|0|0|1|9850|0|0|0|0|0

P|MENU2V|11|MENUG|0|3
S|MENUG|47401389|107818611| |IF|0|0|0|0|0|0|0|0|0|0|0|0|0
S|CK033|47501597|106688408| |TF|0|0|0|0|0|0|0|0|0|0|0|0|0
S|CK113|47605292|106454058| |TF|0|0|0|0|0|0|1|8860|0|0|0|0|0

P|MENU2W|29|MENUG|0|2
S|MENUG|47401389|107818611| |IF|0|0|0|0|0|0|0|0|0|0|0|0|0
S|ZONAM|47552942|107343661| |TF|0|0|0|0|0|0|1|9850|0|0|0|0|0

P|MENU2X|11|MENUG|0|2
S|MENUG|47401389|107818611| |IF|0|0|0|0|0|0|0|0|0|0|0|0|0
S|SER|47644750|106819083| |TF|0|0|0|0|0|0|1|9850|0|0|0|0|0

P|MENU2Y|29|MENUG|0|3
S|MENUG|47401389|107818611| |IF|0|0|0|0|0|0|0|0|0|0|0|0|0
S|CK032|47536622|107509989| |TF|0|0|0|0|0|0|0|0|0|0|0|0|0
S|D108V|47561097|107346619| |TF|0|0|0|0|0|0|1|9850|0|0|0|0|0

P|MENU2Z|29|MENUG|0|3
S|MENUG|47401389|107818611| |IF|0|0|0|0|0|0|0|0|0|0|0|0|0
S|CK031|47516742|107555903| |TF|0|0|0|0|0|0|0|0|0|0|0|0|0
S|D109V|47554094|107344050| |TF|0|0|0|0|0|0|1|9850|0|0|0|0|0

P|TATI2V|11|TATIG|0|3
S|TATIG|48448056|106672222| |IF|0|0|0|0|0|0|0|0|0|0|0|0|0
S|UDA|47867778|106733611| |TF|0|0|0|0|0|0|0|0|0|0|0|0|0
S|CK115|47799189|106527931| |TF|0|0|0|0|0|0|1|8860|0|0|0|0|0

P|TATI2W|29|TATIG|0|3
S|TATIG|48448056|106672222| |IF|0|0|0|0|0|0|0|0|0|0|0|0|0
S|UDA|47867778|106733611| |TF|0|0|0|0|0|0|0|0|0|0|0|0|0
S|TEMAS|47646639|107253331| |TF|0|0|0|0|0|0|1|9850|0|0|0|0|0

P|TATI2X|11|TATIG|0|3
S|TATIG|48448056|106672222| |IF|0|0|0|0|0|0|0|0|0|0|0|0|0
S|UDA|47867778|106733611| |TF|0|0|0|0|0|0|0|0|0|0|0|0|0
S|D314O|47801628|106530881| |TF|0|0|0|0|0|0|1|8860|0|0|0|0|0

P|TATI2Z|29|TATIG|0|3
S|TATIG|48448056|106672222| |IF|0|0|0|0|0|0|0|0|0|0|0|0|0
S|UDA|47867778|106733611| |TF|0|0|0|0|0|0|0|0|0|0|0|0|0
S|SER|47644750|106819083| |TF|0|0|0|0|0|0|1|9850|0|0|0|0|0

P|TORO2V|11|TOROV|0|3
S|TOROV|47083611|107678056| |IF|0|0|0|0|0|0|0|0|0|0|0|0|0
S|CK033|47501597|106688408| |TF|0|0|0|0|0|0|0|0|0|0|0|0|0
S|CK113|47605292|106454058| |TF|0|0|0|0|0|0|1|8860|0|0|0|0|0

P|TORO2W|29|TOROV|0|2
S|TOROV|47083611|107678056| |IF|0|0|0|0|0|0|0|0|0|0|0|0|0
S|ZONAM|47552942|107343661| |TF|0|0|0|0|0|0|1|9850|0|0|0|0|0

P|TORO2X|11|TOROV|0|2
S|TOROV|47083611|107678056| |IF|0|0|0|0|0|0|0|0|0|0|0|0|0
S|SER|47644750|106819083| |TF|0|0|0|0|0|0|1|9850|0|0|0|0|0

P|TORO2Z|29|TOROV|0|2
S|TOROV|47083611|107678056| |IF|0|0|0|0|0|0|0|0|0|0|0|0|0
S|D139V|47389519|107207275| |TF|0|0|0|0|0|0|1|9850|0|0|0|0|0

