P|RUX01A|03|RUXEL|0|2
S|RUXEL|34110556|118808333| |IF|0|0|0|0|0|0|1|6890|0|0|0|0|0
S|LG107|34116111|119000278| |TF|0|0|0|0|0|205|1|3940|0|0|0|0|0

P|RUX11A|21|RUXEL|0|3
S|RUXEL|34110556|118808333| |IF|0|0|0|0|0|0|1|6890|0|0|0|0|0
S|LG107|34116111|119000278| |TF|0|0|0|0|0|0|1|6890|0|0|0|0|0
S|GFK|34391667|119165000| |TF|0|0|0|0|0|205|1|3940|0|0|0|0|0

P|RUX81A|21|RUXEL|0|4
S|RUXEL|34110556|118808333| |IF|0|0|0|0|0|0|1|6890|0|0|0|0|0
S|LG208|34119722|119123611| |TF|0|0|0|0|0|0|1|5910|0|0|0|0|0
S|LG206|34320833|119244444| |TF|0|0|0|0|0|0|1|4930|0|0|0|0|0
S|LG204|34561667|119390278| |TF|0|0|0|0|0|210|1|3940|0|0|0|0|0

P|RUX91A|03|RUXEL|0|2
S|RUXEL|34110556|118808333| |IF|0|0|0|0|0|0|1|6890|0|0|0|0|0
S|LG107|34116111|119000278| |TF|0|0|0|0|0|210|1|3940|0|0|0|0|0

P|YCH01A|03|YCH|0|3
S|YCH|33423064|120203703| |IF|0|0|0|0|0|0|0|0|0|0|0|0|0
S|LG108|34128333|119452778| |TF|0|0|0|0|0|0|1|8860|0|0|0|0|0
S|LG208|34119722|119123611| |TF|0|0|0|0|0|205|1|3940|0|0|0|0|0

P|YCH11A|21|YCH|0|3
S|YCH|33423064|120203703| |IF|0|0|0|0|0|0|0|0|0|0|0|0|0
S|LG108|34128333|119452778| |TF|0|0|0|0|0|0|1|8860|0|0|0|0|0
S|GFK|34391667|119165000| |TF|0|0|0|0|0|205|1|3940|0|0|0|0|0

P|YCH81A|21|YCH|0|4
S|YCH|33423064|120203703| |IF|0|0|0|0|0|0|0|0|0|0|0|0|0
S|LG108|34128333|119452778| |TF|0|0|0|0|0|0|1|8860|0|0|0|0|0
S|LG206|34320833|119244444| |TF|0|0|0|0|0|0|1|4930|0|0|0|0|0
S|LG204|34561667|119390278| |TF|0|0|0|0|0|210|1|3940|0|0|0|0|0

P|YCH91A|03|YCH|0|3
S|YCH|33423064|120203703| |IF|0|0|0|0|0|0|0|0|0|0|0|0|0
S|LG108|34128333|119452778| |TF|0|0|0|0|0|0|1|8860|0|0|0|0|0
S|LG107|34116111|119000278| |TF|0|0|0|0|0|210|1|3940|0|0|0|0|0

