P|DYN01A|34|DYN|0|5
S|DYN|37528333|118786667| |IF|0|0|0|0|0|0|0|0|0|0|0|0|0
S|UPDAD|37588889|119630278| |TF|0|0|0|0|0|0|1|19700|0|0|0|0|0
S|GUTVO|36816944|119785556| |TF|0|0|0|0|0|0|0|0|0|0|0|0|0
S|GUTVO|36816944|119785556| |IF|0|0|0|0|0|0|0|0|0|0|0|0|0
S|JDW|36330000|119976667| |TF|0|0|0|0|0|205|1|9850|0|0|0|0|0

P|DYN01A|35|DYN|0|5
S|DYN|37528333|118786667| |IF|0|0|0|0|0|0|0|0|0|0|0|0|0
S|UPDAD|37588889|119630278| |TF|0|0|0|0|0|0|1|19700|0|0|0|0|0
S|GUTVO|36816944|119785556| |TF|0|0|0|0|0|0|0|0|0|0|0|0|0
S|GUTVO|36816944|119785556| |IF|0|0|0|0|0|0|0|0|0|0|0|0|0
S|JDW|36330000|119976667| |TF|0|0|0|0|0|205|1|9850|0|0|0|0|0

P|DYN11A|16|DYN|0|6
S|DYN|37528333|118786667| |IF|0|0|0|0|0|0|0|0|0|0|0|0|0
S|UPDAD|37588889|119630278| |TF|0|0|0|0|0|0|1|19700|0|0|0|0|0
S|GUTVO|36816944|119785556| |TF|0|0|0|0|0|0|1|9850|0|0|0|0|0
S|WFG37|36834472|119850894| |TF|1|0|0|0|0|0|0|0|0|0|0|0|0
S|WFG37|36834472|119850894| |IF|0|0|0|0|0|0|0|0|0|0|0|0|0
S|JDG21|36718217|119937569|JDG|CF|0|17000|2130|35000|500|205|1|4930|0|0|0|0|0

P|DYN11A|17|DYN|0|6
S|DYN|37528333|118786667| |IF|0|0|0|0|0|0|0|0|0|0|0|0|0
S|UPDAD|37588889|119630278| |TF|0|0|0|0|0|0|1|19700|0|0|0|0|0
S|GUTVO|36816944|119785556| |TF|0|0|0|0|0|0|1|9850|0|0|0|0|0
S|WFG37|36834472|119850894| |TF|1|0|0|0|0|0|0|0|0|0|0|0|0
S|WFG37|36834472|119850894| |IF|0|0|0|0|0|0|0|0|0|0|0|0|0
S|JDG21|36718217|119937569|JDG|CF|0|17000|2130|35000|500|205|1|4930|0|0|0|0|0

P|DYN81A|16|DYN|0|6
S|DYN|37528333|118786667| |IF|0|0|0|0|0|0|0|0|0|0|0|0|0
S|UPDAD|37588889|119630278| |TF|0|0|0|0|0|0|1|19700|0|0|0|0|0
S|GUTVO|36816944|119785556| |TF|0|0|0|0|0|210|1|9850|0|0|0|0|0
S|QD110|36842306|119885000| |TF|1|0|0|0|0|0|0|0|0|0|0|0|0
S|QD110|36842306|119885000| |IF|0|0|0|0|0|0|0|0|0|0|0|0|0
S|QD105|36718167|119934389| |TF|0|0|0|0|0|210|1|4930|0|0|0|0|0

P|DYN81A|17|DYN|0|6
S|DYN|37528333|118786667| |IF|0|0|0|0|0|0|0|0|0|0|0|0|0
S|UPDAD|37588889|119630278| |TF|0|0|0|0|0|0|1|19700|0|0|0|0|0
S|GUTVO|36816944|119785556| |TF|0|0|0|0|0|210|1|9850|0|0|0|0|0
S|QD110|36842306|119885000| |TF|1|0|0|0|0|0|0|0|0|0|0|0|0
S|QD110|36842306|119885000| |IF|0|0|0|0|0|0|0|0|0|0|0|0|0
S|QD105|36718167|119934389| |TF|0|0|0|0|0|210|1|4930|0|0|0|0|0

P|DYN91A|34|DYN|0|7
S|DYN|37528333|118786667| |IF|0|0|0|0|0|0|0|0|0|0|0|0|0
S|UPDAD|37588889|119630278| |TF|0|0|0|0|0|0|1|19700|0|0|0|0|0
S|GUTVO|36816944|119785556| |TF|0|0|0|0|0|0|0|0|0|0|0|0|0
S|QD602|36645250|119853417| |TF|0|0|0|0|0|0|1|11800|0|0|0|0|0
S|QD800|36331417|119977806| |TF|0|0|0|0|0|0|1|9850|0|0|0|0|0
S|QD800|36331417|119977806| |IF|0|0|0|0|0|0|1|9850|0|0|0|0|0
S|QD205|36040056|120092333| |TF|0|0|0|0|0|210|1|3940|0|0|0|0|0

P|DYN91A|35|DYN|0|7
S|DYN|37528333|118786667| |IF|0|0|0|0|0|0|0|0|0|0|0|0|0
S|UPDAD|37588889|119630278| |TF|0|0|0|0|0|0|1|19700|0|0|0|0|0
S|GUTVO|36816944|119785556| |TF|0|0|0|0|0|0|0|0|0|0|0|0|0
S|QD602|36645250|119853417| |TF|0|0|0|0|0|0|1|11800|0|0|0|0|0
S|QD800|36331417|119977806| |TF|0|0|0|0|0|0|1|9850|0|0|0|0|0
S|QD800|36331417|119977806| |IF|0|0|0|0|0|0|1|9850|0|0|0|0|0
S|QD205|36040056|120092333| |TF|0|0|0|0|0|210|1|3940|0|0|0|0|0

P|HCH01A|34|HCH|0|5
S|HCH|37655000|120545000| |IF|0|0|0|0|0|0|0|0|0|0|0|0|0
S|NOKUD|36941111|120275556| |TF|0|0|0|0|0|0|1|11800|0|0|0|0|0
S|WFG48|36886947|120058958| |TF|0|0|0|0|0|0|0|0|0|1|0|0|0
S|WFG48|36886947|120058958| |IF|0|0|0|0|0|0|0|0|0|0|0|0|0
S|JDE|36290000|120253333|JDE|CF|0|17000|0|0|3700|205|1|5910|0|0|0|0|0

P|HCH01A|35|HCH|0|5
S|HCH|37655000|120545000| |IF|0|0|0|0|0|0|0|0|0|0|0|0|0
S|NOKUD|36941111|120275556| |TF|0|0|0|0|0|0|1|11800|0|0|0|0|0
S|WFG48|36886947|120058958| |TF|0|0|0|0|0|0|0|0|0|1|0|0|0
S|WFG48|36886947|120058958| |IF|0|0|0|0|0|0|0|0|0|0|0|0|0
S|JDE|36290000|120253333|JDE|CF|0|17000|0|0|3700|205|1|5910|0|0|0|0|0

P|HCH11A|16|HCH|0|5
S|HCH|37655000|120545000| |IF|0|0|0|0|0|0|0|0|0|0|0|0|0
S|NOKUD|36941111|120275556| |TF|0|0|0|0|0|0|1|11800|0|0|0|0|0
S|WF40A|36851003|119916256| |TF|0|0|0|0|0|0|0|0|0|0|0|0|0
S|WF40A|36851003|119916256| |IF|0|0|0|0|0|0|0|0|0|0|0|0|0
S|JDG21|36718217|119937569|JDG|CF|0|17000|2130|35000|500|205|1|4930|0|0|0|0|0

P|HCH11A|17|HCH|0|5
S|HCH|37655000|120545000| |IF|0|0|0|0|0|0|0|0|0|0|0|0|0
S|NOKUD|36941111|120275556| |TF|0|0|0|0|0|0|1|11800|0|0|0|0|0
S|WF40A|36851003|119916256| |TF|0|0|0|0|0|0|0|0|0|0|0|0|0
S|WF40A|36851003|119916256| |IF|0|0|0|0|0|0|0|0|0|0|0|0|0
S|JDG21|36718217|119937569|JDG|CF|0|17000|2130|35000|500|205|1|4930|0|0|0|0|0

P|HCH81A|16|HCH|0|6
S|HCH|37655000|120545000| |IF|0|0|0|0|0|0|0|0|0|0|0|0|0
S|NOKUD|36941111|120275556| |TF|0|0|0|0|0|250|1|11800|0|0|0|0|0
S|QD306|36877250|120022528| |TF|0|0|0|0|0|0|0|0|0|0|0|0|0
S|QD307|36752861|120071806| |TF|0|0|0|0|0|0|1|3940|0|0|0|0|0
S|QD307|36752861|120071806| |IF|0|0|0|0|0|0|1|3940|0|0|0|0|0
S|QD305|36627278|120121611| |TF|0|0|0|0|0|210|1|1970|0|0|0|0|0

P|HCH81A|17|HCH|0|6
S|HCH|37655000|120545000| |IF|0|0|0|0|0|0|0|0|0|0|0|0|0
S|NOKUD|36941111|120275556| |TF|0|0|0|0|0|250|1|11800|0|0|0|0|0
S|QD306|36877250|120022528| |TF|0|0|0|0|0|0|0|0|0|0|0|0|0
S|QD307|36752861|120071806| |TF|0|0|0|0|0|0|1|3940|0|0|0|0|0
S|QD307|36752861|120071806| |IF|0|0|0|0|0|0|1|3940|0|0|0|0|0
S|QD305|36627278|120121611| |TF|0|0|0|0|0|210|1|2960|0|0|0|0|0

P|HCH91A|34|HCH|0|6
S|HCH|37655000|120545000| |IF|0|0|0|0|0|0|0|0|0|0|0|0|0
S|NOKUD|36941111|120275556| |TF|0|0|0|0|0|0|1|11800|0|0|0|0|0
S|QD306|36877250|120022528| |TF|0|0|0|0|0|0|0|0|0|0|0|0|0
S|QD900|36288639|120254278| |TF|0|0|0|0|0|0|1|5910|0|0|0|0|0
S|QD900|36288639|120254278| |IF|0|0|0|0|0|0|1|5910|0|0|0|0|0
S|QD405|36100528|120327556| |TF|0|0|0|0|0|210|1|2960|0|0|0|0|0

P|HCH91A|35|HCH|0|6
S|HCH|37655000|120545000| |IF|0|0|0|0|0|0|0|0|0|0|0|0|0
S|NOKUD|36941111|120275556| |TF|0|0|0|0|0|0|1|11800|0|0|0|0|0
S|QD306|36877250|120022528| |TF|0|0|0|0|0|0|0|0|0|0|0|0|0
S|QD900|36288639|120254278| |TF|0|0|0|0|0|0|1|5910|0|0|0|0|0
S|QD900|36288639|120254278| |IF|0|0|0|0|0|0|1|5910|0|0|0|0|0
S|QD405|36100528|120327556| |TF|0|0|0|0|0|210|1|3940|0|0|0|0|0

P|IDV01A|34|IDVEL|0|4
S|IDVEL|35380833|120581944| |IF|0|0|0|0|0|0|0|0|0|0|0|0|0
S|AVLOK|35460278|120543611| |TF|0|0|0|0|0|0|0|0|0|0|0|0|0
S|AVLOK|35460278|120543611| |IF|0|0|0|0|0|0|0|0|0|0|0|0|0
S|XDX|35978333|120290000| |TF|0|0|0|0|0|205|1|4930|0|0|0|0|0

P|IDV01A|35|IDVEL|0|4
S|IDVEL|35380833|120581944| |IF|0|0|0|0|0|0|0|0|0|0|0|0|0
S|AVLOK|35460278|120543611| |TF|0|0|0|0|0|0|0|0|0|0|0|0|0
S|AVLOK|35460278|120543611| |IF|0|0|0|0|0|0|0|0|0|0|0|0|0
S|XDX|35978333|120290000| |TF|0|0|0|0|0|205|1|4930|0|0|0|0|0

P|IDV11A|16|IDVEL|0|6
S|IDVEL|35380833|120581944| |IF|0|0|0|0|0|0|0|0|0|0|0|0|0
S|AVLOK|35460278|120543611| |TF|0|0|0|0|0|0|0|0|0|0|0|0|0
S|XDX|35978333|120290000| |TF|0|0|0|0|0|0|1|5910|0|0|0|0|0
S|JDE|36290000|120253333| |TF|0|0|0|0|0|0|1|4930|0|0|0|0|0
S|JDE|36290000|120253333| |IF|0|0|0|0|0|0|1|4930|0|0|0|0|0
S|JDE21|36629886|120124383| |TF|0|0|0|0|0|205|1|1970|0|0|0|0|0

P|IDV11A|17|IDVEL|0|6
S|IDVEL|35380833|120581944| |IF|0|0|0|0|0|0|0|0|0|0|0|0|0
S|AVLOK|35460278|120543611| |TF|0|0|0|0|0|0|0|0|0|0|0|0|0
S|XDX|35978333|120290000| |TF|0|0|0|0|0|0|1|5910|0|0|0|0|0
S|JDE|36290000|120253333| |TF|0|0|0|0|0|0|1|4930|0|0|0|0|0
S|JDE|36290000|120253333| |IF|0|0|0|0|0|0|1|4930|0|0|0|0|0
S|JDE21|36629886|120124383| |TF|0|0|0|0|0|205|1|2960|0|0|0|0|0

P|IDV81A|16|IDVEL|0|6
S|IDVEL|35380833|120581944| |IF|0|0|0|0|0|0|0|0|0|0|0|0|0
S|AVLOK|35460278|120543611| |TF|0|0|0|0|0|0|0|0|0|0|0|0|0
S|QD700|35977222|120291111| |TF|0|0|0|0|0|0|1|5910|0|0|0|0|0
S|QD900|36288639|120254278| |TF|0|0|0|0|0|0|1|4930|0|0|0|0|0
S|QD900|36288639|120254278| |IF|0|0|0|0|0|0|1|4930|0|0|0|0|0
S|QD305|36627278|120121611| |TF|0|0|0|0|0|210|1|1970|0|0|0|0|0

P|IDV81A|17|IDVEL|0|6
S|IDVEL|35380833|120581944| |IF|0|0|0|0|0|0|0|0|0|0|0|0|0
S|AVLOK|35460278|120543611| |TF|0|0|0|0|0|0|0|0|0|0|0|0|0
S|QD700|35977222|120291111| |TF|0|0|0|0|0|0|1|5910|0|0|0|0|0
S|QD900|36288639|120254278| |TF|0|0|0|0|0|0|1|4930|0|0|0|0|0
S|QD900|36288639|120254278| |IF|0|0|0|0|0|0|1|4930|0|0|0|0|0
S|QD305|36627278|120121611| |TF|0|0|0|0|0|210|1|2960|0|0|0|0|0

P|IDV91A|34|IDVEL|0|4
S|IDVEL|35380833|120581944| |IF|0|0|0|0|0|0|0|0|0|0|0|0|0
S|AVLOK|35460278|120543611| |TF|0|0|0|0|0|0|0|0|0|0|0|0|0
S|AVLOK|35460278|120543611| |IF|0|0|0|0|0|0|0|0|0|0|0|0|0
S|QD700|35977222|120291111| |TF|0|0|0|0|0|210|1|4930|0|0|0|0|0

P|IDV91A|35|IDVEL|0|4
S|IDVEL|35380833|120581944| |IF|0|0|0|0|0|0|0|0|0|0|0|0|0
S|AVLOK|35460278|120543611| |TF|0|0|0|0|0|0|0|0|0|0|0|0|0
S|AVLOK|35460278|120543611| |IF|0|0|0|0|0|0|0|0|0|0|0|0|0
S|QD700|35977222|120291111| |TF|0|0|0|0|0|210|1|4930|0|0|0|0|0

P|LAT01A|34|LATUX|0|4
S|LATUX|35483333|120783333| |IF|0|0|0|0|0|0|0|0|0|0|0|0|0
S|AVLOK|35460278|120543611| |TF|0|0|0|0|0|0|0|0|0|0|0|0|0
S|AVLOK|35460278|120543611| |IF|0|0|0|0|0|0|0|0|0|0|0|0|0
S|XDX|35978333|120290000| |TF|0|0|0|0|0|205|1|4930|0|0|0|0|0

P|LAT01A|35|LATUX|0|4
S|LATUX|35483333|120783333| |IF|0|0|0|0|0|0|0|0|0|0|0|0|0
S|AVLOK|35460278|120543611| |TF|0|0|0|0|0|0|0|0|0|0|0|0|0
S|AVLOK|35460278|120543611| |IF|0|0|0|0|0|0|0|0|0|0|0|0|0
S|XDX|35978333|120290000| |TF|0|0|0|0|0|205|1|4930|0|0|0|0|0

P|LAT11A|16|LATUX|0|6
S|LATUX|35483333|120783333| |IF|0|0|0|0|0|0|0|0|0|0|0|0|0
S|AVLOK|35460278|120543611| |TF|0|0|0|0|0|0|0|0|0|0|0|0|0
S|XDX|35978333|120290000| |TF|0|0|0|0|0|0|1|5910|0|0|0|0|0
S|JDE|36290000|120253333| |TF|0|0|0|0|0|0|1|4930|0|0|0|0|0
S|JDE|36290000|120253333| |IF|0|0|0|0|0|0|1|4930|0|0|0|0|0
S|JDE21|36629886|120124383| |TF|0|0|0|0|0|205|1|1970|0|0|0|0|0

P|LAT11A|17|LATUX|0|6
S|LATUX|35483333|120783333| |IF|0|0|0|0|0|0|0|0|0|0|0|0|0
S|AVLOK|35460278|120543611| |TF|0|0|0|0|0|0|0|0|0|0|0|0|0
S|XDX|35978333|120290000| |TF|0|0|0|0|0|0|1|5910|0|0|0|0|0
S|JDE|36290000|120253333| |TF|0|0|0|0|0|0|1|4930|0|0|0|0|0
S|JDE|36290000|120253333| |IF|0|0|0|0|0|0|1|4930|0|0|0|0|0
S|JDE21|36629886|120124383| |TF|0|0|0|0|0|205|1|2960|0|0|0|0|0

P|LAT81A|16|LATUX|0|6
S|LATUX|35483333|120783333| |IF|0|0|0|0|0|0|0|0|0|0|0|0|0
S|AVLOK|35460278|120543611| |TF|0|0|0|0|0|0|0|0|0|0|0|0|0
S|QD700|35977222|120291111| |TF|0|0|0|0|0|0|1|5910|0|0|0|0|0
S|QD900|36288639|120254278| |TF|0|0|0|0|0|0|1|4930|0|0|0|0|0
S|QD900|36288639|120254278| |IF|0|0|0|0|0|0|1|4930|0|0|0|0|0
S|QD305|36627278|120121611| |TF|0|0|0|0|0|210|1|1970|0|0|0|0|0

P|LAT81A|17|LATUX|0|6
S|LATUX|35483333|120783333| |IF|0|0|0|0|0|0|0|0|0|0|0|0|0
S|AVLOK|35460278|120543611| |TF|0|0|0|0|0|0|0|0|0|0|0|0|0
S|QD700|35977222|120291111| |TF|0|0|0|0|0|0|1|5910|0|0|0|0|0
S|QD900|36288639|120254278| |TF|0|0|0|0|0|0|1|4930|0|0|0|0|0
S|QD900|36288639|120254278| |IF|0|0|0|0|0|0|1|4930|0|0|0|0|0
S|QD305|36627278|120121611| |TF|0|0|0|0|0|210|1|2960|0|0|0|0|0

P|LAT91A|34|LATUX|0|4
S|LATUX|35483333|120783333| |IF|0|0|0|0|0|0|0|0|0|0|0|0|0
S|AVLOK|35460278|120543611| |TF|0|0|0|0|0|0|0|0|0|0|0|0|0
S|AVLOK|35460278|120543611| |IF|0|0|0|0|0|0|0|0|0|0|0|0|0
S|QD700|35977222|120291111| |TF|0|0|0|0|0|210|1|4930|0|0|0|0|0

P|LAT91A|35|LATUX|0|4
S|LATUX|35483333|120783333| |IF|0|0|0|0|0|0|0|0|0|0|0|0|0
S|AVLOK|35460278|120543611| |TF|0|0|0|0|0|0|0|0|0|0|0|0|0
S|AVLOK|35460278|120543611| |IF|0|0|0|0|0|0|0|0|0|0|0|0|0
S|QD700|35977222|120291111| |TF|0|0|0|0|0|210|1|4930|0|0|0|0|0

P|WFG01A|34|WFG|0|4
S|WFG|36646667|119120000| |IF|0|0|0|0|0|0|0|0|0|0|0|0|0
S|YO|36438333|119688333| |TF|0|0|0|0|0|0|1|12800|0|0|0|0|0
S|YO|36438333|119688333| |IF|0|0|0|0|0|0|1|12800|0|0|0|0|0
S|JDW|36330000|119976667| |TF|0|0|0|0|0|205|1|9850|0|0|0|0|0

P|WFG01A|35|WFG|0|4
S|WFG|36646667|119120000| |IF|0|0|0|0|0|0|0|0|0|0|0|0|0
S|YO|36438333|119688333| |TF|0|0|0|0|0|0|1|12800|0|0|0|0|0
S|YO|36438333|119688333| |IF|0|0|0|0|0|0|1|12800|0|0|0|0|0
S|JDW|36330000|119976667| |TF|0|0|0|0|0|205|1|9850|0|0|0|0|0

P|WFG11A|16|WFG|0|6
S|WFG|36646667|119120000| |IF|0|0|0|0|0|0|0|0|0|0|0|0|0
S|D080L|36705728|119348881| |TF|0|0|0|0|0|0|1|12800|0|0|0|0|0
S|GUTVO|36816944|119785556| |TF|0|0|0|0|0|0|1|9850|0|0|0|0|0
S|WFG37|36834472|119850894| |TF|0|0|0|0|0|0|0|0|0|0|0|0|0
S|WFG37|36834472|119850894| |IF|0|0|0|0|0|0|0|0|0|0|0|0|0
S|JDG21|36718217|119937569|JDG|CF|0|17000|2130|35000|500|205|1|4930|0|0|0|0|0

P|WFG11A|17|WFG|0|6
S|WFG|36646667|119120000| |IF|0|0|0|0|0|0|0|0|0|0|0|0|0
S|D080L|36705728|119348881| |TF|0|0|0|0|0|0|1|12800|0|0|0|0|0
S|GUTVO|36816944|119785556| |TF|0|0|0|0|0|0|1|9850|0|0|0|0|0
S|WFG37|36834472|119850894| |TF|0|0|0|0|0|0|0|0|0|0|0|0|0
S|WFG37|36834472|119850894| |IF|0|0|0|0|0|0|0|0|0|0|0|0|0
S|JDG21|36718217|119937569|JDG|CF|0|17000|2130|35000|500|205|1|4930|0|0|0|0|0

P|WFG81A|16|WFG|0|6
S|WFG|36646667|119120000| |IF|0|0|0|0|0|0|0|0|0|0|0|0|0
S|QD113|36704639|119350000| |TF|0|0|0|0|0|0|1|12800|0|0|0|0|0
S|GUTVO|36816944|119785556| |TF|0|0|0|0|0|0|1|9850|0|0|0|0|0
S|QD110|36842306|119885000| |TF|0|0|0|0|0|0|0|0|0|0|0|0|0
S|QD110|36842306|119885000| |IF|0|0|0|0|0|0|0|0|0|0|0|0|0
S|QD105|36718167|119934389| |TF|0|0|0|0|0|210|1|4930|0|0|0|0|0

P|WFG81A|17|WFG|0|6
S|WFG|36646667|119120000| |IF|0|0|0|0|0|0|0|0|0|0|0|0|0
S|QD113|36704639|119350000| |TF|0|0|0|0|0|0|1|12800|0|0|0|0|0
S|GUTVO|36816944|119785556| |TF|0|0|0|0|0|0|1|9850|0|0|0|0|0
S|QD110|36842306|119885000| |TF|0|0|0|0|0|0|0|0|0|0|0|0|0
S|QD110|36842306|119885000| |IF|0|0|0|0|0|0|0|0|0|0|0|0|0
S|QD105|36718167|119934389| |TF|0|0|0|0|0|210|1|4930|0|0|0|0|0

P|WFG82A|16|WFG|0|8
S|WFG|36646667|119120000| |IF|0|0|0|0|0|0|0|0|0|0|0|0|0
S|QD113|36704639|119350000| |TF|0|0|0|0|0|0|1|12800|0|0|0|0|0
S|GUTVO|36816944|119785556| |TF|0|0|0|0|0|0|1|9850|0|0|0|0|0
S|QD110|36842306|119885000| |TF|0|0|0|0|0|0|0|0|0|0|0|0|0
S|QD306|36877250|120022528| |TF|0|0|0|0|0|0|0|0|0|0|0|0|0
S|QD307|36752861|120071806| |TF|0|0|0|0|0|0|1|3940|0|0|0|0|0
S|QD307|36752861|120071806| |IF|0|0|0|0|0|0|1|3940|0|0|0|0|0
S|QD305|36627278|120121611| |TF|0|0|0|0|0|210|1|1970|0|0|0|0|0

P|WFG82A|17|WFG|0|8
S|WFG|36646667|119120000| |IF|0|0|0|0|0|0|0|0|0|0|0|0|0
S|QD113|36704639|119350000| |TF|0|0|0|0|0|0|1|12800|0|0|0|0|0
S|GUTVO|36816944|119785556| |TF|0|0|0|0|0|0|1|9850|0|0|0|0|0
S|QD110|36842306|119885000| |TF|0|0|0|0|0|0|0|0|0|0|0|0|0
S|QD306|36877250|120022528| |TF|0|0|0|0|0|0|0|0|0|0|0|0|0
S|QD307|36752861|120071806| |TF|0|0|0|0|0|0|1|3940|0|0|0|0|0
S|QD307|36752861|120071806| |IF|0|0|0|0|0|0|1|3940|0|0|0|0|0
S|QD305|36627278|120121611| |TF|0|0|0|0|0|210|1|2960|0|0|0|0|0

P|WFG91A|34|WFG|0|5
S|WFG|36646667|119120000| |IF|0|0|0|0|0|0|0|0|0|0|0|0|0
S|YO|36438333|119688333| |TF|0|0|0|0|0|0|1|12800|0|0|0|0|0
S|QD800|36331417|119977806| |TF|0|0|0|0|0|0|1|9850|0|0|0|0|0
S|QD800|36331417|119977806| |IF|0|0|0|0|0|0|1|9850|0|0|0|0|0
S|QD205|36040056|120092333| |TF|0|0|0|0|0|210|1|3940|0|0|0|0|0

P|WFG91A|35|WFG|0|5
S|WFG|36646667|119120000| |IF|0|0|0|0|0|0|0|0|0|0|0|0|0
S|YO|36438333|119688333| |TF|0|0|0|0|0|0|1|12800|0|0|0|0|0
S|QD800|36331417|119977806| |TF|0|0|0|0|0|0|1|9850|0|0|0|0|0
S|QD800|36331417|119977806| |IF|0|0|0|0|0|0|1|9850|0|0|0|0|0
S|QD205|36040056|120092333| |TF|0|0|0|0|0|210|1|3940|0|0|0|0|0

P|WFG92A|34|WFG|0|6
S|WFG|36646667|119120000| |IF|0|0|0|0|0|0|0|0|0|0|0|0|0
S|YO|36438333|119688333| |TF|0|0|0|0|0|0|1|12800|0|0|0|0|0
S|QD800|36331417|119977806| |TF|0|0|0|0|0|0|1|9850|0|0|0|0|0
S|QD900|36288639|120254278| |TF|0|0|0|0|0|0|1|5910|0|0|0|0|0
S|QD900|36288639|120254278| |IF|0|0|0|0|0|0|1|5910|0|0|0|0|0
S|QD405|36100528|120327556| |TF|0|0|0|0|0|210|1|2960|0|0|0|0|0

P|WFG92A|35|WFG|0|6
S|WFG|36646667|119120000| |IF|0|0|0|0|0|0|0|0|0|0|0|0|0
S|YO|36438333|119688333| |TF|0|0|0|0|0|0|1|12800|0|0|0|0|0
S|QD800|36331417|119977806| |TF|0|0|0|0|0|0|1|9850|0|0|0|0|0
S|QD900|36288639|120254278| |TF|0|0|0|0|0|0|1|5910|0|0|0|0|0
S|QD900|36288639|120254278| |IF|0|0|0|0|0|0|1|5910|0|0|0|0|0
S|QD405|36100528|120327556| |TF|0|0|0|0|0|210|1|3940|0|0|0|0|0

