P|DPX01A|09|DPX|0|3
S|DPX|34278333|117998333| |IF|0|0|0|0|0|0|1|11800|0|0|0|0|0
S|DO|34075000|117811667| |TF|0|0|0|0|0|0|1|7880|0|0|0|0|0
S|XUZ|34060903|117548639| |TF|0|0|0|0|0|205|1|2960|0|0|0|0|0

P|DPX03A|09|DPX|0|2
S|DPX|34278333|117998333| |IF|0|0|0|0|0|0|1|11800|0|0|0|0|0
S|XUZ|34060903|117548639| |TF|0|0|0|0|0|205|1|2960|0|0|0|0|0

P|DPX11A|27|DPX|0|2
S|DPX|34278333|117998333| |IF|0|0|0|0|0|0|1|11800|0|0|0|0|0
S|DO|34075000|117811667| |TF|0|0|0|0|0|205|1|2960|0|0|0|0|0

P|DPX81A|27|DPX|0|2
S|DPX|34278333|117998333| |IF|0|0|0|0|0|0|1|11800|0|0|0|0|0
S|DO|34075000|117811667| |TF|0|0|0|0|0|210|1|2960|0|0|0|0|0

P|DPX91A|09|DPX|0|4
S|DPX|34278333|117998333| |IF|0|0|0|0|0|0|1|11800|0|0|0|0|0
S|DO|34075000|117811667| |TF|0|0|0|0|0|0|1|7880|0|0|0|0|0
S|XZ107|33979722|117723611| |TF|0|0|0|0|0|0|0|0|0|0|0|0|0
S|XZ106|33969167|117555833| |TF|0|0|0|0|0|210|1|4930|0|0|0|0|0

P|HFE01A|09|HFE|0|4
S|HFE|31775000|117301667| |IF|0|0|0|0|0|0|0|0|0|0|0|0|0
S|RUTIS|33650000|117216667| |TF|0|0|0|0|0|0|1|15700|0|0|0|0|0
S|XZ114|33840278|117209167| |TF|0|0|0|0|0|0|0|0|0|0|0|0|0
S|ATVIM|33948333|117205000| |TF|0|0|0|0|0|205|1|4930|0|0|0|0|0

P|HFE11A|27|HFE|0|5
S|HFE|31775000|117301667| |IF|0|0|0|0|0|0|0|0|0|0|0|0|0
S|RUTIS|33650000|117216667| |TF|0|0|0|0|0|0|1|15700|0|0|0|0|0
S|XZ114|33840278|117209167| |TF|0|0|0|0|0|0|0|0|0|0|0|0|0
S|ATVIM|33948333|117205000| |TF|0|0|0|0|0|0|1|8860|0|0|0|0|0
S|XUZ|34060903|117548639| |TF|0|0|0|0|0|205|1|2960|0|0|0|0|0

P|HFE81A|27|HFE|0|5
S|HFE|31775000|117301667| |IF|0|0|0|0|0|0|0|0|0|0|0|0|0
S|RUTIS|33650000|117216667| |TF|0|0|0|0|0|0|1|15700|0|0|0|0|0
S|XZ114|33840278|117209167| |TF|0|0|0|0|0|0|0|0|0|0|0|0|0
S|ATVIM|33948333|117205000| |TF|0|0|0|0|0|0|1|8860|0|0|0|0|0
S|XZ106|33969167|117555833| |TF|0|0|0|0|0|210|1|4930|0|0|0|0|0

P|HFE91A|09|HFE|0|4
S|HFE|31775000|117301667| |IF|0|0|0|0|0|0|0|0|0|0|0|0|0
S|RUTIS|33650000|117216667| |TF|0|0|0|0|0|0|1|15700|0|0|0|0|0
S|XZ114|33840278|117209167| |TF|0|0|0|0|0|0|0|0|0|0|0|0|0
S|ATVIM|33948333|117205000| |TF|0|0|0|0|0|210|1|4930|0|0|0|0|0

P|OF01A|09|OF|0|4
S|OF|32673333|118578333| |IF|0|0|0|0|0|0|0|0|0|0|0|0|0
S|MEXUP|34010278|118095833| |TF|0|0|0|0|0|0|1|11800|0|0|0|0|0
S|DO|34075000|117811667| |TF|0|0|0|0|0|0|1|7880|0|0|0|0|0
S|XUZ|34060903|117548639| |TF|0|0|0|0|0|205|1|2960|0|0|0|0|0

P|OF11A|27|OF|0|3
S|OF|32673333|118578333| |IF|0|0|0|0|0|0|0|0|0|0|0|0|0
S|MEXUP|34010278|118095833| |TF|0|0|0|0|0|0|1|11800|0|0|0|0|0
S|DO|34075000|117811667| |TF|0|0|0|0|0|205|1|2960|0|0|0|0|0

P|OF81A|27|OF|0|3
S|OF|32673333|118578333| |IF|0|0|0|0|0|0|0|0|0|0|0|0|0
S|MEXUP|34010278|118095833| |TF|0|0|0|0|0|0|1|11800|0|0|0|0|0
S|DO|34075000|117811667| |TF|0|0|0|0|0|210|1|2960|0|0|0|0|0

P|OF91A|09|OF|0|5
S|OF|32673333|118578333| |IF|0|0|0|0|0|0|0|0|0|0|0|0|0
S|MEXUP|34010278|118095833| |TF|0|0|0|0|0|0|1|11800|0|0|0|0|0
S|DO|34075000|117811667| |TF|0|0|0|0|0|0|1|7880|0|0|0|0|0
S|XZ107|33979722|117723611| |TF|0|0|0|0|0|0|0|0|0|0|0|0|0
S|XZ106|33969167|117555833| |TF|0|0|0|0|0|210|1|4930|0|0|0|0|0

P|OMU01A|09|OMUDI|0|4
S|OMUDI|33970556|118266667| |IF|0|0|0|0|0|0|1|15700|0|0|0|0|0
S|MEXUP|34010278|118095833| |TF|0|0|0|0|0|0|1|11800|0|0|0|0|0
S|DO|34075000|117811667| |TF|0|0|0|0|0|0|1|7880|0|0|0|0|0
S|XUZ|34060903|117548639| |TF|0|0|0|0|0|205|1|2960|0|0|0|0|0

P|OMU11A|27|OMUDI|0|3
S|OMUDI|33970556|118266667| |IF|0|0|0|0|0|0|0|0|0|0|0|0|0
S|MEXUP|34010278|118095833| |TF|0|0|0|0|0|0|1|11800|0|0|0|0|0
S|DO|34075000|117811667| |TF|0|0|0|0|0|205|1|2960|0|0|0|0|0

P|OMU81A|27|OMUDI|0|3
S|OMUDI|33970556|118266667| |IF|0|0|0|0|0|0|1|15700|0|0|0|0|0
S|MEXUP|34010278|118095833| |TF|0|0|0|0|0|0|1|11800|0|0|0|0|0
S|DO|34075000|117811667| |TF|0|0|0|0|0|210|1|2960|0|0|0|0|0

P|OMU91A|09|OMUDI|0|5
S|OMUDI|33970556|118266667| |IF|0|0|0|0|0|0|1|15700|0|0|0|0|0
S|MEXUP|34010278|118095833| |TF|0|0|0|0|0|0|1|11800|0|0|0|0|0
S|DO|34075000|117811667| |TF|0|0|0|0|0|0|1|7880|0|0|0|0|0
S|XZ107|33979722|117723611| |TF|0|0|0|0|0|0|0|0|0|0|0|0|0
S|XZ106|33969167|117555833| |TF|0|0|0|0|0|210|1|4930|0|0|0|0|0

