P|RIFTE1|07|RIFTE|0|3
S|SOOKS|44494186|-119826825| |DF|0|0|0|0|0|210|0|0|0|0|0|0|0
S|ELKPG|44475839|-119730439| |TF|0|0|0|0|0|0|0|0|0|0|0|0|0
S|RIFTE|44554308|-119387753| |TF|0|0|0|0|0|0|0|0|0|0|0|0|0

P|RIFTE1|25|RIFTE|0|5
S|HILLO|44491928|-119856797| |DF|0|0|0|0|0|210|0|0|0|0|0|0|0
S|FARIX|44508608|-119946508| |TF|0|0|0|0|0|210|0|0|0|0|0|0|0
S|JIRES|44585267|-119976003| |TF|0|0|0|0|0|210|0|0|0|0|0|0|0
S|OSKEE|44635297|-119868717| |TF|0|0|0|0|0|0|0|0|0|0|0|0|0
S|RIFTE|44554308|-119387753| |TF|0|0|0|0|0|0|0|0|0|0|0|0|0

