P|DEGU1A|11|DEGUL|0|6
S|DER11|60765872|-46060994| |DF|0|0|0|0|0|0|0|0|0|1|0|0|0
S| |91000000|181000000| |CA|0|11300|0|0|0|180|1|1300|0|0|0|0|0
S|QO800|60695397|-45946714| |DF|0|0|0|0|0|180|0|0|0|0|0|0|0
S|QO801|60693917|-46230583| |TF|2|0|0|0|0|0|0|0|0|0|0|0|0
S|QO802|60763058|-46440925| |TF|0|0|0|0|0|0|1|5000|0|0|0|0|0
S|DEGUL|60904539|-46877389| |TF|0|0|0|0|0|0|0|0|0|0|0|0|0

P|DEGU1B|29|DEGUL|0|4
S|DER29|60766222|-46088517| |DF|0|0|0|0|0|0|0|0|0|1|0|0|0
S| |91000000|181000000| |CA|0|30200|0|0|0|0|1|1000|0|0|0|0|0
S|QO500|60785922|-46288433| |DF|0|0|0|0|0|0|0|0|0|0|0|0|0
S|DEGUL|60904539|-46877389| |TF|0|0|0|0|0|0|1|6000|0|0|0|0|0

P|EFNO1A|11|EFNOC|0|6
S|DER11|60765872|-46060994| |DF|0|0|0|0|0|0|0|0|0|1|0|0|0
S| |91000000|181000000| |CA|0|11300|0|0|0|180|1|1300|0|0|0|0|0
S|QO800|60695397|-45946714| |DF|0|0|0|0|0|180|0|0|0|0|0|0|0
S|QO801|60693917|-46230583| |TF|2|0|0|0|0|0|0|0|0|0|0|0|0
S|QO803|60759625|-46351547| |TF|0|0|0|0|0|0|1|5000|0|0|0|0|0
S|EFNOC|60993614|-46788036| |TF|0|0|0|0|0|0|0|0|0|0|0|0|0

P|EFNO1B|29|EFNOC|0|4
S|DER29|60766222|-46088517| |DF|0|0|0|0|0|0|0|0|0|1|0|0|0
S| |91000000|181000000| |CA|0|30200|0|0|0|0|1|1000|0|0|0|0|0
S|QO500|60785922|-46288433| |DF|0|0|0|0|0|0|0|0|0|0|0|0|0
S|EFNOC|60993614|-46788036| |TF|0|0|0|0|0|0|1|6000|0|0|0|0|0

P|FILU1A|11|FILUC|0|5
S|DER11|60765872|-46060994| |DF|0|0|0|0|0|0|0|0|0|1|0|0|0
S| |91000000|181000000| |CA|0|11300|0|0|0|180|1|1300|0|0|0|0|0
S|QO900|60695636|-45886542| |DF|0|0|0|0|0|180|0|0|0|0|0|0|0
S|QO901|60811789|-45535747| |TF|1|0|0|0|0|0|1|6000|0|0|0|0|0
S|FILUC|61217483|-45084500| |TF|0|0|0|0|0|0|0|0|0|0|0|0|0

P|FILU1B|29|FILUC|0|5
S|DER29|60766222|-46088517| |DF|0|0|0|0|0|0|0|0|0|1|0|0|0
S| |91000000|181000000| |CA|0|30200|0|0|0|0|1|1000|0|0|0|0|0
S|QO700|60779389|-46221767| |DF|0|0|0|0|0|0|0|0|0|1|0|0|0
S|QO701|61011250|-46110800| |DF|2|0|0|0|0|0|1|5000|0|0|0|0|0
S|FILUC|61217483|-45084500| |TF|0|0|0|0|0|0|0|0|0|0|0|0|0

P|GOPI1A|11|GOPPI|0|5
S|DER11|60765872|-46060994| |DF|0|0|0|0|0|0|0|0|0|1|0|0|0
S| |91000000|181000000| |CA|0|11300|0|0|0|180|1|1300|0|0|0|0|0
S|QO900|60695636|-45886542| |DF|0|0|0|0|0|180|0|0|0|0|0|0|0
S|QO901|60811789|-45535747| |TF|1|0|0|0|0|0|1|6000|0|0|0|0|0
S|GOPPI|61070269|-44735489| |TF|0|0|0|0|0|0|0|0|0|0|0|0|0

P|GOPI1B|29|GOPPI|0|6
S|DER29|60766222|-46088517| |DF|0|0|0|0|0|0|0|0|0|1|0|0|0
S| |91000000|181000000| |CA|0|30200|0|0|0|0|1|1000|0|0|0|0|0
S|QO700|60779389|-46221767| |DF|0|0|0|0|0|0|0|0|0|1|0|0|0
S|QO701|61011250|-46110800| |DF|2|0|0|0|0|0|1|5000|0|0|0|0|0
S|QO702|61116631|-45592903| |TF|0|0|0|0|0|0|0|0|0|0|0|0|0
S|GOPPI|61070269|-44735489| |TF|0|0|0|0|0|0|0|0|0|0|0|0|0

P|HATI1A|11|HATIT|0|4
S|DER11|60765872|-46060994| |DF|0|0|0|0|0|0|0|0|0|1|0|0|0
S| |91000000|181000000| |CA|0|11300|0|0|0|180|1|1300|0|0|0|0|0
S|QO900|60695636|-45886542| |DF|0|0|0|0|0|180|0|0|0|0|0|0|0
S|HATIT|60423536|-45596319| |TF|0|0|0|0|0|0|0|0|0|0|0|0|0

P|HATI1B|29|HATIT|0|6
S|DER29|60766222|-46088517| |DF|0|0|0|0|0|0|0|0|0|1|0|0|0
S| |91000000|181000000| |CA|0|30200|0|0|0|0|1|1000|0|0|0|0|0
S|QO500|60785922|-46288433| |DF|0|0|0|0|0|190|0|0|0|0|0|0|0
S|QO501|60745706|-46419919| |TF|0|0|0|0|0|190|0|0|0|0|0|0|0
S|QO502|60583008|-46212878| |TF|0|0|0|0|0|0|0|0|0|0|0|0|0
S|HATIT|60423536|-45596319| |TF|0|0|0|0|0|0|0|0|0|0|0|0|0

P|SIMN1A|11|SIMNI|0|5
S|DER11|60765872|-46060994| |DF|0|0|0|0|0|0|0|0|0|1|0|0|0
S| |91000000|181000000| |CA|0|11300|0|0|0|180|1|1300|0|0|0|0|0
S|QO800|60695397|-45946714| |DF|0|0|0|0|0|180|0|0|0|0|0|0|0
S|QO801|60693917|-46230583| |TF|2|0|0|0|0|0|0|0|0|0|0|0|0
S|SIMNI|60691111|-46597222| |TF|0|0|0|0|0|0|0|0|0|0|0|0|0

P|SIMN1B|29|SIMNI|0|4
S|DER29|60766222|-46088517| |DF|0|0|0|0|0|0|0|0|0|1|0|0|0
S| |91000000|181000000| |CA|0|30200|0|0|0|0|1|1000|0|0|0|0|0
S|QO500|60785922|-46288433| |DF|0|0|0|0|0|0|0|0|0|0|0|0|0
S|SIMNI|60691111|-46597222| |TF|0|0|0|0|0|0|1|4000|0|0|0|0|0

