P|ISAC1A|07|ISACI|0|4
S| |91000000|181000000| |CA|0|7500|0|0|0|150|1|410|0|0|0|0|0
S|IS401|66112092|-23059325|MOB|CF|0|3900|12620|29840|300|150|1|500|0|1|0|0|0
S|IS402|66092725|-22823097| |TF|0|0|0|0|0|170|1|2000|0|0|0|0|0
S|ISACI|65830581|-22716486| |TF|0|0|0|0|0|0|1|5300|0|0|0|0|0

P|RE1A|07|RE|0|4
S| |91000000|181000000| |CA|0|7500|0|0|0|150|1|410|0|0|0|0|0
S|IS401|66112092|-23059325|MOB|CF|0|3900|12620|29840|300|150|1|500|0|1|0|0|0
S|IS402|66092725|-22823097| |TF|0|0|0|0|0|170|1|2000|0|0|0|0|0
S|RE|65926472|-22431528| |TF|0|0|0|0|0|0|1|5300|0|0|0|0|0

