P|DELE2A|01|DELES|0|3
S|KF218|64063308|-22605378|KFV|CF|0|1200|490|1500|430|0|0|0|0|0|0|0|0
S|KF267|64062253|-23138747| |TF|0|0|0|0|0|0|0|0|0|0|0|0|0
S|DELES|63494636|-24576475| |TF|0|0|0|0|0|0|0|0|0|0|0|0|0

P|DELE2C|19|DELES|0|2
S|KF285|63893036|-22605508|KFV|CF|0|19200|540|18930|430|220|0|0|0|0|0|0|0
S|DELES|63494636|-24576475| |TF|0|0|0|0|0|0|0|0|0|0|0|0|0

P|DELE3B|10|DELES|0|5
S|KF272|63984922|-22428997|KFV|CF|0|10200|490|10050|430|0|0|0|0|0|0|0|0
S|KF273|64067983|-22428692| |TF|0|0|0|0|0|0|0|0|0|0|0|0|0
S|KF445|64077319|-22625953| |TF|0|0|0|0|0|0|0|0|0|0|0|0|0
S|KF449|63794911|-23507483| |TF|0|0|0|0|0|0|0|0|0|0|0|0|0
S|DELES|63494636|-24576475| |TF|0|0|0|0|0|0|0|0|0|0|0|0|0

P|DELE3D|28|DELES|0|2
S|KF255|63984958|-22776047|KFV|CF|0|28200|430|28380|320|0|0|0|0|0|0|0|0
S|DELES|63494636|-24576475| |TF|0|0|0|0|0|0|0|0|0|0|0|0|0

P|LUTE2A|01|LUTER|0|6
S|KF218|64063308|-22605378|KFV|CF|0|1200|490|1500|430|210|0|0|0|0|0|0|0
S|KF211|64063003|-22415714| |TF|0|0|0|0|0|0|0|0|0|0|0|0|0
S|KF419|64086258|-21673361| |TF|0|0|0|0|0|0|1|13000|0|0|0|0|0
S|KF433|64101428|-21106233| |TF|0|0|0|0|0|0|1|16000|0|0|0|0|0
S|KF234|64109775|-20751794| |TF|0|0|0|0|0|0|1|17000|0|0|0|0|0
S|LUTER|64117961|-20361033| |TF|0|0|0|0|0|0|0|0|0|0|0|0|0

P|LUTE2B|10|LUTER|0|3
S|KF272|63984922|-22428997|KFV|CF|0|10200|490|10050|430|0|0|0|0|0|0|0|0
S|KF452|64040128|-21628197| |TF|0|0|0|0|0|0|1|10000|0|0|0|0|0
S|LUTER|64117961|-20361033| |TF|0|0|0|0|0|0|0|0|0|0|0|0|0

P|LUTE3C|19|LUTER|0|8
S|DER19|63964478|-22605453| |DF|0|0|0|0|0|0|0|0|0|1|0|0|0
S| |91000000|181000000| |CA|0|19200|0|0|0|0|1|1000|0|0|0|0|0
S|KF244|63837281|-22006289| |DF|0|0|0|0|0|0|1|4000|0|0|0|0|0
S|KF462|63865278|-21640108| |TF|0|0|0|0|0|0|2|6000|0|0|0|0|0
S|KF463|63882397|-21409547| |TF|0|0|0|0|0|0|0|7000|0|0|0|0|0
S|KF464|64002550|-20881200| |TF|0|0|0|0|0|0|2|10000|0|0|0|0|0
S|KF248|64069406|-20581444| |TF|0|0|0|0|0|0|2|12000|0|0|0|0|0
S|LUTER|64117961|-20361033| |TF|0|0|0|0|0|0|0|0|0|0|0|0|0

P|LUTE3D|28|LUTER|0|7
S|KF235|63984936|-22794961|KFV|CF|0|28200|480|28360|370|210|0|0|0|0|0|0|0
S|KF236|63901875|-22794431| |TF|0|0|0|0|0|240|0|0|0|0|0|0|0
S|KF437|63894514|-22511722| |TF|0|0|0|0|0|0|1|7000|0|0|0|0|0
S|ADOVA|63983719|-22000056| |TF|0|0|0|0|0|0|1|12000|0|0|0|0|0
S|KF438|64030447|-21637819| |TF|0|0|0|0|0|0|1|14000|0|0|0|0|0
S|KF253|64084717|-21206872| |TF|0|0|0|0|0|0|1|16000|0|0|0|0|0
S|LUTER|64117961|-20361033| |TF|0|0|0|0|0|0|0|0|0|0|0|0|0

P|OSKU1B|10|OSKUM|0|6
S|KF272|63984922|-22428997|KFV|CF|0|10200|490|10050|430|0|0|0|0|0|0|0|0
S|KF221|63930364|-22094583| |TF|0|0|0|0|0|0|2|6000|0|0|0|0|0
S|KF222|63890158|-21851950| |TF|0|0|0|0|0|0|2|7000|0|0|0|0|0
S|KF223|63843844|-21576336| |TF|0|0|0|0|0|0|2|10000|0|0|0|0|0
S|KF224|63805053|-21232967| |TF|0|0|0|0|0|0|2|13000|0|0|0|0|0
S|OSKUM|63712222|-20442778| |TF|0|0|0|0|0|0|0|0|0|0|0|0|0

P|OSKU3A|01|OSKUM|0|6
S|KF218|64063308|-22605378|KFV|CF|0|1200|490|1500|430|210|0|0|0|0|0|0|0
S|KF211|64063003|-22415714| |TF|0|0|0|0|0|0|0|0|0|0|0|0|0
S|KF416|63901950|-21774025| |TF|0|0|0|0|0|0|1|13000|0|0|0|0|0
S|KF319|63852808|-21581914| |TF|0|0|0|0|0|0|1|14000|0|0|0|0|0
S|KF417|63762831|-21234453| |TF|0|0|0|0|0|0|1|16000|0|0|0|0|0
S|OSKUM|63712222|-20442778| |TF|0|0|0|0|0|0|0|0|0|0|0|0|0

P|OSKU3C|19|OSKUM|0|7
S|DER19|63964478|-22605453| |DF|0|0|0|0|0|0|0|0|0|1|0|0|0
S| |91000000|181000000| |CA|0|19200|0|0|0|0|1|1000|0|0|0|0|0
S|KF244|63837281|-22006289| |DF|0|0|0|0|0|0|1|4000|0|0|0|0|0
S|KF466|63824869|-21782342| |TF|0|0|0|0|0|0|2|6000|0|0|0|0|0
S|KF245|63807161|-21473508| |TF|0|0|0|0|0|0|0|7000|0|0|0|0|0
S|KF246|63779192|-21008442| |TF|0|0|0|0|0|0|2|10000|0|0|0|0|0
S|OSKUM|63712222|-20442778| |TF|0|0|0|0|0|0|0|0|0|0|0|0|0

P|OSKU3D|28|OSKUM|0|8
S|KF235|63984936|-22794961|KFV|CF|0|28200|480|28360|370|210|0|0|0|0|0|0|0
S|KF236|63901875|-22794431| |TF|0|0|0|0|0|240|0|0|0|0|0|0|0
S|KF437|63894514|-22511722| |TF|0|0|0|0|0|0|1|7000|0|0|0|0|0
S|OLGES|63884592|-22160597| |TF|0|0|0|0|0|0|1|11000|0|0|0|0|0
S|KF451|63872847|-21785706| |TF|0|0|0|0|0|0|1|13000|0|0|0|0|0
S|KF439|63866608|-21598369| |TF|0|0|0|0|0|0|1|14000|0|0|0|0|0
S|KF252|63847611|-21068228| |TF|0|0|0|0|0|0|1|16000|0|0|0|0|0
S|OSKUM|63712222|-20442778| |TF|0|0|0|0|0|0|0|0|0|0|0|0|0

P|PIXU1A|01|PIXUM|0|6
S|KF218|64063308|-22605378|KFV|CF|0|1200|490|1500|430|210|0|0|0|0|0|0|0
S|KF211|64063003|-22415714| |TF|0|0|0|0|0|0|0|0|0|0|0|0|0
S|KOPUM|63810147|-22098542| |TF|0|0|0|0|0|0|1|12000|0|0|0|0|0
S|KF214|63716575|-21923078| |TF|0|0|0|0|0|0|1|13000|0|0|0|0|0
S|KF215|63564117|-21640522| |TF|0|0|0|0|0|0|0|0|0|0|0|0|0
S|PIXUM|63358206|-20872761| |TF|0|0|0|0|0|0|0|0|0|0|0|0|0

P|PIXU2C|19|PIXUM|0|6
S|DER19|63964478|-22605453| |DF|0|0|0|0|0|0|0|0|0|1|0|0|0
S| |91000000|181000000| |CA|0|19200|0|0|0|0|1|1000|0|0|0|0|0
S|KF241|63723839|-22043958| |DF|0|0|0|0|0|0|2|7000|0|0|0|0|0
S|KF242|63615756|-21691297| |TF|0|0|0|0|0|0|2|10000|0|0|0|0|0
S|KF243|63504531|-21333928| |TF|0|0|0|0|0|0|2|12000|0|0|0|0|0
S|PIXUM|63358206|-20872761| |TF|0|0|0|0|0|0|0|0|0|0|0|0|0

P|PIXU2D|28|PIXUM|0|6
S|KF235|63984936|-22794961|KFV|CF|0|28200|480|28360|370|210|0|0|0|0|0|0|0
S|KF236|63901875|-22794431| |TF|0|0|0|0|0|240|0|0|0|0|0|0|0
S|KF437|63894514|-22511722| |TF|0|0|0|0|0|0|1|7000|0|0|0|0|0
S|OLGES|63884592|-22160597| |TF|0|0|0|0|0|0|1|11000|0|0|0|0|0
S|KF239|63750881|-21683383| |TF|0|0|0|0|0|0|1|14000|0|0|0|0|0
S|PIXUM|63358206|-20872761| |TF|0|0|0|0|0|0|0|0|0|0|0|0|0

P|PIXU3B|10|PIXUM|0|6
S|KF272|63984922|-22428997|KFV|CF|0|10200|490|10050|430|0|0|0|0|0|0|0|0
S|KF221|63930364|-22094583| |TF|0|0|0|0|0|0|2|6000|0|0|0|0|0
S|KF455|63850975|-21951761| |TF|0|0|0|0|0|0|2|6000|0|0|0|0|0
S|KF456|63689486|-21664497| |TF|0|0|0|0|0|0|2|7000|0|0|0|0|0
S|KF457|63614361|-21532325| |TF|0|0|0|0|0|0|2|12000|0|0|0|0|0
S|PIXUM|63358206|-20872761| |TF|0|0|0|0|0|0|0|0|0|0|0|0|0

P|RALO1D|28|RALOV|0|2
S|KF255|63984958|-22776047|KFV|CF|0|28200|430|28380|320|0|0|0|0|0|0|0|0
S|RALOV|63882997|-24867733| |TF|0|0|0|0|0|0|0|0|0|0|0|0|0

P|RALO3A|01|RALOV|0|4
S|KF218|64063308|-22605378|KFV|CF|0|1200|490|1500|430|0|0|0|0|0|0|0|0
S|KF267|64062253|-23138747| |TF|0|0|0|0|0|0|0|0|0|0|0|0|0
S|KF261|64057622|-23908497| |TF|0|0|0|0|0|0|0|0|0|0|0|0|0
S|RALOV|63882997|-24867733| |TF|0|0|0|0|0|0|0|0|0|0|0|0|0

P|RALO3C|19|RALOV|0|3
S|KF285|63893036|-22605508|KFV|CF|0|19200|540|18930|430|220|0|0|0|0|0|0|0
S|KF289|63893569|-22794011| |TF|2|0|0|0|0|0|0|0|0|0|0|0|0
S|RALOV|63882997|-24867733| |TF|0|0|0|0|0|0|0|0|0|0|0|0|0

P|RALO4B|10|RALOV|0|6
S|KF272|63984922|-22428997|KFV|CF|0|10200|490|10050|430|0|0|0|0|0|0|0|0
S|KF273|64067983|-22428692| |TF|0|0|0|0|0|0|0|0|0|0|0|0|0
S|KF445|64077319|-22625953| |TF|0|0|0|0|0|0|0|0|0|0|0|0|0
S|KF440|64086550|-22826903| |TF|0|0|0|0|0|0|0|0|0|0|0|0|0
S|KF279|63935922|-24087103| |TF|0|0|0|0|0|0|0|0|0|0|0|0|0
S|RALOV|63882997|-24867733| |TF|0|0|0|0|0|0|0|0|0|0|0|0|0

P|RIMU1A|01|RIMUM|0|6
S|KF218|64063308|-22605378|KFV|CF|0|1200|490|1500|430|210|0|0|0|0|0|0|0
S|KF211|64063003|-22415714| |TF|0|0|0|0|0|230|0|0|0|0|0|0|0
S|KF453|63797586|-22284628| |TF|0|0|0|0|0|0|1|10000|0|0|0|0|0
S|KF454|63716400|-22245036| |TF|0|0|0|0|0|0|1|11000|0|0|0|0|0
S|KF450|63524006|-22152139| |TF|0|0|0|0|0|0|1|13000|0|0|0|0|0
S|RIMUM|63075833|-21689444| |TF|0|0|0|0|0|0|0|0|0|0|0|0|0

P|RIMU1B|10|RIMUM|0|7
S|KF272|63984922|-22428997|KFV|CF|0|10200|490|10050|430|0|0|0|0|0|0|0|0
S|KF221|63930364|-22094583| |TF|0|0|0|0|0|0|2|6000|0|0|0|0|0
S|KF455|63850975|-21951761| |TF|0|0|0|0|0|0|2|6000|0|0|0|0|0
S|KF459|63663728|-21887067| |TF|0|0|0|0|0|0|2|7000|0|0|0|0|0
S|KF460|63337739|-21776486| |TF|0|0|0|0|0|0|2|12000|0|0|0|0|0
S|KF461|63228408|-21739969| |TF|0|0|0|0|0|0|2|14000|0|0|0|0|0
S|RIMUM|63075833|-21689444| |TF|0|0|0|0|0|0|0|0|0|0|0|0|0

P|RIMU1C|19|RIMUM|0|4
S|DER19|63964478|-22605453| |DF|0|0|0|0|0|0|0|0|0|1|0|0|0
S| |91000000|181000000| |CA|0|19200|0|0|0|0|1|1000|0|0|0|0|0
S|KF465|63676447|-22322847| |DF|0|0|0|0|0|0|0|0|0|0|0|0|0
S|RIMUM|63075833|-21689444| |TF|0|0|0|0|0|0|0|0|0|0|0|0|0

P|RIMU1D|28|RIMUM|0|5
S|KF235|63984936|-22794961|KFV|CF|0|28200|480|28360|370|210|0|0|0|0|0|0|0
S|KF236|63901875|-22794431| |TF|0|0|0|0|0|240|0|0|0|0|0|0|0
S|KF437|63894514|-22511722| |TF|0|0|0|0|0|0|1|7000|0|0|0|0|0
S|KF467|63820856|-22294400| |TF|0|0|0|0|0|0|1|10000|0|0|0|0|0
S|RIMUM|63075833|-21689444| |TF|0|0|0|0|0|0|0|0|0|0|0|0|0

P|SORI2C|19|SORIR|0|3
S|KF285|63893036|-22605508|KFV|CF|0|19200|540|18930|430|220|0|0|0|0|0|0|0
S|KF289|63893569|-22794011| |TF|2|0|0|0|0|0|0|0|0|0|0|0|0
S|SORIR|64403514|-24692089| |TF|0|0|0|0|0|0|0|0|0|0|0|0|0

P|SORI2D|28|SORIR|0|3
S|KF255|63984958|-22776047|KFV|CF|0|28200|430|28380|320|0|0|0|0|0|0|0|0
S|KF259|64217053|-23605839| |TF|0|0|0|0|0|0|0|0|0|0|0|0|0
S|SORIR|64403514|-24692089| |TF|0|0|0|0|0|0|0|0|0|0|0|0|0

P|SORI3A|01|SORIR|0|3
S|KF218|64063308|-22605378|KFV|CF|0|1200|490|1500|430|0|0|0|0|0|0|0|0
S|KF266|64181139|-23559525| |TF|0|0|0|0|0|0|0|0|0|0|0|0|0
S|SORIR|64403514|-24692089| |TF|0|0|0|0|0|0|0|0|0|0|0|0|0

P|SORI3B|10|SORIR|0|6
S|KF272|63984922|-22428997|KFV|CF|0|10200|490|10050|430|0|0|0|0|0|0|0|0
S|KF273|64067983|-22428692| |TF|0|0|0|0|0|0|0|0|0|0|0|0|0
S|KF445|64077319|-22625953| |TF|0|0|0|0|0|0|0|0|0|0|0|0|0
S|KF440|64086550|-22826903| |TF|0|0|0|0|0|0|0|0|0|0|0|0|0
S|KF441|64101619|-23169325| |TF|0|0|0|0|0|0|0|0|0|0|0|0|0
S|SORIR|64403514|-24692089| |TF|0|0|0|0|0|0|0|0|0|0|0|0|0

