P|DOLE1A|17|DOLEV|0|5
S|PR502|42516472|21041594|PRT|CF|0|17100|230|16860|410|0|0|0|0|1|0|0|0
S|PR504|42574286|20805136| |DF|2|0|0|0|0|230|0|0|0|0|0|0|0
S|PR506|42651933|20658319| |TF|0|0|0|0|0|0|0|0|0|0|0|0|0
S|PR507|42758389|20455853| |TF|0|0|0|0|0|0|0|0|0|0|0|0|0
S|DOLEV|42833889|20311389| |TF|0|0|0|0|0|0|0|0|0|0|0|0|0

P|DOLE1D|35|DOLEV|0|3
S|PR602|42626897|21030375|PRT|CF|0|35100|440|35180|410|0|0|0|0|1|0|0|0
S|PR620|42702336|20903933| |DF|0|0|0|0|0|230|0|0|0|0|0|0|0
S|DOLEV|42833889|20311389| |TF|0|0|0|0|0|0|0|0|0|0|0|0|0

P|KUKA1A|17|KUKAD|0|4
S|PR502|42516472|21041594|PRT|CF|0|17100|230|16860|410|0|0|0|0|1|0|0|0
S|PR510|42452442|20818758| |DF|0|0|0|0|0|230|0|0|0|0|0|0|0
S|PR512|42399250|20477414| |TF|0|0|0|0|0|0|0|0|0|0|0|0|0
S|KUKAD|42352222|20181389| |TF|0|0|0|0|0|0|0|0|0|0|0|0|0

P|KUKA1B|17|KUKAD|0|3
S| |91000000|181000000|PRT|VD|0|17100|0|0|230|0|0|0|0|0|0|0|0
S| |91000000|181000000| |CI|2|27800|0|0|0|250|0|0|0|0|0|0|0
S|KUKAD|42352222|20181389|PRT|CF|0|24800|3980|24760|3100|0|0|0|0|0|0|0|0

P|KUKA1C|17|KUKAD|0|3
S| |91000000|181000000|PRT|VD|0|17100|0|0|400|0|0|0|0|0|0|0|0
S|PRT|42553858|21035900| |DF|1|0|0|0|0|230|0|0|0|0|0|0|0
S|KUKAD|42352222|20181389| |TF|0|0|0|0|0|0|0|0|0|0|0|0|0

P|KUKA1D|35|KUKAD|0|4
S|PR602|42626897|21030375|PRT|CF|0|35100|440|35180|410|0|0|0|0|1|0|0|0
S|PR620|42702336|20903933| |DF|0|0|0|0|0|230|0|0|0|0|0|0|0
S|PR622|42492586|20691503| |TF|0|0|0|0|0|250|0|0|0|0|0|0|0
S|KUKAD|42352222|20181389| |TF|0|0|0|0|0|0|0|0|0|0|0|0|0

P|KUKA1E|35|KUKAD|0|3
S| |91000000|181000000|PRT|VD|0|35100|0|0|440|0|0|0|0|0|0|0|0
S| |91000000|181000000| |CI|1|21800|0|0|0|250|0|0|0|0|0|0|0
S|KUKAD|42352222|20181389|PRT|CF|0|24800|3980|24760|2600|0|0|0|0|0|0|0|0

P|KUKA1F|35|KUKAD|0|3
S| |91000000|181000000|PRT|VD|0|35100|0|0|600|0|0|0|0|0|0|0|0
S| |91000000|181000000| |CI|1|21800|0|0|0|250|0|0|0|0|0|0|0
S|KUKAD|42352222|20181389|PRT|CF|0|24800|3980|24760|2400|0|0|0|0|0|0|0|0

P|SARA1A|17|SARAX|0|3
S|PR502|42516472|21041594|PRT|CF|0|17100|230|16860|410|0|0|0|0|1|0|0|0
S|PR540|42357881|20987750| |DF|0|0|0|0|0|0|0|0|0|0|0|0|0
S|SARAX|42096944|20895556| |TF|0|0|0|0|0|0|0|0|0|0|0|0|0

P|SARA1B|17|SARAX|0|4
S| |91000000|181000000|PRT|VD|0|17100|0|0|230|0|0|0|0|0|0|0|0
S| |91000000|181000000| |CI|0|21800|0|0|0|250|0|0|0|0|0|0|0
S|D188W|42179986|20920903|PRT|CF|0|18800|2300|18790|1800|0|1|9500|0|0|0|0|0
S|SARAX|42096944|20895556| |TF|0|0|0|0|0|0|0|0|0|0|0|0|0

P|SARA1C|17|SARAX|0|7
S| |91000000|181000000|PRT|VD|0|17100|0|0|400|0|0|0|0|0|0|0|0
S|PRT|42553858|21035900| |DF|1|0|0|0|0|230|0|0|0|0|0|0|0
S| |91000000|181000000|PRT|CD|0|21700|0|0|1170|0|0|0|0|0|0|0|0
S|D217P|42355364|20795222|PRT|CF|0|21700|1600|21700|430|0|0|0|0|0|0|0|0
S|D200P|42311989|20884000|PRT|AF|1|21700|1600|20000|0|0|0|0|0|1|0|0|0
S|D188P|42293903|20955069|PRT|AF|1|20000|1600|18800|0|0|0|0|0|0|0|0|0
S|SARAX|42096944|20895556| |TF|0|0|0|0|0|250|0|0|0|0|0|0|0

P|SARA1D|35|SARAX|0|4
S|PR602|42626897|21030375|PRT|CF|0|35100|440|35180|410|0|0|0|0|1|0|0|0
S|PR620|42702336|20903933| |DF|0|0|0|0|0|230|0|0|0|0|0|0|0
S|PR622|42492586|20691503| |TF|0|0|0|0|0|250|0|0|0|0|0|0|0
S|SARAX|42096944|20895556| |TF|0|0|0|0|0|0|0|0|0|0|0|0|0

P|SARA1E|35|SARAX|0|7
S| |91000000|181000000|PRT|VD|0|35100|0|0|440|0|0|0|0|0|0|0|0
S| |91000000|181000000| |CI|1|19000|0|0|0|0|0|0|0|0|0|0|0
S|D248L|42495297|20784339|PRT|CF|0|24800|1170|24760|600|0|0|0|0|0|0|0|0
S|D248P|42473636|20692006| |TF|0|0|0|0|0|0|0|0|0|0|0|0|0
S|D200P|42311989|20884000|PRT|AF|1|24800|1600|20000|0|0|0|0|0|1|0|0|0
S|D188P|42293903|20955069|PRT|AF|1|20000|1600|18800|0|0|0|0|0|0|0|0|0
S|SARAX|42096944|20895556|PRT|CF|0|18800|2810|18790|1200|250|0|0|0|0|0|0|0

P|SARA1F|35|SARAX|0|7
S| |91000000|181000000|PRT|VD|0|35100|0|0|600|0|0|0|0|0|0|0|0
S| |91000000|181000000| |CI|1|19000|0|0|0|250|0|0|0|0|0|0|0
S|D248L|42495297|20784339|PRT|CF|0|24800|1170|24760|500|0|0|0|0|0|0|0|0
S|D248P|42473636|20692006| |TF|0|0|0|0|0|0|0|0|0|0|0|0|0
S|D200P|42311989|20884000|PRT|AF|1|24800|1600|20000|0|0|0|0|0|1|0|0|0
S|D188P|42293903|20955069|PRT|AF|1|20000|1600|18800|0|0|0|0|0|0|0|0|0
S|SARAX|42096944|20895556|PRT|CF|0|18800|2810|18790|1200|250|0|0|0|0|0|0|0

P|UDVA1A|17|UDVAR|0|4
S|PR502|42516472|21041594|PRT|CF|0|17100|230|16860|410|0|0|0|0|1|0|0|0
S|PR408|42648147|21184731| |DF|1|0|0|0|0|0|0|0|0|0|0|0|0
S|PR530|42851411|21122378| |TF|0|0|0|0|0|0|0|0|0|0|0|0|0
S|UDVAR|43115833|21040556| |TF|0|0|0|0|0|0|0|0|0|0|0|0|0

P|UDVA1B|17|UDVAR|0|4
S| |91000000|181000000|PRT|VD|0|17100|0|0|230|0|0|0|0|0|0|0|0
S| |91000000|181000000| |CI|1|32500|0|0|0|250|0|0|0|0|0|0|0
S|D355J|42720578|21037264|PRT|CF|0|35500|1000|35540|500|0|1|7000|0|0|0|0|0
S|UDVAR|43115833|21040556| |TF|0|0|0|0|0|0|0|0|0|0|0|0|0

P|UDVA1C|17|UDVAR|0|3
S| |91000000|181000000|PRT|VD|0|17100|0|0|400|0|0|0|0|0|0|0|0
S| |91000000|181000000| |CI|1|32500|0|0|0|250|0|0|0|0|0|0|0
S|UDVAR|43115833|21040556|PRT|CF|0|35500|3370|35540|3100|0|0|0|0|0|0|0|0

P|UDVA1D|35|UDVAR|0|4
S|PR602|42626897|21030375|PRT|CF|0|35100|440|35180|410|0|0|0|0|1|0|0|0
S|PR604|42748553|21032775| |DF|0|0|0|0|0|250|0|0|0|0|0|0|0
S|PR606|42926914|21036581| |TF|0|0|0|0|0|0|0|0|0|0|0|0|0
S|UDVAR|43115833|21040556| |TF|0|0|0|0|0|0|0|0|0|0|0|0|0

P|UDVA1E|35|UDVAR|0|2
S| |91000000|181000000|PRT|VD|0|35100|0|0|440|0|0|0|0|0|0|0|0
S|UDVAR|43115833|21040556|PRT|CF|0|35500|3370|35540|2930|0|0|0|0|0|0|0|0

P|UDVA1F|35|UDVAR|0|2
S| |91000000|181000000|PRT|VD|0|35100|0|0|600|0|0|0|0|0|0|0|0
S|UDVAR|43115833|21040556|PRT|CF|0|35500|3370|35540|2800|0|0|0|0|0|0|0|0

