P|KAVTU2|30|DULKO|0|3
S|AGDIG|49361300|-124990922| |DF|0|0|0|0|0|0|0|0|0|0|0|0|0
S|KAVTU|49514944|-125213197| |TF|0|0|0|0|0|0|0|0|0|0|0|0|0
S|DULKO|49650106|-125069394| |TF|0|0|0|0|0|210|0|0|0|0|0|0|0

P|TUKES2|12|FOCHE|0|4
S|TUKES|49251622|-124824008| |DF|0|0|0|0|0|210|0|0|0|1|0|0|0
S|TUKES|49251622|-124824008| |IF|0|0|0|0|0|210|0|0|0|0|0|0|0
S|KIXAB|49216497|-124770789| |TF|0|0|0|0|0|210|0|0|0|0|0|0|0
S|FOCHE|49064050|-124796483| |TF|0|0|0|0|0|0|1|9000|0|0|0|0|0

P|TUKES2|12|IKNOS|0|3
S|TUKES|49251622|-124824008| |DF|0|0|0|0|0|210|0|0|0|1|0|0|0
S|TUKES|49251622|-124824008| |IF|0|0|0|0|0|210|0|0|0|0|0|0|0
S|IKNOS|49443925|-124526406| |TF|0|0|0|0|0|0|1|8000|0|0|0|0|0

