P|DELTS1|21|ACHES|0|4
S|HALSA|37376317|-105490067|TDD|CF|0|20800|35350|21120|700|0|0|0|0|0|0|0|0
S|DELTS|37317700|-105545561| |TF|0|0|0|0|0|0|0|0|0|1|0|0|0
S|DELTS|37317700|-105545561| |IF|0|0|0|0|0|0|0|0|0|0|0|0|0
S|ACHES|37435883|-105433556| |DF|2|0|0|0|0|0|1|14000|0|0|0|0|0

P|DELTS1|21|ALS|0|4
S|HALSA|37376317|-105490067|TDD|CF|0|20800|35350|21120|700|0|0|0|0|0|0|0|0
S|DELTS|37317700|-105545561| |TF|0|0|0|0|0|0|0|0|0|1|0|0|0
S|DELTS|37317700|-105545561| |IF|0|0|0|0|0|0|0|0|0|0|0|0|0
S|ALS|37349158|-105815533| |DF|0|0|0|0|0|250|0|0|0|0|0|0|0

