P|GABET1|02|GABET|0|4
S| |91000000|181000000| |VA|0|2000|0|0|0|0|1|2900|0|0|0|0|0
S|OVUTO|53385411|-113506731| |DF|0|0|0|0|0|0|0|0|0|1|0|0|0
S|GABET|53466569|-113411419| |TF|0|0|0|0|0|0|0|0|0|0|0|0|0
S|GABET|53466569|-113411419|YYC|FM|0|2000|14230|35180|0|0|0|0|0|0|0|0|0

P|HAMPO2|20|HAMPO|0|4
S| |91000000|181000000| |VA|0|20000|0|0|0|0|1|2900|0|0|0|0|0
S|OBMOX|53254064|-113660019| |DF|0|0|0|0|0|0|0|0|0|1|0|0|0
S|HAMPO|53165031|-113763261| |TF|0|0|0|0|0|0|0|0|0|0|0|0|0
S|HAMPO|53165031|-113763261|YYC|FM|0|20000|12320|34700|0|0|0|0|0|0|0|0|0

P|JEVON1|12|JEVON|0|4
S| |91000000|181000000| |VA|0|12000|0|0|0|0|1|2900|0|0|0|0|0
S|KEKBI|53239375|-113484033| |DF|0|0|0|0|0|0|0|0|0|1|0|0|0
S|JEVON|53163958|-113358789| |TF|0|0|0|0|0|0|0|0|0|0|0|0|0
S|JEVON|53163958|-113358789|YYC|FM|0|12000|12460|35370|0|0|0|0|0|0|0|0|0

P|MIPOT1|30|MIPOT|0|4
S| |91000000|181000000| |VA|0|30000|0|0|0|0|1|2900|0|0|0|0|0
S|OMVOL|53353172|-113674281| |DF|0|0|0|0|0|0|0|0|0|1|0|0|0
S|MIPOT|53429431|-113802622| |TF|0|0|0|0|0|0|0|0|0|0|0|0|0
S|MIPOT|53429431|-113802622|YYC|FM|0|30000|13910|34620|0|0|0|0|0|0|0|0|0

