P|CYQB6|06| |0|2
S| |91000000|181000000| |VA|0|6100|0|0|0|0|1|650|0|0|0|0|0
S| |91000000|181000000| |VM|0|6100|0|0|0|0|0|0|0|0|0|0|0

P|CYQB6|11| |0|2
S| |91000000|181000000| |VA|0|11400|0|0|0|0|1|650|0|0|0|0|0
S| |91000000|181000000| |VM|0|11400|0|0|0|0|0|0|0|0|0|0|0

P|GOXEV2|24|FLEUR|0|4
S|GOXEV|46699417|-71525450| |DF|0|0|0|0|0|0|0|0|0|0|0|0|0
S|GOXEV|46699417|-71525450| |IF|0|0|0|0|0|0|0|0|0|0|0|0|0
S|VIXUV|46480142|-71203961| |TF|0|0|0|0|0|0|0|0|0|0|0|0|0
S|FLEUR|46988333|-70462778| |TF|0|0|0|0|0|0|0|0|0|0|0|0|0

P|GOXEV2|24|IKMIK|0|3
S|GOXEV|46699417|-71525450| |DF|0|0|0|0|0|0|0|0|0|0|0|0|0
S|GOXEV|46699417|-71525450| |IF|0|0|0|0|0|0|0|0|0|0|0|0|0
S|IKMIK|46308333|-71670000| |TF|0|0|0|0|0|0|0|0|0|0|0|0|0

P|GOXEV2|24|OLAVO|0|3
S|GOXEV|46699417|-71525450| |DF|0|0|0|0|0|0|0|0|0|0|0|0|0
S|GOXEV|46699417|-71525450| |IF|0|0|0|0|0|0|0|0|0|0|0|0|0
S|OLAVO|47040464|-72167208| |TF|0|0|0|0|0|0|0|0|0|0|0|0|0

P|NORDK4|29| |0|2
S| |91000000|181000000| |VA|0|29400|0|0|0|0|1|640|0|0|0|0|0
S| |91000000|181000000| |VM|0|27300|0|0|0|0|0|0|0|0|0|0|0

P|SEBIP2|06|APGEV|0|3
S|SEBIP|46882822|-71261450| |DF|0|0|0|0|0|0|0|0|0|0|0|0|0
S|SEBIP|46882822|-71261450| |IF|0|0|0|0|0|0|0|0|0|0|0|0|0
S|APGEV|47210175|-71170700| |TF|0|0|0|0|0|0|0|0|0|0|0|0|0

P|SEBIP2|06|FLEUR|0|3
S|SEBIP|46882822|-71261450| |DF|0|0|0|0|0|0|0|0|0|0|0|0|0
S|SEBIP|46882822|-71261450| |IF|0|0|0|0|0|0|0|0|0|0|0|0|0
S|FLEUR|46988333|-70462778| |TF|0|0|0|0|0|0|0|0|0|0|0|0|0

P|SEBIP2|06|IKMIK|0|4
S|SEBIP|46882822|-71261450| |DF|0|0|0|0|0|0|0|0|0|0|0|0|0
S|SEBIP|46882822|-71261450| |IF|0|0|0|0|0|0|0|0|0|0|0|0|0
S|OBRIR|46760664|-71082456| |TF|0|0|0|0|0|230|0|0|0|0|0|0|0
S|IKMIK|46308333|-71670000| |TF|0|0|0|0|0|0|0|0|0|0|0|0|0

P|TILAC2|29|FLEUR|0|6
S|TILAC|46792181|-71436578| |DF|0|0|0|0|0|0|0|0|0|1|0|0|0
S|XUBUN|46701086|-71653831| |DF|0|0|0|0|0|220|0|0|0|0|0|0|0
S|XUBUN|46701086|-71653831| |IF|0|0|0|0|0|220|0|0|0|0|0|0|0
S|UKPOB|46544683|-71515203| |TF|0|0|0|0|0|0|0|0|0|0|0|0|0
S|VIXUV|46480142|-71203961| |TF|0|0|0|0|0|0|0|0|0|0|0|0|0
S|FLEUR|46988333|-70462778| |TF|0|0|0|0|0|0|0|0|0|0|0|0|0

P|TILAC2|29|IKMIK|0|4
S|TILAC|46792181|-71436578| |DF|0|0|0|0|0|0|0|0|0|1|0|0|0
S|XUBUN|46701086|-71653831| |DF|0|0|0|0|0|220|0|0|0|0|0|0|0
S|XUBUN|46701086|-71653831| |IF|0|0|0|0|0|220|0|0|0|0|0|0|0
S|IKMIK|46308333|-71670000| |TF|0|0|0|0|0|0|0|0|0|0|0|0|0

P|TILAC2|29|OLAVO|0|4
S|TILAC|46792181|-71436578| |DF|0|0|0|0|0|0|0|0|0|1|0|0|0
S|XUBUN|46701086|-71653831| |DF|0|0|0|0|0|220|0|0|0|0|0|0|0
S|XUBUN|46701086|-71653831| |IF|0|0|0|0|0|220|0|0|0|0|0|0|0
S|OLAVO|47040464|-72167208| |TF|0|0|0|0|0|0|0|0|0|0|0|0|0

