P|VALIN3|12| |0|2
S| |91000000|181000000| |VA|0|12200|0|0|0|0|1|950|0|0|0|0|0
S| |91000000|181000000| |VM|0|12200|0|0|0|0|0|0|0|0|0|0|0

P|VALIN3|18| |0|2
S| |91000000|181000000| |VA|0|18200|0|0|0|0|1|950|0|0|0|0|0
S| |91000000|181000000| |VM|0|18200|0|0|0|0|0|0|0|0|0|0|0

P|VALIN3|24| |0|2
S| |91000000|181000000| |VA|0|24200|0|0|0|0|1|950|0|0|0|0|0
S| |91000000|181000000| |VM|0|24200|0|0|0|0|0|0|0|0|0|0|0

P|VALIN3|30| |0|2
S| |91000000|181000000| |VA|0|30200|0|0|0|0|1|950|0|0|0|0|0
S| |91000000|181000000| |VM|0|30200|0|0|0|0|0|0|0|0|0|0|0

P|VALIN3|36| |0|2
S| |91000000|181000000| |VA|0|200|0|0|0|0|1|950|0|0|0|0|0
S| |91000000|181000000| |VM|0|200|0|0|0|0|0|0|0|0|0|0|0

