P|DUXUS1|18|PEPKA|0|4
S|AVOTU|49870500|-97247575| |DF|0|0|0|0|0|0|0|0|0|1|0|0|0
S|DUXUS|49828333|-97243000| |TF|0|0|0|0|0|0|0|0|0|1|0|0|0
S|PEPKA|49728744|-97230736| |TF|0|0|0|0|0|0|0|0|0|0|0|0|0
S|PEPKA|49728744|-97230736|YTH|FM|0|17200|36610|17340|0|0|0|0|0|0|0|0|0

P|GRZLY5|13| |0|2
S| |91000000|181000000| |VA|0|13500|0|0|0|0|1|1190|0|0|0|0|0
S| |91000000|181000000| |VM|0|13500|0|0|0|0|0|0|0|0|0|0|0

P|GRZLY5|18| |0|2
S|D182B|49870253|-97246856| |DF|0|0|0|0|0|0|0|0|0|0|0|0|0
S| |91000000|181000000| |VM|0|17200|0|0|0|0|0|0|0|0|0|0|0

P|GRZLY5|31| |0|2
S| |91000000|181000000| |VA|0|31500|0|0|0|0|1|1190|0|0|0|0|0
S| |91000000|181000000| |VM|0|31500|0|0|0|0|0|0|0|0|0|0|0

P|KARIS3|36|KARIS|0|4
S| |91000000|181000000| |VA|0|500|0|0|0|0|1|1300|0|0|0|0|0
S|GABAX|49967567|-97225072| |DF|0|0|0|0|0|0|0|0|0|1|0|0|0
S|KARIS|50095342|-97195311| |TF|0|0|0|0|0|0|0|0|0|0|0|0|0
S|KARIS|50095342|-97195311|YTH|FM|0|500|34420|17290|0|0|0|0|0|0|0|0|0

P|MUSIB1|13|MUSIB|0|4
S| |91000000|181000000| |VA|0|13500|0|0|0|0|1|1300|0|0|0|0|0
S|IKNOK|49849817|-97165853| |DF|0|0|0|0|0|0|0|0|0|1|0|0|0
S|MUSIB|49776567|-97066042| |TF|0|0|0|0|0|0|0|0|0|0|0|0|0
S|MUSIB|49776567|-97066042|YTH|FM|0|13500|36370|17230|0|0|0|0|0|0|0|0|0

P|STONY4|36| |0|2
S| |91000000|181000000| |VA|0|500|0|0|0|0|1|1300|0|0|0|0|0
S| |91000000|181000000| |VM|0|36000|0|0|0|0|0|0|0|0|0|0|0

P|VOGIG2|31|VOGIG|0|4
S| |91000000|181000000| |VA|0|31500|0|0|0|0|1|1300|0|0|0|0|0
S|EBKEL|49957714|-97313644| |DF|0|0|0|0|0|0|0|0|0|1|0|0|0
S|VOGIG|50025147|-97406478| |TF|0|0|0|0|0|0|0|0|0|0|0|0|0
S|VOGIG|50025147|-97406478|YTH|FM|0|31500|34800|17430|0|0|0|0|0|0|0|0|0

P|WLLYE3|36| |0|2
S| |91000000|181000000| |VA|0|500|0|0|0|0|1|1190|0|0|0|0|0
S| |91000000|181000000| |VM|0|500|0|0|0|0|0|0|0|0|0|0|0

P|YWG3|13| |0|2
S| |91000000|181000000| |VA|0|13500|0|0|0|0|1|1190|0|0|0|0|0
S| |91000000|181000000| |VM|0|13500|0|0|0|0|0|0|0|0|0|0|0

P|YWG3|18| |0|2
S| |91000000|181000000| |VA|0|18500|0|0|0|0|1|1190|0|0|0|0|0
S| |91000000|181000000| |VM|0|18500|0|0|0|0|0|0|0|0|0|0|0

P|YWG3|31| |0|2
S| |91000000|181000000| |VA|0|31500|0|0|0|0|1|1190|0|0|0|0|0
S| |91000000|181000000| |VM|0|31500|0|0|0|0|0|0|0|0|0|0|0

