P|BEXUD1|16|BEXUD|0|3
S| |91000000|181000000| |VA|0|16500|0|0|0|0|1|1700|0|0|0|0|0
S|WYLDS|49255428|-119523564| |DF|0|0|0|0|0|0|0|0|0|0|0|0|0
S|BEXUD|49153814|-119569039| |TF|0|0|0|0|0|0|0|0|0|1|0|0|0

P|MOBUD1|34|EBKUS|0|5
S|WIDUK|49528367|-119599767| |DF|0|0|0|0|0|0|0|0|0|0|0|0|0
S|MOBUD|49589936|-119597414| |TF|0|0|0|0|0|0|0|0|0|0|0|0|0
S|MOBUD|49589936|-119597414| |IF|0|0|0|0|0|0|0|0|0|0|0|0|0
S|NAGIG|49706458|-119592942| |TF|0|0|0|0|0|0|0|0|0|0|0|0|0
S|EBKUS|49702917|-119385486| |TF|2|0|0|0|0|0|0|0|0|0|0|0|0

P|MOBUD1|34|GOVEV|0|6
S|WIDUK|49528367|-119599767| |DF|0|0|0|0|0|0|0|0|0|0|0|0|0
S|MOBUD|49589936|-119597414| |TF|0|0|0|0|0|0|0|0|0|0|0|0|0
S|MOBUD|49589936|-119597414| |IF|0|0|0|0|0|0|0|0|0|0|0|0|0
S|DEMDU|49651042|-119661797| |TF|0|0|0|0|0|0|0|0|0|0|0|0|0
S|WEBEL|49670022|-119819478| |TF|0|0|0|0|0|0|0|0|0|0|0|0|0
S|GOVEV|49645989|-120035539| |TF|0|0|0|0|0|0|0|0|0|0|0|0|0

