P|ALTAG3|15|ALTAG|0|2
S| |91000000|181000000| |VA|0|14800|0|0|0|0|1|3700|0|0|0|0|0
S|ALTAG|51885408|-121739806| |DF|2|0|0|0|0|0|0|0|0|0|0|0|0

P|ALTAG3|33|ALTAG|0|2
S| |91000000|181000000| |VA|0|32800|0|0|0|0|1|3600|0|0|0|0|0
S|ALTAG|51885408|-121739806| |DF|0|0|0|0|0|0|0|0|0|0|0|0|0

P|MIBTI3|15|MIBTI|0|2
S|DEMDI|51680836|-121309125| |DF|0|0|0|0|0|0|0|0|0|0|0|0|0
S|MIBTI|51443306|-121212500| |TF|0|0|0|0|0|0|0|0|0|0|0|0|0

P|MIBTI3|33|MIBTI|0|2
S| |91000000|181000000| |VA|0|32800|0|0|0|0|1|3600|0|0|0|0|0
S|MIBTI|51443306|-121212500| |DF|1|0|0|0|0|0|0|0|0|0|0|0|0

