P|ABGO1C|09|ABGOL|0|3
S| |91000000|181000000| |CA|0|8800|0|0|0|0|1|500|0|0|0|0|0
S| |91000000|181000000| |CI|2|19000|0|0|0|0|0|0|0|0|0|0|0
S|ABGOL|35917222|10501667|NBA|CF|0|15800|990|15800|500|0|0|0|0|0|0|0|0

P|ABGO1D|27|ABGOL|0|4
S|DER27|36075814|10420286| |DF|0|0|0|0|0|0|0|0|0|1|0|0|0
S| |91000000|181000000| |CA|0|26800|0|0|0|0|1|500|0|0|0|0|0
S|NBA|36073944|10435250|NBA|CF|2|18800|0|0|200|210|0|3000|0|0|0|0|0
S|ABGOL|35917222|10501667| |TF|0|0|0|0|0|0|0|0|0|0|0|0|0

P|LOBN1C|09|LOBNA|0|4
S| |91000000|181000000| |CA|0|8800|0|0|0|210|1|500|0|0|0|0|0
S| |91000000|181000000|NBA|CR|1|23400|0|32800|0|0|1|3000|0|0|0|0|0
S| |91000000|181000000| |CI|0|23400|0|0|0|0|0|0|0|0|0|0|0
S|LOBNA|36152778|10139722|NBA|CF|0|28500|1510|28530|1200|0|0|0|0|0|0|0|0

P|LOBN1D|27|LOBNA|0|2
S| |91000000|181000000| |CA|0|26800|0|0|0|0|1|500|0|0|0|0|0
S|LOBNA|36152778|10139722|NBA|CF|0|28500|1510|28530|1400|0|0|0|0|0|0|0|0

P|NAVE1C|09|NAVED|0|3
S| |91000000|181000000| |CA|0|8800|0|0|0|0|1|500|0|0|0|0|0
S|NBA|36073944|10435250| |DF|1|0|0|0|0|210|1|3000|0|0|0|0|0
S|NAVED|35676389|10078889| |TF|0|0|0|0|0|0|0|0|0|0|0|0|0

P|NAVE1D|27|NAVED|0|3
S| |91000000|181000000| |CA|0|26800|0|0|0|0|1|500|0|0|0|0|0
S| |91000000|181000000| |CI|0|18900|0|0|0|0|0|0|0|0|0|0|0
S|NAVED|35676389|10078889|NBA|CF|0|21300|2950|21320|2600|0|0|0|0|0|0|0|0

P|SORA1C|09|SORAB|0|2
S| |91000000|181000000| |CA|0|8800|0|0|0|0|1|500|0|0|0|0|0
S|SORAB|36046111|11338333|NBA|CF|0|9000|4400|8890|4200|0|0|0|0|0|0|0|0

P|SORA1D|27|SORAB|0|4
S| |91000000|181000000| |CA|0|26800|0|0|0|210|1|500|0|0|0|0|0
S| |91000000|181000000|NBA|CR|2|13600|0|2800|0|0|1|3000|0|0|0|0|0
S| |91000000|181000000| |CI|0|13600|0|0|0|0|0|0|0|0|0|0|0
S|SORAB|36046111|11338333|NBA|CF|0|9000|4400|8890|4100|0|0|0|0|0|0|0|0

P|VAXA1C|09|VAXAL|0|3
S| |91000000|181000000| |CA|0|8800|0|0|0|210|1|500|0|0|0|0|0
S| |91000000|181000000| |CI|1|33600|0|0|0|0|0|0|0|0|0|0|0
S|VAXAL|36284722|10500000|NBA|CF|0|1100|1300|1100|700|0|0|0|0|0|0|0|0

P|VAXA1D|27|VAXAL|0|3
S| |91000000|181000000| |CA|0|26800|0|0|0|210|1|500|0|0|0|0|0
S| |91000000|181000000| |CI|2|5700|0|0|0|0|0|0|0|0|0|0|0
S|VAXAL|36284722|10500000|NBA|CF|0|1100|1300|1100|900|0|0|0|0|0|0|0|0

