P|CIV6Y|24|CIV|0|3
S| |91000000|181000000| |CA|0|24300|0|0|0|0|1|1100|0|0|0|0|0
S|CI009|50403906|4257925|GOS|CF|0|24400|940|24530|700|0|0|0|0|0|0|0|0
S|CIV|50573889|3832778| |TF|0|0|0|0|0|0|0|0|0|0|0|0|0

P|CIV7X|06|CIV|0|4
S|DER06|50466550|4475889| |DF|0|0|0|0|0|0|0|0|0|1|0|0|0
S| |91000000|181000000| |CA|0|6300|0|0|0|0|1|1100|0|0|0|0|0
S|CI105|50525281|4585247|GOS|CF|0|5000|530|4760|500|0|0|0|0|1|0|0|0
S|CIV|50573889|3832778| |DF|1|0|0|0|0|0|0|0|0|0|0|0|0

P|LNO1Y|24|LNO|0|6
S| |91000000|181000000| |CA|0|24300|0|0|0|0|1|1100|0|0|0|0|0
S|CI001|50395767|4229681|GOS|CF|0|24400|1060|24520|800|0|0|0|0|0|0|0|0
S|CI002|50480542|4169542| |TF|0|0|0|0|0|0|0|0|0|0|0|0|0
S|CI003|50639619|4307642| |TF|0|0|0|0|0|0|0|0|0|0|0|0|0
S|CI005|50745389|4673058| |TF|0|0|0|0|0|0|0|0|0|0|0|0|0
S|LNO|50585833|5710278| |TF|0|0|0|0|0|0|0|0|0|0|0|0|0

P|LNO6U|24|LNO|0|5
S| |91000000|181000000| |CA|0|24300|0|0|0|0|1|1100|0|0|0|0|0
S|CI001|50395767|4229681|GOS|CF|0|24400|1060|24520|800|220|0|0|0|0|0|0|0
S|CI006|50323553|4324664| |TF|1|0|0|0|0|220|1|6500|0|0|0|0|0
S|ASPIX|50485361|5416583| |TF|0|0|0|0|0|0|0|0|0|0|0|0|0
S|LNO|50585833|5710278| |TF|0|0|0|0|0|0|0|0|0|0|0|0|0

P|LNO9X|06|LNO|0|5
S|DER06|50466550|4475889| |DF|0|0|0|0|0|0|0|0|0|1|0|0|0
S| |91000000|181000000| |CA|0|6300|0|0|0|0|1|1100|0|0|0|0|0
S|CI105|50525281|4585247|GOS|CF|0|5000|530|4760|500|0|0|0|0|0|0|0|0
S|CI102|50703969|4948972| |TF|0|0|0|0|0|0|0|0|0|0|0|0|0
S|LNO|50585833|5710278| |TF|0|0|0|0|0|0|0|0|0|0|0|0|0

P|MEDI6Y|24|MEDIL|0|3
S| |91000000|181000000| |CA|0|24300|0|0|0|0|1|1100|0|0|0|0|0
S|CI001|50395767|4229681|GOS|CF|0|24400|1060|24520|800|0|1|5000|0|0|0|0|0
S|MEDIL|50342139|3674972| |TF|0|0|0|0|0|0|0|0|0|0|0|0|0

P|RITA1Y|24|RITAX|0|7
S| |91000000|181000000| |CA|0|24300|0|0|0|0|1|1100|0|0|0|0|0
S|CI001|50395767|4229681|GOS|CF|0|24400|1060|24520|800|0|0|0|0|0|0|0|0
S|CI002|50480542|4169542| |TF|0|0|0|0|0|0|0|0|0|0|0|0|0
S|CI003|50639619|4307642| |TF|0|0|0|0|0|0|0|0|0|0|0|0|0
S|CI004|50722603|4593861| |TF|0|0|0|0|0|0|0|0|0|0|0|0|0
S|CI011|50661872|4900381| |TF|0|0|0|0|0|0|0|0|0|0|0|0|0
S|RITAX|50077778|5806944| |TF|0|0|0|0|0|0|0|0|0|0|0|0|0

P|RITA6U|24|RITAX|0|5
S| |91000000|181000000| |CA|0|24300|0|0|0|0|1|1100|0|0|0|0|0
S|CI001|50395767|4229681|GOS|CF|0|24400|1060|24520|800|220|0|0|0|0|0|0|0
S|CI006|50323553|4324664| |TF|1|0|0|0|0|220|1|6500|0|0|0|0|0
S|CI007|50457153|5220647| |TF|0|0|0|0|0|0|0|0|0|0|0|0|0
S|RITAX|50077778|5806944| |TF|0|0|0|0|0|0|0|0|0|0|0|0|0

P|RITA9X|06|RITAX|0|5
S|DER06|50466550|4475889| |DF|0|0|0|0|0|0|0|0|0|1|0|0|0
S| |91000000|181000000| |CA|0|6300|0|0|0|0|1|1100|0|0|0|0|0
S|CI105|50525281|4585247|GOS|CF|0|5000|530|4760|500|0|0|0|0|0|0|0|0
S|CI101|50672256|4884011| |TF|0|0|0|0|0|0|1|10000|0|0|0|0|0
S|RITAX|50077778|5806944| |TF|0|0|0|0|0|0|0|0|0|0|0|0|0

P|SOPO1X|06|SOPOK|0|7
S|DER06|50466550|4475889| |DF|0|0|0|0|0|0|0|0|0|1|0|0|0
S| |91000000|181000000| |CA|0|6300|0|0|0|0|1|1100|0|0|0|0|0
S|CI105|50525281|4585247|GOS|CF|0|5000|530|4760|500|0|0|0|0|0|0|0|0
S|CI103|50667197|4873700| |TF|0|0|0|0|0|0|0|0|0|0|0|0|0
S|BULUX|50592778|5251278| |TF|0|0|0|0|0|0|0|0|0|0|0|0|0
S| |91000000|181000000| |CA|0|10500|0|0|0|0|1|17000|0|0|0|0|0
S|SOPOK|50252778|5773889| |DF|0|0|0|0|0|0|1|24000|0|0|0|0|0

P|SOPO2Y|24|SOPOK|0|8
S| |91000000|181000000| |CA|0|24300|0|0|0|0|1|1100|0|0|0|0|0
S|CI001|50395767|4229681|GOS|CF|0|24400|1060|24520|800|0|0|0|0|0|0|0|0
S|CI002|50480542|4169542| |TF|0|0|0|0|0|0|0|0|0|0|0|0|0
S|CI003|50639619|4307642| |TF|0|0|0|0|0|0|0|0|0|0|0|0|0
S|CI004|50722603|4593861| |TF|0|0|0|0|0|0|0|0|0|0|0|0|0
S|BULUX|50592778|5251278| |TF|0|0|0|0|0|0|0|0|0|0|0|0|0
S| |91000000|181000000| |CA|0|10500|0|0|0|0|1|17000|0|0|0|0|0
S|SOPOK|50252778|5773889| |DF|0|0|0|0|0|0|1|24000|0|0|0|0|0

P|SOPO6U|24|SOPOK|0|5
S| |91000000|181000000| |CA|0|24300|0|0|0|0|1|1100|0|0|0|0|0
S|CI001|50395767|4229681|GOS|CF|0|24400|1060|24520|800|220|0|0|0|0|0|0|0
S|CI006|50323553|4324664| |TF|1|0|0|0|0|220|1|6500|0|0|0|0|0
S|ASPIX|50485361|5416583| |TF|0|0|0|0|0|0|0|0|0|0|0|0|0
S|SOPOK|50252778|5773889| |TF|0|0|0|0|0|0|1|24000|0|0|0|0|0

P|SPI1Y|24|SPI|0|6
S| |91000000|181000000| |CA|0|24300|0|0|0|0|1|1100|0|0|0|0|0
S|CI001|50395767|4229681|GOS|CF|0|24400|1060|24520|800|0|0|0|0|0|0|0|0
S|CI002|50480542|4169542| |TF|0|0|0|0|0|0|0|0|0|0|0|0|0
S|CI003|50639619|4307642| |TF|0|0|0|0|0|0|0|0|0|0|0|0|0
S|CI004|50722603|4593861| |TF|0|0|0|0|0|0|0|0|0|0|0|0|0
S|SPI|50514722|5623611| |TF|0|0|0|0|0|0|0|0|0|0|0|0|0

P|SPI6U|24|SPI|0|4
S| |91000000|181000000| |CA|0|24300|0|0|0|0|1|1100|0|0|0|0|0
S|CI001|50395767|4229681|GOS|CF|0|24400|1060|24520|800|220|0|0|0|0|0|0|0
S|CI006|50323553|4324664| |TF|1|0|0|0|0|220|1|6500|0|0|0|0|0
S|SPI|50514722|5623611| |TF|0|0|0|0|0|0|0|0|0|0|0|0|0

P|SPI9X|06|SPI|0|5
S|DER06|50466550|4475889| |DF|0|0|0|0|0|0|0|0|0|1|0|0|0
S| |91000000|181000000| |CA|0|6300|0|0|0|0|1|1100|0|0|0|0|0
S|CI105|50525281|4585247|GOS|CF|0|5000|530|4760|500|0|0|0|0|0|0|0|0
S|CI103|50667197|4873700| |TF|0|0|0|0|0|0|0|0|0|0|0|0|0
S|SPI|50514722|5623611| |TF|0|0|0|0|0|0|0|0|0|0|0|0|0

