P|BIGT1U|09|BIGTI|0|5
S| |91000000|181000000| |CA|0|8500|0|0|0|0|1|700|0|0|0|0|0
S|BN300|53603631|13379303| |DF|0|0|0|0|0|0|0|0|0|1|0|0|0
S|BN305|53529244|13403278| |DF|2|0|0|0|0|0|0|0|0|0|0|0|0
S|BN306|53500814|13269964| |TF|0|0|0|0|0|0|0|0|0|0|0|0|0
S|BIGTI|53530000|12896667| |TF|0|0|0|0|0|0|0|0|0|0|0|0|0

P|BIGT1X|27|BIGTI|0|3
S| |91000000|181000000| |CA|0|26500|0|0|0|0|1|700|0|0|0|0|0
S|BN706|53599636|13176892| |DF|0|0|0|0|0|0|0|0|0|0|0|0|0
S|BIGTI|53530000|12896667| |TF|0|0|0|0|0|0|0|4000|0|0|0|0|0

P|GEVN1U|09|GEVNI|0|4
S| |91000000|181000000| |CA|0|8500|0|0|0|0|1|700|0|0|0|0|0
S|BN300|53603631|13379303| |DF|0|0|0|0|0|0|0|0|0|1|0|0|0
S|BN307|53634642|13440592| |DF|0|0|0|0|0|0|0|0|0|0|0|0|0
S|GEVNI|53761978|13481522| |TF|0|0|0|0|0|0|0|4000|0|0|0|0|0

P|GEVN1X|27|GEVNI|0|5
S| |91000000|181000000| |CA|0|26500|0|0|0|0|1|700|0|0|0|0|0
S|BN700|53600775|13232819| |DF|0|0|0|0|0|0|0|0|0|1|0|0|0
S|BN701|53646128|13166144| |DF|0|0|0|0|0|0|0|0|0|0|0|0|0
S|BN702|53731742|13191253| |TF|0|0|0|0|0|0|0|0|0|0|0|0|0
S|GEVNI|53761978|13481522| |TF|0|0|0|0|0|0|0|0|0|0|0|0|0

P|LEGS1U|09|LEGSA|0|5
S| |91000000|181000000| |CA|0|8500|0|0|0|0|1|700|0|0|0|0|0
S|BN300|53603631|13379303| |DF|0|0|0|0|0|0|0|0|0|1|0|0|0
S|BN302|53669406|13422333| |DF|1|0|0|0|0|0|0|0|0|0|0|0|0
S|BN303|53759203|13265467| |TF|0|0|0|0|0|0|0|0|0|0|0|0|0
S|LEGSA|53753325|12789622| |TF|0|0|0|0|0|0|0|0|0|0|0|0|0

P|LEGS1X|27|LEGSA|0|4
S| |91000000|181000000| |CA|0|26500|0|0|0|0|1|700|0|0|0|0|0
S|BN706|53599636|13176892| |DF|0|0|0|0|0|0|0|0|0|0|0|0|0
S|BN705|53685639|13035106| |TF|0|0|0|0|0|0|0|0|0|0|0|0|0
S|LEGSA|53753325|12789622| |TF|0|0|0|0|0|0|0|0|0|0|0|0|0

P|TIRM1U|09|TIRMI|0|3
S| |91000000|181000000| |CA|0|8500|0|0|0|0|1|700|0|0|0|0|0
S|BN304|53606197|13519156| |DF|0|0|0|0|0|0|0|0|0|0|0|0|0
S|TIRMI|53527933|13597131| |TF|0|0|0|0|0|0|0|4000|0|0|0|0|0

P|TIRM1X|27|TIRMI|0|6
S| |91000000|181000000| |CA|0|26500|0|0|0|0|1|700|0|0|0|0|0
S|BN706|53599636|13176892| |DF|0|0|0|0|0|0|0|0|0|1|0|0|0
S|BN707|53540189|13133461| |DF|1|0|0|0|0|0|0|0|0|0|0|0|0
S|BN708|53494589|13200592| |TF|0|0|0|0|0|0|0|0|0|0|0|0|0
S|BN709|53520325|13372381| |TF|0|0|0|0|0|0|0|0|0|0|0|0|0
S|TIRMI|53527933|13597131| |TF|0|0|0|0|0|0|0|0|0|0|0|0|0

