P|DRN1L|26L|DRN|0|4
S|DESAN|51398483|11932081|DRN|CF|0|26200|6700|28770|1100|0|0|0|0|0|0|0|0
S|DP551|51254369|11798747| |TF|0|0|0|0|0|0|0|0|0|0|0|0|0
S|DP552|51013458|12262444| |TF|0|0|0|0|0|0|0|0|0|0|0|0|0
S|DRN|51015547|13598889| |TF|0|0|0|0|0|0|0|0|0|0|0|0|0

P|DRN2E|08R|DRN|0|3
S|DP545|51428039|12566561|MAG|CF|0|8200|4460|13650|1200|0|0|0|0|0|0|0|0
S|TORPU|51170789|13210525| |TF|0|0|0|0|0|0|0|0|0|0|0|0|0
S|DRN|51015547|13598889| |TF|0|0|0|0|0|0|0|0|0|0|0|0|0

P|DRN2N|26R|DRN|0|4
S|DP517|51418514|11950692|DRN|CF|0|26200|6670|28890|1000|0|0|0|0|0|0|0|0
S|DP551|51254369|11798747| |TF|0|0|0|0|0|0|0|0|0|0|0|0|0
S|DP552|51013458|12262444| |TF|0|0|0|0|0|0|0|0|0|0|0|0|0
S|DRN|51015547|13598889| |TF|0|0|0|0|0|0|0|0|0|0|0|0|0

P|DRN2Q|08L|DRN|0|3
S|DP535|51445222|12522964|MAG|CF|0|8200|4280|13730|1000|0|0|0|0|0|0|0|0
S|TORPU|51170789|13210525| |TF|0|0|0|0|0|0|0|0|0|0|0|0|0
S|DRN|51015547|13598889| |TF|0|0|0|0|0|0|0|0|0|0|0|0|0

P|DRN2S|26L|DRN|0|3
S|DP555|51403811|12041156|MAG|CF|0|26200|3670|16240|700|230|0|0|0|0|0|0|0
S|DP552|51013458|12262444| |TF|1|0|0|0|0|0|0|0|0|0|0|0|0
S|DRN|51015547|13598889| |TF|0|0|0|0|0|0|0|0|0|0|0|0|0

P|EDDP2E|08R| |0|2
S| |91000000|181000000| |VA|0|8200|0|0|0|0|1|2400|0|0|0|0|0
S| |91000000|181000000| |VM|0|8200|0|0|0|0|0|0|0|0|0|0|0

P|EDDP2N|26R| |0|2
S| |91000000|181000000| |VA|0|26200|0|0|0|0|1|2500|0|0|0|0|0
S| |91000000|181000000| |VM|0|26200|0|0|0|0|0|0|0|0|0|0|0

P|EDDP2Q|08L| |0|2
S| |91000000|181000000| |VA|0|8200|0|0|0|0|1|2400|0|0|0|0|0
S| |91000000|181000000| |VM|0|8200|0|0|0|0|0|0|0|0|0|0|0

P|EDDP2S|26L| |0|2
S| |91000000|181000000| |VA|0|26200|0|0|0|0|1|2500|0|0|0|0|0
S| |91000000|181000000| |VM|0|26200|0|0|0|0|0|0|0|0|0|0|0

P|GOLA1K|08R|GOLAT|0|6
S|DP546|51414019|12256247|DRN|CF|0|8200|5600|29280|100|0|0|0|0|1|0|0|0
S| |91000000|181000000| |CA|0|8200|0|0|0|0|1|900|0|0|0|0|0
S|DP547|51362253|12282850| |DF|2|0|0|0|0|210|0|0|0|0|0|0|0
S|DP548|51337453|12219828| |TF|0|0|0|0|0|0|0|0|0|0|0|0|0
S|DP540|51124925|12000419| |TF|0|0|0|0|0|0|0|0|0|0|0|0|0
S|GOLAT|50912189|11938039| |TF|0|0|0|0|0|0|0|0|0|0|0|0|0

P|GOLA2E|08R|GOLAT|0|3
S|DP544|51427175|12546939|MAG|CF|0|8200|4420|13720|1200|0|0|0|0|0|0|0|0
S|AKASO|51141681|12578878| |TF|2|0|0|0|0|0|0|0|0|0|0|0|0
S|GOLAT|50912189|11938039| |TF|0|0|0|0|0|0|0|0|0|0|0|0|0

P|GOLA2N|26R|GOLAT|0|3
S|DP517|51418514|11950692|DRN|CF|0|26200|6670|28890|1000|0|0|0|0|0|0|0|0
S|DP551|51254369|11798747| |TF|0|0|0|0|0|0|0|0|0|0|0|0|0
S|GOLAT|50912189|11938039| |TF|0|0|0|0|0|0|0|0|0|0|0|0|0

P|GOLA2Q|08L|GOLAT|0|3
S|DP536|51446183|12544797|DRN|CF|0|8200|4740|30050|1100|0|0|0|0|0|0|0|0
S|AKASO|51141681|12578878| |TF|2|0|0|0|0|0|0|0|0|0|0|0|0
S|GOLAT|50912189|11938039| |TF|0|0|0|0|0|0|0|0|0|0|0|0|0

P|GOLA2S|26L|GOLAT|0|3
S|DESAN|51398483|11932081|DRN|CF|0|26200|6700|28770|1100|0|0|0|0|0|0|0|0
S|DP551|51254369|11798747| |TF|0|0|0|0|0|0|0|0|0|0|0|0|0
S|GOLAT|50912189|11938039| |TF|0|0|0|0|0|0|0|0|0|0|0|0|0

P|NEVK1K|08R|NEVKO|0|6
S|DP546|51414019|12256247|DRN|CF|0|8200|5600|29280|100|0|0|0|0|1|0|0|0
S| |91000000|181000000| |CA|0|8200|0|0|0|0|1|900|0|0|0|0|0
S|DP547|51362253|12282850| |DF|2|0|0|0|0|210|0|0|0|0|0|0|0
S|DP548|51337453|12219828| |TF|0|0|0|0|0|0|0|0|0|0|0|0|0
S|DP540|51124925|12000419| |TF|0|0|0|0|0|0|0|0|0|0|0|0|0
S|NEVKO|50857547|11307203| |TF|0|0|0|0|0|0|0|0|0|0|0|0|0

P|NEVK2E|08R|NEVKO|0|3
S|DP544|51427175|12546939|MAG|CF|0|8200|4420|13720|1100|0|0|0|0|0|0|0|0
S|AKASO|51141681|12578878| |TF|2|0|0|0|0|0|0|0|0|0|0|0|0
S|NEVKO|50857547|11307203| |TF|0|0|0|0|0|0|0|0|0|0|0|0|0

P|NEVK2N|26R|NEVKO|0|3
S|DP517|51418514|11950692|DRN|CF|0|26200|6670|28890|1000|0|0|0|0|0|0|0|0
S|DP551|51254369|11798747| |TF|0|0|0|0|0|0|0|0|0|0|0|0|0
S|NEVKO|50857547|11307203| |TF|0|0|0|0|0|0|0|0|0|0|0|0|0

P|NEVK2Q|08L|NEVKO|0|3
S|DP536|51446183|12544797|DRN|CF|0|8200|4740|30050|1100|0|0|0|0|0|0|0|0
S|AKASO|51141681|12578878| |TF|2|0|0|0|0|0|0|0|0|0|0|0|0
S|NEVKO|50857547|11307203| |TF|0|0|0|0|0|0|0|0|0|0|0|0|0

P|NEVK2S|26L|NEVKO|0|3
S|DESAN|51398483|11932081|DRN|CF|0|26200|6700|28770|1100|0|0|0|0|0|0|0|0
S|DP551|51254369|11798747| |TF|0|0|0|0|0|0|0|0|0|0|0|0|0
S|NEVKO|50857547|11307203| |TF|0|0|0|0|0|0|0|0|0|0|0|0|0

P|ORTA1X|08L|ORTAG|0|6
S|DP532|51466925|12423942|DRN|CF|0|6800|5190|29890|600|0|0|0|0|0|0|0|0
S|DP549|51566711|12381708| |TF|0|0|0|0|0|0|0|0|0|0|0|0|0
S|DP550|51607581|12191958| |TF|0|0|0|0|0|0|0|0|0|0|0|0|0
S|PENEM|51709178|12088469| |TF|0|0|0|0|0|0|0|0|0|0|0|0|0
S|GIGUB|51667389|11272169| |TF|0|0|0|0|0|0|0|0|0|0|0|0|0
S|ORTAG|51486792|11079797| |TF|0|0|0|0|0|0|0|0|0|0|0|0|0

P|ORTA5E|08R|ORTAG|0|6
S|DP530|51422542|12442664|MAG|CF|0|8200|4210|14160|700|0|0|0|0|0|0|0|0
S|DP549|51566711|12381708| |TF|1|0|0|0|0|0|0|0|0|0|0|0|0
S|DP550|51607581|12191958| |TF|0|0|0|0|0|0|0|0|0|0|0|0|0
S|PENEM|51709178|12088469| |TF|0|0|0|0|0|0|0|0|0|0|0|0|0
S|GIGUB|51667389|11272169| |TF|0|0|0|0|0|0|0|0|0|0|0|0|0
S|ORTAG|51486792|11079797| |TF|0|0|0|0|0|0|0|0|0|0|0|0|0

P|ORTA5N|26R|ORTAG|0|3
S|DP517|51418514|11950692|DRN|CF|0|26200|6670|28890|1000|0|0|0|0|0|0|0|0
S|DP514|51402500|11633858| |TF|0|0|0|0|0|0|0|0|0|0|0|0|0
S|ORTAG|51486792|11079797| |TF|0|0|0|0|0|0|0|0|0|0|0|0|0

P|ORTA5Q|08L|ORTAG|0|5
S| |91000000|181000000| |VA|0|6800|0|0|0|0|1|900|0|0|0|0|0
S|DP550|51607581|12191958|MAG|CF|1|32400|2760|14440|800|210|0|0|0|0|0|0|0
S|PENEM|51709178|12088469| |TF|0|0|0|0|0|0|0|0|0|0|0|0|0
S|GIGUB|51667389|11272169| |TF|0|0|0|0|0|0|0|0|0|0|0|0|0
S|ORTAG|51486792|11079797| |TF|0|0|0|0|0|0|0|0|0|0|0|0|0

P|ORTA5S|26L|ORTAG|0|3
S|DESAN|51398483|11932081|DRN|CF|0|26200|6700|28770|1100|0|0|0|0|0|0|0|0
S|DP525|51388144|11726328| |TF|0|0|0|0|0|0|0|0|0|0|0|0|0
S|ORTAG|51486792|11079797| |TF|0|0|0|0|0|0|0|0|0|0|0|0|0

P|PENE1E|08R|PENEM|0|4
S|DP530|51422542|12442664|MAG|CF|0|8200|4210|14160|700|250|0|0|0|0|0|0|0
S|DP549|51566711|12381708| |TF|1|0|0|0|0|0|0|0|0|0|0|0|0
S|DP550|51607581|12191958| |TF|0|0|0|0|0|0|0|0|0|0|0|0|0
S|PENEM|51709178|12088469| |TF|0|0|0|0|0|0|0|0|0|0|0|0|0

P|PENE1N|26R|PENEM|0|3
S| |91000000|181000000| |VA|0|27700|0|0|0|0|1|900|0|0|0|0|0
S|DP528|51531911|12082219| |DF|2|0|0|0|0|230|0|0|0|0|0|0|0
S|PENEM|51709178|12088469| |TF|0|0|0|0|0|0|0|0|0|0|0|0|0

P|PENE1Q|08L|PENEM|0|3
S| |91000000|181000000| |VA|0|6800|0|0|0|0|1|900|0|0|0|0|0
S|DP550|51607581|12191958|DRN|CF|1|32400|6380|30140|800|210|0|0|0|0|0|0|0
S|PENEM|51709178|12088469| |TF|0|0|0|0|0|0|0|0|0|0|0|0|0

P|PENE1S|26L|PENEM|0|3
S|DP527|51405794|12082281|DRN|CF|0|26200|6180|28990|500|210|0|0|0|0|0|0|0
S|DP528|51531911|12082219| |TF|2|0|0|0|0|0|0|0|0|0|0|0|0
S|PENEM|51709178|12088469| |TF|0|0|0|0|0|0|0|0|0|0|0|0|0

P|PENE1X|08L|PENEM|0|4
S|DP532|51466925|12423942|MAG|CF|0|6800|3950|14020|600|0|0|0|0|0|0|0|0
S|DP549|51566711|12381708| |TF|0|0|0|0|0|0|0|0|0|0|0|0|0
S|DP550|51607581|12191958| |TF|0|0|0|0|0|0|0|0|0|0|0|0|0
S|PENEM|51709178|12088469| |TF|0|0|0|0|0|0|0|0|0|0|0|0|0

