P|EDDR1E|08| |0|2
S| |91000000|181000000| |CA|0|8400|0|0|0|0|1|3500|0|0|0|0|0
S| |91000000|181000000| |VM|0|8400|0|0|0|0|0|0|0|0|0|0|0

P|EDDR1W|26| |0|2
S| |91000000|181000000| |CA|0|26400|0|0|0|0|1|3500|0|0|0|0|0
S| |91000000|181000000| |VM|2|3700|0|0|0|205|0|0|0|0|0|0|0

P|GTQ1S|26|GTQ|0|4
S| |91000000|181000000| |CA|0|26400|0|0|0|0|1|1500|0|0|0|0|0
S|DR107|49210447|6973139|SAV|CF|0|26400|3120|32020|400|0|0|0|0|0|0|0|0
S|DR108|49162900|6918297| |TF|0|0|0|0|0|0|1|8000|0|0|0|0|0
S|GTQ|48986444|6716222| |TF|0|0|0|0|0|0|0|0|0|0|0|0|0

P|GTQ2L|08|GTQ|0|5
S|DR200|49216611|7179297| |DF|0|0|0|0|0|0|0|0|0|1|0|0|0
S|DR202|49151950|7181753| |DF|2|0|0|0|0|210|0|0|0|0|0|0|0
S|DR203|49151803|7001672| |TF|0|0|0|0|0|0|0|0|0|0|0|0|0
S|DR204|49129631|6963297| |TF|0|0|0|0|0|0|1|8000|0|0|0|0|0
S|GTQ|48986444|6716222| |TF|0|0|0|0|0|0|0|0|0|0|0|0|0

P|GTQ2M|26|GTQ|0|6
S| |91000000|181000000| |CA|0|26400|0|0|0|0|1|1500|0|0|0|0|0
S|DR101|49211128|6996617|SAV|CF|0|26400|3060|32160|300|0|0|0|0|1|0|0|0
S|DR102|49261686|6948322| |DF|2|0|0|0|0|215|0|0|0|0|0|0|0
S|DR102|49261686|6948322|SAV|FA|0|2500|3420|32200|0|250|1|5000|0|0|0|0|0
S|DR105|49141253|6936503| |DF|2|0|0|0|0|0|1|8000|0|0|0|0|0
S|GTQ|48986444|6716222| |TF|0|0|0|0|0|0|0|0|0|0|0|0|0

P|IXWI1L|08|IXWIB|0|2
S| |91000000|181000000| |CA|0|8400|0|0|0|0|1|1500|0|0|0|0|0
S|IXWIB|49223086|7412608| |DF|0|0|0|0|0|0|1|3500|0|0|0|0|0

P|IXWI1M|26|IXWIB|0|6
S| |91000000|181000000| |CA|0|26400|0|0|0|0|1|1500|0|0|0|0|0
S|DR101|49211128|6996617|SAV|CF|0|26400|3060|32160|300|0|0|0|0|1|0|0|0
S|DR102|49261686|6948322| |DF|2|0|0|0|0|215|0|0|0|0|0|0|0
S|DR103|49301067|6981275| |TF|0|0|0|0|0|0|0|0|0|0|0|0|0
S|DR104|49300928|7140636| |TF|0|0|0|0|0|0|0|0|0|0|0|0|0
S|IXWIB|49223086|7412608| |TF|0|0|0|0|0|0|0|0|0|0|0|0|0

P|TOMP2K|08|TOMPI|0|3
S| |91000000|181000000| |CA|0|8400|0|0|0|0|1|1500|0|0|0|0|0
S|DR207|49283194|7095808| |DF|1|0|0|0|0|165|0|0|0|0|0|0|0
S|TOMPI|49391967|7057569| |TF|0|0|0|0|0|0|0|0|0|0|0|0|0

P|TOMP2L|08|TOMPI|0|4
S| |91000000|181000000| |CA|0|8400|0|0|0|0|1|1500|0|0|0|0|0
S|DR201|49217400|7207483|SAV|CF|0|8400|2700|33650|400|0|0|0|0|1|0|0|0
S|DR205|49306661|7246889| |DF|1|0|0|0|0|220|0|0|0|0|0|0|0
S|TOMPI|49391967|7057569| |TF|0|0|0|0|0|0|0|0|0|0|0|0|0

P|TOMP2M|26|TOMPI|0|4
S| |91000000|181000000| |CA|0|26400|0|0|0|0|1|1500|0|0|0|0|0
S|DR101|49211128|6996617|SAV|CF|0|26400|3060|32160|300|0|0|0|0|1|0|0|0
S|DR102|49261686|6948322| |DF|2|0|0|0|0|215|0|0|0|0|0|0|0
S|TOMPI|49391967|7057569| |TF|0|0|0|0|0|0|0|0|0|0|0|0|0

P|TOMP2N|26|TOMPI|0|3
S| |91000000|181000000| |CA|0|26400|0|0|0|0|1|1500|0|0|0|0|0
S|DR106|49278067|7097606| |DF|2|0|0|0|0|165|0|0|0|0|0|0|0
S|TOMPI|49391967|7057569| |TF|0|0|0|0|0|0|0|0|0|0|0|0|0

