P|AMLU1E|05|AMLUH|0|4
S| |91000000|181000000| |CA|0|4700|0|0|0|0|1|500|0|0|0|0|0
S|HI209|53583381|9937647| |DF|0|0|0|0|0|220|0|0|0|0|0|0|0
S|HI205|53515417|10283089| |TF|0|0|0|0|0|0|0|0|0|0|0|0|0
S|AMLUH|53428986|10322508| |TF|0|0|0|0|0|0|0|0|0|0|0|0|0

P|AMLU1W|23|AMLUH|0|5
S| |91000000|181000000| |CA|0|22700|0|0|0|0|1|500|0|0|0|0|0
S|HI100|53493306|9746617| |DF|0|0|0|0|0|0|0|0|0|1|0|0|0
S| |91000000|181000000| |CA|0|22700|0|0|0|0|1|1500|0|0|0|0|0
S|HI110|53399467|9763358| |DF|1|0|0|0|0|220|0|0|0|0|0|0|0
S|AMLUH|53428986|10322508| |TF|0|0|0|0|0|0|0|0|0|0|0|0|0

P|ELSO2E|05|ELSOB|0|3
S| |91000000|181000000| |CA|0|4700|0|0|0|0|1|500|0|0|0|0|0
S|HI200|53564211|9896875| |DF|0|0|0|0|0|0|0|0|0|1|0|0|0
S|ELSOB|53652592|9579481| |DF|1|0|0|0|0|0|0|0|0|0|0|0|0

P|ELSO2W|23|ELSOB|0|4
S| |91000000|181000000| |CA|0|22700|0|0|0|0|1|500|0|0|0|0|0
S|HI100|53493306|9746617| |DF|0|0|0|0|0|0|0|0|0|1|0|0|0
S| |91000000|181000000| |CA|0|22700|0|0|0|0|1|1500|0|0|0|0|0
S|ELSOB|53652592|9579481| |DF|2|0|0|0|0|0|0|0|0|0|0|0|0

P|HABF1E|05|HABFU|0|6
S| |91000000|181000000| |CA|0|4700|0|0|0|0|1|500|0|0|0|0|0
S|HI200|53564211|9896875| |DF|0|0|0|0|0|0|1|1100|0|1|0|0|0
S|HI202|53619864|9847792| |DF|1|0|0|0|0|210|0|0|0|0|0|0|0
S|HI206|53552964|9488125| |TF|0|0|0|0|0|0|0|0|0|0|0|0|0
S|HI114|53274967|9235772| |TF|0|0|0|0|0|0|0|0|0|0|0|0|0
S|HABFU|52950833|9169167| |TF|0|0|0|0|0|0|0|0|0|0|0|0|0

P|HABF1W|23|HABFU|0|4
S| |91000000|181000000| |CA|0|22700|0|0|0|0|1|500|0|0|0|0|0
S|HI103|53488592|9735433| |DF|0|0|0|0|0|0|0|0|0|0|0|0|0
S|HI114|53274967|9235772| |TF|0|0|0|0|0|0|0|0|0|0|0|0|0
S|HABFU|52950833|9169167| |TF|0|0|0|0|0|0|0|0|0|0|0|0|0

P|HAM2E|05|HAM|0|3
S| |91000000|181000000| |CA|0|4700|0|0|0|0|1|500|0|0|0|0|0
S|HI209|53583381|9937647| |DF|0|0|0|0|0|0|0|0|0|0|0|0|0
S|HAM|53685575|10204997| |TF|0|0|0|0|0|0|1|4000|0|0|0|0|0

P|HAM2R|05|HAM|0|3
S| |91000000|181000000|IHFW|CD|0|4700|0|0|360|0|0|0|0|0|0|0|0
S| |91000000|181000000| |CA|0|4700|0|0|0|0|1|1500|0|0|0|0|0
S|HAM|53685575|10204997|HAM|CF|0|5300|0|0|1100|0|0|0|0|0|0|0|0

P|HAM2V|23|HAM|0|2
S|D227G|53466094|9691944| |DF|0|0|0|0|0|0|0|0|0|1|0|0|0
S|HAM|53685575|10204997|HAM|CF|1|3800|0|0|2300|0|0|0|0|0|0|0|0

P|HAM3W|23|HAM|0|6
S| |91000000|181000000| |CA|0|22700|0|0|0|0|1|500|0|0|0|0|0
S|HI100|53493306|9746617| |DF|0|0|0|0|0|0|0|0|0|1|0|0|0
S| |91000000|181000000| |CA|0|22700|0|0|0|0|1|1500|0|0|0|0|0
S|HI110|53399467|9763358| |DF|1|0|0|0|0|220|0|0|0|0|0|0|0
S|HI111|53422764|10200431| |TF|0|0|0|0|0|0|0|0|0|0|0|0|0
S|HAM|53685575|10204997| |TF|0|0|0|0|0|0|0|0|0|0|0|0|0

P|IDEK7W|23|IDEKO|0|5
S| |91000000|181000000| |CA|0|22700|0|0|0|0|1|500|0|0|0|0|0
S|HI103|53488592|9735433| |DF|0|0|0|0|0|0|0|0|0|0|0|0|0
S|HI113|53401150|9529811| |TF|0|0|0|0|0|0|0|0|0|0|0|0|0
S|HI123|53173131|9485272| |TF|0|0|0|0|0|0|0|0|0|0|0|0|0
S|IDEKO|52993947|9450494| |TF|0|0|0|0|0|0|0|0|0|0|0|0|0

P|IDEK9E|05|IDEKO|0|6
S| |91000000|181000000| |CA|0|4700|0|0|0|0|1|500|0|0|0|0|0
S|HI200|53564211|9896875| |DF|0|0|0|0|0|0|1|1100|0|1|0|0|0
S|HI202|53619864|9847792| |DF|1|0|0|0|0|210|0|0|0|0|0|0|0
S|HI204|53566956|9562497| |TF|0|0|0|0|0|0|0|0|0|0|0|0|0
S|HI123|53173131|9485272| |TF|0|0|0|0|0|0|0|0|0|0|0|0|0
S|IDEKO|52993947|9450494| |TF|0|0|0|0|0|0|0|0|0|0|0|0|0

P|RAMA5E|05|RAMAR|0|6
S| |91000000|181000000| |CA|0|4700|0|0|0|0|1|500|0|0|0|0|0
S|HI209|53583381|9937647| |DF|0|0|0|0|0|0|0|0|0|0|0|0|0
S|HAM|53685575|10204997| |TF|0|0|0|0|0|0|0|0|0|0|0|0|0
S|HI121|53740953|10439475| |TF|0|0|0|0|0|0|0|0|0|0|0|0|0
S|HI155|53800831|10695867| |TF|0|0|0|0|0|0|0|0|0|0|0|0|0
S|RAMAR|53710792|10938828| |TF|0|0|0|0|0|0|0|0|0|0|0|0|0

P|RAMA6W|23|RAMAR|0|9
S| |91000000|181000000| |CA|0|22700|0|0|0|0|1|500|0|0|0|0|0
S|HI100|53493306|9746617| |DF|0|0|0|0|0|0|0|0|0|1|0|0|0
S| |91000000|181000000| |CA|0|22700|0|0|0|0|1|1500|0|0|0|0|0
S|HI110|53399467|9763358| |DF|1|0|0|0|0|220|0|0|0|0|0|0|0
S|HI111|53422764|10200431| |TF|0|0|0|0|0|0|0|0|0|0|0|0|0
S|HAM|53685575|10204997| |TF|0|0|0|0|0|0|0|0|0|0|0|0|0
S|HI121|53740953|10439475| |TF|0|0|0|0|0|0|0|0|0|0|0|0|0
S|HI155|53800831|10695867| |TF|0|0|0|0|0|0|0|0|0|0|0|0|0
S|RAMAR|53710792|10938828| |TF|0|0|0|0|0|0|0|0|0|0|0|0|0

P|WSN4W|23|WSN|0|4
S| |91000000|181000000| |CA|0|22700|0|0|0|0|1|500|0|0|0|0|0
S|HI103|53488592|9735433| |DF|0|0|0|0|0|0|0|0|0|0|0|0|0
S|HI124|53397081|9173642| |TF|0|0|0|0|0|0|0|0|0|0|0|0|0
S|WSN|53347169|8874733| |TF|0|0|0|0|0|0|0|0|0|0|0|0|0

P|WSN5E|05|WSN|0|6
S| |91000000|181000000| |CA|0|4700|0|0|0|0|1|500|0|0|0|0|0
S|HI200|53564211|9896875| |DF|0|0|0|0|0|0|1|1100|0|1|0|0|0
S|HI202|53619864|9847792| |DF|1|0|0|0|0|210|0|0|0|0|0|0|0
S|HI207|53530708|9380358| |TF|0|0|0|0|0|0|0|0|0|0|0|0|0
S|HI125|53447442|9149717| |TF|0|0|0|0|0|0|0|0|0|0|0|0|0
S|WSN|53347169|8874733| |TF|0|0|0|0|0|0|0|0|0|0|0|0|0

