P|EDMA1E|07| |0|2
S| |91000000|181000000| |VA|0|6700|0|0|0|210|1|4000|0|0|0|0|0
S| |91000000|181000000| |VM|0|6700|0|0|0|210|0|0|0|0|0|0|0

P|EDMA1W|25| |0|2
S| |91000000|181000000| |VA|0|24700|0|0|0|210|1|5000|0|0|0|0|0
S| |91000000|181000000| |VM|0|24700|0|0|0|210|0|0|0|0|0|0|0

P|KPT1G|25|KPT|0|4
S|MA040|48412128|10873219|NUB|CF|0|24700|6580|18160|200|0|0|0|0|0|0|0|0
S|MA046|48367183|10673578| |TF|0|0|0|0|0|0|0|0|0|0|0|0|0
S|MA050|48091208|10528736| |TF|0|0|0|0|0|0|1|7000|0|0|0|0|0
S|KPT|47745775|10349833| |TF|0|0|0|0|0|0|0|0|0|0|0|0|0

P|KPT2F|07|KPT|0|5
S|MA034|48446458|11027069|NUB|CF|0|6700|6340|17630|400|0|0|0|0|1|0|0|0
S|MA035|48479633|10989153| |DF|1|0|0|0|0|190|0|0|0|0|0|0|0
S|MA033|48424297|10933094| |TF|0|0|0|0|0|0|0|0|0|0|0|0|0
S|MA038|48063108|10620331| |TF|0|0|0|0|0|0|1|7000|0|0|0|0|0
S|KPT|47745775|10349833| |TF|0|0|0|0|0|0|0|0|0|0|0|0|0

P|MAH7F|07|MAH|0|2
S|MA031|48466386|11117608|NUB|CF|0|6700|6230|17300|800|200|0|0|0|0|0|0|0
S|MAH|48263431|11311925| |TF|0|0|0|0|0|0|0|0|0|0|0|0|0

P|MAH8G|25|MAH|0|5
S|MA040|48412128|10873219|NUB|CF|0|24700|6580|18160|200|180|0|0|0|1|0|0|0
S|MA041|48438519|10827992| |DF|2|0|0|0|0|200|0|0|0|0|0|0|0
S|MA042|48475078|10838683| |TF|0|0|0|0|0|0|0|0|0|0|0|0|0
S|MA043|48547317|11039589| |TF|0|0|0|0|0|0|0|0|0|0|0|0|0
S|MAH|48263431|11311925| |TF|0|0|0|0|0|0|0|0|0|0|0|0|0

P|MIQ6F|07|MIQ|0|3
S|MA030|48457022|11074653|NUB|CF|0|6700|6280|17460|600|200|0|0|0|0|0|0|0
S|MA032|48490519|11227981| |TF|0|0|0|0|0|0|1|4000|0|0|0|0|0
S|MIQ|48570225|11597503| |TF|0|0|0|0|0|0|0|0|0|0|0|0|0

P|MIQ7G|25|MIQ|0|5
S|MA040|48412128|10873219|NUB|CF|0|24700|6580|18160|200|180|0|0|0|1|0|0|0
S|MA041|48438519|10827992| |DF|2|0|0|0|0|200|0|0|0|0|0|0|0
S|MA042|48475078|10838683| |TF|0|0|0|0|0|0|0|0|0|0|0|0|0
S|WLD|48579419|11129386| |TF|0|0|0|0|0|0|1|4000|0|0|0|0|0
S|MIQ|48570225|11597503| |TF|0|0|0|0|0|0|0|0|0|0|0|0|0

P|RIDA7G|25|RIDAR|0|4
S|MA040|48412128|10873219|NUB|CF|0|24700|6580|18160|200|180|0|0|0|1|0|0|0
S|MA041|48438519|10827992| |DF|2|0|0|0|0|200|0|0|0|0|0|0|0
S|MA047|48525233|10853381| |TF|0|0|0|0|0|0|0|0|0|0|0|0|0
S|RIDAR|48588422|10802825| |TF|0|0|0|0|0|0|1|5000|0|0|0|0|0

P|RIDA8F|07|RIDAR|0|4
S|MA030|48457022|11074653|NUB|CF|0|6700|6280|17460|600|0|0|0|0|1|0|0|0
S|MA036|48502303|11076214| |DF|1|0|0|0|0|200|0|0|0|0|0|0|0
S|MA037|48560467|10847028| |TF|0|0|0|0|0|0|0|0|0|0|0|0|0
S|RIDAR|48588422|10802825| |TF|0|0|0|0|0|0|0|0|0|0|0|0|0

