P|ABER3G|24|ABERU|0|4
S|SOSID|49956883|11565158|NUB|CF|0|23600|3420|3290|300|0|0|0|0|1|0|0|0
S|QD020|49983694|11527950| |DF|2|0|0|0|0|160|0|0|0|0|0|0|0
S|KULOK|50072803|11630464| |TF|0|0|0|0|0|0|0|0|0|0|0|0|0
S|ABERU|50069194|12093719| |TF|0|0|0|0|0|0|0|0|0|0|0|0|0

P|ABER4R|06|ABERU|0|5
S|QD061|50021122|11737297|NUB|CF|0|5600|4140|3700|400|0|0|0|0|0|0|0|0
S|QD066|50072431|11691128| |TF|0|0|0|0|0|160|0|0|0|0|0|0|0
S|QD063|50095247|11755914| |TF|2|0|0|0|0|0|0|0|0|0|0|0|0
S|QD064|50071419|11823981| |TF|0|0|0|0|0|0|0|0|0|0|0|0|0
S|ABERU|50069194|12093719| |TF|0|0|0|0|0|0|0|0|0|0|0|0|0

P|ANEL3G|24|ANELA|0|2
S|SOSID|49956883|11565158|NUB|CF|0|23600|3420|3290|300|160|0|0|0|0|0|0|0
S|ANELA|49768764|11224603| |TF|0|0|0|0|0|0|0|0|0|0|0|0|0

P|ANEL4R|06|ANELA|0|4
S|QD061|50021122|11737297|NUB|CF|0|5600|4140|3700|400|0|0|0|0|0|0|0|0
S|QD066|50072431|11691128| |TF|0|0|0|0|0|160|0|0|0|0|0|0|0
S|SOSID|49956883|11565158| |TF|1|0|0|0|0|0|0|0|0|0|0|0|0
S|ANELA|49768764|11224603| |TF|0|0|0|0|0|0|0|0|0|0|0|0|0

P|KULO3G|24|KULOK|0|3
S|SOSID|49956883|11565158|NUB|CF|0|23600|3420|3290|300|0|0|0|0|1|0|0|0
S|QD020|49983694|11527950| |DF|2|0|0|0|0|160|0|0|0|0|0|0|0
S|KULOK|50072803|11630464| |TF|0|0|0|0|0|0|0|0|0|0|0|0|0

P|KULO4R|06|KULOK|0|3
S|QD061|50021122|11737297|NUB|CF|0|5600|4140|3700|400|160|0|0|0|0|0|0|0
S|QD066|50072431|11691128| |TF|0|0|0|0|0|160|0|0|0|0|0|0|0
S|KULOK|50072803|11630464| |TF|0|0|0|0|0|0|0|0|0|0|0|0|0

P|LONL3G|24|LONLI|0|2
S|SOSID|49956883|11565158|NUB|CF|0|23600|3420|3290|300|160|0|0|0|0|0|0|0
S|LONLI|50074739|11226386| |TF|0|0|0|0|0|0|0|0|0|0|0|0|0

P|LONL4R|06|LONLI|0|3
S|QD061|50021122|11737297|NUB|CF|0|5600|4140|3700|400|0|0|0|0|0|0|0|0
S|QD066|50072431|11691128| |TF|0|0|0|0|0|160|0|0|0|0|0|0|0
S|LONLI|50074739|11226386| |TF|0|0|0|0|0|0|0|0|0|0|0|0|0

P|PIVI2G|24|PIVIR|0|2
S|SOSID|49956883|11565158|NUB|CF|0|23600|3420|3290|300|160|0|0|0|0|0|0|0
S|PIVIR|49667081|11416064| |TF|0|0|0|0|0|0|0|0|0|0|0|0|0

P|PIVI3R|06|PIVIR|0|4
S|QD061|50021122|11737297|NUB|CF|0|5600|4140|3700|400|0|0|0|0|0|0|0|0
S|QD066|50072431|11691128| |TF|0|0|0|0|0|160|0|0|0|0|0|0|0
S|SOSID|49956883|11565158| |TF|1|0|0|0|0|0|0|0|0|0|0|0|0
S|PIVIR|49667081|11416064| |TF|0|0|0|0|0|0|0|0|0|0|0|0|0

