P|ETEN2L|10|ETENA|0|6
S| |91000000|181000000| |CA|0|9700|0|0|0|0|1|760|0|0|0|0|0
S|ECCAN|62630139|29799064| |DF|0|0|0|0|0|180|0|0|0|0|0|0|0
S|TECOH|62552206|29736606| |TF|0|0|0|0|0|210|0|0|0|0|0|0|0
S|HACCO|62582783|29557897| |TF|0|0|0|0|0|0|0|0|0|0|0|0|0
S|LIKLI|62643753|29196361| |TF|0|0|0|0|0|0|0|0|0|0|0|0|0
S|ETENA|62828889|28763889| |TF|0|0|0|0|0|0|0|0|0|0|0|0|0

P|ETEN2M|28|ETENA|0|4
S| |91000000|181000000| |CA|0|27700|0|0|0|0|1|870|0|0|0|0|0
S|MOPCE|62689308|29451819| |DF|0|0|0|0|0|180|0|0|0|0|0|0|0
S|OTVIS|62721839|29258117| |TF|0|0|0|0|0|0|0|0|0|0|0|0|0
S|ETENA|62828889|28763889| |TF|0|0|0|0|0|0|0|0|0|0|0|0|0

P|RISE2L|10|RISEV|0|4
S| |91000000|181000000| |CA|0|9700|0|0|0|0|1|760|0|0|0|0|0
S|ECCAN|62630139|29799064| |DF|0|0|0|0|0|180|0|0|0|0|0|0|0
S|TUPOT|62598003|29985011| |TF|0|0|0|0|0|0|0|0|0|0|0|0|0
S|RISEV|62531389|30503889| |TF|0|0|0|0|0|0|0|0|0|0|0|0|0

P|RISE2M|28|RISEV|0|6
S| |91000000|181000000| |CA|0|27700|0|0|0|0|1|870|0|0|0|0|0
S|MOPCE|62689308|29451819| |DF|0|0|0|0|0|180|0|0|0|0|0|0|0
S|BECEC|62611394|29389119| |TF|0|0|0|0|0|210|0|0|0|0|0|0|0
S|HACCO|62582783|29557897| |TF|0|0|0|0|0|0|0|0|0|0|0|0|0
S|SOSET|62520242|29921611| |TF|0|0|0|0|0|0|0|0|0|0|0|0|0
S|RISEV|62531389|30503889| |TF|0|0|0|0|0|0|0|0|0|0|0|0|0

P|UVOV2L|10|UVOVO|0|4
S| |91000000|181000000| |CA|0|9700|0|0|0|0|1|760|0|0|0|0|0
S|ECCAN|62630139|29799064| |DF|0|0|0|0|0|180|0|0|0|0|0|0|0
S|TECOH|62552206|29736606| |TF|0|0|0|0|0|210|0|0|0|0|0|0|0
S|UVOVO|62382500|29400278| |TF|0|0|0|0|0|0|0|0|0|0|0|0|0

P|UVOV2M|28|UVOVO|0|4
S| |91000000|181000000| |CA|0|27700|0|0|0|0|1|870|0|0|0|0|0
S|MOPCE|62689308|29451819| |DF|0|0|0|0|0|180|0|0|0|0|0|0|0
S|BECEC|62611394|29389119| |TF|0|0|0|0|0|210|0|0|0|0|0|0|0
S|UVOVO|62382500|29400278| |TF|0|0|0|0|0|0|0|0|0|0|0|0|0

