P|ETRO3D|25|ETROD|0|4
S| |91000000|181000000| |CA|0|24700|0|0|0|0|1|830|0|0|0|0|0
S|ULKEP|64268092|27476478| |DF|0|0|0|0|0|230|0|0|0|0|0|0|0
S|ETEVI|64170686|27319461| |TF|0|0|0|0|0|250|0|0|0|0|0|0|0
S|ETROD|63951389|27805278| |TF|0|0|0|0|0|0|0|0|0|0|0|0|0

P|ETRO4C|07|ETROD|0|3
S| |91000000|181000000| |CA|0|6700|0|0|0|0|1|1040|0|0|0|0|0
S|ABMUS|64302094|27902997| |DF|0|0|0|0|0|230|0|0|0|0|0|0|0
S|ETROD|63951389|27805278| |TF|2|0|0|0|0|0|0|0|0|0|0|0|0

P|EVRI4C|07|EVRIG|0|4
S| |91000000|181000000| |CA|0|6700|0|0|0|0|1|1040|0|0|0|0|0
S|ABMUS|64302094|27902997| |DF|0|0|0|0|0|230|0|0|0|0|0|0|0
S|KUNES|64399300|28068467| |TF|0|0|0|0|0|0|0|0|0|0|0|0|0
S|EVRIG|64560278|28191944| |TF|0|0|0|0|0|0|0|0|0|0|0|0|0

P|EVRI4D|25|EVRIG|0|6
S| |91000000|181000000| |CA|0|24700|0|0|0|0|1|830|0|0|0|0|0
S|ULKEP|64268092|27476478| |DF|0|0|0|0|0|230|0|0|0|0|0|0|0
S|JAXSE|64349722|27441111| |TF|0|0|0|0|0|240|0|0|0|0|0|0|0
S|KI362|64383889|27869167| |TF|0|0|0|0|0|0|0|0|0|0|0|0|0
S|IXUBI|64476111|28139167| |TF|0|0|0|0|0|0|0|0|0|0|0|0|0
S|EVRIG|64560278|28191944| |TF|0|0|0|0|0|0|0|0|0|0|0|0|0

P|ODRU2D|25|ODRUB|0|3
S| |91000000|181000000| |CA|0|24700|0|0|0|0|1|830|0|0|0|0|0
S|ULKEP|64268092|27476478| |DF|0|0|0|0|0|230|0|0|0|0|0|0|0
S|ODRUB|64070556|26906111| |TF|0|0|0|0|0|0|0|0|0|0|0|0|0

P|ODRU3C|07|ODRUB|0|5
S| |91000000|181000000| |CA|0|6700|0|0|0|0|1|1040|0|0|0|0|0
S|ABMUS|64302094|27902997| |DF|0|0|0|0|0|230|0|0|0|0|0|0|0
S|KI362|64383889|27869167| |TF|0|0|0|0|0|240|0|0|0|0|0|0|0
S|JAXSE|64349722|27441111| |TF|0|0|0|0|0|0|0|0|0|0|0|0|0
S|ODRUB|64070556|26906111| |TF|0|0|0|0|0|0|0|0|0|0|0|0|0

P|UBIG3D|25|UBIGA|0|4
S| |91000000|181000000| |CA|0|24700|0|0|0|0|1|830|0|0|0|0|0
S|ULKEP|64268092|27476478| |DF|0|0|0|0|0|230|0|0|0|0|0|0|0
S|RALHA|64320067|27082189| |TF|0|0|0|0|0|0|0|0|0|0|0|0|0
S|UBIGA|64384722|26805000| |TF|0|0|0|0|0|0|0|0|0|0|0|0|0

P|UBIG4C|07|UBIGA|0|6
S| |91000000|181000000| |CA|0|6700|0|0|0|0|1|1040|0|0|0|0|0
S|ABMUS|64302094|27902997| |DF|0|0|0|0|0|230|0|0|0|0|0|0|0
S|KI362|64383889|27869167| |TF|0|0|0|0|0|240|0|0|0|0|0|0|0
S|JAXSE|64349722|27441111| |TF|0|0|0|0|0|0|0|0|0|0|0|0|0
S|RALHA|64320067|27082189| |TF|0|0|0|0|0|0|0|0|0|0|0|0|0
S|UBIGA|64384722|26805000| |TF|0|0|0|0|0|0|0|0|0|0|0|0|0

