P|ATPE2C|01|ATPEL|0|4
S| |91000000|181000000| |CA|0|36000|0|0|0|0|1|480|0|0|0|0|0
S|DEQTE|63793561|23174575| |DF|0|0|0|0|0|180|0|0|0|0|0|0|0
S|UDDEZ|63808781|22989847| |TF|0|0|0|0|0|210|0|0|0|0|0|0|0
S|ATPEL|63399444|22535556| |TF|0|0|0|0|0|0|0|0|0|0|0|0|0

P|ATPE2D|19|ATPEL|0|4
S| |91000000|181000000| |CA|0|18000|0|0|0|0|1|480|0|0|0|0|0
S|HOPWU|63644164|23111247| |DF|0|0|0|0|0|180|0|0|0|0|0|0|0
S|EQHAS|63659394|22927497| |TF|0|0|0|0|0|210|0|0|0|0|0|0|0
S|ATPEL|63399444|22535556| |TF|0|0|0|0|0|0|0|0|0|0|0|0|0

P|BAPT2C|01|BAPTU|0|5
S| |91000000|181000000| |CA|0|36000|0|0|0|0|1|480|0|0|0|0|0
S|DEQTE|63793561|23174575| |DF|0|0|0|0|0|180|0|0|0|0|0|0|0
S|UDDEZ|63808781|22989847| |TF|0|0|0|0|0|210|0|0|0|0|0|0|0
S|RUDED|63559678|22886244| |TF|0|0|0|0|0|0|0|0|0|0|0|0|0
S|BAPTU|63284444|22966389| |TF|0|0|0|0|0|0|0|0|0|0|0|0|0

P|BAPT2D|19|BAPTU|0|4
S| |91000000|181000000| |CA|0|18000|0|0|0|0|1|480|0|0|0|0|0
S|HOPWU|63644164|23111247| |DF|0|0|0|0|0|180|0|0|0|0|0|0|0
S|UNPOD|63544544|23069397| |TF|0|0|0|0|0|0|0|0|0|0|0|0|0
S|BAPTU|63284444|22966389| |TF|0|0|0|0|0|0|0|0|0|0|0|0|0

P|EMDU2C|01|EMDUR|0|4
S| |91000000|181000000| |CA|0|36000|0|0|0|0|1|480|0|0|0|0|0
S|DEQTE|63793561|23174575| |DF|0|0|0|0|0|180|0|0|0|0|0|0|0
S|AKOSE|63867800|23398042| |TF|0|0|0|0|0|0|0|0|0|0|0|0|0
S|EMDUR|63992778|23575278| |TF|0|0|0|0|0|0|0|0|0|0|0|0|0

P|EMDU2D|19|EMDUR|0|5
S| |91000000|181000000| |CA|0|18000|0|0|0|0|1|480|0|0|0|0|0
S|HOPWU|63644164|23111247| |DF|0|0|0|0|0|180|0|0|0|0|0|0|0
S|ZICSE|63628697|23294800| |TF|0|0|0|0|0|210|0|0|0|0|0|0|0
S|XUGDI|63703611|23326944| |TF|0|0|0|0|0|0|0|0|0|0|0|0|0
S|EMDUR|63992778|23575278| |TF|0|0|0|0|0|0|0|0|0|0|0|0|0

P|GIDK2C|01|GIDKI|0|5
S| |91000000|181000000| |CA|0|36000|0|0|0|0|1|480|0|0|0|0|0
S|DEQTE|63793561|23174575| |DF|0|0|0|0|0|180|0|0|0|0|0|0|0
S|UDDEZ|63808781|22989847| |TF|0|0|0|0|0|210|0|0|0|0|0|0|0
S|RUDED|63559678|22886244| |TF|0|0|0|0|0|0|0|0|0|0|0|0|0
S|GIDKI|63288333|23251944| |TF|0|0|0|0|0|0|0|0|0|0|0|0|0

P|GIDK2D|19|GIDKI|0|4
S| |91000000|181000000| |CA|0|18000|0|0|0|0|1|480|0|0|0|0|0
S|HOPWU|63644164|23111247| |DF|0|0|0|0|0|180|0|0|0|0|0|0|0
S|UNPOD|63544544|23069397| |TF|0|0|0|0|0|0|0|0|0|0|0|0|0
S|GIDKI|63288333|23251944| |TF|0|0|0|0|0|0|0|0|0|0|0|0|0

P|NESU2C|01|NESUK|0|4
S| |91000000|181000000| |CA|0|36000|0|0|0|0|1|480|0|0|0|0|0
S|DEQTE|63793561|23174575| |DF|0|0|0|0|0|180|0|0|0|0|0|0|0
S|UDDEZ|63808781|22989847| |TF|0|0|0|0|0|210|0|0|0|0|0|0|0
S|NESUK|63740278|22541667| |TF|0|0|0|0|0|0|0|0|0|0|0|0|0

P|NESU2D|19|NESUK|0|4
S| |91000000|181000000| |CA|0|18000|0|0|0|0|1|480|0|0|0|0|0
S|HOPWU|63644164|23111247| |DF|0|0|0|0|0|180|0|0|0|0|0|0|0
S|EQHAS|63659394|22927497| |TF|0|0|0|0|0|210|0|0|0|0|0|0|0
S|NESUK|63740278|22541667| |TF|0|0|0|0|0|0|0|0|0|0|0|0|0

P|VAXU2C|01|VAXUN|0|4
S| |91000000|181000000| |CA|0|36000|0|0|0|0|1|480|0|0|0|0|0
S|DEQTE|63793561|23174575| |DF|0|0|0|0|0|180|0|0|0|0|0|0|0
S|AKOSE|63867800|23398042| |TF|0|0|0|0|0|0|0|0|0|0|0|0|0
S|VAXUN|63984167|23705000| |TF|0|0|0|0|0|0|0|0|0|0|0|0|0

P|VAXU2D|19|VAXUN|0|5
S| |91000000|181000000| |CA|0|18000|0|0|0|0|1|480|0|0|0|0|0
S|HOPWU|63644164|23111247| |DF|0|0|0|0|0|180|0|0|0|0|0|0|0
S|ZICSE|63628697|23294800| |TF|0|0|0|0|0|210|0|0|0|0|0|0|0
S|XUGDI|63703611|23326944| |TF|0|0|0|0|0|0|0|0|0|0|0|0|0
S|VAXUN|63984167|23705000| |TF|0|0|0|0|0|0|0|0|0|0|0|0|0

