P|ADSE2C|24|ADSEB|0|2
S| |91000000|181000000| |CA|0|23500|0|0|0|0|1|750|0|0|0|0|0
S|ADSEB|60902778|28266389| |DF|1|0|0|0|0|0|0|0|0|0|0|0|0

P|ADSE2D|06|ADSEB|0|4
S| |91000000|181000000| |CA|0|5500|0|0|0|0|1|970|0|0|0|0|0
S|LP362|61075158|28291756| |DF|0|0|0|0|0|200|0|0|0|0|0|0|0
S|LP364|61014078|28345889| |TF|0|0|0|0|0|210|0|0|0|0|0|0|0
S|ADSEB|60902778|28266389| |TF|0|0|0|0|0|0|0|0|0|0|0|0|0

P|ARLO2C|24|ARLOM|0|2
S| |91000000|181000000| |CA|0|23500|0|0|0|0|1|750|0|0|0|0|0
S|ARLOM|60790278|27731389| |DF|0|0|0|0|0|0|0|0|0|0|0|0|0

P|ARLO2D|06|ARLOM|0|4
S| |91000000|181000000| |CA|0|5500|0|0|0|0|1|970|0|0|0|0|0
S|LP362|61075158|28291756| |DF|0|0|0|0|0|200|0|0|0|0|0|0|0
S|LP364|61014078|28345889| |TF|0|0|0|0|0|210|0|0|0|0|0|0|0
S|ARLOM|60790278|27731389| |TF|0|0|0|0|0|0|0|0|0|0|0|0|0

P|ERKO2C|24|ERKOM|0|3
S| |91000000|181000000| |CA|0|23500|0|0|0|0|1|750|0|0|0|0|0
S|TUMUG|61011214|27985072| |DF|0|0|0|0|0|210|0|0|0|0|0|0|0
S|ERKOM|61226389|27714722| |TF|0|0|0|0|0|0|0|0|0|0|0|0|0

P|ERKO2D|06|ERKOM|0|5
S| |91000000|181000000| |CA|0|5500|0|0|0|0|1|970|0|0|0|0|0
S|LP362|61075158|28291756| |DF|0|0|0|0|0|200|0|0|0|0|0|0|0
S|LP363|61136214|28237411| |TF|0|0|0|0|0|210|0|0|0|0|0|0|0
S|LP365|61139103|27824914| |TF|0|0|0|0|0|0|0|0|0|0|0|0|0
S|ERKOM|61226389|27714722| |TF|0|0|0|0|0|0|0|0|0|0|0|0|0

P|OMNI|06| |0|2
S| |91000000|181000000| |CA|0|5500|0|0|0|0|1|970|0|0|0|0|0
S| |91000000|181000000| |VM|0|5500|0|0|0|0|0|0|0|0|0|0|0

P|SIGE2C|24|SIGGE|0|6
S| |91000000|181000000| |CA|0|23500|0|0|0|0|1|750|0|0|0|0|0
S|TUMUG|61011214|27985072| |DF|0|0|0|0|0|210|0|0|0|0|0|0|0
S|BOXWO|61088056|27919167| |TF|0|0|0|0|0|220|0|0|0|0|0|0|0
S|WEZWA|61121111|28076667| |TF|0|0|0|0|0|0|0|0|0|0|0|0|0
S|VOZZE|61170000|28313889| |TF|0|0|0|0|0|0|0|0|0|0|0|0|0
S|SIGGE|61372500|28424722| |TF|0|0|0|0|0|0|0|0|0|0|0|0|0

P|SIGE2D|06|SIGGE|0|3
S| |91000000|181000000| |CA|0|5500|0|0|0|0|1|970|0|0|0|0|0
S|LP362|61075158|28291756| |DF|0|0|0|0|0|200|0|0|0|0|0|0|0
S|SIGGE|61372500|28424722| |TF|0|0|0|0|0|0|0|0|0|0|0|0|0

