P|MID06|06| |0|3
S|DER06|50089478|-5250433| |DF|0|0|0|0|0|0|0|0|0|1|0|0|0
S| |91000000|181000000| |CA|0|6400|0|0|0|0|1|2760|0|0|0|0|0
S| |91000000|181000000| |VM|0|6400|0|0|0|0|0|0|0|0|0|0|0

P|MID11|11| |0|3
S|DER11|50082203|-5242292| |DF|0|0|0|0|0|0|0|0|0|1|0|0|0
S| |91000000|181000000| |CA|0|11300|0|0|0|0|1|2760|0|0|0|0|0
S| |91000000|181000000| |VM|0|11300|0|0|0|0|0|0|0|0|0|0|0

P|MID18|18| |0|3
S|DER18|50080539|-5251422| |DF|0|0|0|0|0|0|0|0|0|1|0|0|0
S| |91000000|181000000| |CA|0|17900|0|0|0|0|1|2760|0|0|0|0|0
S| |91000000|181000000| |VM|0|17900|0|0|0|0|0|0|0|0|0|0|0

P|MID24|24| |0|3
S|DER24|50085225|-5263414| |DF|0|0|0|0|0|0|0|0|0|1|0|0|0
S| |91000000|181000000| |CA|0|24400|0|0|0|0|1|2760|0|0|0|0|0
S| |91000000|181000000| |VM|0|24400|0|0|0|0|0|0|0|0|0|0|0

P|MID29|29| |0|3
S|DER29|50088586|-5265853| |DF|0|0|0|0|0|0|0|0|0|1|0|0|0
S| |91000000|181000000| |CA|0|29300|0|0|0|0|1|2760|0|0|0|0|0
S| |91000000|181000000| |VM|0|29300|0|0|0|0|0|0|0|0|0|0|0

P|MID36|36| |0|3
S|DER36|50090000|-5251814| |DF|0|0|0|0|0|0|0|0|0|1|0|0|0
S| |91000000|181000000| |CA|0|35900|0|0|0|0|1|2760|0|0|0|0|0
S| |91000000|181000000| |VM|0|35900|0|0|0|0|0|0|0|0|0|0|0

