P|BCN1X|27|BCN|0|5
S|D267E|51378219|-2854714|BCN|CF|0|26600|2590|14460|500|0|1|3000|0|1|0|0|0
S|D149T|51442853|-2980719|BCN|CF|0|32900|2000|14900|500|0|1|4500|0|0|0|0|0
S|D149O|51513583|-3050969| |TF|0|0|0|0|0|0|0|6000|0|0|0|0|0
S|D149J|51584275|-3121439| |TF|0|0|0|0|0|0|0|0|0|0|0|0|0
S|BCN|51725525|-3263033| |TF|0|0|0|0|0|0|0|6000|0|0|0|0|0

P|BCN1Z|09|BCN|0|5
S|D087E|51387033|-2580244|BCN|CF|0|8600|3270|12920|500|0|1|3000|0|1|0|0|0
S|BCN30|51451622|-2592700|BCN|CF|1|30400|3000|12400|300|0|1|4500|0|0|0|0|0
S|D124O|51589053|-2926858| |TF|0|0|0|0|0|0|0|6000|0|0|0|0|0
S|D124J|51634650|-3038692| |TF|0|0|0|0|0|0|0|0|0|0|0|0|0
S|BCN|51725525|-3263033| |TF|0|0|0|0|0|0|0|6000|0|0|0|0|0

P|EXMO1X|27|EXMOR|0|4
S|D267E|51378219|-2854714|BCN|CF|0|26600|2590|14460|500|0|1|3000|0|1|0|0|0
S|SOMOT|51292500|-2998056|BCN|CF|0|22200|2790|16000|700|0|1|3500|0|0|0|0|0
S|D243P|51264603|-3087094| |TF|0|0|0|0|0|0|1|5500|0|0|0|0|0
S|EXMOR|51178544|-3359753| |TF|0|0|0|0|0|0|0|6000|0|0|0|0|0

P|EXMO1Z|09|EXMOR|0|4
S|D087E|51387033|-2580244|BCN|CF|0|8600|3270|12920|500|0|1|3000|0|1|0|0|0
S|SOMOT|51292500|-2998056|BCN|CF|2|26500|2790|16000|1600|0|1|3500|0|0|0|0|0
S|D243P|51264603|-3087094| |TF|0|0|0|0|0|0|1|5500|0|0|0|0|0
S|EXMOR|51178544|-3359753| |TF|0|0|0|0|0|0|0|6000|0|0|0|0|0

P|HAWF1X|27|HAWFA|0|3
S|D267E|51378219|-2854714|HON|CF|0|26600|7360|21650|500|230|1|3000|0|1|0|0|0
S| |91000000|181000000| |CI|2|8600|0|0|0|230|0|6000|0|0|0|0|0
S|HAWFA|51535753|-2636819|HON|CF|0|3600|6110|21560|700|0|0|6000|0|0|0|0|0

P|YORQ1Z|09|YORQI|0|3
S|D087E|51387033|-2580244|HON|CF|0|8600|6750|20970|500|0|1|3000|0|1|0|0|0
S|HON63|51445503|-2502831|HON|CF|0|2900|6300|20900|400|0|0|6000|0|0|0|0|0
S|YORQI|51521808|-2426606| |TF|0|0|0|0|0|0|0|6000|0|0|0|0|0

