P|BART1T|27|BARTN|0|6
S|D268B|53330475|-2907494|POL|CF|0|26600|3800|22950|200|0|1|1090|0|1|0|0|0
S| |91000000|181000000| |CI|2|1800|0|0|0|0|0|0|0|0|0|0|0
S|D079J|53422936|-2860850|WAL|CF|0|7900|1000|7920|400|0|1|3000|0|0|0|0|0
S|D079P|53441236|-2696494| |TF|0|0|0|0|0|0|0|4000|0|0|0|0|0
S|D079T|53453308|-2586847| |TF|0|0|0|0|0|0|0|4000|0|0|0|0|0
S|BARTN|53470603|-2428086| |TF|0|0|0|0|0|0|0|4000|0|0|0|0|0

P|BART1V|09|BARTN|0|5
S|D083A|53336064|-2805139|POL|CF|0|8600|3510|22600|100|0|1|590|0|1|0|0|0
S| |91000000|181000000|WAL|CR|0|35800|0|8600|0|0|0|0|0|0|0|0|0
S|D079P|53441236|-2696494|WAL|CF|0|7900|1600|7920|400|0|1|3000|0|0|0|0|0
S|D079T|53453308|-2586847| |TF|0|0|0|0|0|0|0|4000|0|0|0|0|0
S|BARTN|53470603|-2428086| |TF|0|0|0|0|0|0|0|4000|0|0|0|0|0

P|NANT2T|27|NANTI|0|3
S|D268B|53330475|-2907494|POL|CF|0|26600|3800|23050|200|0|1|1090|0|1|0|0|0
S|D127Q|53222792|-2755864|WAL|CF|1|12700|1700|12660|700|0|1|3500|0|0|0|0|0
S|NANTI|53137372|-2566808| |TF|0|0|0|0|0|0|0|4000|0|0|0|0|0

P|NANT2V|09|NANTI|0|3
S|D083A|53336064|-2805139|MCT|CF|0|8600|1960|26650|100|0|1|590|0|1|0|0|0
S|WHI|53184869|-2623072| |DF|0|0|0|0|0|0|1|3500|0|0|0|0|0
S|NANTI|53137372|-2566808| |TF|0|0|0|0|0|0|0|4000|0|0|0|0|0

P|POL4T|27|POL|0|5
S|D268B|53330475|-2907494|POL|CF|0|26600|3800|22950|200|0|1|1090|0|1|0|0|0
S| |91000000|181000000| |CI|2|1800|0|0|0|0|0|0|0|0|0|0|0
S|POL32|53475028|-2876281|POL|CF|0|6000|3200|24000|300|0|1|3000|0|0|0|0|0
S|D240Z|53525797|-2732092| |TF|0|0|0|0|0|0|0|4000|0|0|0|0|0
S|POL|53743778|-2103286| |TF|0|0|0|0|0|0|0|4000|0|0|0|0|0

P|POL5V|09|POL|0|4
S|D083A|53336064|-2805139|MCT|CF|0|8600|1960|26650|100|0|1|590|0|1|0|0|0
S| |91000000|181000000|POL|CR|0|35800|0|23800|0|0|1|3000|0|0|0|0|0
S|D240Z|53525797|-2732092|POL|CF|0|6000|2600|24000|400|0|0|4000|0|0|0|0|0
S|POL|53743778|-2103286| |TF|0|0|0|0|0|0|0|4000|0|0|0|0|0

P|REXA2T|27|REXAM|0|5
S| |91000000|181000000| |CA|0|26600|0|0|0|0|1|1090|0|0|0|0|0
S|D266H|53320069|-3087356|POL|CF|0|26600|4350|23550|700|0|1|2500|0|1|0|0|0
S|D183F|53292203|-3142436|WAL|CF|0|18300|600|18270|200|0|1|3500|0|0|0|0|0
S|D183O|53142600|-3154331| |TF|0|0|0|0|0|0|0|4000|0|0|0|0|0
S|REXAM|53066667|-3160336| |TF|0|0|0|0|0|0|0|0|0|0|0|0|0

P|REXA2V|09|REXAM|0|4
S|D083A|53336064|-2805139|POL|CF|0|8600|3510|22600|100|0|1|590|0|1|0|0|0
S|POL44|53209147|-2941881|POL|CF|2|22300|4400|22340|800|0|1|3500|0|0|0|0|0
S|POL50|53135789|-3054611| |TF|0|0|0|0|0|0|0|4000|0|0|0|0|0
S|REXAM|53066667|-3160336| |TF|0|0|0|0|0|0|0|0|0|0|0|0|0

P|WAL2T|27|WAL|0|2
S|D268B|53330475|-2907494|POL|CF|0|26600|3800|23050|200|0|1|1090|0|1|0|0|0
S|WAL|53391936|-3134461|WAL|CF|0|29600|0|0|900|0|0|4000|0|0|0|0|0

P|WAL2V|09|WAL|0|2
S|D083A|53336064|-2805139|MCT|CF|0|8600|1960|26650|100|0|1|590|0|1|0|0|0
S|WAL|53391936|-3134461|WAL|CF|1|27400|0|0|1200|0|0|4000|0|0|0|0|0

