P|BOGN1M|26L|BOGNA|0|8
S| |91000000|181000000| |CA|0|25600|0|0|0|0|1|710|0|0|0|0|0
S|D257B|51136822|-266661|OCK|CF|0|25600|1220|14500|200|0|1|1210|0|0|0|0|0
S| |91000000|181000000|MID|CD|0|25600|0|0|1050|0|1|2500|0|0|0|0|0
S|D175M|51089158|-423211|OCK|CF|0|17500|1300|17500|200|0|1|3000|0|0|0|0|0
S|D175R|51006122|-414050| |TF|0|0|0|0|0|0|0|5000|0|0|0|0|0
S|D175W|50923083|-404922| |TF|0|0|0|0|0|0|0|6000|0|0|0|0|0
S|OCK28|50840042|-395828| |TF|0|0|0|0|0|0|0|0|0|1|0|0|0
S|BOGNA|50701944|-251547|SFD|CF|0|14500|1470|25520|900|0|0|6000|0|0|0|0|0

P|BOGN1V|26R|BOGNA|0|8
S| |91000000|181000000| |CA|0|25600|0|0|0|0|1|710|0|0|0|0|0
S|D259B|51138653|-267225|OCK|CF|0|25600|1210|14480|200|0|1|1210|0|0|0|0|0
S| |91000000|181000000|MID|CD|0|25600|0|0|1050|0|1|2500|0|0|0|0|0
S|D175M|51089158|-423211|OCK|CF|0|17500|1300|17500|200|0|1|3000|0|0|0|0|0
S|D175R|51006122|-414050| |TF|0|0|0|0|0|0|0|5000|0|0|0|0|0
S|D175W|50923083|-404922| |TF|0|0|0|0|0|0|0|6000|0|0|0|0|0
S|OCK28|50840042|-395828| |TF|0|0|0|0|0|0|0|0|0|1|0|0|0
S|BOGNA|50701944|-251547|SFD|CF|0|14500|1470|25520|900|0|0|6000|0|0|0|0|0

P|BOGN1X|26L|BOGNA|0|7
S|KKW06|51123914|-364925|OCK|CF|0|25600|1130|16310|590|220|1|2500|0|0|0|0|0
S|KKW08|51115789|-423022| |TF|0|0|0|0|0|220|0|0|0|0|0|0|0
S|KKS11|51078453|-418267| |TF|0|0|0|0|0|220|1|4000|0|0|0|0|0
S|KKS17|51006314|-409097| |TF|0|0|0|0|0|250|0|5000|0|0|0|0|0
S|KKS20|50923342|-398581| |TF|0|0|0|0|0|250|0|6000|0|0|0|0|0
S|KKS25|50832867|-387150| |TF|0|0|0|0|0|250|0|6000|0|0|0|0|0
S|BOGNA|50701944|-251547| |TF|0|0|0|0|0|250|0|6000|0|0|0|0|0

P|DAGA1M|26L|CLN|0|9
S| |91000000|181000000| |CA|0|25600|0|0|0|0|1|710|0|0|0|0|0
S|D257B|51136822|-266661|OCK|CF|0|25600|1220|14500|200|0|1|1210|0|1|0|0|0
S|D282M|51065386|-218536|MAY|CF|1|10200|1300|28200|200|0|0|0|0|0|0|0|0
S|D282I|51050656|-115489| |TF|0|0|0|0|0|0|1|3000|0|0|0|0|0
S|MAY|51017183|116122| |TF|0|0|0|0|0|0|0|5000|0|0|0|0|0
S|TIGER|51067172|439317| |TF|0|0|0|0|0|0|0|5000|0|1|0|0|0
S|DET|51304003|597275|DET|CF|0|1200|0|0|1400|0|0|0|0|0|0|0|0
S|DAGGA|51822047|794167| |TF|0|0|0|0|0|0|0|0|0|0|0|0|0
S|CLN|51848472|1147589| |TF|0|0|0|0|0|0|0|5000|0|0|0|0|0

P|DAGA1V|26R|CLN|0|9
S| |91000000|181000000| |CA|0|25600|0|0|0|0|1|710|0|0|0|0|0
S|D259B|51138653|-267225|OCK|CF|0|25600|1210|14480|200|0|1|1210|0|1|0|0|0
S|D282M|51065386|-218536|MAY|CF|1|10200|1300|28200|200|0|0|0|0|0|0|0|0
S|D282I|51050656|-115489| |TF|0|0|0|0|0|0|1|3000|0|0|0|0|0
S|MAY|51017183|116122| |TF|0|0|0|0|0|0|0|5000|0|0|0|0|0
S|TIGER|51067172|439317| |TF|0|0|0|0|0|0|0|5000|0|1|0|0|0
S|DET|51304003|597275|DET|CF|0|1200|0|0|1400|0|0|0|0|0|0|0|0
S|DAGGA|51822047|794167| |TF|0|0|0|0|0|0|0|0|0|0|0|0|0
S|CLN|51848472|1147589| |TF|0|0|0|0|0|0|0|5000|0|0|0|0|0

P|DAGA1X|26L|CLN|0|9
S|KKW04|51130750|-315917|OCK|CF|0|25600|1160|15360|400|220|1|2000|0|0|0|0|0
S|KKS06|51072997|-295653| |TF|0|0|0|0|0|220|1|3000|0|0|0|0|0
S|KKS09|51063172|-178706| |TF|0|0|0|0|0|250|0|0|0|0|0|0|0
S|KKS14|51053236|-114511| |TF|0|0|0|0|0|250|1|4000|0|0|0|0|0
S|MAY|51017183|116122| |TF|0|0|0|0|0|250|0|5000|0|0|0|0|0
S|KKS36|51084258|515525| |TF|0|0|0|0|0|250|0|5000|0|0|0|0|0
S|DET|51304003|597275| |TF|0|0|0|0|0|250|0|5000|0|0|0|0|0
S|DAGGA|51822047|794167| |TF|0|0|0|0|0|250|0|5000|0|0|0|0|0
S|CLN|51848472|1147589| |TF|0|0|0|0|0|250|0|5000|0|0|0|0|0

P|DVR2P|08R|DVR|0|5
S| |91000000|181000000| |CA|0|7600|0|0|0|0|1|710|0|0|0|0|0
S|DVR49|51183947|57508|OCK|CF|0|7600|2040|10970|900|0|1|1210|0|0|0|0|0
S|TUNBY|51168889|324722|OCK|CF|0|9000|3020|10440|1000|0|1|5000|0|0|0|0|0
S|D206I|51168514|485381| |TF|0|0|0|0|0|0|0|6000|0|0|0|0|0
S|DVR|51162622|1359086| |TF|0|0|0|0|0|0|0|6000|0|0|0|0|0

P|DVR2W|08L|DVR|0|5
S| |91000000|181000000| |CA|0|7600|0|0|0|0|1|710|0|0|0|0|0
S|DVR49|51183947|57508|BIG|CF|0|7600|890|17350|900|0|1|1210|0|0|0|0|0
S|TUNBY|51168889|324722|BIG|CF|0|9000|1460|13060|1000|0|1|5000|0|0|0|0|0
S|D206I|51168514|485381| |TF|0|0|0|0|0|0|0|6000|0|0|0|0|0
S|DVR|51162622|1359086| |TF|0|0|0|0|0|0|0|6000|0|0|0|0|0

P|FRAN1M|26L|FRANE|0|8
S| |91000000|181000000| |CA|0|25600|0|0|0|0|1|710|0|0|0|0|0
S|D257B|51136822|-266661|OCK|CF|0|25600|1220|14500|200|220|1|1500|0|1|0|0|0
S|DET31|51202753|-209103|DET|CF|2|7800|3100|25800|300|220|1|3200|0|0|0|0|0
S|DET29|51209453|-157186| |TF|0|0|0|0|0|250|2|4000|0|0|0|0|0
S|ACORN|51255278|196111| |TF|0|0|0|0|0|0|0|5000|0|0|0|0|0
S|DVR32|51233533|521431| |TF|0|0|0|0|0|0|0|0|0|1|0|0|0
S|DET|51304003|597275|DET|CF|1|300|0|0|300|0|0|5000|0|0|0|0|0
S|FRANE|51385000|627611| |TF|0|0|0|0|0|0|0|6000|0|0|0|0|0

P|FRAN1P|08R|FRANE|0|6
S| |91000000|181000000| |CA|0|7600|0|0|0|0|1|710|0|0|0|0|0
S|DVR49|51183947|57508|DVR|CF|0|7600|4920|27000|900|0|1|1210|0|0|0|0|0
S|TUNBY|51168889|324722|DVR|CF|0|9000|3910|26900|900|0|0|5000|0|0|0|0|0
S|DVR31|51168342|538339| |TF|0|0|0|0|0|0|0|0|0|1|0|0|0
S|DET|51304003|597275|DET|CF|1|300|0|0|600|0|0|5000|0|0|0|0|0
S|FRANE|51385000|627611| |TF|0|0|0|0|0|0|0|6000|0|0|0|0|0

P|FRAN1V|26R|FRANE|0|8
S| |91000000|181000000| |CA|0|25600|0|0|0|0|1|710|0|0|0|0|0
S|D259B|51138653|-267225|OCK|CF|0|25600|1210|14480|200|220|1|1500|0|1|0|0|0
S|DET31|51202753|-209103|DET|CF|2|7800|3100|25800|300|220|1|3200|0|0|0|0|0
S|DET29|51209453|-157186| |TF|0|0|0|0|0|250|2|4000|0|0|0|0|0
S|ACORN|51255278|196111| |TF|0|0|0|0|0|0|0|5000|0|0|0|0|0
S|DVR32|51233533|521431| |TF|0|0|0|0|0|0|0|0|0|1|0|0|0
S|DET|51304003|597275|DET|CF|1|300|0|0|300|0|0|5000|0|0|0|0|0
S|FRANE|51385000|627611| |TF|0|0|0|0|0|0|0|6000|0|0|0|0|0

P|FRAN1W|08L|FRANE|0|6
S| |91000000|181000000| |CA|0|7600|0|0|0|0|1|710|0|0|0|0|0
S|DVR49|51183947|57508|DVR|CF|0|7600|4920|27000|900|0|1|1210|0|0|0|0|0
S|TUNBY|51168889|324722|DVR|CF|0|9000|3910|26900|900|0|0|5000|0|0|0|0|0
S|DVR31|51168342|538339| |TF|0|0|0|0|0|0|0|0|0|1|0|0|0
S|DET|51304003|597275|DET|CF|1|300|0|0|600|0|0|5000|0|0|0|0|0
S|FRANE|51385000|627611| |TF|0|0|0|0|0|0|0|6000|0|0|0|0|0

P|FRAN1Z|08R|FRANE|0|6
S|KKE04|51168994|-38564|OCK|CF|0|7600|1740|11680|490|250|1|2000|0|0|0|0|0
S|KKE10|51165536|152744| |TF|0|0|0|0|0|250|1|3000|0|0|0|0|0
S|KKE17|51165867|327108| |TF|0|0|0|0|0|250|0|5000|0|0|0|0|0
S|KKE25|51165917|545789| |TF|0|0|0|0|0|250|0|5000|0|0|0|0|0
S|DET|51304003|597275| |TF|0|0|0|0|0|250|0|5000|0|0|0|0|0
S|FRANE|51385000|627611| |TF|0|0|0|0|0|250|0|6000|0|0|0|0|0

P|HARD1X|26L|HARDY|0|8
S|KKW06|51123914|-364925|OCK|CF|0|25600|1130|16310|590|220|1|2500|0|0|0|0|0
S|KKW08|51115789|-423022| |TF|0|0|0|0|0|220|0|0|0|0|0|0|0
S|KKS11|51078453|-418267| |TF|0|0|0|0|0|220|1|4000|0|0|0|0|0
S|KKS17|51006314|-409097| |TF|0|0|0|0|0|250|0|5000|0|0|0|0|0
S|KKS20|50923342|-398581| |TF|0|0|0|0|0|250|0|6000|0|0|0|0|0
S|KKS25|50832867|-387150| |TF|0|0|0|0|0|250|0|6000|0|0|0|0|0
S|BOGNA|50701944|-251547| |TF|0|0|0|0|0|250|0|6000|0|0|0|0|0
S|HARDY|50471042|491122| |TF|0|0|0|0|0|250|0|6000|0|0|0|0|0

P|IMVU1Z|08R|IMVUR|0|4
S|KKE05|51168306|-43250|OCK|CF|0|7600|1730|11720|470|220|1|2500|0|0|0|0|0
S|KKN09|51231417|-65361| |TF|0|0|0|0|0|220|0|3000|0|0|0|0|0
S|KKW19|51199444|-342861| |TF|0|0|0|0|0|250|0|3000|0|0|0|0|0
S|IMVUR|51174694|-532333| |TF|0|0|0|0|0|250|0|4000|0|0|0|0|0

P|KENE3P|08R|KENET|0|8
S| |91000000|181000000| |CA|0|7600|0|0|0|0|1|710|0|0|0|0|0
S|D075C|51162217|-94017|OCK|CF|0|7600|1580|12170|200|0|1|1210|0|1|0|0|0
S|D259Z|51226872|-81583| |DF|1|0|0|0|0|0|1|2500|0|0|0|0|0
S|DET36|51196161|-342069| |TF|0|0|0|0|0|0|0|3000|0|0|0|0|0
S|DET43|51174319|-524203| |TF|0|0|0|0|0|0|0|4000|0|0|0|0|0
S|D066T|51089675|-862081| |TF|0|0|0|0|0|0|0|0|0|0|0|0|0
S| |91000000|181000000| |VI|0|28100|0|0|0|0|0|0|0|0|0|0|0
S|KENET|51520556|-1455000|LON|CF|0|32600|3710|27250|3200|0|0|4000|0|0|0|0|0

P|KENE3W|08L|KENET|0|8
S| |91000000|181000000| |CA|0|7600|0|0|0|0|1|710|0|0|0|0|0
S|D073C|51163936|-94742|OCK|CF|0|7600|1580|12140|200|0|1|1210|0|1|0|0|0
S|D259Z|51226872|-81583| |DF|1|0|0|0|0|0|1|2500|0|0|0|0|0
S|DET36|51196161|-342069| |TF|0|0|0|0|0|0|0|3000|0|0|0|0|0
S|DET43|51174319|-524203| |TF|0|0|0|0|0|0|0|4000|0|0|0|0|0
S|D066T|51089675|-862081| |TF|0|0|0|0|0|0|0|0|0|0|0|0|0
S| |91000000|181000000| |VI|0|28100|0|0|0|0|0|0|0|0|0|0|0
S|KENET|51520556|-1455000|LON|CF|0|32600|3710|27250|3200|0|0|4000|0|0|0|0|0

P|LAM1Z|08R|LAM|0|7
S|KKE02|51164736|-69481|OCK|CF|0|7600|1660|11950|370|250|1|2000|0|0|0|0|0
S|KKE12|51249792|106686| |TF|0|0|0|0|0|250|1|3000|0|0|0|0|0
S|SUNAV|51260250|194389| |TF|0|0|0|0|0|250|0|5000|0|0|0|0|0
S|KKE35|51283067|387839| |TF|0|0|0|0|0|250|0|5000|0|0|0|0|0
S|KKN43|51414892|302536| |TF|1|0|0|0|0|250|0|5000|0|0|0|0|0
S|KKN48|51491983|252411| |TF|0|0|0|0|0|250|0|6000|0|0|0|0|0
S|LAM|51646025|151703| |TF|0|0|0|0|0|250|0|6000|0|0|0|0|0

P|LAM5P|08R|LAM|0|8
S| |91000000|181000000| |CA|0|7600|0|0|0|0|1|710|0|0|0|0|0
S|D075D|51164078|-81111|OCK|CF|0|7600|1620|12040|300|0|1|1210|0|1|0|0|0
S|D258T|51239317|76622|DET|CF|0|5100|2000|25800|700|0|0|0|0|0|0|0|0
S|ACORN|51255278|196111| |TF|0|0|0|0|0|0|0|5000|0|0|0|0|0
S| |91000000|181000000|DET|CD|0|7800|0|0|1050|0|0|0|0|0|0|0|0
S|D156O|51416078|307731|LAM|CF|1|33600|1500|15600|700|0|0|5000|0|0|0|0|0
S|D156J|51492750|255894| |TF|0|0|0|0|0|0|0|6000|0|0|0|0|0
S|LAM|51646025|151703| |TF|0|0|0|0|0|0|0|6000|0|0|0|0|0

P|LAM5W|08L|LAM|0|8
S| |91000000|181000000| |CA|0|7600|0|0|0|0|1|710|0|0|0|0|0
S|D074D|51165797|-81825|OCK|CF|0|7600|1610|12010|300|0|1|1210|0|1|0|0|0
S|D258T|51239317|76622|DET|CF|0|5100|2000|25800|700|0|0|0|0|0|0|0|0
S|ACORN|51255278|196111| |TF|0|0|0|0|0|0|0|5000|0|0|0|0|0
S| |91000000|181000000|DET|CD|0|7800|0|0|1050|0|0|0|0|0|0|0|0
S|D156O|51416078|307731|LAM|CF|1|33600|1500|15600|700|0|0|5000|0|0|0|0|0
S|D156J|51492750|255894| |TF|0|0|0|0|0|0|0|6000|0|0|0|0|0
S|LAM|51646025|151703| |TF|0|0|0|0|0|0|0|6000|0|0|0|0|0

P|LAM6M|26L|LAM|0|9
S| |91000000|181000000| |CA|0|25600|0|0|0|0|1|710|0|0|0|0|0
S|D257B|51136822|-266661|OCK|CF|0|25600|1220|14500|200|220|1|1500|0|1|0|0|0
S|DET31|51202753|-209103|DET|CF|2|7800|3100|25800|300|220|1|3200|0|0|0|0|0
S|DET29|51209453|-157186| |TF|0|0|0|0|0|250|2|4000|0|0|0|0|0
S|ACORN|51255278|196111| |TF|0|0|0|0|0|0|0|5000|0|0|0|0|0
S|D258K|51270331|323750| |TF|0|0|0|0|0|0|0|0|0|1|0|0|0
S|D156O|51416078|307731|LAM|CF|1|33600|1500|15600|700|0|0|5000|0|0|0|0|0
S|D156J|51492750|255894| |TF|0|0|0|0|0|0|0|6000|0|0|0|0|0
S|LAM|51646025|151703| |TF|0|0|0|0|0|0|0|6000|0|0|0|0|0

P|LAM6V|26R|LAM|0|9
S| |91000000|181000000| |CA|0|25600|0|0|0|0|1|710|0|0|0|0|0
S|D259B|51138653|-267225|DET|CF|0|25600|3410|25240|200|220|1|1500|0|1|0|0|0
S|DET31|51202753|-209103|DET|CF|2|7800|3100|25800|300|220|1|3200|0|0|0|0|0
S|DET29|51209453|-157186| |TF|0|0|0|0|0|250|2|4000|0|0|0|0|0
S|ACORN|51255278|196111| |TF|0|0|0|0|0|0|0|5000|0|0|0|0|0
S|D258K|51270331|323750| |TF|0|0|0|0|0|0|0|0|0|1|0|0|0
S|D156O|51416078|307731|LAM|CF|1|33600|1500|15600|700|0|0|5000|0|0|0|0|0
S|D156J|51492750|255894| |TF|0|0|0|0|0|0|0|6000|0|0|0|0|0
S|LAM|51646025|151703| |TF|0|0|0|0|0|0|0|6000|0|0|0|0|0

P|MIMF1M|26L|MIMFO|0|6
S| |91000000|181000000| |CA|0|25600|0|0|0|0|1|710|0|0|0|0|0
S|D257B|51136822|-266661|OCK|CF|0|25600|1220|14500|200|220|1|1500|0|1|0|0|0
S|DET31|51202753|-209103|DET|CF|2|7800|3100|25800|300|220|1|3200|0|0|0|0|0
S|DET29|51209453|-157186| |TF|0|0|0|0|0|250|2|4000|0|0|0|0|0
S|ACORN|51255278|196111| |TF|0|0|0|0|0|0|0|5000|0|0|0|0|0
S|MIMFO|51232842|491786| |TF|0|0|0|0|0|0|0|6000|0|0|0|0|0

P|MIMF1V|26R|MIMFO|0|6
S| |91000000|181000000| |CA|0|25600|0|0|0|0|1|710|0|0|0|0|0
S|D259B|51138653|-267225|OCK|CF|0|25600|1210|14480|200|220|1|1500|0|1|0|0|0
S|DET31|51202753|-209103|DET|CF|2|7800|3100|25800|300|220|1|3200|0|0|0|0|0
S|DET29|51209453|-157186| |TF|0|0|0|0|0|250|2|4000|0|0|0|0|0
S|ACORN|51255278|196111| |TF|0|0|0|0|0|0|0|5000|0|0|0|0|0
S|MIMFO|51232842|491786| |TF|0|0|0|0|0|0|0|6000|0|0|0|0|0

P|NOVM1M|26L|NOVMA|0|6
S| |91000000|181000000| |CA|0|25600|0|0|0|0|1|710|0|0|0|0|0
S|D257B|51136822|-266661|OCK|CF|0|25600|1220|14500|200|0|1|1210|0|0|0|0|0
S|D066J|51119861|-382278|MID|CF|0|25600|1000|6560|400|0|1|2500|0|0|0|0|0
S|D062H|51114261|-436478|MID|CF|0|25600|800|6200|200|0|1|3000|0|0|0|0|0
S|MID|51053953|-625003|MID|CF|0|24200|0|0|800|0|0|4000|0|0|0|0|0
S|NOVMA|51036608|-754144| |TF|0|0|0|0|0|0|0|4000|0|0|0|0|0

P|NOVM1V|26R|NOVMA|0|6
S| |91000000|181000000| |CA|0|25600|0|0|0|0|1|710|0|0|0|0|0
S|D259B|51138653|-267225|OCK|CF|0|25600|1210|14480|200|0|1|1210|0|0|0|0|0
S|D065J|51121608|-383489|MID|CF|0|25600|1000|6490|400|0|1|2500|0|0|0|0|0
S|D062H|51114261|-436478|MID|CF|0|25600|800|6200|200|0|1|3000|0|0|0|0|0
S|MID|51053953|-625003|MID|CF|0|24200|0|0|800|0|0|4000|0|0|0|0|0
S|NOVMA|51036608|-754144| |TF|0|0|0|0|0|0|0|4000|0|0|0|0|0

P|NOVM1X|26L|NOVMA|0|4
S|KKW07|51121444|-383333|OCK|CF|0|25600|1130|16670|660|250|1|2500|0|0|0|0|0
S|KKW09|51115083|-428972| |TF|0|0|0|0|0|250|1|3000|0|0|0|0|0
S|MID|51053953|-625003| |TF|0|0|0|0|0|250|0|4000|0|0|0|0|0
S|NOVMA|51036608|-754144| |TF|0|0|0|0|0|250|0|4000|0|0|0|0|0

P|ODVI2Z|08R|ODVIK|0|4
S|KKE04|51168994|-38564|OCK|CF|0|7600|1740|11680|490|250|1|2000|0|0|0|0|0
S|KKE10|51165536|152744| |TF|0|0|0|0|0|250|1|3000|0|0|0|0|0
S|KKE17|51165867|327108| |TF|0|0|0|0|0|250|1|5000|0|0|0|0|0
S|ODVIK|51165944|485925| |TF|0|0|0|0|0|250|0|6000|0|0|0|0|0

P|SAM3P|08R|SAM|0|6
S| |91000000|181000000| |CA|0|7600|0|0|0|0|1|710|0|0|0|0|0
S|D075C|51162217|-94017|OCK|CF|0|7600|1580|12170|300|0|1|1210|0|1|0|0|0
S|D259Z|51226872|-81583| |DF|1|0|0|0|0|0|1|2500|0|0|0|0|0
S|DET36|51196161|-342069| |TF|0|0|0|0|0|0|0|3000|0|0|0|0|0
S|DET43|51174319|-524203| |TF|0|0|0|0|0|0|0|4000|0|0|0|0|0
S|SAM|50955250|-1345056| |TF|0|0|0|0|0|0|0|4000|0|0|0|0|0

P|SAM3W|08L|SAM|0|6
S| |91000000|181000000| |CA|0|7600|0|0|0|0|1|710|0|0|0|0|0
S|D073C|51163936|-94742|OCK|CF|0|7600|1580|12140|300|0|1|1210|0|1|0|0|0
S|D259Z|51226872|-81583| |DF|1|0|0|0|0|0|1|2500|0|0|0|0|0
S|DET36|51196161|-342069| |TF|0|0|0|0|0|0|0|3000|0|0|0|0|0
S|DET43|51174319|-524203| |TF|0|0|0|0|0|0|0|4000|0|0|0|0|0
S|SAM|50955250|-1345056| |TF|0|0|0|0|0|0|0|4000|0|0|0|0|0

P|SFD1X|26L|SFD|0|7
S|KKW06|51123914|-364925|OCK|CF|0|25600|1130|16310|590|220|1|2500|0|0|0|0|0
S|KKW10|51113511|-439264| |TF|0|0|0|0|0|220|0|0|0|0|0|0|0
S|KKW11|51060786|-420617| |TF|0|0|0|0|0|220|0|0|0|0|0|0|0
S|KKS13|51034739|-373092| |TF|0|0|0|0|0|250|0|4000|0|0|0|0|0
S|KKS19|50958172|-233892| |TF|0|0|0|0|0|250|1|5000|0|0|0|0|0
S|KKS21|50936267|-194206| |TF|0|0|0|0|0|250|0|6000|0|0|0|0|0
S|SFD|50760689|121914| |TF|0|0|0|0|0|250|0|6000|0|0|0|0|0

P|SFD4Z|08R|SFD|0|6
S|KKE03|51166111|-59472|OCK|CF|0|7600|1680|11860|410|220|1|2000|0|0|0|0|0
S|KKS08|51095778|-35889| |TF|2|0|0|0|0|250|1|3000|0|0|0|0|0
S|KKS12|51031972|-5667| |TF|0|0|0|0|0|250|0|0|0|0|0|0|0
S|KKS16|50968114|24525| |TF|0|0|0|0|0|250|1|5000|0|0|0|0|0
S|KKS22|50872417|69611| |TF|0|0|0|0|0|250|0|6000|0|0|0|0|0
S|SFD|50760689|121914| |TF|0|0|0|0|0|250|0|6000|0|0|0|0|0

P|SFD5M|26L|SFD|0|7
S| |91000000|181000000| |CA|0|25600|0|0|0|0|1|710|0|0|0|0|0
S|D257B|51136822|-266661|OCK|CF|0|25600|1220|14500|300|0|1|1210|0|0|0|0|0
S|D256G|51119811|-382611| |TF|0|0|0|0|0|0|1|2500|0|1|0|0|0
S|D310Y|51032678|-376222|SFD|CF|1|13000|2500|31000|300|0|0|4000|0|0|0|0|0
S|D310R|50956736|-236158| |TF|0|0|0|0|0|0|1|5000|0|0|0|0|0
S|D310P|50935008|-196225| |TF|0|0|0|0|0|0|0|6000|0|0|0|0|0
S|SFD|50760689|121914| |TF|0|0|0|0|0|0|0|6000|0|0|0|0|0

P|SFD5V|26R|SFD|0|7
S| |91000000|181000000| |CA|0|25600|0|0|0|0|1|710|0|0|0|0|0
S|D259B|51138653|-267225|OCK|CF|0|25600|1210|14480|300|0|1|1210|0|0|0|0|0
S|D256G|51119811|-382611| |TF|0|0|0|0|0|0|1|2500|0|1|0|0|0
S|D310Y|51032678|-376222|SFD|CF|1|13000|2500|31000|300|0|0|4000|0|0|0|0|0
S|D310R|50956736|-236158| |TF|0|0|0|0|0|0|1|5000|0|0|0|0|0
S|D310P|50935008|-196225| |TF|0|0|0|0|0|0|0|6000|0|0|0|0|0
S|SFD|50760689|121914| |TF|0|0|0|0|0|0|0|6000|0|0|0|0|0

P|SFD9P|08R|SFD|0|7
S| |91000000|181000000| |CA|0|7600|0|0|0|0|1|710|0|0|0|0|0
S|D075B|51160358|-106922|OCK|CF|0|7600|1550|12300|300|0|1|1210|0|1|0|0|0
S|D342U|51094903|-40400|SFD|CF|0|16200|2100|34200|400|0|1|2000|0|0|0|0|0
S|D342Q|51031261|-9303| |TF|0|0|0|0|0|0|1|3000|0|0|0|0|0
S|D342M|50967611|21706| |TF|0|0|0|0|0|0|1|5000|0|0|0|0|0
S|D342G|50872119|68064| |TF|0|0|0|0|0|0|0|6000|0|0|0|0|0
S|SFD|50760689|121914| |TF|0|0|0|0|0|0|0|6000|0|0|0|0|0

P|SFD9W|08L|SFD|0|7
S| |91000000|181000000| |CA|0|7600|0|0|0|0|1|710|0|0|0|0|0
S|D073B|51162075|-107664|OCK|CF|0|7600|1540|12270|300|0|1|1210|0|1|0|0|0
S|D342U|51094903|-40400|SFD|CF|0|16200|2100|34200|400|0|1|2000|0|0|0|0|0
S|D342Q|51031261|-9303| |TF|0|0|0|0|0|0|1|3000|0|0|0|0|0
S|D342M|50967611|21706| |TF|0|0|0|0|0|0|1|5000|0|0|0|0|0
S|D342G|50872119|68064| |TF|0|0|0|0|0|0|0|6000|0|0|0|0|0
S|SFD|50760689|121914| |TF|0|0|0|0|0|0|0|6000|0|0|0|0|0

P|TIGE1X|26L|LAM|0|7
S|KKW04|51130750|-315917|OCK|CF|0|25600|1160|15360|400|220|1|2000|0|0|0|0|0
S|KKS06|51072997|-295653| |TF|0|0|0|0|0|220|1|3000|0|0|0|0|0
S|KKS09|51063172|-178706| |TF|0|0|0|0|0|250|0|0|0|0|0|0|0
S|KKS14|51053236|-114511| |TF|0|0|0|0|0|250|1|4000|0|0|0|0|0
S|MAY|51017183|116122| |TF|0|0|0|0|0|250|0|5000|0|0|0|0|0
S|KKS36|51084258|515525| |TF|0|0|0|0|0|250|0|5000|0|0|0|0|0
S|LAM|51646025|151703| |TF|1|0|0|0|0|250|0|5000|0|0|0|0|0

P|TIGE3M|26L|LAM|0|8
S| |91000000|181000000| |CA|0|25600|0|0|0|0|1|710|0|0|0|0|0
S|D257B|51136822|-266661|OCK|CF|0|25600|1220|14500|200|0|1|1210|0|1|0|0|0
S|D282M|51065386|-218536|MAY|CF|1|10200|1300|28200|200|0|0|0|0|0|0|0|0
S|D282I|51050656|-115489| |TF|0|0|0|0|0|0|1|3000|0|0|0|0|0
S|MAY|51017183|116122| |TF|0|0|0|0|0|0|0|5000|0|0|0|0|0
S|TIGER|51067172|439317| |TF|0|0|0|0|0|0|0|5000|0|0|0|0|0
S| |91000000|181000000| |VI|0|600|0|0|0|0|0|0|0|0|0|0|0
S|LAM|51646025|151703|LAM|CF|0|33600|0|0|3400|0|0|5000|0|0|0|0|0

P|TIGE3V|26R|LAM|0|8
S| |91000000|181000000| |CA|0|25600|0|0|0|0|1|710|0|0|0|0|0
S|D259B|51138653|-267225|OCK|CF|0|25600|1210|14480|200|0|1|1210|0|1|0|0|0
S|D282M|51065386|-218536|MAY|CF|1|10200|1300|28200|200|0|0|0|0|0|0|0|0
S|D282I|51050656|-115489| |TF|0|0|0|0|0|0|1|3000|0|0|0|0|0
S|MAY|51017183|116122| |TF|0|0|0|0|0|0|0|5000|0|0|0|0|0
S|TIGER|51067172|439317| |TF|0|0|0|0|0|0|0|5000|0|0|0|0|0
S| |91000000|181000000| |VI|0|600|0|0|0|0|0|0|0|0|0|0|0
S|LAM|51646025|151703|LAM|CF|0|33600|0|0|3400|0|0|5000|0|0|0|0|0

P|WIZA1X|26L|WIZAD|0|7
S|KKW04|51130750|-315917|OCK|CF|0|25600|1160|15360|400|220|1|2000|0|0|0|0|0
S|KKS06|51072997|-295653| |TF|0|0|0|0|0|220|1|3000|0|0|0|0|0
S|KKS09|51063172|-178706| |TF|0|0|0|0|0|250|0|0|0|0|0|0|0
S|KKS14|51053236|-114511| |TF|0|0|0|0|0|250|1|4000|0|0|0|0|0
S|MAY|51017183|116122| |TF|0|0|0|0|0|250|1|5000|0|0|0|0|0
S|KKS33|51057575|449200| |TF|0|0|0|0|0|250|0|6000|0|0|0|0|0
S|WIZAD|51116667|953081| |TF|0|0|0|0|0|250|0|6000|0|0|0|0|0

P|WIZA4M|26L|WIZAD|0|7
S| |91000000|181000000| |CA|0|25600|0|0|0|0|1|710|0|0|0|0|0
S|D257B|51136822|-266661|OCK|CF|0|25600|1220|14500|200|0|1|1210|0|1|0|0|0
S|D282M|51065386|-218536|MAY|CF|1|10200|1300|28200|200|0|0|0|0|0|0|0|0
S|D282I|51050656|-115489| |TF|0|0|0|0|0|0|1|3000|0|0|0|0|0
S|MAY|51017183|116122| |TF|0|0|0|0|0|0|1|5000|0|0|0|0|0
S|DVR35|51057481|448683| |TF|0|0|0|0|0|0|0|6000|0|0|0|0|0
S|WIZAD|51116667|953081| |TF|0|0|0|0|0|0|0|6000|0|0|0|0|0

P|WIZA4V|26R|WIZAD|0|7
S| |91000000|181000000| |CA|0|25600|0|0|0|0|1|710|0|0|0|0|0
S|D259B|51138653|-267225|OCK|CF|0|25600|1210|14480|200|0|1|1210|0|1|0|0|0
S|D282M|51065386|-218536|MAY|CF|1|10200|1300|28200|200|0|0|0|0|0|0|0|0
S|D282I|51050656|-115489| |TF|0|0|0|0|0|0|1|3000|0|0|0|0|0
S|MAY|51017183|116122| |TF|0|0|0|0|0|0|1|5000|0|0|0|0|0
S|DVR35|51057481|448683| |TF|0|0|0|0|0|0|0|6000|0|0|0|0|0
S|WIZAD|51116667|953081| |TF|0|0|0|0|0|0|0|6000|0|0|0|0|0

