P|AKOD1L|12|AKODA|0|5
S| |91000000|181000000| |CA|0|12200|0|0|0|0|1|640|0|0|0|0|0
S|PKE02|55457108|-4443792|TRN|CF|0|12200|1450|5430|500|220|0|0|0|0|0|0|0
S|GOSOB|55415492|-4518564| |TF|2|0|0|0|0|220|1|3500|0|0|0|0|0
S|PKS03|55392189|-4560322| |TF|0|0|0|0|0|250|1|4000|0|0|0|0|0
S|AKODA|55362439|-4828367| |TF|0|0|0|0|0|0|0|6000|0|0|0|0|0

P|DAUN1K|30|DAUNT|0|4
S| |91000000|181000000| |CA|0|30200|0|0|0|0|1|570|0|0|0|0|0
S|PKW01|55525872|-4642317|TRN|CF|0|30200|1370|2170|100|220|0|0|0|1|0|0|0
S|PKW04|55477942|-4785717|TRN|CF|1|22300|990|60|400|220|1|4000|0|0|0|0|0
S|DAUNT|55418939|-4879703| |TF|0|0|0|0|0|250|0|6000|0|0|0|0|0

P|LUCO1K|30|LUCCO|0|5
S| |91000000|181000000| |CA|0|30200|0|0|0|0|1|570|0|0|0|0|0
S|PKW01|55525872|-4642317|TRN|CF|0|30200|1370|2170|100|220|0|0|0|1|0|0|0
S|PKW02|55463167|-4744453|TRN|CF|1|18900|910|950|300|220|1|4000|0|0|0|0|0
S|PKW03|55428711|-4753544| |TF|0|0|0|0|0|250|0|0|0|0|0|0|0
S|LUCCO|55346817|-4561419| |TF|0|0|0|0|0|0|0|6000|0|0|0|0|0

P|SUDB1L|12|SUDBY|0|4
S|PKE02|55457108|-4443792|TRN|CF|0|12200|1450|5430|500|250|0|0|0|0|0|0|0
S|PKS01|55382533|-4362400| |TF|0|0|0|0|0|0|1|4000|0|0|0|0|0
S|PKS02|55339053|-4315117| |TF|0|0|0|0|0|0|1|5000|0|0|0|0|0
S|SUDBY|55295931|-4268347| |TF|0|0|0|0|0|0|0|6000|0|0|0|0|0

P|SUMI1L|12|SUMIN|0|5
S|PKE02|55457108|-4443792|TRN|CF|0|12200|1450|5430|500|250|0|0|0|0|0|0|0
S|PKE03|55415881|-4317544| |TF|0|0|0|0|0|0|1|4000|0|0|0|0|0
S|PKE04|55390953|-4241539| |TF|0|0|0|0|0|0|1|5000|0|0|0|0|0
S|PKE05|55365978|-4165617| |TF|0|0|0|0|0|0|0|6000|0|0|0|0|0
S|SUMIN|55329378|-4055047| |TF|0|0|0|0|0|0|0|6000|0|0|0|0|0

P|TRN2K|30|TRN|0|4
S| |91000000|181000000| |CA|0|30200|0|0|0|0|1|570|0|0|0|0|0
S|PKW01|55525872|-4642317|TRN|CF|0|30200|1370|2170|100|220|0|0|0|1|0|0|0
S|PKW02|55463167|-4744453|TRN|CF|1|18900|910|950|300|220|1|4000|0|0|0|0|0
S|TRN|55313411|-4783864| |TF|0|0|0|0|0|250|0|6000|0|0|0|0|0

P|TRN2L|12|TRN|0|5
S| |91000000|181000000| |CA|0|12200|0|0|0|0|1|640|0|0|0|0|0
S|PKE02|55457108|-4443792|TRN|CF|0|12200|1450|5430|500|220|0|0|0|0|0|0|0
S|GOSOB|55415492|-4518564| |TF|2|0|0|0|0|220|1|3500|0|0|0|0|0
S|PKS03|55392189|-4560322| |TF|0|0|0|0|0|250|1|4000|0|0|0|0|0
S|TRN|55313411|-4783864| |TF|0|0|0|0|0|0|0|6000|0|0|0|0|0

