P|MID1|08| |0|2
S| |91000000|181000000| |CA|0|8200|0|0|0|0|1|2000|0|0|0|0|0
S| |91000000|181000000| |VM|0|6800|0|0|0|0|0|10000|0|0|0|0|0

P|MID1|26| |0|2
S| |91000000|181000000| |CA|0|26200|0|0|0|0|1|2000|0|0|0|0|0
S| |91000000|181000000| |VM|2|6800|0|0|0|0|0|10000|0|0|0|0|0

P|MID2|08| |0|2
S| |91000000|181000000| |CA|0|8200|0|0|0|0|1|2000|0|0|0|0|0
S| |91000000|181000000| |VM|0|9800|0|0|0|0|0|10000|0|0|0|0|0

P|MID2|26| |0|2
S| |91000000|181000000| |CA|0|26200|0|0|0|0|1|2000|0|0|0|0|0
S| |91000000|181000000| |VM|1|9800|0|0|0|0|0|10000|0|0|0|0|0

P|MID3|08| |0|2
S| |91000000|181000000| |CA|0|8200|0|0|0|0|1|2000|0|0|0|0|0
S| |91000000|181000000| |VM|0|14800|0|0|0|0|0|10000|0|0|0|0|0

P|MID3|26| |0|2
S| |91000000|181000000| |CA|0|26200|0|0|0|0|1|2000|0|0|0|0|0
S| |91000000|181000000| |VM|1|14800|0|0|0|0|0|10000|0|0|0|0|0

P|MID4|08| |0|2
S| |91000000|181000000| |CA|0|8200|0|0|0|0|1|2000|0|0|0|0|0
S| |91000000|181000000| |VM|1|31800|0|0|0|0|0|10000|0|0|0|0|0

P|MID4|26| |0|2
S| |91000000|181000000| |CA|0|26200|0|0|0|0|1|2000|0|0|0|0|0
S| |91000000|181000000| |VM|0|31800|0|0|0|0|0|10000|0|0|0|0|0

