P|ELGU1B|26|ELGUX|0|3
S|KN001|53886417|-9019861|CON|CF|0|26100|720|26170|700|240|0|0|0|0|0|0|0
S|KN697|53774611|-8981694| |TF|0|0|0|0|0|240|1|5000|0|0|0|0|0
S|ELGUX|53709278|-8386806| |TF|0|0|0|0|0|240|2|9000|0|0|0|0|0

P|ORFO1B|26|ORFOD|0|3
S|KN001|53886417|-9019861|CON|CF|0|26100|720|26170|700|240|0|0|0|0|0|0|0
S|KN698|53998222|-9058250| |TF|0|0|0|0|0|240|1|8000|0|0|0|0|0
S|ORFOD|54110000|-9096833| |TF|0|0|0|0|0|240|2|9000|0|0|0|0|0

P|PIXI1B|26|PIXIB|0|3
S|KN001|53886417|-9019861|CON|CF|0|26100|720|26170|700|240|0|0|0|0|0|0|0
S|KN698|53998222|-9058250| |TF|0|0|0|0|0|240|1|8000|0|0|0|0|0
S|PIXIB|54076389|-8837028| |TF|0|0|0|0|0|240|2|9000|0|0|0|0|0

P|TUVP1A|08|TUVPU|0|3
S|UCJAT|53935111|-8606611|DUB|CF|0|8100|8610|29060|700|0|1|3000|0|0|0|0|0
S|HEXPO|53981417|-8209778| |TF|0|0|0|0|0|0|1|5000|0|0|0|0|0
S|TUVPU|54013639|-7932722| |TF|0|0|0|0|0|0|2|9000|0|0|0|0|0

P|WOWE1A|08|WOWEC|0|3
S|UCJAT|53935111|-8606611|DUB|CF|0|8100|8610|29060|700|0|1|3000|0|0|0|0|0
S|KN005|53820333|-8580000| |TF|2|0|0|0|0|0|1|5000|0|0|0|0|0
S|WOWEC|53740333|-8132333| |TF|0|0|0|0|0|0|2|9000|0|0|0|0|0

