P|ATLA3C|19L|ATLAP|0|5
S|GM604|60133333|11083333|MES|CF|0|19200|5960|16320|300|230|0|0|0|0|0|0|0
S|GM602|60058333|11066667| |TF|0|0|0|0|0|0|0|0|0|0|0|0|0
S|ODAXI|59908611|10552989| |TF|0|0|0|0|0|0|0|0|0|0|0|0|0
S|GM451|60147325|10212453| |TF|0|0|0|0|0|0|0|0|0|0|0|0|0
S|ATLAP|60146094|9800694| |TF|0|0|0|0|0|0|0|0|0|0|0|0|0

P|ATLA5A|01L|ATLAP|0|5
S|GM436|60256944|11115000|MES|CF|0|1200|5260|16040|300|230|0|0|0|0|0|0|0
S|GM437|60288333|11105556| |TF|0|0|0|0|0|0|0|0|0|1|0|0|0
S|GM439|60325000|10800000| |TF|0|0|0|0|0|0|0|0|0|0|0|0|0
S|GM614|60164167|10598611| |TF|0|0|0|0|0|0|0|0|0|0|0|0|0
S|ATLAP|60146094|9800694| |TF|0|0|0|0|0|0|0|0|0|0|0|0|0

P|ATLA7D|19R|ATLAP|0|6
S| |91000000|181000000| |CI|0|19200|0|0|0|230|0|0|0|0|0|0|0
S|GM442|60141361|10953139|MES|CF|0|24100|5840|16680|400|0|0|0|0|0|0|0|0
S|GM616|60130556|10633333| |TF|0|0|0|0|0|0|0|0|0|0|0|0|0
S|GM619|60238056|10523889| |TF|0|0|0|0|0|0|0|0|0|0|0|0|0
S|GM448|60295833|10118611| |TF|0|0|0|0|0|0|0|0|0|0|0|0|0
S|ATLAP|60146094|9800694| |TF|0|0|0|0|0|0|0|0|0|0|0|0|0

P|ATLA9B|01R|ATLAP|0|6
S| |91000000|181000000| |CA|0|1200|0|0|0|205|1|1100|0|0|0|0|0
S|GM440|60226944|11316667| |DF|2|0|0|0|0|230|0|0|0|0|0|0|0
S|GM441|60154333|11355278| |TF|0|0|0|0|0|230|0|0|0|0|0|0|0
S|GM514|60095833|11194444| |TF|0|0|0|0|0|0|0|0|0|0|0|0|0
S|GM614|60164167|10598611| |TF|0|0|0|0|0|0|0|0|0|0|0|0|0
S|ATLAP|60146094|9800694| |TF|0|0|0|0|0|0|0|0|0|0|0|0|0

P|EVTO3C|19L|EVTOG|0|6
S|GM604|60133333|11083333|MES|CF|0|19200|5960|16320|300|230|0|0|0|0|0|0|0
S|GM602|60058333|11066667| |TF|0|0|0|0|0|0|0|0|0|0|0|0|0
S|ODAXI|59908611|10552989| |TF|0|0|0|0|0|0|0|0|0|0|0|0|0
S|GM619|60238056|10523889| |TF|0|0|0|0|0|0|0|0|0|0|0|0|0
S|GM717|60479722|10337222| |TF|0|0|0|0|0|0|0|0|0|0|0|0|0
S|EVTOG|60816764|9936533| |TF|0|0|0|0|0|0|0|0|0|0|0|0|0

P|EVTO5A|01L|EVTOG|0|8
S|GM436|60256944|11115000|MES|CF|0|1200|5260|16040|300|230|0|0|0|0|0|0|0
S|GM437|60288333|11105556| |TF|0|0|0|0|0|0|0|0|0|1|0|0|0
S|GM438|60346667|11087556| |TF|0|0|0|0|0|0|0|0|0|0|0|0|0
S|GM446|60477778|10788889| |TF|0|0|0|0|0|0|0|0|0|0|0|0|0
S|GM722|60384722|10286944| |TF|0|0|0|0|0|0|0|0|0|0|0|0|0
S|GM445|60405111|10099181| |TF|0|0|0|0|0|0|0|0|0|0|0|0|0
S|GM450|60589958|10026667| |TF|0|0|0|0|0|0|0|0|0|0|0|0|0
S|EVTOG|60816764|9936533| |TF|0|0|0|0|0|0|0|0|0|0|0|0|0

P|EVTO7D|19R|EVTOG|0|6
S| |91000000|181000000| |CI|0|19200|0|0|0|230|0|0|0|0|0|0|0
S|GM442|60141361|10953139|MES|CF|0|24100|5840|16680|400|0|0|0|0|0|0|0|0
S|GM616|60130556|10633333| |TF|0|0|0|0|0|0|0|0|0|0|0|0|0
S|GM619|60238056|10523889| |TF|0|0|0|0|0|0|0|0|0|0|0|0|0
S|GM717|60479722|10337222| |TF|0|0|0|0|0|0|0|0|0|0|0|0|0
S|EVTOG|60816764|9936533| |TF|0|0|0|0|0|0|0|0|0|0|0|0|0

P|EVTO9B|01R|EVTOG|0|9
S| |91000000|181000000| |CA|0|1200|0|0|0|205|1|1100|0|0|0|0|0
S|GM440|60226944|11316667| |DF|2|0|0|0|0|230|0|0|0|0|0|0|0
S|GM441|60154333|11355278| |TF|0|0|0|0|0|230|0|0|0|0|0|0|0
S|GM514|60095833|11194444| |TF|0|0|0|0|0|0|0|0|0|0|0|0|0
S|GM614|60164167|10598611| |TF|0|0|0|0|0|0|0|0|0|0|0|0|0
S|GM400|60281025|10278583| |TF|0|0|0|0|0|0|0|0|0|0|0|0|0
S|GM445|60405111|10099181| |TF|0|0|0|0|0|0|0|0|0|0|0|0|0
S|GM450|60589958|10026667| |TF|0|0|0|0|0|0|0|0|0|0|0|0|0
S|EVTOG|60816764|9936533| |TF|0|0|0|0|0|0|0|0|0|0|0|0|0

P|MASE4A|01L|MASEV|0|4
S|GM436|60256944|11115000|MES|CF|0|1200|5260|16040|300|230|0|0|0|0|0|0|0
S|GM437|60288333|11105556| |TF|0|0|0|0|0|0|0|0|0|1|0|0|0
S|NIDIM|60422222|11634722| |TF|0|0|0|0|0|0|0|0|0|0|0|0|0
S|MASEV|60177778|12534722| |TF|0|0|0|0|0|0|0|0|0|0|0|0|0

P|MASE5C|19L|MASEV|0|6
S|GM604|60133333|11083333|MES|CF|0|19200|5960|16320|300|230|1|1100|0|0|0|0|0
S|GM444|60059167|11240278| |TF|0|0|0|0|0|0|0|0|0|0|0|0|0
S|VIBUK|60166667|11448611| |TF|0|0|0|0|0|0|0|0|0|0|0|0|0
S|GM508|60278611|11723333| |TF|0|0|0|0|0|0|0|0|0|0|0|0|0
S|GM422|60262611|11954833| |TF|0|0|0|0|0|0|0|0|0|0|0|0|0
S|MASEV|60177778|12534722| |TF|0|0|0|0|0|0|0|0|0|0|0|0|0

P|MASE6B|01R|MASEV|0|6
S| |91000000|181000000| |CA|0|1200|0|0|0|205|1|1100|0|0|0|0|0
S|GM440|60226944|11316667| |DF|2|0|0|0|0|0|0|0|0|0|0|0|0
S|GM506|60254167|11531944| |TF|0|0|0|0|0|0|0|0|0|0|0|0|0
S|GM504|60156944|11602778| |TF|0|0|0|0|0|0|0|0|0|0|0|0|0
S|GM617|60075000|11700000| |TF|0|0|0|0|0|0|0|0|0|0|0|0|0
S|MASEV|60177778|12534722| |TF|0|0|0|0|0|0|0|0|0|0|0|0|0

P|MASE6D|19R|MASEV|0|7
S| |91000000|181000000| |CI|0|19200|0|0|0|230|0|0|0|0|0|0|0
S|GM442|60141361|10953139|MES|CF|0|24100|5840|16680|400|0|0|0|0|0|0|0|0
S|GM603|60155556|10800000| |TF|0|0|0|0|0|0|0|0|0|0|0|0|0
S|VEMIN|60230556|10784722| |TF|0|0|0|0|0|0|0|0|0|0|0|0|0
S|GM507|60300000|11100000| |TF|0|0|0|0|0|0|0|0|0|0|0|0|0
S|GM508|60278611|11723333| |TF|0|0|0|0|0|0|0|0|0|0|0|0|0
S|MASEV|60177778|12534722| |TF|0|0|0|0|0|0|0|0|0|0|0|0|0

P|OKSA2C|19L|OKSAT|0|9
S|GM604|60133333|11083333|MES|CF|0|19200|5960|16320|300|230|1|1100|0|0|0|0|0
S|GM444|60059167|11240278| |TF|0|0|0|0|0|0|0|0|0|0|0|0|0
S|GM612|60008333|11383333| |TF|0|0|0|0|0|0|0|0|0|0|0|0|0
S|GM613|60100000|11566667| |TF|0|0|0|0|0|0|0|0|0|0|0|0|0
S|GM449|60023786|12035142| |TF|0|0|0|0|0|0|0|0|0|0|0|0|0
S|TUMGU|59891144|12020006| |TF|0|0|0|0|0|0|0|0|0|0|0|0|0
S|ERLUM|59772433|12006561| |TF|0|0|0|0|0|0|0|0|0|0|0|0|0
S|ENEPO|59605100|11987769| |TF|0|0|0|0|0|0|0|0|0|0|0|0|0
S|OKSAT|59329444|11957222| |TF|0|0|0|0|0|0|0|0|0|0|0|0|0

P|OKSA4A|01L|OKSAT|0|5
S|GM436|60256944|11115000|MES|CF|0|1200|5260|16040|300|230|0|0|0|0|0|0|0
S|GM437|60288333|11105556| |TF|0|0|0|0|0|0|0|0|0|1|0|0|0
S|NIDIM|60422222|11634722| |TF|0|0|0|0|0|0|0|0|0|0|0|0|0
S|OKAKI|59643083|11780967| |TF|0|0|0|0|0|0|0|0|0|0|0|0|0
S|OKSAT|59329444|11957222| |TF|0|0|0|0|0|0|0|0|0|0|0|0|0

P|OKSA6B|01R|OKSAT|0|7
S| |91000000|181000000| |CA|0|1200|0|0|0|205|1|1100|0|0|0|0|0
S|GM440|60226944|11316667| |DF|2|0|0|0|0|0|0|0|0|0|0|0|0
S|GM506|60254167|11531944| |TF|0|0|0|0|0|0|0|0|0|0|0|0|0
S|GM504|60156944|11602778| |TF|0|0|0|0|0|0|0|0|0|0|0|0|0
S|GM503|59933333|11444444| |TF|0|0|0|0|0|0|0|0|0|0|0|0|0
S|OKAKI|59643083|11780967| |TF|0|0|0|0|0|0|0|0|0|0|0|0|0
S|OKSAT|59329444|11957222| |TF|0|0|0|0|0|0|0|0|0|0|0|0|0

P|OKSA6D|19R|OKSAT|0|8
S| |91000000|181000000| |CI|0|19200|0|0|0|230|0|0|0|0|0|0|0
S|GM442|60141361|10953139|MES|CF|0|24100|5840|16680|400|0|0|0|0|0|0|0|0
S|GM603|60155556|10800000| |TF|0|0|0|0|0|0|0|0|0|0|0|0|0
S|VEMIN|60230556|10784722| |TF|0|0|0|0|0|0|0|0|0|0|0|0|0
S|GM507|60300000|11100000| |TF|0|0|0|0|0|0|0|0|0|0|0|0|0
S|GM608|59966667|11500000| |TF|0|0|0|0|0|0|0|0|0|0|0|0|0
S|OKAKI|59643083|11780967| |TF|0|0|0|0|0|0|0|0|0|0|0|0|0
S|OKSAT|59329444|11957222| |TF|0|0|0|0|0|0|0|0|0|0|0|0|0

P|RIBE1A|01L|RIBBE|0|6
S|GM436|60256944|11115000|MES|CF|0|1200|5260|16040|300|230|0|0|0|0|0|0|0
S|GM437|60288333|11105556| |TF|0|0|0|0|0|0|0|0|0|1|0|0|0
S|GM438|60346667|11087556| |TF|0|0|0|0|0|0|0|0|0|0|0|0|0
S|PEMUS|60750000|11441667| |TF|0|0|0|0|0|0|0|0|0|0|0|0|0
S|NUVSA|61075008|11481978| |TF|0|0|0|0|0|0|0|0|0|0|0|0|0
S|RIBBE|61374547|11483053| |TF|0|0|0|0|0|0|0|0|0|0|0|0|0

P|RIBE1C|19L|RIBBE|0|7
S|GM604|60133333|11083333|MES|CF|0|19200|5960|16320|300|230|1|1100|0|0|0|0|0
S|GM444|60059167|11240278| |TF|0|0|0|0|0|0|0|0|0|0|0|0|0
S|VIBUK|60166667|11448611| |TF|0|0|0|0|0|0|0|0|0|0|0|0|0
S|NIDIM|60422222|11634722| |TF|0|0|0|0|0|0|0|0|0|0|0|0|0
S|LILBA|60826389|11745833| |TF|0|0|0|0|0|0|0|0|0|0|0|0|0
S|NOHUG|61219983|11764689| |TF|0|0|0|0|0|0|0|0|0|0|0|0|0
S|RIBBE|61374547|11483053| |TF|0|0|0|0|0|0|0|0|0|0|0|0|0

P|RIBE6B|01R|RIBBE|0|7
S| |91000000|181000000| |CA|0|1200|0|0|0|205|1|1100|0|0|0|0|0
S|GM440|60226944|11316667| |DF|2|0|0|0|0|230|0|0|0|0|0|0|0
S|GM506|60254167|11531944| |TF|0|0|0|0|0|0|0|0|0|0|0|0|0
S|LULIL|60513333|11624808| |TF|0|0|0|0|0|0|0|0|0|0|0|0|0
S|LILBA|60826389|11745833| |TF|0|0|0|0|0|0|0|0|0|0|0|0|0
S|NOHUG|61219983|11764689| |TF|0|0|0|0|0|0|0|0|0|0|0|0|0
S|RIBBE|61374547|11483053| |TF|0|0|0|0|0|0|0|0|0|0|0|0|0

P|RIBE6D|19R|RIBBE|0|8
S| |91000000|181000000| |CI|0|19200|0|0|0|230|0|0|0|0|0|0|0
S|GM442|60141361|10953139|MES|CF|0|24100|5840|16680|400|0|0|0|0|0|0|0|0
S|GM603|60155556|10800000| |TF|0|0|0|0|0|0|0|0|0|0|0|0|0
S|VEMIN|60230556|10784722| |TF|0|0|0|0|0|0|0|0|0|0|0|0|0
S|GM443|60446111|11225000| |TF|0|0|0|0|0|0|0|0|0|0|0|0|0
S|PEMUS|60750000|11441667| |TF|0|0|0|0|0|0|0|0|0|0|0|0|0
S|NUVSA|61075008|11481978| |TF|0|0|0|0|0|0|0|0|0|0|0|0|0
S|RIBBE|61374547|11483053| |TF|0|0|0|0|0|0|0|0|0|0|0|0|0

P|VEMI1D|19R|ATLAP|0|6
S| |91000000|181000000| |CA|0|19200|0|0|0|0|1|1700|0|0|0|0|0
S|VEMIN|60230556|10784722| |DF|2|0|0|0|0|0|0|0|0|0|0|0|0
S|VEMIN|60230556|10784722| |IF|0|0|0|0|0|0|0|0|0|0|0|0|0
S|GM619|60238056|10523889| |TF|0|0|0|0|0|0|0|0|0|0|0|0|0
S|GM448|60295833|10118611| |TF|0|0|0|0|0|0|0|0|0|0|0|0|0
S|ATLAP|60146094|9800694| |TF|0|0|0|0|0|0|0|0|0|0|0|0|0

P|VEMI1D|19R|EVTOG|0|6
S| |91000000|181000000| |CA|0|19200|0|0|0|0|1|1700|0|0|0|0|0
S|VEMIN|60230556|10784722| |DF|2|0|0|0|0|0|0|0|0|0|0|0|0
S|VEMIN|60230556|10784722| |IF|0|0|0|0|0|0|0|0|0|0|0|0|0
S|GM619|60238056|10523889| |TF|0|0|0|0|0|0|0|0|0|0|0|0|0
S|GM717|60479722|10337222| |TF|0|0|0|0|0|0|0|0|0|0|0|0|0
S|EVTOG|60816764|9936533| |TF|0|0|0|0|0|0|0|0|0|0|0|0|0

P|VEMI1D|19R|RIBBE|0|7
S| |91000000|181000000| |CA|0|19200|0|0|0|0|1|1700|0|0|0|0|0
S|VEMIN|60230556|10784722| |DF|2|0|0|0|0|0|0|0|0|0|0|0|0
S|VEMIN|60230556|10784722| |IF|0|0|0|0|0|0|0|0|0|0|0|0|0
S|GM443|60446111|11225000| |TF|0|0|0|0|0|0|0|0|0|0|0|0|0
S|PEMUS|60750000|11441667| |TF|0|0|0|0|0|0|0|0|0|0|0|0|0
S|NUVSA|61075008|11481978| |TF|0|0|0|0|0|0|0|0|0|0|0|0|0
S|RIBBE|61374547|11483053| |TF|0|0|0|0|0|0|0|0|0|0|0|0|0

P|VEMI1D|19R|VIPPA|0|7
S| |91000000|181000000| |CA|0|19200|0|0|0|0|1|1700|0|0|0|0|0
S|VEMIN|60230556|10784722| |DF|2|0|0|0|0|0|0|0|0|0|0|0|0
S|VEMIN|60230556|10784722| |IF|0|0|0|0|0|0|0|0|0|0|0|0|0
S|GM607|60048611|10552778| |TF|0|0|0|0|0|0|0|0|0|0|0|0|0
S|NANON|59588642|10399850| |TF|0|0|0|0|0|0|0|0|0|0|0|0|0
S|NEDZA|59169111|10259267| |TF|0|0|0|0|0|0|0|0|0|0|0|0|0
S|VIPPA|58942500|10228611| |TF|0|0|0|0|0|0|0|0|0|0|0|0|0

P|VEMI5A|01L|ATLAP|0|5
S| |91000000|181000000| |CA|0|1200|0|0|0|0|1|1700|0|0|0|0|0
S|VEMIN|60230556|10784722| |DF|1|0|0|0|0|0|0|0|0|0|0|0|0
S|VEMIN|60230556|10784722| |IF|0|0|0|0|0|0|0|0|0|0|0|0|0
S|GM614|60164167|10598611| |TF|0|0|0|0|0|0|0|0|0|0|0|0|0
S|ATLAP|60146094|9800694| |TF|0|0|0|0|0|0|0|0|0|0|0|0|0

P|VEMI5A|01L|EVTOG|0|8
S| |91000000|181000000| |CA|0|1200|0|0|0|0|1|1700|0|0|0|0|0
S|VEMIN|60230556|10784722| |DF|1|0|0|0|0|0|0|0|0|0|0|0|0
S|VEMIN|60230556|10784722| |IF|0|0|0|0|0|0|0|0|0|0|0|0|0
S|GM619|60238056|10523889| |TF|0|0|0|0|0|0|0|0|0|0|0|0|0
S|GM400|60281025|10278583| |TF|0|0|0|0|0|0|0|0|0|0|0|0|0
S|GM445|60405111|10099181| |TF|0|0|0|0|0|0|0|0|0|0|0|0|0
S|GM450|60589958|10026667| |TF|0|0|0|0|0|0|0|0|0|0|0|0|0
S|EVTOG|60816764|9936533| |TF|0|0|0|0|0|0|0|0|0|0|0|0|0

P|VEMI5A|01L|VIPPA|0|7
S| |91000000|181000000| |CA|0|1200|0|0|0|0|1|1700|0|0|0|0|0
S|VEMIN|60230556|10784722| |DF|1|0|0|0|0|0|0|0|0|0|0|0|0
S|VEMIN|60230556|10784722| |IF|0|0|0|0|0|0|0|0|0|0|0|0|0
S|GM614|60164167|10598611| |TF|0|0|0|0|0|0|0|0|0|0|0|0|0
S|NANON|59588642|10399850| |TF|0|0|0|0|0|0|0|0|0|0|0|0|0
S|NEDZA|59169111|10259267| |TF|0|0|0|0|0|0|0|0|0|0|0|0|0
S|VIPPA|58942500|10228611| |TF|0|0|0|0|0|0|0|0|0|0|0|0|0

P|VIBU6C|19L|MASEV|0|6
S| |91000000|181000000| |CA|0|19200|0|0|0|0|1|1700|0|0|0|0|0
S|VIBUK|60166667|11448611| |DF|1|0|0|0|0|0|0|0|0|0|0|0|0
S|VIBUK|60166667|11448611| |IF|0|0|0|0|0|0|0|0|0|0|0|0|0
S|GM508|60278611|11723333| |TF|0|0|0|0|0|0|0|0|0|0|0|0|0
S|GM422|60262611|11954833| |TF|0|0|0|0|0|0|0|0|0|0|0|0|0
S|MASEV|60177778|12534722| |TF|0|0|0|0|0|0|0|0|0|0|0|0|0

P|VIBU6C|19L|OKSAT|0|8
S| |91000000|181000000| |CA|0|19200|0|0|0|0|1|1700|0|0|0|0|0
S|VIBUK|60166667|11448611| |DF|1|0|0|0|0|0|0|0|0|0|0|0|0
S|VIBUK|60166667|11448611| |IF|0|0|0|0|0|0|0|0|0|0|0|0|0
S|GM449|60023786|12035142| |TF|0|0|0|0|0|0|0|0|0|0|0|0|0
S|TUMGU|59891144|12020006| |TF|0|0|0|0|0|0|0|0|0|0|0|0|0
S|ERLUM|59772433|12006561| |TF|0|0|0|0|0|0|0|0|0|0|0|0|0
S|ENEPO|59605100|11987769| |TF|0|0|0|0|0|0|0|0|0|0|0|0|0
S|OKSAT|59329444|11957222| |TF|0|0|0|0|0|0|0|0|0|0|0|0|0

P|VIBU6C|19L|RIBBE|0|7
S| |91000000|181000000| |CA|0|19200|0|0|0|0|1|1700|0|0|0|0|0
S|VIBUK|60166667|11448611| |DF|1|0|0|0|0|0|0|0|0|0|0|0|0
S|VIBUK|60166667|11448611| |IF|0|0|0|0|0|0|0|0|0|0|0|0|0
S|NIDIM|60422222|11634722| |TF|0|0|0|0|0|0|0|0|0|0|0|0|0
S|LILBA|60826389|11745833| |TF|0|0|0|0|0|0|0|0|0|0|0|0|0
S|NOHUG|61219983|11764689| |TF|0|0|0|0|0|0|0|0|0|0|0|0|0
S|RIBBE|61374547|11483053| |TF|0|0|0|0|0|0|0|0|0|0|0|0|0

P|VIPA1A|01L|VIPPA|0|7
S|GM436|60256944|11115000|MES|CF|0|1200|5260|16040|300|230|0|0|0|0|0|0|0
S|GM437|60288333|11105556| |TF|0|0|0|0|0|0|0|0|0|1|0|0|0
S|GM439|60325000|10800000| |TF|0|0|0|0|0|0|0|0|0|0|0|0|0
S|GM614|60164167|10598611| |TF|0|0|0|0|0|0|0|0|0|0|0|0|0
S|NANON|59588642|10399850| |TF|0|0|0|0|0|0|0|0|0|0|0|0|0
S|NEDZA|59169111|10259267| |TF|0|0|0|0|0|0|0|0|0|0|0|0|0
S|VIPPA|58942500|10228611| |TF|0|0|0|0|0|0|0|0|0|0|0|0|0

P|VIPA1C|19L|VIPPA|0|5
S|GM604|60133333|11083333|MES|CF|0|19200|5960|16320|300|230|0|0|0|0|0|0|0
S|GM602|60058333|11066667| |TF|0|0|0|0|0|0|0|0|0|0|0|0|0
S|KUBUB|59541867|10697222| |TF|0|0|0|0|0|0|0|0|0|0|0|0|0
S|VIRRE|59043889|10520833| |TF|0|0|0|0|0|0|0|0|0|0|0|0|0
S|VIPPA|58942500|10228611| |TF|0|0|0|0|0|0|0|0|0|0|0|0|0

P|VIPA6B|01R|VIPPA|0|6
S| |91000000|181000000| |CA|0|1200|0|0|0|205|1|1100|0|0|0|0|0
S|GM440|60226944|11316667| |DF|2|0|0|0|0|230|0|0|0|0|0|0|0
S|GM441|60154333|11355278| |TF|0|0|0|0|0|0|0|0|0|0|0|0|0
S|KUBUB|59541867|10697222| |TF|0|0|0|0|0|0|0|0|0|0|0|0|0
S|VIRRE|59043889|10520833| |TF|0|0|0|0|0|0|0|0|0|0|0|0|0
S|VIPPA|58942500|10228611| |TF|0|0|0|0|0|0|0|0|0|0|0|0|0

P|VIPA6D|19R|VIPPA|0|6
S| |91000000|181000000| |CI|0|19200|0|0|0|230|0|0|0|0|0|0|0
S|GM442|60141361|10953139|MES|CF|0|24100|5840|16680|400|0|0|0|0|0|0|0|0
S|GM607|60048611|10552778| |TF|0|0|0|0|0|0|0|0|0|0|0|0|0
S|NANON|59588642|10399850| |TF|0|0|0|0|0|0|0|0|0|0|0|0|0
S|NEDZA|59169111|10259267| |TF|0|0|0|0|0|0|0|0|0|0|0|0|0
S|VIPPA|58942500|10228611| |TF|0|0|0|0|0|0|0|0|0|0|0|0|0

