P|BAMV1G|07|BAMVA|0|5
S| |91000000|181000000| |CA|0|6800|0|0|0|0|1|600|0|0|0|0|0
S|KB408|63122972|8042694| |DF|0|0|0|0|0|205|0|0|0|0|0|0|0
S|KB404|63064236|8118847| |TF|0|0|0|0|0|250|0|0|0|0|0|0|0
S|KB406|62979231|7855042| |TF|0|0|0|0|0|0|0|0|0|0|0|0|0
S|BAMVA|62650472|8191972| |TF|0|0|0|0|0|0|0|0|0|0|0|0|0

P|BAMV2H|25|BAMVA|0|3
S|KB403|63059489|7484336| |DF|0|0|0|0|0|0|0|0|0|0|0|0|0
S|KB405|62965144|7555253| |TF|0|0|0|0|0|250|0|0|0|0|0|0|0
S|BAMVA|62650472|8191972| |TF|0|0|0|0|0|0|0|0|0|0|0|0|0

P|ENKB4Y|07| |0|2
S| |91000000|181000000| |CA|0|6800|0|0|0|0|1|900|0|0|0|0|0
S| |91000000|181000000| |VM|0|6800|0|0|0|0|0|0|0|0|0|0|0

P|ENKB5Z|25| |0|2
S| |91000000|181000000| |CA|0|24800|0|0|0|0|1|1000|0|0|0|0|0
S| |91000000|181000000| |VM|0|24800|0|0|0|0|0|0|0|0|0|0|0

P|GIGI1H|25|GIGIR|0|3
S|KB403|63059489|7484336| |DF|0|0|0|0|0|0|0|0|0|0|0|0|0
S|BOKVO|62707222|7024222| |TF|0|0|0|0|0|0|0|0|0|0|0|0|0
S|GIGIR|62210639|7378639| |TF|0|0|0|0|0|0|0|0|0|0|0|0|0

P|GIGI2G|07|GIGIR|0|6
S| |91000000|181000000| |CA|0|6800|0|0|0|0|1|600|0|0|0|0|0
S|KB408|63122972|8042694| |DF|0|0|0|0|0|205|0|0|0|0|0|0|0
S|KB404|63064236|8118847| |TF|0|0|0|0|0|250|0|0|0|0|0|0|0
S|KB406|62979231|7855042| |TF|0|0|0|0|0|0|0|0|0|0|0|0|0
S|UPGEN|62654000|7285528| |TF|0|0|0|0|0|0|0|0|0|0|0|0|0
S|GIGIR|62210639|7378639| |TF|0|0|0|0|0|0|0|0|0|0|0|0|0

P|NELS2G|07|NELSU|0|4
S| |91000000|181000000| |CA|0|6800|0|0|0|0|1|600|0|0|0|0|0
S|KB408|63122972|8042694| |DF|0|0|0|0|0|205|0|0|0|0|0|0|0
S|EPALU|63127750|8820806| |TF|0|0|0|0|0|0|0|0|0|0|0|0|0
S|NELSU|63108972|9630861| |TF|0|0|0|0|0|0|0|0|0|0|0|0|0

P|NELS2H|25|NELSU|0|4
S|KB403|63059489|7484336| |DF|0|0|0|0|0|0|0|0|0|0|0|0|0
S|KB405|62965144|7555253| |TF|0|0|0|0|0|250|0|0|0|0|0|0|0
S|EPALU|63127750|8820806| |TF|0|0|0|0|0|0|0|0|0|0|0|0|0
S|NELSU|63108972|9630861| |TF|0|0|0|0|0|0|0|0|0|0|0|0|0

P|OGDI1G|07|OGDIT|0|5
S| |91000000|181000000| |CA|0|6800|0|0|0|0|1|600|0|0|0|0|0
S|KB408|63122972|8042694| |DF|0|0|0|0|0|205|0|0|0|0|0|0|0
S|KB404|63064236|8118847| |TF|0|0|0|0|0|250|0|0|0|0|0|0|0
S|KB406|62979231|7855042| |TF|0|0|0|0|0|0|0|0|0|0|0|0|0
S|OGDIT|61837308|6623142| |TF|0|0|0|0|0|0|0|0|0|0|0|0|0

P|OGDI1H|25|OGDIT|0|3
S|KB403|63059489|7484336| |DF|0|0|0|0|0|0|0|0|0|0|0|0|0
S|VOVZA|62786019|7548228| |TF|0|0|0|0|0|0|0|0|0|0|0|0|0
S|OGDIT|61837308|6623142| |TF|0|0|0|0|0|0|0|0|0|0|0|0|0

P|TUTO1H|25|TUTOP|0|3
S|KB403|63059489|7484336| |DF|0|0|0|0|0|0|0|0|0|0|0|0|0
S|VEXAP|62656064|6709333| |TF|0|0|0|0|0|0|0|0|0|0|0|0|0
S|TUTOP|62000000|5453333| |TF|0|0|0|0|0|0|0|0|0|0|0|0|0

P|TUTO2G|07|TUTOP|0|6
S| |91000000|181000000| |CA|0|6800|0|0|0|0|1|600|0|0|0|0|0
S|KB408|63122972|8042694| |DF|0|0|0|0|0|205|0|0|0|0|0|0|0
S|KB404|63064236|8118847| |TF|0|0|0|0|0|250|0|0|0|0|0|0|0
S|KB406|62979231|7855042| |TF|0|0|0|0|0|0|0|0|0|0|0|0|0
S|BAXAB|62469981|6219431| |TF|0|0|0|0|0|0|0|0|0|0|0|0|0
S|TUTOP|62000000|5453333| |TF|0|0|0|0|0|0|0|0|0|0|0|0|0

