P|ATJE1B|30|ATJEF|0|3
S|NO510|59590419|9147158|SVA|CF|0|30400|9850|1960|200|205|0|0|0|1|0|0|0
S|NO511|59623456|8971919| |DF|0|0|0|0|0|205|0|0|0|1|0|0|0
S|ATJEF|59744875|8950875| |DF|0|0|0|0|0|0|0|0|0|0|0|0|0

P|URAB1A|12|URABE|0|4
S| |91000000|181000000|NT|CD|0|12400|0|0|260|0|0|0|0|0|0|0|0
S|NO431|59509994|9322125|SVA|CF|0|13900|9640|2360|200|250|0|0|0|1|0|0|0
S|NO432|59427325|9305072| |DF|2|0|0|0|0|0|0|0|0|0|0|0|0
S|URABE|59372350|8857481| |TF|0|0|0|0|0|0|0|0|0|0|0|0|0

P|URAB1B|30|URABE|0|4
S|NO510|59590419|9147158|SVA|CF|0|30400|9850|1960|200|205|0|0|0|1|0|0|0
S|NO511|59623456|8971919| |DF|0|0|0|0|0|205|0|0|0|0|0|0|0
S|NO512|59593061|8606464| |TF|0|0|0|0|0|250|0|0|0|1|0|0|0
S|URABE|59372350|8857481| |DF|1|0|0|0|0|0|0|0|0|0|0|0|0

P|URAB1X|30|URABE|0|3
S|NO510|59590419|9147158|SVA|CF|0|30400|9850|1960|200|205|0|0|0|1|0|0|0
S|NO511|59623456|8971919| |DF|0|0|0|0|0|205|0|0|0|1|0|0|0
S|URABE|59372350|8857481| |DF|1|0|0|0|0|0|0|0|0|0|0|0|0

