P|DEXI3B|11|DEXIR|0|5
S|GD421|54325722|18675139|GZD|CF|0|10600|950|10590|700|220|1|3300|0|0|0|0|0
S|GD444|54249222|18619417| |TF|0|0|0|0|0|220|1|5500|0|0|0|0|0
S|GD451|54260000|18326417| |TF|0|0|0|0|0|0|1|9000|0|0|0|0|0
S|EVNOB|54264972|18184639| |TF|0|0|0|0|0|0|0|0|0|0|0|0|0
S|DEXIR|54224167|17448889| |TF|0|0|0|0|0|0|1|10000|0|0|0|0|0

P|DEXI3H|29|DEXIR|0|4
S|GD541|54442222|18202861|GZD|CF|0|28600|850|28590|950|220|1|4500|0|0|0|0|0
S|GD542|54350806|18137333| |TF|0|0|0|0|0|0|1|7000|0|0|0|0|0
S|GD543|54287944|17833333| |TF|0|0|0|0|0|0|0|0|0|0|0|0|0
S|DEXIR|54224167|17448889| |TF|0|0|0|0|0|0|1|10000|0|0|0|0|0

P|IRLU3B|11|IRLUN|0|4
S|GD421|54325722|18675139|GZD|CF|0|10600|950|10590|700|220|1|3300|0|0|0|0|0
S|GD444|54249222|18619417| |TF|0|0|0|0|0|0|1|5500|0|0|0|0|0
S|GD446|53939611|18616500| |TF|0|0|0|0|0|0|1|13000|0|0|0|0|0
S|IRLUN|53750583|18614861| |TF|0|0|0|0|0|0|0|0|0|0|0|0|0

P|IRLU3H|29|IRLUN|0|6
S|GD541|54442222|18202861|GZD|CF|0|28600|850|28590|950|220|1|4500|0|0|0|0|0
S|GD542|54350806|18137333| |TF|0|0|0|0|0|220|1|7000|0|0|0|0|0
S|GD551|54283167|18258222| |TF|0|0|0|0|0|0|1|9000|0|0|0|0|0
S|GD531|54128250|18362972| |TF|0|0|0|0|0|0|0|0|0|0|0|0|0
S|GD532|53839083|18556278| |TF|0|0|0|0|0|0|1|13000|0|0|0|0|0
S|IRLUN|53750583|18614861| |TF|0|0|0|0|0|0|0|0|0|0|0|0|0

P|NIKM2H|29|NIKMI|0|5
S|GD511|54426278|18268167|GZD|CF|0|28600|600|28580|700|220|1|3300|0|0|0|0|0
S|GD512|54349583|18213056| |TF|0|0|0|0|0|220|1|5000|0|0|0|0|0
S|GD513|54314167|18357361| |TF|0|0|0|0|0|250|0|0|0|0|0|0|0
S|GD514|54338028|18601639| |TF|0|0|0|0|0|0|1|10000|0|0|0|0|0
S|NIKMI|54201306|19145083| |TF|0|0|0|0|0|0|0|0|0|0|0|0|0

P|NIKM3B|11|NIKMI|0|3
S|GD421|54325722|18675139|GZD|CF|0|10600|950|10590|700|0|1|3300|0|0|0|0|0
S|GD432|54139667|19049972| |TF|0|0|0|0|0|250|0|0|0|0|0|0|0
S|NIKMI|54201306|19145083| |TF|0|0|0|0|0|0|1|10000|0|0|0|0|0

P|VAPO2H|29|VAPOS|0|3
S|GD511|54426278|18268167|GZD|CF|0|28600|600|28580|700|0|1|3300|0|0|0|0|0
S|GD521|54594556|18089639| |TF|0|0|0|0|0|0|0|0|0|0|0|0|0
S|VAPOS|54795278|17826667| |TF|0|0|0|0|0|0|1|11000|0|0|0|0|0

P|VAPO3B|11|VAPOS|0|5
S|GD421|54325722|18675139|GZD|CF|0|10600|950|10590|700|220|1|3300|0|0|0|0|0
S|GD422|54483250|18787056| |TF|0|0|0|0|0|220|2|8000|0|0|0|0|0
S|UGNUR|54606167|18273000| |TF|0|0|0|0|0|0|1|10000|0|0|0|0|0
S|GD423|54637417|18140250| |TF|0|0|0|0|0|0|1|12000|0|0|0|0|0
S|VAPOS|54795278|17826667| |TF|0|0|0|0|0|0|0|0|0|0|0|0|0

P|VIZA2B|11|VIZAN|0|4
S|GD421|54325722|18675139|GZD|CF|0|10600|950|10590|700|220|1|3300|0|0|0|0|0
S|GD422|54483250|18787056| |TF|0|0|0|0|0|220|2|8000|0|0|0|0|0
S|UGNUR|54606167|18273000| |TF|0|0|0|0|0|0|1|10000|0|0|0|0|0
S|VIZAN|54650000|17647778| |TF|0|0|0|0|0|0|0|0|0|0|0|0|0

P|VIZA2H|29|VIZAN|0|2
S|GD511|54426278|18268167|GZD|CF|0|28600|600|28580|700|0|1|3300|0|0|0|0|0
S|VIZAN|54650000|17647778| |TF|0|0|0|0|0|0|0|0|0|0|0|0|0

