P|ADAD1L|08|ADADO|0|6
S|KT811|50475611|19221639|KAX|CF|0|8400|520|8530|470|230|0|0|0|0|0|0|0
S|KT812|50292472|19220583| |TF|0|0|0|0|0|0|0|0|0|0|0|0|0
S|KT814|50293083|18937222| |TF|0|0|0|0|0|0|0|0|0|0|0|0|0
S|JEZWA|50290861|18775194| |TF|0|0|0|0|0|0|1|14000|0|0|0|0|0
S|ZOSWA|50291667|18435444| |TF|0|0|0|0|0|0|2|19000|0|0|0|0|0
S|ADADO|50209481|17747931| |TF|0|0|0|0|0|0|0|0|0|0|0|0|0

P|ADAD1M|26|ADADO|0|4
S|KT601|50476222|18938111|KAX|CF|0|26400|560|26320|470|0|0|0|0|0|0|0|0
S|YOKHI|50471222|18569306| |TF|0|0|0|0|0|0|0|0|0|0|0|0|0
S|ZOSWA|50291667|18435444| |TF|0|0|0|0|0|0|0|0|0|0|0|0|0
S|ADADO|50209481|17747931| |TF|0|0|0|0|0|0|0|0|0|0|0|0|0

P|BABK4L|08|BABKO|0|6
S|KT811|50475611|19221639|KAX|CF|0|8400|520|8530|470|230|0|0|0|0|0|0|0
S|KT812|50292472|19220583| |TF|0|0|0|0|0|0|0|0|0|0|0|0|0
S|KUGJO|50206750|19417972| |TF|0|0|0|0|0|0|0|0|0|0|0|0|0
S|NIFCU|50057139|19637778| |TF|0|0|0|0|0|0|0|0|0|0|0|0|0
S|PACIW|49878194|19698306| |TF|0|0|0|0|0|0|0|0|0|0|0|0|0
S|BABKO|49611667|19469444| |TF|0|0|0|0|0|0|0|0|0|0|0|0|0

P|BABK5M|26|BABKO|0|6
S|KT601|50476222|18938111|KAX|CF|0|26400|560|26320|470|230|0|0|0|0|0|0|0
S|KT814|50293083|18937222| |TF|0|0|0|0|0|0|0|0|0|0|0|0|0
S|EZHOT|50188694|19291361| |TF|0|0|0|0|0|0|1|11000|0|0|0|0|0
S|NIFCU|50057139|19637778| |TF|0|0|0|0|0|0|0|0|0|0|0|0|0
S|PACIW|49878194|19698306| |TF|0|0|0|0|0|0|0|0|0|0|0|0|0
S|BABKO|49611667|19469444| |TF|0|0|0|0|0|0|0|0|0|0|0|0|0

P|KURO4L|08|KURON|0|4
S|KT811|50475611|19221639|KAX|CF|0|8400|520|8530|470|0|0|0|0|0|0|0|0
S|DUFOH|50473389|19643139| |TF|0|0|0|0|0|0|2|10000|0|0|0|0|0
S|USJOK|50471472|19903417| |TF|0|0|0|0|0|0|1|12000|0|0|0|0|0
S|KURON|50631667|20148056| |TF|0|0|0|0|0|0|0|0|0|0|0|0|0

P|KURO5M|26|KURON|0|7
S|KT601|50476222|18938111|KAX|CF|0|26400|560|26320|470|230|0|0|0|0|0|0|0
S|KT603|50659361|18939028| |TF|0|0|0|0|0|230|0|0|0|0|0|0|0
S|KT604|50657944|19085222| |TF|2|0|0|0|0|0|0|0|0|0|0|0|0
S|NIFOW|50656417|19384861| |TF|0|0|0|0|0|0|1|12000|0|0|0|0|0
S|ATSEW|50649861|19646139| |TF|0|0|0|0|0|0|0|0|0|0|0|0|0
S|EGLUC|50640722|19905806| |TF|0|0|0|0|0|0|1|17000|0|0|0|0|0
S|KURON|50631667|20148056| |TF|0|0|0|0|0|0|0|0|0|0|0|0|0

P|LUMV1L|08|LUMVE|0|6
S|KT811|50475611|19221639|KAX|CF|0|8400|520|8530|470|230|0|0|0|0|0|0|0
S|KT813|50658750|19222694| |TF|0|0|0|0|0|230|0|0|0|0|0|0|0
S|KT817|50660917|19086167| |TF|0|0|0|0|0|230|0|0|0|0|0|0|0
S|CUZAC|50657889|18774500| |TF|0|0|0|0|0|0|1|14000|0|0|0|0|0
S|FUMCA|50654611|18503833| |TF|0|0|0|0|0|0|0|0|0|0|0|0|0
S|LUMVE|50735278|18232222| |TF|0|0|0|0|0|0|0|0|0|0|0|0|0

P|LUMV2M|26|LUMVE|0|4
S|KT601|50476222|18938111|KAX|CF|0|26400|560|26320|470|0|0|0|0|0|0|0|0
S|YOKHI|50471222|18569306| |TF|0|0|0|0|0|0|0|0|0|0|0|0|0
S|KUVJE|50574000|18438333| |TF|0|0|0|0|0|0|0|0|0|0|0|0|0
S|LUMVE|50735278|18232222| |TF|0|0|0|0|0|0|0|0|0|0|0|0|0

P|LUXA5L|08|LUXAR|0|6
S|KT811|50475611|19221639|KAX|CF|0|8400|520|8530|470|0|0|0|0|0|0|0|0
S|DUFOH|50473389|19643139| |TF|0|0|0|0|0|0|2|10000|0|0|0|0|0
S|USJOK|50471472|19903417| |TF|0|0|0|0|0|0|1|12000|0|0|0|0|0
S|QAQUW|50142333|20255917| |TF|0|0|0|0|0|0|0|0|0|0|0|0|0
S|NUZEH|49962944|20356417| |TF|0|0|0|0|0|0|0|0|0|0|0|0|0
S|LUXAR|49930000|21175278| |TF|0|0|0|0|0|0|0|0|0|0|0|0|0

P|LUXA6M|26|LUXAR|0|6
S|KT601|50476222|18938111|KAX|CF|0|26400|560|26320|470|230|0|0|0|0|0|0|0
S|KT814|50293083|18937222| |TF|0|0|0|0|0|0|0|0|0|0|0|0|0
S|EZHOT|50188694|19291361| |TF|0|0|0|0|0|0|1|11000|0|0|0|0|0
S|NIFCU|50057139|19637778| |TF|0|0|0|0|0|0|0|0|0|0|0|0|0
S|IFZER|49945833|20128444| |TF|0|0|0|0|0|0|1|21000|0|0|0|0|0
S|LUXAR|49930000|21175278| |TF|0|0|0|0|0|0|0|0|0|0|0|0|0

P|NAVU4L|08|NAVUR|0|4
S|KT811|50475611|19221639|KAX|CF|0|8400|520|8530|470|230|0|0|0|0|0|0|0
S|NIFOW|50656417|19384861| |TF|0|0|0|0|0|0|0|0|0|0|0|0|0
S|TIGJA|50887250|19910444| |TF|0|0|0|0|0|0|2|16000|0|0|0|0|0
S|NAVUR|51013056|19911111| |TF|0|0|0|0|0|0|0|0|0|0|0|0|0

P|NAVU4M|26|NAVUR|0|6
S|KT601|50476222|18938111|KAX|CF|0|26400|560|26320|470|230|0|0|0|0|0|0|0
S|KT603|50659361|18939028| |TF|0|0|0|0|0|230|0|0|0|0|0|0|0
S|KT604|50657944|19085222| |TF|2|0|0|0|0|0|0|0|0|0|0|0|0
S|NIFOW|50656417|19384861| |TF|0|0|0|0|0|0|1|12000|0|0|0|0|0
S|TIGJA|50887250|19910444| |TF|0|0|0|0|0|0|0|0|0|0|0|0|0
S|NAVUR|51013056|19911111| |TF|0|0|0|0|0|0|0|0|0|0|0|0|0

P|OMFO1L|08|OMFOL|0|6
S|KT811|50475611|19221639|KAX|CF|0|8400|520|8530|470|230|0|0|0|0|0|0|0
S|KT812|50292472|19220583| |TF|0|0|0|0|0|0|0|0|0|0|0|0|0
S|KT814|50293083|18937222| |TF|0|0|0|0|0|0|0|0|0|0|0|0|0
S|JEZWA|50290861|18775194| |TF|0|0|0|0|0|0|1|14000|0|0|0|0|0
S|ZOSWA|50291667|18435444| |TF|0|0|0|0|0|0|2|19000|0|0|0|0|0
S|OMFOL|50451111|17819444| |TF|0|0|0|0|0|0|0|0|0|0|0|0|0

P|OMFO1M|26|OMFOL|0|3
S|KT601|50476222|18938111|KAX|CF|0|26400|560|26320|470|0|0|0|0|0|0|0|0
S|YOKHI|50471222|18569306| |TF|0|0|0|0|0|0|0|0|0|0|0|0|0
S|OMFOL|50451111|17819444| |TF|0|0|0|0|0|0|0|0|0|0|0|0|0

P|REGT3L|08|REGTO|0|7
S|KT811|50475611|19221639|KAX|CF|0|8400|520|8530|470|0|0|0|0|0|0|0|0
S|DUFOH|50473389|19643139| |TF|0|0|0|0|0|0|2|10000|0|0|0|0|0
S|USJOK|50471472|19903417| |TF|0|0|0|0|0|0|1|12000|0|0|0|0|0
S|QAQUW|50142333|20255917| |TF|0|0|0|0|0|0|0|0|0|0|0|0|0
S|NUZEH|49962944|20356417| |TF|0|0|0|0|0|0|0|0|0|0|0|0|0
S|UMTAH|49576222|20570389| |TF|0|0|0|0|0|0|1|25000|0|0|0|0|0
S|REGTO|49403611|20664722| |TF|0|0|0|0|0|0|0|0|0|0|0|0|0

P|REGT4M|26|REGTO|0|7
S|KT601|50476222|18938111|KAX|CF|0|26400|560|26320|470|230|0|0|0|0|0|0|0
S|KT814|50293083|18937222| |TF|0|0|0|0|0|0|0|0|0|0|0|0|0
S|EZHOT|50188694|19291361| |TF|0|0|0|0|0|0|1|11000|0|0|0|0|0
S|NIFCU|50057139|19637778| |TF|0|0|0|0|0|0|0|0|0|0|0|0|0
S|PACIW|49878194|19698306| |TF|0|0|0|0|0|0|0|0|0|0|0|0|0
S|DUZOW|49704972|20055139| |TF|0|0|0|0|0|0|1|22000|0|0|0|0|0
S|REGTO|49403611|20664722| |TF|0|0|0|0|0|0|0|0|0|0|0|0|0

P|TUSI4L|08|TUSIN|0|8
S|KT811|50475611|19221639|KAX|CF|0|8400|520|8530|470|230|0|0|0|0|0|0|0
S|KT812|50292472|19220583| |TF|0|0|0|0|0|0|0|0|0|0|0|0|0
S|KT814|50293083|18937222| |TF|0|0|0|0|0|0|0|0|0|0|0|0|0
S|FESCU|50180972|18851333| |TF|0|0|0|0|0|0|1|14000|0|0|0|0|0
S|NIWZE|50088000|18780472| |TF|0|0|0|0|0|0|1|16000|0|0|0|0|0
S|LEHUW|49997806|18703333| |TF|0|0|0|0|0|0|1|18000|0|0|0|0|0
S|JOSWO|49923028|18637778| |TF|0|0|0|0|0|0|0|0|0|0|0|0|0
S|TUSIN|49847494|18572836| |TF|0|0|0|0|0|0|0|0|0|0|0|0|0

P|TUSI4M|26|TUSIN|0|5
S|KT601|50476222|18938111|KAX|CF|0|26400|560|26320|470|0|0|0|0|0|0|0|0
S|YOKHI|50471222|18569306| |TF|0|0|0|0|0|0|0|0|0|0|0|0|0
S|ZOSWA|50291667|18435444| |TF|0|0|0|0|0|0|0|0|0|0|0|0|0
S|WUDWE|50131222|18485389| |TF|0|0|0|0|0|0|1|15000|0|0|0|0|0
S|TUSIN|49847494|18572836| |TF|0|0|0|0|0|0|0|0|0|0|0|0|0

