P|LUNU1A|11|LUNUK|0|4
S|WR802|51052611|17048694|WCL|CF|0|11100|550|11110|700|220|1|3000|0|0|0|0|0
S|NUDRO|51165278|17325556| |TF|0|0|0|0|0|0|2|9000|0|0|0|0|0
S|WR811|51299639|17596917| |TF|0|0|0|0|0|0|1|10000|0|0|0|0|0
S|LUNUK|51448889|18057500| |TF|0|0|0|0|0|0|0|0|0|0|0|0|0

P|LUNU1K|29|LUNUK|0|4
S|WR902|51202556|16557583|WCL|CF|0|29100|1520|29090|1300|250|1|6000|0|0|0|0|0
S|WR903|51371722|16705944| |TF|2|0|0|0|0|250|1|10000|0|0|0|0|0
S|WR904|51258167|17078333| |TF|0|0|0|0|0|0|1|13000|0|0|0|0|0
S|LUNUK|51448889|18057500| |TF|0|0|0|0|0|0|0|0|0|0|0|0|0

P|MOFK1A|11|MOFKE|0|3
S|WR802|51052611|17048694|WCL|CF|0|11100|550|11110|700|220|1|3000|0|0|0|0|0
S|WR841|50881333|17444833| |TF|0|0|0|0|0|0|1|10000|0|0|0|0|0
S|MOFKE|50586667|18018333| |TF|0|0|0|0|0|0|0|0|0|0|0|0|0

P|MOFK1K|29|MOFKE|0|4
S|WR902|51202556|16557583|WCL|CF|0|29100|1520|29090|1300|250|1|6000|0|0|0|0|0
S|WR903|51371722|16705944| |TF|2|0|0|0|0|250|1|10000|0|0|0|0|0
S|WR904|51258167|17078333| |TF|0|0|0|0|0|0|1|13000|0|0|0|0|0
S|MOFKE|50586667|18018333| |TF|0|0|0|0|0|0|0|0|0|0|0|0|0

P|PEKO1K|29|PEKOT|0|4
S|WR902|51202556|16557583|WCL|CF|0|29100|1520|29090|1300|250|1|6000|0|0|0|0|0
S|WR903|51371722|16705944| |TF|2|0|0|0|0|250|1|10000|0|0|0|0|0
S|WR904|51258167|17078333| |TF|0|0|0|0|0|0|1|13000|0|0|0|0|0
S|PEKOT|50388333|17443333| |TF|0|0|0|0|0|0|0|0|0|0|0|0|0

P|PEKO2A|11|PEKOT|0|7
S|WR801|51069778|16993000|WCL|CF|0|11100|310|11110|400|210|1|2000|0|0|0|0|0
S|WR804|50995361|16935417| |TF|0|0|0|0|0|220|1|4000|0|0|0|0|0
S|WR821|50905167|16865889| |TF|0|0|0|0|0|220|2|9000|0|0|0|0|0
S|WR822|50970889|16651139| |TF|0|0|0|0|0|220|1|10000|0|0|0|0|0
S|WR823|50873861|16577139| |TF|0|0|0|0|0|250|0|0|0|0|0|0|0
S|WR824|50546806|17163833| |TF|0|0|0|0|0|0|0|0|0|0|0|0|0
S|PEKOT|50388333|17443333| |TF|0|0|0|0|0|0|0|0|0|0|0|0|0

P|ULGI1K|29|ULGIL|0|3
S|WR901|51123639|16817278|WCL|CF|0|29100|430|29090|300|220|1|1300|0|1|0|0|0
S|GODLO|51003889|16504167| |TF|0|0|0|0|0|0|2|9000|0|0|0|0|0
S|ULGIL|51098611|16020000| |TF|0|0|0|0|0|0|0|0|0|0|0|0|0

P|ULGI3A|11|ULGIL|0|7
S|WR801|51069778|16993000|WCL|CF|0|11100|310|11110|400|210|1|2000|0|0|0|0|0
S|WR804|50995361|16935417| |TF|0|0|0|0|0|220|1|4000|0|0|0|0|0
S|WR821|50905167|16865889| |TF|0|0|0|0|0|220|2|9000|0|0|0|0|0
S|WR822|50970889|16651139| |TF|0|0|0|0|0|220|1|10000|0|0|0|0|0
S|OBOVI|51021417|16484750| |TF|0|0|0|0|0|250|1|11000|0|0|0|0|0
S|WR832|51031444|16353750| |TF|0|0|0|0|0|0|1|12000|0|0|0|0|0
S|ULGIL|51098611|16020000| |TF|0|0|0|0|0|0|0|0|0|0|0|0|0

P|XIDN1A|11|XIDNA|0|4
S|WR802|51052611|17048694|WCL|CF|0|11100|550|11110|700|220|1|3000|0|0|0|0|0
S|NUDRO|51165278|17325556| |TF|0|0|0|0|0|0|2|9000|0|0|0|0|0
S|WR803|51354694|17210306| |TF|0|0|0|0|0|0|1|13000|0|0|0|0|0
S|XIDNA|51700000|16997500| |TF|0|0|0|0|0|0|0|0|0|0|0|0|0

P|XIDN1K|29|XIDNA|0|4
S|WR902|51202556|16557583|WCL|CF|0|29100|1520|29090|1300|250|1|6000|0|0|0|0|0
S|WR903|51371722|16705944| |TF|2|0|0|0|0|250|0|0|0|0|0|0|0
S|GATPO|51420500|16860806| |TF|0|0|0|0|0|250|0|0|0|0|0|0|0
S|XIDNA|51700000|16997500| |TF|0|0|0|0|0|0|0|0|0|0|0|0|0

