P|DETN3J|21|DETNA|0|4
S|GG702|57618250|12239306|LAV|CF|0|20200|280|21160|300|0|0|0|0|1|0|0|0
S|GG703|57568778|12194500| |TF|0|0|0|0|0|0|0|0|0|0|0|0|0
S|GG704|57539417|11914528| |TF|0|0|0|0|0|0|0|0|0|0|0|0|0
S|DETNA|57587611|11069056| |TF|0|0|0|0|0|0|0|0|0|0|0|0|0

P|DETN3M|03|DETNA|0|5
S|GG401|57690806|12305306|LAV|CF|0|2200|210|940|100|0|0|0|0|1|0|0|0
S| |91000000|181000000| |CA|0|2200|0|0|0|0|1|900|0|0|0|0|0
S|GG901|57753222|12191250| |DF|1|0|0|0|0|210|0|0|0|0|0|0|0
S|GG902|57767861|12074583| |TF|0|0|0|0|0|0|0|0|0|0|0|0|0
S|DETNA|57587611|11069056| |TF|0|0|0|0|0|0|0|0|0|0|0|0|0

P|LABA3M|03|LABAN|0|4
S|GG402|57696222|12310222|LAV|CF|0|2200|250|1120|200|0|0|0|0|1|0|0|0
S| |91000000|181000000| |CA|0|2200|0|0|0|0|1|900|0|0|0|0|0
S|GG407|57781694|12484889| |DF|0|0|0|0|0|0|0|0|0|0|0|0|0
S|LABAN|58169389|13294306| |TF|0|0|0|0|0|0|0|0|0|0|0|0|0

P|LABA4J|21|LABAN|0|6
S|GG701|57636778|12256111|LAV|CF|0|20200|160|21910|100|0|0|0|0|1|0|0|0
S| |91000000|181000000| |CA|0|20200|0|0|0|0|1|900|0|0|0|0|0
S|GG604|57560778|12298694| |DF|0|0|0|0|0|210|0|0|0|0|0|0|0
S|GG605|57588361|12428194| |TF|0|0|0|0|0|0|0|0|0|0|0|0|0
S|GG606|57621694|12585806| |TF|0|0|0|0|0|0|0|0|0|0|0|0|0
S|LABAN|58169389|13294306| |TF|0|0|0|0|0|0|0|0|0|0|0|0|0

P|LUKA3M|03|LUKAX|0|5
S|GG402|57696222|12310222|LAV|CF|0|2200|250|1120|200|0|0|0|0|1|0|0|0
S| |91000000|181000000| |CA|0|2200|0|0|0|0|1|900|0|0|0|0|0
S|GG407|57781694|12484889| |DF|0|0|0|0|0|0|0|0|0|0|0|0|0
S|GG408|57778694|12963889| |TF|0|0|0|0|0|0|0|0|0|0|0|0|0
S|LUKAX|57713611|13148333| |TF|0|0|0|0|0|0|0|0|0|0|0|0|0

P|LUKA4J|21|LUKAX|0|6
S|GG701|57636778|12256111|LAV|CF|0|20200|160|21910|100|0|0|0|0|1|0|0|0
S| |91000000|181000000| |CA|0|20200|0|0|0|0|1|900|0|0|0|0|0
S|GG604|57560778|12298694| |DF|0|0|0|0|0|210|0|0|0|0|0|0|0
S|GG605|57588361|12428194| |TF|0|0|0|0|0|0|0|0|0|0|0|0|0
S|GG606|57621694|12585806| |TF|0|0|0|0|0|0|0|0|0|0|0|0|0
S|LUKAX|57713611|13148333| |TF|0|0|0|0|0|0|0|0|0|0|0|0|0

P|MISV3P|21|MISVI|0|3
S| |91000000|181000000| |CA|0|20200|0|0|0|0|1|1000|0|0|0|0|0
S|GG651|57662583|12430389| |DF|1|0|0|0|0|210|0|0|0|0|0|0|0
S|MISVI|57825000|12693556| |TF|0|0|0|0|0|0|0|0|0|0|0|0|0

P|NEGI2G|21|NEGIL|0|5
S|GG730|57630444|12250389|LAV|CF|0|20200|200|21550|200|0|0|0|0|1|0|0|0
S| |91000000|181000000| |CA|0|20200|0|0|0|0|1|900|0|0|0|0|0
S|GG731|57641917|11964194| |DF|0|0|0|0|0|210|0|0|0|0|0|0|0
S|PEVAK|57773278|11822861| |TF|0|0|0|0|0|0|0|0|0|0|0|0|0
S|NEGIL|58251389|12625278| |TF|0|0|0|0|0|0|0|0|0|0|0|0|0

P|NEGI3M|03|NEGIL|0|3
S|GG402|57696222|12310222|LAV|CF|0|2200|250|1120|200|0|0|0|0|1|0|0|0
S|GG406|57981222|12673250| |TF|0|0|0|0|0|0|0|0|0|0|0|0|0
S|NEGIL|58251389|12625278| |TF|0|0|0|0|0|0|0|0|0|0|0|0|0

P|PEVA2G|21|PEVAK|0|4
S|GG730|57630444|12250389|LAV|CF|0|20200|200|21550|200|0|0|0|0|1|0|0|0
S| |91000000|181000000| |CA|0|20200|0|0|0|0|1|900|0|0|0|0|0
S|GG731|57641917|11964194| |DF|0|0|0|0|0|210|0|0|0|0|0|0|0
S|PEVAK|57773278|11822861| |TF|0|0|0|0|0|0|0|0|0|0|0|0|0

P|SABA3J|21|SABAK|0|5
S|GG702|57618250|12239306|LAV|CF|0|20200|280|21160|300|0|0|0|0|1|0|0|0
S|GG703|57568778|12194500| |TF|0|0|0|0|0|0|0|0|0|0|0|0|0
S|GG704|57539417|11914528| |TF|0|0|0|0|0|0|0|0|0|0|0|0|0
S|GG705|57615889|11839944| |TF|0|0|0|0|0|0|0|0|0|0|0|0|0
S|SABAK|58176667|11642778| |TF|0|0|0|0|0|0|0|0|0|0|0|0|0

P|SABA3M|03|SABAK|0|5
S|GG401|57690806|12305306|LAV|CF|0|2200|210|940|100|0|0|0|0|1|0|0|0
S| |91000000|181000000| |CA|0|2200|0|0|0|0|1|900|0|0|0|0|0
S|GG901|57753222|12191250| |DF|1|0|0|0|0|210|0|0|0|0|0|0|0
S|GG902|57767861|12074583| |TF|0|0|0|0|0|0|0|0|0|0|0|0|0
S|SABAK|58176667|11642778| |TF|0|0|0|0|0|0|0|0|0|0|0|0|0

P|SOJW1P|03|TOPLA|0|5
S| |91000000|181000000| |CA|0|2200|0|0|0|0|1|1000|0|0|0|0|0
S|GG553|57567750|12376833| |DF|2|0|0|0|0|180|0|0|0|0|0|0|0
S|GG554|57312444|12322472| |TF|0|0|0|0|0|0|0|0|0|0|0|0|0
S|SOJWI|57185694|12334306| |TF|0|0|0|0|0|0|0|0|0|0|0|0|0
S|TOPLA|57135833|12338889| |TF|0|0|0|0|0|0|0|0|0|0|0|0|0

P|SULI3J|21|NEGIL|0|8
S|GG701|57636778|12256111|LAV|CF|0|20200|160|21910|100|0|0|0|0|1|0|0|0
S| |91000000|181000000| |CA|0|20200|0|0|0|0|1|900|0|0|0|0|0
S|GG604|57560778|12298694| |DF|0|0|0|0|0|210|0|0|0|0|0|0|0
S|GG605|57588361|12428194| |TF|0|0|0|0|0|0|0|0|0|0|0|0|0
S|GG606|57621694|12585806| |TF|0|0|0|0|0|0|0|0|0|0|0|0|0
S|GG409|57690389|12673194| |TF|0|0|0|0|0|0|0|0|0|0|0|0|0
S|SULIX|58201500|12629639| |TF|0|0|0|0|0|0|0|0|0|0|0|0|0
S|NEGIL|58251389|12625278| |TF|0|0|0|0|0|0|0|0|0|0|0|0|0

P|TAKO3R|03|DETNA|0|5
S|GG404|57813167|12417250|LAV|CF|0|2200|1030|1940|1000|0|0|0|0|0|0|0|0
S|GG405|57889361|12322583| |TF|0|0|0|0|0|0|0|0|0|0|0|0|0
S|GG910|57879444|12180917| |TF|0|0|0|0|0|0|0|0|0|0|0|0|0
S|TAKOV|57639583|11263139| |TF|0|0|0|0|0|0|0|0|0|0|0|0|0
S|DETNA|57587611|11069056| |TF|0|0|0|0|0|0|0|0|0|0|0|0|0

P|TISA3R|03|SABAK|0|4
S|GG404|57813167|12417250|LAV|CF|0|2200|1030|1940|1000|0|0|0|0|0|0|0|0
S|GG405|57889361|12322583| |TF|0|0|0|0|0|0|0|0|0|0|0|0|0
S|TISAB|58145667|11716806| |TF|0|0|0|0|0|0|0|0|0|0|0|0|0
S|SABAK|58176667|11642778| |TF|0|0|0|0|0|0|0|0|0|0|0|0|0

P|TOPL3J|21|TOPLA|0|4
S|GG702|57618250|12239306|LAV|CF|0|20200|280|21160|300|0|0|0|0|1|0|0|0
S| |91000000|181000000| |CA|0|20200|0|0|0|0|1|900|0|0|0|0|0
S|GG706|57555667|12226139| |DF|0|0|0|0|0|0|0|0|0|0|0|0|0
S|TOPLA|57135833|12338889| |TF|0|0|0|0|0|0|0|0|0|0|0|0|0

P|TOPL3M|03|TOPLA|0|6
S|GG401|57690806|12305306|LAV|CF|0|2200|210|940|100|0|0|0|0|1|0|0|0
S| |91000000|181000000| |CA|0|2200|0|0|0|0|1|900|0|0|0|0|0
S|GG403|57683306|12447111| |DF|2|0|0|0|0|210|0|0|0|0|0|0|0
S|GG601|57607833|12465694| |TF|0|0|0|0|0|0|0|0|0|0|0|0|0
S|GG603|57533361|12466194| |TF|0|0|0|0|0|0|0|0|0|0|0|0|0
S|TOPLA|57135833|12338889| |TF|0|0|0|0|0|0|0|0|0|0|0|0|0

P|VADI3J|21|VADIN|0|5
S|GG702|57618250|12239306|LAV|CF|0|20200|280|21160|300|0|0|0|0|1|0|0|0
S| |91000000|181000000| |CA|0|20200|0|0|0|0|1|900|0|0|0|0|0
S|GG706|57555667|12226139| |DF|0|0|0|0|0|0|0|0|0|0|0|0|0
S|GG707|57436556|12201167| |TF|0|0|0|0|0|0|0|0|0|0|0|0|0
S|VADIN|57137778|11643889| |TF|0|0|0|0|0|0|0|0|0|0|0|0|0

P|VADI3M|03|VADIN|0|6
S|GG401|57690806|12305306|LAV|CF|0|2200|210|940|100|0|0|0|0|1|0|0|0
S| |91000000|181000000| |CA|0|2200|0|0|0|0|1|900|0|0|0|0|0
S|GG403|57683306|12447111| |DF|2|0|0|0|0|210|0|0|0|0|0|0|0
S|GG601|57607833|12465694| |TF|0|0|0|0|0|0|0|0|0|0|0|0|0
S|GG602|57440167|12308917| |TF|0|0|0|0|0|0|0|0|0|0|0|0|0
S|VADIN|57137778|11643889| |TF|0|0|0|0|0|0|0|0|0|0|0|0|0

