P|DEGE1G|16|DEGED|0|3
S|NN600|62461722|17495722| |DF|0|0|0|0|0|0|0|0|0|1|0|0|0
S|NN710|62332389|17424333| |DF|0|0|0|0|0|0|0|0|0|0|0|0|0
S|DEGED|62100278|16812222| |TF|0|0|0|0|0|0|0|0|0|0|0|0|0

P|DEGE1H|34|DEGED|0|2
S| |91000000|181000000| |CA|0|33300|0|0|0|0|1|1400|0|0|0|0|0
S|DEGED|62100278|16812222| |DF|1|0|0|0|0|0|0|0|0|0|0|0|0

P|FOXS1B|16|FOXSA|0|2
S| |91000000|181000000|SUN|CD|0|15300|0|0|370|0|0|0|0|0|0|0|0
S|FOXSA|61914167|17941389|SUN|CF|0|15200|3950|15230|3530|0|0|0|0|0|0|0|0

P|FOXS1G|16|FOXSA|0|2
S|NN600|62461722|17495722| |DF|0|0|0|0|0|0|0|0|0|1|0|0|0
S|FOXSA|61914167|17941389| |DF|0|0|0|0|0|0|0|0|0|0|0|0|0

P|FOXS1H|34|FOXSA|0|2
S| |91000000|181000000| |CA|0|33300|0|0|0|0|1|1400|0|0|0|0|0
S|FOXSA|61914167|17941389| |DF|1|0|0|0|0|0|0|0|0|0|0|0|0

P|FOXS1L|34|FOXSA|0|3
S| |91000000|181000000| |CA|0|33300|0|0|0|0|1|1400|0|0|0|0|0
S| |91000000|181000000| |CI|1|12200|0|0|0|210|0|0|0|0|0|0|0
S|FOXSA|61914167|17941389|SUN|CF|0|15200|3950|15230|3530|0|0|0|0|0|0|0|0

P|GAJP1G|16|GAJPA|0|2
S|NN600|62461722|17495722| |DF|0|0|0|0|0|0|0|0|0|1|0|0|0
S|GAJPA|63003889|18018056| |DF|1|0|0|0|0|0|0|0|0|0|0|0|0

P|GAJP1H|34|GAJPA|0|2
S| |91000000|181000000| |CA|0|33300|0|0|0|0|1|1400|0|0|0|0|0
S|GAJPA|63003889|18018056| |DF|0|0|0|0|0|0|0|0|0|0|0|0|0

P|SINU1G|16|SINNU|0|3
S|NN600|62461722|17495722| |DF|0|0|0|0|0|0|0|0|0|1|0|0|0
S|NN710|62332389|17424333| |DF|0|0|0|0|0|0|0|0|0|0|0|0|0
S|SINNU|62363722|16652639| |TF|0|0|0|0|0|0|0|0|0|0|0|0|0

P|SINU1H|34|SINNU|0|2
S| |91000000|181000000| |CA|0|33300|0|0|0|0|1|1400|0|0|0|0|0
S|SINNU|62363722|16652639| |DF|1|0|0|0|0|0|0|0|0|0|0|0|0

