P|ARS5W|12|ARS|0|4
S|SB559|59316194|18048806|OSK|CF|0|11700|24760|17870|360|0|0|0|0|1|0|0|0
S|SB710|59178861|17941306| |DF|0|0|0|0|0|0|0|0|0|0|0|0|0
S|SB705|59194083|17464722| |TF|0|0|0|0|0|0|0|0|0|0|0|0|0
S|ARS|59586222|16650333| |TF|0|0|0|0|0|0|0|0|0|0|0|0|0

P|ARS5Z|30|ARS|0|3
S|SB850|59400278|17813083|OSK|CF|0|29700|24340|18060|440|0|0|0|0|1|0|0|0
S|SB854|59490806|17259000| |TF|0|0|0|0|0|0|0|0|0|0|0|0|0
S|ARS|59586222|16650333| |TF|0|0|0|0|0|0|0|0|0|0|0|0|0

P|INWI1W|12|INWIQ|0|3
S|SB559|59316194|18048806|OSK|CF|0|11700|24760|17870|360|0|0|0|0|1|0|0|0
S|SB710|59178861|17941306| |DF|0|0|0|0|0|0|0|0|0|0|0|0|0
S|INWIQ|58937917|17502306| |TF|0|0|0|0|0|0|0|0|0|0|0|0|0

P|INWI1Z|30|INWIQ|0|4
S|SB850|59400278|17813083|OSK|CF|0|29700|24340|18060|440|0|0|0|0|1|0|0|0
S|SOVAX|59261389|17484083| |DF|0|0|0|0|0|0|0|0|0|0|0|0|0
S|SB708|59123833|17370528| |TF|0|0|0|0|0|0|0|0|0|0|0|0|0
S|INWIQ|58937917|17502306| |TF|0|0|0|0|0|0|0|0|0|0|0|0|0

P|NOSL5W|12|NOSLI|0|4
S|SB559|59316194|18048806|OSK|CF|0|11700|24760|17870|360|0|0|0|0|1|0|0|0
S|SB710|59178861|17941306| |DF|0|0|0|0|0|0|0|0|0|0|0|0|0
S|SB711|59194833|17440056| |TF|0|0|0|0|0|0|0|0|0|1|0|0|0
S|NOSLI|59072778|17258056| |DF|0|0|0|0|0|0|0|0|0|0|0|0|0

P|NOSL5Z|30|NOSLI|0|3
S|SB850|59400278|17813083|OSK|CF|0|29700|24340|18060|440|0|0|0|0|1|0|0|0
S|SOVAX|59261389|17484083| |DF|0|0|0|0|0|0|0|0|0|0|0|0|0
S|NOSLI|59072778|17258056| |TF|0|0|0|0|0|0|0|0|0|0|0|0|0

P|PETE2W|12|PETEV|0|4
S|SB559|59316194|18048806|OSK|CF|0|11700|24760|17870|360|0|0|0|0|1|0|0|0
S|SB710|59178861|17941306| |DF|0|0|0|0|0|0|0|0|0|0|0|0|0
S|SB705|59194083|17464722| |TF|0|0|0|0|0|0|0|0|0|0|0|0|0
S|PETEV|59207222|17012222| |TF|0|0|0|0|0|0|0|0|0|0|0|0|0

P|PETE2Z|30|PETEV|0|2
S|SB850|59400278|17813083|OSK|CF|0|29700|24340|18060|440|0|0|0|0|1|0|0|0
S|PETEV|59207222|17012222| |DF|0|0|0|0|0|0|0|0|0|0|0|0|0

P|RESN5Z|30|RESNA|0|3
S|SB850|59400278|17813083|OSK|CF|0|29700|24340|18060|440|0|0|0|0|1|0|0|0
S|SB854|59490806|17259000| |TF|0|0|0|0|0|0|0|0|0|0|0|0|0
S|RESNA|60366944|18024722| |TF|2|0|0|0|0|0|0|0|0|0|0|0|0

P|RESN6W|12|RESNA|0|4
S|SB559|59316194|18048806|OSK|CF|0|11700|24760|17870|360|0|0|0|0|1|0|0|0
S|SB451|59407111|18280139| |DF|0|0|0|0|0|0|0|0|0|0|0|0|0
S|TOVRI|59749722|18766944| |TF|0|0|0|0|0|0|0|0|0|0|0|0|0
S|RESNA|60366944|18024722| |TF|0|0|0|0|0|0|0|0|0|0|0|0|0

P|TINK5W|12|TINKA|0|5
S|SB559|59316194|18048806|OSK|CF|0|11700|24760|17870|360|0|0|0|0|1|0|0|0
S|SB710|59178861|17941306| |DF|0|0|0|0|0|0|0|0|0|0|0|0|0
S|SB705|59194083|17464722| |TF|0|0|0|0|0|0|0|0|0|0|0|0|0
S|PETEV|59207222|17012222| |TF|0|0|0|0|0|0|0|0|0|0|0|0|0
S|TINKA|59205278|16296389| |TF|0|0|0|0|0|0|0|0|0|0|0|0|0

P|TINK5Z|30|TINKA|0|3
S|SB850|59400278|17813083|OSK|CF|0|29700|24340|18060|440|0|0|0|0|1|0|0|0
S|SB853|59414306|17505694| |DF|0|0|0|0|0|0|0|0|0|0|0|0|0
S|TINKA|59205278|16296389| |TF|0|0|0|0|0|0|0|0|0|0|0|0|0

P|TOVR6W|12|TOVRI|0|3
S|SB559|59316194|18048806|OSK|CF|0|11700|24760|17870|360|0|0|0|0|1|0|0|0
S|SB451|59407111|18280139| |DF|0|0|0|0|0|0|0|0|0|0|0|0|0
S|TOVRI|59749722|18766944| |TF|0|0|0|0|0|0|0|0|0|0|0|0|0

