P|KENU1A|27|KENUM|0|2
S|NG427|50961050|5938361|DUS|CF|0|26700|3640|23520|400|220|1|2000|0|1|0|0|0
S|KENUM|50722500|6239444| |DF|1|0|0|0|0|0|0|0|0|0|0|0|0

P|KENU1B|09|KENUM|0|3
S| |91000000|181000000| |CA|0|8800|0|0|0|0|1|700|0|0|0|0|0
S|NG490|50954350|6176375|DUS|CF|0|9200|2940|22510|400|220|1|2100|0|1|0|0|0
S|KENUM|50722500|6239444| |DF|0|0|0|0|0|0|0|0|0|0|0|0|0

P|LNO1A|27|LNO|0|6
S| |91000000|181000000| |CA|0|26700|0|0|0|0|1|700|0|0|0|0|0
S| |91000000|181000000|GIX|CD|0|26700|0|0|400|0|1|2000|0|0|0|0|0
S| |91000000|181000000| |VI|0|21700|0|0|0|0|0|0|0|0|0|0|0
S|D208H|50849128|5936833|GIX|AF|1|24600|800|20800|0|0|1|3500|0|0|0|0|0
S| |91000000|181000000| |VI|0|18700|0|0|0|0|0|0|0|0|0|0|0
S|LNO|50585833|5710278|LNO|CF|0|21700|0|0|1500|0|0|0|0|0|0|0|0

P|LNO1B|09|LNO|0|5
S| |91000000|181000000| |CA|0|8800|0|0|0|0|1|700|0|0|0|0|0
S| |91000000|181000000|GIX|CD|0|9200|0|0|400|0|1|2000|0|0|0|0|0
S| |91000000|181000000|GIX|CD|0|9200|0|0|1100|0|1|5500|0|0|0|0|0
S| |91000000|181000000|LNO|VR|2|18700|0|6200|0|0|0|0|0|0|0|0|0
S|LNO|50585833|5710278|LNO|CF|0|24600|0|0|2700|0|0|0|0|0|0|0|0

P|MILG1A|27|MILGI|0|2
S|NG427|50961050|5938361|DUS|CF|0|26700|3640|23520|400|220|1|2000|0|1|0|0|0
S|MILGI|51197000|6125000| |DF|2|0|0|0|0|0|0|0|0|0|0|0|0

P|MILG1B|09|MILGI|0|3
S| |91000000|181000000| |CA|0|8800|0|0|0|0|1|700|0|0|0|0|0
S|NG490|50954350|6176375|DUS|CF|0|9200|2940|22510|400|220|1|2100|0|1|0|0|0
S|MILGI|51197000|6125000| |DF|1|0|0|0|0|0|0|0|0|0|0|0|0

P|NG209|09| |0|3
S| |91000000|181000000| |CA|0|8800|0|0|0|0|1|700|0|0|0|0|0
S|GIX|50963339|6045189|GIX|FD|0|9200|0|0|600|0|1|2400|0|0|0|0|0
S| |91000000|181000000| |VM|0|9200|0|0|0|0|0|0|0|0|0|0|0

P|NG227|27| |0|4
S| |91000000|181000000| |CA|0|26800|0|0|0|0|1|700|0|0|0|0|0
S|GIX|50963339|6045189|GIX|FD|0|26700|0|0|400|0|1|2000|0|0|0|0|0
S| |91000000|181000000|GIX|CR|1|8700|0|16100|0|0|0|0|0|0|0|0|0
S| |91000000|181000000| |VM|0|8700|0|0|0|0|0|0|0|0|0|0|0

P|NG81|27|ZELTI|0|7
S| |91000000|181000000| |CA|0|26800|0|0|0|0|1|700|0|0|0|0|0
S|GIX|50963339|6045189|GIX|FD|0|26700|0|0|400|0|0|0|0|0|0|0|0
S| |91000000|181000000| |VI|0|21700|0|0|0|0|0|0|0|0|0|0|0
S|D208H|50849128|5936833|GIX|AF|1|24700|800|20800|0|0|0|0|0|0|0|0|0
S| |91000000|181000000| |VI|0|4200|0|0|0|0|0|0|0|0|0|0|0
S|GIX|50963339|6045189|GIX|CF|0|35700|0|0|500|0|0|0|0|0|0|0|0
S|ZELTI|51145000|6164167| |TF|0|0|0|0|0|0|0|0|0|0|0|0|0

P|NG91|09|ZELTI|0|4
S| |91000000|181000000| |CA|0|8800|0|0|0|0|1|700|0|0|0|0|0
S| |91000000|181000000| |CI|0|9200|0|0|0|0|0|0|0|0|0|0|0
S|D036G|51053842|6161544|GIX|AF|1|9200|700|3600|0|0|0|0|0|0|0|0|0
S|ZELTI|51145000|6164167|GIX|CF|0|1900|1180|1940|400|0|0|0|0|0|0|0|0

