P|GYV1A|06|GYV|0|3
S|LE015|-29571239|31154592|TGV|CF|0|6100|290|5720|300|220|0|0|0|1|0|0|0
S|LE3CF|-29234814|30742011| |DF|0|0|0|0|0|0|0|0|0|0|0|0|0
S|GYV|-29124719|30585569| |TF|0|0|0|0|0|0|0|0|0|0|0|0|0

P|GYV2B|24|GYV|0|3
S|LE2D2|-29652336|31083986|TGV|CF|0|24100|330|24480|300|220|0|0|0|1|0|0|0
S|LE4CF|-29336753|30760075| |DF|2|0|0|0|0|0|0|0|0|0|0|0|0
S|GYV|-29124719|30585569| |TF|0|0|0|0|0|0|0|0|0|0|0|0|0

P|ITMI1C|06|ITMIL|0|3
S|LE015|-29571239|31154592| |DF|0|0|0|0|0|220|0|0|0|1|0|0|0
S|LE017|-29148214|31669114| |TF|0|0|0|0|0|0|0|0|0|0|0|0|0
S|ITMIL|-29030847|31810667| |TF|0|0|0|0|0|0|0|0|0|0|0|0|0

P|OKTA1A|24|OKTAN|0|2
S|LE018|-30025642|30795172| |DF|0|0|0|0|0|0|0|0|0|0|0|0|0
S|OKTAN|-30299533|30581483| |TF|0|0|0|0|0|0|0|0|0|0|0|0|0

P|TUBI1A|06|TUBIN|0|4
S|LE015|-29571239|31154592|TGV|CF|0|6100|290|5720|300|220|0|0|0|1|0|0|0
S|LE1G2|-29413986|30984983| |DF|1|0|0|0|0|0|0|0|0|0|0|0|0
S|LE1CF|-29781650|30579278| |TF|0|0|0|0|0|0|0|0|0|0|0|0|0
S|TUBIN|-30033692|30298517| |TF|0|0|0|0|0|0|0|0|0|0|0|0|0

P|TUBI1B|24|TUBIN|0|3
S|LE2D2|-29652336|31083986|TGV|CF|0|24100|330|24480|300|220|0|0|0|1|0|0|0
S|LE2CF|-29874881|30630531| |DF|0|0|0|0|0|0|0|0|0|0|0|0|0
S|TUBIN|-30033692|30298517| |TF|0|0|0|0|0|0|0|0|0|0|0|0|0

