P|AT1E|11|AT|0|4
S| |91000000|181000000| |CA|0|11400|0|0|0|0|1|6000|0|0|0|0|0
S| |91000000|181000000| |CI|1|35100|0|0|0|0|0|0|0|0|0|0|0
S|TNV|-18803328|47518661| |IF|0|0|0|0|0|0|0|0|0|0|0|0|0
S|AT|-14902917|47995694| |TF|0|0|0|0|0|0|0|0|0|0|0|0|0

P|AT1W|29|AT|0|4
S| |91000000|181000000| |CA|0|29400|0|0|0|0|1|6000|0|0|0|0|0
S| |91000000|181000000| |CI|2|6100|0|0|0|0|0|0|0|0|0|0|0
S|TNV|-18803328|47518661| |IF|0|0|0|0|0|0|0|0|0|0|0|0|0
S|AT|-14902917|47995694| |TF|0|0|0|0|0|0|0|0|0|0|0|0|0

P|GATL1E|11|GATLA|0|4
S| |91000000|181000000| |CA|0|11400|0|0|0|0|1|6000|0|0|0|0|0
S| |91000000|181000000| |CI|1|1600|0|0|0|0|0|0|0|0|0|0|0
S|TNV|-18803328|47518661| |IF|0|0|0|0|0|0|0|0|0|0|0|0|0
S|GATLA|-16623611|48817500| |TF|0|0|0|0|0|0|0|0|0|0|0|0|0

P|GATL1W|29|GATLA|0|4
S| |91000000|181000000| |CA|0|29400|0|0|0|0|1|6000|0|0|0|0|0
S| |91000000|181000000| |CI|2|8600|0|0|0|0|0|0|0|0|0|0|0
S|TNV|-18803328|47518661| |IF|0|0|0|0|0|0|0|0|0|0|0|0|0
S|GATLA|-16623611|48817500| |TF|0|0|0|0|0|0|0|0|0|0|0|0|0

P|IKRA1E|11|DOBAR|0|3
S|MI601|-18806847|47545406|TNV|CF|0|11400|150|11290|400|0|0|0|0|1|0|0|0
S|IKRAM|-18683950|47053236| |DF|1|0|0|0|0|0|0|0|0|0|0|0|0
S|DOBAR|-18540833|46501944| |TF|0|0|0|0|0|0|0|0|0|0|0|0|0

P|IKRA1W|29|DOBAR|0|3
S|MI604|-18779197|47360139|TNV|CF|0|29400|910|29410|600|0|0|0|0|1|0|0|0
S|IKRAM|-18683950|47053236| |TF|0|0|0|0|0|0|0|0|0|0|0|0|0
S|DOBAR|-18540833|46501944| |TF|0|0|0|0|0|0|0|0|0|0|0|0|0

P|IXAR1E|11|IXARI|0|4
S| |91000000|181000000| |CA|0|11400|0|0|0|0|1|6000|0|0|0|0|0
S| |91000000|181000000| |CI|0|7100|0|0|0|0|0|0|0|0|0|0|0
S|TNV|-18803328|47518661| |IF|0|0|0|0|0|0|0|0|0|0|0|0|0
S|IXARI|-18379444|48696944| |TF|0|0|0|0|0|0|0|0|0|0|0|0|0

P|IXAR1W|29|IXARI|0|4
S| |91000000|181000000| |CA|0|29400|0|0|0|0|1|6000|0|0|0|0|0
S| |91000000|181000000| |CI|2|11600|0|0|0|0|0|0|0|0|0|0|0
S|TNV|-18803328|47518661| |IF|0|0|0|0|0|0|0|0|0|0|0|0|0
S|IXARI|-18379444|48696944| |TF|0|0|0|0|0|0|0|0|0|0|0|0|0

P|KEKI1E|11|TN|0|3
S|MI601|-18806847|47545406|TNV|CF|0|11400|150|11290|400|0|0|0|0|1|0|0|0
S|KEKIN|-18452350|47226739| |DF|1|0|0|0|0|0|0|0|0|0|0|0|0
S|TN|-18316056|47113778| |TF|0|0|0|0|0|0|0|0|0|0|0|0|0

P|KEKI1W|29|TN|0|3
S|MI604|-18779197|47360139|TNV|CF|0|29400|910|29410|600|0|0|0|0|1|0|0|0
S|KEKIN|-18452350|47226739| |DF|0|0|0|0|0|0|0|0|0|0|0|0|0
S|TN|-18316056|47113778| |TF|0|0|0|0|0|0|0|0|0|0|0|0|0

P|LIKI1E|11|TW|0|5
S|MI601|-18806847|47545406|TNV|CF|0|11400|150|11290|400|0|0|0|0|1|0|0|0
S|MI602|-18823594|47658250| |TF|0|0|0|0|0|0|0|0|0|0|0|0|0
S|MI603|-19096375|47613625| |TF|0|0|0|0|0|0|0|0|0|0|0|0|0
S|LIKID|-19003753|47094344| |TF|0|0|0|0|0|0|0|0|0|0|0|0|0
S|TW|-19172222|46735278| |TF|0|0|0|0|0|0|0|0|0|0|0|0|0

P|LIKI1W|29|TW|0|3
S|MI604|-18779197|47360139|TNV|CF|0|29400|910|29410|600|0|0|0|0|1|0|0|0
S|LIKID|-19003753|47094344| |DF|0|0|0|0|0|0|0|0|0|0|0|0|0
S|TW|-19172222|46735278| |TF|0|0|0|0|0|0|0|0|0|0|0|0|0

P|MENI1E|11|TU|0|5
S|MI601|-18806847|47545406|TNV|CF|0|11400|150|11290|400|0|0|0|0|1|0|0|0
S|MI602|-18823594|47658250| |TF|0|0|0|0|0|0|0|0|0|0|0|0|0
S|MI603|-19096375|47613625| |TF|0|0|0|0|0|0|0|0|0|0|0|0|0
S|MENIR|-19150342|47241589| |TF|0|0|0|0|0|0|0|0|0|0|0|0|0
S|TU|-23391175|43721992| |TF|0|0|0|0|0|0|0|0|0|0|0|0|0

P|MENI1W|29|TU|0|3
S|MI604|-18779197|47360139|TNV|CF|0|29400|910|29410|600|0|0|0|0|1|0|0|0
S|MENIR|-19150342|47241589| |DF|0|0|0|0|0|0|0|0|0|0|0|0|0
S|TU|-23391175|43721992| |TF|0|0|0|0|0|0|0|0|0|0|0|0|0

P|MJ2W|29|MJ|0|5
S| |91000000|181000000| |CA|0|29400|0|0|0|0|1|6000|0|0|0|0|0
S|MI052|-19006139|47395533| |DF|1|0|0|0|0|0|0|0|0|0|0|0|0
S|D216O|-19038850|47423589| |TF|0|0|0|0|0|0|1|8000|0|0|0|0|0
S|TNV36|-19378194|47715508| |TF|0|0|0|0|0|0|0|0|0|0|0|0|0
S|MJ|-21207722|48356944| |TF|0|0|0|0|0|0|0|0|0|0|0|0|0

P|MJ4E|11|MJ|0|5
S| |91000000|181000000| |CA|0|11400|0|0|0|0|1|6000|0|0|0|0|0
S|MI053|-19002167|47706972| |DF|0|0|0|0|0|0|0|0|0|1|0|0|0
S| |91000000|181000000| |CI|2|25400|0|0|0|0|0|0|0|0|0|0|0
S|TNV|-18803328|47518661| |IF|0|0|0|0|0|0|0|0|0|0|0|0|0
S|MJ|-21207722|48356944| |TF|0|0|0|0|0|0|0|0|0|0|0|0|0

P|NANO1E|11|VSF|0|5
S|MI601|-18806847|47545406|TNV|CF|0|11400|150|11290|400|0|0|0|0|1|0|0|0
S|MI602|-18823594|47658250| |TF|0|0|0|0|0|0|0|0|0|0|0|0|0
S|MI603|-19096375|47613625| |TF|0|0|0|0|0|0|0|0|0|0|0|0|0
S|NANOT|-19214303|47454575| |TF|0|0|0|0|0|0|0|0|0|0|0|0|0
S|VSF|-21440722|47110222| |TF|0|0|0|0|0|0|0|0|0|0|0|0|0

P|NANO1W|29|VSF|0|4
S|MI604|-18779197|47360139|TNV|CF|0|29400|910|29410|600|0|0|0|0|1|0|0|0
S|MI606|-19016281|47389369| |DF|1|0|0|0|0|0|0|0|0|0|0|0|0
S|NANOT|-19214303|47454575| |TF|0|0|0|0|0|0|0|0|0|0|0|0|0
S|VSF|-21440722|47110222| |TF|0|0|0|0|0|0|0|0|0|0|0|0|0

P|ODRE1E|11|MJ|0|4
S|MI601|-18806847|47545406|TNV|CF|0|11400|150|11290|400|0|0|0|0|1|0|0|0
S|MI602|-18823594|47658250| |TF|0|0|0|0|0|0|0|0|0|0|0|0|0
S|ODRET|-19181475|47648086| |TF|0|0|0|0|0|0|0|0|0|0|0|0|0
S|MJ|-21207722|48356944| |TF|0|0|0|0|0|0|0|0|0|0|0|0|0

P|ODRE1W|29|MJ|0|4
S|MI604|-18779197|47360139|TNV|CF|0|29400|910|29410|600|0|0|0|0|1|0|0|0
S|MI606|-19016281|47389369| |DF|1|0|0|0|0|0|0|0|0|0|0|0|0
S|ODRET|-19181475|47648086| |TF|0|0|0|0|0|0|0|0|0|0|0|0|0
S|MJ|-21207722|48356944| |TF|0|0|0|0|0|0|0|0|0|0|0|0|0

P|PIPR1E|11|TE|0|3
S|MI601|-18806847|47545406|TNV|CF|0|11400|150|11290|400|0|0|0|0|1|0|0|0
S|PIPRI|-18885161|47905428| |TF|0|0|0|0|0|0|0|0|0|0|0|0|0
S|TE|-18952250|48225694| |TF|0|0|0|0|0|0|0|0|0|0|0|0|0

P|PIPR1W|29|TE|0|3
S|MI604|-18779197|47360139|TNV|CF|0|29400|910|29410|600|0|0|0|0|1|0|0|0
S|PIPRI|-18885161|47905428| |DF|2|0|0|0|0|0|0|0|0|0|0|0|0
S|TE|-18952250|48225694| |TF|0|0|0|0|0|0|0|0|0|0|0|0|0

P|RAMU1E|11|IXARI|0|3
S|MI601|-18806847|47545406|TNV|CF|0|11400|150|11290|400|0|0|0|0|1|0|0|0
S|RAMUR|-18669244|47894306| |TF|0|0|0|0|0|0|0|0|0|0|0|0|0
S|IXARI|-18379444|48696944| |TF|0|0|0|0|0|0|0|0|0|0|0|0|0

P|RAMU1W|29|IXARI|0|3
S|MI604|-18779197|47360139|TNV|CF|0|29400|910|29410|600|0|0|0|0|1|0|0|0
S|RAMUR|-18669244|47894306| |DF|2|0|0|0|0|0|0|0|0|0|0|0|0
S|IXARI|-18379444|48696944| |TF|0|0|0|0|0|0|0|0|0|0|0|0|0

P|SEME1E|11|GATLA|0|3
S|MI601|-18806847|47545406|TNV|CF|0|11400|150|11290|400|0|0|0|0|1|0|0|0
S|SEMEM|-18454675|47728939| |DF|0|0|0|0|0|0|0|0|0|0|0|0|0
S|GATLA|-16623611|48817500| |TF|0|0|0|0|0|0|0|0|0|0|0|0|0

P|SEME1W|29|GATLA|0|3
S|MI604|-18779197|47360139|TNV|CF|0|29400|910|29410|600|0|0|0|0|1|0|0|0
S|SEMEM|-18454675|47728939| |DF|2|0|0|0|0|0|0|0|0|0|0|0|0
S|GATLA|-16623611|48817500| |TF|0|0|0|0|0|0|0|0|0|0|0|0|0

P|TAPA1E|11|AT|0|3
S|MI601|-18806847|47545406|TNV|CF|0|11400|150|11290|400|0|0|0|0|1|0|0|0
S|TAPAL|-18387739|47569092| |DF|1|0|0|0|0|0|0|0|0|0|0|0|0
S|AT|-14902917|47995694| |TF|0|0|0|0|0|0|0|0|0|0|0|0|0

P|TAPA1W|29|AT|0|3
S|MI604|-18779197|47360139|TNV|CF|0|29400|910|29410|600|0|0|0|0|1|0|0|0
S|TAPAL|-18387739|47569092| |DF|2|0|0|0|0|0|0|0|0|0|0|0|0
S|AT|-14902917|47995694| |TF|0|0|0|0|0|0|0|0|0|0|0|0|0

P|TE1E|11|TE|0|2
S| |91000000|181000000| |CA|0|11400|0|0|0|0|1|6000|0|0|0|0|0
S|TE|-18952250|48225694|TNV|CF|0|11800|4120|11760|4000|0|0|0|0|0|0|0|0

P|TE1W|29|TE|0|3
S| |91000000|181000000| |CA|0|29400|0|0|0|0|1|6000|0|0|0|0|0
S| |91000000|181000000| |CI|1|9500|0|0|0|0|0|0|0|0|0|0|0
S|TE|-18952250|48225694|TNV|CF|0|11800|4120|11760|3900|0|0|0|0|0|0|0|0

P|TN1E|11|TN|0|3
S| |91000000|181000000| |CA|0|11400|0|0|0|0|1|6000|0|0|0|0|0
S| |91000000|181000000| |CI|1|30100|0|0|0|0|0|0|0|0|0|0|0
S|TN|-18316056|47113778|TNV|CF|0|33700|3720|33650|3200|0|0|0|0|0|0|0|0

P|TN1W|29|TN|0|3
S| |91000000|181000000| |CA|0|29400|0|0|0|0|1|6000|0|0|0|0|0
S| |91000000|181000000| |CI|0|600|0|0|0|0|0|0|0|0|0|0|0
S|TN|-18316056|47113778|TNV|CF|0|33700|3720|33650|2600|0|0|0|0|0|0|0|0

P|TW1W|29|TW|0|3
S| |91000000|181000000| |CA|0|29400|0|0|0|0|1|6000|0|0|0|0|0
S| |91000000|181000000| |CI|0|22600|0|0|0|0|0|0|0|0|0|0|0
S|TW|-19172222|46735278|TNV|CF|0|25900|4970|25850|4000|0|0|0|0|0|0|0|0

P|TW2E|11|TW|0|4
S|TNV|-18803328|47518661|TNV|CF|0|11400|0|0|200|0|0|0|0|1|0|0|0
S| |91000000|181000000| |CA|0|11400|0|0|0|0|1|6000|0|0|0|0|0
S|TNV|-18803328|47518661| |DF|1|0|0|0|0|0|0|0|0|0|0|0|0
S|TW|-19172222|46735278| |TF|0|0|0|0|0|0|0|0|0|0|0|0|0

P|VSF2W|29|VSF|0|5
S| |91000000|181000000| |CA|0|29400|0|0|0|0|1|6000|0|0|0|0|0
S|MI052|-19006139|47395533| |DF|1|0|0|0|0|0|0|0|0|0|0|0|0
S|D216O|-19038850|47423589| |TF|0|0|0|0|0|0|1|8000|0|0|0|0|0
S|D203R|-19098739|47474992| |TF|0|0|0|0|0|0|0|0|0|0|0|0|0
S|VSF|-21440722|47110222| |TF|0|0|0|0|0|0|0|0|0|0|0|0|0

P|VSF4E|11|VSF|0|5
S| |91000000|181000000| |CA|0|11400|0|0|0|0|1|6000|0|0|0|0|0
S|MI053|-19002167|47706972| |DF|0|0|0|0|0|0|0|0|0|1|0|0|0
S| |91000000|181000000| |CI|2|25400|0|0|0|0|0|0|0|0|0|0|0
S|TNV|-18803328|47518661| |IF|0|0|0|0|0|0|0|0|0|0|0|0|0
S|VSF|-21440722|47110222| |TF|0|0|0|0|0|0|0|0|0|0|0|0|0

P|VSP2W|29|VSP|0|5
S| |91000000|181000000| |CA|0|29400|0|0|0|0|1|6000|0|0|0|0|0
S|MI052|-19006139|47395533| |DF|1|0|0|0|0|0|0|0|0|0|0|0|0
S|D216O|-19038850|47423589| |TF|0|0|0|0|0|0|1|8000|0|0|0|0|0
S|D200S|-19116075|47489878| |TF|0|0|0|0|0|0|0|0|0|0|0|0|0
S|VSP|-25038108|46953278| |TF|0|0|0|0|0|0|0|0|0|0|0|0|0

P|VSP4E|11|VSP|0|5
S| |91000000|181000000| |CA|0|11400|0|0|0|0|1|6000|0|0|0|0|0
S|MI053|-19002167|47706972| |DF|0|0|0|0|0|0|0|0|0|1|0|0|0
S| |91000000|181000000| |CI|2|25400|0|0|0|0|0|0|0|0|0|0|0
S|TNV|-18803328|47518661| |IF|0|0|0|0|0|0|0|0|0|0|0|0|0
S|VSP|-25038108|46953278| |TF|0|0|0|0|0|0|0|0|0|0|0|0|0

P|VSQ1W|29|VSQ|0|4
S| |91000000|181000000| |CA|0|29400|0|0|0|0|1|6000|0|0|0|0|0
S| |91000000|181000000| |CI|1|19600|0|0|0|0|0|0|0|0|0|0|0
S|TNV|-18803328|47518661| |IF|0|0|0|0|0|0|0|0|0|0|0|0|0
S|VSQ|-23389361|43722306| |TF|0|0|0|0|0|0|0|0|0|0|0|0|0

P|VSQ2E|11|VSQ|0|4
S|TNV|-18803328|47518661|TNV|CF|0|11400|0|0|200|0|0|0|0|1|0|0|0
S| |91000000|181000000| |CA|0|11400|0|0|0|0|1|6000|0|0|0|0|0
S|TNV|-18803328|47518661| |DF|1|0|0|0|0|0|0|0|0|0|0|0|0
S|VSQ|-23389361|43722306| |TF|0|0|0|0|0|0|0|0|0|0|0|0|0

