P|EGSI1A|10|MELNA|0|5
S|RW10|-15677222|34958611|VCL|FA|0|10100|250|10120|0|0|1|3900|0|0|0|0|0
S|VCL|-15672500|34916389| |DF|1|0|0|0|0|0|1|6000|0|1|0|0|0
S|EGSID|-15855667|35206333| |DF|1|0|0|0|0|0|0|6900|0|0|0|0|0
S|EGSID|-15855667|35206333| |IF|0|0|0|0|0|0|0|6900|0|0|0|0|0
S|MELNA|-15864722|35756667| |TF|0|0|0|0|0|0|0|0|0|0|0|0|0

P|EGSI1B|28|MELNA|0|4
S|RW28|-15679722|34980278|VCL|FA|0|28100|370|10140|0|0|1|4300|0|0|0|0|0
S|EGSID|-15855667|35206333| |DF|1|0|0|0|0|0|0|6900|0|0|0|0|0
S|EGSID|-15855667|35206333| |IF|0|0|0|0|0|0|0|6900|0|0|0|0|0
S|MELNA|-15864722|35756667| |TF|0|0|0|0|0|0|0|0|0|0|0|0|0

P|LABL1A|33|LABLO|0|3
S| |91000000|181000000| |CA|0|32500|0|0|0|0|1|2960|0|0|0|0|0
S|VCL|-15672500|34916389| |DF|0|0|0|0|0|0|0|0|0|0|0|0|0
S|LABLO|-15959722|34108333| |TF|0|0|0|0|0|0|0|0|0|0|0|0|0

P|LABL1E|10|LABLO|0|4
S| |91000000|181000000| |CA|0|10100|0|0|0|0|1|2960|0|0|0|0|0
S|ABVCL|-15606083|34922408|VCL|CF|1|28000|400|1000|400|0|0|0|0|0|0|0|0
S| |91000000|181000000| |VI|0|22500|0|0|0|0|0|0|0|0|0|0|0
S|LABLO|-15959722|34108333|VCL|CF|0|25500|4980|25480|4500|0|0|0|0|0|0|0|0

P|LABL1W|28|LABLO|0|3
S| |91000000|181000000| |CA|0|28100|0|0|0|0|1|2960|0|0|0|0|0
S|VCL|-15672500|34916389| |DF|0|0|0|0|0|0|0|0|0|0|0|0|0
S|LABLO|-15959722|34108333| |TF|0|0|0|0|0|0|0|0|0|0|0|0|0

P|OKMA1A|33|OKMAT|0|4
S| |91000000|181000000| |CA|0|32500|0|0|0|0|1|2960|0|0|0|0|0
S|VCL|-15672500|34916389| |DF|0|0|0|0|0|0|0|0|0|0|0|0|0
S|VCL|-15672500|34916389|VCL|FD|0|24000|0|0|1000|0|0|0|0|0|0|0|0
S|OKMAT|-16304722|34340000|VCL|CF|0|22500|5040|22630|4000|0|0|0|0|0|0|0|0

P|OKMA1E|10|OKMAT|0|5
S| |91000000|181000000| |CA|0|10100|0|0|0|0|1|2960|0|0|0|0|0
S| |91000000|181000000| |CI|1|28000|0|0|0|0|0|0|0|0|0|0|0
S|VCL|-15672500|34916389|VCL|CF|0|24000|0|0|600|0|0|0|0|0|0|0|0
S|VCL|-15672500|34916389|VCL|FD|0|24000|0|0|1000|0|0|0|0|0|0|0|0
S|OKMAT|-16304722|34340000|VCL|CF|0|22500|5040|22630|4000|0|0|0|0|0|0|0|0

P|OKMA1W|28|OKMAT|0|4
S| |91000000|181000000| |CA|0|28100|0|0|0|0|1|2960|0|0|0|0|0
S|VCL|-15672500|34916389| |DF|0|0|0|0|0|0|0|0|0|0|0|0|0
S|VCL|-15672500|34916389|VCL|FD|0|24000|0|0|1000|0|0|0|0|0|0|0|0
S|OKMAT|-16304722|34340000|VCL|CF|0|22500|5040|22630|4000|0|0|0|0|0|0|0|0

P|TETE1A|33|TETEM|0|4
S| |91000000|181000000| |CA|0|32500|0|0|0|0|1|2960|0|0|0|0|0
S| |91000000|181000000| |VI|0|30500|0|0|0|0|0|0|0|0|0|0|0
S|VCL30|-15238836|34655922|VCL|CF|0|33500|3000|33480|2900|0|1|8000|0|0|0|0|0
S|TETEM|-14717222|34344444| |TF|0|0|0|0|0|0|0|0|0|0|0|0|0

P|TETE1E|10|TETEM|0|4
S| |91000000|181000000| |CA|0|10100|0|0|0|0|1|2960|0|0|0|0|0
S| |91000000|181000000| |VI|1|30500|0|0|0|0|0|0|0|0|0|0|0
S|VCL30|-15238836|34655922|VCL|CF|0|33500|3000|33480|2100|0|1|8000|0|0|0|0|0
S|TETEM|-14717222|34344444| |TF|0|0|0|0|0|0|0|0|0|0|0|0|0

P|TETE1W|28|TETEM|0|3
S| |91000000|181000000| |CA|0|28100|0|0|0|0|1|2960|0|0|0|0|0
S|VCL30|-15238836|34655922|VCL|CF|0|33500|3000|33480|3000|0|1|8000|0|0|0|0|0
S|TETEM|-14717222|34344444| |TF|0|0|0|0|0|0|0|0|0|0|0|0|0

P|UVDA1A|10|KAVAL|0|4
S|RW10|-15677222|34958611|VCL|FA|0|10100|250|10120|0|0|1|3900|0|0|0|0|0
S|UVDAR|-15651333|34565000| |DF|1|0|0|0|0|0|0|6900|0|0|0|0|0
S|UVDAR|-15651333|34565000| |IF|0|0|0|0|0|0|0|6900|0|0|0|0|0
S|KAVAL|-15538056|33970000| |TF|0|0|0|0|0|0|0|0|0|0|0|0|0

P|UVDA1A|10|LABLO|0|4
S|RW10|-15677222|34958611|VCL|FA|0|10100|250|10120|0|0|1|3900|0|0|0|0|0
S|UVDAR|-15651333|34565000| |DF|1|0|0|0|0|0|0|6900|0|0|0|0|0
S|UVDAR|-15651333|34565000| |IF|0|0|0|0|0|0|0|6900|0|0|0|0|0
S|LABLO|-15959722|34108333| |TF|0|0|0|0|0|0|0|0|0|0|0|0|0

P|UVDA1A|10|OKMAT|0|4
S|RW10|-15677222|34958611|VCL|FA|0|10100|250|10120|0|0|1|3900|0|0|0|0|0
S|UVDAR|-15651333|34565000| |DF|1|0|0|0|0|0|0|6900|0|0|0|0|0
S|UVDAR|-15651333|34565000| |IF|0|0|0|0|0|0|0|6900|0|0|0|0|0
S|OKMAT|-16304722|34340000| |TF|0|0|0|0|0|0|0|0|0|0|0|0|0

P|UVDA1B|28|KAVAL|0|4
S|RW28|-15679722|34980278|VCL|FA|0|28100|370|10140|0|0|1|4300|0|0|0|0|0
S|UVDAR|-15651333|34565000| |DF|0|0|0|0|0|0|0|6900|0|0|0|0|0
S|UVDAR|-15651333|34565000| |IF|0|0|0|0|0|0|0|6900|0|0|0|0|0
S|KAVAL|-15538056|33970000| |TF|0|0|0|0|0|0|0|0|0|0|0|0|0

P|UVDA1B|28|UVBAL|0|4
S|RW28|-15679722|34980278|VCL|FA|0|28100|370|10140|0|0|1|4300|0|0|0|0|0
S|UVDAR|-15651333|34565000| |DF|0|0|0|0|0|0|0|6900|0|0|0|0|0
S|UVDAR|-15651333|34565000| |IF|0|0|0|0|0|0|0|6900|0|0|0|0|0
S|UVBAL|-15200294|34153931| |TF|0|0|0|0|0|0|0|0|0|0|0|0|0

P|XADO1A|28|LABLO|0|4
S|RW28|-15679722|34980278|VCL|FA|0|28100|370|10140|0|0|1|4300|0|0|0|0|0
S|XADOT|-15792989|34583400| |DF|0|0|0|0|0|0|0|6900|0|0|0|0|0
S|XADOT|-15792989|34583400| |IF|0|0|0|0|0|0|0|6900|0|0|0|0|0
S|LABLO|-15959722|34108333| |TF|0|0|0|0|0|0|0|0|0|0|0|0|0

P|XADO1A|28|OKMAT|0|4
S|RW28|-15679722|34980278|VCL|FA|0|28100|370|10140|0|0|1|4300|0|0|0|0|0
S|XADOT|-15792989|34583400| |DF|0|0|0|0|0|0|0|6900|0|0|0|0|0
S|XADOT|-15792989|34583400| |IF|0|0|0|0|0|0|0|6900|0|0|0|0|0
S|OKMAT|-16304722|34340000| |TF|0|0|0|0|0|0|0|0|0|0|0|0|0

P|XUBO1A|10|TETEM|0|4
S|RW10|-15677222|34958611|VCL|FA|0|10100|250|10120|0|0|1|3900|0|0|0|0|0
S|XUBOS|-15383300|34742569| |DF|1|0|0|0|0|0|0|6900|0|0|0|0|0
S|XUBOS|-15383300|34742569| |IF|0|0|0|0|0|0|0|6900|0|0|0|0|0
S|TETEM|-14717222|34344444| |TF|0|0|0|0|0|0|0|0|0|0|0|0|0

P|XUBO1A|10|UVBAL|0|4
S|RW10|-15677222|34958611|VCL|FA|0|10100|250|10120|0|0|1|3900|0|0|0|0|0
S|XUBOS|-15383300|34742569| |DF|1|0|0|0|0|0|0|6900|0|0|0|0|0
S|XUBOS|-15383300|34742569| |IF|0|0|0|0|0|0|0|6900|0|0|0|0|0
S|UVBAL|-15200294|34153931| |TF|0|0|0|0|0|0|0|0|0|0|0|0|0

P|XUBO1B|28|TETEM|0|4
S|RW28|-15679722|34980278|VCL|FA|0|28100|370|10140|0|0|1|4300|0|0|0|0|0
S|XUBOS|-15383300|34742569| |DF|0|0|0|0|0|0|0|6900|0|0|0|0|0
S|XUBOS|-15383300|34742569| |IF|0|0|0|0|0|0|0|6900|0|0|0|0|0
S|TETEM|-14717222|34344444| |TF|0|0|0|0|0|0|0|0|0|0|0|0|0

