P|EBNE1B|17|EBNEL|0|3
S|VOLTO|-2398258|28833953|GOM|CF|0|16400|4900|20930|500|250|1|7200|0|1|0|0|0
S|BAGTI|-2620825|28755103| |DF|0|0|0|0|0|0|1|10000|0|0|0|0|0
S|EBNEL|-2560719|28548583| |TF|0|0|0|0|0|0|0|0|0|0|0|0|0

P|EBNE1C|35|EBNEL|0|5
S|XARIR|-2267861|28798122|GOM|CF|0|34600|4360|21680|200|0|1|6600|0|1|0|0|0
S|ATNIB|-2203306|28915336| |DF|2|0|0|0|0|160|0|0|0|0|0|0|0
S|VOLTO|-2398258|28833953| |TF|2|0|0|0|0|250|0|0|0|0|0|0|0
S|BAGTI|-2620825|28755103| |TF|0|0|0|0|0|0|0|0|0|0|0|0|0
S|EBNEL|-2560719|28548583| |TF|0|0|0|0|0|0|0|0|0|0|0|0|0

P|TIPL1B|17|TIPLI|0|3
S|VOLTO|-2398258|28833953|GOM|CF|0|16400|4900|20930|500|250|1|7200|0|1|0|0|0
S|BAGTI|-2620825|28755103| |DF|0|0|0|0|0|0|1|10000|0|0|0|0|0
S|TIPLI|-2925000|28733333| |TF|0|0|0|0|0|0|0|0|0|0|0|0|0

P|TIPL1C|35|TIPLI|0|5
S|XARIR|-2267861|28798122|GOM|CF|0|34600|4360|21680|200|0|1|6600|0|1|0|0|0
S|ATNIB|-2203306|28915336| |DF|2|0|0|0|0|160|0|0|0|0|0|0|0
S|VOLTO|-2398258|28833953| |TF|2|0|0|0|0|250|0|0|0|0|0|0|0
S|BAGTI|-2620825|28755103| |TF|0|0|0|0|0|0|0|0|0|0|0|0|0
S|TIPLI|-2925000|28733333| |TF|0|0|0|0|0|0|0|0|0|0|0|0|0

