P|BK452B|17|BK451|0|4
S|GOM04|-1746122|29245747|GOM|CF|0|17300|400|17450|500|0|1|6500|0|1|0|0|0
S|LUKSA|-1942231|29063378|GOM|CF|0|22200|1900|21310|1500|0|0|10000|0|0|0|0|0
S|BKV|-2316144|28811792| |TF|0|0|0|0|0|0|0|12000|0|0|0|0|0
S|BK451|-3056103|28909458| |TF|0|0|0|0|0|0|0|0|0|0|0|0|0

P|BKU42B|17|BKU45|0|4
S|GOM04|-1746122|29245747|GOM|CF|0|17300|400|17450|500|0|1|6500|0|1|0|0|0
S|LUKSA|-1942231|29063378|GOM|CF|0|22200|1900|21310|1500|0|0|10000|0|0|0|0|0
S|BKV|-2316144|28811792| |TF|0|0|0|0|0|0|0|12000|0|0|0|0|0
S|BKU45|-2982447|29145344| |TF|0|0|0|0|0|0|0|0|0|0|0|0|0

P|BKV2B|17|BKV|0|3
S|GOM04|-1746122|29245747|GOM|CF|0|17300|400|17450|500|0|1|6500|0|1|0|0|0
S|LUKSA|-1942231|29063378|GOM|CF|0|22200|1900|21310|1500|0|0|10000|0|0|0|0|0
S|BKV|-2316144|28811792| |TF|0|0|0|0|0|0|0|12000|0|0|0|0|0

P|GIGA2B|17|GIGAG|0|5
S|GOM04|-1746122|29245747|GOM|CF|0|17300|400|17450|500|0|1|6500|0|1|0|0|0
S| |91000000|181000000|GOM|CR|2|26700|0|22000|0|0|0|8000|0|0|0|0|0
S|ILKAM|-1790000|28946667|GOM|CF|0|26700|1890|24840|1200|0|0|12000|0|0|0|0|0
S|IPULI|-1985000|28420000| |TF|0|0|0|0|0|0|0|0|0|0|0|0|0
S|GIGAG|-2059936|28217639| |TF|0|0|0|0|0|0|0|0|0|0|0|0|0

P|KARO2B|17|KAROS|0|3
S|GOM04|-1746122|29245747|GOM|CF|0|17300|400|17450|500|0|1|6500|0|1|0|0|0
S| |91000000|181000000|GOM|CD|0|19400|0|0|1500|0|0|11000|0|0|0|0|0
S|KAROS|-2198136|29265886| |DF|0|0|0|0|0|0|0|12000|0|0|0|0|0

P|OGUD2B|17|OGUDI|0|5
S|GOM04|-1746122|29245747|GOM|CF|0|17300|400|17450|500|0|1|6500|0|1|0|0|0
S| |91000000|181000000|GOM|CR|2|28700|0|22000|0|0|0|8000|0|0|0|0|0
S| |91000000|181000000| |CI|0|28700|0|0|0|0|0|0|0|0|0|0|0
S|BULNA|-1556667|29005000|GOM|CF|0|33200|1590|29620|1500|0|0|12000|0|0|0|0|0
S|OGUDI|-1418494|29036769| |TF|0|0|0|0|0|0|0|0|0|0|0|0|0

P|OKDI2B|17|OKDIV|0|4
S|GOM04|-1746122|29245747|GOM|CF|0|17300|400|17450|500|0|1|6500|0|1|0|0|0
S|LUKSA|-1942231|29063378|GOM|CF|0|22200|1900|21310|1500|0|0|10000|0|0|0|0|0
S|BKV|-2316144|28811792| |TF|0|0|0|0|0|0|0|12000|0|0|0|0|0
S|OKDIV|-3057111|28714569| |TF|0|0|0|0|0|0|0|0|0|0|0|0|0

P|RANA2B|17|RANAG|0|5
S|GOM04|-1746122|29245747|GOM|CF|0|17300|400|17450|500|0|1|6500|0|1|0|0|0
S|D188L|-1877114|29209264|GOM|CF|0|19400|1200|18800|800|0|0|9000|0|1|0|0|0
S| |91000000|181000000| |CI|2|34300|0|0|0|0|0|0|0|0|0|0|0
S|GOM|-1678600|29240517|GOM|CF|0|6300|0|0|1000|0|0|12000|0|0|0|0|0
S|RANAG|-1754678|29478456| |TF|0|0|0|0|0|0|0|0|0|0|0|0|0

P|UXOB2B|17|UXOBU|0|6
S|GOM04|-1746122|29245747|GOM|CF|0|17300|400|17450|500|0|1|6500|0|1|0|0|0
S| |91000000|181000000|GOM|CR|2|28700|0|22000|0|0|0|8000|0|0|0|0|0
S| |91000000|181000000| |CI|0|28700|0|0|0|0|0|0|0|0|0|0|0
S|BULNA|-1556667|29005000|GOM|CF|0|33200|1590|29620|1500|0|0|12000|0|0|0|0|0
S|IPESA|-1279722|28508917| |TF|0|0|0|0|0|0|0|0|0|0|0|0|0
S|UXOBU|-1157578|28285978| |TF|0|0|0|0|0|0|0|0|0|0|0|0|0

P|XIBK2B|17|EDGOX|0|7
S|GOM04|-1746122|29245747|GOM|CF|0|17300|400|17450|500|0|1|6500|0|1|0|0|0
S|D188L|-1877114|29209264|GOM|CF|0|19400|1200|18800|800|0|0|9000|0|1|0|0|0
S| |91000000|181000000| |CI|2|34300|0|0|0|0|0|0|0|0|0|0|0
S|GOM|-1678600|29240517|GOM|CF|0|6300|0|0|1000|0|0|12000|0|0|0|0|0
S|XIBKI|-1487853|29240806| |TF|0|0|0|0|0|0|0|0|0|0|0|0|0
S|XIBKI|-1487853|29240806| |IF|0|0|0|0|0|0|0|0|0|0|0|0|0
S|EDGOX|-345000|29285000| |TF|0|0|0|0|0|0|0|0|0|0|0|0|0

P|XIBK2B|17|OVPAP|0|7
S|GOM04|-1746122|29245747|GOM|CF|0|17300|400|17450|500|0|1|6500|0|1|0|0|0
S|D188L|-1877114|29209264|GOM|CF|0|19400|1200|18800|800|0|0|9000|0|1|0|0|0
S| |91000000|181000000| |CI|2|34300|0|0|0|0|0|0|0|0|0|0|0
S|GOM|-1678600|29240517|GOM|CF|0|6300|0|0|1000|0|0|12000|0|0|0|0|0
S|XIBKI|-1487853|29240806| |TF|0|0|0|0|0|0|0|0|0|0|0|0|0
S|XIBKI|-1487853|29240806| |IF|0|0|0|0|0|0|0|0|0|0|0|0|0
S|OVPAP|-1326667|29590000| |TF|0|0|0|0|0|0|0|0|0|0|0|0|0

