P|BEMB1A|07|BEMBU|0|2
S|LUMUG|-11503236|27735028|LUB|CF|0|7000|1480|6940|1300|0|0|0|0|0|0|0|0
S|BEMBU|-11229164|27613489| |TF|0|0|0|0|0|0|0|0|0|0|0|0|0

P|BESH1A|07|BESHO|0|3
S|LUMUG|-11503236|27735028|LUB|CF|0|7000|1480|6940|1300|0|0|0|0|0|0|0|0
S|NASOG|-11657564|27805222| |TF|0|0|0|0|0|0|0|0|0|0|0|0|0
S|BESHO|-12000000|27831667| |TF|0|0|0|0|0|0|0|0|0|0|0|0|0

P|BESH1B|25|BESHO|0|3
S|RETIL|-11663989|27361997| |DF|0|0|0|0|0|0|0|0|0|0|0|0|0
S|GINOV|-11846167|27442642| |TF|0|0|0|0|0|0|0|0|0|0|0|0|0
S|BESHO|-12000000|27831667| |TF|0|0|0|0|0|0|0|0|0|0|0|0|0

P|EXUT1B|25|EXUTA|0|2
S|RETIL|-11663989|27361997| |DF|0|0|0|0|0|0|0|0|0|0|0|0|0
S|EXUTA|-11502097|27290433| |TF|0|0|0|0|0|0|0|0|0|0|0|0|0

P|MOTA1A|07|MOTAM|0|3
S|LUMUG|-11503236|27735028|LUB|CF|0|7000|1480|6940|1300|0|0|0|0|0|0|0|0
S|NASOG|-11657564|27805222| |TF|0|0|0|0|0|0|0|0|0|0|0|0|0
S|MOTAM|-12000000|27596667| |TF|0|0|0|0|0|0|0|0|0|0|0|0|0

P|MOTA1B|25|MOTAM|0|3
S|RETIL|-11663989|27361997| |DF|0|0|0|0|0|0|0|0|0|0|0|0|0
S|GINOV|-11846167|27442642| |TF|0|0|0|0|0|0|0|0|0|0|0|0|0
S|MOTAM|-12000000|27596667| |TF|0|0|0|0|0|0|0|0|0|0|0|0|0

P|SOBT1A|07|SOBTO|0|2
S|LUMUG|-11503236|27735028|LUB|CF|0|7000|1480|6940|1300|0|0|0|0|0|0|0|0
S|SOBTO|-10065000|28945556| |TF|0|0|0|0|0|0|0|0|0|0|0|0|0

P|SOBT1B|25|SOBTO|0|3
S|RETIL|-11663989|27361997| |DF|0|0|0|0|0|0|0|0|0|0|0|0|0
S|EXUTA|-11502097|27290433| |TF|0|0|0|0|0|0|0|0|0|0|0|0|0
S|SOBTO|-10065000|28945556| |TF|0|0|0|0|0|0|0|0|0|0|0|0|0

