P|EDUS1A|16|EDUSA|0|3
S| |91000000|181000000| |CA|0|16200|0|0|0|0|1|3500|0|0|0|0|0
S| |91000000|181000000| |CI|1|6000|0|0|0|210|0|0|0|0|0|0|0
S|EDUSA|-6083333|24350000|MBY|CF|0|9000|4690|8850|3700|0|0|0|0|0|0|0|0

P|EDUS1B|34|EDUSA|0|3
S| |91000000|181000000| |CA|0|34200|0|0|0|0|1|3500|0|0|0|0|0
S| |91000000|181000000| |CI|2|12000|0|0|0|210|0|0|0|0|0|0|0
S|EDUSA|-6083333|24350000|MBY|CF|0|9000|4690|8850|4100|0|0|0|0|0|0|0|0

P|GARV1A|16|GARVO|0|3
S| |91000000|181000000| |CA|0|16200|0|0|0|0|1|3500|0|0|0|0|0
S| |91000000|181000000| |CI|1|32600|0|0|0|210|0|0|0|0|0|0|0
S|GARVO|-5041667|23485000|MBY|CF|0|35600|6440|35670|6000|0|0|0|0|0|0|0|0

P|GARV1B|34|GARVO|0|2
S| |91000000|181000000| |CA|0|34200|0|0|0|210|1|3500|0|0|0|0|0
S|GARVO|-5041667|23485000|MBY|CF|0|35600|6440|35670|6300|0|0|0|0|0|0|0|0

P|INAD1A|16|INADO|0|3
S| |91000000|181000000| |CA|0|16200|0|0|0|0|1|3500|0|0|0|0|0
S| |91000000|181000000| |CI|1|600|0|0|0|210|0|0|0|0|0|0|0
S|INADO|-5440000|24060000|MBY|CF|0|3600|5010|3720|4300|0|0|0|0|0|0|0|0

P|INAD1B|34|INADO|0|3
S| |91000000|181000000| |CA|0|34200|0|0|0|0|1|3500|0|0|0|0|0
S| |91000000|181000000| |CI|0|6600|0|0|0|210|0|0|0|0|0|0|0
S|INADO|-5440000|24060000|MBY|CF|0|3600|5010|3720|4300|0|0|0|0|0|0|0|0

P|KGI1A|16|KGI|0|4
S| |91000000|181000000| |CA|0|16200|0|0|0|0|1|3500|0|0|0|0|0
S| |91000000|181000000| |CI|1|34500|0|0|0|210|0|0|0|0|0|0|0
S|TMA|-5308392|23779797|MBY|CF|0|1500|5000|1590|4400|0|0|0|0|0|0|0|0
S|KGI|495867|25317700| |TF|0|0|0|0|0|0|0|0|0|0|0|0|0

P|KGI1B|34|KGI|0|4
S| |91000000|181000000| |CA|0|34200|0|0|0|0|1|3500|0|0|0|0|0
S| |91000000|181000000| |CI|0|4500|0|0|0|210|0|0|0|0|0|0|0
S|TMA|-5308392|23779797|MBY|CF|0|1500|5000|1590|4500|0|0|0|0|0|0|0|0
S|KGI|495867|25317700| |TF|0|0|0|0|0|0|0|0|0|0|0|0|0

P|KNG1A|16|KNG|0|4
S| |91000000|181000000| |CA|0|16200|0|0|0|0|1|3500|0|0|0|0|0
S| |91000000|181000000| |CI|2|31300|0|0|0|210|0|0|0|0|0|0|0
S|TERAN|-6003831|22984636|MBY|CF|0|28300|3540|28210|2800|0|0|0|0|0|0|0|0
S|KNG|-5898747|22476853| |TF|0|0|0|0|0|0|0|0|0|0|0|0|0

P|KNG1B|34|KNG|0|4
S| |91000000|181000000| |CA|0|34200|0|0|0|0|1|3500|0|0|0|0|0
S| |91000000|181000000| |CI|0|25300|0|0|0|210|0|0|0|0|0|0|0
S|TERAN|-6003831|22984636|MBY|CF|0|28300|3540|28210|2800|0|0|0|0|0|0|0|0
S|KNG|-5898747|22476853| |TF|0|0|0|0|0|0|0|0|0|0|0|0|0

P|ONTU1A|16|ONTUV|0|2
S| |91000000|181000000| |CA|0|16200|0|0|0|210|1|3500|0|0|0|0|0
S|ONTUV|-6810000|24028333|MBY|CF|0|14800|4970|14720|4700|0|0|0|0|0|0|0|0

P|ONTU1B|34|ONTUV|0|3
S| |91000000|181000000| |CA|0|34200|0|0|0|0|1|3500|0|0|0|0|0
S| |91000000|181000000| |CI|2|17800|0|0|0|210|0|0|0|0|0|0|0
S|ONTUV|-6810000|24028333|MBY|CF|0|14800|4970|14720|4500|0|0|0|0|0|0|0|0

