P|BIMB6T|36|BIMBO|0|7
S|DER36|28636400|-17755808| |DF|0|0|0|0|0|0|0|0|0|1|0|0|0
S| |91000000|181000000| |VA|0|300|0|0|0|0|1|600|0|0|0|0|0
S| |91000000|181000000| |VI|0|9300|0|0|0|210|0|0|0|0|0|0|0
S|VANUR|28707944|-17610444|TFS|CF|0|5400|6460|31610|400|0|0|0|0|0|0|0|0
S|BRICK|29591361|-16372889| |TF|0|0|0|0|0|0|0|0|0|0|0|0|0
S|KASAS|29986417|-15768722| |TF|0|0|0|0|0|0|0|0|0|0|0|0|0
S|BIMBO|31421444|-16032889| |TF|0|0|0|0|0|0|1|10000|0|0|0|0|0

P|BIMB6U|18|BIMBO|0|7
S|DER18|28616094|-17755411| |DF|0|0|0|0|0|0|0|0|0|1|0|0|0
S| |91000000|181000000| |VA|0|18300|0|0|0|0|1|1000|0|0|0|0|0
S|ARACO|28432528|-17452333|TFS|CF|0|12600|4800|30760|1800|210|0|0|0|0|0|0|0
S|TFN|28536833|-16268778| |TF|0|0|0|0|0|0|0|0|0|0|0|0|0
S|BRICK|29591361|-16372889| |TF|0|0|0|0|0|0|0|0|0|0|0|0|0
S|KASAS|29986417|-15768722| |TF|0|0|0|0|0|0|0|0|0|0|0|0|0
S|BIMBO|31421444|-16032889| |TF|0|0|0|0|0|0|1|10000|0|0|0|0|0

P|GDV4T|36|GDV|0|7
S|DER36|28636400|-17755808| |DF|0|0|0|0|0|0|0|0|0|1|0|0|0
S| |91000000|181000000| |VA|0|300|0|0|0|0|1|600|0|0|0|0|0
S| |91000000|181000000| |VI|0|9300|0|0|0|210|0|0|0|0|0|0|0
S|VANUR|28707944|-17610444|TFS|CF|0|5400|6460|31610|400|0|0|0|0|0|0|0|0
S|TFN|28536833|-16268778| |TF|0|0|0|0|0|0|0|0|0|0|0|0|0
S|ARTEM|28409028|-16034139| |TF|0|0|0|0|0|0|0|0|0|0|0|0|0
S|GDV|28077083|-15429000| |TF|0|0|0|0|0|0|0|0|0|1|0|0|0

P|GDV4U|18|GDV|0|6
S|DER18|28616094|-17755411| |DF|0|0|0|0|0|0|0|0|0|1|0|0|0
S| |91000000|181000000| |VA|0|18300|0|0|0|0|1|1000|0|0|0|0|0
S|ARACO|28432528|-17452333|TFS|CF|0|12600|4800|30760|1800|210|0|0|0|0|0|0|0
S|TFN|28536833|-16268778| |TF|0|0|0|0|0|0|0|0|0|0|0|0|0
S|ARTEM|28409028|-16034139| |TF|0|0|0|0|0|0|0|0|0|0|0|0|0
S|GDV|28077083|-15429000| |TF|0|0|0|0|0|0|0|0|0|1|0|0|0

P|KONB2T|36|KONBA|0|7
S|DER36|28636400|-17755808| |DF|0|0|0|0|0|0|0|0|0|1|0|0|0
S| |91000000|181000000| |VA|0|300|0|0|0|0|1|600|0|0|0|0|0
S| |91000000|181000000| |VI|0|9300|0|0|0|210|0|0|0|0|0|0|0
S|VANUR|28707944|-17610444|TFS|CF|0|5400|6460|31610|400|0|0|0|0|0|0|0|0
S|BRICK|29591361|-16372889| |TF|0|0|0|0|0|0|0|0|0|0|0|0|0
S|KASAS|29986417|-15768722| |TF|0|0|0|0|0|0|0|0|0|0|0|0|0
S|KONBA|31300833|-15301667| |TF|0|0|0|0|0|0|0|0|0|0|0|0|0

P|KONB2U|18|KONBA|0|7
S|DER18|28616094|-17755411| |DF|0|0|0|0|0|0|0|0|0|1|0|0|0
S| |91000000|181000000| |VA|0|18300|0|0|0|0|1|1000|0|0|0|0|0
S|ARACO|28432528|-17452333|TFS|CF|0|12600|4800|30760|1800|210|0|0|0|0|0|0|0
S|TFN|28536833|-16268778| |TF|0|0|0|0|0|0|0|0|0|0|0|0|0
S|BRICK|29591361|-16372889| |TF|0|0|0|0|0|0|0|0|0|0|0|0|0
S|KASAS|29986417|-15768722| |TF|0|0|0|0|0|0|0|0|0|0|0|0|0
S|KONBA|31300833|-15301667| |TF|0|0|0|0|0|0|0|0|0|0|0|0|0

P|KORA7T|36|KORAL|0|8
S|DER36|28636400|-17755808| |DF|0|0|0|0|0|0|0|0|0|1|0|0|0
S| |91000000|181000000| |VA|0|300|0|0|0|0|1|600|0|0|0|0|0
S| |91000000|181000000| |VI|0|9300|0|0|0|210|0|0|0|0|0|0|0
S|VANUR|28707944|-17610444|TFS|CF|0|5400|6460|31610|400|0|0|0|0|0|0|0|0
S|TFN|28536833|-16268778| |TF|0|0|0|0|0|0|0|0|0|0|0|0|0
S|LARYS|28871833|-14834278| |TF|0|0|0|0|0|0|1|17000|0|0|0|0|0
S|LZR|29166000|-13510694| |TF|0|0|0|0|0|0|1|31000|0|0|0|0|0
S|KORAL|29731417|-12578333| |TF|0|0|0|0|0|0|0|0|0|0|0|0|0

P|KORA7U|18|KORAL|0|7
S|DER18|28616094|-17755411| |DF|0|0|0|0|0|0|0|0|0|1|0|0|0
S| |91000000|181000000| |VA|0|18300|0|0|0|0|1|1000|0|0|0|0|0
S|ARACO|28432528|-17452333|TFS|CF|0|12600|4800|30760|1800|210|0|0|0|0|0|0|0
S|TFN|28536833|-16268778| |TF|0|0|0|0|0|0|0|0|0|0|0|0|0
S|LARYS|28871833|-14834278| |TF|0|0|0|0|0|0|1|17000|0|0|0|0|0
S|LZR|29166000|-13510694| |TF|0|0|0|0|0|0|1|31000|0|0|0|0|0
S|KORAL|29731417|-12578333| |TF|0|0|0|0|0|0|0|0|0|0|0|0|0

P|LALT1T|36|LALTO|0|9
S|DER36|28636400|-17755808| |DF|0|0|0|0|0|0|0|0|0|1|0|0|0
S| |91000000|181000000| |VA|0|300|0|0|0|0|1|600|0|0|0|0|0
S| |91000000|181000000| |VI|0|9300|0|0|0|210|0|0|0|0|0|0|0
S|VANUR|28707944|-17610444|TFS|CF|0|5400|6460|31610|400|0|0|0|0|0|0|0|0
S|TFN|28536833|-16268778| |TF|0|0|0|0|0|0|0|0|0|0|0|0|0
S|ARTEM|28409028|-16034139| |TF|0|0|0|0|0|0|0|0|0|0|0|0|0
S|GDV|28077083|-15429000| |TF|0|0|0|0|0|0|0|0|0|1|0|0|0
S|XIBUS|27958667|-15295722| |TF|0|0|0|0|0|0|0|0|0|0|0|0|0
S|LALTO|27698111|-15003972| |TF|0|0|0|0|0|0|0|0|0|0|0|0|0

P|LALT1U|18|LALTO|0|8
S|DER18|28616094|-17755411| |DF|0|0|0|0|0|0|0|0|0|1|0|0|0
S| |91000000|181000000| |VA|0|18300|0|0|0|0|1|1000|0|0|0|0|0
S|ARACO|28432528|-17452333|TFS|CF|0|12600|4800|30760|1800|210|0|0|0|0|0|0|0
S|TFN|28536833|-16268778| |TF|0|0|0|0|0|0|0|0|0|0|0|0|0
S|ARTEM|28409028|-16034139| |TF|0|0|0|0|0|0|0|0|0|0|0|0|0
S|GDV|28077083|-15429000| |TF|0|0|0|0|0|0|0|0|0|1|0|0|0
S|XIBUS|27958667|-15295722| |TF|0|0|0|0|0|0|0|0|0|0|0|0|0
S|LALTO|27698111|-15003972| |TF|0|0|0|0|0|0|0|0|0|0|0|0|0

P|LARY2T|36|LARYS|0|6
S|DER36|28636400|-17755808| |DF|0|0|0|0|0|0|0|0|0|1|0|0|0
S| |91000000|181000000| |VA|0|300|0|0|0|0|1|600|0|0|0|0|0
S| |91000000|181000000| |VI|0|9300|0|0|0|210|0|0|0|0|0|0|0
S|VANUR|28707944|-17610444|TFS|CF|0|5400|6460|31610|400|0|0|0|0|0|0|0|0
S|TFN|28536833|-16268778| |TF|0|0|0|0|0|0|0|0|0|0|0|0|0
S|LARYS|28871833|-14834278| |TF|0|0|0|0|0|0|1|13000|0|0|0|0|0

P|LARY2U|18|LARYS|0|5
S|DER18|28616094|-17755411| |DF|0|0|0|0|0|0|0|0|0|1|0|0|0
S| |91000000|181000000| |VA|0|18300|0|0|0|0|1|1000|0|0|0|0|0
S|ARACO|28432528|-17452333|TFS|CF|0|12600|4800|30760|1800|210|0|0|0|0|0|0|0
S|TFN|28536833|-16268778| |TF|0|0|0|0|0|0|0|0|0|0|0|0|0
S|LARYS|28871833|-14834278| |TF|0|0|0|0|0|0|1|13000|0|0|0|0|0

P|SAMA6T|36|SAMAR|0|7
S|DER36|28636400|-17755808| |DF|0|0|0|0|0|0|0|0|0|1|0|0|0
S| |91000000|181000000| |VA|0|300|0|0|0|0|1|600|0|0|0|0|0
S| |91000000|181000000| |VI|0|9300|0|0|0|210|0|0|0|0|0|0|0
S|VANUR|28707944|-17610444|TFS|CF|0|5400|6460|31610|400|0|0|0|0|0|0|0|0
S|BRICK|29591361|-16372889| |TF|0|0|0|0|0|0|0|0|0|0|0|0|0
S|KASAS|29986417|-15768722| |TF|0|0|0|0|0|0|0|0|0|0|0|0|0
S|SAMAR|30899722|-14415556| |TF|0|0|0|0|0|0|0|0|0|0|0|0|0

P|SAMA6U|18|SAMAR|0|7
S|DER18|28616094|-17755411| |DF|0|0|0|0|0|0|0|0|0|1|0|0|0
S| |91000000|181000000| |VA|0|18300|0|0|0|0|1|1000|0|0|0|0|0
S|ARACO|28432528|-17452333|TFS|CF|0|12600|4800|30760|1800|210|0|0|0|0|0|0|0
S|TFN|28536833|-16268778| |TF|0|0|0|0|0|0|0|0|0|0|0|0|0
S|BRICK|29591361|-16372889| |TF|0|0|0|0|0|0|0|0|0|0|0|0|0
S|KASAS|29986417|-15768722| |TF|0|0|0|0|0|0|0|0|0|0|0|0|0
S|SAMAR|30899722|-14415556| |TF|0|0|0|0|0|0|0|0|0|0|0|0|0

P|SARA1T|36|SARAY|0|7
S|DER36|28636400|-17755808| |DF|0|0|0|0|0|0|0|0|0|1|0|0|0
S| |91000000|181000000| |VA|0|300|0|0|0|0|1|600|0|0|0|0|0
S| |91000000|181000000| |VI|0|9300|0|0|0|210|0|0|0|0|0|0|0
S|VANUR|28707944|-17610444|TFS|CF|0|5400|6460|31610|400|0|0|0|0|0|0|0|0
S|TFN|28536833|-16268778| |TF|0|0|0|0|0|0|0|0|0|0|0|0|0
S|LARYS|28871833|-14834278| |TF|0|0|0|0|0|0|1|13000|0|0|0|0|0
S|SARAY|29758639|-14157417| |TF|0|0|0|0|0|0|0|0|0|0|0|0|0

P|SARA1U|18|SARAY|0|6
S|DER18|28616094|-17755411| |DF|0|0|0|0|0|0|0|0|0|1|0|0|0
S| |91000000|181000000| |VA|0|18300|0|0|0|0|1|1000|0|0|0|0|0
S|ARACO|28432528|-17452333|TFS|CF|0|12600|4800|30760|1800|210|0|0|0|0|0|0|0
S|TFN|28536833|-16268778| |TF|0|0|0|0|0|0|0|0|0|0|0|0|0
S|LARYS|28871833|-14834278| |TF|0|0|0|0|0|0|1|13000|0|0|0|0|0
S|SARAY|29758639|-14157417| |TF|0|0|0|0|0|0|0|0|0|0|0|0|0

P|TFN4T|36|TFN|0|5
S|DER36|28636400|-17755808| |DF|0|0|0|0|0|0|0|0|0|1|0|0|0
S| |91000000|181000000| |VA|0|300|0|0|0|0|1|600|0|0|0|0|0
S| |91000000|181000000| |VI|0|9300|0|0|0|210|0|0|0|0|0|0|0
S|VANUR|28707944|-17610444|TFS|CF|0|5400|6460|31610|400|0|0|0|0|0|0|0|0
S|TFN|28536833|-16268778| |TF|0|0|0|0|0|0|1|11000|0|0|0|0|0

P|TFN4U|18|TFN|0|4
S|DER18|28616094|-17755411| |DF|0|0|0|0|0|0|0|0|0|1|0|0|0
S| |91000000|181000000| |VA|0|18300|0|0|0|0|1|1000|0|0|0|0|0
S|ARACO|28432528|-17452333|TFS|CF|0|12600|4800|30760|1800|210|0|0|0|0|0|0|0
S|TFN|28536833|-16268778| |TF|0|0|0|0|0|0|1|11000|0|0|0|0|0

P|VAST5T|36|VASTO|0|8
S|DER36|28636400|-17755808| |DF|0|0|0|0|0|0|0|0|0|1|0|0|0
S| |91000000|181000000| |VA|0|300|0|0|0|0|1|600|0|0|0|0|0
S| |91000000|181000000| |VI|0|9300|0|0|0|210|0|0|0|0|0|0|0
S|VANUR|28707944|-17610444|TFS|CF|0|5400|6460|31610|400|0|0|0|0|0|0|0|0
S|TFN|28536833|-16268778| |TF|0|0|0|0|0|0|0|0|0|0|0|0|0
S|LARYS|28871833|-14834278| |TF|0|0|0|0|0|0|1|13000|0|0|0|0|0
S|SARAY|29758639|-14157417| |TF|0|0|0|0|0|0|0|0|0|0|0|0|0
S|VASTO|30509444|-13572778| |TF|0|0|0|0|0|0|0|0|0|0|0|0|0

P|VAST5U|18|VASTO|0|7
S|DER18|28616094|-17755411| |DF|0|0|0|0|0|0|0|0|0|1|0|0|0
S| |91000000|181000000| |VA|0|18300|0|0|0|0|1|1000|0|0|0|0|0
S|ARACO|28432528|-17452333|TFS|CF|0|12600|4800|30760|1800|210|0|0|0|0|0|0|0
S|TFN|28536833|-16268778| |TF|0|0|0|0|0|0|0|0|0|0|0|0|0
S|LARYS|28871833|-14834278| |TF|0|0|0|0|0|0|1|13000|0|0|0|0|0
S|SARAY|29758639|-14157417| |TF|0|0|0|0|0|0|0|0|0|0|0|0|0
S|VASTO|30509444|-13572778| |TF|0|0|0|0|0|0|0|0|0|0|0|0|0

P|YEQA1T|36|YEQAY|0|4
S|DER36|28636400|-17755808| |DF|0|0|0|0|0|0|0|0|0|1|0|0|0
S| |91000000|181000000| |CA|0|300|0|0|0|0|1|600|0|0|0|0|0
S|VANUR|28707944|-17610444| |DF|0|0|0|0|0|210|0|0|0|1|0|0|0
S|YEQAY|28263472|-17126528| |TF|0|0|0|0|0|0|1|11000|0|0|0|0|0

P|YEQA1U|18|YEQAY|0|4
S|DER18|28616094|-17755411| |DF|0|0|0|0|0|0|0|0|0|1|0|0|0
S| |91000000|181000000| |CA|0|18300|0|0|0|0|1|1000|0|0|0|0|0
S|ARACO|28432528|-17452333|LGM|CF|0|12400|2720|33750|1800|210|0|0|0|0|0|0|0
S|YEQAY|28263472|-17126528| |TF|0|0|0|0|0|0|1|11000|0|0|0|0|0

