P|AGAL3D|27|AGALI|0|6
S| |91000000|181000000|ADM|VD|0|27400|0|0|520|0|0|0|0|0|0|0|0
S| |91000000|181000000| |VI|0|22700|0|0|0|0|0|0|0|0|0|0|0
S|D257P|30247222|-9679167|ADM|CF|0|25700|1600|25690|800|0|0|0|0|1|0|0|0
S|ARGAB|30349444|-9777222|ADM|CF|0|33400|2050|27770|800|0|0|0|0|0|0|0|0
S|MOGBA|30562778|-9759167| |TF|0|0|0|0|0|0|0|0|0|0|0|0|0
S|AGALI|30727778|-9496667| |TF|0|0|0|0|0|0|0|0|0|0|0|0|0

P|AGAL4D|09|AGALI|0|5
S| |91000000|181000000| |VA|0|9400|0|0|0|0|1|1500|0|0|0|0|0
S|D257P|30247222|-9679167|ADM|CF|2|27200|1600|25690|1600|0|0|0|0|1|0|0|0
S|ARGAB|30349444|-9777222|ADM|CF|0|33400|2050|27770|800|0|0|0|0|0|0|0|0
S|MOGBA|30562778|-9759167| |TF|0|0|0|0|0|0|0|0|0|0|0|0|0
S|AGALI|30727778|-9496667| |TF|0|0|0|0|0|0|0|0|0|0|0|0|0

P|ARSO3D|27|ARSOL|0|3
S| |91000000|181000000|ADM|VD|0|27400|0|0|520|0|0|0|0|0|0|0|0
S| |91000000|181000000| |VI|1|15800|0|0|0|0|0|0|0|0|0|0|0
S|ARSOL|29930833|-9553333|ADM|CF|0|20300|2500|20370|1600|0|0|0|0|0|0|0|0

P|ARSO4D|09|ARSOL|0|3
S| |91000000|181000000| |VA|0|9400|0|0|0|0|1|1500|0|0|0|0|0
S| |91000000|181000000| |CI|2|27200|0|0|0|0|0|0|0|0|0|0|0
S|ARSOL|29930833|-9553333|ADM|CF|0|20300|2500|20370|2200|0|0|0|0|0|0|0|0

P|BULO3D|27|BULOK|0|3
S| |91000000|181000000|ADM|VD|0|27400|0|0|520|0|0|0|0|0|0|0|0
S| |91000000|181000000| |VI|0|22300|0|0|0|0|0|0|0|0|0|0|0
S|BULOK|30180833|-9838333|ADM|CF|0|25300|2510|25350|1700|0|0|0|0|0|0|0|0

P|BULO4D|09|BULOK|0|3
S| |91000000|181000000| |VA|0|9400|0|0|0|0|1|1500|0|0|0|0|0
S| |91000000|181000000| |CI|2|27200|0|0|0|0|0|0|0|0|0|0|0
S|BULOK|30180833|-9838333|ADM|CF|0|25300|2510|25350|1400|0|0|0|0|0|0|0|0

P|GOSP3D|27|GOSPI|0|3
S| |91000000|181000000|ADM|VD|0|27400|0|0|520|0|0|0|0|0|0|0|0
S| |91000000|181000000| |VI|0|21800|0|0|0|0|0|0|0|0|0|0|0
S|GOSPI|30147500|-9821667|ADM|CF|0|24800|2510|24850|1600|0|0|0|0|0|0|0|0

P|GOSP4D|09|GOSPI|0|3
S| |91000000|181000000| |VA|0|9400|0|0|0|0|1|1500|0|0|0|0|0
S| |91000000|181000000| |CI|2|27200|0|0|0|0|0|0|0|0|0|0|0
S|GOSPI|30147500|-9821667|ADM|CF|0|24800|2510|24850|1700|0|0|0|0|0|0|0|0

P|KEGA3D|27|KEGAG|0|3
S| |91000000|181000000|ADM|VD|0|27400|0|0|520|0|0|0|0|0|0|0|0
S|ADM|30321917|-9383472| |DF|1|0|0|0|0|0|0|0|0|0|0|0|0
S|KEGAG|30441225|-8921683| |TF|0|0|0|0|0|0|0|0|0|0|0|0|0

P|KEGA4D|09|KEGAG|0|4
S| |91000000|181000000| |VA|0|9400|0|0|0|0|1|2000|0|0|0|0|0
S| |91000000|181000000|ADM|CR|2|27400|0|18400|0|0|0|0|0|0|0|0|0
S|ADM|30321917|-9383472| |DF|2|0|0|0|0|0|0|0|0|0|0|0|0
S|KEGAG|30441225|-8921683| |TF|0|0|0|0|0|0|0|0|0|0|0|0|0

P|MOGB3D|27|MOGBA|0|5
S| |91000000|181000000|ADM|VD|0|27400|0|0|520|0|0|0|0|0|0|0|0
S| |91000000|181000000| |VI|0|22700|0|0|0|0|0|0|0|0|0|0|0
S|D257P|30247222|-9679167|ADM|CF|0|25700|1600|25690|800|0|0|0|0|1|0|0|0
S|ARGAB|30349444|-9777222|ADM|CF|0|33400|2050|27770|800|0|0|0|0|0|0|0|0
S|MOGBA|30562778|-9759167| |TF|0|0|0|0|0|0|0|0|0|0|0|0|0

P|MOGB4D|09|MOGBA|0|4
S| |91000000|181000000| |VA|0|9400|0|0|0|0|1|1500|0|0|0|0|0
S|D257P|30247222|-9679167|ADM|CF|2|27200|1600|25690|1600|0|0|0|0|1|0|0|0
S|ARGAB|30349444|-9777222|ADM|CF|0|33400|2050|27770|800|0|0|0|0|0|0|0|0
S|MOGBA|30562778|-9759167| |TF|0|0|0|0|0|0|0|0|0|0|0|0|0

P|OLOM3D|27|OLOMA|0|3
S| |91000000|181000000|ADM|VD|0|27400|0|0|520|0|0|0|0|0|0|0|0
S|ADM|30321917|-9383472| |DF|1|0|0|0|0|0|0|0|0|0|0|0|0
S|OLOMA|30640833|-9071667| |TF|0|0|0|0|0|0|0|0|0|0|0|0|0

P|OLOM4D|09|OLOMA|0|4
S| |91000000|181000000| |VA|0|9400|0|0|0|0|1|2000|0|0|0|0|0
S| |91000000|181000000|ADM|CR|2|27400|0|18400|0|0|0|0|0|0|0|0|0
S|ADM|30321917|-9383472| |DF|2|0|0|0|0|0|0|0|0|0|0|0|0
S|OLOMA|30640833|-9071667| |TF|0|0|0|0|0|0|0|0|0|0|0|0|0

P|TEKN3D|27|TEKNA|0|3
S| |91000000|181000000|ADM|VD|0|27400|0|0|520|0|0|0|0|0|0|0|0
S| |91000000|181000000| |VI|0|20000|0|0|0|0|0|0|0|0|0|0|0
S|TEKNA|30039167|-9738333|ADM|CF|0|23000|2500|23060|1400|0|0|0|0|0|0|0|0

P|TEKN4D|09|TEKNA|0|3
S| |91000000|181000000| |VA|0|9400|0|0|0|0|1|1500|0|0|0|0|0
S| |91000000|181000000| |CI|2|27200|0|0|0|0|0|0|0|0|0|0|0
S|TEKNA|30039167|-9738333|ADM|CF|0|23000|2500|23060|2000|0|0|0|0|0|0|0|0

P|TIKV3D|27|TIKVO|0|3
S| |91000000|181000000|ADM|VD|0|27400|0|0|520|0|0|0|0|0|0|0|0
S| |91000000|181000000| |VI|1|13300|0|0|0|0|0|0|0|0|0|0|0
S|TIKVO|29905639|-9344603|ADM|CF|0|17800|2500|17840|1800|0|0|0|0|0|0|0|0

P|TIKV4D|09|TIKVO|0|3
S| |91000000|181000000| |VA|0|9400|0|0|0|0|1|1500|0|0|0|0|0
S| |91000000|181000000| |CI|2|27200|0|0|0|0|0|0|0|0|0|0|0
S|TIKVO|29905639|-9344603|ADM|CF|1|17800|2500|17840|2100|0|0|0|0|0|0|0|0

