P|BIDA1B|01|BIDAV|0|6
S|BD401|14822514|-17074247|DS|CF|0|600|1070|650|900|265|0|0|0|0|0|0|0
S|BD402|14823272|-16988222| |TF|0|0|0|0|0|0|1|4000|0|0|0|0|0
S|BD403|14824258|-16867786| |TF|0|0|0|0|0|0|2|11000|0|0|0|0|0
S|BD405|14338869|-16863225| |TF|0|0|0|0|0|0|1|12000|0|0|0|0|0
S|GAVDI|14019247|-16860161| |TF|0|0|0|0|0|0|0|0|0|0|0|0|0
S|BIDAV|13341389|-16659167| |TF|0|0|0|0|0|0|0|0|0|0|0|0|0

P|BIDA1H|19|BIDAV|0|3
S|BD421|14502694|-17071242|DS|CF|0|18600|850|18650|1000|265|0|0|0|0|0|0|0
S|TEMSO|14001242|-17066542| |TF|0|0|0|0|0|0|0|0|0|0|0|0|0
S|BIDAV|13341389|-16659167| |TF|0|0|0|0|0|0|0|0|0|0|0|0|0

P|BIKI1B|01|BIKIS|0|4
S|BD401|14822514|-17074247|DS|CF|0|600|1070|650|900|265|0|0|0|0|0|0|0
S|KOSOM|14912397|-17075094| |TF|0|0|0|0|0|0|0|0|0|0|0|0|0
S|MEPIX|15340236|-17079136| |TF|0|0|0|0|0|0|0|0|0|0|0|0|0
S|BIKIS|16278100|-16782500| |TF|0|0|0|0|0|0|0|0|0|0|0|0|0

P|BIKI1H|19|BIKIS|0|5
S|BD421|14502694|-17071242|DS|CF|0|18600|850|18650|1000|265|0|0|0|0|0|0|0
S|BD423|14504444|-16865078| |TF|0|0|0|0|0|0|2|10000|0|0|0|0|0
S|BD424|14788983|-16867619| |TF|0|0|0|0|0|0|1|11000|0|0|0|0|0
S|ULSIM|15311842|-16874261| |TF|0|0|0|0|0|0|0|0|0|0|0|0|0
S|BIKIS|16278100|-16782500| |TF|0|0|0|0|0|0|0|0|0|0|0|0|0

P|ERID1B|01|ERIDI|0|5
S|BD401|14822514|-17074247|DS|CF|0|600|1070|650|900|265|0|0|0|0|0|0|0
S|BD402|14823272|-16988222| |TF|0|0|0|0|0|0|1|4000|0|0|0|0|0
S|BD403|14824258|-16867786| |TF|0|0|0|0|0|0|2|11000|0|0|0|0|0
S|BD404|14616542|-16387411| |TF|0|0|0|0|0|0|0|0|0|0|0|0|0
S|ERIDI|13193333|-15130278| |TF|0|0|0|0|0|0|0|0|0|0|0|0|0

P|ERID1H|19|ERIDI|0|3
S|BD421|14502694|-17071242|DS|CF|0|18600|850|18650|1000|265|0|0|0|0|0|0|0
S|BD423|14504444|-16865078| |TF|0|0|0|0|0|0|2|10000|0|0|0|0|0
S|ERIDI|13193333|-15130278| |TF|0|0|0|0|0|0|0|0|0|0|0|0|0

P|LIGO1B|01|LIGOV|0|3
S|BD401|14822514|-17074247|DS|CF|0|600|1070|650|900|265|0|0|0|0|0|0|0
S|KOSOM|14912397|-17075094| |TF|0|0|0|0|0|0|0|0|0|0|0|0|0
S|LIGOV|15466667|-19404167| |TF|0|0|0|0|0|0|0|0|0|0|0|0|0

P|LIGO1H|19|LIGOV|0|3
S|BD421|14502694|-17071242|DS|CF|0|18600|850|18650|1000|265|0|0|0|0|0|0|0
S|BD422|14501911|-17157142| |TF|0|0|0|0|0|0|0|0|0|0|0|0|0
S|LIGOV|15466667|-19404167| |TF|0|0|0|0|0|0|0|0|0|0|0|0|0

P|LIMA1B|01|LIMAX|0|4
S|BD401|14822514|-17074247|DS|CF|0|600|1070|650|900|265|0|0|0|0|0|0|0
S|KOSOM|14912397|-17075094| |TF|0|0|0|0|0|0|0|0|0|0|0|0|0
S|MEPIX|15340236|-17079136| |TF|0|0|0|0|0|0|0|0|0|0|0|0|0
S|LIMAX|16748600|-17335300| |TF|0|0|0|0|0|0|0|0|0|0|0|0|0

P|LIMA1H|19|LIMAX|0|5
S|BD421|14502694|-17071242|DS|CF|0|18600|850|18650|1000|265|0|0|0|0|0|0|0
S|BD423|14504444|-16865078| |TF|0|0|0|0|0|0|2|10000|0|0|0|0|0
S|BD424|14788983|-16867619| |TF|0|0|0|0|0|0|1|11000|0|0|0|0|0
S|ULSIM|15311842|-16874261| |TF|0|0|0|0|0|0|0|0|0|0|0|0|0
S|LIMAX|16748600|-17335300| |TF|0|0|0|0|0|0|0|0|0|0|0|0|0

P|NURA1B|01|NURAS|0|5
S|BD401|14822514|-17074247|DS|CF|0|600|1070|650|900|265|0|0|0|0|0|0|0
S|BD402|14823272|-16988222| |TF|0|0|0|0|0|0|1|4000|0|0|0|0|0
S|BD403|14824258|-16867786| |TF|0|0|0|0|0|0|2|11000|0|0|0|0|0
S|BD404|14616542|-16387411| |TF|0|0|0|0|0|0|0|0|0|0|0|0|0
S|NURAS|14222222|-15484167| |TF|0|0|0|0|0|0|0|0|0|0|0|0|0

P|NURA1H|19|NURAS|0|3
S|BD421|14502694|-17071242|DS|CF|0|18600|850|18650|1000|265|0|0|0|0|0|0|0
S|BD423|14504444|-16865078| |TF|0|0|0|0|0|0|2|10000|0|0|0|0|0
S|NURAS|14222222|-15484167| |TF|0|0|0|0|0|0|0|0|0|0|0|0|0

P|SAKL1B|01|SAKLI|0|4
S|BD401|14822514|-17074247|DS|CF|0|600|1070|650|900|265|0|0|0|0|0|0|0
S|KOSOM|14912397|-17075094| |TF|0|0|0|0|0|0|0|0|0|0|0|0|0
S|MEPIX|15340236|-17079136| |TF|0|0|0|0|0|0|0|0|0|0|0|0|0
S|SAKLI|16049083|-16457139| |TF|0|0|0|0|0|0|0|0|0|0|0|0|0

P|SAKL1H|19|SAKLI|0|5
S|BD421|14502694|-17071242|DS|CF|0|18600|850|18650|1000|265|0|0|0|0|0|0|0
S|BD423|14504444|-16865078| |TF|0|0|0|0|0|0|2|10000|0|0|0|0|0
S|BD424|14788983|-16867619| |TF|0|0|0|0|0|0|1|11000|0|0|0|0|0
S|ULSIM|15311842|-16874261| |TF|0|0|0|0|0|0|0|0|0|0|0|0|0
S|SAKLI|16049083|-16457139| |TF|0|0|0|0|0|0|0|0|0|0|0|0|0

