P|AGAR1C|13|AGAAR|0|4
S| |91000000|181000000| |CA|0|13100|0|0|0|0|1|3000|0|0|0|0|0
S|SEB|26995594|14459736| |DF|1|0|0|0|0|0|1|3500|0|0|0|0|0
S|D306Y|27247628|14087244| |TF|0|0|0|0|0|0|1|6500|0|0|0|0|0
S|AGAAR|27306667|14000000| |TF|0|0|0|0|0|0|0|0|0|0|0|0|0

P|AGAR1F|31|AGAAR|0|3
S| |91000000|181000000| |CA|0|31100|0|0|0|0|1|3500|0|0|0|0|0
S|D306Y|27247628|14087244|SEB|CF|0|30500|2500|30520|2000|0|1|6500|0|0|0|0|0
S|AGAAR|27306667|14000000| |TF|0|0|0|0|0|0|0|0|0|0|0|0|0

P|ALGA1C|13|ALGAF|0|4
S| |91000000|181000000| |CA|0|13100|0|0|0|0|1|3000|0|0|0|0|0
S| |91000000|181000000| |CI|1|35800|0|0|0|0|1|3500|0|0|0|0|0
S|D030Y|27352197|14703283|SEB|CF|0|2900|2500|2940|1600|0|1|6500|0|0|0|0|0
S|ALGAF|28166667|15266667| |TF|0|0|0|0|0|0|0|0|0|0|0|0|0

P|ALGA1F|31|ALGAF|0|4
S| |91000000|181000000| |CA|0|31100|0|0|0|0|1|3000|0|0|0|0|0
S| |91000000|181000000| |CI|2|5800|0|0|0|0|1|3500|0|0|0|0|0
S|D030Y|27352197|14703283|SEB|CF|0|2900|2500|2940|1800|0|1|6500|0|0|0|0|0
S|ALGAF|28166667|15266667| |TF|0|0|0|0|0|0|0|0|0|0|0|0|0

P|BONI1C|13|BONIP|0|4
S| |91000000|181000000| |CA|0|13100|0|0|0|0|1|3000|0|0|0|0|0
S| |91000000|181000000| |CI|2|22800|0|0|0|0|1|3500|0|0|0|0|0
S|D198Y|26603100|14299983|SEB|CF|0|19800|2500|19810|1700|0|1|6500|0|0|0|0|0
S|BONIP|24636667|13516667| |TF|0|0|0|0|0|0|0|0|0|0|0|0|0

P|BONI1F|31|BONIP|0|4
S| |91000000|181000000| |CA|0|31100|0|0|0|0|1|3000|0|0|0|0|0
S| |91000000|181000000| |CI|1|16800|0|0|0|0|1|3500|0|0|0|0|0
S|D198Y|26603100|14299983|SEB|CF|0|19800|2500|19810|1700|0|1|6500|0|0|0|0|0
S|BONIP|24636667|13516667| |TF|0|0|0|0|0|0|0|0|0|0|0|0|0

P|BOXA1C|13|BOXAL|0|4
S| |91000000|181000000| |CA|0|13100|0|0|0|0|1|3000|0|0|0|0|0
S| |91000000|181000000| |CI|1|31800|0|0|0|0|1|3500|0|0|0|0|0
S|D346Y|27403839|14360022|SEB|CF|0|34600|2500|34570|1700|0|1|6500|0|0|0|0|0
S|BOXAL|27500000|14336667| |TF|0|0|0|0|0|0|0|0|0|0|0|0|0

P|BOXA1F|31|BOXAL|0|4
S| |91000000|181000000| |CA|0|31100|0|0|0|0|1|3000|0|0|0|0|0
S| |91000000|181000000| |CI|0|800|0|0|0|0|1|3500|0|0|0|0|0
S|D346Y|27403839|14360022|SEB|CF|0|34600|2500|34570|2000|0|1|6500|0|0|0|0|0
S|BOXAL|27500000|14336667| |TF|0|0|0|0|0|0|0|0|0|0|0|0|0

P|BURH1C|13|BURHA|0|4
S| |91000000|181000000| |CA|0|13100|0|0|0|0|1|3000|0|0|0|0|0
S| |91000000|181000000| |CI|2|31300|0|0|0|0|1|3500|0|0|0|0|0
S|D282Y|27099525|14007717|SEB|CF|0|28300|2500|28250|1900|0|1|6500|0|0|0|0|0
S|BURHA|27371667|12790000| |TF|0|0|0|0|0|0|0|0|0|0|0|0|0

P|BURH1F|31|BURHA|0|4
S| |91000000|181000000| |CA|0|31100|0|0|0|0|1|3000|0|0|0|0|0
S| |91000000|181000000| |CI|0|26300|0|0|0|0|1|3500|0|0|0|0|0
S|D282Y|27099525|14007717|SEB|CF|0|28300|2500|28250|1900|0|1|6500|0|0|0|0|0
S|BURHA|27371667|12790000| |TF|0|0|0|0|0|0|0|0|0|0|0|0|0

P|ELGA1C|13|ELGAN|0|4
S| |91000000|181000000| |CA|0|13100|0|0|0|0|1|3000|0|0|0|0|0
S| |91000000|181000000| |CI|0|17300|0|0|0|0|1|3500|0|0|0|0|0
S|D153Y|26621056|14666206|SEB|CF|0|15200|2500|15160|2000|0|1|6500|0|0|0|0|0
S|ELGAN|24833333|15631667| |TF|0|0|0|0|0|0|0|0|0|0|0|0|0

P|ELGA1F|31|ELGAN|0|4
S| |91000000|181000000| |CA|0|31100|0|0|0|0|1|3000|0|0|0|0|0
S|SEB|26995594|14459736| |DF|1|0|0|0|0|0|1|3500|0|0|0|0|0
S|D153Y|26621056|14666206| |TF|0|0|0|0|0|0|1|6500|0|0|0|0|0
S|ELGAN|24833333|15631667| |TF|0|0|0|0|0|0|0|0|0|0|0|0|0

P|FUGH1C|13|FUGHA|0|4
S| |91000000|181000000| |CA|0|13100|0|0|0|0|1|3000|0|0|0|0|0
S| |91000000|181000000| |CI|1|1800|0|0|0|0|1|3500|0|0|0|0|0
S|D050Y|27259114|14822181|SEB|CF|0|4900|2500|4880|1600|0|1|6500|0|0|0|0|0
S|FUGHA|28166944|16094722| |TF|0|0|0|0|0|0|0|0|0|0|0|0|0

P|FUGH1F|31|FUGHA|0|4
S| |91000000|181000000| |CA|0|31100|0|0|0|0|1|3000|0|0|0|0|0
S| |91000000|181000000| |CI|2|6800|0|0|0|0|1|3500|0|0|0|0|0
S|D050Y|27259114|14822181|SEB|CF|0|4900|2500|4880|1200|0|1|6500|0|0|0|0|0
S|FUGHA|28166944|16094722| |TF|0|0|0|0|0|0|0|0|0|0|0|0|0

P|HORU1C|13|HORUJ|0|4
S| |91000000|181000000| |CA|0|13100|0|0|0|0|1|3000|0|0|0|0|0
S| |91000000|181000000| |CI|0|5300|0|0|0|0|1|3500|0|0|0|0|0
S|D083Y|27038403|14923833|SEB|CF|0|8200|2500|8200|1800|0|1|6500|0|0|0|0|0
S|HORUJ|27151667|16245000| |TF|0|0|0|0|0|0|0|0|0|0|0|0|0

P|HORU1F|31|HORUJ|0|4
S| |91000000|181000000| |CA|0|31100|0|0|0|0|1|3000|0|0|0|0|0
S| |91000000|181000000| |CI|2|11300|0|0|0|0|1|3500|0|0|0|0|0
S|D083Y|27038403|14923833|SEB|CF|0|8200|2500|8200|1800|0|1|6500|0|0|0|0|0
S|HORUJ|27151667|16245000| |TF|0|0|0|0|0|0|0|0|0|0|0|0|0

P|IMLE1C|13|IMLES|0|4
S| |91000000|181000000| |CA|0|13100|0|0|0|0|1|3000|0|0|0|0|0
S|SEB|26995594|14459736| |DF|1|0|0|0|0|0|1|3500|0|0|0|0|0
S|D328Y|27360214|14231494| |TF|0|0|0|0|0|0|1|6500|0|0|0|0|0
S|IMLES|29533333|12833333| |TF|0|0|0|0|0|0|0|0|0|0|0|0|0

P|IMLE1F|31|IMLES|0|4
S| |91000000|181000000| |CA|0|31100|0|0|0|0|1|3000|0|0|0|0|0
S| |91000000|181000000| |CI|0|34800|0|0|0|0|1|3500|0|0|0|0|0
S|D328Y|27360214|14231494|SEB|CF|0|32900|2500|32880|2200|0|1|6500|0|0|0|0|0
S|IMLES|29533333|12833333| |TF|0|0|0|0|0|0|0|0|0|0|0|0|0

P|TAJA1C|13|TAJAR|0|4
S| |91000000|181000000| |CA|0|13100|0|0|0|0|1|3000|0|0|0|0|0
S| |91000000|181000000| |CI|0|19800|0|0|0|0|1|3500|0|0|0|0|0
S|D176Y|26578089|14478764|SEB|CF|0|17600|2500|17570|1700|0|1|6500|0|0|0|0|0
S|TAJAR|24366667|14576667| |TF|0|0|0|0|0|0|0|0|0|0|0|0|0

P|TAJA1F|31|TAJAR|0|4
S| |91000000|181000000| |CA|0|31100|0|0|0|0|1|3000|0|0|0|0|0
S| |91000000|181000000| |CI|1|15800|0|0|0|0|1|3500|0|0|0|0|0
S|D176Y|26578089|14478764|SEB|CF|0|17600|2500|17570|1100|0|1|6500|0|0|0|0|0
S|TAJAR|24366667|14576667| |TF|0|0|0|0|0|0|0|0|0|0|0|0|0

P|TAZI1C|13|TAZIT|0|4
S| |91000000|181000000| |CA|0|13100|0|0|0|0|1|3000|0|0|0|0|0
S| |91000000|181000000| |CI|2|27300|0|0|0|0|1|3500|0|0|0|0|0
S|D244Y|26824433|14034528|SEB|CF|0|24400|2500|24390|1600|0|1|6500|0|0|0|0|0
S|TAZIT|25940000|11905000| |TF|0|0|0|0|0|0|0|0|0|0|0|0|0

P|TAZI1F|31|TAZIT|0|4
S| |91000000|181000000| |CA|0|31100|0|0|0|0|1|3000|0|0|0|0|0
S| |91000000|181000000| |CI|1|21800|0|0|0|0|1|3500|0|0|0|0|0
S|D244Y|26824433|14034528|SEB|CF|0|24400|2500|24390|1700|0|1|6500|0|0|0|0|0
S|TAZIT|25940000|11905000| |TF|0|0|0|0|0|0|0|0|0|0|0|0|0

P|TMIS1C|13|TMISA|0|4
S| |91000000|181000000| |CA|0|13100|0|0|0|0|1|3000|0|0|0|0|0
S| |91000000|181000000| |CI|0|8800|0|0|0|0|1|3500|0|0|0|0|0
S|D107Y|26865675|14902817|SEB|CF|0|10600|2500|10600|1900|0|1|6500|0|0|0|0|0
S|TMISA|26430000|16348333| |TF|0|0|0|0|0|0|0|0|0|0|0|0|0

P|TMIS1F|31|TMISA|0|4
S| |91000000|181000000| |CA|0|31100|0|0|0|0|1|3000|0|0|0|0|0
S| |91000000|181000000| |CI|2|13800|0|0|0|0|1|3500|0|0|0|0|0
S|D107Y|26865675|14902817|SEB|CF|0|10600|2500|10600|2000|0|1|6500|0|0|0|0|0
S|TMISA|26430000|16348333| |TF|0|0|0|0|0|0|0|0|0|0|0|0|0

