P|ALSA1D|10|ALSAR|0|2
S|IMTIT|-1979972|30204083|KNM|CF|0|9900|350|10030|400|210|0|0|0|1|0|0|0
S|ALSAR|-1451228|30744514| |TF|0|0|0|0|0|0|0|0|0|0|0|0|0

P|BOSA1D|10|BOSAD|0|2
S|IMTIT|-1979972|30204083|KNM|CF|0|9900|350|10030|400|210|0|0|0|1|0|0|0
S|BOSAD|-1907300|30820350| |TF|0|0|0|0|0|0|0|0|0|0|0|0|0

P|DATA1D|10|DATAN|0|2
S|IMTIT|-1979972|30204083|KNM|CF|0|9900|350|10030|400|210|0|0|0|1|0|0|0
S|DATAN|-2098672|30896186| |TF|0|0|0|0|0|0|0|0|0|0|0|0|0

P|EGRE1D|10|EGREK|0|2
S|IMTIT|-1979972|30204083|KNM|CF|0|9900|350|10030|400|210|0|0|0|1|0|0|0
S|EGREK|-1079025|30383181| |TF|0|0|0|0|0|0|0|0|0|0|0|0|0

P|GAVD1D|10|GAVDA|0|3
S|IMTIT|-1979972|30204083|KNM|CF|0|9900|350|10030|400|210|0|0|0|1|0|0|0
S|XABOB|-2255522|29975797| |DF|2|0|0|0|0|210|0|0|0|0|0|0|0
S|GAVDA|-2800681|29649242| |TF|0|0|0|0|0|0|0|0|0|0|0|0|0

P|KARO1D|10|KAROS|0|3
S|IMTIT|-1979972|30204083|KNM|CF|0|9900|350|10030|400|210|0|0|0|1|0|0|0
S|GADBO|-2112664|30061319| |DF|2|0|0|0|0|210|0|0|0|0|0|0|0
S|KAROS|-2198136|29265886| |TF|0|0|0|0|0|0|0|0|0|0|0|0|0

P|RANA1D|10|RANAG|0|3
S|IMTIT|-1979972|30204083|KNM|CF|0|9900|350|10030|400|210|0|0|0|1|0|0|0
S|APMUM|-1828825|30184533| |DF|1|0|0|0|0|210|0|0|0|0|0|0|0
S|RANAG|-1754678|29478456| |TF|0|0|0|0|0|0|0|0|0|0|0|0|0

