P|BACHS2|03|BACHS|0|3
S| |91000000|181000000| |CA|0|3000|0|0|0|0|1|4778|0|0|0|0|0
S|NARIC|41509142|-120528953| |DF|0|0|0|0|0|0|0|0|0|1|0|0|0
S|BACHS|41261789|-121001250| |DF|1|0|0|0|0|0|1|9000|0|0|0|0|0

P|BACHS2|13|BACHS|0|3
S| |91000000|181000000| |CA|0|13200|0|0|0|0|1|4778|0|0|0|0|0
S|RUCOR|41449375|-120538317| |DF|0|0|0|0|0|0|0|0|0|0|0|0|0
S|BACHS|41261789|-121001250| |TF|2|0|0|0|0|0|1|9000|0|0|0|0|0

P|BACHS2|21|BACHS|0|3
S| |91000000|181000000| |CA|0|21000|0|0|0|0|1|4778|0|0|0|0|0
S|MOMPE|41457444|-120600756| |DF|0|0|0|0|0|0|0|0|0|0|0|0|0
S|BACHS|41261789|-121001250| |TF|0|0|0|0|0|0|1|9000|0|0|0|0|0

P|BACHS2|31|BACHS|0|3
S| |91000000|181000000| |CA|0|31200|0|0|0|0|1|4778|0|0|0|0|0
S|SIDTO|41516200|-120593092| |DF|0|0|0|0|0|0|0|0|0|0|0|0|0
S|BACHS|41261789|-121001250| |TF|1|0|0|0|0|0|1|9000|0|0|0|0|0

P|CHOIR3|03|CHOIR|0|4
S| |91000000|181000000| |CA|0|3000|0|0|0|0|1|4780|0|0|0|0|0
S|NARIC|41509142|-120528953| |DF|0|0|0|0|0|0|0|0|0|0|0|0|0
S|NILIY|41578272|-120432683| |TF|0|0|0|0|0|0|0|0|0|0|0|0|0
S|CHOIR|41525264|-120220333| |TF|0|0|0|0|0|0|1|11000|0|0|0|0|0

P|CHOIR3|13|CHOIR|0|3
S| |91000000|181000000| |CA|0|13200|0|0|0|0|1|4780|0|0|0|0|0
S|RUCOR|41449375|-120538317| |DF|0|0|0|0|0|0|0|0|0|0|0|0|0
S|CHOIR|41525264|-120220333| |TF|0|0|0|0|0|0|1|11000|0|0|0|0|0

