P|ADELL8|09|AKMIE|0|7
S| |91000000|181000000| |VA|0|9000|0|0|0|0|1|1220|0|0|0|0|0
S| |91000000|181000000| |VM|0|9000|0|0|0|0|0|0|0|0|0|0|0
S|ACITO|41398611|-88183333| |DF|0|0|0|0|0|0|1|5000|0|0|0|0|0
S|ACITO|41398611|-88183333| |IF|0|0|0|0|0|0|1|5000|0|0|0|0|0
S|ADELL|41249722|-88250000| |TF|0|0|0|0|0|0|0|0|0|0|0|0|0
S|ADELL|41249722|-88250000| |IF|0|0|0|0|0|0|0|0|0|0|0|0|0
S|AKMIE|40710769|-88491125| |TF|0|0|0|0|0|0|0|0|0|0|0|0|0

P|ADELL8|09|ARLYN|0|8
S| |91000000|181000000| |VA|0|9000|0|0|0|0|1|1220|0|0|0|0|0
S| |91000000|181000000| |VM|0|9000|0|0|0|0|0|0|0|0|0|0|0
S|ACITO|41398611|-88183333| |DF|0|0|0|0|0|0|1|5000|0|0|0|0|0
S|ACITO|41398611|-88183333| |IF|0|0|0|0|0|0|1|5000|0|0|0|0|0
S|ADELL|41249722|-88250000| |TF|0|0|0|0|0|0|0|0|0|0|0|0|0
S|ADELL|41249722|-88250000| |IF|0|0|0|0|0|0|0|0|0|0|0|0|0
S|AKMIE|40710769|-88491125| |TF|0|0|0|0|0|0|0|0|0|0|0|0|0
S|ARLYN|40316667|-88666667| |TF|0|0|0|0|0|0|0|0|0|0|0|0|0

P|ADELL8|15|AKMIE|0|7
S| |91000000|181000000| |VA|0|14800|0|0|0|0|1|1220|0|0|0|0|0
S| |91000000|181000000| |VM|0|14800|0|0|0|0|0|0|0|0|0|0|0
S|ACITO|41398611|-88183333| |DF|0|0|0|0|0|0|1|5000|0|0|0|0|0
S|ACITO|41398611|-88183333| |IF|0|0|0|0|0|0|1|5000|0|0|0|0|0
S|ADELL|41249722|-88250000| |TF|0|0|0|0|0|0|0|0|0|0|0|0|0
S|ADELL|41249722|-88250000| |IF|0|0|0|0|0|0|0|0|0|0|0|0|0
S|AKMIE|40710769|-88491125| |TF|0|0|0|0|0|0|0|0|0|0|0|0|0

P|ADELL8|15|ARLYN|0|8
S| |91000000|181000000| |VA|0|14800|0|0|0|0|1|1220|0|0|0|0|0
S| |91000000|181000000| |VM|0|14800|0|0|0|0|0|0|0|0|0|0|0
S|ACITO|41398611|-88183333| |DF|0|0|0|0|0|0|1|5000|0|0|0|0|0
S|ACITO|41398611|-88183333| |IF|0|0|0|0|0|0|1|5000|0|0|0|0|0
S|ADELL|41249722|-88250000| |TF|0|0|0|0|0|0|0|0|0|0|0|0|0
S|ADELL|41249722|-88250000| |IF|0|0|0|0|0|0|0|0|0|0|0|0|0
S|AKMIE|40710769|-88491125| |TF|0|0|0|0|0|0|0|0|0|0|0|0|0
S|ARLYN|40316667|-88666667| |TF|0|0|0|0|0|0|0|0|0|0|0|0|0

P|ADELL8|18|AKMIE|0|7
S| |91000000|181000000| |VA|0|18100|0|0|0|0|1|1220|0|0|0|0|0
S| |91000000|181000000| |VM|0|18100|0|0|0|0|0|0|0|0|0|0|0
S|ACITO|41398611|-88183333| |DF|0|0|0|0|0|0|1|5000|0|0|0|0|0
S|ACITO|41398611|-88183333| |IF|0|0|0|0|0|0|1|5000|0|0|0|0|0
S|ADELL|41249722|-88250000| |TF|0|0|0|0|0|0|0|0|0|0|0|0|0
S|ADELL|41249722|-88250000| |IF|0|0|0|0|0|0|0|0|0|0|0|0|0
S|AKMIE|40710769|-88491125| |TF|0|0|0|0|0|0|0|0|0|0|0|0|0

P|ADELL8|18|ARLYN|0|8
S| |91000000|181000000| |VA|0|18100|0|0|0|0|1|1220|0|0|0|0|0
S| |91000000|181000000| |VM|0|18100|0|0|0|0|0|0|0|0|0|0|0
S|ACITO|41398611|-88183333| |DF|0|0|0|0|0|0|1|5000|0|0|0|0|0
S|ACITO|41398611|-88183333| |IF|0|0|0|0|0|0|1|5000|0|0|0|0|0
S|ADELL|41249722|-88250000| |TF|0|0|0|0|0|0|0|0|0|0|0|0|0
S|ADELL|41249722|-88250000| |IF|0|0|0|0|0|0|0|0|0|0|0|0|0
S|AKMIE|40710769|-88491125| |TF|0|0|0|0|0|0|0|0|0|0|0|0|0
S|ARLYN|40316667|-88666667| |TF|0|0|0|0|0|0|0|0|0|0|0|0|0

P|ADELL8|27|AKMIE|0|7
S| |91000000|181000000| |VA|0|27000|0|0|0|0|1|1220|0|0|0|0|0
S| |91000000|181000000| |VM|0|27000|0|0|0|0|0|0|0|0|0|0|0
S|ACITO|41398611|-88183333| |DF|0|0|0|0|0|0|1|5000|0|0|0|0|0
S|ACITO|41398611|-88183333| |IF|0|0|0|0|0|0|1|5000|0|0|0|0|0
S|ADELL|41249722|-88250000| |TF|0|0|0|0|0|0|0|0|0|0|0|0|0
S|ADELL|41249722|-88250000| |IF|0|0|0|0|0|0|0|0|0|0|0|0|0
S|AKMIE|40710769|-88491125| |TF|0|0|0|0|0|0|0|0|0|0|0|0|0

P|ADELL8|27|ARLYN|0|8
S| |91000000|181000000| |VA|0|27000|0|0|0|0|1|1220|0|0|0|0|0
S| |91000000|181000000| |VM|0|27000|0|0|0|0|0|0|0|0|0|0|0
S|ACITO|41398611|-88183333| |DF|0|0|0|0|0|0|1|5000|0|0|0|0|0
S|ACITO|41398611|-88183333| |IF|0|0|0|0|0|0|1|5000|0|0|0|0|0
S|ADELL|41249722|-88250000| |TF|0|0|0|0|0|0|0|0|0|0|0|0|0
S|ADELL|41249722|-88250000| |IF|0|0|0|0|0|0|0|0|0|0|0|0|0
S|AKMIE|40710769|-88491125| |TF|0|0|0|0|0|0|0|0|0|0|0|0|0
S|ARLYN|40316667|-88666667| |TF|0|0|0|0|0|0|0|0|0|0|0|0|0

P|ADELL8|33|AKMIE|0|7
S| |91000000|181000000| |VA|0|32800|0|0|0|0|1|1220|0|0|0|0|0
S| |91000000|181000000| |VM|0|32800|0|0|0|0|0|0|0|0|0|0|0
S|ACITO|41398611|-88183333| |DF|0|0|0|0|0|0|1|5000|0|0|0|0|0
S|ACITO|41398611|-88183333| |IF|0|0|0|0|0|0|1|5000|0|0|0|0|0
S|ADELL|41249722|-88250000| |TF|0|0|0|0|0|0|0|0|0|0|0|0|0
S|ADELL|41249722|-88250000| |IF|0|0|0|0|0|0|0|0|0|0|0|0|0
S|AKMIE|40710769|-88491125| |TF|0|0|0|0|0|0|0|0|0|0|0|0|0

P|ADELL8|33|ARLYN|0|8
S| |91000000|181000000| |VA|0|32800|0|0|0|0|1|1220|0|0|0|0|0
S| |91000000|181000000| |VM|0|32800|0|0|0|0|0|0|0|0|0|0|0
S|ACITO|41398611|-88183333| |DF|0|0|0|0|0|0|1|5000|0|0|0|0|0
S|ACITO|41398611|-88183333| |IF|0|0|0|0|0|0|1|5000|0|0|0|0|0
S|ADELL|41249722|-88250000| |TF|0|0|0|0|0|0|0|0|0|0|0|0|0
S|ADELL|41249722|-88250000| |IF|0|0|0|0|0|0|0|0|0|0|0|0|0
S|AKMIE|40710769|-88491125| |TF|0|0|0|0|0|0|0|0|0|0|0|0|0
S|ARLYN|40316667|-88666667| |TF|0|0|0|0|0|0|0|0|0|0|0|0|0

P|ADELL8|36|AKMIE|0|7
S| |91000000|181000000| |VA|0|100|0|0|0|0|1|1220|0|0|0|0|0
S| |91000000|181000000| |VM|0|100|0|0|0|0|0|0|0|0|0|0|0
S|ACITO|41398611|-88183333| |DF|0|0|0|0|0|0|1|5000|0|0|0|0|0
S|ACITO|41398611|-88183333| |IF|0|0|0|0|0|0|1|5000|0|0|0|0|0
S|ADELL|41249722|-88250000| |TF|0|0|0|0|0|0|0|0|0|0|0|0|0
S|ADELL|41249722|-88250000| |IF|0|0|0|0|0|0|0|0|0|0|0|0|0
S|AKMIE|40710769|-88491125| |TF|0|0|0|0|0|0|0|0|0|0|0|0|0

P|ADELL8|36|ARLYN|0|8
S| |91000000|181000000| |VA|0|100|0|0|0|0|1|1220|0|0|0|0|0
S| |91000000|181000000| |VM|0|100|0|0|0|0|0|0|0|0|0|0|0
S|ACITO|41398611|-88183333| |DF|0|0|0|0|0|0|1|5000|0|0|0|0|0
S|ACITO|41398611|-88183333| |IF|0|0|0|0|0|0|1|5000|0|0|0|0|0
S|ADELL|41249722|-88250000| |TF|0|0|0|0|0|0|0|0|0|0|0|0|0
S|ADELL|41249722|-88250000| |IF|0|0|0|0|0|0|0|0|0|0|0|0|0
S|AKMIE|40710769|-88491125| |TF|0|0|0|0|0|0|0|0|0|0|0|0|0
S|ARLYN|40316667|-88666667| |TF|0|0|0|0|0|0|0|0|0|0|0|0|0

P|BLOKR8|09|BEKKI|0|7
S| |91000000|181000000| |VA|0|9000|0|0|0|0|1|1220|0|0|0|0|0
S| |91000000|181000000| |VM|0|9000|0|0|0|0|0|0|0|0|0|0|0
S|BACEN|41406667|-88029722| |DF|0|0|0|0|0|0|1|5000|0|0|0|0|0
S|BACEN|41406667|-88029722| |IF|0|0|0|0|0|0|1|5000|0|0|0|0|0
S|BLOKR|41249722|-88083333| |TF|0|0|0|0|0|0|0|0|0|0|0|0|0
S|BLOKR|41249722|-88083333| |IF|0|0|0|0|0|0|0|0|0|0|0|0|0
S|BEKKI|40316667|-88348333| |TF|0|0|0|0|0|0|0|0|0|0|0|0|0

P|BLOKR8|09|RBS|0|7
S| |91000000|181000000| |VA|0|9000|0|0|0|0|1|1220|0|0|0|0|0
S| |91000000|181000000| |VM|0|9000|0|0|0|0|0|0|0|0|0|0|0
S|BACEN|41406667|-88029722| |DF|0|0|0|0|0|0|1|5000|0|0|0|0|0
S|BACEN|41406667|-88029722| |IF|0|0|0|0|0|0|1|5000|0|0|0|0|0
S|BLOKR|41249722|-88083333| |TF|0|0|0|0|0|0|0|0|0|0|0|0|0
S|BLOKR|41249722|-88083333| |IF|0|0|0|0|0|0|0|0|0|0|0|0|0
S|RBS|40581703|-88164267| |TF|0|0|0|0|0|0|0|0|0|0|0|0|0

P|BLOKR8|15|BEKKI|0|7
S| |91000000|181000000| |VA|0|14800|0|0|0|0|1|1220|0|0|0|0|0
S| |91000000|181000000| |VM|0|14800|0|0|0|0|0|0|0|0|0|0|0
S|BACEN|41406667|-88029722| |DF|0|0|0|0|0|0|1|5000|0|0|0|0|0
S|BACEN|41406667|-88029722| |IF|0|0|0|0|0|0|1|5000|0|0|0|0|0
S|BLOKR|41249722|-88083333| |TF|0|0|0|0|0|0|0|0|0|0|0|0|0
S|BLOKR|41249722|-88083333| |IF|0|0|0|0|0|0|0|0|0|0|0|0|0
S|BEKKI|40316667|-88348333| |TF|0|0|0|0|0|0|0|0|0|0|0|0|0

P|BLOKR8|15|RBS|0|7
S| |91000000|181000000| |VA|0|14800|0|0|0|0|1|1220|0|0|0|0|0
S| |91000000|181000000| |VM|0|14800|0|0|0|0|0|0|0|0|0|0|0
S|BACEN|41406667|-88029722| |DF|0|0|0|0|0|0|1|5000|0|0|0|0|0
S|BACEN|41406667|-88029722| |IF|0|0|0|0|0|0|1|5000|0|0|0|0|0
S|BLOKR|41249722|-88083333| |TF|0|0|0|0|0|0|0|0|0|0|0|0|0
S|BLOKR|41249722|-88083333| |IF|0|0|0|0|0|0|0|0|0|0|0|0|0
S|RBS|40581703|-88164267| |TF|0|0|0|0|0|0|0|0|0|0|0|0|0

P|BLOKR8|18|BEKKI|0|7
S| |91000000|181000000| |VA|0|18100|0|0|0|0|1|1220|0|0|0|0|0
S| |91000000|181000000| |VM|0|18100|0|0|0|0|0|0|0|0|0|0|0
S|BACEN|41406667|-88029722| |DF|0|0|0|0|0|0|1|5000|0|0|0|0|0
S|BACEN|41406667|-88029722| |IF|0|0|0|0|0|0|1|5000|0|0|0|0|0
S|BLOKR|41249722|-88083333| |TF|0|0|0|0|0|0|0|0|0|0|0|0|0
S|BLOKR|41249722|-88083333| |IF|0|0|0|0|0|0|0|0|0|0|0|0|0
S|BEKKI|40316667|-88348333| |TF|0|0|0|0|0|0|0|0|0|0|0|0|0

P|BLOKR8|18|RBS|0|7
S| |91000000|181000000| |VA|0|18100|0|0|0|0|1|1220|0|0|0|0|0
S| |91000000|181000000| |VM|0|18100|0|0|0|0|0|0|0|0|0|0|0
S|BACEN|41406667|-88029722| |DF|0|0|0|0|0|0|1|5000|0|0|0|0|0
S|BACEN|41406667|-88029722| |IF|0|0|0|0|0|0|1|5000|0|0|0|0|0
S|BLOKR|41249722|-88083333| |TF|0|0|0|0|0|0|0|0|0|0|0|0|0
S|BLOKR|41249722|-88083333| |IF|0|0|0|0|0|0|0|0|0|0|0|0|0
S|RBS|40581703|-88164267| |TF|0|0|0|0|0|0|0|0|0|0|0|0|0

P|BLOKR8|27|BEKKI|0|7
S| |91000000|181000000| |VA|0|27000|0|0|0|0|1|1220|0|0|0|0|0
S| |91000000|181000000| |VM|0|27000|0|0|0|0|0|0|0|0|0|0|0
S|BACEN|41406667|-88029722| |DF|0|0|0|0|0|0|1|5000|0|0|0|0|0
S|BACEN|41406667|-88029722| |IF|0|0|0|0|0|0|1|5000|0|0|0|0|0
S|BLOKR|41249722|-88083333| |TF|0|0|0|0|0|0|0|0|0|0|0|0|0
S|BLOKR|41249722|-88083333| |IF|0|0|0|0|0|0|0|0|0|0|0|0|0
S|BEKKI|40316667|-88348333| |TF|0|0|0|0|0|0|0|0|0|0|0|0|0

P|BLOKR8|27|RBS|0|7
S| |91000000|181000000| |VA|0|27000|0|0|0|0|1|1220|0|0|0|0|0
S| |91000000|181000000| |VM|0|27000|0|0|0|0|0|0|0|0|0|0|0
S|BACEN|41406667|-88029722| |DF|0|0|0|0|0|0|1|5000|0|0|0|0|0
S|BACEN|41406667|-88029722| |IF|0|0|0|0|0|0|1|5000|0|0|0|0|0
S|BLOKR|41249722|-88083333| |TF|0|0|0|0|0|0|0|0|0|0|0|0|0
S|BLOKR|41249722|-88083333| |IF|0|0|0|0|0|0|0|0|0|0|0|0|0
S|RBS|40581703|-88164267| |TF|0|0|0|0|0|0|0|0|0|0|0|0|0

P|BLOKR8|33|BEKKI|0|7
S| |91000000|181000000| |VA|0|32800|0|0|0|0|1|1220|0|0|0|0|0
S| |91000000|181000000| |VM|0|32800|0|0|0|0|0|0|0|0|0|0|0
S|BACEN|41406667|-88029722| |DF|0|0|0|0|0|0|1|5000|0|0|0|0|0
S|BACEN|41406667|-88029722| |IF|0|0|0|0|0|0|1|5000|0|0|0|0|0
S|BLOKR|41249722|-88083333| |TF|0|0|0|0|0|0|0|0|0|0|0|0|0
S|BLOKR|41249722|-88083333| |IF|0|0|0|0|0|0|0|0|0|0|0|0|0
S|BEKKI|40316667|-88348333| |TF|0|0|0|0|0|0|0|0|0|0|0|0|0

P|BLOKR8|33|RBS|0|7
S| |91000000|181000000| |VA|0|32800|0|0|0|0|1|1220|0|0|0|0|0
S| |91000000|181000000| |VM|0|32800|0|0|0|0|0|0|0|0|0|0|0
S|BACEN|41406667|-88029722| |DF|0|0|0|0|0|0|1|5000|0|0|0|0|0
S|BACEN|41406667|-88029722| |IF|0|0|0|0|0|0|1|5000|0|0|0|0|0
S|BLOKR|41249722|-88083333| |TF|0|0|0|0|0|0|0|0|0|0|0|0|0
S|BLOKR|41249722|-88083333| |IF|0|0|0|0|0|0|0|0|0|0|0|0|0
S|RBS|40581703|-88164267| |TF|0|0|0|0|0|0|0|0|0|0|0|0|0

P|BLOKR8|36|BEKKI|0|7
S| |91000000|181000000| |VA|0|100|0|0|0|0|1|1220|0|0|0|0|0
S| |91000000|181000000| |VM|0|100|0|0|0|0|0|0|0|0|0|0|0
S|BACEN|41406667|-88029722| |DF|0|0|0|0|0|0|1|5000|0|0|0|0|0
S|BACEN|41406667|-88029722| |IF|0|0|0|0|0|0|1|5000|0|0|0|0|0
S|BLOKR|41249722|-88083333| |TF|0|0|0|0|0|0|0|0|0|0|0|0|0
S|BLOKR|41249722|-88083333| |IF|0|0|0|0|0|0|0|0|0|0|0|0|0
S|BEKKI|40316667|-88348333| |TF|0|0|0|0|0|0|0|0|0|0|0|0|0

P|BLOKR8|36|RBS|0|7
S| |91000000|181000000| |VA|0|100|0|0|0|0|1|1220|0|0|0|0|0
S| |91000000|181000000| |VM|0|100|0|0|0|0|0|0|0|0|0|0|0
S|BACEN|41406667|-88029722| |DF|0|0|0|0|0|0|1|5000|0|0|0|0|0
S|BACEN|41406667|-88029722| |IF|0|0|0|0|0|0|1|5000|0|0|0|0|0
S|BLOKR|41249722|-88083333| |TF|0|0|0|0|0|0|0|0|0|0|0|0|0
S|BLOKR|41249722|-88083333| |IF|0|0|0|0|0|0|0|0|0|0|0|0|0
S|RBS|40581703|-88164267| |TF|0|0|0|0|0|0|0|0|0|0|0|0|0

P|CARYN8|09|CYBIL|0|7
S| |91000000|181000000| |VA|0|9000|0|0|0|0|1|1220|0|0|0|0|0
S| |91000000|181000000| |VM|0|9000|0|0|0|0|0|0|0|0|0|0|0
S|CMSKY|41413056|-87877222| |DF|0|0|0|0|0|0|1|5000|0|0|0|0|0
S|CMSKY|41413056|-87877222| |IF|0|0|0|0|0|0|1|5000|0|0|0|0|0
S|CARYN|41249722|-87892500| |TF|0|0|0|0|0|0|0|0|0|0|0|0|0
S|CARYN|41249722|-87892500| |IF|0|0|0|0|0|0|0|0|0|0|0|0|0
S|CYBIL|40316667|-87864444| |TF|0|0|0|0|0|0|0|0|0|0|0|0|0

P|CARYN8|15|CYBIL|0|7
S| |91000000|181000000| |VA|0|14800|0|0|0|0|1|1220|0|0|0|0|0
S| |91000000|181000000| |VM|0|14800|0|0|0|0|0|0|0|0|0|0|0
S|CMSKY|41413056|-87877222| |DF|0|0|0|0|0|0|1|5000|0|0|0|0|0
S|CMSKY|41413056|-87877222| |IF|0|0|0|0|0|0|1|5000|0|0|0|0|0
S|CARYN|41249722|-87892500| |TF|0|0|0|0|0|0|0|0|0|0|0|0|0
S|CARYN|41249722|-87892500| |IF|0|0|0|0|0|0|0|0|0|0|0|0|0
S|CYBIL|40316667|-87864444| |TF|0|0|0|0|0|0|0|0|0|0|0|0|0

P|CARYN8|18|CYBIL|0|7
S| |91000000|181000000| |VA|0|18100|0|0|0|0|1|1220|0|0|0|0|0
S| |91000000|181000000| |VM|0|18100|0|0|0|0|0|0|0|0|0|0|0
S|CMSKY|41413056|-87877222| |DF|0|0|0|0|0|0|1|5000|0|0|0|0|0
S|CMSKY|41413056|-87877222| |IF|0|0|0|0|0|0|1|5000|0|0|0|0|0
S|CARYN|41249722|-87892500| |TF|0|0|0|0|0|0|0|0|0|0|0|0|0
S|CARYN|41249722|-87892500| |IF|0|0|0|0|0|0|0|0|0|0|0|0|0
S|CYBIL|40316667|-87864444| |TF|0|0|0|0|0|0|0|0|0|0|0|0|0

P|CARYN8|27|CYBIL|0|7
S| |91000000|181000000| |VA|0|27000|0|0|0|0|1|1220|0|0|0|0|0
S| |91000000|181000000| |VM|0|27000|0|0|0|0|0|0|0|0|0|0|0
S|CMSKY|41413056|-87877222| |DF|0|0|0|0|0|0|1|5000|0|0|0|0|0
S|CMSKY|41413056|-87877222| |IF|0|0|0|0|0|0|1|5000|0|0|0|0|0
S|CARYN|41249722|-87892500| |TF|0|0|0|0|0|0|0|0|0|0|0|0|0
S|CARYN|41249722|-87892500| |IF|0|0|0|0|0|0|0|0|0|0|0|0|0
S|CYBIL|40316667|-87864444| |TF|0|0|0|0|0|0|0|0|0|0|0|0|0

P|CARYN8|33|CYBIL|0|7
S| |91000000|181000000| |VA|0|32800|0|0|0|0|1|1220|0|0|0|0|0
S| |91000000|181000000| |VM|0|32800|0|0|0|0|0|0|0|0|0|0|0
S|CMSKY|41413056|-87877222| |DF|0|0|0|0|0|0|1|5000|0|0|0|0|0
S|CMSKY|41413056|-87877222| |IF|0|0|0|0|0|0|1|5000|0|0|0|0|0
S|CARYN|41249722|-87892500| |TF|0|0|0|0|0|0|0|0|0|0|0|0|0
S|CARYN|41249722|-87892500| |IF|0|0|0|0|0|0|0|0|0|0|0|0|0
S|CYBIL|40316667|-87864444| |TF|0|0|0|0|0|0|0|0|0|0|0|0|0

P|CARYN8|36|CYBIL|0|7
S| |91000000|181000000| |VA|0|100|0|0|0|0|1|1220|0|0|0|0|0
S| |91000000|181000000| |VM|0|100|0|0|0|0|0|0|0|0|0|0|0
S|CMSKY|41413056|-87877222| |DF|0|0|0|0|0|0|1|5000|0|0|0|0|0
S|CMSKY|41413056|-87877222| |IF|0|0|0|0|0|0|1|5000|0|0|0|0|0
S|CARYN|41249722|-87892500| |TF|0|0|0|0|0|0|0|0|0|0|0|0|0
S|CARYN|41249722|-87892500| |IF|0|0|0|0|0|0|0|0|0|0|0|0|0
S|CYBIL|40316667|-87864444| |TF|0|0|0|0|0|0|0|0|0|0|0|0|0

P|DARCY8|09|DONVE|0|8
S| |91000000|181000000| |VA|0|9000|0|0|0|0|1|1220|0|0|0|0|0
S| |91000000|181000000| |VM|0|9000|0|0|0|0|0|0|0|0|0|0|0
S|DENNT|41419167|-87724722| |DF|0|0|0|0|0|0|1|5000|0|0|0|0|0
S|DENNT|41419167|-87724722| |IF|0|0|0|0|0|0|1|5000|0|0|0|0|0
S|DARCY|41202222|-87725833| |TF|0|0|0|0|0|0|0|0|0|0|0|0|0
S|DARCY|41202222|-87725833| |IF|0|0|0|0|0|0|0|0|0|0|0|0|0
S|DREGS|40316667|-87607500| |TF|0|0|0|0|0|0|0|0|0|0|0|0|0
S|DONVE|39986389|-87625833| |TF|0|0|0|0|0|0|0|0|0|0|0|0|0

P|DARCY8|09|SCOTO|0|9
S| |91000000|181000000| |VA|0|9000|0|0|0|0|1|1220|0|0|0|0|0
S| |91000000|181000000| |VM|0|9000|0|0|0|0|0|0|0|0|0|0|0
S|DENNT|41419167|-87724722| |DF|0|0|0|0|0|0|1|5000|0|0|0|0|0
S|DENNT|41419167|-87724722| |IF|0|0|0|0|0|0|1|5000|0|0|0|0|0
S|DARCY|41202222|-87725833| |TF|0|0|0|0|0|0|0|0|0|0|0|0|0
S|DARCY|41202222|-87725833| |IF|0|0|0|0|0|0|0|0|0|0|0|0|0
S|DREGS|40316667|-87607500| |TF|0|0|0|0|0|0|0|0|0|0|0|0|0
S|DUMGE|39986389|-87398333| |TF|0|0|0|0|0|0|0|0|0|0|0|0|0
S|SCOTO|39169147|-86854719| |TF|0|0|0|0|0|0|0|0|0|0|0|0|0

P|DARCY8|15|DONVE|0|8
S| |91000000|181000000| |VA|0|14800|0|0|0|0|1|1220|0|0|0|0|0
S| |91000000|181000000| |VM|0|14800|0|0|0|0|0|0|0|0|0|0|0
S|DENNT|41419167|-87724722| |DF|0|0|0|0|0|0|1|5000|0|0|0|0|0
S|DENNT|41419167|-87724722| |IF|0|0|0|0|0|0|1|5000|0|0|0|0|0
S|DARCY|41202222|-87725833| |TF|0|0|0|0|0|0|0|0|0|0|0|0|0
S|DARCY|41202222|-87725833| |IF|0|0|0|0|0|0|0|0|0|0|0|0|0
S|DREGS|40316667|-87607500| |TF|0|0|0|0|0|0|0|0|0|0|0|0|0
S|DONVE|39986389|-87625833| |TF|0|0|0|0|0|0|0|0|0|0|0|0|0

P|DARCY8|15|SCOTO|0|9
S| |91000000|181000000| |VA|0|14800|0|0|0|0|1|1220|0|0|0|0|0
S| |91000000|181000000| |VM|0|14800|0|0|0|0|0|0|0|0|0|0|0
S|DENNT|41419167|-87724722| |DF|0|0|0|0|0|0|1|5000|0|0|0|0|0
S|DENNT|41419167|-87724722| |IF|0|0|0|0|0|0|1|5000|0|0|0|0|0
S|DARCY|41202222|-87725833| |TF|0|0|0|0|0|0|0|0|0|0|0|0|0
S|DARCY|41202222|-87725833| |IF|0|0|0|0|0|0|0|0|0|0|0|0|0
S|DREGS|40316667|-87607500| |TF|0|0|0|0|0|0|0|0|0|0|0|0|0
S|DUMGE|39986389|-87398333| |TF|0|0|0|0|0|0|0|0|0|0|0|0|0
S|SCOTO|39169147|-86854719| |TF|0|0|0|0|0|0|0|0|0|0|0|0|0

P|DARCY8|18|DONVE|0|8
S| |91000000|181000000| |VA|0|18100|0|0|0|0|1|1220|0|0|0|0|0
S| |91000000|181000000| |VM|0|18100|0|0|0|0|0|0|0|0|0|0|0
S|DENNT|41419167|-87724722| |DF|0|0|0|0|0|0|1|5000|0|0|0|0|0
S|DENNT|41419167|-87724722| |IF|0|0|0|0|0|0|1|5000|0|0|0|0|0
S|DARCY|41202222|-87725833| |TF|0|0|0|0|0|0|0|0|0|0|0|0|0
S|DARCY|41202222|-87725833| |IF|0|0|0|0|0|0|0|0|0|0|0|0|0
S|DREGS|40316667|-87607500| |TF|0|0|0|0|0|0|0|0|0|0|0|0|0
S|DONVE|39986389|-87625833| |TF|0|0|0|0|0|0|0|0|0|0|0|0|0

P|DARCY8|18|SCOTO|0|9
S| |91000000|181000000| |VA|0|18100|0|0|0|0|1|1220|0|0|0|0|0
S| |91000000|181000000| |VM|0|18100|0|0|0|0|0|0|0|0|0|0|0
S|DENNT|41419167|-87724722| |DF|0|0|0|0|0|0|1|5000|0|0|0|0|0
S|DENNT|41419167|-87724722| |IF|0|0|0|0|0|0|1|5000|0|0|0|0|0
S|DARCY|41202222|-87725833| |TF|0|0|0|0|0|0|0|0|0|0|0|0|0
S|DARCY|41202222|-87725833| |IF|0|0|0|0|0|0|0|0|0|0|0|0|0
S|DREGS|40316667|-87607500| |TF|0|0|0|0|0|0|0|0|0|0|0|0|0
S|DUMGE|39986389|-87398333| |TF|0|0|0|0|0|0|0|0|0|0|0|0|0
S|SCOTO|39169147|-86854719| |TF|0|0|0|0|0|0|0|0|0|0|0|0|0

P|DARCY8|27|DONVE|0|8
S| |91000000|181000000| |VA|0|27000|0|0|0|0|1|1220|0|0|0|0|0
S| |91000000|181000000| |VM|0|27000|0|0|0|0|0|0|0|0|0|0|0
S|DENNT|41419167|-87724722| |DF|0|0|0|0|0|0|1|5000|0|0|0|0|0
S|DENNT|41419167|-87724722| |IF|0|0|0|0|0|0|1|5000|0|0|0|0|0
S|DARCY|41202222|-87725833| |TF|0|0|0|0|0|0|0|0|0|0|0|0|0
S|DARCY|41202222|-87725833| |IF|0|0|0|0|0|0|0|0|0|0|0|0|0
S|DREGS|40316667|-87607500| |TF|0|0|0|0|0|0|0|0|0|0|0|0|0
S|DONVE|39986389|-87625833| |TF|0|0|0|0|0|0|0|0|0|0|0|0|0

P|DARCY8|27|SCOTO|0|9
S| |91000000|181000000| |VA|0|27000|0|0|0|0|1|1220|0|0|0|0|0
S| |91000000|181000000| |VM|0|27000|0|0|0|0|0|0|0|0|0|0|0
S|DENNT|41419167|-87724722| |DF|0|0|0|0|0|0|1|5000|0|0|0|0|0
S|DENNT|41419167|-87724722| |IF|0|0|0|0|0|0|1|5000|0|0|0|0|0
S|DARCY|41202222|-87725833| |TF|0|0|0|0|0|0|0|0|0|0|0|0|0
S|DARCY|41202222|-87725833| |IF|0|0|0|0|0|0|0|0|0|0|0|0|0
S|DREGS|40316667|-87607500| |TF|0|0|0|0|0|0|0|0|0|0|0|0|0
S|DUMGE|39986389|-87398333| |TF|0|0|0|0|0|0|0|0|0|0|0|0|0
S|SCOTO|39169147|-86854719| |TF|0|0|0|0|0|0|0|0|0|0|0|0|0

P|DARCY8|33|DONVE|0|8
S| |91000000|181000000| |VA|0|32800|0|0|0|0|1|1220|0|0|0|0|0
S| |91000000|181000000| |VM|0|32800|0|0|0|0|0|0|0|0|0|0|0
S|DENNT|41419167|-87724722| |DF|0|0|0|0|0|0|1|5000|0|0|0|0|0
S|DENNT|41419167|-87724722| |IF|0|0|0|0|0|0|1|5000|0|0|0|0|0
S|DARCY|41202222|-87725833| |TF|0|0|0|0|0|0|0|0|0|0|0|0|0
S|DARCY|41202222|-87725833| |IF|0|0|0|0|0|0|0|0|0|0|0|0|0
S|DREGS|40316667|-87607500| |TF|0|0|0|0|0|0|0|0|0|0|0|0|0
S|DONVE|39986389|-87625833| |TF|0|0|0|0|0|0|0|0|0|0|0|0|0

P|DARCY8|33|SCOTO|0|9
S| |91000000|181000000| |VA|0|32800|0|0|0|0|1|1220|0|0|0|0|0
S| |91000000|181000000| |VM|0|32800|0|0|0|0|0|0|0|0|0|0|0
S|DENNT|41419167|-87724722| |DF|0|0|0|0|0|0|1|5000|0|0|0|0|0
S|DENNT|41419167|-87724722| |IF|0|0|0|0|0|0|1|5000|0|0|0|0|0
S|DARCY|41202222|-87725833| |TF|0|0|0|0|0|0|0|0|0|0|0|0|0
S|DARCY|41202222|-87725833| |IF|0|0|0|0|0|0|0|0|0|0|0|0|0
S|DREGS|40316667|-87607500| |TF|0|0|0|0|0|0|0|0|0|0|0|0|0
S|DUMGE|39986389|-87398333| |TF|0|0|0|0|0|0|0|0|0|0|0|0|0
S|SCOTO|39169147|-86854719| |TF|0|0|0|0|0|0|0|0|0|0|0|0|0

P|DARCY8|36|DONVE|0|8
S| |91000000|181000000| |VA|0|100|0|0|0|0|1|1220|0|0|0|0|0
S| |91000000|181000000| |VM|0|100|0|0|0|0|0|0|0|0|0|0|0
S|DENNT|41419167|-87724722| |DF|0|0|0|0|0|0|1|5000|0|0|0|0|0
S|DENNT|41419167|-87724722| |IF|0|0|0|0|0|0|1|5000|0|0|0|0|0
S|DARCY|41202222|-87725833| |TF|0|0|0|0|0|0|0|0|0|0|0|0|0
S|DARCY|41202222|-87725833| |IF|0|0|0|0|0|0|0|0|0|0|0|0|0
S|DREGS|40316667|-87607500| |TF|0|0|0|0|0|0|0|0|0|0|0|0|0
S|DONVE|39986389|-87625833| |TF|0|0|0|0|0|0|0|0|0|0|0|0|0

P|DARCY8|36|SCOTO|0|9
S| |91000000|181000000| |VA|0|100|0|0|0|0|1|1220|0|0|0|0|0
S| |91000000|181000000| |VM|0|100|0|0|0|0|0|0|0|0|0|0|0
S|DENNT|41419167|-87724722| |DF|0|0|0|0|0|0|1|5000|0|0|0|0|0
S|DENNT|41419167|-87724722| |IF|0|0|0|0|0|0|1|5000|0|0|0|0|0
S|DARCY|41202222|-87725833| |TF|0|0|0|0|0|0|0|0|0|0|0|0|0
S|DARCY|41202222|-87725833| |IF|0|0|0|0|0|0|0|0|0|0|0|0|0
S|DREGS|40316667|-87607500| |TF|0|0|0|0|0|0|0|0|0|0|0|0|0
S|DUMGE|39986389|-87398333| |TF|0|0|0|0|0|0|0|0|0|0|0|0|0
S|SCOTO|39169147|-86854719| |TF|0|0|0|0|0|0|0|0|0|0|0|0|0

P|ELANR9|09|EMEGE|0|9
S| |91000000|181000000| |VA|0|9000|0|0|0|0|1|1220|0|0|0|0|0
S| |91000000|181000000| |VM|0|9000|0|0|0|0|0|0|0|0|0|0|0
S|EARND|41425278|-87572222| |DF|0|0|0|0|0|0|1|5000|0|0|0|0|0
S|EARND|41425278|-87572222| |IF|0|0|0|0|0|0|1|5000|0|0|0|0|0
S|ELANR|41201667|-87533333| |TF|0|0|0|0|0|0|0|0|0|0|0|0|0
S|ELANR|41201667|-87533333| |IF|0|0|0|0|0|0|0|0|0|0|0|0|0
S|EMMLY|40450000|-87333333| |TF|0|0|0|0|0|0|0|0|0|0|0|0|0
S|ETAME|39984444|-86900000| |TF|0|0|0|0|0|0|0|0|0|0|0|0|0
S|EMEGE|39713056|-86677778| |TF|0|0|0|0|0|0|0|0|0|0|0|0|0

P|ELANR9|09|EMMLY|0|7
S| |91000000|181000000| |VA|0|9000|0|0|0|0|1|1220|0|0|0|0|0
S| |91000000|181000000| |VM|0|9000|0|0|0|0|0|0|0|0|0|0|0
S|EARND|41425278|-87572222| |DF|0|0|0|0|0|0|1|5000|0|0|0|0|0
S|EARND|41425278|-87572222| |IF|0|0|0|0|0|0|1|5000|0|0|0|0|0
S|ELANR|41201667|-87533333| |TF|0|0|0|0|0|0|0|0|0|0|0|0|0
S|ELANR|41201667|-87533333| |IF|0|0|0|0|0|0|0|0|0|0|0|0|0
S|EMMLY|40450000|-87333333| |TF|0|0|0|0|0|0|0|0|0|0|0|0|0

P|ELANR9|09|ERECO|0|8
S| |91000000|181000000| |VA|0|9000|0|0|0|0|1|1220|0|0|0|0|0
S| |91000000|181000000| |VM|0|9000|0|0|0|0|0|0|0|0|0|0|0
S|EARND|41425278|-87572222| |DF|0|0|0|0|0|0|1|5000|0|0|0|0|0
S|EARND|41425278|-87572222| |IF|0|0|0|0|0|0|1|5000|0|0|0|0|0
S|ELANR|41201667|-87533333| |TF|0|0|0|0|0|0|0|0|0|0|0|0|0
S|ELANR|41201667|-87533333| |IF|0|0|0|0|0|0|0|0|0|0|0|0|0
S|EMMLY|40450000|-87333333| |TF|0|0|0|0|0|0|0|0|0|0|0|0|0
S|ERECO|39986389|-87116667| |TF|0|0|0|0|0|0|0|0|0|0|0|0|0

P|ELANR9|15|EMEGE|0|9
S| |91000000|181000000| |VA|0|14800|0|0|0|0|1|1220|0|0|0|0|0
S| |91000000|181000000| |VM|0|14800|0|0|0|0|0|0|0|0|0|0|0
S|EARND|41425278|-87572222| |DF|0|0|0|0|0|0|1|5000|0|0|0|0|0
S|EARND|41425278|-87572222| |IF|0|0|0|0|0|0|1|5000|0|0|0|0|0
S|ELANR|41201667|-87533333| |TF|0|0|0|0|0|0|0|0|0|0|0|0|0
S|ELANR|41201667|-87533333| |IF|0|0|0|0|0|0|0|0|0|0|0|0|0
S|EMMLY|40450000|-87333333| |TF|0|0|0|0|0|0|0|0|0|0|0|0|0
S|ETAME|39984444|-86900000| |TF|0|0|0|0|0|0|0|0|0|0|0|0|0
S|EMEGE|39713056|-86677778| |TF|0|0|0|0|0|0|0|0|0|0|0|0|0

P|ELANR9|15|EMMLY|0|7
S| |91000000|181000000| |VA|0|14800|0|0|0|0|1|1220|0|0|0|0|0
S| |91000000|181000000| |VM|0|14800|0|0|0|0|0|0|0|0|0|0|0
S|EARND|41425278|-87572222| |DF|0|0|0|0|0|0|1|5000|0|0|0|0|0
S|EARND|41425278|-87572222| |IF|0|0|0|0|0|0|1|5000|0|0|0|0|0
S|ELANR|41201667|-87533333| |TF|0|0|0|0|0|0|0|0|0|0|0|0|0
S|ELANR|41201667|-87533333| |IF|0|0|0|0|0|0|0|0|0|0|0|0|0
S|EMMLY|40450000|-87333333| |TF|0|0|0|0|0|0|0|0|0|0|0|0|0

P|ELANR9|15|ERECO|0|8
S| |91000000|181000000| |VA|0|14800|0|0|0|0|1|1220|0|0|0|0|0
S| |91000000|181000000| |VM|0|14800|0|0|0|0|0|0|0|0|0|0|0
S|EARND|41425278|-87572222| |DF|0|0|0|0|0|0|1|5000|0|0|0|0|0
S|EARND|41425278|-87572222| |IF|0|0|0|0|0|0|1|5000|0|0|0|0|0
S|ELANR|41201667|-87533333| |TF|0|0|0|0|0|0|0|0|0|0|0|0|0
S|ELANR|41201667|-87533333| |IF|0|0|0|0|0|0|0|0|0|0|0|0|0
S|EMMLY|40450000|-87333333| |TF|0|0|0|0|0|0|0|0|0|0|0|0|0
S|ERECO|39986389|-87116667| |TF|0|0|0|0|0|0|0|0|0|0|0|0|0

P|ELANR9|18|EMEGE|0|9
S| |91000000|181000000| |VA|0|18100|0|0|0|0|1|1220|0|0|0|0|0
S| |91000000|181000000| |VM|0|18100|0|0|0|0|0|0|0|0|0|0|0
S|EARND|41425278|-87572222| |DF|0|0|0|0|0|0|1|5000|0|0|0|0|0
S|EARND|41425278|-87572222| |IF|0|0|0|0|0|0|1|5000|0|0|0|0|0
S|ELANR|41201667|-87533333| |TF|0|0|0|0|0|0|0|0|0|0|0|0|0
S|ELANR|41201667|-87533333| |IF|0|0|0|0|0|0|0|0|0|0|0|0|0
S|EMMLY|40450000|-87333333| |TF|0|0|0|0|0|0|0|0|0|0|0|0|0
S|ETAME|39984444|-86900000| |TF|0|0|0|0|0|0|0|0|0|0|0|0|0
S|EMEGE|39713056|-86677778| |TF|0|0|0|0|0|0|0|0|0|0|0|0|0

P|ELANR9|18|EMMLY|0|7
S| |91000000|181000000| |VA|0|18100|0|0|0|0|1|1220|0|0|0|0|0
S| |91000000|181000000| |VM|0|18100|0|0|0|0|0|0|0|0|0|0|0
S|EARND|41425278|-87572222| |DF|0|0|0|0|0|0|1|5000|0|0|0|0|0
S|EARND|41425278|-87572222| |IF|0|0|0|0|0|0|1|5000|0|0|0|0|0
S|ELANR|41201667|-87533333| |TF|0|0|0|0|0|0|0|0|0|0|0|0|0
S|ELANR|41201667|-87533333| |IF|0|0|0|0|0|0|0|0|0|0|0|0|0
S|EMMLY|40450000|-87333333| |TF|0|0|0|0|0|0|0|0|0|0|0|0|0

P|ELANR9|18|ERECO|0|8
S| |91000000|181000000| |VA|0|18100|0|0|0|0|1|1220|0|0|0|0|0
S| |91000000|181000000| |VM|0|18100|0|0|0|0|0|0|0|0|0|0|0
S|EARND|41425278|-87572222| |DF|0|0|0|0|0|0|1|5000|0|0|0|0|0
S|EARND|41425278|-87572222| |IF|0|0|0|0|0|0|1|5000|0|0|0|0|0
S|ELANR|41201667|-87533333| |TF|0|0|0|0|0|0|0|0|0|0|0|0|0
S|ELANR|41201667|-87533333| |IF|0|0|0|0|0|0|0|0|0|0|0|0|0
S|EMMLY|40450000|-87333333| |TF|0|0|0|0|0|0|0|0|0|0|0|0|0
S|ERECO|39986389|-87116667| |TF|0|0|0|0|0|0|0|0|0|0|0|0|0

P|ELANR9|27|EMEGE|0|9
S| |91000000|181000000| |VA|0|27000|0|0|0|0|1|1220|0|0|0|0|0
S| |91000000|181000000| |VM|0|27000|0|0|0|0|0|0|0|0|0|0|0
S|EARND|41425278|-87572222| |DF|0|0|0|0|0|0|1|5000|0|0|0|0|0
S|EARND|41425278|-87572222| |IF|0|0|0|0|0|0|1|5000|0|0|0|0|0
S|ELANR|41201667|-87533333| |TF|0|0|0|0|0|0|0|0|0|0|0|0|0
S|ELANR|41201667|-87533333| |IF|0|0|0|0|0|0|0|0|0|0|0|0|0
S|EMMLY|40450000|-87333333| |TF|0|0|0|0|0|0|0|0|0|0|0|0|0
S|ETAME|39984444|-86900000| |TF|0|0|0|0|0|0|0|0|0|0|0|0|0
S|EMEGE|39713056|-86677778| |TF|0|0|0|0|0|0|0|0|0|0|0|0|0

P|ELANR9|27|EMMLY|0|7
S| |91000000|181000000| |VA|0|27000|0|0|0|0|1|1220|0|0|0|0|0
S| |91000000|181000000| |VM|0|27000|0|0|0|0|0|0|0|0|0|0|0
S|EARND|41425278|-87572222| |DF|0|0|0|0|0|0|1|5000|0|0|0|0|0
S|EARND|41425278|-87572222| |IF|0|0|0|0|0|0|1|5000|0|0|0|0|0
S|ELANR|41201667|-87533333| |TF|0|0|0|0|0|0|0|0|0|0|0|0|0
S|ELANR|41201667|-87533333| |IF|0|0|0|0|0|0|0|0|0|0|0|0|0
S|EMMLY|40450000|-87333333| |TF|0|0|0|0|0|0|0|0|0|0|0|0|0

P|ELANR9|27|ERECO|0|8
S| |91000000|181000000| |VA|0|27000|0|0|0|0|1|1220|0|0|0|0|0
S| |91000000|181000000| |VM|0|27000|0|0|0|0|0|0|0|0|0|0|0
S|EARND|41425278|-87572222| |DF|0|0|0|0|0|0|1|5000|0|0|0|0|0
S|EARND|41425278|-87572222| |IF|0|0|0|0|0|0|1|5000|0|0|0|0|0
S|ELANR|41201667|-87533333| |TF|0|0|0|0|0|0|0|0|0|0|0|0|0
S|ELANR|41201667|-87533333| |IF|0|0|0|0|0|0|0|0|0|0|0|0|0
S|EMMLY|40450000|-87333333| |TF|0|0|0|0|0|0|0|0|0|0|0|0|0
S|ERECO|39986389|-87116667| |TF|0|0|0|0|0|0|0|0|0|0|0|0|0

P|ELANR9|33|EMEGE|0|9
S| |91000000|181000000| |VA|0|32800|0|0|0|0|1|1220|0|0|0|0|0
S| |91000000|181000000| |VM|0|32800|0|0|0|0|0|0|0|0|0|0|0
S|EARND|41425278|-87572222| |DF|0|0|0|0|0|0|1|5000|0|0|0|0|0
S|EARND|41425278|-87572222| |IF|0|0|0|0|0|0|1|5000|0|0|0|0|0
S|ELANR|41201667|-87533333| |TF|0|0|0|0|0|0|0|0|0|0|0|0|0
S|ELANR|41201667|-87533333| |IF|0|0|0|0|0|0|0|0|0|0|0|0|0
S|EMMLY|40450000|-87333333| |TF|0|0|0|0|0|0|0|0|0|0|0|0|0
S|ETAME|39984444|-86900000| |TF|0|0|0|0|0|0|0|0|0|0|0|0|0
S|EMEGE|39713056|-86677778| |TF|0|0|0|0|0|0|0|0|0|0|0|0|0

P|ELANR9|33|EMMLY|0|7
S| |91000000|181000000| |VA|0|32800|0|0|0|0|1|1220|0|0|0|0|0
S| |91000000|181000000| |VM|0|32800|0|0|0|0|0|0|0|0|0|0|0
S|EARND|41425278|-87572222| |DF|0|0|0|0|0|0|1|5000|0|0|0|0|0
S|EARND|41425278|-87572222| |IF|0|0|0|0|0|0|1|5000|0|0|0|0|0
S|ELANR|41201667|-87533333| |TF|0|0|0|0|0|0|0|0|0|0|0|0|0
S|ELANR|41201667|-87533333| |IF|0|0|0|0|0|0|0|0|0|0|0|0|0
S|EMMLY|40450000|-87333333| |TF|0|0|0|0|0|0|0|0|0|0|0|0|0

P|ELANR9|33|ERECO|0|8
S| |91000000|181000000| |VA|0|32800|0|0|0|0|1|1220|0|0|0|0|0
S| |91000000|181000000| |VM|0|32800|0|0|0|0|0|0|0|0|0|0|0
S|EARND|41425278|-87572222| |DF|0|0|0|0|0|0|1|5000|0|0|0|0|0
S|EARND|41425278|-87572222| |IF|0|0|0|0|0|0|1|5000|0|0|0|0|0
S|ELANR|41201667|-87533333| |TF|0|0|0|0|0|0|0|0|0|0|0|0|0
S|ELANR|41201667|-87533333| |IF|0|0|0|0|0|0|0|0|0|0|0|0|0
S|EMMLY|40450000|-87333333| |TF|0|0|0|0|0|0|0|0|0|0|0|0|0
S|ERECO|39986389|-87116667| |TF|0|0|0|0|0|0|0|0|0|0|0|0|0

P|ELANR9|36|EMEGE|0|9
S| |91000000|181000000| |VA|0|100|0|0|0|0|1|1220|0|0|0|0|0
S| |91000000|181000000| |VM|0|100|0|0|0|0|0|0|0|0|0|0|0
S|EARND|41425278|-87572222| |DF|0|0|0|0|0|0|1|5000|0|0|0|0|0
S|EARND|41425278|-87572222| |IF|0|0|0|0|0|0|1|5000|0|0|0|0|0
S|ELANR|41201667|-87533333| |TF|0|0|0|0|0|0|0|0|0|0|0|0|0
S|ELANR|41201667|-87533333| |IF|0|0|0|0|0|0|0|0|0|0|0|0|0
S|EMMLY|40450000|-87333333| |TF|0|0|0|0|0|0|0|0|0|0|0|0|0
S|ETAME|39984444|-86900000| |TF|0|0|0|0|0|0|0|0|0|0|0|0|0
S|EMEGE|39713056|-86677778| |TF|0|0|0|0|0|0|0|0|0|0|0|0|0

P|ELANR9|36|EMMLY|0|7
S| |91000000|181000000| |VA|0|100|0|0|0|0|1|1220|0|0|0|0|0
S| |91000000|181000000| |VM|0|100|0|0|0|0|0|0|0|0|0|0|0
S|EARND|41425278|-87572222| |DF|0|0|0|0|0|0|1|5000|0|0|0|0|0
S|EARND|41425278|-87572222| |IF|0|0|0|0|0|0|1|5000|0|0|0|0|0
S|ELANR|41201667|-87533333| |TF|0|0|0|0|0|0|0|0|0|0|0|0|0
S|ELANR|41201667|-87533333| |IF|0|0|0|0|0|0|0|0|0|0|0|0|0
S|EMMLY|40450000|-87333333| |TF|0|0|0|0|0|0|0|0|0|0|0|0|0

P|ELANR9|36|ERECO|0|8
S| |91000000|181000000| |VA|0|100|0|0|0|0|1|1220|0|0|0|0|0
S| |91000000|181000000| |VM|0|100|0|0|0|0|0|0|0|0|0|0|0
S|EARND|41425278|-87572222| |DF|0|0|0|0|0|0|1|5000|0|0|0|0|0
S|EARND|41425278|-87572222| |IF|0|0|0|0|0|0|1|5000|0|0|0|0|0
S|ELANR|41201667|-87533333| |TF|0|0|0|0|0|0|0|0|0|0|0|0|0
S|ELANR|41201667|-87533333| |IF|0|0|0|0|0|0|0|0|0|0|0|0|0
S|EMMLY|40450000|-87333333| |TF|0|0|0|0|0|0|0|0|0|0|0|0|0
S|ERECO|39986389|-87116667| |TF|0|0|0|0|0|0|0|0|0|0|0|0|0

P|OBENE3|09|ELYNA|0|8
S| |91000000|181000000| |VA|0|9000|0|0|0|0|1|1220|0|0|0|0|0
S| |91000000|181000000| |VM|0|9000|0|0|0|0|0|0|0|0|0|0|0
S|OREOS|41900211|-89209286| |DF|0|0|0|0|0|0|0|0|0|0|0|0|0
S|OREOS|41900211|-89209286| |IF|0|0|0|0|0|0|0|0|0|0|0|0|0
S|OBENE|41850114|-89720158| |TF|0|0|0|0|0|0|0|0|0|0|0|0|0
S|OBENE|41850114|-89720158| |IF|0|0|0|0|0|0|0|0|0|0|0|0|0
S|EERAE|40683333|-92700000| |TF|0|0|0|0|0|0|0|0|0|0|0|0|0
S|ELYNA|40447661|-93317931| |TF|0|0|0|0|0|0|0|0|0|0|0|0|0

P|OBENE3|09|IANNA|0|9
S| |91000000|181000000| |VA|0|9000|0|0|0|0|1|1220|0|0|0|0|0
S| |91000000|181000000| |VM|0|9000|0|0|0|0|0|0|0|0|0|0|0
S|OREOS|41900211|-89209286| |DF|0|0|0|0|0|0|0|0|0|0|0|0|0
S|OREOS|41900211|-89209286| |IF|0|0|0|0|0|0|0|0|0|0|0|0|0
S|OBENE|41850114|-89720158| |TF|0|0|0|0|0|0|0|0|0|0|0|0|0
S|OBENE|41850114|-89720158| |IF|0|0|0|0|0|0|0|0|0|0|0|0|0
S|MONNY|42078947|-91281056| |TF|0|0|0|0|0|0|0|0|0|0|0|0|0
S|MNOSO|42382200|-92557486| |TF|0|0|0|0|0|0|0|0|0|0|0|0|0
S|IANNA|42507075|-93081886| |TF|0|0|0|0|0|0|0|0|0|0|0|0|0

P|OBENE3|09|JORDY|0|8
S| |91000000|181000000| |VA|0|9000|0|0|0|0|1|1220|0|0|0|0|0
S| |91000000|181000000| |VM|0|9000|0|0|0|0|0|0|0|0|0|0|0
S|OREOS|41900211|-89209286| |DF|0|0|0|0|0|0|0|0|0|0|0|0|0
S|OREOS|41900211|-89209286| |IF|0|0|0|0|0|0|0|0|0|0|0|0|0
S|OBENE|41850114|-89720158| |TF|0|0|0|0|0|0|0|0|0|0|0|0|0
S|OBENE|41850114|-89720158| |IF|0|0|0|0|0|0|0|0|0|0|0|0|0
S|MONNY|42078947|-91281056| |TF|0|0|0|0|0|0|0|0|0|0|0|0|0
S|JORDY|42086536|-93525783| |TF|0|0|0|0|0|0|0|0|0|0|0|0|0

P|OBENE3|09|MNOSO|0|8
S| |91000000|181000000| |VA|0|9000|0|0|0|0|1|1220|0|0|0|0|0
S| |91000000|181000000| |VM|0|9000|0|0|0|0|0|0|0|0|0|0|0
S|OREOS|41900211|-89209286| |DF|0|0|0|0|0|0|0|0|0|0|0|0|0
S|OREOS|41900211|-89209286| |IF|0|0|0|0|0|0|0|0|0|0|0|0|0
S|OBENE|41850114|-89720158| |TF|0|0|0|0|0|0|0|0|0|0|0|0|0
S|OBENE|41850114|-89720158| |IF|0|0|0|0|0|0|0|0|0|0|0|0|0
S|MONNY|42078947|-91281056| |TF|0|0|0|0|0|0|0|0|0|0|0|0|0
S|MNOSO|42382200|-92557486| |TF|0|0|0|0|0|0|0|0|0|0|0|0|0

P|OBENE3|09|NITWT|0|8
S| |91000000|181000000| |VA|0|9000|0|0|0|0|1|1220|0|0|0|0|0
S| |91000000|181000000| |VM|0|9000|0|0|0|0|0|0|0|0|0|0|0
S|OREOS|41900211|-89209286| |DF|0|0|0|0|0|0|0|0|0|0|0|0|0
S|OREOS|41900211|-89209286| |IF|0|0|0|0|0|0|0|0|0|0|0|0|0
S|OBENE|41850114|-89720158| |TF|0|0|0|0|0|0|0|0|0|0|0|0|0
S|OBENE|41850114|-89720158| |IF|0|0|0|0|0|0|0|0|0|0|0|0|0
S|NIGHT|41838333|-91773611| |TF|0|0|0|0|0|0|0|0|0|0|0|0|0
S|NITWT|41734722|-93414167| |TF|0|0|0|0|0|0|0|0|0|0|0|0|0

P|OBENE3|09|OGALE|0|7
S| |91000000|181000000| |VA|0|9000|0|0|0|0|1|1220|0|0|0|0|0
S| |91000000|181000000| |VM|0|9000|0|0|0|0|0|0|0|0|0|0|0
S|OREOS|41900211|-89209286| |DF|0|0|0|0|0|0|0|0|0|0|0|0|0
S|OREOS|41900211|-89209286| |IF|0|0|0|0|0|0|0|0|0|0|0|0|0
S|OBENE|41850114|-89720158| |TF|0|0|0|0|0|0|0|0|0|0|0|0|0
S|OBENE|41850114|-89720158| |IF|0|0|0|0|0|0|0|0|0|0|0|0|0
S|OGALE|41402500|-93481389| |TF|0|0|0|0|0|0|0|0|0|0|0|0|0

P|OBENE3|09|ROEZZ|0|8
S| |91000000|181000000| |VA|0|9000|0|0|0|0|1|1220|0|0|0|0|0
S| |91000000|181000000| |VM|0|9000|0|0|0|0|0|0|0|0|0|0|0
S|OREOS|41900211|-89209286| |DF|0|0|0|0|0|0|0|0|0|0|0|0|0
S|OREOS|41900211|-89209286| |IF|0|0|0|0|0|0|0|0|0|0|0|0|0
S|OBENE|41850114|-89720158| |TF|0|0|0|0|0|0|0|0|0|0|0|0|0
S|OBENE|41850114|-89720158| |IF|0|0|0|0|0|0|0|0|0|0|0|0|0
S|CARET|40783333|-91516667| |TF|0|0|0|0|0|0|0|0|0|0|0|0|0
S|ROEZZ|40374700|-92716744| |TF|0|0|0|0|0|0|0|0|0|0|0|0|0

P|OBENE3|09|ROTTN|0|7
S| |91000000|181000000| |VA|0|9000|0|0|0|0|1|1220|0|0|0|0|0
S| |91000000|181000000| |VM|0|9000|0|0|0|0|0|0|0|0|0|0|0
S|OREOS|41900211|-89209286| |DF|0|0|0|0|0|0|0|0|0|0|0|0|0
S|OREOS|41900211|-89209286| |IF|0|0|0|0|0|0|0|0|0|0|0|0|0
S|OBENE|41850114|-89720158| |TF|0|0|0|0|0|0|0|0|0|0|0|0|0
S|OBENE|41850114|-89720158| |IF|0|0|0|0|0|0|0|0|0|0|0|0|0
S|ROTTN|40995833|-93525556| |TF|0|0|0|0|0|0|0|0|0|0|0|0|0

P|OBENE3|09|SMIDD|0|8
S| |91000000|181000000| |VA|0|9000|0|0|0|0|1|1220|0|0|0|0|0
S| |91000000|181000000| |VM|0|9000|0|0|0|0|0|0|0|0|0|0|0
S|OREOS|41900211|-89209286| |DF|0|0|0|0|0|0|0|0|0|0|0|0|0
S|OREOS|41900211|-89209286| |IF|0|0|0|0|0|0|0|0|0|0|0|0|0
S|OBENE|41850114|-89720158| |TF|0|0|0|0|0|0|0|0|0|0|0|0|0
S|OBENE|41850114|-89720158| |IF|0|0|0|0|0|0|0|0|0|0|0|0|0
S|MONNY|42078947|-91281056| |TF|0|0|0|0|0|0|0|0|0|0|0|0|0
S|SMIDD|42750836|-92621125| |TF|0|0|0|0|0|0|0|0|0|0|0|0|0

P|OBENE3|15|ELYNA|0|8
S| |91000000|181000000| |VA|0|14800|0|0|0|0|1|1220|0|0|0|0|0
S| |91000000|181000000| |VM|0|14800|0|0|0|0|0|0|0|0|0|0|0
S|OREOS|41900211|-89209286| |DF|0|0|0|0|0|0|0|0|0|0|0|0|0
S|OREOS|41900211|-89209286| |IF|0|0|0|0|0|0|0|0|0|0|0|0|0
S|OBENE|41850114|-89720158| |TF|0|0|0|0|0|0|0|0|0|0|0|0|0
S|OBENE|41850114|-89720158| |IF|0|0|0|0|0|0|0|0|0|0|0|0|0
S|EERAE|40683333|-92700000| |TF|0|0|0|0|0|0|0|0|0|0|0|0|0
S|ELYNA|40447661|-93317931| |TF|0|0|0|0|0|0|0|0|0|0|0|0|0

P|OBENE3|15|IANNA|0|9
S| |91000000|181000000| |VA|0|14800|0|0|0|0|1|1220|0|0|0|0|0
S| |91000000|181000000| |VM|0|14800|0|0|0|0|0|0|0|0|0|0|0
S|OREOS|41900211|-89209286| |DF|0|0|0|0|0|0|0|0|0|0|0|0|0
S|OREOS|41900211|-89209286| |IF|0|0|0|0|0|0|0|0|0|0|0|0|0
S|OBENE|41850114|-89720158| |TF|0|0|0|0|0|0|0|0|0|0|0|0|0
S|OBENE|41850114|-89720158| |IF|0|0|0|0|0|0|0|0|0|0|0|0|0
S|MONNY|42078947|-91281056| |TF|0|0|0|0|0|0|0|0|0|0|0|0|0
S|MNOSO|42382200|-92557486| |TF|0|0|0|0|0|0|0|0|0|0|0|0|0
S|IANNA|42507075|-93081886| |TF|0|0|0|0|0|0|0|0|0|0|0|0|0

P|OBENE3|15|JORDY|0|8
S| |91000000|181000000| |VA|0|14800|0|0|0|0|1|1220|0|0|0|0|0
S| |91000000|181000000| |VM|0|14800|0|0|0|0|0|0|0|0|0|0|0
S|OREOS|41900211|-89209286| |DF|0|0|0|0|0|0|0|0|0|0|0|0|0
S|OREOS|41900211|-89209286| |IF|0|0|0|0|0|0|0|0|0|0|0|0|0
S|OBENE|41850114|-89720158| |TF|0|0|0|0|0|0|0|0|0|0|0|0|0
S|OBENE|41850114|-89720158| |IF|0|0|0|0|0|0|0|0|0|0|0|0|0
S|MONNY|42078947|-91281056| |TF|0|0|0|0|0|0|0|0|0|0|0|0|0
S|JORDY|42086536|-93525783| |TF|0|0|0|0|0|0|0|0|0|0|0|0|0

P|OBENE3|15|MNOSO|0|8
S| |91000000|181000000| |VA|0|14800|0|0|0|0|1|1220|0|0|0|0|0
S| |91000000|181000000| |VM|0|14800|0|0|0|0|0|0|0|0|0|0|0
S|OREOS|41900211|-89209286| |DF|0|0|0|0|0|0|0|0|0|0|0|0|0
S|OREOS|41900211|-89209286| |IF|0|0|0|0|0|0|0|0|0|0|0|0|0
S|OBENE|41850114|-89720158| |TF|0|0|0|0|0|0|0|0|0|0|0|0|0
S|OBENE|41850114|-89720158| |IF|0|0|0|0|0|0|0|0|0|0|0|0|0
S|MONNY|42078947|-91281056| |TF|0|0|0|0|0|0|0|0|0|0|0|0|0
S|MNOSO|42382200|-92557486| |TF|0|0|0|0|0|0|0|0|0|0|0|0|0

P|OBENE3|15|NITWT|0|8
S| |91000000|181000000| |VA|0|14800|0|0|0|0|1|1220|0|0|0|0|0
S| |91000000|181000000| |VM|0|14800|0|0|0|0|0|0|0|0|0|0|0
S|OREOS|41900211|-89209286| |DF|0|0|0|0|0|0|0|0|0|0|0|0|0
S|OREOS|41900211|-89209286| |IF|0|0|0|0|0|0|0|0|0|0|0|0|0
S|OBENE|41850114|-89720158| |TF|0|0|0|0|0|0|0|0|0|0|0|0|0
S|OBENE|41850114|-89720158| |IF|0|0|0|0|0|0|0|0|0|0|0|0|0
S|NIGHT|41838333|-91773611| |TF|0|0|0|0|0|0|0|0|0|0|0|0|0
S|NITWT|41734722|-93414167| |TF|0|0|0|0|0|0|0|0|0|0|0|0|0

P|OBENE3|15|OGALE|0|7
S| |91000000|181000000| |VA|0|14800|0|0|0|0|1|1220|0|0|0|0|0
S| |91000000|181000000| |VM|0|14800|0|0|0|0|0|0|0|0|0|0|0
S|OREOS|41900211|-89209286| |DF|0|0|0|0|0|0|0|0|0|0|0|0|0
S|OREOS|41900211|-89209286| |IF|0|0|0|0|0|0|0|0|0|0|0|0|0
S|OBENE|41850114|-89720158| |TF|0|0|0|0|0|0|0|0|0|0|0|0|0
S|OBENE|41850114|-89720158| |IF|0|0|0|0|0|0|0|0|0|0|0|0|0
S|OGALE|41402500|-93481389| |TF|0|0|0|0|0|0|0|0|0|0|0|0|0

P|OBENE3|15|ROEZZ|0|8
S| |91000000|181000000| |VA|0|14800|0|0|0|0|1|1220|0|0|0|0|0
S| |91000000|181000000| |VM|0|14800|0|0|0|0|0|0|0|0|0|0|0
S|OREOS|41900211|-89209286| |DF|0|0|0|0|0|0|0|0|0|0|0|0|0
S|OREOS|41900211|-89209286| |IF|0|0|0|0|0|0|0|0|0|0|0|0|0
S|OBENE|41850114|-89720158| |TF|0|0|0|0|0|0|0|0|0|0|0|0|0
S|OBENE|41850114|-89720158| |IF|0|0|0|0|0|0|0|0|0|0|0|0|0
S|CARET|40783333|-91516667| |TF|0|0|0|0|0|0|0|0|0|0|0|0|0
S|ROEZZ|40374700|-92716744| |TF|0|0|0|0|0|0|0|0|0|0|0|0|0

P|OBENE3|15|ROTTN|0|7
S| |91000000|181000000| |VA|0|14800|0|0|0|0|1|1220|0|0|0|0|0
S| |91000000|181000000| |VM|0|14800|0|0|0|0|0|0|0|0|0|0|0
S|OREOS|41900211|-89209286| |DF|0|0|0|0|0|0|0|0|0|0|0|0|0
S|OREOS|41900211|-89209286| |IF|0|0|0|0|0|0|0|0|0|0|0|0|0
S|OBENE|41850114|-89720158| |TF|0|0|0|0|0|0|0|0|0|0|0|0|0
S|OBENE|41850114|-89720158| |IF|0|0|0|0|0|0|0|0|0|0|0|0|0
S|ROTTN|40995833|-93525556| |TF|0|0|0|0|0|0|0|0|0|0|0|0|0

P|OBENE3|15|SMIDD|0|8
S| |91000000|181000000| |VA|0|14800|0|0|0|0|1|1220|0|0|0|0|0
S| |91000000|181000000| |VM|0|14800|0|0|0|0|0|0|0|0|0|0|0
S|OREOS|41900211|-89209286| |DF|0|0|0|0|0|0|0|0|0|0|0|0|0
S|OREOS|41900211|-89209286| |IF|0|0|0|0|0|0|0|0|0|0|0|0|0
S|OBENE|41850114|-89720158| |TF|0|0|0|0|0|0|0|0|0|0|0|0|0
S|OBENE|41850114|-89720158| |IF|0|0|0|0|0|0|0|0|0|0|0|0|0
S|MONNY|42078947|-91281056| |TF|0|0|0|0|0|0|0|0|0|0|0|0|0
S|SMIDD|42750836|-92621125| |TF|0|0|0|0|0|0|0|0|0|0|0|0|0

P|OBENE3|18|ELYNA|0|8
S| |91000000|181000000| |VA|0|18100|0|0|0|0|1|1220|0|0|0|0|0
S| |91000000|181000000| |VM|0|18100|0|0|0|0|0|0|0|0|0|0|0
S|OREOS|41900211|-89209286| |DF|0|0|0|0|0|0|0|0|0|0|0|0|0
S|OREOS|41900211|-89209286| |IF|0|0|0|0|0|0|0|0|0|0|0|0|0
S|OBENE|41850114|-89720158| |TF|0|0|0|0|0|0|0|0|0|0|0|0|0
S|OBENE|41850114|-89720158| |IF|0|0|0|0|0|0|0|0|0|0|0|0|0
S|EERAE|40683333|-92700000| |TF|0|0|0|0|0|0|0|0|0|0|0|0|0
S|ELYNA|40447661|-93317931| |TF|0|0|0|0|0|0|0|0|0|0|0|0|0

P|OBENE3|18|IANNA|0|9
S| |91000000|181000000| |VA|0|18100|0|0|0|0|1|1220|0|0|0|0|0
S| |91000000|181000000| |VM|0|18100|0|0|0|0|0|0|0|0|0|0|0
S|OREOS|41900211|-89209286| |DF|0|0|0|0|0|0|0|0|0|0|0|0|0
S|OREOS|41900211|-89209286| |IF|0|0|0|0|0|0|0|0|0|0|0|0|0
S|OBENE|41850114|-89720158| |TF|0|0|0|0|0|0|0|0|0|0|0|0|0
S|OBENE|41850114|-89720158| |IF|0|0|0|0|0|0|0|0|0|0|0|0|0
S|MONNY|42078947|-91281056| |TF|0|0|0|0|0|0|0|0|0|0|0|0|0
S|MNOSO|42382200|-92557486| |TF|0|0|0|0|0|0|0|0|0|0|0|0|0
S|IANNA|42507075|-93081886| |TF|0|0|0|0|0|0|0|0|0|0|0|0|0

P|OBENE3|18|JORDY|0|8
S| |91000000|181000000| |VA|0|18100|0|0|0|0|1|1220|0|0|0|0|0
S| |91000000|181000000| |VM|0|18100|0|0|0|0|0|0|0|0|0|0|0
S|OREOS|41900211|-89209286| |DF|0|0|0|0|0|0|0|0|0|0|0|0|0
S|OREOS|41900211|-89209286| |IF|0|0|0|0|0|0|0|0|0|0|0|0|0
S|OBENE|41850114|-89720158| |TF|0|0|0|0|0|0|0|0|0|0|0|0|0
S|OBENE|41850114|-89720158| |IF|0|0|0|0|0|0|0|0|0|0|0|0|0
S|MONNY|42078947|-91281056| |TF|0|0|0|0|0|0|0|0|0|0|0|0|0
S|JORDY|42086536|-93525783| |TF|0|0|0|0|0|0|0|0|0|0|0|0|0

P|OBENE3|18|MNOSO|0|8
S| |91000000|181000000| |VA|0|18100|0|0|0|0|1|1220|0|0|0|0|0
S| |91000000|181000000| |VM|0|18100|0|0|0|0|0|0|0|0|0|0|0
S|OREOS|41900211|-89209286| |DF|0|0|0|0|0|0|0|0|0|0|0|0|0
S|OREOS|41900211|-89209286| |IF|0|0|0|0|0|0|0|0|0|0|0|0|0
S|OBENE|41850114|-89720158| |TF|0|0|0|0|0|0|0|0|0|0|0|0|0
S|OBENE|41850114|-89720158| |IF|0|0|0|0|0|0|0|0|0|0|0|0|0
S|MONNY|42078947|-91281056| |TF|0|0|0|0|0|0|0|0|0|0|0|0|0
S|MNOSO|42382200|-92557486| |TF|0|0|0|0|0|0|0|0|0|0|0|0|0

P|OBENE3|18|NITWT|0|8
S| |91000000|181000000| |VA|0|18100|0|0|0|0|1|1220|0|0|0|0|0
S| |91000000|181000000| |VM|0|18100|0|0|0|0|0|0|0|0|0|0|0
S|OREOS|41900211|-89209286| |DF|0|0|0|0|0|0|0|0|0|0|0|0|0
S|OREOS|41900211|-89209286| |IF|0|0|0|0|0|0|0|0|0|0|0|0|0
S|OBENE|41850114|-89720158| |TF|0|0|0|0|0|0|0|0|0|0|0|0|0
S|OBENE|41850114|-89720158| |IF|0|0|0|0|0|0|0|0|0|0|0|0|0
S|NIGHT|41838333|-91773611| |TF|0|0|0|0|0|0|0|0|0|0|0|0|0
S|NITWT|41734722|-93414167| |TF|0|0|0|0|0|0|0|0|0|0|0|0|0

P|OBENE3|18|OGALE|0|7
S| |91000000|181000000| |VA|0|18100|0|0|0|0|1|1220|0|0|0|0|0
S| |91000000|181000000| |VM|0|18100|0|0|0|0|0|0|0|0|0|0|0
S|OREOS|41900211|-89209286| |DF|0|0|0|0|0|0|0|0|0|0|0|0|0
S|OREOS|41900211|-89209286| |IF|0|0|0|0|0|0|0|0|0|0|0|0|0
S|OBENE|41850114|-89720158| |TF|0|0|0|0|0|0|0|0|0|0|0|0|0
S|OBENE|41850114|-89720158| |IF|0|0|0|0|0|0|0|0|0|0|0|0|0
S|OGALE|41402500|-93481389| |TF|0|0|0|0|0|0|0|0|0|0|0|0|0

P|OBENE3|18|ROEZZ|0|8
S| |91000000|181000000| |VA|0|18100|0|0|0|0|1|1220|0|0|0|0|0
S| |91000000|181000000| |VM|0|18100|0|0|0|0|0|0|0|0|0|0|0
S|OREOS|41900211|-89209286| |DF|0|0|0|0|0|0|0|0|0|0|0|0|0
S|OREOS|41900211|-89209286| |IF|0|0|0|0|0|0|0|0|0|0|0|0|0
S|OBENE|41850114|-89720158| |TF|0|0|0|0|0|0|0|0|0|0|0|0|0
S|OBENE|41850114|-89720158| |IF|0|0|0|0|0|0|0|0|0|0|0|0|0
S|CARET|40783333|-91516667| |TF|0|0|0|0|0|0|0|0|0|0|0|0|0
S|ROEZZ|40374700|-92716744| |TF|0|0|0|0|0|0|0|0|0|0|0|0|0

P|OBENE3|18|ROTTN|0|7
S| |91000000|181000000| |VA|0|18100|0|0|0|0|1|1220|0|0|0|0|0
S| |91000000|181000000| |VM|0|18100|0|0|0|0|0|0|0|0|0|0|0
S|OREOS|41900211|-89209286| |DF|0|0|0|0|0|0|0|0|0|0|0|0|0
S|OREOS|41900211|-89209286| |IF|0|0|0|0|0|0|0|0|0|0|0|0|0
S|OBENE|41850114|-89720158| |TF|0|0|0|0|0|0|0|0|0|0|0|0|0
S|OBENE|41850114|-89720158| |IF|0|0|0|0|0|0|0|0|0|0|0|0|0
S|ROTTN|40995833|-93525556| |TF|0|0|0|0|0|0|0|0|0|0|0|0|0

P|OBENE3|18|SMIDD|0|8
S| |91000000|181000000| |VA|0|18100|0|0|0|0|1|1220|0|0|0|0|0
S| |91000000|181000000| |VM|0|18100|0|0|0|0|0|0|0|0|0|0|0
S|OREOS|41900211|-89209286| |DF|0|0|0|0|0|0|0|0|0|0|0|0|0
S|OREOS|41900211|-89209286| |IF|0|0|0|0|0|0|0|0|0|0|0|0|0
S|OBENE|41850114|-89720158| |TF|0|0|0|0|0|0|0|0|0|0|0|0|0
S|OBENE|41850114|-89720158| |IF|0|0|0|0|0|0|0|0|0|0|0|0|0
S|MONNY|42078947|-91281056| |TF|0|0|0|0|0|0|0|0|0|0|0|0|0
S|SMIDD|42750836|-92621125| |TF|0|0|0|0|0|0|0|0|0|0|0|0|0

P|OBENE3|27|ELYNA|0|8
S| |91000000|181000000| |VA|0|27000|0|0|0|0|1|1220|0|0|0|0|0
S| |91000000|181000000| |VM|0|27000|0|0|0|0|0|0|0|0|0|0|0
S|OREOS|41900211|-89209286| |DF|0|0|0|0|0|0|0|0|0|0|0|0|0
S|OREOS|41900211|-89209286| |IF|0|0|0|0|0|0|0|0|0|0|0|0|0
S|OBENE|41850114|-89720158| |TF|0|0|0|0|0|0|0|0|0|0|0|0|0
S|OBENE|41850114|-89720158| |IF|0|0|0|0|0|0|0|0|0|0|0|0|0
S|EERAE|40683333|-92700000| |TF|0|0|0|0|0|0|0|0|0|0|0|0|0
S|ELYNA|40447661|-93317931| |TF|0|0|0|0|0|0|0|0|0|0|0|0|0

P|OBENE3|27|IANNA|0|9
S| |91000000|181000000| |VA|0|27000|0|0|0|0|1|1220|0|0|0|0|0
S| |91000000|181000000| |VM|0|27000|0|0|0|0|0|0|0|0|0|0|0
S|OREOS|41900211|-89209286| |DF|0|0|0|0|0|0|0|0|0|0|0|0|0
S|OREOS|41900211|-89209286| |IF|0|0|0|0|0|0|0|0|0|0|0|0|0
S|OBENE|41850114|-89720158| |TF|0|0|0|0|0|0|0|0|0|0|0|0|0
S|OBENE|41850114|-89720158| |IF|0|0|0|0|0|0|0|0|0|0|0|0|0
S|MONNY|42078947|-91281056| |TF|0|0|0|0|0|0|0|0|0|0|0|0|0
S|MNOSO|42382200|-92557486| |TF|0|0|0|0|0|0|0|0|0|0|0|0|0
S|IANNA|42507075|-93081886| |TF|0|0|0|0|0|0|0|0|0|0|0|0|0

P|OBENE3|27|JORDY|0|8
S| |91000000|181000000| |VA|0|27000|0|0|0|0|1|1220|0|0|0|0|0
S| |91000000|181000000| |VM|0|27000|0|0|0|0|0|0|0|0|0|0|0
S|OREOS|41900211|-89209286| |DF|0|0|0|0|0|0|0|0|0|0|0|0|0
S|OREOS|41900211|-89209286| |IF|0|0|0|0|0|0|0|0|0|0|0|0|0
S|OBENE|41850114|-89720158| |TF|0|0|0|0|0|0|0|0|0|0|0|0|0
S|OBENE|41850114|-89720158| |IF|0|0|0|0|0|0|0|0|0|0|0|0|0
S|MONNY|42078947|-91281056| |TF|0|0|0|0|0|0|0|0|0|0|0|0|0
S|JORDY|42086536|-93525783| |TF|0|0|0|0|0|0|0|0|0|0|0|0|0

P|OBENE3|27|MNOSO|0|8
S| |91000000|181000000| |VA|0|27000|0|0|0|0|1|1220|0|0|0|0|0
S| |91000000|181000000| |VM|0|27000|0|0|0|0|0|0|0|0|0|0|0
S|OREOS|41900211|-89209286| |DF|0|0|0|0|0|0|0|0|0|0|0|0|0
S|OREOS|41900211|-89209286| |IF|0|0|0|0|0|0|0|0|0|0|0|0|0
S|OBENE|41850114|-89720158| |TF|0|0|0|0|0|0|0|0|0|0|0|0|0
S|OBENE|41850114|-89720158| |IF|0|0|0|0|0|0|0|0|0|0|0|0|0
S|MONNY|42078947|-91281056| |TF|0|0|0|0|0|0|0|0|0|0|0|0|0
S|MNOSO|42382200|-92557486| |TF|0|0|0|0|0|0|0|0|0|0|0|0|0

P|OBENE3|27|NITWT|0|8
S| |91000000|181000000| |VA|0|27000|0|0|0|0|1|1220|0|0|0|0|0
S| |91000000|181000000| |VM|0|27000|0|0|0|0|0|0|0|0|0|0|0
S|OREOS|41900211|-89209286| |DF|0|0|0|0|0|0|0|0|0|0|0|0|0
S|OREOS|41900211|-89209286| |IF|0|0|0|0|0|0|0|0|0|0|0|0|0
S|OBENE|41850114|-89720158| |TF|0|0|0|0|0|0|0|0|0|0|0|0|0
S|OBENE|41850114|-89720158| |IF|0|0|0|0|0|0|0|0|0|0|0|0|0
S|NIGHT|41838333|-91773611| |TF|0|0|0|0|0|0|0|0|0|0|0|0|0
S|NITWT|41734722|-93414167| |TF|0|0|0|0|0|0|0|0|0|0|0|0|0

P|OBENE3|27|OGALE|0|7
S| |91000000|181000000| |VA|0|27000|0|0|0|0|1|1220|0|0|0|0|0
S| |91000000|181000000| |VM|0|27000|0|0|0|0|0|0|0|0|0|0|0
S|OREOS|41900211|-89209286| |DF|0|0|0|0|0|0|0|0|0|0|0|0|0
S|OREOS|41900211|-89209286| |IF|0|0|0|0|0|0|0|0|0|0|0|0|0
S|OBENE|41850114|-89720158| |TF|0|0|0|0|0|0|0|0|0|0|0|0|0
S|OBENE|41850114|-89720158| |IF|0|0|0|0|0|0|0|0|0|0|0|0|0
S|OGALE|41402500|-93481389| |TF|0|0|0|0|0|0|0|0|0|0|0|0|0

P|OBENE3|27|ROEZZ|0|8
S| |91000000|181000000| |VA|0|27000|0|0|0|0|1|1220|0|0|0|0|0
S| |91000000|181000000| |VM|0|27000|0|0|0|0|0|0|0|0|0|0|0
S|OREOS|41900211|-89209286| |DF|0|0|0|0|0|0|0|0|0|0|0|0|0
S|OREOS|41900211|-89209286| |IF|0|0|0|0|0|0|0|0|0|0|0|0|0
S|OBENE|41850114|-89720158| |TF|0|0|0|0|0|0|0|0|0|0|0|0|0
S|OBENE|41850114|-89720158| |IF|0|0|0|0|0|0|0|0|0|0|0|0|0
S|CARET|40783333|-91516667| |TF|0|0|0|0|0|0|0|0|0|0|0|0|0
S|ROEZZ|40374700|-92716744| |TF|0|0|0|0|0|0|0|0|0|0|0|0|0

P|OBENE3|27|ROTTN|0|7
S| |91000000|181000000| |VA|0|27000|0|0|0|0|1|1220|0|0|0|0|0
S| |91000000|181000000| |VM|0|27000|0|0|0|0|0|0|0|0|0|0|0
S|OREOS|41900211|-89209286| |DF|0|0|0|0|0|0|0|0|0|0|0|0|0
S|OREOS|41900211|-89209286| |IF|0|0|0|0|0|0|0|0|0|0|0|0|0
S|OBENE|41850114|-89720158| |TF|0|0|0|0|0|0|0|0|0|0|0|0|0
S|OBENE|41850114|-89720158| |IF|0|0|0|0|0|0|0|0|0|0|0|0|0
S|ROTTN|40995833|-93525556| |TF|0|0|0|0|0|0|0|0|0|0|0|0|0

P|OBENE3|27|SMIDD|0|8
S| |91000000|181000000| |VA|0|27000|0|0|0|0|1|1220|0|0|0|0|0
S| |91000000|181000000| |VM|0|27000|0|0|0|0|0|0|0|0|0|0|0
S|OREOS|41900211|-89209286| |DF|0|0|0|0|0|0|0|0|0|0|0|0|0
S|OREOS|41900211|-89209286| |IF|0|0|0|0|0|0|0|0|0|0|0|0|0
S|OBENE|41850114|-89720158| |TF|0|0|0|0|0|0|0|0|0|0|0|0|0
S|OBENE|41850114|-89720158| |IF|0|0|0|0|0|0|0|0|0|0|0|0|0
S|MONNY|42078947|-91281056| |TF|0|0|0|0|0|0|0|0|0|0|0|0|0
S|SMIDD|42750836|-92621125| |TF|0|0|0|0|0|0|0|0|0|0|0|0|0

P|OBENE3|33|ELYNA|0|8
S| |91000000|181000000| |VA|0|32800|0|0|0|0|1|1220|0|0|0|0|0
S| |91000000|181000000| |VM|0|32800|0|0|0|0|0|0|0|0|0|0|0
S|OREOS|41900211|-89209286| |DF|0|0|0|0|0|0|0|0|0|0|0|0|0
S|OREOS|41900211|-89209286| |IF|0|0|0|0|0|0|0|0|0|0|0|0|0
S|OBENE|41850114|-89720158| |TF|0|0|0|0|0|0|0|0|0|0|0|0|0
S|OBENE|41850114|-89720158| |IF|0|0|0|0|0|0|0|0|0|0|0|0|0
S|EERAE|40683333|-92700000| |TF|0|0|0|0|0|0|0|0|0|0|0|0|0
S|ELYNA|40447661|-93317931| |TF|0|0|0|0|0|0|0|0|0|0|0|0|0

P|OBENE3|33|IANNA|0|9
S| |91000000|181000000| |VA|0|32800|0|0|0|0|1|1220|0|0|0|0|0
S| |91000000|181000000| |VM|0|32800|0|0|0|0|0|0|0|0|0|0|0
S|OREOS|41900211|-89209286| |DF|0|0|0|0|0|0|0|0|0|0|0|0|0
S|OREOS|41900211|-89209286| |IF|0|0|0|0|0|0|0|0|0|0|0|0|0
S|OBENE|41850114|-89720158| |TF|0|0|0|0|0|0|0|0|0|0|0|0|0
S|OBENE|41850114|-89720158| |IF|0|0|0|0|0|0|0|0|0|0|0|0|0
S|MONNY|42078947|-91281056| |TF|0|0|0|0|0|0|0|0|0|0|0|0|0
S|MNOSO|42382200|-92557486| |TF|0|0|0|0|0|0|0|0|0|0|0|0|0
S|IANNA|42507075|-93081886| |TF|0|0|0|0|0|0|0|0|0|0|0|0|0

P|OBENE3|33|JORDY|0|8
S| |91000000|181000000| |VA|0|32800|0|0|0|0|1|1220|0|0|0|0|0
S| |91000000|181000000| |VM|0|32800|0|0|0|0|0|0|0|0|0|0|0
S|OREOS|41900211|-89209286| |DF|0|0|0|0|0|0|0|0|0|0|0|0|0
S|OREOS|41900211|-89209286| |IF|0|0|0|0|0|0|0|0|0|0|0|0|0
S|OBENE|41850114|-89720158| |TF|0|0|0|0|0|0|0|0|0|0|0|0|0
S|OBENE|41850114|-89720158| |IF|0|0|0|0|0|0|0|0|0|0|0|0|0
S|MONNY|42078947|-91281056| |TF|0|0|0|0|0|0|0|0|0|0|0|0|0
S|JORDY|42086536|-93525783| |TF|0|0|0|0|0|0|0|0|0|0|0|0|0

P|OBENE3|33|MNOSO|0|8
S| |91000000|181000000| |VA|0|32800|0|0|0|0|1|1220|0|0|0|0|0
S| |91000000|181000000| |VM|0|32800|0|0|0|0|0|0|0|0|0|0|0
S|OREOS|41900211|-89209286| |DF|0|0|0|0|0|0|0|0|0|0|0|0|0
S|OREOS|41900211|-89209286| |IF|0|0|0|0|0|0|0|0|0|0|0|0|0
S|OBENE|41850114|-89720158| |TF|0|0|0|0|0|0|0|0|0|0|0|0|0
S|OBENE|41850114|-89720158| |IF|0|0|0|0|0|0|0|0|0|0|0|0|0
S|MONNY|42078947|-91281056| |TF|0|0|0|0|0|0|0|0|0|0|0|0|0
S|MNOSO|42382200|-92557486| |TF|0|0|0|0|0|0|0|0|0|0|0|0|0

P|OBENE3|33|NITWT|0|8
S| |91000000|181000000| |VA|0|32800|0|0|0|0|1|1220|0|0|0|0|0
S| |91000000|181000000| |VM|0|32800|0|0|0|0|0|0|0|0|0|0|0
S|OREOS|41900211|-89209286| |DF|0|0|0|0|0|0|0|0|0|0|0|0|0
S|OREOS|41900211|-89209286| |IF|0|0|0|0|0|0|0|0|0|0|0|0|0
S|OBENE|41850114|-89720158| |TF|0|0|0|0|0|0|0|0|0|0|0|0|0
S|OBENE|41850114|-89720158| |IF|0|0|0|0|0|0|0|0|0|0|0|0|0
S|NIGHT|41838333|-91773611| |TF|0|0|0|0|0|0|0|0|0|0|0|0|0
S|NITWT|41734722|-93414167| |TF|0|0|0|0|0|0|0|0|0|0|0|0|0

P|OBENE3|33|OGALE|0|7
S| |91000000|181000000| |VA|0|32800|0|0|0|0|1|1220|0|0|0|0|0
S| |91000000|181000000| |VM|0|32800|0|0|0|0|0|0|0|0|0|0|0
S|OREOS|41900211|-89209286| |DF|0|0|0|0|0|0|0|0|0|0|0|0|0
S|OREOS|41900211|-89209286| |IF|0|0|0|0|0|0|0|0|0|0|0|0|0
S|OBENE|41850114|-89720158| |TF|0|0|0|0|0|0|0|0|0|0|0|0|0
S|OBENE|41850114|-89720158| |IF|0|0|0|0|0|0|0|0|0|0|0|0|0
S|OGALE|41402500|-93481389| |TF|0|0|0|0|0|0|0|0|0|0|0|0|0

P|OBENE3|33|ROEZZ|0|8
S| |91000000|181000000| |VA|0|32800|0|0|0|0|1|1220|0|0|0|0|0
S| |91000000|181000000| |VM|0|32800|0|0|0|0|0|0|0|0|0|0|0
S|OREOS|41900211|-89209286| |DF|0|0|0|0|0|0|0|0|0|0|0|0|0
S|OREOS|41900211|-89209286| |IF|0|0|0|0|0|0|0|0|0|0|0|0|0
S|OBENE|41850114|-89720158| |TF|0|0|0|0|0|0|0|0|0|0|0|0|0
S|OBENE|41850114|-89720158| |IF|0|0|0|0|0|0|0|0|0|0|0|0|0
S|CARET|40783333|-91516667| |TF|0|0|0|0|0|0|0|0|0|0|0|0|0
S|ROEZZ|40374700|-92716744| |TF|0|0|0|0|0|0|0|0|0|0|0|0|0

P|OBENE3|33|ROTTN|0|7
S| |91000000|181000000| |VA|0|32800|0|0|0|0|1|1220|0|0|0|0|0
S| |91000000|181000000| |VM|0|32800|0|0|0|0|0|0|0|0|0|0|0
S|OREOS|41900211|-89209286| |DF|0|0|0|0|0|0|0|0|0|0|0|0|0
S|OREOS|41900211|-89209286| |IF|0|0|0|0|0|0|0|0|0|0|0|0|0
S|OBENE|41850114|-89720158| |TF|0|0|0|0|0|0|0|0|0|0|0|0|0
S|OBENE|41850114|-89720158| |IF|0|0|0|0|0|0|0|0|0|0|0|0|0
S|ROTTN|40995833|-93525556| |TF|0|0|0|0|0|0|0|0|0|0|0|0|0

P|OBENE3|33|SMIDD|0|8
S| |91000000|181000000| |VA|0|32800|0|0|0|0|1|1220|0|0|0|0|0
S| |91000000|181000000| |VM|0|32800|0|0|0|0|0|0|0|0|0|0|0
S|OREOS|41900211|-89209286| |DF|0|0|0|0|0|0|0|0|0|0|0|0|0
S|OREOS|41900211|-89209286| |IF|0|0|0|0|0|0|0|0|0|0|0|0|0
S|OBENE|41850114|-89720158| |TF|0|0|0|0|0|0|0|0|0|0|0|0|0
S|OBENE|41850114|-89720158| |IF|0|0|0|0|0|0|0|0|0|0|0|0|0
S|MONNY|42078947|-91281056| |TF|0|0|0|0|0|0|0|0|0|0|0|0|0
S|SMIDD|42750836|-92621125| |TF|0|0|0|0|0|0|0|0|0|0|0|0|0

P|OBENE3|36|ELYNA|0|8
S| |91000000|181000000| |VA|0|100|0|0|0|0|1|1220|0|0|0|0|0
S| |91000000|181000000| |VM|0|100|0|0|0|0|0|0|0|0|0|0|0
S|OREOS|41900211|-89209286| |DF|0|0|0|0|0|0|0|0|0|0|0|0|0
S|OREOS|41900211|-89209286| |IF|0|0|0|0|0|0|0|0|0|0|0|0|0
S|OBENE|41850114|-89720158| |TF|0|0|0|0|0|0|0|0|0|0|0|0|0
S|OBENE|41850114|-89720158| |IF|0|0|0|0|0|0|0|0|0|0|0|0|0
S|EERAE|40683333|-92700000| |TF|0|0|0|0|0|0|0|0|0|0|0|0|0
S|ELYNA|40447661|-93317931| |TF|0|0|0|0|0|0|0|0|0|0|0|0|0

P|OBENE3|36|IANNA|0|9
S| |91000000|181000000| |VA|0|100|0|0|0|0|1|1220|0|0|0|0|0
S| |91000000|181000000| |VM|0|100|0|0|0|0|0|0|0|0|0|0|0
S|OREOS|41900211|-89209286| |DF|0|0|0|0|0|0|0|0|0|0|0|0|0
S|OREOS|41900211|-89209286| |IF|0|0|0|0|0|0|0|0|0|0|0|0|0
S|OBENE|41850114|-89720158| |TF|0|0|0|0|0|0|0|0|0|0|0|0|0
S|OBENE|41850114|-89720158| |IF|0|0|0|0|0|0|0|0|0|0|0|0|0
S|MONNY|42078947|-91281056| |TF|0|0|0|0|0|0|0|0|0|0|0|0|0
S|MNOSO|42382200|-92557486| |TF|0|0|0|0|0|0|0|0|0|0|0|0|0
S|IANNA|42507075|-93081886| |TF|0|0|0|0|0|0|0|0|0|0|0|0|0

P|OBENE3|36|JORDY|0|8
S| |91000000|181000000| |VA|0|100|0|0|0|0|1|1220|0|0|0|0|0
S| |91000000|181000000| |VM|0|100|0|0|0|0|0|0|0|0|0|0|0
S|OREOS|41900211|-89209286| |DF|0|0|0|0|0|0|0|0|0|0|0|0|0
S|OREOS|41900211|-89209286| |IF|0|0|0|0|0|0|0|0|0|0|0|0|0
S|OBENE|41850114|-89720158| |TF|0|0|0|0|0|0|0|0|0|0|0|0|0
S|OBENE|41850114|-89720158| |IF|0|0|0|0|0|0|0|0|0|0|0|0|0
S|MONNY|42078947|-91281056| |TF|0|0|0|0|0|0|0|0|0|0|0|0|0
S|JORDY|42086536|-93525783| |TF|0|0|0|0|0|0|0|0|0|0|0|0|0

P|OBENE3|36|MNOSO|0|8
S| |91000000|181000000| |VA|0|100|0|0|0|0|1|1220|0|0|0|0|0
S| |91000000|181000000| |VM|0|100|0|0|0|0|0|0|0|0|0|0|0
S|OREOS|41900211|-89209286| |DF|0|0|0|0|0|0|0|0|0|0|0|0|0
S|OREOS|41900211|-89209286| |IF|0|0|0|0|0|0|0|0|0|0|0|0|0
S|OBENE|41850114|-89720158| |TF|0|0|0|0|0|0|0|0|0|0|0|0|0
S|OBENE|41850114|-89720158| |IF|0|0|0|0|0|0|0|0|0|0|0|0|0
S|MONNY|42078947|-91281056| |TF|0|0|0|0|0|0|0|0|0|0|0|0|0
S|MNOSO|42382200|-92557486| |TF|0|0|0|0|0|0|0|0|0|0|0|0|0

P|OBENE3|36|NITWT|0|8
S| |91000000|181000000| |VA|0|100|0|0|0|0|1|1220|0|0|0|0|0
S| |91000000|181000000| |VM|0|100|0|0|0|0|0|0|0|0|0|0|0
S|OREOS|41900211|-89209286| |DF|0|0|0|0|0|0|0|0|0|0|0|0|0
S|OREOS|41900211|-89209286| |IF|0|0|0|0|0|0|0|0|0|0|0|0|0
S|OBENE|41850114|-89720158| |TF|0|0|0|0|0|0|0|0|0|0|0|0|0
S|OBENE|41850114|-89720158| |IF|0|0|0|0|0|0|0|0|0|0|0|0|0
S|NIGHT|41838333|-91773611| |TF|0|0|0|0|0|0|0|0|0|0|0|0|0
S|NITWT|41734722|-93414167| |TF|0|0|0|0|0|0|0|0|0|0|0|0|0

P|OBENE3|36|OGALE|0|7
S| |91000000|181000000| |VA|0|100|0|0|0|0|1|1220|0|0|0|0|0
S| |91000000|181000000| |VM|0|100|0|0|0|0|0|0|0|0|0|0|0
S|OREOS|41900211|-89209286| |DF|0|0|0|0|0|0|0|0|0|0|0|0|0
S|OREOS|41900211|-89209286| |IF|0|0|0|0|0|0|0|0|0|0|0|0|0
S|OBENE|41850114|-89720158| |TF|0|0|0|0|0|0|0|0|0|0|0|0|0
S|OBENE|41850114|-89720158| |IF|0|0|0|0|0|0|0|0|0|0|0|0|0
S|OGALE|41402500|-93481389| |TF|0|0|0|0|0|0|0|0|0|0|0|0|0

P|OBENE3|36|ROEZZ|0|8
S| |91000000|181000000| |VA|0|100|0|0|0|0|1|1220|0|0|0|0|0
S| |91000000|181000000| |VM|0|100|0|0|0|0|0|0|0|0|0|0|0
S|OREOS|41900211|-89209286| |DF|0|0|0|0|0|0|0|0|0|0|0|0|0
S|OREOS|41900211|-89209286| |IF|0|0|0|0|0|0|0|0|0|0|0|0|0
S|OBENE|41850114|-89720158| |TF|0|0|0|0|0|0|0|0|0|0|0|0|0
S|OBENE|41850114|-89720158| |IF|0|0|0|0|0|0|0|0|0|0|0|0|0
S|CARET|40783333|-91516667| |TF|0|0|0|0|0|0|0|0|0|0|0|0|0
S|ROEZZ|40374700|-92716744| |TF|0|0|0|0|0|0|0|0|0|0|0|0|0

P|OBENE3|36|ROTTN|0|7
S| |91000000|181000000| |VA|0|100|0|0|0|0|1|1220|0|0|0|0|0
S| |91000000|181000000| |VM|0|100|0|0|0|0|0|0|0|0|0|0|0
S|OREOS|41900211|-89209286| |DF|0|0|0|0|0|0|0|0|0|0|0|0|0
S|OREOS|41900211|-89209286| |IF|0|0|0|0|0|0|0|0|0|0|0|0|0
S|OBENE|41850114|-89720158| |TF|0|0|0|0|0|0|0|0|0|0|0|0|0
S|OBENE|41850114|-89720158| |IF|0|0|0|0|0|0|0|0|0|0|0|0|0
S|ROTTN|40995833|-93525556| |TF|0|0|0|0|0|0|0|0|0|0|0|0|0

P|OBENE3|36|SMIDD|0|8
S| |91000000|181000000| |VA|0|100|0|0|0|0|1|1220|0|0|0|0|0
S| |91000000|181000000| |VM|0|100|0|0|0|0|0|0|0|0|0|0|0
S|OREOS|41900211|-89209286| |DF|0|0|0|0|0|0|0|0|0|0|0|0|0
S|OREOS|41900211|-89209286| |IF|0|0|0|0|0|0|0|0|0|0|0|0|0
S|OBENE|41850114|-89720158| |TF|0|0|0|0|0|0|0|0|0|0|0|0|0
S|OBENE|41850114|-89720158| |IF|0|0|0|0|0|0|0|0|0|0|0|0|0
S|MONNY|42078947|-91281056| |TF|0|0|0|0|0|0|0|0|0|0|0|0|0
S|SMIDD|42750836|-92621125| |TF|0|0|0|0|0|0|0|0|0|0|0|0|0

