P|YUBBA1|07|YUBBA|0|4
S| |91000000|181000000| |VA|0|6800|0|0|0|0|1|2400|0|0|0|0|0
S| |91000000|181000000| |VI|1|31000|0|0|0|0|0|0|0|0|0|0|0
S|MYV|39098644|-121573058|MYV|CF|0|26300|0|0|2600|0|0|0|0|0|0|0|0
S|YUBBA|39123828|-121769381| |TF|0|0|0|0|0|0|0|0|0|0|0|0|0

P|YUBBA1|25|YUBBA|0|4
S| |91000000|181000000| |CA|0|24800|0|0|0|0|1|1940|0|0|0|0|0
S| |91000000|181000000| |VI|0|31000|0|0|0|0|0|0|0|0|0|0|0
S|MYV|39098644|-121573058|MYV|CF|0|26900|0|0|2000|0|0|0|0|0|0|0|0
S|YUBBA|39123828|-121769381| |TF|0|0|0|0|0|0|0|0|0|0|0|0|0

