P|HNSCM5|05| |0|2
S| |91000000|181000000| |CA|0|5300|0|0|0|0|1|540|0|0|0|0|0
S| |91000000|181000000| |VM|0|5300|0|0|0|0|0|0|0|0|0|0|0

P|HNSCM5|11| |0|2
S| |91000000|181000000| |CA|0|11300|0|0|0|0|1|540|0|0|0|0|0
S| |91000000|181000000| |VM|0|11300|0|0|0|0|0|0|0|0|0|0|0

P|HNSCM5|23| |0|2
S| |91000000|181000000| |CA|0|23300|0|0|0|0|1|540|0|0|0|0|0
S| |91000000|181000000| |VM|0|23300|0|0|0|0|0|0|0|0|0|0|0

P|HNSCM5|29| |0|2
S| |91000000|181000000| |CA|0|29300|0|0|0|0|1|540|0|0|0|0|0
S| |91000000|181000000| |VM|0|29300|0|0|0|0|0|0|0|0|0|0|0

