P|BLZZR6|04R|BLZZR|0|8
S| |91000000|181000000| |VA|0|3500|0|0|0|0|1|520|0|0|0|0|0
S|NHANT|42439789|-70966658| |DF|0|0|0|0|0|0|0|0|0|0|0|0|0
S|HURBE|42460761|-70851956| |TF|0|0|0|0|0|0|1|4000|0|0|0|0|0
S|ORRRR|42424578|-70753733| |TF|0|0|0|0|0|0|0|0|0|0|0|0|0
S|CHWDH|42304317|-70729706| |TF|0|0|0|0|0|0|0|0|0|0|0|0|0
S|STEEM|42258333|-70811389| |TF|0|0|0|0|0|0|0|0|0|0|0|0|0
S|DEDHM|42195639|-70949175| |TF|0|0|0|0|0|0|0|0|0|0|0|0|0
S|BLZZR|42217331|-71760164| |TF|0|0|0|0|0|0|0|0|0|0|0|0|0

P|BLZZR6|09|BLZZR|0|7
S| |91000000|181000000| |VA|0|9200|0|0|0|0|1|520|0|0|0|0|0
S|CLAWW|42390481|-70812506| |DF|0|0|0|0|0|250|1|4000|0|0|0|0|0
S|FENWY|42369750|-70718339| |TF|0|0|0|0|0|0|0|0|0|0|0|0|0
S|GLLET|42273347|-70722569| |TF|0|0|0|0|0|0|0|0|0|0|0|0|0
S|WYMTH|42214786|-70822367| |TF|0|0|0|0|0|0|0|0|0|0|0|0|0
S|DEDHM|42195639|-70949175| |TF|0|0|0|0|0|0|0|0|0|0|0|0|0
S|BLZZR|42217331|-71760164| |TF|0|0|0|0|0|0|0|0|0|0|0|0|0

P|BLZZR6|15R|BLZZR|0|7
S| |91000000|181000000| |VI|0|15000|0|0|0|210|0|0|0|0|0|0|0
S|TASKT|42321600|-70868483|CON|CF|0|12000|6230|16470|490|0|0|0|0|0|0|0|0
S|BRRRO|42333550|-70801522| |TF|0|0|0|0|0|250|1|3000|0|0|0|0|0
S|JAITE|42296628|-70709825| |TF|0|0|0|0|0|0|0|0|0|0|0|0|0
S|HEWMO|42187653|-70735036| |TF|0|0|0|0|0|260|1|5000|0|0|0|0|0
S|KENWI|42159692|-70940831| |TF|0|0|0|0|0|0|0|0|0|0|0|0|0
S|BLZZR|42217331|-71760164| |TF|0|0|0|0|0|0|0|0|0|0|0|0|0

P|BLZZR6|22L|BLZZR|0|7
S| |91000000|181000000| |VI|0|21500|0|0|0|0|0|0|0|0|0|0|0
S|TJAYY|42310339|-70965892|CON|CF|0|13700|6080|16850|320|210|1|1200|0|0|0|0|0
S|BRRRO|42333550|-70801522| |TF|0|0|0|0|0|250|1|3000|0|0|0|0|0
S|JAITE|42296628|-70709825| |TF|0|0|0|0|0|0|0|0|0|0|0|0|0
S|HEWMO|42187653|-70735036| |TF|0|0|0|0|0|260|1|5000|0|0|0|0|0
S|KENWI|42159692|-70940831| |TF|0|0|0|0|0|0|0|0|0|0|0|0|0
S|BLZZR|42217331|-71760164| |TF|0|0|0|0|0|0|0|0|0|0|0|0|0

P|BLZZR6|22R|BLZZR|0|7
S| |91000000|181000000| |VI|0|21500|0|0|0|0|0|0|0|0|0|0|0
S|TJAYY|42310339|-70965892|CON|CF|0|14200|6080|16850|310|210|1|1200|0|0|0|0|0
S|BRRRO|42333550|-70801522| |TF|0|0|0|0|0|250|1|3000|0|0|0|0|0
S|JAITE|42296628|-70709825| |TF|0|0|0|0|0|0|0|0|0|0|0|0|0
S|HEWMO|42187653|-70735036| |TF|0|0|0|0|0|260|1|5000|0|0|0|0|0
S|KENWI|42159692|-70940831| |TF|0|0|0|0|0|0|0|0|0|0|0|0|0
S|BLZZR|42217331|-71760164| |TF|0|0|0|0|0|0|0|0|0|0|0|0|0

P|BLZZR6|27|BLZZR|0|3
S| |91000000|181000000| |VI|0|27200|0|0|0|0|0|0|0|0|0|0|0
S|KIRAA|42275411|-71128272|CON|CF|0|23700|6000|17560|620|0|0|0|0|0|0|0|0
S|BLZZR|42217331|-71760164| |TF|0|0|0|0|0|0|0|0|0|0|0|0|0

P|BLZZR6|33L|BLZZR|0|4
S| |91000000|181000000| |VI|0|33000|0|0|0|0|0|0|0|0|0|0|0
S|TEKKK|42412736|-71098636|CON|CF|0|31400|5280|17130|330|0|0|0|0|0|0|0|0
S|EXXXX|42343633|-71351269| |TF|0|0|0|0|0|0|0|0|0|0|0|0|0
S|BLZZR|42217331|-71760164| |TF|0|0|0|0|0|0|0|0|0|0|0|0|0

P|BRUWN7|04R|BRUWN|0|6
S| |91000000|181000000| |VA|0|3500|0|0|0|0|1|520|0|0|0|0|0
S|NHANT|42439789|-70966658| |DF|0|0|0|0|0|0|0|0|0|0|0|0|0
S|HURBE|42460761|-70851956| |TF|0|0|0|0|0|0|1|4000|0|0|0|0|0
S|ORRRR|42424578|-70753733| |TF|0|0|0|0|0|0|0|0|0|0|0|0|0
S|BUCYK|42293364|-70683756| |TF|0|0|0|0|0|0|0|0|0|0|0|0|0
S|BRUWN|41602689|-70229392| |TF|0|0|0|0|0|0|0|0|0|0|0|0|0

P|BRUWN7|09|BRUWN|0|5
S| |91000000|181000000| |VA|0|9200|0|0|0|0|1|520|0|0|0|0|0
S|CLAWW|42390481|-70812506| |DF|0|0|0|0|0|250|1|4000|0|0|0|0|0
S|FENWY|42369750|-70718339| |TF|0|0|0|0|0|0|0|0|0|0|0|0|0
S|BUCYK|42293364|-70683756| |TF|0|0|0|0|0|0|0|0|0|0|0|0|0
S|BRUWN|41602689|-70229392| |TF|0|0|0|0|0|0|0|0|0|0|0|0|0

P|BRUWN7|15R|BRUWN|0|5
S| |91000000|181000000| |VI|0|15000|0|0|0|210|0|0|0|0|0|0|0
S|TASKT|42321600|-70868483|CON|CF|0|12000|6230|16470|490|0|0|0|0|0|0|0|0
S|BRRRO|42333550|-70801522| |TF|0|0|0|0|0|250|1|3000|0|0|0|0|0
S|BUCYK|42293364|-70683756| |TF|0|0|0|0|0|0|0|0|0|0|0|0|0
S|BRUWN|41602689|-70229392| |TF|0|0|0|0|0|0|0|0|0|0|0|0|0

P|BRUWN7|22L|BRUWN|0|5
S| |91000000|181000000| |VI|0|21500|0|0|0|0|0|0|0|0|0|0|0
S|TJAYY|42310339|-70965892|CON|CF|0|13700|6120|16840|280|210|1|1200|0|0|0|0|0
S|BRRRO|42333550|-70801522| |TF|0|0|0|0|0|250|1|3000|0|0|0|0|0
S|BUCYK|42293364|-70683756| |TF|0|0|0|0|0|0|0|0|0|0|0|0|0
S|BRUWN|41602689|-70229392| |TF|0|0|0|0|0|0|0|0|0|0|0|0|0

P|BRUWN7|22R|BRUWN|0|5
S| |91000000|181000000| |VI|0|21500|0|0|0|0|0|0|0|0|0|0|0
S|TJAYY|42310339|-70965892|CON|CF|0|14200|6120|16840|310|210|1|1200|0|0|0|0|0
S|BRRRO|42333550|-70801522| |TF|0|0|0|0|0|250|1|3000|0|0|0|0|0
S|BUCYK|42293364|-70683756| |TF|0|0|0|0|0|0|0|0|0|0|0|0|0
S|BRUWN|41602689|-70229392| |TF|0|0|0|0|0|0|0|0|0|0|0|0|0

P|BRUWN7|27|BRUWN|0|5
S| |91000000|181000000| |VI|0|27200|0|0|0|0|0|0|0|0|0|0|0
S|KIRAA|42275411|-71128272|CON|CF|0|23700|6000|17560|620|0|0|0|0|0|0|0|0
S|COLYN|42152683|-71040108| |TF|0|0|0|0|0|0|0|0|0|0|0|0|0
S|BEREI|42008914|-70805761| |TF|0|0|0|0|0|0|0|0|0|0|0|0|0
S|BRUWN|41602689|-70229392| |TF|0|0|0|0|0|0|0|0|0|0|0|0|0

P|BRUWN7|33L|BRUWN|0|7
S| |91000000|181000000| |VI|0|33000|0|0|0|0|0|0|0|0|0|0|0
S|TEKKK|42412736|-71098636|CON|CF|0|31400|5280|17130|330|0|0|0|0|0|0|0|0
S|COUSY|42354978|-71208806| |TF|0|0|0|0|0|0|1|5000|0|0|0|0|0
S|CBEAR|42255539|-71160081| |TF|0|0|0|0|0|0|0|0|0|0|0|0|0
S|COLYN|42152683|-71040108| |TF|0|0|0|0|0|0|0|0|0|0|0|0|0
S|BEREI|42008914|-70805761| |TF|0|0|0|0|0|0|0|0|0|0|0|0|0
S|BRUWN|41602689|-70229392| |TF|0|0|0|0|0|0|0|0|0|0|0|0|0

P|CELTK7|04R|CELTK|0|6
S| |91000000|181000000| |VA|0|3500|0|0|0|0|1|520|0|0|0|0|0
S|NHANT|42439789|-70966658| |DF|0|0|0|0|0|0|0|0|0|0|0|0|0
S|HURBE|42460761|-70851956| |TF|0|0|0|0|0|0|1|4000|0|0|0|0|0
S|ORRRR|42424578|-70753733| |TF|0|0|0|0|0|0|0|0|0|0|0|0|0
S|TONNI|42373350|-70613533| |TF|0|0|0|0|0|0|0|0|0|0|0|0|0
S|CELTK|42266403|-70103425| |TF|0|0|0|0|0|0|0|0|0|0|0|0|0

P|CELTK7|09|CELTK|0|5
S| |91000000|181000000| |VA|0|9200|0|0|0|0|1|520|0|0|0|0|0
S|CLAWW|42390481|-70812506| |DF|0|0|0|0|0|250|1|4000|0|0|0|0|0
S|FENWY|42369750|-70718339| |TF|0|0|0|0|0|0|0|0|0|0|0|0|0
S|SCOAR|42312617|-70637506| |TF|0|0|0|0|0|0|0|0|0|0|0|0|0
S|CELTK|42266403|-70103425| |TF|0|0|0|0|0|0|0|0|0|0|0|0|0

P|CELTK7|15R|CELTK|0|5
S| |91000000|181000000| |VI|0|15000|0|0|0|210|0|0|0|0|0|0|0
S|TASKT|42321600|-70868483|CON|CF|0|12000|6230|16470|480|0|0|0|0|0|0|0|0
S|BRRRO|42333550|-70801522| |TF|0|0|0|0|0|250|1|3000|0|0|0|0|0
S|SCOAR|42312617|-70637506| |TF|0|0|0|0|0|0|0|0|0|0|0|0|0
S|CELTK|42266403|-70103425| |TF|0|0|0|0|0|0|0|0|0|0|0|0|0

P|CELTK7|22L|CELTK|0|5
S| |91000000|181000000| |VI|0|21500|0|0|0|0|0|0|0|0|0|0|0
S|TJAYY|42310339|-70965892|CON|CF|0|13700|6120|16840|320|210|1|1200|0|0|0|0|0
S|BRRRO|42333550|-70801522| |TF|0|0|0|0|0|250|1|3000|0|0|0|0|0
S|SCOAR|42312617|-70637506| |TF|0|0|0|0|0|0|0|0|0|0|0|0|0
S|CELTK|42266403|-70103425| |TF|0|0|0|0|0|0|0|0|0|0|0|0|0

P|CELTK7|22R|CELTK|0|5
S| |91000000|181000000| |VI|0|21500|0|0|0|0|0|0|0|0|0|0|0
S|TJAYY|42310339|-70965892|CON|CF|0|14200|6120|16840|350|210|1|1200|0|0|0|0|0
S|BRRRO|42333550|-70801522| |TF|0|0|0|0|0|250|1|3000|0|0|0|0|0
S|SCOAR|42312617|-70637506| |TF|0|0|0|0|0|0|0|0|0|0|0|0|0
S|CELTK|42266403|-70103425| |TF|0|0|0|0|0|0|0|0|0|0|0|0|0

P|CELTK7|27|CELTK|0|4
S| |91000000|181000000| |VI|0|27200|0|0|0|0|0|0|0|0|0|0|0
S|KIRAA|42275411|-71128272|CON|CF|0|23700|6000|17560|570|0|0|0|0|0|0|0|0
S|COLYN|42152683|-71040108| |TF|0|0|0|0|0|0|0|0|0|0|0|0|0
S|CELTK|42266403|-70103425| |TF|0|0|0|0|0|0|0|0|0|0|0|0|0

P|CELTK7|33L|CELTK|0|6
S| |91000000|181000000| |VI|0|33000|0|0|0|0|0|0|0|0|0|0|0
S|TEKKK|42412736|-71098636|CON|CF|0|31400|5280|17130|310|0|0|0|0|0|0|0|0
S|COUSY|42354978|-71208806| |TF|0|0|0|0|0|0|1|5000|0|0|0|0|0
S|CBEAR|42255539|-71160081| |TF|0|0|0|0|0|0|0|0|0|0|0|0|0
S|COLYN|42152683|-71040108| |TF|0|0|0|0|0|0|0|0|0|0|0|0|0
S|CELTK|42266403|-70103425| |TF|0|0|0|0|0|0|0|0|0|0|0|0|0

P|HYLND7|04R|HYLND|0|7
S| |91000000|181000000| |VA|0|3500|0|0|0|0|1|520|0|0|0|0|0
S|NHANT|42439789|-70966658| |DF|0|0|0|0|0|0|0|0|0|0|0|0|0
S|HURBE|42460761|-70851956| |TF|0|0|0|0|0|0|1|4000|0|0|0|0|0
S|STAYC|42512931|-70797411| |TF|0|0|0|0|0|0|0|0|0|0|0|0|0
S|SOFEA|42547844|-70811556| |TF|0|0|0|0|0|0|0|0|0|0|0|0|0
S|SHAAN|42579894|-70827611| |TF|0|0|0|0|0|0|0|0|0|0|0|0|0
S|HYLND|42780867|-71275300| |TF|0|0|0|0|0|0|0|0|0|0|0|0|0

P|HYLND7|09|HYLND|0|6
S| |91000000|181000000| |VA|0|9200|0|0|0|0|1|520|0|0|0|0|0
S|CLAWW|42390481|-70812506| |DF|0|0|0|0|0|250|1|4000|0|0|0|0|0
S|CORRT|42445931|-70759781| |TF|0|0|0|0|0|0|0|0|0|0|0|0|0
S|STAYC|42512931|-70797411| |TF|0|0|0|0|0|0|0|0|0|0|0|0|0
S|TRAFT|42544722|-70857500| |TF|0|0|0|0|0|0|0|0|0|0|0|0|0
S|HYLND|42780867|-71275300| |TF|0|0|0|0|0|0|0|0|0|0|0|0|0

P|HYLND7|15R|HYLND|0|6
S| |91000000|181000000| |VI|0|15000|0|0|0|210|0|0|0|0|0|0|0
S|TASKT|42321600|-70868483|CON|CF|0|12000|6230|16470|490|0|0|0|0|0|0|0|0
S|BOATT|42342114|-70753797| |TF|0|0|0|0|0|250|1|4000|0|0|0|0|0
S|HEARR|42447022|-70709756| |TF|0|0|0|0|0|0|0|0|0|0|0|0|0
S|MARBB|42533514|-70765917| |TF|0|0|0|0|0|0|0|0|0|0|0|0|0
S|HYLND|42780867|-71275300| |TF|0|0|0|0|0|0|0|0|0|0|0|0|0

P|HYLND7|22L|HYLND|0|6
S| |91000000|181000000| |VI|0|21500|0|0|0|0|0|0|0|0|0|0|0
S|TJAYY|42310339|-70965892|CON|CF|0|13700|6080|16850|280|210|1|1200|0|0|0|0|0
S|BOATT|42342114|-70753797| |TF|0|0|0|0|0|250|1|4000|0|0|0|0|0
S|HEARR|42447022|-70709756| |TF|0|0|0|0|0|0|0|0|0|0|0|0|0
S|MARBB|42533514|-70765917| |TF|0|0|0|0|0|0|0|0|0|0|0|0|0
S|HYLND|42780867|-71275300| |TF|0|0|0|0|0|0|0|0|0|0|0|0|0

P|HYLND7|22R|HYLND|0|6
S| |91000000|181000000| |VI|0|21500|0|0|0|0|0|0|0|0|0|0|0
S|TJAYY|42310339|-70965892|CON|CF|0|14200|6080|16850|310|210|1|1200|0|0|0|0|0
S|BOATT|42342114|-70753797| |TF|0|0|0|0|0|250|1|4000|0|0|0|0|0
S|HEARR|42447022|-70709756| |TF|0|0|0|0|0|0|0|0|0|0|0|0|0
S|MARBB|42533514|-70765917| |TF|0|0|0|0|0|0|0|0|0|0|0|0|0
S|HYLND|42780867|-71275300| |TF|0|0|0|0|0|0|0|0|0|0|0|0|0

P|HYLND7|27|HYLND|0|5
S| |91000000|181000000| |VI|0|27200|0|0|0|0|0|0|0|0|0|0|0
S|KIRAA|42275411|-71128272|CON|CF|0|23700|6000|17560|620|0|0|0|0|0|0|0|0
S|GLOWB|42289397|-71218383| |TF|0|0|0|0|0|250|1|3000|0|0|0|0|0
S|HRALD|42380072|-71257978| |TF|0|0|0|0|0|0|0|0|0|0|0|0|0
S|HYLND|42780867|-71275300| |TF|0|0|0|0|0|0|0|0|0|0|0|0|0

P|HYLND7|33L|HYLND|0|5
S| |91000000|181000000| |VI|0|33000|0|0|0|0|0|0|0|0|0|0|0
S|TEKKK|42412736|-71098636|CON|CF|0|31400|5280|17130|330|0|0|0|0|0|0|0|0
S|MYSTK|42447219|-71117447| |TF|0|0|0|0|0|0|1|3000|0|0|0|0|0
S|CAMWI|42511658|-71152661| |TF|0|0|0|0|0|0|1|4000|0|0|0|0|0
S|HYLND|42780867|-71275300| |TF|0|0|0|0|0|0|0|0|0|0|0|0|0

P|LBSTA8|04R|LBSTA|0|6
S| |91000000|181000000| |VA|0|3500|0|0|0|0|1|520|0|0|0|0|0
S|NHANT|42439789|-70966658| |DF|0|0|0|0|0|0|0|0|0|0|0|0|0
S|HURBE|42460761|-70851956| |TF|0|0|0|0|0|0|1|4000|0|0|0|0|0
S|JENAA|42574444|-70731667| |TF|0|0|0|0|0|0|0|0|0|0|0|0|0
S|SHAUN|42676178|-70640850| |TF|0|0|0|0|0|0|0|0|0|0|0|0|0
S|LBSTA|42800000|-70613528| |TF|0|0|0|0|0|0|0|0|0|0|0|0|0

P|LBSTA8|09|LBSTA|0|5
S| |91000000|181000000| |VA|0|9200|0|0|0|0|1|520|0|0|0|0|0
S|CLAWW|42390481|-70812506| |DF|0|0|0|0|0|250|1|4000|0|0|0|0|0
S|CLMPP|42479925|-70726436| |TF|0|0|0|0|0|0|0|0|0|0|0|0|0
S|SHAUN|42676178|-70640850| |TF|0|0|0|0|0|0|0|0|0|0|0|0|0
S|LBSTA|42800000|-70613528| |TF|0|0|0|0|0|0|0|0|0|0|0|0|0

P|LBSTA8|15R|LBSTA|0|6
S| |91000000|181000000| |VI|0|15000|0|0|0|210|0|0|0|0|0|0|0
S|TASKT|42321600|-70868483|CON|CF|0|12000|6230|16470|490|0|0|0|0|0|0|0|0
S|BOATT|42342114|-70753797| |TF|0|0|0|0|0|250|1|4000|0|0|0|0|0
S|HEARR|42447022|-70709756| |TF|0|0|0|0|0|0|0|0|0|0|0|0|0
S|SHAUN|42676178|-70640850| |TF|0|0|0|0|0|0|0|0|0|0|0|0|0
S|LBSTA|42800000|-70613528| |TF|0|0|0|0|0|0|0|0|0|0|0|0|0

P|LBSTA8|22L|LBSTA|0|6
S| |91000000|181000000| |VI|0|21500|0|0|0|210|0|0|0|0|0|0|0
S|TJAYY|42310339|-70965892|CON|CF|0|13700|6080|16850|280|210|1|1200|0|0|0|0|0
S|BOATT|42342114|-70753797| |TF|0|0|0|0|0|250|1|4000|0|0|0|0|0
S|HEARR|42447022|-70709756| |TF|0|0|0|0|0|0|0|0|0|0|0|0|0
S|SHAUN|42676178|-70640850| |TF|0|0|0|0|0|0|0|0|0|0|0|0|0
S|LBSTA|42800000|-70613528| |TF|0|0|0|0|0|0|0|0|0|0|0|0|0

P|LBSTA8|22R|LBSTA|0|6
S| |91000000|181000000| |VI|0|21500|0|0|0|210|0|0|0|0|0|0|0
S|TJAYY|42310339|-70965892|CON|CF|0|14200|6080|16850|310|210|1|1200|0|0|0|0|0
S|BOATT|42342114|-70753797| |TF|0|0|0|0|0|250|1|4000|0|0|0|0|0
S|HEARR|42447022|-70709756| |TF|0|0|0|0|0|0|0|0|0|0|0|0|0
S|SHAUN|42676178|-70640850| |TF|0|0|0|0|0|0|0|0|0|0|0|0|0
S|LBSTA|42800000|-70613528| |TF|0|0|0|0|0|0|0|0|0|0|0|0|0

P|LBSTA8|27|LBSTA|0|6
S| |91000000|181000000| |VI|0|27200|0|0|0|0|0|0|0|0|0|0|0
S|KIRAA|42275411|-71128272|CON|CF|0|23700|6000|17560|620|0|0|0|0|0|0|0|0
S|GLOWB|42289397|-71218383| |TF|0|0|0|0|0|250|1|3000|0|0|0|0|0
S|HRALD|42380072|-71257978| |TF|0|0|0|0|0|0|0|0|0|0|0|0|0
S|CAMWI|42511658|-71152661| |TF|0|0|0|0|0|0|1|4000|0|0|0|0|0
S|LBSTA|42800000|-70613528| |TF|0|0|0|0|0|0|0|0|0|0|0|0|0

P|LBSTA8|33L|LBSTA|0|5
S| |91000000|181000000| |VI|0|33000|0|0|0|0|0|0|0|0|0|0|0
S|TEKKK|42412736|-71098636|CON|CF|0|31400|5280|17130|310|0|0|0|0|0|0|0|0
S|MYSTK|42447219|-71117447| |TF|0|0|0|0|0|0|1|3000|0|0|0|0|0
S|CAMWI|42511658|-71152661| |TF|0|0|0|0|0|0|1|4000|0|0|0|0|0
S|LBSTA|42800000|-70613528| |TF|0|0|0|0|0|0|0|0|0|0|0|0|0

P|LOGAN4|04L| |0|3
S| |91000000|181000000| |VA|0|3500|0|0|0|0|1|420|0|0|0|0|0
S| |91000000|181000000|BOS|VD|0|3500|0|0|400|0|0|0|0|0|0|0|0
S| |91000000|181000000| |VM|0|9000|0|0|0|0|0|0|0|0|0|0|0

P|LOGAN4|04R| |0|3
S| |91000000|181000000| |VA|0|3500|0|0|0|0|1|420|0|0|0|0|0
S| |91000000|181000000|BOS|VD|0|3500|0|0|400|0|0|0|0|0|0|0|0
S| |91000000|181000000| |VM|0|9000|0|0|0|0|0|0|0|0|0|0|0

P|LOGAN4|09| |0|2
S| |91000000|181000000| |VA|0|9200|0|0|0|0|1|420|0|0|0|0|0
S| |91000000|181000000| |VM|0|9200|0|0|0|0|0|0|0|0|0|0|0

P|LOGAN4|14| |0|3
S| |91000000|181000000| |VA|0|14100|0|0|0|0|1|420|0|0|0|0|0
S| |91000000|181000000|BOS|VD|0|14100|0|0|100|0|0|0|0|0|0|0|0
S| |91000000|181000000| |VM|0|12000|0|0|0|0|0|0|0|0|0|0|0

P|LOGAN4|15R| |0|3
S| |91000000|181000000| |VA|0|15000|0|0|0|0|1|420|0|0|0|0|0
S| |91000000|181000000|BOS|VD|0|15000|0|0|100|0|0|0|0|0|0|0|0
S| |91000000|181000000| |VM|0|12000|0|0|0|0|0|0|0|0|0|0|0

P|LOGAN4|22L| |0|2
S| |91000000|181000000| |CA|0|21500|0|0|0|0|1|420|0|0|0|0|0
S| |91000000|181000000| |VM|0|14000|0|0|0|0|0|0|0|0|0|0|0

P|LOGAN4|22R| |0|2
S| |91000000|181000000| |CA|0|21500|0|0|0|0|1|420|0|0|0|0|0
S| |91000000|181000000| |VM|0|14000|0|0|0|0|0|0|0|0|0|0|0

P|LOGAN4|27| |0|3
S| |91000000|181000000| |VA|0|27200|0|0|0|0|1|420|0|0|0|0|0
S| |91000000|181000000|BOS|VD|0|27200|0|0|220|0|0|0|0|0|0|0|0
S| |91000000|181000000| |VM|0|23500|0|0|0|0|0|0|0|0|0|0|0

P|LOGAN4|33L| |0|3
S| |91000000|181000000| |VA|0|33000|0|0|0|0|1|420|0|0|0|0|0
S| |91000000|181000000|BOS|VD|0|33000|0|0|200|0|0|0|0|0|0|0|0
S| |91000000|181000000| |VM|0|31600|0|0|0|0|0|0|0|0|0|0|0

P|PATSS7|04R|PATSS|0|8
S| |91000000|181000000| |VA|0|3500|0|0|0|0|1|520|0|0|0|0|0
S|NHANT|42439789|-70966658| |DF|0|0|0|0|0|0|0|0|0|0|0|0|0
S|HURBE|42460761|-70851956| |TF|0|0|0|0|0|0|1|4000|0|0|0|0|0
S|ORRRR|42424578|-70753733| |TF|0|0|0|0|0|0|0|0|0|0|0|0|0
S|CHWDH|42304317|-70729706| |TF|0|0|0|0|0|0|0|0|0|0|0|0|0
S|STEEM|42258333|-70811389| |TF|0|0|0|0|0|0|0|0|0|0|0|0|0
S|DEDHM|42195639|-70949175| |TF|0|0|0|0|0|0|0|0|0|0|0|0|0
S|PATSS|42089072|-71710842| |TF|0|0|0|0|0|0|0|0|0|0|0|0|0

P|PATSS7|09|PATSS|0|7
S| |91000000|181000000| |VA|0|9200|0|0|0|0|1|520|0|0|0|0|0
S|CLAWW|42390481|-70812506| |DF|0|0|0|0|0|250|1|4000|0|0|0|0|0
S|FENWY|42369750|-70718339| |TF|0|0|0|0|0|0|0|0|0|0|0|0|0
S|GLLET|42273347|-70722569| |TF|0|0|0|0|0|0|0|0|0|0|0|0|0
S|WYMTH|42214786|-70822367| |TF|0|0|0|0|0|0|0|0|0|0|0|0|0
S|DEDHM|42195639|-70949175| |TF|0|0|0|0|0|0|0|0|0|0|0|0|0
S|PATSS|42089072|-71710842| |TF|0|0|0|0|0|0|0|0|0|0|0|0|0

P|PATSS7|15R|PATSS|0|7
S| |91000000|181000000| |VI|0|15000|0|0|0|210|0|0|0|0|0|0|0
S|TASKT|42321600|-70868483|CON|CF|0|12000|6230|16470|490|0|0|0|0|0|0|0|0
S|BRRRO|42333550|-70801522| |TF|0|0|0|0|0|250|1|3000|0|0|0|0|0
S|JAITE|42296628|-70709825| |TF|0|0|0|0|0|0|0|0|0|0|0|0|0
S|HEWMO|42187653|-70735036| |TF|0|0|0|0|0|260|1|5000|0|0|0|0|0
S|KENWI|42159692|-70940831| |TF|0|0|0|0|0|0|0|0|0|0|0|0|0
S|PATSS|42089072|-71710842| |TF|0|0|0|0|0|0|0|0|0|0|0|0|0

P|PATSS7|22L|PATSS|0|7
S| |91000000|181000000| |VI|0|21500|0|0|0|0|0|0|0|0|0|0|0
S|TJAYY|42310339|-70965892|CON|CF|0|13700|6120|16840|280|210|1|1200|0|0|0|0|0
S|BRRRO|42333550|-70801522| |TF|0|0|0|0|0|250|1|3000|0|0|0|0|0
S|JAITE|42296628|-70709825| |TF|0|0|0|0|0|0|0|0|0|0|0|0|0
S|HEWMO|42187653|-70735036| |TF|0|0|0|0|0|260|1|5000|0|0|0|0|0
S|KENWI|42159692|-70940831| |TF|0|0|0|0|0|0|0|0|0|0|0|0|0
S|PATSS|42089072|-71710842| |TF|0|0|0|0|0|0|0|0|0|0|0|0|0

P|PATSS7|22R|PATSS|0|7
S| |91000000|181000000| |VI|0|21500|0|0|0|0|0|0|0|0|0|0|0
S|TJAYY|42310339|-70965892|CON|CF|0|14200|6120|16840|310|210|1|1200|0|0|0|0|0
S|BRRRO|42333550|-70801522| |TF|0|0|0|0|0|250|1|3000|0|0|0|0|0
S|JAITE|42296628|-70709825| |TF|0|0|0|0|0|0|0|0|0|0|0|0|0
S|HEWMO|42187653|-70735036| |TF|0|0|0|0|0|260|1|5000|0|0|0|0|0
S|KENWI|42159692|-70940831| |TF|0|0|0|0|0|0|0|0|0|0|0|0|0
S|PATSS|42089072|-71710842| |TF|0|0|0|0|0|0|0|0|0|0|0|0|0

P|PATSS7|27|PATSS|0|3
S| |91000000|181000000| |VI|0|27200|0|0|0|0|0|0|0|0|0|0|0
S|KIRAA|42275411|-71128272|CON|CF|0|23700|6000|17560|620|0|0|0|0|0|0|0|0
S|PATSS|42089072|-71710842| |TF|0|0|0|0|0|0|0|0|0|0|0|0|0

P|PATSS7|33L|PATSS|0|4
S| |91000000|181000000| |VI|0|33000|0|0|0|0|0|0|0|0|0|0|0
S|TEKKK|42412736|-71098636|CON|CF|0|31400|5280|17130|330|0|0|0|0|0|0|0|0
S|COUSY|42354978|-71208806| |TF|0|0|0|0|0|0|1|5000|0|0|0|0|0
S|PATSS|42089072|-71710842| |TF|0|0|0|0|0|0|0|0|0|0|0|0|0

P|REVSS6|04R|REVSS|0|8
S| |91000000|181000000| |VA|0|3500|0|0|0|0|1|520|0|0|0|0|0
S|NHANT|42439789|-70966658| |DF|0|0|0|0|0|0|0|0|0|0|0|0|0
S|HURBE|42460761|-70851956| |TF|0|0|0|0|0|0|1|4000|0|0|0|0|0
S|ORRRR|42424578|-70753733| |TF|0|0|0|0|0|0|0|0|0|0|0|0|0
S|CHWDH|42304317|-70729706| |TF|0|0|0|0|0|0|0|0|0|0|0|0|0
S|STEEM|42258333|-70811389| |TF|0|0|0|0|0|0|0|0|0|0|0|0|0
S|DEDHM|42195639|-70949175| |TF|0|0|0|0|0|0|0|0|0|0|0|0|0
S|REVSS|42345436|-71810297| |TF|0|0|0|0|0|0|0|0|0|0|0|0|0

P|REVSS6|09|REVSS|0|7
S| |91000000|181000000| |VA|0|9200|0|0|0|0|1|520|0|0|0|0|0
S|CLAWW|42390481|-70812506| |DF|0|0|0|0|0|250|1|4000|0|0|0|0|0
S|FENWY|42369750|-70718339| |TF|0|0|0|0|0|0|0|0|0|0|0|0|0
S|GLLET|42273347|-70722569| |TF|0|0|0|0|0|0|0|0|0|0|0|0|0
S|WYMTH|42214786|-70822367| |TF|0|0|0|0|0|0|0|0|0|0|0|0|0
S|DEDHM|42195639|-70949175| |TF|0|0|0|0|0|0|0|0|0|0|0|0|0
S|REVSS|42345436|-71810297| |TF|0|0|0|0|0|0|0|0|0|0|0|0|0

P|REVSS6|15R|REVSS|0|7
S| |91000000|181000000| |VI|0|15000|0|0|0|210|0|0|0|0|0|0|0
S|TASKT|42321600|-70868483|CON|CF|0|12000|6230|16470|490|0|0|0|0|0|0|0|0
S|BRRRO|42333550|-70801522| |TF|0|0|0|0|0|250|1|3000|0|0|0|0|0
S|JAITE|42296628|-70709825| |TF|0|0|0|0|0|0|0|0|0|0|0|0|0
S|HEWMO|42187653|-70735036| |TF|0|0|0|0|0|260|1|5000|0|0|0|0|0
S|KENWI|42159692|-70940831| |TF|0|0|0|0|0|0|0|0|0|0|0|0|0
S|REVSS|42345436|-71810297| |TF|0|0|0|0|0|0|0|0|0|0|0|0|0

P|REVSS6|22L|REVSS|0|7
S| |91000000|181000000| |VI|0|21500|0|0|0|0|0|0|0|0|0|0|0
S|TJAYY|42310339|-70965892|CON|CF|0|13700|6120|16840|280|210|1|1200|0|0|0|0|0
S|BRRRO|42333550|-70801522| |TF|0|0|0|0|0|250|1|3000|0|0|0|0|0
S|JAITE|42296628|-70709825| |TF|0|0|0|0|0|0|0|0|0|0|0|0|0
S|HEWMO|42187653|-70735036| |TF|0|0|0|0|0|260|1|5000|0|0|0|0|0
S|KENWI|42159692|-70940831| |TF|0|0|0|0|0|0|0|0|0|0|0|0|0
S|REVSS|42345436|-71810297| |TF|0|0|0|0|0|0|0|0|0|0|0|0|0

P|REVSS6|22R|REVSS|0|7
S| |91000000|181000000| |VI|0|21500|0|0|0|0|0|0|0|0|0|0|0
S|TJAYY|42310339|-70965892|CON|CF|0|14200|6120|16840|310|210|1|1200|0|0|0|0|0
S|BRRRO|42333550|-70801522| |TF|0|0|0|0|0|250|1|3000|0|0|0|0|0
S|JAITE|42296628|-70709825| |TF|0|0|0|0|0|0|0|0|0|0|0|0|0
S|HEWMO|42187653|-70735036| |TF|0|0|0|0|0|260|1|5000|0|0|0|0|0
S|KENWI|42159692|-70940831| |TF|0|0|0|0|0|0|0|0|0|0|0|0|0
S|REVSS|42345436|-71810297| |TF|0|0|0|0|0|0|0|0|0|0|0|0|0

P|REVSS6|27|REVSS|0|4
S| |91000000|181000000| |VI|0|27200|0|0|0|0|0|0|0|0|0|0|0
S|KIRAA|42275411|-71128272|CON|CF|0|23700|6000|17560|570|0|0|0|0|0|0|0|0
S|GLOWB|42289397|-71218383| |TF|0|0|0|0|0|250|1|3000|0|0|0|0|0
S|REVSS|42345436|-71810297| |TF|0|0|0|0|0|0|0|0|0|0|0|0|0

P|REVSS6|33L|REVSS|0|4
S| |91000000|181000000| |VI|0|33000|0|0|0|0|0|0|0|0|0|0|0
S|TEKKK|42412736|-71098636|CON|CF|0|31400|5280|17130|330|0|0|0|0|0|0|0|0
S|DUBYU|42395708|-71345706| |TF|0|0|0|0|0|0|0|0|0|0|0|0|0
S|REVSS|42345436|-71810297| |TF|0|0|0|0|0|0|0|0|0|0|0|0|0

P|SSOXS7|04R|SSOXS|0|7
S| |91000000|181000000| |VA|0|3500|0|0|0|0|1|520|0|0|0|0|0
S|NHANT|42439789|-70966658| |DF|0|0|0|0|0|0|0|0|0|0|0|0|0
S|HURBE|42460761|-70851956| |TF|0|0|0|0|0|0|1|4000|0|0|0|0|0
S|ORRRR|42424578|-70753733| |TF|0|0|0|0|0|0|0|0|0|0|0|0|0
S|BUCYK|42293364|-70683756| |TF|0|0|0|0|0|0|0|0|0|0|0|0|0
S|JSTER|42139397|-70613189| |TF|0|0|0|0|0|0|0|0|0|0|0|0|0
S|SSOXS|41836839|-70746183| |TF|0|0|0|0|0|0|0|0|0|0|0|0|0

P|SSOXS7|09|SSOXS|0|6
S| |91000000|181000000| |VA|0|9200|0|0|0|0|1|520|0|0|0|0|0
S|CLAWW|42390481|-70812506| |DF|0|0|0|0|0|250|1|4000|0|0|0|0|0
S|FENWY|42369750|-70718339| |TF|0|0|0|0|0|0|0|0|0|0|0|0|0
S|BUCYK|42293364|-70683756| |TF|0|0|0|0|0|0|0|0|0|0|0|0|0
S|JSTER|42139397|-70613189| |TF|0|0|0|0|0|0|0|0|0|0|0|0|0
S|SSOXS|41836839|-70746183| |TF|0|0|0|0|0|0|0|0|0|0|0|0|0

P|SSOXS7|15R|SSOXS|0|6
S| |91000000|181000000| |VI|0|15000|0|0|0|210|0|0|0|0|0|0|0
S|TASKT|42321600|-70868483|CON|CF|0|12000|6230|16470|490|0|0|0|0|0|0|0|0
S|BRRRO|42333550|-70801522| |TF|0|0|0|0|0|250|1|3000|0|0|0|0|0
S|BUCYK|42293364|-70683756| |TF|0|0|0|0|0|0|0|0|0|0|0|0|0
S|JSTER|42139397|-70613189| |TF|0|0|0|0|0|0|0|0|0|0|0|0|0
S|SSOXS|41836839|-70746183| |TF|0|0|0|0|0|0|0|0|0|0|0|0|0

P|SSOXS7|22L|SSOXS|0|6
S| |91000000|181000000| |VI|0|21500|0|0|0|210|0|0|0|0|0|0|0
S|TJAYY|42310339|-70965892|CON|CF|0|13700|6080|16850|280|210|1|1200|0|0|0|0|0
S|BRRRO|42333550|-70801522| |TF|0|0|0|0|0|250|1|3000|0|0|0|0|0
S|BUCYK|42293364|-70683756| |TF|0|0|0|0|0|0|0|0|0|0|0|0|0
S|JSTER|42139397|-70613189| |TF|0|0|0|0|0|0|0|0|0|0|0|0|0
S|SSOXS|41836839|-70746183| |TF|0|0|0|0|0|0|0|0|0|0|0|0|0

P|SSOXS7|22R|SSOXS|0|6
S| |91000000|181000000| |VI|0|21500|0|0|0|210|0|0|0|0|0|0|0
S|TJAYY|42310339|-70965892|CON|CF|0|14200|6080|16850|310|210|1|1200|0|0|0|0|0
S|BRRRO|42333550|-70801522| |TF|0|0|0|0|0|250|1|3000|0|0|0|0|0
S|BUCYK|42293364|-70683756| |TF|0|0|0|0|0|0|0|0|0|0|0|0|0
S|JSTER|42139397|-70613189| |TF|0|0|0|0|0|0|0|0|0|0|0|0|0
S|SSOXS|41836839|-70746183| |TF|0|0|0|0|0|0|0|0|0|0|0|0|0

P|SSOXS7|27|SSOXS|0|4
S| |91000000|181000000| |VI|0|27200|0|0|0|0|0|0|0|0|0|0|0
S|KIRAA|42275411|-71128272|CON|CF|0|23700|6000|17560|620|0|0|0|0|0|0|0|0
S|COLYN|42152683|-71040108| |TF|0|0|0|0|0|0|0|0|0|0|0|0|0
S|SSOXS|41836839|-70746183| |TF|0|0|0|0|0|0|0|0|0|0|0|0|0

P|SSOXS7|33L|SSOXS|0|6
S| |91000000|181000000| |VI|0|33000|0|0|0|0|0|0|0|0|0|0|0
S|TEKKK|42412736|-71098636|CON|CF|0|31400|5280|17130|330|0|0|0|0|0|0|0|0
S|COUSY|42354978|-71208806| |TF|0|0|0|0|0|0|1|5000|0|0|0|0|0
S|CBEAR|42255539|-71160081| |TF|0|0|0|0|0|0|0|0|0|0|0|0|0
S|COLYN|42152683|-71040108| |TF|0|0|0|0|0|0|0|0|0|0|0|0|0
S|SSOXS|41836839|-70746183| |TF|0|0|0|0|0|0|0|0|0|0|0|0|0

P|WYLYY5|27|CYOTI|0|3
S| |91000000|181000000| |VI|0|27200|0|0|0|0|0|0|0|0|0|0|0
S|WYLYY|42300822|-71100667|CON|CF|0|23400|5900|17400|380|0|1|2300|0|0|0|0|0
S|CYOTI|42156619|-71257097| |TF|0|0|0|0|0|0|0|0|0|0|0|0|0

