P|BTV1|01| |0|2
S| |91000000|181000000| |VA|0|600|0|0|0|0|1|740|0|0|0|0|0
S| |91000000|181000000| |VM|0|600|0|0|0|0|0|0|0|0|0|0|0

P|BTV1|15| |0|2
S| |91000000|181000000| |VA|0|14600|0|0|0|0|1|740|0|0|0|0|0
S| |91000000|181000000| |VM|0|14600|0|0|0|0|0|0|0|0|0|0|0

P|BTV1|19| |0|2
S| |91000000|181000000| |VA|0|18600|0|0|0|0|1|740|0|0|0|0|0
S| |91000000|181000000| |VM|0|18600|0|0|0|0|0|0|0|0|0|0|0

P|BTV1|33| |0|2
S| |91000000|181000000| |VA|0|32600|0|0|0|0|1|740|0|0|0|0|0
S| |91000000|181000000| |VM|0|32600|0|0|0|0|0|0|0|0|0|0|0

