P|CBM4|13C|COSOB|0|2
S| |91000000|181000000| |VA|0|13500|0|0|0|0|1|620|0|0|0|0|0
S|COSOB|33599331|-88393172|CBM|CF|0|13800|340|13800|300|0|0|0|0|0|0|0|0

P|CBM4|13L|MENEE|0|2
S| |91000000|181000000| |VA|0|13500|0|0|0|0|1|620|0|0|0|0|0
S|MENEE|33603536|-88388153|CBM|CF|0|13200|340|13200|300|0|0|0|0|0|0|0|0

P|CBM4|31C|FILAM|0|2
S| |91000000|181000000| |VA|0|31500|0|0|0|0|1|620|0|0|0|0|0
S|FILAM|33679531|-88489056|CBM|CF|0|31200|340|31200|300|0|0|0|0|0|0|0|0

P|CBM4|31R|JANHO|0|2
S| |91000000|181000000| |VA|0|31500|0|0|0|0|1|620|0|0|0|0|0
S|JANHO|33683714|-88484011|CBM|CF|0|31800|340|31800|300|0|0|0|0|0|0|0|0

