P|NICQE1|04|CRANY|0|4
S| |91000000|181000000| |VA|0|4100|0|0|0|0|1|5602|0|0|0|0|0
S|NICQE|44318764|-108788769| |DF|2|0|0|0|0|250|1|8800|0|0|0|0|0
S|NICQE|44318764|-108788769| |IF|0|0|0|0|0|250|1|8800|0|0|0|0|0
S|CRANY|44262678|-108407631| |TF|0|0|0|0|0|0|0|0|0|0|0|0|0

P|NICQE1|04|NEEDS|0|6
S| |91000000|181000000| |VA|0|4100|0|0|0|0|1|5602|0|0|0|0|0
S|NICQE|44318764|-108788769| |DF|2|0|0|0|0|250|1|8800|0|0|0|0|0
S|NICQE|44318764|-108788769| |IF|0|0|0|0|0|250|1|8800|0|0|0|0|0
S|BUCKS|43665867|-108870022| |TF|0|0|0|0|0|0|0|0|0|0|0|0|0
S|HIZER|43484694|-109169328| |TF|0|0|0|0|0|0|0|0|0|0|0|0|0
S|NEEDS|43531769|-109590328| |TF|0|0|0|0|0|0|0|0|0|0|0|0|0

P|NICQE1|04|ZURNA|0|4
S| |91000000|181000000| |VA|0|4100|0|0|0|0|1|5602|0|0|0|0|0
S|NICQE|44318764|-108788769| |DF|2|0|0|0|0|250|1|8800|0|0|0|0|0
S|NICQE|44318764|-108788769| |IF|0|0|0|0|0|250|1|8800|0|0|0|0|0
S|ZURNA|43681581|-108148414| |TF|0|0|0|0|0|0|0|0|0|0|0|0|0

P|NICQE1|22|CRANY|0|4
S| |91000000|181000000| |VA|0|22100|0|0|0|0|1|5602|0|0|0|0|0
S|NICQE|44318764|-108788769| |DF|1|0|0|0|0|250|1|8800|0|0|0|0|0
S|NICQE|44318764|-108788769| |IF|0|0|0|0|0|250|1|8800|0|0|0|0|0
S|CRANY|44262678|-108407631| |TF|0|0|0|0|0|0|0|0|0|0|0|0|0

P|NICQE1|22|NEEDS|0|6
S| |91000000|181000000| |VA|0|22100|0|0|0|0|1|5602|0|0|0|0|0
S|NICQE|44318764|-108788769| |DF|1|0|0|0|0|250|1|8800|0|0|0|0|0
S|NICQE|44318764|-108788769| |IF|0|0|0|0|0|250|1|8800|0|0|0|0|0
S|BUCKS|43665867|-108870022| |TF|0|0|0|0|0|0|0|0|0|0|0|0|0
S|HIZER|43484694|-109169328| |TF|0|0|0|0|0|0|0|0|0|0|0|0|0
S|NEEDS|43531769|-109590328| |TF|0|0|0|0|0|0|0|0|0|0|0|0|0

P|NICQE1|22|ZURNA|0|4
S| |91000000|181000000| |VA|0|22100|0|0|0|0|1|5602|0|0|0|0|0
S|NICQE|44318764|-108788769| |DF|1|0|0|0|0|250|1|8800|0|0|0|0|0
S|NICQE|44318764|-108788769| |IF|0|0|0|0|0|250|1|8800|0|0|0|0|0
S|ZURNA|43681581|-108148414| |TF|0|0|0|0|0|0|0|0|0|0|0|0|0

