P|ROYES7|07L|CRG|0|6
S| |91000000|181000000| |VA|0|7000|0|0|0|0|1|4000|0|0|0|0|0
S| |91000000|181000000| |VM|0|7000|0|0|0|0|0|0|0|0|0|0|0
S|BARBS|29307456|-81408756|CRG|CF|0|35800|6200|17810|3000|0|0|0|0|0|0|0|0
S|BARBS|29307456|-81408756| |IF|0|0|0|0|0|0|0|0|0|0|0|0|0
S|ROYES|29540558|-81431350| |TF|0|0|0|0|0|0|0|0|0|0|0|0|0
S|CRG|30338881|-81509928| |TF|0|0|0|0|0|0|0|0|0|0|0|0|0

P|ROYES7|07R|CRG|0|6
S| |91000000|181000000| |VA|0|7000|0|0|0|0|1|4000|0|0|0|0|0
S| |91000000|181000000| |VM|0|7000|0|0|0|0|0|0|0|0|0|0|0
S|BARBS|29307456|-81408756|CRG|CF|0|35800|6200|17810|3000|0|0|0|0|0|0|0|0
S|BARBS|29307456|-81408756| |IF|0|0|0|0|0|0|0|0|0|0|0|0|0
S|ROYES|29540558|-81431350| |TF|0|0|0|0|0|0|0|0|0|0|0|0|0
S|CRG|30338881|-81509928| |TF|0|0|0|0|0|0|0|0|0|0|0|0|0

P|ROYES7|16|CRG|0|6
S| |91000000|181000000| |VA|0|16200|0|0|0|0|1|4000|0|0|0|0|0
S| |91000000|181000000| |VM|0|16200|0|0|0|0|0|0|0|0|0|0|0
S|BARBS|29307456|-81408756|CRG|CF|0|35800|6200|17810|3000|0|0|0|0|0|0|0|0
S|BARBS|29307456|-81408756| |IF|0|0|0|0|0|0|0|0|0|0|0|0|0
S|ROYES|29540558|-81431350| |TF|0|0|0|0|0|0|0|0|0|0|0|0|0
S|CRG|30338881|-81509928| |TF|0|0|0|0|0|0|0|0|0|0|0|0|0

P|ROYES7|25L|CRG|0|6
S| |91000000|181000000| |VA|0|25000|0|0|0|0|1|4000|0|0|0|0|0
S| |91000000|181000000| |VM|0|25000|0|0|0|0|0|0|0|0|0|0|0
S|BARBS|29307456|-81408756|CRG|CF|0|35800|6200|17810|3000|0|0|0|0|0|0|0|0
S|BARBS|29307456|-81408756| |IF|0|0|0|0|0|0|0|0|0|0|0|0|0
S|ROYES|29540558|-81431350| |TF|0|0|0|0|0|0|0|0|0|0|0|0|0
S|CRG|30338881|-81509928| |TF|0|0|0|0|0|0|0|0|0|0|0|0|0

P|ROYES7|25R|CRG|0|6
S| |91000000|181000000| |VA|0|25000|0|0|0|0|1|4000|0|0|0|0|0
S| |91000000|181000000| |VM|0|25000|0|0|0|0|0|0|0|0|0|0|0
S|BARBS|29307456|-81408756|CRG|CF|0|35800|6200|17810|3000|0|0|0|0|0|0|0|0
S|BARBS|29307456|-81408756| |IF|0|0|0|0|0|0|0|0|0|0|0|0|0
S|ROYES|29540558|-81431350| |TF|0|0|0|0|0|0|0|0|0|0|0|0|0
S|CRG|30338881|-81509928| |TF|0|0|0|0|0|0|0|0|0|0|0|0|0

P|ROYES7|34|CRG|0|6
S| |91000000|181000000| |VA|0|34200|0|0|0|0|1|4000|0|0|0|0|0
S| |91000000|181000000| |VM|0|34200|0|0|0|0|0|0|0|0|0|0|0
S|BARBS|29307456|-81408756|CRG|CF|0|35800|6200|17810|3000|0|0|0|0|0|0|0|0
S|BARBS|29307456|-81408756| |IF|0|0|0|0|0|0|0|0|0|0|0|0|0
S|ROYES|29540558|-81431350| |TF|0|0|0|0|0|0|0|0|0|0|0|0|0
S|CRG|30338881|-81509928| |TF|0|0|0|0|0|0|0|0|0|0|0|0|0

