P|AEX3|ALL|CEW|0|9
S|RAECN|30084589|-95249106| |IF|0|0|0|0|0|0|0|0|0|0|0|0|0
S|DARTR|30403122|-95006756| |TF|0|0|0|0|0|0|0|0|0|0|0|0|0
S|MUSIQ|30552789|-94892206| |TF|0|0|0|0|0|0|0|0|0|0|0|0|0
S|VELCO|31177767|-94409156| |TF|0|0|0|0|0|0|1|10000|0|0|0|0|0
S|COSGO|31220933|-93452597| |TF|0|0|0|0|0|0|0|0|0|0|0|0|0
S|AEX|31256731|-92500972| |TF|0|0|0|0|0|0|0|0|0|0|0|0|0
S|AEX|31256731|-92500972| |IF|0|0|0|0|0|0|0|0|0|0|0|0|0
S|MCB|31304453|-90258203| |TF|0|0|0|0|0|0|0|0|0|0|0|0|0
S|CEW|30826175|-86679144| |TF|0|0|0|0|0|0|0|0|0|0|0|0|0

P|AEX3|ALL|MCB|0|8
S|RAECN|30084589|-95249106| |IF|0|0|0|0|0|0|0|0|0|0|0|0|0
S|DARTR|30403122|-95006756| |TF|0|0|0|0|0|0|0|0|0|0|0|0|0
S|MUSIQ|30552789|-94892206| |TF|0|0|0|0|0|0|0|0|0|0|0|0|0
S|VELCO|31177767|-94409156| |TF|0|0|0|0|0|0|1|10000|0|0|0|0|0
S|COSGO|31220933|-93452597| |TF|0|0|0|0|0|0|0|0|0|0|0|0|0
S|AEX|31256731|-92500972| |TF|0|0|0|0|0|0|0|0|0|0|0|0|0
S|AEX|31256731|-92500972| |IF|0|0|0|0|0|0|0|0|0|0|0|0|0
S|MCB|31304453|-90258203| |TF|0|0|0|0|0|0|0|0|0|0|0|0|0

P|BLTWY7|17R|CRIED|0|8
S| |91000000|181000000| |VA|0|16800|0|0|0|0|1|660|0|0|0|0|0
S| |91000000|181000000| |VM|0|16800|0|0|0|0|0|0|0|0|0|0|0
S|DREMR|30301311|-95418683| |DF|0|0|0|0|0|0|0|0|0|0|0|0|0
S|DREMR|30301311|-95418683| |IF|0|0|0|0|0|0|0|0|0|0|0|0|0
S|LITLD|30504817|-95468378| |TF|0|0|0|0|0|0|0|0|0|0|0|0|0
S|BLTWY|30605656|-95491106| |TF|0|0|0|0|0|0|0|0|0|0|0|0|0
S|BLTWY|30605656|-95491106| |IF|0|0|0|0|0|0|0|0|0|0|0|0|0
S|CRIED|31353967|-95661414| |TF|0|0|0|0|0|0|0|0|0|0|0|0|0

P|BLTWY7|35L|CRIED|0|8
S| |91000000|181000000| |VA|0|34800|0|0|0|0|1|660|0|0|0|0|0
S| |91000000|181000000| |VM|0|34800|0|0|0|0|0|0|0|0|0|0|0
S|DREMR|30301311|-95418683| |DF|0|0|0|0|0|0|0|0|0|0|0|0|0
S|DREMR|30301311|-95418683| |IF|0|0|0|0|0|0|0|0|0|0|0|0|0
S|LITLD|30504817|-95468378| |TF|0|0|0|0|0|0|0|0|0|0|0|0|0
S|BLTWY|30605656|-95491106| |TF|0|0|0|0|0|0|0|0|0|0|0|0|0
S|BLTWY|30605656|-95491106| |IF|0|0|0|0|0|0|0|0|0|0|0|0|0
S|CRIED|31353967|-95661414| |TF|0|0|0|0|0|0|0|0|0|0|0|0|0

P|BORRN6|17R|CRGER|0|10
S| |91000000|181000000| |VA|0|16800|0|0|0|0|1|660|0|0|0|0|0
S| |91000000|181000000| |VM|0|16800|0|0|0|0|0|0|0|0|0|0|0
S|BORRN|29901492|-95757833| |DF|0|0|0|0|0|0|0|0|0|0|0|0|0
S|BORRN|29901492|-95757833| |IF|0|0|0|0|0|0|0|0|0|0|0|0|0
S|DILRE|29906656|-95899411| |TF|0|0|0|0|0|0|0|0|0|0|0|0|0
S|DILRE|29906656|-95899411| |IF|0|0|0|0|0|0|0|0|0|0|0|0|0
S|ZUUUU|30097894|-96239300| |TF|0|0|0|0|0|0|0|0|0|0|0|0|0
S|PUFER|30224022|-97075581| |TF|0|0|0|0|0|0|0|0|0|0|0|0|0
S|PSTUR|30319758|-97726442| |TF|0|0|0|0|0|0|0|0|0|0|0|0|0
S|CRGER|30449200|-98342850| |TF|0|0|0|0|0|0|0|0|0|0|0|0|0

P|BORRN6|17R|JCT|0|11
S| |91000000|181000000| |VA|0|16800|0|0|0|0|1|660|0|0|0|0|0
S| |91000000|181000000| |VM|0|16800|0|0|0|0|0|0|0|0|0|0|0
S|BORRN|29901492|-95757833| |DF|0|0|0|0|0|0|0|0|0|0|0|0|0
S|BORRN|29901492|-95757833| |IF|0|0|0|0|0|0|0|0|0|0|0|0|0
S|DILRE|29906656|-95899411| |TF|0|0|0|0|0|0|0|0|0|0|0|0|0
S|DILRE|29906656|-95899411| |IF|0|0|0|0|0|0|0|0|0|0|0|0|0
S|BOCCK|29936739|-96207589| |TF|0|0|0|0|0|0|0|0|0|0|0|0|0
S|MNURE|29993022|-96566067| |TF|0|0|0|0|0|0|0|0|0|0|0|0|0
S|HAYYY|30169489|-97746258| |TF|0|0|0|0|0|0|0|0|0|0|0|0|0
S|FOWLR|30296511|-98366311| |TF|0|0|0|0|0|0|0|0|0|0|0|0|0
S|JCT|30598022|-99817481| |TF|0|0|0|0|0|0|0|0|0|0|0|0|0

P|BORRN6|17R|MNURE|0|8
S| |91000000|181000000| |VA|0|16800|0|0|0|0|1|660|0|0|0|0|0
S| |91000000|181000000| |VM|0|16800|0|0|0|0|0|0|0|0|0|0|0
S|BORRN|29901492|-95757833| |DF|0|0|0|0|0|0|0|0|0|0|0|0|0
S|BORRN|29901492|-95757833| |IF|0|0|0|0|0|0|0|0|0|0|0|0|0
S|DILRE|29906656|-95899411| |TF|0|0|0|0|0|0|0|0|0|0|0|0|0
S|DILRE|29906656|-95899411| |IF|0|0|0|0|0|0|0|0|0|0|0|0|0
S|BOCCK|29936739|-96207589| |TF|0|0|0|0|0|0|0|0|0|0|0|0|0
S|MNURE|29993022|-96566067| |TF|0|0|0|0|0|0|0|0|0|0|0|0|0

P|BORRN6|17R|SAT|0|10
S| |91000000|181000000| |VA|0|16800|0|0|0|0|1|660|0|0|0|0|0
S| |91000000|181000000| |VM|0|16800|0|0|0|0|0|0|0|0|0|0|0
S|BORRN|29901492|-95757833| |DF|0|0|0|0|0|0|0|0|0|0|0|0|0
S|BORRN|29901492|-95757833| |IF|0|0|0|0|0|0|0|0|0|0|0|0|0
S|DILRE|29906656|-95899411| |TF|0|0|0|0|0|0|0|0|0|0|0|0|0
S|DILRE|29906656|-95899411| |IF|0|0|0|0|0|0|0|0|0|0|0|0|0
S|BOCCK|29936739|-96207589| |TF|0|0|0|0|0|0|0|0|0|0|0|0|0
S|MNURE|29993022|-96566067| |TF|0|0|0|0|0|0|0|0|0|0|0|0|0
S|MARCS|29897789|-97861306| |TF|0|0|0|0|0|0|0|0|0|0|0|0|0
S|SAT|29644031|-98461317| |TF|0|0|0|0|0|0|0|0|0|0|0|0|0

P|BORRN6|17R|WAILN|0|8
S| |91000000|181000000| |VA|0|16800|0|0|0|0|1|660|0|0|0|0|0
S| |91000000|181000000| |VM|0|16800|0|0|0|0|0|0|0|0|0|0|0
S|BORRN|29901492|-95757833| |DF|0|0|0|0|0|0|0|0|0|0|0|0|0
S|BORRN|29901492|-95757833| |IF|0|0|0|0|0|0|0|0|0|0|0|0|0
S|DILRE|29906656|-95899411| |TF|0|0|0|0|0|0|0|0|0|0|0|0|0
S|DILRE|29906656|-95899411| |IF|0|0|0|0|0|0|0|0|0|0|0|0|0
S|WEEED|29779206|-96181928| |TF|0|0|0|0|0|0|0|0|0|0|0|0|0
S|WAILN|29808231|-96571422| |TF|0|0|0|0|0|0|0|0|0|0|0|0|0

P|BORRN6|35L|CRGER|0|10
S| |91000000|181000000| |VA|0|34800|0|0|0|0|1|660|0|0|0|0|0
S| |91000000|181000000| |VM|0|34800|0|0|0|0|0|0|0|0|0|0|0
S|BORRN|29901492|-95757833| |DF|0|0|0|0|0|0|0|0|0|0|0|0|0
S|BORRN|29901492|-95757833| |IF|0|0|0|0|0|0|0|0|0|0|0|0|0
S|DILRE|29906656|-95899411| |TF|0|0|0|0|0|0|0|0|0|0|0|0|0
S|DILRE|29906656|-95899411| |IF|0|0|0|0|0|0|0|0|0|0|0|0|0
S|ZUUUU|30097894|-96239300| |TF|0|0|0|0|0|0|0|0|0|0|0|0|0
S|PUFER|30224022|-97075581| |TF|0|0|0|0|0|0|0|0|0|0|0|0|0
S|PSTUR|30319758|-97726442| |TF|0|0|0|0|0|0|0|0|0|0|0|0|0
S|CRGER|30449200|-98342850| |TF|0|0|0|0|0|0|0|0|0|0|0|0|0

P|BORRN6|35L|JCT|0|11
S| |91000000|181000000| |VA|0|34800|0|0|0|0|1|660|0|0|0|0|0
S| |91000000|181000000| |VM|0|34800|0|0|0|0|0|0|0|0|0|0|0
S|BORRN|29901492|-95757833| |DF|0|0|0|0|0|0|0|0|0|0|0|0|0
S|BORRN|29901492|-95757833| |IF|0|0|0|0|0|0|0|0|0|0|0|0|0
S|DILRE|29906656|-95899411| |TF|0|0|0|0|0|0|0|0|0|0|0|0|0
S|DILRE|29906656|-95899411| |IF|0|0|0|0|0|0|0|0|0|0|0|0|0
S|BOCCK|29936739|-96207589| |TF|0|0|0|0|0|0|0|0|0|0|0|0|0
S|MNURE|29993022|-96566067| |TF|0|0|0|0|0|0|0|0|0|0|0|0|0
S|HAYYY|30169489|-97746258| |TF|0|0|0|0|0|0|0|0|0|0|0|0|0
S|FOWLR|30296511|-98366311| |TF|0|0|0|0|0|0|0|0|0|0|0|0|0
S|JCT|30598022|-99817481| |TF|0|0|0|0|0|0|0|0|0|0|0|0|0

P|BORRN6|35L|MNURE|0|8
S| |91000000|181000000| |VA|0|34800|0|0|0|0|1|660|0|0|0|0|0
S| |91000000|181000000| |VM|0|34800|0|0|0|0|0|0|0|0|0|0|0
S|BORRN|29901492|-95757833| |DF|0|0|0|0|0|0|0|0|0|0|0|0|0
S|BORRN|29901492|-95757833| |IF|0|0|0|0|0|0|0|0|0|0|0|0|0
S|DILRE|29906656|-95899411| |TF|0|0|0|0|0|0|0|0|0|0|0|0|0
S|DILRE|29906656|-95899411| |IF|0|0|0|0|0|0|0|0|0|0|0|0|0
S|BOCCK|29936739|-96207589| |TF|0|0|0|0|0|0|0|0|0|0|0|0|0
S|MNURE|29993022|-96566067| |TF|0|0|0|0|0|0|0|0|0|0|0|0|0

P|BORRN6|35L|SAT|0|10
S| |91000000|181000000| |VA|0|34800|0|0|0|0|1|660|0|0|0|0|0
S| |91000000|181000000| |VM|0|34800|0|0|0|0|0|0|0|0|0|0|0
S|BORRN|29901492|-95757833| |DF|0|0|0|0|0|0|0|0|0|0|0|0|0
S|BORRN|29901492|-95757833| |IF|0|0|0|0|0|0|0|0|0|0|0|0|0
S|DILRE|29906656|-95899411| |TF|0|0|0|0|0|0|0|0|0|0|0|0|0
S|DILRE|29906656|-95899411| |IF|0|0|0|0|0|0|0|0|0|0|0|0|0
S|BOCCK|29936739|-96207589| |TF|0|0|0|0|0|0|0|0|0|0|0|0|0
S|MNURE|29993022|-96566067| |TF|0|0|0|0|0|0|0|0|0|0|0|0|0
S|MARCS|29897789|-97861306| |TF|0|0|0|0|0|0|0|0|0|0|0|0|0
S|SAT|29644031|-98461317| |TF|0|0|0|0|0|0|0|0|0|0|0|0|0

P|BORRN6|35L|WAILN|0|8
S| |91000000|181000000| |VA|0|34800|0|0|0|0|1|660|0|0|0|0|0
S| |91000000|181000000| |VM|0|34800|0|0|0|0|0|0|0|0|0|0|0
S|BORRN|29901492|-95757833| |DF|0|0|0|0|0|0|0|0|0|0|0|0|0
S|BORRN|29901492|-95757833| |IF|0|0|0|0|0|0|0|0|0|0|0|0|0
S|DILRE|29906656|-95899411| |TF|0|0|0|0|0|0|0|0|0|0|0|0|0
S|DILRE|29906656|-95899411| |IF|0|0|0|0|0|0|0|0|0|0|0|0|0
S|WEEED|29779206|-96181928| |TF|0|0|0|0|0|0|0|0|0|0|0|0|0
S|WAILN|29808231|-96571422| |TF|0|0|0|0|0|0|0|0|0|0|0|0|0

P|CRIED1|ALL|CQY|0|5
S|LITLD|30504817|-95468378| |IF|0|0|0|0|0|0|0|0|0|0|0|0|0
S|BLTWY|30605656|-95491106| |TF|0|0|0|0|0|0|0|0|0|0|0|0|0
S|STELL|30840139|-95544156| |TF|0|0|0|0|0|0|0|0|0|0|0|0|0
S|CRIED|31353967|-95661414| |TF|0|0|0|0|0|0|0|0|0|0|0|0|0
S|CQY|32185722|-96218103| |TF|0|0|0|0|0|0|0|0|0|0|0|0|0

P|ELD1|ALL|ELD|0|6
S|RAECN|30084589|-95249106| |IF|0|0|0|0|0|0|0|0|0|0|0|0|0
S|DARTR|30403122|-95006756| |TF|0|0|0|0|0|0|0|0|0|0|0|0|0
S|MUSIQ|30552789|-94892206| |TF|0|0|0|0|0|0|0|0|0|0|0|0|0
S|VELCO|31177767|-94409156| |TF|0|0|0|0|0|0|1|10000|0|0|0|0|0
S|ENJOY|31278789|-94330342| |TF|0|0|0|0|0|0|0|0|0|0|0|0|0
S|ELD|33256153|-92743947| |TF|0|0|0|0|0|0|0|0|0|0|0|0|0

P|GIFFA1|ALL|GIFFA|0|3
S|MONNT|30477483|-95311683| |IF|0|0|0|0|0|0|0|0|0|0|0|0|0
S|BUMCO|30648439|-95300419| |TF|0|0|0|0|0|0|0|0|0|0|0|0|0
S|GIFFA|31381453|-95251697| |TF|0|0|0|0|0|0|1|10000|0|0|0|0|0

P|HOODO7|17R|BOWFN|0|9
S| |91000000|181000000| |VA|0|16800|0|0|0|0|1|660|0|0|0|0|0
S| |91000000|181000000| |VM|0|16800|0|0|0|0|0|0|0|0|0|0|0
S|VUH|29269333|-94867725| |DF|0|0|0|0|0|0|0|0|0|0|0|0|0
S|VUH|29269333|-94867725| |IF|0|0|0|0|0|0|0|0|0|0|0|0|0
S|HOODO|28996808|-94352528| |TF|0|0|0|0|0|0|0|0|0|0|0|0|0
S|HOODO|28996808|-94352528| |IF|0|0|0|0|0|0|0|0|0|0|0|0|0
S|SBIRD|29000000|-93666667| |TF|0|0|0|0|0|0|0|0|0|0|0|0|0
S|CFOOD|29000442|-92526253| |TF|0|0|0|0|0|0|0|0|0|0|0|0|0
S|BOWFN|28989167|-91228056| |TF|0|0|0|0|0|0|0|0|0|0|0|0|0

P|HOODO7|17R|CFOOD|0|8
S| |91000000|181000000| |VA|0|16800|0|0|0|0|1|660|0|0|0|0|0
S| |91000000|181000000| |VM|0|16800|0|0|0|0|0|0|0|0|0|0|0
S|VUH|29269333|-94867725| |DF|0|0|0|0|0|0|0|0|0|0|0|0|0
S|VUH|29269333|-94867725| |IF|0|0|0|0|0|0|0|0|0|0|0|0|0
S|HOODO|28996808|-94352528| |TF|0|0|0|0|0|0|0|0|0|0|0|0|0
S|HOODO|28996808|-94352528| |IF|0|0|0|0|0|0|0|0|0|0|0|0|0
S|SBIRD|29000000|-93666667| |TF|0|0|0|0|0|0|0|0|0|0|0|0|0
S|CFOOD|29000442|-92526253| |TF|0|0|0|0|0|0|0|0|0|0|0|0|0

P|HOODO7|17R|HRV|0|10
S| |91000000|181000000| |VA|0|16800|0|0|0|0|1|660|0|0|0|0|0
S| |91000000|181000000| |VM|0|16800|0|0|0|0|0|0|0|0|0|0|0
S|VUH|29269333|-94867725| |DF|0|0|0|0|0|0|0|0|0|0|0|0|0
S|VUH|29269333|-94867725| |IF|0|0|0|0|0|0|0|0|0|0|0|0|0
S|HOODO|28996808|-94352528| |TF|0|0|0|0|0|0|0|0|0|0|0|0|0
S|HOODO|28996808|-94352528| |IF|0|0|0|0|0|0|0|0|0|0|0|0|0
S|SBIRD|29000000|-93666667| |TF|0|0|0|0|0|0|0|0|0|0|0|0|0
S|CFOOD|29000442|-92526253| |TF|0|0|0|0|0|0|0|0|0|0|0|0|0
S|BOWFN|28989167|-91228056| |TF|0|0|0|0|0|0|0|0|0|0|0|0|0
S|HRV|29850194|-90002983| |TF|0|0|0|0|0|0|0|0|0|0|0|0|0

P|HOODO7|17R|LEV|0|10
S| |91000000|181000000| |VA|0|16800|0|0|0|0|1|660|0|0|0|0|0
S| |91000000|181000000| |VM|0|16800|0|0|0|0|0|0|0|0|0|0|0
S|VUH|29269333|-94867725| |DF|0|0|0|0|0|0|0|0|0|0|0|0|0
S|VUH|29269333|-94867725| |IF|0|0|0|0|0|0|0|0|0|0|0|0|0
S|HOODO|28996808|-94352528| |TF|0|0|0|0|0|0|0|0|0|0|0|0|0
S|HOODO|28996808|-94352528| |IF|0|0|0|0|0|0|0|0|0|0|0|0|0
S|SBIRD|29000000|-93666667| |TF|0|0|0|0|0|0|0|0|0|0|0|0|0
S|CFOOD|29000442|-92526253| |TF|0|0|0|0|0|0|0|0|0|0|0|0|0
S|BOWFN|28989167|-91228056| |TF|0|0|0|0|0|0|0|0|0|0|0|0|0
S|LEV|29175231|-90104019| |TF|0|0|0|0|0|0|0|0|0|0|0|0|0

P|HOODO7|17R|SBIRD|0|7
S| |91000000|181000000| |VA|0|16800|0|0|0|0|1|660|0|0|0|0|0
S| |91000000|181000000| |VM|0|16800|0|0|0|0|0|0|0|0|0|0|0
S|VUH|29269333|-94867725| |DF|0|0|0|0|0|0|0|0|0|0|0|0|0
S|VUH|29269333|-94867725| |IF|0|0|0|0|0|0|0|0|0|0|0|0|0
S|HOODO|28996808|-94352528| |TF|0|0|0|0|0|0|0|0|0|0|0|0|0
S|HOODO|28996808|-94352528| |IF|0|0|0|0|0|0|0|0|0|0|0|0|0
S|SBIRD|29000000|-93666667| |TF|0|0|0|0|0|0|0|0|0|0|0|0|0

P|HOODO7|35L|BOWFN|0|9
S| |91000000|181000000| |VA|0|34800|0|0|0|0|1|660|0|0|0|0|0
S| |91000000|181000000| |VM|0|34800|0|0|0|0|0|0|0|0|0|0|0
S|VUH|29269333|-94867725| |DF|0|0|0|0|0|0|0|0|0|0|0|0|0
S|VUH|29269333|-94867725| |IF|0|0|0|0|0|0|0|0|0|0|0|0|0
S|HOODO|28996808|-94352528| |TF|0|0|0|0|0|0|0|0|0|0|0|0|0
S|HOODO|28996808|-94352528| |IF|0|0|0|0|0|0|0|0|0|0|0|0|0
S|SBIRD|29000000|-93666667| |TF|0|0|0|0|0|0|0|0|0|0|0|0|0
S|CFOOD|29000442|-92526253| |TF|0|0|0|0|0|0|0|0|0|0|0|0|0
S|BOWFN|28989167|-91228056| |TF|0|0|0|0|0|0|0|0|0|0|0|0|0

P|HOODO7|35L|CFOOD|0|8
S| |91000000|181000000| |VA|0|34800|0|0|0|0|1|660|0|0|0|0|0
S| |91000000|181000000| |VM|0|34800|0|0|0|0|0|0|0|0|0|0|0
S|VUH|29269333|-94867725| |DF|0|0|0|0|0|0|0|0|0|0|0|0|0
S|VUH|29269333|-94867725| |IF|0|0|0|0|0|0|0|0|0|0|0|0|0
S|HOODO|28996808|-94352528| |TF|0|0|0|0|0|0|0|0|0|0|0|0|0
S|HOODO|28996808|-94352528| |IF|0|0|0|0|0|0|0|0|0|0|0|0|0
S|SBIRD|29000000|-93666667| |TF|0|0|0|0|0|0|0|0|0|0|0|0|0
S|CFOOD|29000442|-92526253| |TF|0|0|0|0|0|0|0|0|0|0|0|0|0

P|HOODO7|35L|HRV|0|10
S| |91000000|181000000| |VA|0|34800|0|0|0|0|1|660|0|0|0|0|0
S| |91000000|181000000| |VM|0|34800|0|0|0|0|0|0|0|0|0|0|0
S|VUH|29269333|-94867725| |DF|0|0|0|0|0|0|0|0|0|0|0|0|0
S|VUH|29269333|-94867725| |IF|0|0|0|0|0|0|0|0|0|0|0|0|0
S|HOODO|28996808|-94352528| |TF|0|0|0|0|0|0|0|0|0|0|0|0|0
S|HOODO|28996808|-94352528| |IF|0|0|0|0|0|0|0|0|0|0|0|0|0
S|SBIRD|29000000|-93666667| |TF|0|0|0|0|0|0|0|0|0|0|0|0|0
S|CFOOD|29000442|-92526253| |TF|0|0|0|0|0|0|0|0|0|0|0|0|0
S|BOWFN|28989167|-91228056| |TF|0|0|0|0|0|0|0|0|0|0|0|0|0
S|HRV|29850194|-90002983| |TF|0|0|0|0|0|0|0|0|0|0|0|0|0

P|HOODO7|35L|LEV|0|10
S| |91000000|181000000| |VA|0|34800|0|0|0|0|1|660|0|0|0|0|0
S| |91000000|181000000| |VM|0|34800|0|0|0|0|0|0|0|0|0|0|0
S|VUH|29269333|-94867725| |DF|0|0|0|0|0|0|0|0|0|0|0|0|0
S|VUH|29269333|-94867725| |IF|0|0|0|0|0|0|0|0|0|0|0|0|0
S|HOODO|28996808|-94352528| |TF|0|0|0|0|0|0|0|0|0|0|0|0|0
S|HOODO|28996808|-94352528| |IF|0|0|0|0|0|0|0|0|0|0|0|0|0
S|SBIRD|29000000|-93666667| |TF|0|0|0|0|0|0|0|0|0|0|0|0|0
S|CFOOD|29000442|-92526253| |TF|0|0|0|0|0|0|0|0|0|0|0|0|0
S|BOWFN|28989167|-91228056| |TF|0|0|0|0|0|0|0|0|0|0|0|0|0
S|LEV|29175231|-90104019| |TF|0|0|0|0|0|0|0|0|0|0|0|0|0

P|HOODO7|35L|SBIRD|0|7
S| |91000000|181000000| |VA|0|34800|0|0|0|0|1|660|0|0|0|0|0
S| |91000000|181000000| |VM|0|34800|0|0|0|0|0|0|0|0|0|0|0
S|VUH|29269333|-94867725| |DF|0|0|0|0|0|0|0|0|0|0|0|0|0
S|VUH|29269333|-94867725| |IF|0|0|0|0|0|0|0|0|0|0|0|0|0
S|HOODO|28996808|-94352528| |TF|0|0|0|0|0|0|0|0|0|0|0|0|0
S|HOODO|28996808|-94352528| |IF|0|0|0|0|0|0|0|0|0|0|0|0|0
S|SBIRD|29000000|-93666667| |TF|0|0|0|0|0|0|0|0|0|0|0|0|0

P|INDIE8|17R|TPAKK|0|10
S| |91000000|181000000| |VA|0|16800|0|0|0|0|1|660|0|0|0|0|0
S| |91000000|181000000| |VM|0|16800|0|0|0|0|0|0|0|0|0|0|0
S|RENNK|30291319|-95222528| |DF|0|0|0|0|0|0|0|0|0|0|0|0|0
S|RENNK|30291319|-95222528| |IF|0|0|0|0|0|0|0|0|0|0|0|0|0
S|COLET|30449336|-95161011| |TF|0|0|0|0|0|0|0|0|0|0|0|0|0
S|SUSHI|30591367|-95073228| |TF|0|0|0|0|0|0|0|0|0|0|0|0|0
S|WWELL|31157792|-94707189| |TF|0|0|0|0|0|0|0|0|0|0|0|0|0
S|INDIE|31485919|-94492819| |TF|0|0|0|0|0|0|0|0|0|0|0|0|0
S|INDIE|31485919|-94492819| |IF|0|0|0|0|0|0|0|0|0|0|0|0|0
S|TPAKK|32993875|-93424533| |TF|0|0|0|0|0|0|0|0|0|0|0|0|0

P|INDIE8|35L|TPAKK|0|10
S| |91000000|181000000| |VA|0|34800|0|0|0|0|1|660|0|0|0|0|0
S| |91000000|181000000| |VM|0|34800|0|0|0|0|0|0|0|0|0|0|0
S|RENNK|30291319|-95222528| |DF|0|0|0|0|0|0|0|0|0|0|0|0|0
S|RENNK|30291319|-95222528| |IF|0|0|0|0|0|0|0|0|0|0|0|0|0
S|COLET|30449336|-95161011| |TF|0|0|0|0|0|0|0|0|0|0|0|0|0
S|SUSHI|30591367|-95073228| |TF|0|0|0|0|0|0|0|0|0|0|0|0|0
S|WWELL|31157792|-94707189| |TF|0|0|0|0|0|0|0|0|0|0|0|0|0
S|INDIE|31485919|-94492819| |TF|0|0|0|0|0|0|0|0|0|0|0|0|0
S|INDIE|31485919|-94492819| |IF|0|0|0|0|0|0|0|0|0|0|0|0|0
S|TPAKK|32993875|-93424533| |TF|0|0|0|0|0|0|0|0|0|0|0|0|0

P|JCT1|ALL|JCT|0|5
S|CUZZZ|30070647|-96063353| |IF|0|0|0|0|0|0|0|0|0|0|0|0|0
S|ZUUUU|30097894|-96239300| |TF|0|0|0|0|0|0|0|0|0|0|0|0|0
S|PUFER|30224022|-97075581| |TF|0|0|0|0|0|0|0|0|0|0|0|0|0
S|SPURS|30405292|-98349603| |TF|0|0|0|0|0|0|0|0|0|0|0|0|0
S|JCT|30598022|-99817481| |TF|0|0|0|0|0|0|0|0|0|0|0|0|0

P|KARRR7|17R|CRP|0|9
S| |91000000|181000000| |VA|0|16800|0|0|0|0|1|660|0|0|0|0|0
S| |91000000|181000000| |VM|0|16800|0|0|0|0|0|0|0|0|0|0|0
S|KARRR|29378453|-95375408| |DF|0|0|0|0|0|0|0|0|0|0|0|0|0
S|KAVCY|29297600|-95462358| |TF|0|0|0|0|0|0|0|0|0|0|0|0|0
S|KAVCY|29297600|-95462358| |IF|0|0|0|0|0|0|0|0|0|0|0|0|0
S|SKUBA|29195303|-95791214| |TF|0|0|0|0|0|0|0|0|0|0|0|0|0
S|PSX|28764419|-96306181| |TF|0|0|0|0|0|0|0|0|0|0|0|0|0
S|YOMOM|27987597|-97148883| |TF|0|0|0|0|0|0|0|0|0|0|0|0|0
S|CRP|27903767|-97444881| |TF|0|0|0|0|0|0|0|0|0|0|0|0|0

P|KARRR7|17R|NGP|0|7
S| |91000000|181000000| |VA|0|16800|0|0|0|0|1|660|0|0|0|0|0
S| |91000000|181000000| |VM|0|16800|0|0|0|0|0|0|0|0|0|0|0
S|KARRR|29378453|-95375408| |DF|0|0|0|0|0|0|0|0|0|0|0|0|0
S|KAVCY|29297600|-95462358| |TF|0|0|0|0|0|0|0|0|0|0|0|0|0
S|KAVCY|29297600|-95462358| |IF|0|0|0|0|0|0|0|0|0|0|0|0|0
S|RIIGG|28902411|-95617044| |TF|0|0|0|0|0|0|0|0|0|0|0|0|0
S|NGP|27686278|-97294744| |TF|0|0|0|0|0|0|0|0|0|0|0|0|0

P|KARRR7|17R|PSX|0|7
S| |91000000|181000000| |VA|0|16800|0|0|0|0|1|660|0|0|0|0|0
S| |91000000|181000000| |VM|0|16800|0|0|0|0|0|0|0|0|0|0|0
S|KARRR|29378453|-95375408| |DF|0|0|0|0|0|0|0|0|0|0|0|0|0
S|KAVCY|29297600|-95462358| |TF|0|0|0|0|0|0|0|0|0|0|0|0|0
S|KAVCY|29297600|-95462358| |IF|0|0|0|0|0|0|0|0|0|0|0|0|0
S|SKUBA|29195303|-95791214| |TF|0|0|0|0|0|0|0|0|0|0|0|0|0
S|PSX|28764419|-96306181| |TF|0|0|0|0|0|0|0|0|0|0|0|0|0

P|KARRR7|17R|WWREN|0|7
S| |91000000|181000000| |VA|0|16800|0|0|0|0|1|660|0|0|0|0|0
S| |91000000|181000000| |VM|0|16800|0|0|0|0|0|0|0|0|0|0|0
S|KARRR|29378453|-95375408| |DF|0|0|0|0|0|0|0|0|0|0|0|0|0
S|KAVCY|29297600|-95462358| |TF|0|0|0|0|0|0|0|0|0|0|0|0|0
S|KAVCY|29297600|-95462358| |IF|0|0|0|0|0|0|0|0|0|0|0|0|0
S|RIIGG|28902411|-95617044| |TF|0|0|0|0|0|0|0|0|0|0|0|0|0
S|WWREN|28131664|-96098606| |TF|0|0|0|0|0|0|0|0|0|0|0|0|0

P|KARRR7|17R|YOMOM|0|8
S| |91000000|181000000| |VA|0|16800|0|0|0|0|1|660|0|0|0|0|0
S| |91000000|181000000| |VM|0|16800|0|0|0|0|0|0|0|0|0|0|0
S|KARRR|29378453|-95375408| |DF|0|0|0|0|0|0|0|0|0|0|0|0|0
S|KAVCY|29297600|-95462358| |TF|0|0|0|0|0|0|0|0|0|0|0|0|0
S|KAVCY|29297600|-95462358| |IF|0|0|0|0|0|0|0|0|0|0|0|0|0
S|SKUBA|29195303|-95791214| |TF|0|0|0|0|0|0|0|0|0|0|0|0|0
S|PSX|28764419|-96306181| |TF|0|0|0|0|0|0|0|0|0|0|0|0|0
S|YOMOM|27987597|-97148883| |TF|0|0|0|0|0|0|0|0|0|0|0|0|0

P|KARRR7|35L|CRP|0|9
S| |91000000|181000000| |VA|0|34800|0|0|0|0|1|660|0|0|0|0|0
S| |91000000|181000000| |VM|0|34800|0|0|0|0|0|0|0|0|0|0|0
S|KARRR|29378453|-95375408| |DF|0|0|0|0|0|0|0|0|0|0|0|0|0
S|KAVCY|29297600|-95462358| |TF|0|0|0|0|0|0|0|0|0|0|0|0|0
S|KAVCY|29297600|-95462358| |IF|0|0|0|0|0|0|0|0|0|0|0|0|0
S|SKUBA|29195303|-95791214| |TF|0|0|0|0|0|0|0|0|0|0|0|0|0
S|PSX|28764419|-96306181| |TF|0|0|0|0|0|0|0|0|0|0|0|0|0
S|YOMOM|27987597|-97148883| |TF|0|0|0|0|0|0|0|0|0|0|0|0|0
S|CRP|27903767|-97444881| |TF|0|0|0|0|0|0|0|0|0|0|0|0|0

P|KARRR7|35L|NGP|0|7
S| |91000000|181000000| |VA|0|34800|0|0|0|0|1|660|0|0|0|0|0
S| |91000000|181000000| |VM|0|34800|0|0|0|0|0|0|0|0|0|0|0
S|KARRR|29378453|-95375408| |DF|0|0|0|0|0|0|0|0|0|0|0|0|0
S|KAVCY|29297600|-95462358| |TF|0|0|0|0|0|0|0|0|0|0|0|0|0
S|KAVCY|29297600|-95462358| |IF|0|0|0|0|0|0|0|0|0|0|0|0|0
S|RIIGG|28902411|-95617044| |TF|0|0|0|0|0|0|0|0|0|0|0|0|0
S|NGP|27686278|-97294744| |TF|0|0|0|0|0|0|0|0|0|0|0|0|0

P|KARRR7|35L|PSX|0|7
S| |91000000|181000000| |VA|0|34800|0|0|0|0|1|660|0|0|0|0|0
S| |91000000|181000000| |VM|0|34800|0|0|0|0|0|0|0|0|0|0|0
S|KARRR|29378453|-95375408| |DF|0|0|0|0|0|0|0|0|0|0|0|0|0
S|KAVCY|29297600|-95462358| |TF|0|0|0|0|0|0|0|0|0|0|0|0|0
S|KAVCY|29297600|-95462358| |IF|0|0|0|0|0|0|0|0|0|0|0|0|0
S|SKUBA|29195303|-95791214| |TF|0|0|0|0|0|0|0|0|0|0|0|0|0
S|PSX|28764419|-96306181| |TF|0|0|0|0|0|0|0|0|0|0|0|0|0

P|KARRR7|35L|WWREN|0|7
S| |91000000|181000000| |VA|0|34800|0|0|0|0|1|660|0|0|0|0|0
S| |91000000|181000000| |VM|0|34800|0|0|0|0|0|0|0|0|0|0|0
S|KARRR|29378453|-95375408| |DF|0|0|0|0|0|0|0|0|0|0|0|0|0
S|KAVCY|29297600|-95462358| |TF|0|0|0|0|0|0|0|0|0|0|0|0|0
S|KAVCY|29297600|-95462358| |IF|0|0|0|0|0|0|0|0|0|0|0|0|0
S|RIIGG|28902411|-95617044| |TF|0|0|0|0|0|0|0|0|0|0|0|0|0
S|WWREN|28131664|-96098606| |TF|0|0|0|0|0|0|0|0|0|0|0|0|0

P|KARRR7|35L|YOMOM|0|8
S| |91000000|181000000| |VA|0|34800|0|0|0|0|1|660|0|0|0|0|0
S| |91000000|181000000| |VM|0|34800|0|0|0|0|0|0|0|0|0|0|0
S|KARRR|29378453|-95375408| |DF|0|0|0|0|0|0|0|0|0|0|0|0|0
S|KAVCY|29297600|-95462358| |TF|0|0|0|0|0|0|0|0|0|0|0|0|0
S|KAVCY|29297600|-95462358| |IF|0|0|0|0|0|0|0|0|0|0|0|0|0
S|SKUBA|29195303|-95791214| |TF|0|0|0|0|0|0|0|0|0|0|0|0|0
S|PSX|28764419|-96306181| |TF|0|0|0|0|0|0|0|0|0|0|0|0|0
S|YOMOM|27987597|-97148883| |TF|0|0|0|0|0|0|0|0|0|0|0|0|0

P|LCH5|ALL|LSU|0|5
S|WEDRI|29986514|-94578911| |IF|0|0|0|0|0|0|0|0|0|0|0|0|0
S|HOURN|29996044|-94304522| |TF|0|0|0|0|0|0|0|0|0|0|0|0|0
S|LCH|30141514|-93105569| |TF|0|0|0|0|0|0|0|0|0|0|0|0|0
S|LCH|30141514|-93105569| |IF|0|0|0|0|0|0|0|0|0|0|0|0|0
S|LSU|30485133|-91294067| |TF|0|0|0|0|0|0|0|0|0|0|0|0|0

P|LFK4|ALL|LIT|0|8
S|KYANN|30258758|-95232728| |IF|0|0|0|0|0|0|0|0|0|0|0|0|0
S|COLET|30449336|-95161011| |TF|0|0|0|0|0|0|0|0|0|0|0|0|0
S|SUSHI|30591367|-95073228| |TF|0|0|0|0|0|0|0|0|0|0|0|0|0
S|LFK|31162442|-94716833| |TF|0|0|0|0|0|0|0|0|0|0|0|0|0
S|LFK|31162442|-94716833| |IF|0|0|0|0|0|0|0|0|0|0|0|0|0
S|SKKIP|31248550|-94657453| |TF|0|0|0|0|0|0|0|0|0|0|0|0|0
S|CISAR|33511886|-93048511| |TF|0|0|0|0|0|0|0|0|0|0|0|0|0
S|LIT|34810100|-92152067| |TF|0|0|0|0|0|0|0|0|0|0|0|0|0

P|LOA4|ALL|ADM|0|5
S|WLLIS|30534647|-95651628| |IF|0|0|0|0|0|0|0|0|0|0|0|0|0
S|LOA|31124017|-95967956| |TF|0|0|0|0|0|0|0|0|0|0|0|0|0
S|LOA|31124017|-95967956| |IF|0|0|0|0|0|0|0|0|0|0|0|0|0
S|DOLEY|32189167|-96384722| |TF|0|0|0|0|0|0|0|0|0|0|0|0|0
S|ADM|34211586|-97168228| |TF|0|0|0|0|0|0|0|0|0|0|0|0|0

P|LOA4|ALL|BYP|0|5
S|WLLIS|30534647|-95651628| |IF|0|0|0|0|0|0|0|0|0|0|0|0|0
S|LOA|31124017|-95967956| |TF|0|0|0|0|0|0|0|0|0|0|0|0|0
S|LOA|31124017|-95967956| |IF|0|0|0|0|0|0|0|0|0|0|0|0|0
S|CQY|32185722|-96218103| |TF|0|0|0|0|0|0|0|0|0|0|0|0|0
S|BYP|33537486|-96234094| |TF|0|0|0|0|0|0|0|0|0|0|0|0|0

P|LOA4|ALL|FUZ|0|5
S|WLLIS|30534647|-95651628| |IF|0|0|0|0|0|0|0|0|0|0|0|0|0
S|LOA|31124017|-95967956| |TF|0|0|0|0|0|0|0|0|0|0|0|0|0
S|LOA|31124017|-95967956| |IF|0|0|0|0|0|0|0|0|0|0|0|0|0
S|DOLEY|32189167|-96384722| |TF|0|0|0|0|0|0|0|0|0|0|0|0|0
S|FUZ|32889450|-97179425| |TF|0|0|0|0|0|0|0|0|0|0|0|0|0

P|LURIC8|17R|HAWES|0|13
S| |91000000|181000000| |VA|0|16800|0|0|0|0|1|660|0|0|0|0|0
S| |91000000|181000000| |VM|0|16800|0|0|0|0|0|0|0|0|0|0|0
S|KNTKY|30085856|-95260822| |DF|0|0|0|0|0|0|0|0|0|0|0|0|0
S|KNTKY|30085856|-95260822| |IF|0|0|0|0|0|0|0|0|0|0|0|0|0
S|PEETY|30250481|-95129244| |TF|0|0|0|0|0|0|0|0|0|0|0|0|0
S|DARTR|30403122|-95006756| |TF|0|0|0|0|0|0|0|0|0|0|0|0|0
S|MUSIQ|30552789|-94892206| |TF|0|0|0|0|0|0|0|0|0|0|0|0|0
S|CLAVN|31007439|-94541397| |TF|0|0|0|0|0|0|0|0|0|0|0|0|0
S|VELCO|31177767|-94409156| |TF|0|0|0|0|0|0|0|0|0|0|0|0|0
S|ENJOY|31278789|-94330342| |TF|0|0|0|0|0|0|0|0|0|0|0|0|0
S|LURIC|31781756|-93934958| |TF|0|0|0|0|0|0|0|0|0|0|0|0|0
S|LURIC|31781756|-93934958| |IF|0|0|0|0|0|0|0|0|0|0|0|0|0
S|HAWES|32962008|-92841211| |TF|0|0|0|0|0|0|0|0|0|0|0|0|0

P|LURIC8|17R|ORRTH|0|13
S| |91000000|181000000| |VA|0|16800|0|0|0|0|1|660|0|0|0|0|0
S| |91000000|181000000| |VM|0|16800|0|0|0|0|0|0|0|0|0|0|0
S|KNTKY|30085856|-95260822| |DF|0|0|0|0|0|0|0|0|0|0|0|0|0
S|KNTKY|30085856|-95260822| |IF|0|0|0|0|0|0|0|0|0|0|0|0|0
S|PEETY|30250481|-95129244| |TF|0|0|0|0|0|0|0|0|0|0|0|0|0
S|DARTR|30403122|-95006756| |TF|0|0|0|0|0|0|0|0|0|0|0|0|0
S|MUSIQ|30552789|-94892206| |TF|0|0|0|0|0|0|0|0|0|0|0|0|0
S|CLAVN|31007439|-94541397| |TF|0|0|0|0|0|0|0|0|0|0|0|0|0
S|VELCO|31177767|-94409156| |TF|0|0|0|0|0|0|0|0|0|0|0|0|0
S|ENJOY|31278789|-94330342| |TF|0|0|0|0|0|0|0|0|0|0|0|0|0
S|LURIC|31781756|-93934958| |TF|0|0|0|0|0|0|0|0|0|0|0|0|0
S|LURIC|31781756|-93934958| |IF|0|0|0|0|0|0|0|0|0|0|0|0|0
S|ORRTH|32557775|-92738822| |TF|0|0|0|0|0|0|0|0|0|0|0|0|0

P|LURIC8|35L|HAWES|0|13
S| |91000000|181000000| |VA|0|34800|0|0|0|0|1|660|0|0|0|0|0
S| |91000000|181000000| |VM|0|34800|0|0|0|0|0|0|0|0|0|0|0
S|KNTKY|30085856|-95260822| |DF|0|0|0|0|0|0|0|0|0|0|0|0|0
S|KNTKY|30085856|-95260822| |IF|0|0|0|0|0|0|0|0|0|0|0|0|0
S|PEETY|30250481|-95129244| |TF|0|0|0|0|0|0|0|0|0|0|0|0|0
S|DARTR|30403122|-95006756| |TF|0|0|0|0|0|0|0|0|0|0|0|0|0
S|MUSIQ|30552789|-94892206| |TF|0|0|0|0|0|0|0|0|0|0|0|0|0
S|CLAVN|31007439|-94541397| |TF|0|0|0|0|0|0|0|0|0|0|0|0|0
S|VELCO|31177767|-94409156| |TF|0|0|0|0|0|0|0|0|0|0|0|0|0
S|ENJOY|31278789|-94330342| |TF|0|0|0|0|0|0|0|0|0|0|0|0|0
S|LURIC|31781756|-93934958| |TF|0|0|0|0|0|0|0|0|0|0|0|0|0
S|LURIC|31781756|-93934958| |IF|0|0|0|0|0|0|0|0|0|0|0|0|0
S|HAWES|32962008|-92841211| |TF|0|0|0|0|0|0|0|0|0|0|0|0|0

P|LURIC8|35L|ORRTH|0|13
S| |91000000|181000000| |VA|0|34800|0|0|0|0|1|660|0|0|0|0|0
S| |91000000|181000000| |VM|0|34800|0|0|0|0|0|0|0|0|0|0|0
S|KNTKY|30085856|-95260822| |DF|0|0|0|0|0|0|0|0|0|0|0|0|0
S|KNTKY|30085856|-95260822| |IF|0|0|0|0|0|0|0|0|0|0|0|0|0
S|PEETY|30250481|-95129244| |TF|0|0|0|0|0|0|0|0|0|0|0|0|0
S|DARTR|30403122|-95006756| |TF|0|0|0|0|0|0|0|0|0|0|0|0|0
S|MUSIQ|30552789|-94892206| |TF|0|0|0|0|0|0|0|0|0|0|0|0|0
S|CLAVN|31007439|-94541397| |TF|0|0|0|0|0|0|0|0|0|0|0|0|0
S|VELCO|31177767|-94409156| |TF|0|0|0|0|0|0|0|0|0|0|0|0|0
S|ENJOY|31278789|-94330342| |TF|0|0|0|0|0|0|0|0|0|0|0|0|0
S|LURIC|31781756|-93934958| |TF|0|0|0|0|0|0|0|0|0|0|0|0|0
S|LURIC|31781756|-93934958| |IF|0|0|0|0|0|0|0|0|0|0|0|0|0
S|ORRTH|32557775|-92738822| |TF|0|0|0|0|0|0|0|0|0|0|0|0|0

P|MMALT7|17R|GUSTI|0|9
S| |91000000|181000000| |VA|0|16800|0|0|0|0|1|660|0|0|0|0|0
S| |91000000|181000000| |VM|0|16800|0|0|0|0|0|0|0|0|0|0|0
S|MMALT|29870208|-94783614| |DF|0|0|0|0|0|0|0|0|0|0|0|0|0
S|MMALT|29870208|-94783614| |IF|0|0|0|0|0|0|0|0|0|0|0|0|0
S|MOOKI|29868353|-94611442| |TF|0|0|0|0|0|0|0|0|0|0|0|0|0
S|MOOKI|29868353|-94611442| |IF|0|0|0|0|0|0|0|0|0|0|0|0|0
S|JAAYE|29862222|-94321667| |TF|0|0|0|0|0|0|0|0|0|0|0|0|0
S|SPINY|29853692|-94044667| |TF|0|0|0|0|0|0|0|0|0|0|0|0|0
S|GUSTI|29970928|-92909803| |TF|0|0|0|0|0|0|0|0|0|0|0|0|0

P|MMALT7|17R|LCH|0|9
S| |91000000|181000000| |VA|0|16800|0|0|0|0|1|660|0|0|0|0|0
S| |91000000|181000000| |VM|0|16800|0|0|0|0|0|0|0|0|0|0|0
S|MMALT|29870208|-94783614| |DF|0|0|0|0|0|0|0|0|0|0|0|0|0
S|MMALT|29870208|-94783614| |IF|0|0|0|0|0|0|0|0|0|0|0|0|0
S|MOOKI|29868353|-94611442| |TF|0|0|0|0|0|0|0|0|0|0|0|0|0
S|MOOKI|29868353|-94611442| |IF|0|0|0|0|0|0|0|0|0|0|0|0|0
S|HOURN|29996044|-94304522| |TF|0|0|0|0|0|0|0|0|0|0|0|0|0
S|BLING|30030600|-94018264| |TF|0|0|0|0|0|0|0|0|0|0|0|0|0
S|LCH|30141514|-93105569| |TF|0|0|0|0|0|0|0|0|0|0|0|0|0

P|MMALT7|17R|LLA|0|9
S| |91000000|181000000| |VA|0|16800|0|0|0|0|1|660|0|0|0|0|0
S| |91000000|181000000| |VM|0|16800|0|0|0|0|0|0|0|0|0|0|0
S|MMALT|29870208|-94783614| |DF|0|0|0|0|0|0|0|0|0|0|0|0|0
S|MMALT|29870208|-94783614| |IF|0|0|0|0|0|0|0|0|0|0|0|0|0
S|MOOKI|29868353|-94611442| |TF|0|0|0|0|0|0|0|0|0|0|0|0|0
S|MOOKI|29868353|-94611442| |IF|0|0|0|0|0|0|0|0|0|0|0|0|0
S|YOKEM|29720833|-94342500| |TF|0|0|0|0|0|0|0|0|0|0|0|0|0
S|SBI|29686719|-94037978| |TF|0|0|0|0|0|0|0|0|0|0|0|0|0
S|LLA|29663225|-92373642| |TF|0|0|0|0|0|0|0|0|0|0|0|0|0

P|MMALT7|35L|GUSTI|0|9
S| |91000000|181000000| |VA|0|34800|0|0|0|0|1|660|0|0|0|0|0
S| |91000000|181000000| |VM|0|34800|0|0|0|0|0|0|0|0|0|0|0
S|MMALT|29870208|-94783614| |DF|0|0|0|0|0|0|0|0|0|0|0|0|0
S|MMALT|29870208|-94783614| |IF|0|0|0|0|0|0|0|0|0|0|0|0|0
S|MOOKI|29868353|-94611442| |TF|0|0|0|0|0|0|0|0|0|0|0|0|0
S|MOOKI|29868353|-94611442| |IF|0|0|0|0|0|0|0|0|0|0|0|0|0
S|JAAYE|29862222|-94321667| |TF|0|0|0|0|0|0|0|0|0|0|0|0|0
S|SPINY|29853692|-94044667| |TF|0|0|0|0|0|0|0|0|0|0|0|0|0
S|GUSTI|29970928|-92909803| |TF|0|0|0|0|0|0|0|0|0|0|0|0|0

P|MMALT7|35L|LCH|0|9
S| |91000000|181000000| |VA|0|34800|0|0|0|0|1|660|0|0|0|0|0
S| |91000000|181000000| |VM|0|34800|0|0|0|0|0|0|0|0|0|0|0
S|MMALT|29870208|-94783614| |DF|0|0|0|0|0|0|0|0|0|0|0|0|0
S|MMALT|29870208|-94783614| |IF|0|0|0|0|0|0|0|0|0|0|0|0|0
S|MOOKI|29868353|-94611442| |TF|0|0|0|0|0|0|0|0|0|0|0|0|0
S|MOOKI|29868353|-94611442| |IF|0|0|0|0|0|0|0|0|0|0|0|0|0
S|HOURN|29996044|-94304522| |TF|0|0|0|0|0|0|0|0|0|0|0|0|0
S|BLING|30030600|-94018264| |TF|0|0|0|0|0|0|0|0|0|0|0|0|0
S|LCH|30141514|-93105569| |TF|0|0|0|0|0|0|0|0|0|0|0|0|0

P|MMALT7|35L|LLA|0|9
S| |91000000|181000000| |VA|0|34800|0|0|0|0|1|660|0|0|0|0|0
S| |91000000|181000000| |VM|0|34800|0|0|0|0|0|0|0|0|0|0|0
S|MMALT|29870208|-94783614| |DF|0|0|0|0|0|0|0|0|0|0|0|0|0
S|MMALT|29870208|-94783614| |IF|0|0|0|0|0|0|0|0|0|0|0|0|0
S|MOOKI|29868353|-94611442| |TF|0|0|0|0|0|0|0|0|0|0|0|0|0
S|MOOKI|29868353|-94611442| |IF|0|0|0|0|0|0|0|0|0|0|0|0|0
S|YOKEM|29720833|-94342500| |TF|0|0|0|0|0|0|0|0|0|0|0|0|0
S|SBI|29686719|-94037978| |TF|0|0|0|0|0|0|0|0|0|0|0|0|0
S|LLA|29663225|-92373642| |TF|0|0|0|0|0|0|0|0|0|0|0|0|0

P|STRYA8|17R|DPATY|0|11
S| |91000000|181000000| |VA|0|16800|0|0|0|0|1|660|0|0|0|0|0
S| |91000000|181000000| |VM|0|16800|0|0|0|0|0|0|0|0|0|0|0
S|KNTKY|30085856|-95260822| |DF|0|0|0|0|0|0|0|0|0|0|0|0|0
S|KNTKY|30085856|-95260822| |IF|0|0|0|0|0|0|0|0|0|0|0|0|0
S|PEETY|30250481|-95129244| |TF|0|0|0|0|0|0|0|0|0|0|0|0|0
S|DARTR|30403122|-95006756| |TF|0|0|0|0|0|0|0|0|0|0|0|0|0
S|MUSIQ|30552789|-94892206| |TF|0|0|0|0|0|0|0|0|0|0|0|0|0
S|CLAVN|31007439|-94541397| |TF|0|0|0|0|0|0|0|0|0|0|0|0|0
S|STRYA|31305869|-93843731| |TF|0|0|0|0|0|0|0|0|0|0|0|0|0
S|STRYA|31305869|-93843731| |IF|0|0|0|0|0|0|0|0|0|0|0|0|0
S|DPATY|32072403|-91548028| |TF|0|0|0|0|0|0|0|0|0|0|0|0|0

P|STRYA8|17R|JBULL|0|11
S| |91000000|181000000| |VA|0|16800|0|0|0|0|1|660|0|0|0|0|0
S| |91000000|181000000| |VM|0|16800|0|0|0|0|0|0|0|0|0|0|0
S|KNTKY|30085856|-95260822| |DF|0|0|0|0|0|0|0|0|0|0|0|0|0
S|KNTKY|30085856|-95260822| |IF|0|0|0|0|0|0|0|0|0|0|0|0|0
S|PEETY|30250481|-95129244| |TF|0|0|0|0|0|0|0|0|0|0|0|0|0
S|DARTR|30403122|-95006756| |TF|0|0|0|0|0|0|0|0|0|0|0|0|0
S|MUSIQ|30552789|-94892206| |TF|0|0|0|0|0|0|0|0|0|0|0|0|0
S|CLAVN|31007439|-94541397| |TF|0|0|0|0|0|0|0|0|0|0|0|0|0
S|STRYA|31305869|-93843731| |TF|0|0|0|0|0|0|0|0|0|0|0|0|0
S|STRYA|31305869|-93843731| |IF|0|0|0|0|0|0|0|0|0|0|0|0|0
S|JBULL|31315269|-91314531| |TF|0|0|0|0|0|0|0|0|0|0|0|0|0

P|STRYA8|35L|DPATY|0|11
S| |91000000|181000000| |VA|0|34800|0|0|0|0|1|660|0|0|0|0|0
S| |91000000|181000000| |VM|0|34800|0|0|0|0|0|0|0|0|0|0|0
S|KNTKY|30085856|-95260822| |DF|0|0|0|0|0|0|0|0|0|0|0|0|0
S|KNTKY|30085856|-95260822| |IF|0|0|0|0|0|0|0|0|0|0|0|0|0
S|PEETY|30250481|-95129244| |TF|0|0|0|0|0|0|0|0|0|0|0|0|0
S|DARTR|30403122|-95006756| |TF|0|0|0|0|0|0|0|0|0|0|0|0|0
S|MUSIQ|30552789|-94892206| |TF|0|0|0|0|0|0|0|0|0|0|0|0|0
S|CLAVN|31007439|-94541397| |TF|0|0|0|0|0|0|0|0|0|0|0|0|0
S|STRYA|31305869|-93843731| |TF|0|0|0|0|0|0|0|0|0|0|0|0|0
S|STRYA|31305869|-93843731| |IF|0|0|0|0|0|0|0|0|0|0|0|0|0
S|DPATY|32072403|-91548028| |TF|0|0|0|0|0|0|0|0|0|0|0|0|0

P|STRYA8|35L|JBULL|0|11
S| |91000000|181000000| |VA|0|34800|0|0|0|0|1|660|0|0|0|0|0
S| |91000000|181000000| |VM|0|34800|0|0|0|0|0|0|0|0|0|0|0
S|KNTKY|30085856|-95260822| |DF|0|0|0|0|0|0|0|0|0|0|0|0|0
S|KNTKY|30085856|-95260822| |IF|0|0|0|0|0|0|0|0|0|0|0|0|0
S|PEETY|30250481|-95129244| |TF|0|0|0|0|0|0|0|0|0|0|0|0|0
S|DARTR|30403122|-95006756| |TF|0|0|0|0|0|0|0|0|0|0|0|0|0
S|MUSIQ|30552789|-94892206| |TF|0|0|0|0|0|0|0|0|0|0|0|0|0
S|CLAVN|31007439|-94541397| |TF|0|0|0|0|0|0|0|0|0|0|0|0|0
S|STRYA|31305869|-93843731| |TF|0|0|0|0|0|0|0|0|0|0|0|0|0
S|STRYA|31305869|-93843731| |IF|0|0|0|0|0|0|0|0|0|0|0|0|0
S|JBULL|31315269|-91314531| |TF|0|0|0|0|0|0|0|0|0|0|0|0|0

P|STYCK8|17R|DOLEY|0|9
S| |91000000|181000000| |VA|0|16800|0|0|0|0|1|660|0|0|0|0|0
S| |91000000|181000000| |VM|0|16800|0|0|0|0|0|0|0|0|0|0|0
S|BBYSE|30095342|-95403664| |DF|0|0|0|0|0|0|0|0|0|0|0|0|0
S|BBYSE|30095342|-95403664| |IF|0|0|0|0|0|0|0|0|0|0|0|0|0
S|SPICR|30275456|-95505028| |TF|0|0|0|0|0|0|0|0|0|0|0|0|0
S|WLLIS|30534647|-95651628| |TF|0|0|0|0|0|0|0|0|0|0|0|0|0
S|STYCK|31124014|-95967958| |TF|0|0|0|0|0|0|0|0|0|0|0|0|0
S|STYCK|31124014|-95967958| |IF|0|0|0|0|0|0|0|0|0|0|0|0|0
S|DOLEY|32189167|-96384722| |TF|0|0|0|0|0|0|0|0|0|0|0|0|0

P|STYCK8|17R|WTSON|0|9
S| |91000000|181000000| |VA|0|16800|0|0|0|0|1|660|0|0|0|0|0
S| |91000000|181000000| |VM|0|16800|0|0|0|0|0|0|0|0|0|0|0
S|BBYSE|30095342|-95403664| |DF|0|0|0|0|0|0|0|0|0|0|0|0|0
S|BBYSE|30095342|-95403664| |IF|0|0|0|0|0|0|0|0|0|0|0|0|0
S|SPICR|30275456|-95505028| |TF|0|0|0|0|0|0|0|0|0|0|0|0|0
S|WLLIS|30534647|-95651628| |TF|0|0|0|0|0|0|0|0|0|0|0|0|0
S|STYCK|31124014|-95967958| |TF|0|0|0|0|0|0|0|0|0|0|0|0|0
S|STYCK|31124014|-95967958| |IF|0|0|0|0|0|0|0|0|0|0|0|0|0
S|WTSON|32186942|-96210919| |TF|0|0|0|0|0|0|0|0|0|0|0|0|0

P|STYCK8|35L|DOLEY|0|9
S| |91000000|181000000| |VA|0|34800|0|0|0|0|1|660|0|0|0|0|0
S| |91000000|181000000| |VM|0|34800|0|0|0|0|0|0|0|0|0|0|0
S|BBYSE|30095342|-95403664| |DF|0|0|0|0|0|0|0|0|0|0|0|0|0
S|BBYSE|30095342|-95403664| |IF|0|0|0|0|0|0|0|0|0|0|0|0|0
S|SPICR|30275456|-95505028| |TF|0|0|0|0|0|0|0|0|0|0|0|0|0
S|WLLIS|30534647|-95651628| |TF|0|0|0|0|0|0|0|0|0|0|0|0|0
S|STYCK|31124014|-95967958| |TF|0|0|0|0|0|0|0|0|0|0|0|0|0
S|STYCK|31124014|-95967958| |IF|0|0|0|0|0|0|0|0|0|0|0|0|0
S|DOLEY|32189167|-96384722| |TF|0|0|0|0|0|0|0|0|0|0|0|0|0

P|STYCK8|35L|WTSON|0|9
S| |91000000|181000000| |VA|0|34800|0|0|0|0|1|660|0|0|0|0|0
S| |91000000|181000000| |VM|0|34800|0|0|0|0|0|0|0|0|0|0|0
S|BBYSE|30095342|-95403664| |DF|0|0|0|0|0|0|0|0|0|0|0|0|0
S|BBYSE|30095342|-95403664| |IF|0|0|0|0|0|0|0|0|0|0|0|0|0
S|SPICR|30275456|-95505028| |TF|0|0|0|0|0|0|0|0|0|0|0|0|0
S|WLLIS|30534647|-95651628| |TF|0|0|0|0|0|0|0|0|0|0|0|0|0
S|STYCK|31124014|-95967958| |TF|0|0|0|0|0|0|0|0|0|0|0|0|0
S|STYCK|31124014|-95967958| |IF|0|0|0|0|0|0|0|0|0|0|0|0|0
S|WTSON|32186942|-96210919| |TF|0|0|0|0|0|0|0|0|0|0|0|0|0

P|WATFO6|17R|ANKRR|0|7
S| |91000000|181000000| |VA|0|16800|0|0|0|0|1|660|0|0|0|0|0
S| |91000000|181000000| |VM|0|16800|0|0|0|0|0|0|0|0|0|0|0
S|WATFO|29398308|-94967783| |DF|0|0|0|0|0|0|0|0|0|0|0|0|0
S|WATFO|29398308|-94967783| |IF|0|0|0|0|0|0|0|0|0|0|0|0|0
S|VUH|29269333|-94867725| |TF|0|0|0|0|0|0|0|0|0|0|0|0|0
S|VUH|29269333|-94867725| |IF|0|0|0|0|0|0|0|0|0|0|0|0|0
S|ANKRR|27682100|-93200386| |TF|0|0|0|0|0|0|0|0|0|0|0|0|0

P|WATFO6|17R|KELPP|0|7
S| |91000000|181000000| |VA|0|16800|0|0|0|0|1|660|0|0|0|0|0
S| |91000000|181000000| |VM|0|16800|0|0|0|0|0|0|0|0|0|0|0
S|WATFO|29398308|-94967783| |DF|0|0|0|0|0|0|0|0|0|0|0|0|0
S|WATFO|29398308|-94967783| |IF|0|0|0|0|0|0|0|0|0|0|0|0|0
S|VUH|29269333|-94867725| |TF|0|0|0|0|0|0|0|0|0|0|0|0|0
S|VUH|29269333|-94867725| |IF|0|0|0|0|0|0|0|0|0|0|0|0|0
S|KELPP|27175592|-91949261| |TF|0|0|0|0|0|0|0|0|0|0|0|0|0

P|WATFO6|17R|MUSYL|0|7
S| |91000000|181000000| |VA|0|16800|0|0|0|0|1|660|0|0|0|0|0
S| |91000000|181000000| |VM|0|16800|0|0|0|0|0|0|0|0|0|0|0
S|WATFO|29398308|-94967783| |DF|0|0|0|0|0|0|0|0|0|0|0|0|0
S|WATFO|29398308|-94967783| |IF|0|0|0|0|0|0|0|0|0|0|0|0|0
S|VUH|29269333|-94867725| |TF|0|0|0|0|0|0|0|0|0|0|0|0|0
S|VUH|29269333|-94867725| |IF|0|0|0|0|0|0|0|0|0|0|0|0|0
S|MUSYL|28170431|-94129206| |TF|0|0|0|0|0|0|0|0|0|0|0|0|0

P|WATFO6|35L|ANKRR|0|7
S| |91000000|181000000| |VA|0|34800|0|0|0|0|1|660|0|0|0|0|0
S| |91000000|181000000| |VM|0|34800|0|0|0|0|0|0|0|0|0|0|0
S|WATFO|29398308|-94967783| |DF|0|0|0|0|0|0|0|0|0|0|0|0|0
S|WATFO|29398308|-94967783| |IF|0|0|0|0|0|0|0|0|0|0|0|0|0
S|VUH|29269333|-94867725| |TF|0|0|0|0|0|0|0|0|0|0|0|0|0
S|VUH|29269333|-94867725| |IF|0|0|0|0|0|0|0|0|0|0|0|0|0
S|ANKRR|27682100|-93200386| |TF|0|0|0|0|0|0|0|0|0|0|0|0|0

P|WATFO6|35L|KELPP|0|7
S| |91000000|181000000| |VA|0|34800|0|0|0|0|1|660|0|0|0|0|0
S| |91000000|181000000| |VM|0|34800|0|0|0|0|0|0|0|0|0|0|0
S|WATFO|29398308|-94967783| |DF|0|0|0|0|0|0|0|0|0|0|0|0|0
S|WATFO|29398308|-94967783| |IF|0|0|0|0|0|0|0|0|0|0|0|0|0
S|VUH|29269333|-94867725| |TF|0|0|0|0|0|0|0|0|0|0|0|0|0
S|VUH|29269333|-94867725| |IF|0|0|0|0|0|0|0|0|0|0|0|0|0
S|KELPP|27175592|-91949261| |TF|0|0|0|0|0|0|0|0|0|0|0|0|0

P|WATFO6|35L|MUSYL|0|7
S| |91000000|181000000| |VA|0|34800|0|0|0|0|1|660|0|0|0|0|0
S| |91000000|181000000| |VM|0|34800|0|0|0|0|0|0|0|0|0|0|0
S|WATFO|29398308|-94967783| |DF|0|0|0|0|0|0|0|0|0|0|0|0|0
S|WATFO|29398308|-94967783| |IF|0|0|0|0|0|0|0|0|0|0|0|0|0
S|VUH|29269333|-94867725| |TF|0|0|0|0|0|0|0|0|0|0|0|0|0
S|VUH|29269333|-94867725| |IF|0|0|0|0|0|0|0|0|0|0|0|0|0
S|MUSYL|28170431|-94129206| |TF|0|0|0|0|0|0|0|0|0|0|0|0|0

P|WYLSN8|17R|GIFFA|0|8
S| |91000000|181000000| |VA|0|16800|0|0|0|0|1|660|0|0|0|0|0
S| |91000000|181000000| |VM|0|16800|0|0|0|0|0|0|0|0|0|0|0
S|WYLSN|30307786|-95321964| |DF|0|0|0|0|0|0|0|0|0|0|0|0|0
S|WYLSN|30307786|-95321964| |IF|0|0|0|0|0|0|0|0|0|0|0|0|0
S|MONNT|30477483|-95311683| |TF|0|0|0|0|0|0|0|0|0|0|0|0|0
S|MONNT|30477483|-95311683| |IF|0|0|0|0|0|0|0|0|0|0|0|0|0
S|BUMCO|30648439|-95300419| |TF|0|0|0|0|0|0|0|0|0|0|0|0|0
S|GIFFA|31381453|-95251697| |TF|0|0|0|0|0|0|0|0|0|0|0|0|0

P|WYLSN8|17R|MAJKK|0|8
S| |91000000|181000000| |VA|0|16800|0|0|0|0|1|660|0|0|0|0|0
S| |91000000|181000000| |VM|0|16800|0|0|0|0|0|0|0|0|0|0|0
S|WYLSN|30307786|-95321964| |DF|0|0|0|0|0|0|0|0|0|0|0|0|0
S|WYLSN|30307786|-95321964| |IF|0|0|0|0|0|0|0|0|0|0|0|0|0
S|MONNT|30477483|-95311683| |TF|0|0|0|0|0|0|0|0|0|0|0|0|0
S|MONNT|30477483|-95311683| |IF|0|0|0|0|0|0|0|0|0|0|0|0|0
S|KLJOY|30644756|-95348831| |TF|0|0|0|0|0|0|0|0|0|0|0|0|0
S|MAJKK|31517750|-95561458| |TF|0|0|0|0|0|0|0|0|0|0|0|0|0

P|WYLSN8|35L|GIFFA|0|8
S| |91000000|181000000| |VA|0|34800|0|0|0|0|1|660|0|0|0|0|0
S| |91000000|181000000| |VM|0|34800|0|0|0|0|0|0|0|0|0|0|0
S|WYLSN|30307786|-95321964| |DF|0|0|0|0|0|0|0|0|0|0|0|0|0
S|WYLSN|30307786|-95321964| |IF|0|0|0|0|0|0|0|0|0|0|0|0|0
S|MONNT|30477483|-95311683| |TF|0|0|0|0|0|0|0|0|0|0|0|0|0
S|MONNT|30477483|-95311683| |IF|0|0|0|0|0|0|0|0|0|0|0|0|0
S|BUMCO|30648439|-95300419| |TF|0|0|0|0|0|0|0|0|0|0|0|0|0
S|GIFFA|31381453|-95251697| |TF|0|0|0|0|0|0|0|0|0|0|0|0|0

P|WYLSN8|35L|MAJKK|0|8
S| |91000000|181000000| |VA|0|34800|0|0|0|0|1|660|0|0|0|0|0
S| |91000000|181000000| |VM|0|34800|0|0|0|0|0|0|0|0|0|0|0
S|WYLSN|30307786|-95321964| |DF|0|0|0|0|0|0|0|0|0|0|0|0|0
S|WYLSN|30307786|-95321964| |IF|0|0|0|0|0|0|0|0|0|0|0|0|0
S|MONNT|30477483|-95311683| |TF|0|0|0|0|0|0|0|0|0|0|0|0|0
S|MONNT|30477483|-95311683| |IF|0|0|0|0|0|0|0|0|0|0|0|0|0
S|KLJOY|30644756|-95348831| |TF|0|0|0|0|0|0|0|0|0|0|0|0|0
S|MAJKK|31517750|-95561458| |TF|0|0|0|0|0|0|0|0|0|0|0|0|0

