P|DEVL1|04L| |0|2
S| |91000000|181000000|IEZA|VD|0|3900|0|0|400|0|0|0|0|0|0|0|0
S| |91000000|181000000| |VM|1|29000|0|0|0|0|0|0|0|0|0|0|0

P|DEVL1|04R| |0|2
S| |91000000|181000000|IEZA|VD|0|3900|0|0|400|0|0|0|0|0|0|0|0
S| |91000000|181000000| |VM|1|29000|0|0|0|0|0|0|0|0|0|0|0

P|EWR5|04L| |0|4
S| |91000000|181000000| |VA|0|3900|0|0|0|0|1|500|0|0|0|0|0
S| |91000000|181000000|IEZA|VD|0|5500|0|0|400|0|0|0|0|0|0|0|0
S| |91000000|181000000|TEB|VR|1|29000|0|21400|0|0|1|2500|0|0|0|0|0
S| |91000000|181000000| |VM|0|29000|0|0|0|0|0|0|0|0|0|0|0

P|EWR5|04R| |0|4
S| |91000000|181000000| |VA|0|3900|0|0|0|0|1|500|0|0|0|0|0
S| |91000000|181000000|IEZA|VD|0|5500|0|0|400|0|0|0|0|0|0|0|0
S| |91000000|181000000|TEB|VR|1|29000|0|21400|0|0|1|2500|0|0|0|0|0
S| |91000000|181000000| |VM|0|29000|0|0|0|0|0|0|0|0|0|0|0

P|EWR5|11| |0|4
S| |91000000|181000000| |VA|0|10800|0|0|0|0|1|420|0|0|0|0|0
S| |91000000|181000000|IEZA|VD|0|6000|0|0|400|0|0|0|0|0|0|0|0
S| |91000000|181000000|TEB|VR|1|29000|0|21400|0|0|1|2500|0|0|0|0|0
S| |91000000|181000000| |VM|0|29000|0|0|0|0|0|0|0|0|0|0|0

P|EWR5|22L| |0|3
S| |91000000|181000000| |VA|0|21900|0|0|0|0|1|500|0|0|0|0|0
S| |91000000|181000000|ILSQ|VD|0|19000|0|0|230|0|0|0|0|0|0|0|0
S| |91000000|181000000| |VM|0|22000|0|0|0|0|0|0|0|0|0|0|0

P|EWR5|22R| |0|3
S| |91000000|181000000| |VA|0|21900|0|0|0|0|1|420|0|0|0|0|0
S| |91000000|181000000|ILSQ|VD|0|19000|0|0|230|0|0|0|0|0|0|0|0
S| |91000000|181000000| |VM|0|22000|0|0|0|0|0|0|0|0|0|0|0

P|EWR5|29| |0|2
S| |91000000|181000000|IGPR|VD|0|28800|0|0|140|0|0|0|0|0|0|0|0
S| |91000000|181000000| |VM|0|26500|0|0|0|0|0|0|0|0|0|0|0

P|PORTT4|22L|BIGGY|0|7
S| |91000000|181000000| |VA|0|21900|0|0|0|0|1|518|0|0|0|0|0
S|BAGGA|40621800|-74192183| |DF|0|0|0|0|0|220|0|0|0|0|0|0|0
S|PORTT|40590806|-74293950| |TF|0|0|0|0|0|0|0|0|0|0|0|0|0
S|PORTT|40590806|-74293950| |IF|0|0|0|0|0|0|0|0|0|0|0|0|0
S|RIETA|40589717|-74409058| |TF|0|0|0|0|0|0|0|0|0|0|0|0|0
S|SBJ|40583044|-74741792| |TF|0|0|0|0|0|0|0|0|0|0|0|0|0
S|BIGGY|40419617|-74972703| |TF|0|0|0|0|0|0|0|0|0|0|0|0|0

P|PORTT4|22L|ELIOT|0|7
S| |91000000|181000000| |VA|0|21900|0|0|0|0|1|518|0|0|0|0|0
S|BAGGA|40621800|-74192183| |DF|0|0|0|0|0|220|0|0|0|0|0|0|0
S|PORTT|40590806|-74293950| |TF|0|0|0|0|0|0|0|0|0|0|0|0|0
S|PORTT|40590806|-74293950| |IF|0|0|0|0|0|0|0|0|0|0|0|0|0
S|SIRLY|40650008|-74416336| |TF|0|0|0|0|0|0|0|0|0|0|0|0|0
S|FENLY|40705728|-74568347| |TF|0|0|0|0|0|0|0|0|0|0|0|0|0
S|ELIOT|40818514|-75130119| |TF|0|0|0|0|0|0|0|0|0|0|0|0|0

P|PORTT4|22L|LANNA|0|7
S| |91000000|181000000| |VA|0|21900|0|0|0|0|1|518|0|0|0|0|0
S|BAGGA|40621800|-74192183| |DF|0|0|0|0|0|220|0|0|0|0|0|0|0
S|PORTT|40590806|-74293950| |TF|0|0|0|0|0|0|0|0|0|0|0|0|0
S|PORTT|40590806|-74293950| |IF|0|0|0|0|0|0|0|0|0|0|0|0|0
S|RIETA|40589717|-74409058| |TF|0|0|0|0|0|0|0|0|0|0|0|0|0
S|SBJ|40583044|-74741792| |TF|0|0|0|0|0|0|0|0|0|0|0|0|0
S|LANNA|40559742|-75027725| |TF|0|0|0|0|0|0|0|0|0|0|0|0|0

P|PORTT4|22L|PARKE|0|7
S| |91000000|181000000| |VA|0|21900|0|0|0|0|1|518|0|0|0|0|0
S|BAGGA|40621800|-74192183| |DF|0|0|0|0|0|220|0|0|0|0|0|0|0
S|PORTT|40590806|-74293950| |TF|0|0|0|0|0|0|0|0|0|0|0|0|0
S|PORTT|40590806|-74293950| |IF|0|0|0|0|0|0|0|0|0|0|0|0|0
S|RIETA|40589717|-74409058| |TF|0|0|0|0|0|0|0|0|0|0|0|0|0
S|SBJ|40583044|-74741792| |TF|0|0|0|0|0|0|0|0|0|0|0|0|0
S|PARKE|40683183|-75076478| |TF|0|0|0|0|0|0|0|0|0|0|0|0|0

P|PORTT4|22R|BIGGY|0|7
S| |91000000|181000000| |VA|0|21900|0|0|0|0|1|518|0|0|0|0|0
S|BAGGA|40621800|-74192183| |DF|0|0|0|0|0|220|0|0|0|0|0|0|0
S|PORTT|40590806|-74293950| |TF|0|0|0|0|0|0|0|0|0|0|0|0|0
S|PORTT|40590806|-74293950| |IF|0|0|0|0|0|0|0|0|0|0|0|0|0
S|RIETA|40589717|-74409058| |TF|0|0|0|0|0|0|0|0|0|0|0|0|0
S|SBJ|40583044|-74741792| |TF|0|0|0|0|0|0|0|0|0|0|0|0|0
S|BIGGY|40419617|-74972703| |TF|0|0|0|0|0|0|0|0|0|0|0|0|0

P|PORTT4|22R|ELIOT|0|7
S| |91000000|181000000| |VA|0|21900|0|0|0|0|1|518|0|0|0|0|0
S|BAGGA|40621800|-74192183| |DF|0|0|0|0|0|220|0|0|0|0|0|0|0
S|PORTT|40590806|-74293950| |TF|0|0|0|0|0|0|0|0|0|0|0|0|0
S|PORTT|40590806|-74293950| |IF|0|0|0|0|0|0|0|0|0|0|0|0|0
S|SIRLY|40650008|-74416336| |TF|0|0|0|0|0|0|0|0|0|0|0|0|0
S|FENLY|40705728|-74568347| |TF|0|0|0|0|0|0|0|0|0|0|0|0|0
S|ELIOT|40818514|-75130119| |TF|0|0|0|0|0|0|0|0|0|0|0|0|0

P|PORTT4|22R|LANNA|0|7
S| |91000000|181000000| |VA|0|21900|0|0|0|0|1|518|0|0|0|0|0
S|BAGGA|40621800|-74192183| |DF|0|0|0|0|0|220|0|0|0|0|0|0|0
S|PORTT|40590806|-74293950| |TF|0|0|0|0|0|0|0|0|0|0|0|0|0
S|PORTT|40590806|-74293950| |IF|0|0|0|0|0|0|0|0|0|0|0|0|0
S|RIETA|40589717|-74409058| |TF|0|0|0|0|0|0|0|0|0|0|0|0|0
S|SBJ|40583044|-74741792| |TF|0|0|0|0|0|0|0|0|0|0|0|0|0
S|LANNA|40559742|-75027725| |TF|0|0|0|0|0|0|0|0|0|0|0|0|0

P|PORTT4|22R|PARKE|0|7
S| |91000000|181000000| |VA|0|21900|0|0|0|0|1|518|0|0|0|0|0
S|BAGGA|40621800|-74192183| |DF|0|0|0|0|0|220|0|0|0|0|0|0|0
S|PORTT|40590806|-74293950| |TF|0|0|0|0|0|0|0|0|0|0|0|0|0
S|PORTT|40590806|-74293950| |IF|0|0|0|0|0|0|0|0|0|0|0|0|0
S|RIETA|40589717|-74409058| |TF|0|0|0|0|0|0|0|0|0|0|0|0|0
S|SBJ|40583044|-74741792| |TF|0|0|0|0|0|0|0|0|0|0|0|0|0
S|PARKE|40683183|-75076478| |TF|0|0|0|0|0|0|0|0|0|0|0|0|0

