P|GEG8|03| |0|2
S| |91000000|181000000| |CA|0|3100|0|0|0|0|1|2790|0|0|0|0|0
S| |91000000|181000000| |VM|0|3000|0|0|0|0|0|0|0|0|0|0|0

P|GEG8|08| |0|2
S| |91000000|181000000| |CA|0|7600|0|0|0|0|1|2790|0|0|0|0|0
S| |91000000|181000000| |VM|0|12000|0|0|0|0|0|0|0|0|0|0|0

P|GEG8|21| |0|2
S| |91000000|181000000| |CA|0|21200|0|0|0|0|1|2790|0|0|0|0|0
S| |91000000|181000000| |VM|0|21000|0|0|0|0|0|0|0|0|0|0|0

P|GEG8|26| |0|2
S| |91000000|181000000| |CA|0|25700|0|0|0|0|1|2790|0|0|0|0|0
S| |91000000|181000000| |VM|0|21000|0|0|0|0|0|0|0|0|0|0|0

