P|AEROZ2|08|SJT|0|6
S| |91000000|181000000| |VM|0|8100|0|0|0|0|0|0|0|0|0|0|0
S|AMUSE|30456447|-98294189| |DF|0|0|0|0|0|0|1|5000|0|0|0|0|0
S|AMUSE|30456447|-98294189| |IF|0|0|0|0|0|0|1|5000|0|0|0|0|0
S|AEROZ|30703744|-98863639| |TF|0|0|0|0|0|0|0|0|0|0|0|0|0
S|AEROZ|30703744|-98863639| |IF|0|0|0|0|0|0|0|0|0|0|0|0|0
S|SJT|31374956|-100454869| |TF|0|0|0|0|0|0|0|0|0|0|0|0|0

P|AEROZ2|13|SJT|0|6
S| |91000000|181000000| |VM|0|12600|0|0|0|0|0|0|0|0|0|0|0
S|AMUSE|30456447|-98294189| |DF|0|0|0|0|0|0|1|5000|0|0|0|0|0
S|AMUSE|30456447|-98294189| |IF|0|0|0|0|0|0|1|5000|0|0|0|0|0
S|AEROZ|30703744|-98863639| |TF|0|0|0|0|0|0|0|0|0|0|0|0|0
S|AEROZ|30703744|-98863639| |IF|0|0|0|0|0|0|0|0|0|0|0|0|0
S|SJT|31374956|-100454869| |TF|0|0|0|0|0|0|0|0|0|0|0|0|0

P|AEROZ2|17|SJT|0|6
S| |91000000|181000000| |VM|0|17100|0|0|0|0|0|0|0|0|0|0|0
S|AMUSE|30456447|-98294189| |DF|0|0|0|0|0|0|1|5000|0|0|0|0|0
S|AMUSE|30456447|-98294189| |IF|0|0|0|0|0|0|1|5000|0|0|0|0|0
S|AEROZ|30703744|-98863639| |TF|0|0|0|0|0|0|0|0|0|0|0|0|0
S|AEROZ|30703744|-98863639| |IF|0|0|0|0|0|0|0|0|0|0|0|0|0
S|SJT|31374956|-100454869| |TF|0|0|0|0|0|0|0|0|0|0|0|0|0

P|AEROZ2|26|SJT|0|6
S| |91000000|181000000| |VM|0|26100|0|0|0|0|0|0|0|0|0|0|0
S|AMUSE|30456447|-98294189| |DF|0|0|0|0|0|0|1|5000|0|0|0|0|0
S|AMUSE|30456447|-98294189| |IF|0|0|0|0|0|0|1|5000|0|0|0|0|0
S|AEROZ|30703744|-98863639| |TF|0|0|0|0|0|0|0|0|0|0|0|0|0
S|AEROZ|30703744|-98863639| |IF|0|0|0|0|0|0|0|0|0|0|0|0|0
S|SJT|31374956|-100454869| |TF|0|0|0|0|0|0|0|0|0|0|0|0|0

P|AEROZ2|31|SJT|0|6
S| |91000000|181000000| |VM|0|30600|0|0|0|0|0|0|0|0|0|0|0
S|AMUSE|30456447|-98294189| |DF|0|0|0|0|0|0|1|5000|0|0|0|0|0
S|AMUSE|30456447|-98294189| |IF|0|0|0|0|0|0|1|5000|0|0|0|0|0
S|AEROZ|30703744|-98863639| |TF|0|0|0|0|0|0|0|0|0|0|0|0|0
S|AEROZ|30703744|-98863639| |IF|0|0|0|0|0|0|0|0|0|0|0|0|0
S|SJT|31374956|-100454869| |TF|0|0|0|0|0|0|0|0|0|0|0|0|0

P|AEROZ2|35|SJT|0|6
S| |91000000|181000000| |VM|0|35100|0|0|0|0|0|0|0|0|0|0|0
S|AMUSE|30456447|-98294189| |DF|0|0|0|0|0|0|1|5000|0|0|0|0|0
S|AMUSE|30456447|-98294189| |IF|0|0|0|0|0|0|1|5000|0|0|0|0|0
S|AEROZ|30703744|-98863639| |TF|0|0|0|0|0|0|0|0|0|0|0|0|0
S|AEROZ|30703744|-98863639| |IF|0|0|0|0|0|0|0|0|0|0|0|0|0
S|SJT|31374956|-100454869| |TF|0|0|0|0|0|0|0|0|0|0|0|0|0

P|BNDIA3|08|BNDIA|0|4
S| |91000000|181000000| |VM|0|8100|0|0|0|0|0|0|0|0|0|0|0
S|GARDS|30052089|-97946586| |DF|0|0|0|0|0|0|1|5000|0|0|0|0|0
S|GARDS|30052089|-97946586| |IF|0|0|0|0|0|0|1|5000|0|0|0|0|0
S|BNDIA|29644144|-98461172| |TF|0|0|0|0|0|0|0|0|0|0|0|0|0

P|BNDIA3|13|BNDIA|0|4
S| |91000000|181000000| |VM|0|12600|0|0|0|0|0|0|0|0|0|0|0
S|GARDS|30052089|-97946586| |DF|0|0|0|0|0|0|1|5000|0|0|0|0|0
S|GARDS|30052089|-97946586| |IF|0|0|0|0|0|0|1|5000|0|0|0|0|0
S|BNDIA|29644144|-98461172| |TF|0|0|0|0|0|0|0|0|0|0|0|0|0

P|BNDIA3|17|BNDIA|0|4
S| |91000000|181000000| |VM|0|17100|0|0|0|0|0|0|0|0|0|0|0
S|GARDS|30052089|-97946586| |DF|0|0|0|0|0|0|1|5000|0|0|0|0|0
S|GARDS|30052089|-97946586| |IF|0|0|0|0|0|0|1|5000|0|0|0|0|0
S|BNDIA|29644144|-98461172| |TF|0|0|0|0|0|0|0|0|0|0|0|0|0

P|BNDIA3|26|BNDIA|0|4
S| |91000000|181000000| |VM|0|26100|0|0|0|0|0|0|0|0|0|0|0
S|GARDS|30052089|-97946586| |DF|0|0|0|0|0|0|1|5000|0|0|0|0|0
S|GARDS|30052089|-97946586| |IF|0|0|0|0|0|0|1|5000|0|0|0|0|0
S|BNDIA|29644144|-98461172| |TF|0|0|0|0|0|0|0|0|0|0|0|0|0

P|BNDIA3|31|BNDIA|0|4
S| |91000000|181000000| |VM|0|30600|0|0|0|0|0|0|0|0|0|0|0
S|GARDS|30052089|-97946586| |DF|0|0|0|0|0|0|1|5000|0|0|0|0|0
S|GARDS|30052089|-97946586| |IF|0|0|0|0|0|0|1|5000|0|0|0|0|0
S|BNDIA|29644144|-98461172| |TF|0|0|0|0|0|0|0|0|0|0|0|0|0

P|BNDIA3|35|BNDIA|0|4
S| |91000000|181000000| |VM|0|35100|0|0|0|0|0|0|0|0|0|0|0
S|GARDS|30052089|-97946586| |DF|0|0|0|0|0|0|1|5000|0|0|0|0|0
S|GARDS|30052089|-97946586| |IF|0|0|0|0|0|0|1|5000|0|0|0|0|0
S|BNDIA|29644144|-98461172| |TF|0|0|0|0|0|0|0|0|0|0|0|0|0

P|ELOEL3|08|ABI|0|7
S| |91000000|181000000| |VM|0|8100|0|0|0|0|0|0|0|0|0|0|0
S|WLMRT|30740783|-97859331| |DF|0|0|0|0|0|0|1|5000|0|0|0|0|0
S|WLMRT|30740783|-97859331| |IF|0|0|0|0|0|0|1|5000|0|0|0|0|0
S|ELOEL|30905364|-97920572| |TF|0|0|0|0|0|0|0|0|0|0|0|0|0
S|ELOEL|30905364|-97920572| |IF|0|0|0|0|0|0|0|0|0|0|0|0|0
S|FORSS|31172189|-98077739| |TF|0|0|0|0|0|0|0|0|0|0|0|0|0
S|ABI|32481331|-99863453| |TF|0|0|0|0|0|0|0|0|0|0|0|0|0

P|ELOEL3|08|FORSS|0|6
S| |91000000|181000000| |VM|0|8100|0|0|0|0|0|0|0|0|0|0|0
S|WLMRT|30740783|-97859331| |DF|0|0|0|0|0|0|1|5000|0|0|0|0|0
S|WLMRT|30740783|-97859331| |IF|0|0|0|0|0|0|1|5000|0|0|0|0|0
S|ELOEL|30905364|-97920572| |TF|0|0|0|0|0|0|0|0|0|0|0|0|0
S|ELOEL|30905364|-97920572| |IF|0|0|0|0|0|0|0|0|0|0|0|0|0
S|FORSS|31172189|-98077739| |TF|0|0|0|0|0|0|0|0|0|0|0|0|0

P|ELOEL3|08|KLNGR|0|6
S| |91000000|181000000| |VM|0|8100|0|0|0|0|0|0|0|0|0|0|0
S|WLMRT|30740783|-97859331| |DF|0|0|0|0|0|0|1|5000|0|0|0|0|0
S|WLMRT|30740783|-97859331| |IF|0|0|0|0|0|0|1|5000|0|0|0|0|0
S|ELOEL|30905364|-97920572| |TF|0|0|0|0|0|0|0|0|0|0|0|0|0
S|ELOEL|30905364|-97920572| |IF|0|0|0|0|0|0|0|0|0|0|0|0|0
S|KLNGR|31223553|-98038847| |TF|0|0|0|0|0|0|0|0|0|0|0|0|0

P|ELOEL3|13|ABI|0|7
S| |91000000|181000000| |VM|0|12600|0|0|0|0|0|0|0|0|0|0|0
S|WLMRT|30740783|-97859331| |DF|0|0|0|0|0|0|1|5000|0|0|0|0|0
S|WLMRT|30740783|-97859331| |IF|0|0|0|0|0|0|1|5000|0|0|0|0|0
S|ELOEL|30905364|-97920572| |TF|0|0|0|0|0|0|0|0|0|0|0|0|0
S|ELOEL|30905364|-97920572| |IF|0|0|0|0|0|0|0|0|0|0|0|0|0
S|FORSS|31172189|-98077739| |TF|0|0|0|0|0|0|0|0|0|0|0|0|0
S|ABI|32481331|-99863453| |TF|0|0|0|0|0|0|0|0|0|0|0|0|0

P|ELOEL3|13|FORSS|0|6
S| |91000000|181000000| |VM|0|12600|0|0|0|0|0|0|0|0|0|0|0
S|WLMRT|30740783|-97859331| |DF|0|0|0|0|0|0|1|5000|0|0|0|0|0
S|WLMRT|30740783|-97859331| |IF|0|0|0|0|0|0|1|5000|0|0|0|0|0
S|ELOEL|30905364|-97920572| |TF|0|0|0|0|0|0|0|0|0|0|0|0|0
S|ELOEL|30905364|-97920572| |IF|0|0|0|0|0|0|0|0|0|0|0|0|0
S|FORSS|31172189|-98077739| |TF|0|0|0|0|0|0|0|0|0|0|0|0|0

P|ELOEL3|13|KLNGR|0|6
S| |91000000|181000000| |VM|0|12600|0|0|0|0|0|0|0|0|0|0|0
S|WLMRT|30740783|-97859331| |DF|0|0|0|0|0|0|1|5000|0|0|0|0|0
S|WLMRT|30740783|-97859331| |IF|0|0|0|0|0|0|1|5000|0|0|0|0|0
S|ELOEL|30905364|-97920572| |TF|0|0|0|0|0|0|0|0|0|0|0|0|0
S|ELOEL|30905364|-97920572| |IF|0|0|0|0|0|0|0|0|0|0|0|0|0
S|KLNGR|31223553|-98038847| |TF|0|0|0|0|0|0|0|0|0|0|0|0|0

P|ELOEL3|17|ABI|0|7
S| |91000000|181000000| |VM|0|17100|0|0|0|0|0|0|0|0|0|0|0
S|WLMRT|30740783|-97859331| |DF|0|0|0|0|0|0|1|5000|0|0|0|0|0
S|WLMRT|30740783|-97859331| |IF|0|0|0|0|0|0|1|5000|0|0|0|0|0
S|ELOEL|30905364|-97920572| |TF|0|0|0|0|0|0|0|0|0|0|0|0|0
S|ELOEL|30905364|-97920572| |IF|0|0|0|0|0|0|0|0|0|0|0|0|0
S|FORSS|31172189|-98077739| |TF|0|0|0|0|0|0|0|0|0|0|0|0|0
S|ABI|32481331|-99863453| |TF|0|0|0|0|0|0|0|0|0|0|0|0|0

P|ELOEL3|17|FORSS|0|6
S| |91000000|181000000| |VM|0|17100|0|0|0|0|0|0|0|0|0|0|0
S|WLMRT|30740783|-97859331| |DF|0|0|0|0|0|0|1|5000|0|0|0|0|0
S|WLMRT|30740783|-97859331| |IF|0|0|0|0|0|0|1|5000|0|0|0|0|0
S|ELOEL|30905364|-97920572| |TF|0|0|0|0|0|0|0|0|0|0|0|0|0
S|ELOEL|30905364|-97920572| |IF|0|0|0|0|0|0|0|0|0|0|0|0|0
S|FORSS|31172189|-98077739| |TF|0|0|0|0|0|0|0|0|0|0|0|0|0

P|ELOEL3|17|KLNGR|0|6
S| |91000000|181000000| |VM|0|17100|0|0|0|0|0|0|0|0|0|0|0
S|WLMRT|30740783|-97859331| |DF|0|0|0|0|0|0|1|5000|0|0|0|0|0
S|WLMRT|30740783|-97859331| |IF|0|0|0|0|0|0|1|5000|0|0|0|0|0
S|ELOEL|30905364|-97920572| |TF|0|0|0|0|0|0|0|0|0|0|0|0|0
S|ELOEL|30905364|-97920572| |IF|0|0|0|0|0|0|0|0|0|0|0|0|0
S|KLNGR|31223553|-98038847| |TF|0|0|0|0|0|0|0|0|0|0|0|0|0

P|ELOEL3|26|ABI|0|7
S| |91000000|181000000| |VM|0|26100|0|0|0|0|0|0|0|0|0|0|0
S|WLMRT|30740783|-97859331| |DF|0|0|0|0|0|0|1|5000|0|0|0|0|0
S|WLMRT|30740783|-97859331| |IF|0|0|0|0|0|0|1|5000|0|0|0|0|0
S|ELOEL|30905364|-97920572| |TF|0|0|0|0|0|0|0|0|0|0|0|0|0
S|ELOEL|30905364|-97920572| |IF|0|0|0|0|0|0|0|0|0|0|0|0|0
S|FORSS|31172189|-98077739| |TF|0|0|0|0|0|0|0|0|0|0|0|0|0
S|ABI|32481331|-99863453| |TF|0|0|0|0|0|0|0|0|0|0|0|0|0

P|ELOEL3|26|FORSS|0|6
S| |91000000|181000000| |VM|0|26100|0|0|0|0|0|0|0|0|0|0|0
S|WLMRT|30740783|-97859331| |DF|0|0|0|0|0|0|1|5000|0|0|0|0|0
S|WLMRT|30740783|-97859331| |IF|0|0|0|0|0|0|1|5000|0|0|0|0|0
S|ELOEL|30905364|-97920572| |TF|0|0|0|0|0|0|0|0|0|0|0|0|0
S|ELOEL|30905364|-97920572| |IF|0|0|0|0|0|0|0|0|0|0|0|0|0
S|FORSS|31172189|-98077739| |TF|0|0|0|0|0|0|0|0|0|0|0|0|0

P|ELOEL3|26|KLNGR|0|6
S| |91000000|181000000| |VM|0|26100|0|0|0|0|0|0|0|0|0|0|0
S|WLMRT|30740783|-97859331| |DF|0|0|0|0|0|0|1|5000|0|0|0|0|0
S|WLMRT|30740783|-97859331| |IF|0|0|0|0|0|0|1|5000|0|0|0|0|0
S|ELOEL|30905364|-97920572| |TF|0|0|0|0|0|0|0|0|0|0|0|0|0
S|ELOEL|30905364|-97920572| |IF|0|0|0|0|0|0|0|0|0|0|0|0|0
S|KLNGR|31223553|-98038847| |TF|0|0|0|0|0|0|0|0|0|0|0|0|0

P|ELOEL3|31|ABI|0|7
S| |91000000|181000000| |VM|0|30600|0|0|0|0|0|0|0|0|0|0|0
S|WLMRT|30740783|-97859331| |DF|0|0|0|0|0|0|1|5000|0|0|0|0|0
S|WLMRT|30740783|-97859331| |IF|0|0|0|0|0|0|1|5000|0|0|0|0|0
S|ELOEL|30905364|-97920572| |TF|0|0|0|0|0|0|0|0|0|0|0|0|0
S|ELOEL|30905364|-97920572| |IF|0|0|0|0|0|0|0|0|0|0|0|0|0
S|FORSS|31172189|-98077739| |TF|0|0|0|0|0|0|0|0|0|0|0|0|0
S|ABI|32481331|-99863453| |TF|0|0|0|0|0|0|0|0|0|0|0|0|0

P|ELOEL3|31|FORSS|0|6
S| |91000000|181000000| |VM|0|30600|0|0|0|0|0|0|0|0|0|0|0
S|WLMRT|30740783|-97859331| |DF|0|0|0|0|0|0|1|5000|0|0|0|0|0
S|WLMRT|30740783|-97859331| |IF|0|0|0|0|0|0|1|5000|0|0|0|0|0
S|ELOEL|30905364|-97920572| |TF|0|0|0|0|0|0|0|0|0|0|0|0|0
S|ELOEL|30905364|-97920572| |IF|0|0|0|0|0|0|0|0|0|0|0|0|0
S|FORSS|31172189|-98077739| |TF|0|0|0|0|0|0|0|0|0|0|0|0|0

P|ELOEL3|31|KLNGR|0|6
S| |91000000|181000000| |VM|0|30600|0|0|0|0|0|0|0|0|0|0|0
S|WLMRT|30740783|-97859331| |DF|0|0|0|0|0|0|1|5000|0|0|0|0|0
S|WLMRT|30740783|-97859331| |IF|0|0|0|0|0|0|1|5000|0|0|0|0|0
S|ELOEL|30905364|-97920572| |TF|0|0|0|0|0|0|0|0|0|0|0|0|0
S|ELOEL|30905364|-97920572| |IF|0|0|0|0|0|0|0|0|0|0|0|0|0
S|KLNGR|31223553|-98038847| |TF|0|0|0|0|0|0|0|0|0|0|0|0|0

P|ELOEL3|35|ABI|0|7
S| |91000000|181000000| |VM|0|35100|0|0|0|0|0|0|0|0|0|0|0
S|WLMRT|30740783|-97859331| |DF|0|0|0|0|0|0|1|5000|0|0|0|0|0
S|WLMRT|30740783|-97859331| |IF|0|0|0|0|0|0|1|5000|0|0|0|0|0
S|ELOEL|30905364|-97920572| |TF|0|0|0|0|0|0|0|0|0|0|0|0|0
S|ELOEL|30905364|-97920572| |IF|0|0|0|0|0|0|0|0|0|0|0|0|0
S|FORSS|31172189|-98077739| |TF|0|0|0|0|0|0|0|0|0|0|0|0|0
S|ABI|32481331|-99863453| |TF|0|0|0|0|0|0|0|0|0|0|0|0|0

P|ELOEL3|35|FORSS|0|6
S| |91000000|181000000| |VM|0|35100|0|0|0|0|0|0|0|0|0|0|0
S|WLMRT|30740783|-97859331| |DF|0|0|0|0|0|0|1|5000|0|0|0|0|0
S|WLMRT|30740783|-97859331| |IF|0|0|0|0|0|0|1|5000|0|0|0|0|0
S|ELOEL|30905364|-97920572| |TF|0|0|0|0|0|0|0|0|0|0|0|0|0
S|ELOEL|30905364|-97920572| |IF|0|0|0|0|0|0|0|0|0|0|0|0|0
S|FORSS|31172189|-98077739| |TF|0|0|0|0|0|0|0|0|0|0|0|0|0

P|ELOEL3|35|KLNGR|0|6
S| |91000000|181000000| |VM|0|35100|0|0|0|0|0|0|0|0|0|0|0
S|WLMRT|30740783|-97859331| |DF|0|0|0|0|0|0|1|5000|0|0|0|0|0
S|WLMRT|30740783|-97859331| |IF|0|0|0|0|0|0|1|5000|0|0|0|0|0
S|ELOEL|30905364|-97920572| |TF|0|0|0|0|0|0|0|0|0|0|0|0|0
S|ELOEL|30905364|-97920572| |IF|0|0|0|0|0|0|0|0|0|0|0|0|0
S|KLNGR|31223553|-98038847| |TF|0|0|0|0|0|0|0|0|0|0|0|0|0

P|ILEXY4|08|JAYJO|0|6
S| |91000000|181000000| |VM|0|8100|0|0|0|0|0|0|0|0|0|0|0
S|HOOKK|30360000|-97203022| |DF|0|0|0|0|0|0|1|5000|0|0|0|0|0
S|HOOKK|30360000|-97203022| |IF|0|0|0|0|0|0|1|5000|0|0|0|0|0
S|ILEXY|30352778|-97079294| |TF|0|0|0|0|0|0|0|0|0|0|0|0|0
S|ILEXY|30352778|-97079294| |IF|0|0|0|0|0|0|0|0|0|0|0|0|0
S|JAYJO|30337150|-96815014| |TF|0|0|0|0|0|0|0|0|0|0|0|0|0

P|ILEXY4|08|ZENZI|0|8
S| |91000000|181000000| |VM|0|8100|0|0|0|0|0|0|0|0|0|0|0
S|HOOKK|30360000|-97203022| |DF|0|0|0|0|0|0|1|5000|0|0|0|0|0
S|HOOKK|30360000|-97203022| |IF|0|0|0|0|0|0|1|5000|0|0|0|0|0
S|ILEXY|30352778|-97079294| |TF|0|0|0|0|0|0|0|0|0|0|0|0|0
S|ILEXY|30352778|-97079294| |IF|0|0|0|0|0|0|0|0|0|0|0|0|0
S|JAYJO|30337150|-96815014| |TF|0|0|0|0|0|0|0|0|0|0|0|0|0
S|ASHRR|30317936|-96507683| |TF|0|0|0|0|0|0|0|0|0|0|0|0|0
S|ZENZI|30288539|-96058431| |TF|0|0|0|0|0|0|0|0|0|0|0|0|0

P|ILEXY4|13|JAYJO|0|6
S| |91000000|181000000| |VM|0|12600|0|0|0|0|0|0|0|0|0|0|0
S|HOOKK|30360000|-97203022| |DF|0|0|0|0|0|0|1|5000|0|0|0|0|0
S|HOOKK|30360000|-97203022| |IF|0|0|0|0|0|0|1|5000|0|0|0|0|0
S|ILEXY|30352778|-97079294| |TF|0|0|0|0|0|0|0|0|0|0|0|0|0
S|ILEXY|30352778|-97079294| |IF|0|0|0|0|0|0|0|0|0|0|0|0|0
S|JAYJO|30337150|-96815014| |TF|0|0|0|0|0|0|0|0|0|0|0|0|0

P|ILEXY4|13|ZENZI|0|8
S| |91000000|181000000| |VM|0|12600|0|0|0|0|0|0|0|0|0|0|0
S|HOOKK|30360000|-97203022| |DF|0|0|0|0|0|0|1|5000|0|0|0|0|0
S|HOOKK|30360000|-97203022| |IF|0|0|0|0|0|0|1|5000|0|0|0|0|0
S|ILEXY|30352778|-97079294| |TF|0|0|0|0|0|0|0|0|0|0|0|0|0
S|ILEXY|30352778|-97079294| |IF|0|0|0|0|0|0|0|0|0|0|0|0|0
S|JAYJO|30337150|-96815014| |TF|0|0|0|0|0|0|0|0|0|0|0|0|0
S|ASHRR|30317936|-96507683| |TF|0|0|0|0|0|0|0|0|0|0|0|0|0
S|ZENZI|30288539|-96058431| |TF|0|0|0|0|0|0|0|0|0|0|0|0|0

P|ILEXY4|17|JAYJO|0|6
S| |91000000|181000000| |VM|0|17100|0|0|0|0|0|0|0|0|0|0|0
S|HOOKK|30360000|-97203022| |DF|0|0|0|0|0|0|1|5000|0|0|0|0|0
S|HOOKK|30360000|-97203022| |IF|0|0|0|0|0|0|1|5000|0|0|0|0|0
S|ILEXY|30352778|-97079294| |TF|0|0|0|0|0|0|0|0|0|0|0|0|0
S|ILEXY|30352778|-97079294| |IF|0|0|0|0|0|0|0|0|0|0|0|0|0
S|JAYJO|30337150|-96815014| |TF|0|0|0|0|0|0|0|0|0|0|0|0|0

P|ILEXY4|17|ZENZI|0|8
S| |91000000|181000000| |VM|0|17100|0|0|0|0|0|0|0|0|0|0|0
S|HOOKK|30360000|-97203022| |DF|0|0|0|0|0|0|1|5000|0|0|0|0|0
S|HOOKK|30360000|-97203022| |IF|0|0|0|0|0|0|1|5000|0|0|0|0|0
S|ILEXY|30352778|-97079294| |TF|0|0|0|0|0|0|0|0|0|0|0|0|0
S|ILEXY|30352778|-97079294| |IF|0|0|0|0|0|0|0|0|0|0|0|0|0
S|JAYJO|30337150|-96815014| |TF|0|0|0|0|0|0|0|0|0|0|0|0|0
S|ASHRR|30317936|-96507683| |TF|0|0|0|0|0|0|0|0|0|0|0|0|0
S|ZENZI|30288539|-96058431| |TF|0|0|0|0|0|0|0|0|0|0|0|0|0

P|ILEXY4|26|JAYJO|0|6
S| |91000000|181000000| |VM|0|26100|0|0|0|0|0|0|0|0|0|0|0
S|HOOKK|30360000|-97203022| |DF|0|0|0|0|0|0|1|5000|0|0|0|0|0
S|HOOKK|30360000|-97203022| |IF|0|0|0|0|0|0|1|5000|0|0|0|0|0
S|ILEXY|30352778|-97079294| |TF|0|0|0|0|0|0|0|0|0|0|0|0|0
S|ILEXY|30352778|-97079294| |IF|0|0|0|0|0|0|0|0|0|0|0|0|0
S|JAYJO|30337150|-96815014| |TF|0|0|0|0|0|0|0|0|0|0|0|0|0

P|ILEXY4|26|ZENZI|0|8
S| |91000000|181000000| |VM|0|26100|0|0|0|0|0|0|0|0|0|0|0
S|HOOKK|30360000|-97203022| |DF|0|0|0|0|0|0|1|5000|0|0|0|0|0
S|HOOKK|30360000|-97203022| |IF|0|0|0|0|0|0|1|5000|0|0|0|0|0
S|ILEXY|30352778|-97079294| |TF|0|0|0|0|0|0|0|0|0|0|0|0|0
S|ILEXY|30352778|-97079294| |IF|0|0|0|0|0|0|0|0|0|0|0|0|0
S|JAYJO|30337150|-96815014| |TF|0|0|0|0|0|0|0|0|0|0|0|0|0
S|ASHRR|30317936|-96507683| |TF|0|0|0|0|0|0|0|0|0|0|0|0|0
S|ZENZI|30288539|-96058431| |TF|0|0|0|0|0|0|0|0|0|0|0|0|0

P|ILEXY4|31|JAYJO|0|6
S| |91000000|181000000| |VM|0|30600|0|0|0|0|0|0|0|0|0|0|0
S|HOOKK|30360000|-97203022| |DF|0|0|0|0|0|0|1|5000|0|0|0|0|0
S|HOOKK|30360000|-97203022| |IF|0|0|0|0|0|0|1|5000|0|0|0|0|0
S|ILEXY|30352778|-97079294| |TF|0|0|0|0|0|0|0|0|0|0|0|0|0
S|ILEXY|30352778|-97079294| |IF|0|0|0|0|0|0|0|0|0|0|0|0|0
S|JAYJO|30337150|-96815014| |TF|0|0|0|0|0|0|0|0|0|0|0|0|0

P|ILEXY4|31|ZENZI|0|8
S| |91000000|181000000| |VM|0|30600|0|0|0|0|0|0|0|0|0|0|0
S|HOOKK|30360000|-97203022| |DF|0|0|0|0|0|0|1|5000|0|0|0|0|0
S|HOOKK|30360000|-97203022| |IF|0|0|0|0|0|0|1|5000|0|0|0|0|0
S|ILEXY|30352778|-97079294| |TF|0|0|0|0|0|0|0|0|0|0|0|0|0
S|ILEXY|30352778|-97079294| |IF|0|0|0|0|0|0|0|0|0|0|0|0|0
S|JAYJO|30337150|-96815014| |TF|0|0|0|0|0|0|0|0|0|0|0|0|0
S|ASHRR|30317936|-96507683| |TF|0|0|0|0|0|0|0|0|0|0|0|0|0
S|ZENZI|30288539|-96058431| |TF|0|0|0|0|0|0|0|0|0|0|0|0|0

P|ILEXY4|35|JAYJO|0|6
S| |91000000|181000000| |VM|0|35100|0|0|0|0|0|0|0|0|0|0|0
S|HOOKK|30360000|-97203022| |DF|0|0|0|0|0|0|1|5000|0|0|0|0|0
S|HOOKK|30360000|-97203022| |IF|0|0|0|0|0|0|1|5000|0|0|0|0|0
S|ILEXY|30352778|-97079294| |TF|0|0|0|0|0|0|0|0|0|0|0|0|0
S|ILEXY|30352778|-97079294| |IF|0|0|0|0|0|0|0|0|0|0|0|0|0
S|JAYJO|30337150|-96815014| |TF|0|0|0|0|0|0|0|0|0|0|0|0|0

P|ILEXY4|35|ZENZI|0|8
S| |91000000|181000000| |VM|0|35100|0|0|0|0|0|0|0|0|0|0|0
S|HOOKK|30360000|-97203022| |DF|0|0|0|0|0|0|1|5000|0|0|0|0|0
S|HOOKK|30360000|-97203022| |IF|0|0|0|0|0|0|1|5000|0|0|0|0|0
S|ILEXY|30352778|-97079294| |TF|0|0|0|0|0|0|0|0|0|0|0|0|0
S|ILEXY|30352778|-97079294| |IF|0|0|0|0|0|0|0|0|0|0|0|0|0
S|JAYJO|30337150|-96815014| |TF|0|0|0|0|0|0|0|0|0|0|0|0|0
S|ASHRR|30317936|-96507683| |TF|0|0|0|0|0|0|0|0|0|0|0|0|0
S|ZENZI|30288539|-96058431| |TF|0|0|0|0|0|0|0|0|0|0|0|0|0

P|MUCKY3|08|MUCKY|0|4
S| |91000000|181000000| |VM|0|8100|0|0|0|0|0|0|0|0|0|0|0
S|PAYDA|30290967|-98204844| |DF|0|0|0|0|0|0|1|5000|0|0|0|0|0
S|PAYDA|30290967|-98204844| |IF|0|0|0|0|0|0|1|5000|0|0|0|0|0
S|MUCKY|30418617|-98865214| |TF|0|0|0|0|0|0|0|0|0|0|0|0|0

P|MUCKY3|13|MUCKY|0|4
S| |91000000|181000000| |VM|0|12600|0|0|0|0|0|0|0|0|0|0|0
S|PAYDA|30290967|-98204844| |DF|0|0|0|0|0|0|1|5000|0|0|0|0|0
S|PAYDA|30290967|-98204844| |IF|0|0|0|0|0|0|1|5000|0|0|0|0|0
S|MUCKY|30418617|-98865214| |TF|0|0|0|0|0|0|0|0|0|0|0|0|0

P|MUCKY3|17|MUCKY|0|4
S| |91000000|181000000| |VM|0|17100|0|0|0|0|0|0|0|0|0|0|0
S|PAYDA|30290967|-98204844| |DF|0|0|0|0|0|0|1|5000|0|0|0|0|0
S|PAYDA|30290967|-98204844| |IF|0|0|0|0|0|0|1|5000|0|0|0|0|0
S|MUCKY|30418617|-98865214| |TF|0|0|0|0|0|0|0|0|0|0|0|0|0

P|MUCKY3|26|MUCKY|0|4
S| |91000000|181000000| |VM|0|26100|0|0|0|0|0|0|0|0|0|0|0
S|PAYDA|30290967|-98204844| |DF|0|0|0|0|0|0|1|5000|0|0|0|0|0
S|PAYDA|30290967|-98204844| |IF|0|0|0|0|0|0|1|5000|0|0|0|0|0
S|MUCKY|30418617|-98865214| |TF|0|0|0|0|0|0|0|0|0|0|0|0|0

P|MUCKY3|31|MUCKY|0|4
S| |91000000|181000000| |VM|0|30600|0|0|0|0|0|0|0|0|0|0|0
S|PAYDA|30290967|-98204844| |DF|0|0|0|0|0|0|1|5000|0|0|0|0|0
S|PAYDA|30290967|-98204844| |IF|0|0|0|0|0|0|1|5000|0|0|0|0|0
S|MUCKY|30418617|-98865214| |TF|0|0|0|0|0|0|0|0|0|0|0|0|0

P|MUCKY3|35|MUCKY|0|4
S| |91000000|181000000| |VM|0|35100|0|0|0|0|0|0|0|0|0|0|0
S|PAYDA|30290967|-98204844| |DF|0|0|0|0|0|0|1|5000|0|0|0|0|0
S|PAYDA|30290967|-98204844| |IF|0|0|0|0|0|0|1|5000|0|0|0|0|0
S|MUCKY|30418617|-98865214| |TF|0|0|0|0|0|0|0|0|0|0|0|0|0

P|SAYBR3|08|SAYBR|0|4
S| |91000000|181000000| |VM|0|8100|0|0|0|0|0|0|0|0|0|0|0
S|MUNCH|30576394|-97294614| |DF|0|0|0|0|0|0|1|5000|0|0|0|0|0
S|MUNCH|30576394|-97294614| |IF|0|0|0|0|0|0|1|5000|0|0|0|0|0
S|SAYBR|30973414|-97046742| |TF|0|0|0|0|0|0|0|0|0|0|0|0|0

P|SAYBR3|13|SAYBR|0|4
S| |91000000|181000000| |VM|0|12600|0|0|0|0|0|0|0|0|0|0|0
S|MUNCH|30576394|-97294614| |DF|0|0|0|0|0|0|1|5000|0|0|0|0|0
S|MUNCH|30576394|-97294614| |IF|0|0|0|0|0|0|1|5000|0|0|0|0|0
S|SAYBR|30973414|-97046742| |TF|0|0|0|0|0|0|0|0|0|0|0|0|0

P|SAYBR3|17|SAYBR|0|4
S| |91000000|181000000| |VM|0|17100|0|0|0|0|0|0|0|0|0|0|0
S|MUNCH|30576394|-97294614| |DF|0|0|0|0|0|0|1|5000|0|0|0|0|0
S|MUNCH|30576394|-97294614| |IF|0|0|0|0|0|0|1|5000|0|0|0|0|0
S|SAYBR|30973414|-97046742| |TF|0|0|0|0|0|0|0|0|0|0|0|0|0

P|SAYBR3|26|SAYBR|0|4
S| |91000000|181000000| |VM|0|26100|0|0|0|0|0|0|0|0|0|0|0
S|MUNCH|30576394|-97294614| |DF|0|0|0|0|0|0|1|5000|0|0|0|0|0
S|MUNCH|30576394|-97294614| |IF|0|0|0|0|0|0|1|5000|0|0|0|0|0
S|SAYBR|30973414|-97046742| |TF|0|0|0|0|0|0|0|0|0|0|0|0|0

P|SAYBR3|31|SAYBR|0|4
S| |91000000|181000000| |VM|0|30600|0|0|0|0|0|0|0|0|0|0|0
S|MUNCH|30576394|-97294614| |DF|0|0|0|0|0|0|1|5000|0|0|0|0|0
S|MUNCH|30576394|-97294614| |IF|0|0|0|0|0|0|1|5000|0|0|0|0|0
S|SAYBR|30973414|-97046742| |TF|0|0|0|0|0|0|0|0|0|0|0|0|0

P|SAYBR3|35|SAYBR|0|4
S| |91000000|181000000| |VM|0|35100|0|0|0|0|0|0|0|0|0|0|0
S|MUNCH|30576394|-97294614| |DF|0|0|0|0|0|0|1|5000|0|0|0|0|0
S|MUNCH|30576394|-97294614| |IF|0|0|0|0|0|0|1|5000|0|0|0|0|0
S|SAYBR|30973414|-97046742| |TF|0|0|0|0|0|0|0|0|0|0|0|0|0

