P|FAHLZ1|03|KAYTT|0|4
S|FAHLZ|43619578|-111958297| |DF|0|0|0|0|0|230|1|7600|0|0|0|0|0
S|FAHLZ|43619578|-111958297| |IF|0|0|0|0|0|230|1|7600|0|0|0|0|0
S|FRGNA|43596689|-111760289| |TF|0|0|0|0|0|0|1|8000|0|0|0|0|0
S|KAYTT|43261792|-111820597| |TF|0|0|0|0|0|0|1|12000|0|0|0|0|0

P|FAHLZ1|03|SABAT|0|3
S|FAHLZ|43619578|-111958297| |DF|0|0|0|0|0|230|1|7600|0|0|0|0|0
S|FAHLZ|43619578|-111958297| |IF|0|0|0|0|0|230|1|7600|0|0|0|0|0
S|SABAT|44016586|-111665289| |TF|0|0|0|0|0|0|0|0|0|0|0|0|0

P|FAHLZ1|03|SHAEL|0|3
S|FAHLZ|43619578|-111958297| |DF|0|0|0|0|0|230|1|7600|0|0|0|0|0
S|FAHLZ|43619578|-111958297| |IF|0|0|0|0|0|230|1|7600|0|0|0|0|0
S|SHAEL|43843453|-112318936| |TF|0|0|0|0|0|0|0|0|0|0|0|0|0

P|IYEFF1|21|BRDIN|0|3
S|IYEFF|43417106|-112176742| |DF|0|0|0|0|0|230|1|7000|0|0|0|0|0
S|IYEFF|43417106|-112176742| |IF|0|0|0|0|0|230|1|7000|0|0|0|0|0
S|BRDIN|43575075|-112564472| |TF|0|0|0|0|0|0|0|0|0|0|0|0|0

P|IYEFF1|21|RAMMM|0|4
S|IYEFF|43417106|-112176742| |DF|0|0|0|0|0|230|1|7000|0|0|0|0|0
S|IYEFF|43417106|-112176742| |IF|0|0|0|0|0|230|1|7000|0|0|0|0|0
S|MARPS|43134925|-112178242| |TF|0|0|0|0|0|0|1|10400|0|0|0|0|0
S|RAMMM|42444342|-112181858| |TF|0|0|0|0|0|0|0|0|0|0|0|0|0

P|IYEFF1|21|ROCCA|0|3
S|IYEFF|43417106|-112176742| |DF|0|0|0|0|0|230|1|7000|0|0|0|0|0
S|IYEFF|43417106|-112176742| |IF|0|0|0|0|0|230|1|7000|0|0|0|0|0
S|ROCCA|43401156|-112461561| |TF|0|0|0|0|0|0|0|0|0|0|0|0|0

P|IYEFF1|21|SHEMA|0|4
S|IYEFF|43417106|-112176742| |DF|0|0|0|0|0|230|1|7000|0|0|0|0|0
S|IYEFF|43417106|-112176742| |IF|0|0|0|0|0|230|1|7000|0|0|0|0|0
S|MARPS|43134925|-112178242| |TF|0|0|0|0|0|0|1|10400|0|0|0|0|0
S|SHEMA|42861225|-111658847| |TF|0|0|0|0|0|0|1|12000|0|0|0|0|0

