P|EXTVE1|04|ALD|0|7
S| |91000000|181000000| |VA|0|3700|0|0|0|0|1|520|0|0|0|0|0
S|RNDAH|32693631|-80123311| |DF|1|0|0|0|0|0|1|2000|0|1|0|0|0
S|GECHE|32914181|-80391628| |DF|2|0|0|0|0|0|0|0|0|0|0|0|0
S|GULLA|32938253|-80499200| |TF|0|0|0|0|0|0|0|0|0|0|0|0|0
S|PLFMD|32975425|-80893619| |TF|0|0|0|0|0|0|0|0|0|0|0|0|0
S|PLFMD|32975425|-80893619| |IF|0|0|0|0|0|0|0|0|0|0|0|0|0
S|ALD|33012494|-81292233| |TF|0|0|0|0|0|0|0|0|0|0|0|0|0

P|EXTVE1|04|DBN|0|7
S| |91000000|181000000| |VA|0|3700|0|0|0|0|1|520|0|0|0|0|0
S|RNDAH|32693631|-80123311| |DF|1|0|0|0|0|0|1|2000|0|1|0|0|0
S|GECHE|32914181|-80391628| |DF|2|0|0|0|0|0|0|0|0|0|0|0|0
S|GULLA|32938253|-80499200| |TF|0|0|0|0|0|0|0|0|0|0|0|0|0
S|PLFMD|32975425|-80893619| |TF|0|0|0|0|0|0|0|0|0|0|0|0|0
S|PLFMD|32975425|-80893619| |IF|0|0|0|0|0|0|0|0|0|0|0|0|0
S|DBN|32563461|-82830044| |TF|0|0|0|0|0|0|0|0|0|0|0|0|0

P|EXTVE1|04|IRQ|0|8
S| |91000000|181000000| |VA|0|3700|0|0|0|0|1|520|0|0|0|0|0
S|RNDAH|32693631|-80123311| |DF|1|0|0|0|0|0|1|2000|0|1|0|0|0
S|GECHE|32914181|-80391628| |DF|2|0|0|0|0|0|0|0|0|0|0|0|0
S|GULLA|32938253|-80499200| |TF|0|0|0|0|0|0|0|0|0|0|0|0|0
S|PLFMD|32975425|-80893619| |TF|0|0|0|0|0|0|0|0|0|0|0|0|0
S|PLFMD|32975425|-80893619| |IF|0|0|0|0|0|0|0|0|0|0|0|0|0
S|FIBRO|33440375|-81826222| |TF|0|0|0|0|0|0|0|0|0|0|0|0|0
S|IRQ|33707353|-82162064| |TF|0|0|0|0|0|0|0|0|0|0|0|0|0

P|EXTVE1|09|ALD|0|7
S| |91000000|181000000| |VA|0|9400|0|0|0|0|1|520|0|0|0|0|0
S|RNDAH|32693631|-80123311| |DF|2|0|0|0|0|0|1|2000|0|1|0|0|0
S|GECHE|32914181|-80391628| |DF|0|0|0|0|0|0|0|0|0|0|0|0|0
S|GULLA|32938253|-80499200| |TF|0|0|0|0|0|0|0|0|0|0|0|0|0
S|PLFMD|32975425|-80893619| |TF|0|0|0|0|0|0|0|0|0|0|0|0|0
S|PLFMD|32975425|-80893619| |IF|0|0|0|0|0|0|0|0|0|0|0|0|0
S|ALD|33012494|-81292233| |TF|0|0|0|0|0|0|0|0|0|0|0|0|0

P|EXTVE1|09|DBN|0|7
S| |91000000|181000000| |VA|0|9400|0|0|0|0|1|520|0|0|0|0|0
S|RNDAH|32693631|-80123311| |DF|2|0|0|0|0|0|1|2000|0|1|0|0|0
S|GECHE|32914181|-80391628| |DF|0|0|0|0|0|0|0|0|0|0|0|0|0
S|GULLA|32938253|-80499200| |TF|0|0|0|0|0|0|0|0|0|0|0|0|0
S|PLFMD|32975425|-80893619| |TF|0|0|0|0|0|0|0|0|0|0|0|0|0
S|PLFMD|32975425|-80893619| |IF|0|0|0|0|0|0|0|0|0|0|0|0|0
S|DBN|32563461|-82830044| |TF|0|0|0|0|0|0|0|0|0|0|0|0|0

P|EXTVE1|09|IRQ|0|8
S| |91000000|181000000| |VA|0|9400|0|0|0|0|1|520|0|0|0|0|0
S|RNDAH|32693631|-80123311| |DF|2|0|0|0|0|0|1|2000|0|1|0|0|0
S|GECHE|32914181|-80391628| |DF|0|0|0|0|0|0|0|0|0|0|0|0|0
S|GULLA|32938253|-80499200| |TF|0|0|0|0|0|0|0|0|0|0|0|0|0
S|PLFMD|32975425|-80893619| |TF|0|0|0|0|0|0|0|0|0|0|0|0|0
S|PLFMD|32975425|-80893619| |IF|0|0|0|0|0|0|0|0|0|0|0|0|0
S|FIBRO|33440375|-81826222| |TF|0|0|0|0|0|0|0|0|0|0|0|0|0
S|IRQ|33707353|-82162064| |TF|0|0|0|0|0|0|0|0|0|0|0|0|0

P|EXTVE1|22|ALD|0|7
S| |91000000|181000000| |VA|0|21700|0|0|0|0|1|520|0|0|0|0|0
S|RNDAH|32693631|-80123311| |DF|2|0|0|0|0|0|1|2000|0|1|0|0|0
S|GECHE|32914181|-80391628| |DF|0|0|0|0|0|0|0|0|0|0|0|0|0
S|GULLA|32938253|-80499200| |TF|0|0|0|0|0|0|0|0|0|0|0|0|0
S|PLFMD|32975425|-80893619| |TF|0|0|0|0|0|0|0|0|0|0|0|0|0
S|PLFMD|32975425|-80893619| |IF|0|0|0|0|0|0|0|0|0|0|0|0|0
S|ALD|33012494|-81292233| |TF|0|0|0|0|0|0|0|0|0|0|0|0|0

P|EXTVE1|22|DBN|0|7
S| |91000000|181000000| |VA|0|21700|0|0|0|0|1|520|0|0|0|0|0
S|RNDAH|32693631|-80123311| |DF|2|0|0|0|0|0|1|2000|0|1|0|0|0
S|GECHE|32914181|-80391628| |DF|0|0|0|0|0|0|0|0|0|0|0|0|0
S|GULLA|32938253|-80499200| |TF|0|0|0|0|0|0|0|0|0|0|0|0|0
S|PLFMD|32975425|-80893619| |TF|0|0|0|0|0|0|0|0|0|0|0|0|0
S|PLFMD|32975425|-80893619| |IF|0|0|0|0|0|0|0|0|0|0|0|0|0
S|DBN|32563461|-82830044| |TF|0|0|0|0|0|0|0|0|0|0|0|0|0

P|EXTVE1|22|IRQ|0|8
S| |91000000|181000000| |VA|0|21700|0|0|0|0|1|520|0|0|0|0|0
S|RNDAH|32693631|-80123311| |DF|2|0|0|0|0|0|1|2000|0|1|0|0|0
S|GECHE|32914181|-80391628| |DF|0|0|0|0|0|0|0|0|0|0|0|0|0
S|GULLA|32938253|-80499200| |TF|0|0|0|0|0|0|0|0|0|0|0|0|0
S|PLFMD|32975425|-80893619| |TF|0|0|0|0|0|0|0|0|0|0|0|0|0
S|PLFMD|32975425|-80893619| |IF|0|0|0|0|0|0|0|0|0|0|0|0|0
S|FIBRO|33440375|-81826222| |TF|0|0|0|0|0|0|0|0|0|0|0|0|0
S|IRQ|33707353|-82162064| |TF|0|0|0|0|0|0|0|0|0|0|0|0|0

P|EXTVE1|27|ALD|0|7
S| |91000000|181000000| |VA|0|27400|0|0|0|0|1|520|0|0|0|0|0
S|RNDAH|32693631|-80123311| |DF|0|0|0|0|0|0|1|2000|0|1|0|0|0
S|GECHE|32914181|-80391628| |DF|0|0|0|0|0|0|0|0|0|0|0|0|0
S|GULLA|32938253|-80499200| |TF|0|0|0|0|0|0|0|0|0|0|0|0|0
S|PLFMD|32975425|-80893619| |TF|0|0|0|0|0|0|0|0|0|0|0|0|0
S|PLFMD|32975425|-80893619| |IF|0|0|0|0|0|0|0|0|0|0|0|0|0
S|ALD|33012494|-81292233| |TF|0|0|0|0|0|0|0|0|0|0|0|0|0

P|EXTVE1|27|DBN|0|7
S| |91000000|181000000| |VA|0|27400|0|0|0|0|1|520|0|0|0|0|0
S|RNDAH|32693631|-80123311| |DF|0|0|0|0|0|0|1|2000|0|1|0|0|0
S|GECHE|32914181|-80391628| |DF|0|0|0|0|0|0|0|0|0|0|0|0|0
S|GULLA|32938253|-80499200| |TF|0|0|0|0|0|0|0|0|0|0|0|0|0
S|PLFMD|32975425|-80893619| |TF|0|0|0|0|0|0|0|0|0|0|0|0|0
S|PLFMD|32975425|-80893619| |IF|0|0|0|0|0|0|0|0|0|0|0|0|0
S|DBN|32563461|-82830044| |TF|0|0|0|0|0|0|0|0|0|0|0|0|0

P|EXTVE1|27|IRQ|0|8
S| |91000000|181000000| |VA|0|27400|0|0|0|0|1|520|0|0|0|0|0
S|RNDAH|32693631|-80123311| |DF|0|0|0|0|0|0|1|2000|0|1|0|0|0
S|GECHE|32914181|-80391628| |DF|0|0|0|0|0|0|0|0|0|0|0|0|0
S|GULLA|32938253|-80499200| |TF|0|0|0|0|0|0|0|0|0|0|0|0|0
S|PLFMD|32975425|-80893619| |TF|0|0|0|0|0|0|0|0|0|0|0|0|0
S|PLFMD|32975425|-80893619| |IF|0|0|0|0|0|0|0|0|0|0|0|0|0
S|FIBRO|33440375|-81826222| |TF|0|0|0|0|0|0|0|0|0|0|0|0|0
S|IRQ|33707353|-82162064| |TF|0|0|0|0|0|0|0|0|0|0|0|0|0

P|KIAWA2|04|GIPPL|0|4
S| |91000000|181000000| |VA|0|3700|0|0|0|0|1|520|0|0|0|0|0
S|LGRHD|32585506|-80283583| |DF|1|0|0|0|0|0|0|0|0|0|0|0|0
S|LGRHD|32585506|-80283583| |IF|0|0|0|0|0|0|0|0|0|0|0|0|0
S|GIPPL|31381656|-81164917| |TF|0|0|0|0|0|0|0|0|0|0|0|0|0

P|KIAWA2|09|GIPPL|0|4
S| |91000000|181000000| |VA|0|9400|0|0|0|0|1|520|0|0|0|0|0
S|LGRHD|32585506|-80283583| |DF|2|0|0|0|0|0|0|0|0|0|0|0|0
S|LGRHD|32585506|-80283583| |IF|0|0|0|0|0|0|0|0|0|0|0|0|0
S|GIPPL|31381656|-81164917| |TF|0|0|0|0|0|0|0|0|0|0|0|0|0

P|KIAWA2|22|GIPPL|0|4
S| |91000000|181000000| |VA|0|21700|0|0|0|0|1|520|0|0|0|0|0
S|LGRHD|32585506|-80283583| |DF|0|0|0|0|0|0|0|0|0|0|0|0|0
S|LGRHD|32585506|-80283583| |IF|0|0|0|0|0|0|0|0|0|0|0|0|0
S|GIPPL|31381656|-81164917| |TF|0|0|0|0|0|0|0|0|0|0|0|0|0

P|KIAWA2|27|GIPPL|0|4
S| |91000000|181000000| |VA|0|27400|0|0|0|0|1|520|0|0|0|0|0
S|LGRHD|32585506|-80283583| |DF|0|0|0|0|0|0|0|0|0|0|0|0|0
S|LGRHD|32585506|-80283583| |IF|0|0|0|0|0|0|0|0|0|0|0|0|0
S|GIPPL|31381656|-81164917| |TF|0|0|0|0|0|0|0|0|0|0|0|0|0

