P|EAGLE6|32| |0|2
S| |91000000|181000000| |VA|0|32300|0|0|0|0|1|1700|0|0|0|0|0
S| |91000000|181000000| |VM|0|1500|0|0|0|0|0|0|0|0|0|0|0

P|JKSN1|14|OED|0|3
S| |91000000|181000000| |VA|0|14300|0|0|0|0|1|1800|0|0|0|0|0
S| |91000000|181000000| |VI|2|32200|0|0|0|0|0|0|0|0|0|0|0
S|OED|42479575|-122912933|OED|CF|0|35200|0|0|1000|0|0|0|0|0|0|0|0

P|JKSN1|32|OED|0|3
S| |91000000|181000000| |VA|0|32300|0|0|0|0|1|1740|0|0|0|0|0
S| |91000000|181000000| |VI|0|32300|0|0|0|0|0|0|0|0|0|0|0
S|OED|42479575|-122912933|OED|CF|0|33300|0|0|400|0|0|0|0|0|0|0|0

P|MFR1|14|LMT|0|4
S|BDONA|42304750|-122836681| |DF|0|0|0|0|0|0|0|0|0|1|0|0|0
S|JOWEL|42246592|-122770417| |TF|0|0|0|0|0|0|0|0|0|0|0|0|0
S|KRETS|42174489|-122645506| |TF|0|0|0|0|0|0|0|0|0|0|0|0|0
S|LMT|42153142|-121727528| |TF|0|0|0|0|0|0|0|0|0|0|0|0|0

P|SMKKY1|14|SMKKY|0|4
S| |91000000|181000000| |VI|0|14300|0|0|0|0|0|0|0|0|0|0|0
S|BLAAZ|42291931|-123046728|BSR|CF|2|23200|37210|33430|900|0|1|6400|0|0|0|0|0
S|SMKKY|42370453|-123122825| |TF|0|0|0|0|0|0|0|0|0|1|0|0|0
S|SMKKY|42370453|-123122825|BSR|FM|0|30800|37740|33390|0|0|0|0|0|0|0|0|0

