P|MMU7|05| |0|3
S| |91000000|181000000| |VA|0|4900|0|0|0|0|1|1700|0|0|0|0|0
S| |91000000|181000000| |VA|2|16000|0|0|0|0|1|2000|0|0|0|0|0
S| |91000000|181000000| |VM|0|16000|0|0|0|0|0|0|0|0|0|0|0

P|MMU7|13| |0|4
S| |91000000|181000000| |VA|0|12700|0|0|0|0|1|800|0|0|0|0|0
S| |91000000|181000000| |VA|0|10000|0|0|0|0|1|1700|0|0|0|0|0
S| |91000000|181000000| |VA|0|16000|0|0|0|0|1|2000|0|0|0|0|0
S| |91000000|181000000| |VM|0|16000|0|0|0|0|0|0|0|0|0|0|0

P|MMU7|23| |0|3
S| |91000000|181000000| |VA|0|22900|0|0|0|0|1|600|0|0|0|0|0
S| |91000000|181000000| |VA|0|21000|0|0|0|0|1|2000|0|0|0|0|0
S| |91000000|181000000| |VM|0|16000|0|0|0|0|0|0|0|0|0|0|0

P|MMU7|31| |0|5
S| |91000000|181000000| |CA|0|30700|0|0|0|0|1|590|0|0|0|0|0
S| |91000000|181000000| |CI|0|2200|0|0|0|0|0|0|0|0|0|0|0
S|SBJ|40583044|-74741792|SBJ|FA|0|5200|0|0|0|0|1|1700|0|0|0|0|0
S| |91000000|181000000| |VA|2|16000|0|0|0|0|1|2000|0|0|0|0|0
S| |91000000|181000000| |VM|0|16000|0|0|0|0|0|0|0|0|0|0|0

