P|HOOKS2|14L|SNS|0|4
S| |91000000|181000000| |CA|0|14200|0|0|0|0|1|440|0|0|0|0|0
S|HOOKS|37123811|-121898492|SNS|CF|0|14100|3100|31580|1900|0|0|6000|0|0|0|0|0
S|HOOKS|37123811|-121898492| |IF|0|0|0|0|0|0|0|6000|0|0|0|0|0
S|SNS|36663836|-121603183| |TF|0|0|0|0|0|0|0|0|0|0|0|0|0

P|HOOKS2|14R|SNS|0|4
S| |91000000|181000000| |CA|0|14200|0|0|0|0|1|440|0|0|0|0|0
S|HOOKS|37123811|-121898492|SNS|CF|0|14100|3100|31580|1900|0|0|6000|0|0|0|0|0
S|HOOKS|37123811|-121898492| |IF|0|0|0|0|0|0|0|6000|0|0|0|0|0
S|SNS|36663836|-121603183| |TF|0|0|0|0|0|0|0|0|0|0|0|0|0

P|OSI2|14L|OSI|0|3
S| |91000000|181000000| |CA|0|14200|0|0|0|0|1|432|0|0|0|0|0
S|MEPVE|37324628|-122001072|OSI|CF|0|14000|1400|8980|600|0|0|0|0|1|0|0|0
S|OSI|37392500|-122281303| |DF|2|0|0|0|0|0|0|5000|0|0|0|0|0

P|OSI2|14R|OSI|0|3
S| |91000000|181000000| |CA|0|14200|0|0|0|0|1|432|0|0|0|0|0
S|MEPVE|37324628|-122001072|OSI|CF|0|14000|1400|8980|600|0|0|0|0|1|0|0|0
S|OSI|37392500|-122281303| |DF|2|0|0|0|0|0|0|5000|0|0|0|0|0

P|OSI2|32L|OSI|0|3
S| |91000000|181000000| |CA|0|32200|0|0|0|0|1|432|0|0|0|0|0
S|EDOYE|37478781|-122081181|OSI|CF|0|32100|1090|4450|400|0|0|0|0|1|0|0|0
S|OSI|37392500|-122281303| |DF|1|0|0|0|0|0|0|4000|0|0|0|0|0

P|OSI2|32R|OSI|0|3
S| |91000000|181000000| |CA|0|32200|0|0|0|0|1|432|0|0|0|0|0
S|EDOYE|37478781|-122081181|OSI|CF|0|32100|1090|4450|400|0|0|0|0|1|0|0|0
S|OSI|37392500|-122281303| |DF|1|0|0|0|0|0|0|4000|0|0|0|0|0

