P|OMA1|14L| |0|2
S| |91000000|181000000| |VA|0|14200|0|0|0|0|1|1390|0|0|0|0|0
S| |91000000|181000000| |VM|0|14200|0|0|0|0|0|0|0|0|0|0|0

P|OMA1|14R| |0|2
S| |91000000|181000000| |VA|0|14200|0|0|0|0|1|1390|0|0|0|0|0
S| |91000000|181000000| |VM|0|14200|0|0|0|0|0|0|0|0|0|0|0

P|OMA1|18| |0|2
S| |91000000|181000000| |VA|0|17800|0|0|0|0|1|1390|0|0|0|0|0
S| |91000000|181000000| |VM|0|17800|0|0|0|0|0|0|0|0|0|0|0

P|OMA1|32L| |0|2
S| |91000000|181000000| |VA|0|32200|0|0|0|0|1|1390|0|0|0|0|0
S| |91000000|181000000| |VM|0|32200|0|0|0|0|0|0|0|0|0|0|0

P|OMA1|32R| |0|2
S| |91000000|181000000| |VA|0|32200|0|0|0|0|1|1390|0|0|0|0|0
S| |91000000|181000000| |VM|0|32200|0|0|0|0|0|0|0|0|0|0|0

P|OMA1|36| |0|2
S| |91000000|181000000| |VA|0|35800|0|0|0|0|1|1390|0|0|0|0|0
S| |91000000|181000000| |VM|0|35800|0|0|0|0|0|0|0|0|0|0|0

