P|BARII3|04|SINKR|0|7
S| |91000000|181000000| |VA|0|3700|0|0|0|0|1|1200|0|0|0|0|0
S| |91000000|181000000| |VM|0|3700|0|0|0|0|0|0|0|0|0|0|0
S|HUUTZ|41705178|-83589931| |DF|0|0|0|0|0|0|0|0|0|0|0|0|0
S|HUUTZ|41705178|-83589931| |IF|0|0|0|0|0|0|0|0|0|0|0|0|0
S|BARII|40889583|-84122136| |TF|0|0|0|0|0|0|0|0|0|0|0|0|0
S|BARII|40889583|-84122136| |IF|0|0|0|0|0|0|0|0|0|0|0|0|0
S|SINKR|40451292|-84385203| |TF|0|0|0|0|0|0|0|0|0|0|0|0|0

P|BARII3|17|SINKR|0|6
S| |91000000|181000000| |VM|0|17400|0|0|0|0|0|0|0|0|0|0|0
S|HUUTZ|41705178|-83589931| |DF|0|0|0|0|0|0|0|0|0|0|0|0|0
S|HUUTZ|41705178|-83589931| |IF|0|0|0|0|0|0|0|0|0|0|0|0|0
S|BARII|40889583|-84122136| |TF|0|0|0|0|0|0|0|0|0|0|0|0|0
S|BARII|40889583|-84122136| |IF|0|0|0|0|0|0|0|0|0|0|0|0|0
S|SINKR|40451292|-84385203| |TF|0|0|0|0|0|0|0|0|0|0|0|0|0

P|BARII3|22|SINKR|0|6
S| |91000000|181000000| |VM|0|21700|0|0|0|0|0|0|0|0|0|0|0
S|HUUTZ|41705178|-83589931| |DF|0|0|0|0|0|0|0|0|0|0|0|0|0
S|HUUTZ|41705178|-83589931| |IF|0|0|0|0|0|0|0|0|0|0|0|0|0
S|BARII|40889583|-84122136| |TF|0|0|0|0|0|0|0|0|0|0|0|0|0
S|BARII|40889583|-84122136| |IF|0|0|0|0|0|0|0|0|0|0|0|0|0
S|SINKR|40451292|-84385203| |TF|0|0|0|0|0|0|0|0|0|0|0|0|0

P|BARII3|35|SINKR|0|8
S| |91000000|181000000| |CA|0|35400|0|0|0|0|1|1000|0|0|0|0|0
S| |91000000|181000000| |VA|0|600|0|0|0|0|1|1800|0|0|0|0|0
S| |91000000|181000000| |VM|0|600|0|0|0|0|0|0|0|0|0|0|0
S|HUUTZ|41705178|-83589931| |DF|0|0|0|0|0|0|0|0|0|0|0|0|0
S|HUUTZ|41705178|-83589931| |IF|0|0|0|0|0|0|0|0|0|0|0|0|0
S|BARII|40889583|-84122136| |TF|0|0|0|0|0|0|0|0|0|0|0|0|0
S|BARII|40889583|-84122136| |IF|0|0|0|0|0|0|0|0|0|0|0|0|0
S|SINKR|40451292|-84385203| |TF|0|0|0|0|0|0|0|0|0|0|0|0|0

P|CCOBB3|04|ZEGBI|0|7
S| |91000000|181000000| |VA|0|3700|0|0|0|0|1|1200|0|0|0|0|0
S| |91000000|181000000| |VM|0|3700|0|0|0|0|0|0|0|0|0|0|0
S|BROZZ|42224392|-84154892| |DF|0|0|0|0|0|0|0|0|0|0|0|0|0
S|BROZZ|42224392|-84154892| |IF|0|0|0|0|0|0|0|0|0|0|0|0|0
S|CCOBB|42228903|-84379100| |TF|0|0|0|0|0|0|0|0|0|0|0|0|0
S|CCOBB|42228903|-84379100| |IF|0|0|0|0|0|0|0|0|0|0|0|0|0
S|ZEGBI|42239506|-85081983| |TF|0|0|0|0|0|0|0|0|0|0|0|0|0

P|CCOBB3|17|ZEGBI|0|6
S| |91000000|181000000| |VM|0|17400|0|0|0|0|0|0|0|0|0|0|0
S|BROZZ|42224392|-84154892| |DF|0|0|0|0|0|0|0|0|0|0|0|0|0
S|BROZZ|42224392|-84154892| |IF|0|0|0|0|0|0|0|0|0|0|0|0|0
S|CCOBB|42228903|-84379100| |TF|0|0|0|0|0|0|0|0|0|0|0|0|0
S|CCOBB|42228903|-84379100| |IF|0|0|0|0|0|0|0|0|0|0|0|0|0
S|ZEGBI|42239506|-85081983| |TF|0|0|0|0|0|0|0|0|0|0|0|0|0

P|CCOBB3|22|ZEGBI|0|6
S| |91000000|181000000| |VM|0|21700|0|0|0|0|0|0|0|0|0|0|0
S|BROZZ|42224392|-84154892| |DF|0|0|0|0|0|0|0|0|0|0|0|0|0
S|BROZZ|42224392|-84154892| |IF|0|0|0|0|0|0|0|0|0|0|0|0|0
S|CCOBB|42228903|-84379100| |TF|0|0|0|0|0|0|0|0|0|0|0|0|0
S|CCOBB|42228903|-84379100| |IF|0|0|0|0|0|0|0|0|0|0|0|0|0
S|ZEGBI|42239506|-85081983| |TF|0|0|0|0|0|0|0|0|0|0|0|0|0

P|CCOBB3|35|ZEGBI|0|7
S| |91000000|181000000| |VA|0|600|0|0|0|0|1|1800|0|0|0|0|0
S| |91000000|181000000| |VM|0|600|0|0|0|0|0|0|0|0|0|0|0
S|BROZZ|42224392|-84154892| |DF|0|0|0|0|0|0|0|0|0|0|0|0|0
S|BROZZ|42224392|-84154892| |IF|0|0|0|0|0|0|0|0|0|0|0|0|0
S|CCOBB|42228903|-84379100| |TF|0|0|0|0|0|0|0|0|0|0|0|0|0
S|CCOBB|42228903|-84379100| |IF|0|0|0|0|0|0|0|0|0|0|0|0|0
S|ZEGBI|42239506|-85081983| |TF|0|0|0|0|0|0|0|0|0|0|0|0|0

P|CLVIN3|04|STAZE|0|10
S| |91000000|181000000| |VA|0|3700|0|0|0|0|1|1200|0|0|0|0|0
S| |91000000|181000000| |VM|0|3700|0|0|0|0|0|0|0|0|0|0|0
S|PHAUL|41709028|-83411975| |DF|0|0|0|0|0|0|1|3100|0|0|0|0|0
S|PHAUL|41709028|-83411975| |IF|0|0|0|0|0|0|1|3100|0|0|0|0|0
S|CLVIN|41393214|-83554633| |TF|0|0|0|0|0|0|0|0|0|0|0|0|0
S|CLVIN|41393214|-83554633| |IF|0|0|0|0|0|0|0|0|0|0|0|0|0
S|TFTUN|40846169|-83798306| |TF|0|0|0|0|0|0|0|0|0|0|0|0|0
S|RINTE|40287808|-84042919| |TF|0|0|0|0|0|0|0|0|0|0|0|0|0
S|PUUDL|40120667|-84055956| |TF|0|0|0|0|0|0|0|0|0|0|0|0|0
S|STAZE|38937200|-84146978| |TF|0|0|0|0|0|0|0|0|0|0|0|0|0

P|CLVIN3|17|STAZE|0|9
S| |91000000|181000000| |VM|0|17400|0|0|0|0|0|0|0|0|0|0|0
S|PHAUL|41709028|-83411975| |DF|0|0|0|0|0|0|1|3100|0|0|0|0|0
S|PHAUL|41709028|-83411975| |IF|0|0|0|0|0|0|1|3100|0|0|0|0|0
S|CLVIN|41393214|-83554633| |TF|0|0|0|0|0|0|0|0|0|0|0|0|0
S|CLVIN|41393214|-83554633| |IF|0|0|0|0|0|0|0|0|0|0|0|0|0
S|TFTUN|40846169|-83798306| |TF|0|0|0|0|0|0|0|0|0|0|0|0|0
S|RINTE|40287808|-84042919| |TF|0|0|0|0|0|0|0|0|0|0|0|0|0
S|PUUDL|40120667|-84055956| |TF|0|0|0|0|0|0|0|0|0|0|0|0|0
S|STAZE|38937200|-84146978| |TF|0|0|0|0|0|0|0|0|0|0|0|0|0

P|CLVIN3|22|STAZE|0|9
S| |91000000|181000000| |VM|0|21700|0|0|0|0|0|0|0|0|0|0|0
S|PHAUL|41709028|-83411975| |DF|0|0|0|0|0|0|1|3100|0|0|0|0|0
S|PHAUL|41709028|-83411975| |IF|0|0|0|0|0|0|1|3100|0|0|0|0|0
S|CLVIN|41393214|-83554633| |TF|0|0|0|0|0|0|0|0|0|0|0|0|0
S|CLVIN|41393214|-83554633| |IF|0|0|0|0|0|0|0|0|0|0|0|0|0
S|TFTUN|40846169|-83798306| |TF|0|0|0|0|0|0|0|0|0|0|0|0|0
S|RINTE|40287808|-84042919| |TF|0|0|0|0|0|0|0|0|0|0|0|0|0
S|PUUDL|40120667|-84055956| |TF|0|0|0|0|0|0|0|0|0|0|0|0|0
S|STAZE|38937200|-84146978| |TF|0|0|0|0|0|0|0|0|0|0|0|0|0

P|CLVIN3|35|STAZE|0|11
S| |91000000|181000000| |VA|0|35400|0|0|0|0|1|1000|0|0|0|0|0
S| |91000000|181000000| |VA|0|600|0|0|0|0|1|1800|0|0|0|0|0
S| |91000000|181000000| |VM|0|600|0|0|0|0|0|0|0|0|0|0|0
S|PHAUL|41709028|-83411975| |DF|0|0|0|0|0|0|1|3100|0|0|0|0|0
S|PHAUL|41709028|-83411975| |IF|0|0|0|0|0|0|1|3100|0|0|0|0|0
S|CLVIN|41393214|-83554633| |TF|0|0|0|0|0|0|0|0|0|0|0|0|0
S|CLVIN|41393214|-83554633| |IF|0|0|0|0|0|0|0|0|0|0|0|0|0
S|TFTUN|40846169|-83798306| |TF|0|0|0|0|0|0|0|0|0|0|0|0|0
S|RINTE|40287808|-84042919| |TF|0|0|0|0|0|0|0|0|0|0|0|0|0
S|PUUDL|40120667|-84055956| |TF|0|0|0|0|0|0|0|0|0|0|0|0|0
S|STAZE|38937200|-84146978| |TF|0|0|0|0|0|0|0|0|0|0|0|0|0

P|HHOWE4|04|BROKK|0|7
S| |91000000|181000000| |VA|0|3700|0|0|0|0|1|1200|0|0|0|0|0
S| |91000000|181000000| |VM|0|3700|0|0|0|0|0|0|0|0|0|0|0
S|MALTB|42249300|-82647633| |DF|0|0|0|0|0|0|1|2200|0|0|0|0|0
S|MALTB|42249300|-82647633| |IF|0|0|0|0|0|0|1|2200|0|0|0|0|0
S|HHOWE|42256422|-82468350| |TF|0|0|0|0|0|0|0|0|0|0|0|0|0
S|HHOWE|42256422|-82468350| |IF|0|0|0|0|0|0|0|0|0|0|0|0|0
S|BROKK|42331389|-81581939| |TF|0|0|0|0|0|0|0|0|0|0|0|0|0

P|HHOWE4|04|LNCON|0|7
S| |91000000|181000000| |VA|0|3700|0|0|0|0|1|1200|0|0|0|0|0
S| |91000000|181000000| |VM|0|3700|0|0|0|0|0|0|0|0|0|0|0
S|MALTB|42249300|-82647633| |DF|0|0|0|0|0|0|1|2200|0|0|0|0|0
S|MALTB|42249300|-82647633| |IF|0|0|0|0|0|0|1|2200|0|0|0|0|0
S|HHOWE|42256422|-82468350| |TF|0|0|0|0|0|0|0|0|0|0|0|0|0
S|HHOWE|42256422|-82468350| |IF|0|0|0|0|0|0|0|0|0|0|0|0|0
S|LNCON|42243719|-81517600| |TF|0|0|0|0|0|0|0|0|0|0|0|0|0

P|HHOWE4|17|BROKK|0|6
S| |91000000|181000000| |VM|0|17400|0|0|0|0|0|0|0|0|0|0|0
S|MALTB|42249300|-82647633| |DF|0|0|0|0|0|0|1|2200|0|0|0|0|0
S|MALTB|42249300|-82647633| |IF|0|0|0|0|0|0|1|2200|0|0|0|0|0
S|HHOWE|42256422|-82468350| |TF|0|0|0|0|0|0|0|0|0|0|0|0|0
S|HHOWE|42256422|-82468350| |IF|0|0|0|0|0|0|0|0|0|0|0|0|0
S|BROKK|42331389|-81581939| |TF|0|0|0|0|0|0|0|0|0|0|0|0|0

P|HHOWE4|17|LNCON|0|6
S| |91000000|181000000| |VM|0|17400|0|0|0|0|0|0|0|0|0|0|0
S|MALTB|42249300|-82647633| |DF|0|0|0|0|0|0|1|2200|0|0|0|0|0
S|MALTB|42249300|-82647633| |IF|0|0|0|0|0|0|1|2200|0|0|0|0|0
S|HHOWE|42256422|-82468350| |TF|0|0|0|0|0|0|0|0|0|0|0|0|0
S|HHOWE|42256422|-82468350| |IF|0|0|0|0|0|0|0|0|0|0|0|0|0
S|LNCON|42243719|-81517600| |TF|0|0|0|0|0|0|0|0|0|0|0|0|0

P|HHOWE4|22|BROKK|0|6
S| |91000000|181000000| |VM|0|21700|0|0|0|0|0|0|0|0|0|0|0
S|MALTB|42249300|-82647633| |DF|0|0|0|0|0|0|1|2200|0|0|0|0|0
S|MALTB|42249300|-82647633| |IF|0|0|0|0|0|0|1|2200|0|0|0|0|0
S|HHOWE|42256422|-82468350| |TF|0|0|0|0|0|0|0|0|0|0|0|0|0
S|HHOWE|42256422|-82468350| |IF|0|0|0|0|0|0|0|0|0|0|0|0|0
S|BROKK|42331389|-81581939| |TF|0|0|0|0|0|0|0|0|0|0|0|0|0

P|HHOWE4|22|LNCON|0|6
S| |91000000|181000000| |VM|0|21700|0|0|0|0|0|0|0|0|0|0|0
S|MALTB|42249300|-82647633| |DF|0|0|0|0|0|0|1|2200|0|0|0|0|0
S|MALTB|42249300|-82647633| |IF|0|0|0|0|0|0|1|2200|0|0|0|0|0
S|HHOWE|42256422|-82468350| |TF|0|0|0|0|0|0|0|0|0|0|0|0|0
S|HHOWE|42256422|-82468350| |IF|0|0|0|0|0|0|0|0|0|0|0|0|0
S|LNCON|42243719|-81517600| |TF|0|0|0|0|0|0|0|0|0|0|0|0|0

P|HHOWE4|35|BROKK|0|8
S| |91000000|181000000| |CA|0|35400|0|0|0|0|1|1000|0|0|0|0|0
S| |91000000|181000000| |VA|0|600|0|0|0|0|1|1800|0|0|0|0|0
S| |91000000|181000000| |VM|0|600|0|0|0|0|0|0|0|0|0|0|0
S|MALTB|42249300|-82647633| |DF|0|0|0|0|0|0|1|2200|0|0|0|0|0
S|MALTB|42249300|-82647633| |IF|0|0|0|0|0|0|1|2200|0|0|0|0|0
S|HHOWE|42256422|-82468350| |TF|0|0|0|0|0|0|0|0|0|0|0|0|0
S|HHOWE|42256422|-82468350| |IF|0|0|0|0|0|0|0|0|0|0|0|0|0
S|BROKK|42331389|-81581939| |TF|0|0|0|0|0|0|0|0|0|0|0|0|0

P|HHOWE4|35|LNCON|0|8
S| |91000000|181000000| |CA|0|35400|0|0|0|0|1|1000|0|0|0|0|0
S| |91000000|181000000| |VA|0|600|0|0|0|0|1|1800|0|0|0|0|0
S| |91000000|181000000| |VM|0|600|0|0|0|0|0|0|0|0|0|0|0
S|MALTB|42249300|-82647633| |DF|0|0|0|0|0|0|1|2200|0|0|0|0|0
S|MALTB|42249300|-82647633| |IF|0|0|0|0|0|0|1|2200|0|0|0|0|0
S|HHOWE|42256422|-82468350| |TF|0|0|0|0|0|0|0|0|0|0|0|0|0
S|HHOWE|42256422|-82468350| |IF|0|0|0|0|0|0|0|0|0|0|0|0|0
S|LNCON|42243719|-81517600| |TF|0|0|0|0|0|0|0|0|0|0|0|0|0

P|KAYLN3|04|SMUUV|0|8
S| |91000000|181000000| |VA|0|3700|0|0|0|0|1|1200|0|0|0|0|0
S| |91000000|181000000| |VM|0|3700|0|0|0|0|0|0|0|0|0|0|0
S|MTRCT|42431103|-84329978| |DF|0|0|0|0|0|0|0|0|0|0|0|0|0
S|MTRCT|42431103|-84329978| |IF|0|0|0|0|0|0|0|0|0|0|0|0|0
S|KAYLN|42438811|-84624642| |TF|0|0|0|0|0|0|0|0|0|0|0|0|0
S|KAYLN|42438811|-84624642| |IF|0|0|0|0|0|0|0|0|0|0|0|0|0
S|IIICE|42446658|-84959875| |TF|0|0|0|0|0|0|0|0|0|0|0|0|0
S|SMUUV|42466325|-86127325| |TF|0|0|0|0|0|0|0|0|0|0|0|0|0

P|KAYLN3|17|SMUUV|0|7
S| |91000000|181000000| |VM|0|17400|0|0|0|0|0|0|0|0|0|0|0
S|MTRCT|42431103|-84329978| |DF|0|0|0|0|0|0|0|0|0|0|0|0|0
S|MTRCT|42431103|-84329978| |IF|0|0|0|0|0|0|0|0|0|0|0|0|0
S|KAYLN|42438811|-84624642| |TF|0|0|0|0|0|0|0|0|0|0|0|0|0
S|KAYLN|42438811|-84624642| |IF|0|0|0|0|0|0|0|0|0|0|0|0|0
S|IIICE|42446658|-84959875| |TF|0|0|0|0|0|0|0|0|0|0|0|0|0
S|SMUUV|42466325|-86127325| |TF|0|0|0|0|0|0|0|0|0|0|0|0|0

P|KAYLN3|22|SMUUV|0|7
S| |91000000|181000000| |VM|0|21700|0|0|0|0|0|0|0|0|0|0|0
S|MTRCT|42431103|-84329978| |DF|0|0|0|0|0|0|0|0|0|0|0|0|0
S|MTRCT|42431103|-84329978| |IF|0|0|0|0|0|0|0|0|0|0|0|0|0
S|KAYLN|42438811|-84624642| |TF|0|0|0|0|0|0|0|0|0|0|0|0|0
S|KAYLN|42438811|-84624642| |IF|0|0|0|0|0|0|0|0|0|0|0|0|0
S|IIICE|42446658|-84959875| |TF|0|0|0|0|0|0|0|0|0|0|0|0|0
S|SMUUV|42466325|-86127325| |TF|0|0|0|0|0|0|0|0|0|0|0|0|0

P|KAYLN3|35|SMUUV|0|9
S| |91000000|181000000| |VA|0|35400|0|0|0|0|1|1000|0|0|0|0|0
S| |91000000|181000000| |VA|0|600|0|0|0|0|1|1800|0|0|0|0|0
S| |91000000|181000000| |VM|0|600|0|0|0|0|0|0|0|0|0|0|0
S|MTRCT|42431103|-84329978| |DF|0|0|0|0|0|0|0|0|0|0|0|0|0
S|MTRCT|42431103|-84329978| |IF|0|0|0|0|0|0|0|0|0|0|0|0|0
S|KAYLN|42438811|-84624642| |TF|0|0|0|0|0|0|0|0|0|0|0|0|0
S|KAYLN|42438811|-84624642| |IF|0|0|0|0|0|0|0|0|0|0|0|0|0
S|IIICE|42446658|-84959875| |TF|0|0|0|0|0|0|0|0|0|0|0|0|0
S|SMUUV|42466325|-86127325| |TF|0|0|0|0|0|0|0|0|0|0|0|0|0

P|KZLOV2|04|WINNZ|0|5
S| |91000000|181000000| |VA|0|3700|0|0|0|0|1|1200|0|0|0|0|0
S| |91000000|181000000| |VM|0|3700|0|0|0|0|0|0|0|0|0|0|0
S|KZLOV|42073558|-82735400| |DF|0|0|0|0|0|0|0|0|0|0|0|0|0
S|KZLOV|42073558|-82735400| |IF|0|0|0|0|0|0|0|0|0|0|0|0|0
S|WINNZ|41924072|-82574897| |TF|0|0|0|0|0|0|0|0|0|0|0|0|0

P|KZLOV2|17|WINNZ|0|4
S| |91000000|181000000| |VM|0|17400|0|0|0|0|0|0|0|0|0|0|0
S|KZLOV|42073558|-82735400| |DF|0|0|0|0|0|0|0|0|0|0|0|0|0
S|KZLOV|42073558|-82735400| |IF|0|0|0|0|0|0|0|0|0|0|0|0|0
S|WINNZ|41924072|-82574897| |TF|0|0|0|0|0|0|0|0|0|0|0|0|0

P|KZLOV2|22|WINNZ|0|4
S| |91000000|181000000| |VM|0|21700|0|0|0|0|0|0|0|0|0|0|0
S|KZLOV|42073558|-82735400| |DF|0|0|0|0|0|0|0|0|0|0|0|0|0
S|KZLOV|42073558|-82735400| |IF|0|0|0|0|0|0|0|0|0|0|0|0|0
S|WINNZ|41924072|-82574897| |TF|0|0|0|0|0|0|0|0|0|0|0|0|0

P|KZLOV2|35|WINNZ|0|5
S| |91000000|181000000| |VA|0|600|0|0|0|0|1|1800|0|0|0|0|0
S| |91000000|181000000| |VM|0|600|0|0|0|0|0|0|0|0|0|0|0
S|KZLOV|42073558|-82735400| |DF|0|0|0|0|0|0|0|0|0|0|0|0|0
S|KZLOV|42073558|-82735400| |IF|0|0|0|0|0|0|0|0|0|0|0|0|0
S|WINNZ|41924072|-82574897| |TF|0|0|0|0|0|0|0|0|0|0|0|0|0

P|LIDDS4|04|GRIVY|0|9
S| |91000000|181000000| |VA|0|3700|0|0|0|0|1|1200|0|0|0|0|0
S| |91000000|181000000| |VM|0|3700|0|0|0|0|0|0|0|0|0|0|0
S|KZLOV|42073558|-82735400| |DF|0|0|0|0|0|0|2|15000|0|0|0|0|0
S|KZLOV|42073558|-82735400| |IF|0|0|0|0|0|0|2|15000|0|0|0|0|0
S|LIDDS|42031725|-82510761| |TF|0|0|0|0|0|0|0|0|0|0|0|0|0
S|LIDDS|42031725|-82510761| |IF|0|0|0|0|0|0|0|0|0|0|0|0|0
S|NOONR|41953600|-82086400| |TF|0|0|0|0|0|0|0|0|0|0|0|0|0
S|ZEYOU|41703389|-81823808| |TF|0|0|0|0|0|0|0|0|0|0|0|0|0
S|GRIVY|41079522|-81218500| |TF|0|0|0|0|0|0|0|0|0|0|0|0|0

P|LIDDS4|17|GRIVY|0|8
S| |91000000|181000000| |VM|0|17400|0|0|0|0|0|0|0|0|0|0|0
S|KZLOV|42073558|-82735400| |DF|0|0|0|0|0|0|2|15000|0|0|0|0|0
S|KZLOV|42073558|-82735400| |IF|0|0|0|0|0|0|2|15000|0|0|0|0|0
S|LIDDS|42031725|-82510761| |TF|0|0|0|0|0|0|0|0|0|0|0|0|0
S|LIDDS|42031725|-82510761| |IF|0|0|0|0|0|0|0|0|0|0|0|0|0
S|NOONR|41953600|-82086400| |TF|0|0|0|0|0|0|0|0|0|0|0|0|0
S|ZEYOU|41703389|-81823808| |TF|0|0|0|0|0|0|0|0|0|0|0|0|0
S|GRIVY|41079522|-81218500| |TF|0|0|0|0|0|0|0|0|0|0|0|0|0

P|LIDDS4|22|GRIVY|0|8
S| |91000000|181000000| |VM|0|21700|0|0|0|0|0|0|0|0|0|0|0
S|KZLOV|42073558|-82735400| |DF|0|0|0|0|0|0|2|15000|0|0|0|0|0
S|KZLOV|42073558|-82735400| |IF|0|0|0|0|0|0|2|15000|0|0|0|0|0
S|LIDDS|42031725|-82510761| |TF|0|0|0|0|0|0|0|0|0|0|0|0|0
S|LIDDS|42031725|-82510761| |IF|0|0|0|0|0|0|0|0|0|0|0|0|0
S|NOONR|41953600|-82086400| |TF|0|0|0|0|0|0|0|0|0|0|0|0|0
S|ZEYOU|41703389|-81823808| |TF|0|0|0|0|0|0|0|0|0|0|0|0|0
S|GRIVY|41079522|-81218500| |TF|0|0|0|0|0|0|0|0|0|0|0|0|0

P|LIDDS4|35|GRIVY|0|9
S| |91000000|181000000| |VA|0|600|0|0|0|0|1|1800|0|0|0|0|0
S| |91000000|181000000| |VM|0|600|0|0|0|0|0|0|0|0|0|0|0
S|KZLOV|42073558|-82735400| |DF|0|0|0|0|0|0|2|15000|0|0|0|0|0
S|KZLOV|42073558|-82735400| |IF|0|0|0|0|0|0|2|15000|0|0|0|0|0
S|LIDDS|42031725|-82510761| |TF|0|0|0|0|0|0|0|0|0|0|0|0|0
S|LIDDS|42031725|-82510761| |IF|0|0|0|0|0|0|0|0|0|0|0|0|0
S|NOONR|41953600|-82086400| |TF|0|0|0|0|0|0|0|0|0|0|0|0|0
S|ZEYOU|41703389|-81823808| |TF|0|0|0|0|0|0|0|0|0|0|0|0|0
S|GRIVY|41079522|-81218500| |TF|0|0|0|0|0|0|0|0|0|0|0|0|0

P|MIGGY3|04|GETCH|0|8
S| |91000000|181000000| |VA|0|3700|0|0|0|0|1|1200|0|0|0|0|0
S| |91000000|181000000| |VM|0|3700|0|0|0|0|0|0|0|0|0|0|0
S|JAXII|42783797|-83855103| |DF|0|0|0|0|0|0|0|0|0|0|0|0|0
S|JAXII|42783797|-83855103| |IF|0|0|0|0|0|0|0|0|0|0|0|0|0
S|MIGGY|42998667|-84139983| |TF|0|0|0|0|0|0|0|0|0|0|0|0|0
S|MIGGY|42998667|-84139983| |IF|0|0|0|0|0|0|0|0|0|0|0|0|0
S|MONEE|43240500|-84464153| |TF|0|0|0|0|0|0|0|0|0|0|0|0|0
S|GETCH|43168653|-86050850| |TF|0|0|0|0|0|0|0|0|0|0|0|0|0

P|MIGGY3|04|HUBBY|0|8
S| |91000000|181000000| |VA|0|3700|0|0|0|0|1|1200|0|0|0|0|0
S| |91000000|181000000| |VM|0|3700|0|0|0|0|0|0|0|0|0|0|0
S|JAXII|42783797|-83855103| |DF|0|0|0|0|0|0|0|0|0|0|0|0|0
S|JAXII|42783797|-83855103| |IF|0|0|0|0|0|0|0|0|0|0|0|0|0
S|MIGGY|42998667|-84139983| |TF|0|0|0|0|0|0|0|0|0|0|0|0|0
S|MIGGY|42998667|-84139983| |IF|0|0|0|0|0|0|0|0|0|0|0|0|0
S|MONEE|43240500|-84464153| |TF|0|0|0|0|0|0|0|0|0|0|0|0|0
S|HUBBY|43700000|-84916667| |TF|0|0|0|0|0|0|0|0|0|0|0|0|0

P|MIGGY3|04|SLLAP|0|8
S| |91000000|181000000| |VA|0|3700|0|0|0|0|1|1200|0|0|0|0|0
S| |91000000|181000000| |VM|0|3700|0|0|0|0|0|0|0|0|0|0|0
S|JAXII|42783797|-83855103| |DF|0|0|0|0|0|0|0|0|0|0|0|0|0
S|JAXII|42783797|-83855103| |IF|0|0|0|0|0|0|0|0|0|0|0|0|0
S|MIGGY|42998667|-84139983| |TF|0|0|0|0|0|0|0|0|0|0|0|0|0
S|MIGGY|42998667|-84139983| |IF|0|0|0|0|0|0|0|0|0|0|0|0|0
S|MONEE|43240500|-84464153| |TF|0|0|0|0|0|0|0|0|0|0|0|0|0
S|SLLAP|43450083|-84938831| |TF|0|0|0|0|0|0|0|0|0|0|0|0|0

P|MIGGY3|17|GETCH|0|7
S| |91000000|181000000| |VM|0|17400|0|0|0|0|0|0|0|0|0|0|0
S|JAXII|42783797|-83855103| |DF|0|0|0|0|0|0|0|0|0|0|0|0|0
S|JAXII|42783797|-83855103| |IF|0|0|0|0|0|0|0|0|0|0|0|0|0
S|MIGGY|42998667|-84139983| |TF|0|0|0|0|0|0|0|0|0|0|0|0|0
S|MIGGY|42998667|-84139983| |IF|0|0|0|0|0|0|0|0|0|0|0|0|0
S|MONEE|43240500|-84464153| |TF|0|0|0|0|0|0|0|0|0|0|0|0|0
S|GETCH|43168653|-86050850| |TF|0|0|0|0|0|0|0|0|0|0|0|0|0

P|MIGGY3|17|HUBBY|0|7
S| |91000000|181000000| |VM|0|17400|0|0|0|0|0|0|0|0|0|0|0
S|JAXII|42783797|-83855103| |DF|0|0|0|0|0|0|0|0|0|0|0|0|0
S|JAXII|42783797|-83855103| |IF|0|0|0|0|0|0|0|0|0|0|0|0|0
S|MIGGY|42998667|-84139983| |TF|0|0|0|0|0|0|0|0|0|0|0|0|0
S|MIGGY|42998667|-84139983| |IF|0|0|0|0|0|0|0|0|0|0|0|0|0
S|MONEE|43240500|-84464153| |TF|0|0|0|0|0|0|0|0|0|0|0|0|0
S|HUBBY|43700000|-84916667| |TF|0|0|0|0|0|0|0|0|0|0|0|0|0

P|MIGGY3|17|SLLAP|0|7
S| |91000000|181000000| |VM|0|17400|0|0|0|0|0|0|0|0|0|0|0
S|JAXII|42783797|-83855103| |DF|0|0|0|0|0|0|0|0|0|0|0|0|0
S|JAXII|42783797|-83855103| |IF|0|0|0|0|0|0|0|0|0|0|0|0|0
S|MIGGY|42998667|-84139983| |TF|0|0|0|0|0|0|0|0|0|0|0|0|0
S|MIGGY|42998667|-84139983| |IF|0|0|0|0|0|0|0|0|0|0|0|0|0
S|MONEE|43240500|-84464153| |TF|0|0|0|0|0|0|0|0|0|0|0|0|0
S|SLLAP|43450083|-84938831| |TF|0|0|0|0|0|0|0|0|0|0|0|0|0

P|MIGGY3|22|GETCH|0|7
S| |91000000|181000000| |VM|0|21700|0|0|0|0|0|0|0|0|0|0|0
S|JAXII|42783797|-83855103| |DF|0|0|0|0|0|0|0|0|0|0|0|0|0
S|JAXII|42783797|-83855103| |IF|0|0|0|0|0|0|0|0|0|0|0|0|0
S|MIGGY|42998667|-84139983| |TF|0|0|0|0|0|0|0|0|0|0|0|0|0
S|MIGGY|42998667|-84139983| |IF|0|0|0|0|0|0|0|0|0|0|0|0|0
S|MONEE|43240500|-84464153| |TF|0|0|0|0|0|0|0|0|0|0|0|0|0
S|GETCH|43168653|-86050850| |TF|0|0|0|0|0|0|0|0|0|0|0|0|0

P|MIGGY3|22|HUBBY|0|7
S| |91000000|181000000| |VM|0|21700|0|0|0|0|0|0|0|0|0|0|0
S|JAXII|42783797|-83855103| |DF|0|0|0|0|0|0|0|0|0|0|0|0|0
S|JAXII|42783797|-83855103| |IF|0|0|0|0|0|0|0|0|0|0|0|0|0
S|MIGGY|42998667|-84139983| |TF|0|0|0|0|0|0|0|0|0|0|0|0|0
S|MIGGY|42998667|-84139983| |IF|0|0|0|0|0|0|0|0|0|0|0|0|0
S|MONEE|43240500|-84464153| |TF|0|0|0|0|0|0|0|0|0|0|0|0|0
S|HUBBY|43700000|-84916667| |TF|0|0|0|0|0|0|0|0|0|0|0|0|0

P|MIGGY3|22|SLLAP|0|7
S| |91000000|181000000| |VM|0|21700|0|0|0|0|0|0|0|0|0|0|0
S|JAXII|42783797|-83855103| |DF|0|0|0|0|0|0|0|0|0|0|0|0|0
S|JAXII|42783797|-83855103| |IF|0|0|0|0|0|0|0|0|0|0|0|0|0
S|MIGGY|42998667|-84139983| |TF|0|0|0|0|0|0|0|0|0|0|0|0|0
S|MIGGY|42998667|-84139983| |IF|0|0|0|0|0|0|0|0|0|0|0|0|0
S|MONEE|43240500|-84464153| |TF|0|0|0|0|0|0|0|0|0|0|0|0|0
S|SLLAP|43450083|-84938831| |TF|0|0|0|0|0|0|0|0|0|0|0|0|0

P|MIGGY3|35|GETCH|0|9
S| |91000000|181000000| |CA|0|35400|0|0|0|0|1|1000|0|0|0|0|0
S| |91000000|181000000| |VA|0|600|0|0|0|0|1|1800|0|0|0|0|0
S| |91000000|181000000| |VM|0|600|0|0|0|0|0|0|0|0|0|0|0
S|JAXII|42783797|-83855103| |DF|0|0|0|0|0|0|0|0|0|0|0|0|0
S|JAXII|42783797|-83855103| |IF|0|0|0|0|0|0|0|0|0|0|0|0|0
S|MIGGY|42998667|-84139983| |TF|0|0|0|0|0|0|0|0|0|0|0|0|0
S|MIGGY|42998667|-84139983| |IF|0|0|0|0|0|0|0|0|0|0|0|0|0
S|MONEE|43240500|-84464153| |TF|0|0|0|0|0|0|0|0|0|0|0|0|0
S|GETCH|43168653|-86050850| |TF|0|0|0|0|0|0|0|0|0|0|0|0|0

P|MIGGY3|35|HUBBY|0|9
S| |91000000|181000000| |CA|0|35400|0|0|0|0|1|1000|0|0|0|0|0
S| |91000000|181000000| |VA|0|600|0|0|0|0|1|1800|0|0|0|0|0
S| |91000000|181000000| |VM|0|600|0|0|0|0|0|0|0|0|0|0|0
S|JAXII|42783797|-83855103| |DF|0|0|0|0|0|0|0|0|0|0|0|0|0
S|JAXII|42783797|-83855103| |IF|0|0|0|0|0|0|0|0|0|0|0|0|0
S|MIGGY|42998667|-84139983| |TF|0|0|0|0|0|0|0|0|0|0|0|0|0
S|MIGGY|42998667|-84139983| |IF|0|0|0|0|0|0|0|0|0|0|0|0|0
S|MONEE|43240500|-84464153| |TF|0|0|0|0|0|0|0|0|0|0|0|0|0
S|HUBBY|43700000|-84916667| |TF|0|0|0|0|0|0|0|0|0|0|0|0|0

P|MIGGY3|35|SLLAP|0|9
S| |91000000|181000000| |CA|0|35400|0|0|0|0|1|1000|0|0|0|0|0
S| |91000000|181000000| |VA|0|600|0|0|0|0|1|1800|0|0|0|0|0
S| |91000000|181000000| |VM|0|600|0|0|0|0|0|0|0|0|0|0|0
S|JAXII|42783797|-83855103| |DF|0|0|0|0|0|0|0|0|0|0|0|0|0
S|JAXII|42783797|-83855103| |IF|0|0|0|0|0|0|0|0|0|0|0|0|0
S|MIGGY|42998667|-84139983| |TF|0|0|0|0|0|0|0|0|0|0|0|0|0
S|MIGGY|42998667|-84139983| |IF|0|0|0|0|0|0|0|0|0|0|0|0|0
S|MONEE|43240500|-84464153| |TF|0|0|0|0|0|0|0|0|0|0|0|0|0
S|SLLAP|43450083|-84938831| |TF|0|0|0|0|0|0|0|0|0|0|0|0|0

P|PAVYL3|04|ESSBE|0|7
S| |91000000|181000000| |VA|0|3700|0|0|0|0|1|1200|0|0|0|0|0
S| |91000000|181000000| |VM|0|3700|0|0|0|0|0|0|0|0|0|0|0
S|SLVVA|42143919|-82626711| |DF|0|0|0|0|0|0|0|0|0|0|0|0|0
S|SLVVA|42143919|-82626711| |IF|0|0|0|0|0|0|0|0|0|0|0|0|0
S|PAVYL|42143019|-82450172| |TF|0|0|0|0|0|0|0|0|0|0|0|0|0
S|PAVYL|42143019|-82450172| |IF|0|0|0|0|0|0|0|0|0|0|0|0|0
S|ESSBE|42058878|-81788275| |TF|0|0|0|0|0|0|0|0|0|0|0|0|0

P|PAVYL3|04|MRDOC|0|7
S| |91000000|181000000| |VA|0|3700|0|0|0|0|1|1200|0|0|0|0|0
S| |91000000|181000000| |VM|0|3700|0|0|0|0|0|0|0|0|0|0|0
S|SLVVA|42143919|-82626711| |DF|0|0|0|0|0|0|0|0|0|0|0|0|0
S|SLVVA|42143919|-82626711| |IF|0|0|0|0|0|0|0|0|0|0|0|0|0
S|PAVYL|42143019|-82450172| |TF|0|0|0|0|0|0|0|0|0|0|0|0|0
S|PAVYL|42143019|-82450172| |IF|0|0|0|0|0|0|0|0|0|0|0|0|0
S|MRDOC|42092564|-81590650| |TF|0|0|0|0|0|0|0|0|0|0|0|0|0

P|PAVYL3|17|ESSBE|0|6
S| |91000000|181000000| |VM|0|17400|0|0|0|0|0|0|0|0|0|0|0
S|SLVVA|42143919|-82626711| |DF|0|0|0|0|0|0|0|0|0|0|0|0|0
S|SLVVA|42143919|-82626711| |IF|0|0|0|0|0|0|0|0|0|0|0|0|0
S|PAVYL|42143019|-82450172| |TF|0|0|0|0|0|0|0|0|0|0|0|0|0
S|PAVYL|42143019|-82450172| |IF|0|0|0|0|0|0|0|0|0|0|0|0|0
S|ESSBE|42058878|-81788275| |TF|0|0|0|0|0|0|0|0|0|0|0|0|0

P|PAVYL3|17|MRDOC|0|6
S| |91000000|181000000| |VM|0|17400|0|0|0|0|0|0|0|0|0|0|0
S|SLVVA|42143919|-82626711| |DF|0|0|0|0|0|0|0|0|0|0|0|0|0
S|SLVVA|42143919|-82626711| |IF|0|0|0|0|0|0|0|0|0|0|0|0|0
S|PAVYL|42143019|-82450172| |TF|0|0|0|0|0|0|0|0|0|0|0|0|0
S|PAVYL|42143019|-82450172| |IF|0|0|0|0|0|0|0|0|0|0|0|0|0
S|MRDOC|42092564|-81590650| |TF|0|0|0|0|0|0|0|0|0|0|0|0|0

P|PAVYL3|22|ESSBE|0|6
S| |91000000|181000000| |VM|0|21700|0|0|0|0|0|0|0|0|0|0|0
S|SLVVA|42143919|-82626711| |DF|0|0|0|0|0|0|0|0|0|0|0|0|0
S|SLVVA|42143919|-82626711| |IF|0|0|0|0|0|0|0|0|0|0|0|0|0
S|PAVYL|42143019|-82450172| |TF|0|0|0|0|0|0|0|0|0|0|0|0|0
S|PAVYL|42143019|-82450172| |IF|0|0|0|0|0|0|0|0|0|0|0|0|0
S|ESSBE|42058878|-81788275| |TF|0|0|0|0|0|0|0|0|0|0|0|0|0

P|PAVYL3|22|MRDOC|0|6
S| |91000000|181000000| |VM|0|21700|0|0|0|0|0|0|0|0|0|0|0
S|SLVVA|42143919|-82626711| |DF|0|0|0|0|0|0|0|0|0|0|0|0|0
S|SLVVA|42143919|-82626711| |IF|0|0|0|0|0|0|0|0|0|0|0|0|0
S|PAVYL|42143019|-82450172| |TF|0|0|0|0|0|0|0|0|0|0|0|0|0
S|PAVYL|42143019|-82450172| |IF|0|0|0|0|0|0|0|0|0|0|0|0|0
S|MRDOC|42092564|-81590650| |TF|0|0|0|0|0|0|0|0|0|0|0|0|0

P|PAVYL3|35|ESSBE|0|8
S| |91000000|181000000| |VA|0|35400|0|0|0|0|1|1000|0|0|0|0|0
S| |91000000|181000000| |VA|0|600|0|0|0|0|1|1800|0|0|0|0|0
S| |91000000|181000000| |VM|0|600|0|0|0|0|0|0|0|0|0|0|0
S|SLVVA|42143919|-82626711| |DF|0|0|0|0|0|0|0|0|0|0|0|0|0
S|SLVVA|42143919|-82626711| |IF|0|0|0|0|0|0|0|0|0|0|0|0|0
S|PAVYL|42143019|-82450172| |TF|0|0|0|0|0|0|0|0|0|0|0|0|0
S|PAVYL|42143019|-82450172| |IF|0|0|0|0|0|0|0|0|0|0|0|0|0
S|ESSBE|42058878|-81788275| |TF|0|0|0|0|0|0|0|0|0|0|0|0|0

P|PAVYL3|35|MRDOC|0|8
S| |91000000|181000000| |VA|0|35400|0|0|0|0|1|1000|0|0|0|0|0
S| |91000000|181000000| |VA|0|600|0|0|0|0|1|1800|0|0|0|0|0
S| |91000000|181000000| |VM|0|600|0|0|0|0|0|0|0|0|0|0|0
S|SLVVA|42143919|-82626711| |DF|0|0|0|0|0|0|0|0|0|0|0|0|0
S|SLVVA|42143919|-82626711| |IF|0|0|0|0|0|0|0|0|0|0|0|0|0
S|PAVYL|42143019|-82450172| |TF|0|0|0|0|0|0|0|0|0|0|0|0|0
S|PAVYL|42143019|-82450172| |IF|0|0|0|0|0|0|0|0|0|0|0|0|0
S|MRDOC|42092564|-81590650| |TF|0|0|0|0|0|0|0|0|0|0|0|0|0

P|SNDRS3|04|BGHRT|0|10
S| |91000000|181000000| |VA|0|3700|0|0|0|0|1|1200|0|0|0|0|0
S| |91000000|181000000| |VM|0|3700|0|0|0|0|0|0|0|0|0|0|0
S|JWELS|41699061|-83789722| |DF|0|0|0|0|0|0|0|0|0|0|0|0|0
S|JWELS|41699061|-83789722| |IF|0|0|0|0|0|0|0|0|0|0|0|0|0
S|SNDRS|41249989|-84148456| |TF|0|0|0|0|0|0|0|0|0|0|0|0|0
S|SNDRS|41249989|-84148456| |IF|0|0|0|0|0|0|0|0|0|0|0|0|0
S|REEDA|41102381|-84639675| |TF|0|0|0|0|0|0|0|0|0|0|0|0|0
S|SEABS|40991194|-85290911| |TF|0|0|0|0|0|0|0|0|0|0|0|0|0
S|KNRKO|40884783|-85893597| |TF|0|0|0|0|0|0|0|0|0|0|0|0|0
S|BGHRT|40650000|-87933333| |TF|0|0|0|0|0|0|0|0|0|0|0|0|0

P|SNDRS3|04|TORRR|0|7
S| |91000000|181000000| |VA|0|3700|0|0|0|0|1|1200|0|0|0|0|0
S| |91000000|181000000| |VM|0|3700|0|0|0|0|0|0|0|0|0|0|0
S|JWELS|41699061|-83789722| |DF|0|0|0|0|0|0|0|0|0|0|0|0|0
S|JWELS|41699061|-83789722| |IF|0|0|0|0|0|0|0|0|0|0|0|0|0
S|SNDRS|41249989|-84148456| |TF|0|0|0|0|0|0|0|0|0|0|0|0|0
S|SNDRS|41249989|-84148456| |IF|0|0|0|0|0|0|0|0|0|0|0|0|0
S|TORRR|40741603|-84416358| |TF|0|0|0|0|0|0|0|0|0|0|0|0|0

P|SNDRS3|17|BGHRT|0|9
S| |91000000|181000000| |VM|0|17400|0|0|0|0|0|0|0|0|0|0|0
S|JWELS|41699061|-83789722| |DF|0|0|0|0|0|0|0|0|0|0|0|0|0
S|JWELS|41699061|-83789722| |IF|0|0|0|0|0|0|0|0|0|0|0|0|0
S|SNDRS|41249989|-84148456| |TF|0|0|0|0|0|0|0|0|0|0|0|0|0
S|SNDRS|41249989|-84148456| |IF|0|0|0|0|0|0|0|0|0|0|0|0|0
S|REEDA|41102381|-84639675| |TF|0|0|0|0|0|0|0|0|0|0|0|0|0
S|SEABS|40991194|-85290911| |TF|0|0|0|0|0|0|0|0|0|0|0|0|0
S|KNRKO|40884783|-85893597| |TF|0|0|0|0|0|0|0|0|0|0|0|0|0
S|BGHRT|40650000|-87933333| |TF|0|0|0|0|0|0|0|0|0|0|0|0|0

P|SNDRS3|17|TORRR|0|6
S| |91000000|181000000| |VM|0|17400|0|0|0|0|0|0|0|0|0|0|0
S|JWELS|41699061|-83789722| |DF|0|0|0|0|0|0|0|0|0|0|0|0|0
S|JWELS|41699061|-83789722| |IF|0|0|0|0|0|0|0|0|0|0|0|0|0
S|SNDRS|41249989|-84148456| |TF|0|0|0|0|0|0|0|0|0|0|0|0|0
S|SNDRS|41249989|-84148456| |IF|0|0|0|0|0|0|0|0|0|0|0|0|0
S|TORRR|40741603|-84416358| |TF|0|0|0|0|0|0|0|0|0|0|0|0|0

P|SNDRS3|22|BGHRT|0|9
S| |91000000|181000000| |VM|0|21700|0|0|0|0|0|0|0|0|0|0|0
S|JWELS|41699061|-83789722| |DF|0|0|0|0|0|0|0|0|0|0|0|0|0
S|JWELS|41699061|-83789722| |IF|0|0|0|0|0|0|0|0|0|0|0|0|0
S|SNDRS|41249989|-84148456| |TF|0|0|0|0|0|0|0|0|0|0|0|0|0
S|SNDRS|41249989|-84148456| |IF|0|0|0|0|0|0|0|0|0|0|0|0|0
S|REEDA|41102381|-84639675| |TF|0|0|0|0|0|0|0|0|0|0|0|0|0
S|SEABS|40991194|-85290911| |TF|0|0|0|0|0|0|0|0|0|0|0|0|0
S|KNRKO|40884783|-85893597| |TF|0|0|0|0|0|0|0|0|0|0|0|0|0
S|BGHRT|40650000|-87933333| |TF|0|0|0|0|0|0|0|0|0|0|0|0|0

P|SNDRS3|22|TORRR|0|6
S| |91000000|181000000| |VM|0|21700|0|0|0|0|0|0|0|0|0|0|0
S|JWELS|41699061|-83789722| |DF|0|0|0|0|0|0|0|0|0|0|0|0|0
S|JWELS|41699061|-83789722| |IF|0|0|0|0|0|0|0|0|0|0|0|0|0
S|SNDRS|41249989|-84148456| |TF|0|0|0|0|0|0|0|0|0|0|0|0|0
S|SNDRS|41249989|-84148456| |IF|0|0|0|0|0|0|0|0|0|0|0|0|0
S|TORRR|40741603|-84416358| |TF|0|0|0|0|0|0|0|0|0|0|0|0|0

P|SNDRS3|35|BGHRT|0|10
S| |91000000|181000000| |VA|0|35400|0|0|0|0|1|1000|0|0|0|0|0
S| |91000000|181000000| |VA|0|600|0|0|0|0|1|1800|0|0|0|0|0
S|JWELS|41699061|-83789722| |DF|0|0|0|0|0|0|0|0|0|0|0|0|0
S|JWELS|41699061|-83789722| |IF|0|0|0|0|0|0|0|0|0|0|0|0|0
S|SNDRS|41249989|-84148456| |TF|0|0|0|0|0|0|0|0|0|0|0|0|0
S|SNDRS|41249989|-84148456| |IF|0|0|0|0|0|0|0|0|0|0|0|0|0
S|REEDA|41102381|-84639675| |TF|0|0|0|0|0|0|0|0|0|0|0|0|0
S|SEABS|40991194|-85290911| |TF|0|0|0|0|0|0|0|0|0|0|0|0|0
S|KNRKO|40884783|-85893597| |TF|0|0|0|0|0|0|0|0|0|0|0|0|0
S|BGHRT|40650000|-87933333| |TF|0|0|0|0|0|0|0|0|0|0|0|0|0

P|SNDRS3|35|TORRR|0|7
S| |91000000|181000000| |VA|0|35400|0|0|0|0|1|1000|0|0|0|0|0
S| |91000000|181000000| |VA|0|600|0|0|0|0|1|1800|0|0|0|0|0
S|JWELS|41699061|-83789722| |DF|0|0|0|0|0|0|0|0|0|0|0|0|0
S|JWELS|41699061|-83789722| |IF|0|0|0|0|0|0|0|0|0|0|0|0|0
S|SNDRS|41249989|-84148456| |TF|0|0|0|0|0|0|0|0|0|0|0|0|0
S|SNDRS|41249989|-84148456| |IF|0|0|0|0|0|0|0|0|0|0|0|0|0
S|TORRR|40741603|-84416358| |TF|0|0|0|0|0|0|0|0|0|0|0|0|0

P|TRMML4|04|GNZOE|0|8
S| |91000000|181000000| |VA|0|3700|0|0|0|0|1|1200|0|0|0|0|0
S| |91000000|181000000| |VM|0|3700|0|0|0|0|0|0|0|0|0|0|0
S|LOALA|42900367|-83369061| |DF|0|0|0|0|0|0|0|0|0|0|0|0|0
S|LOALA|42900367|-83369061| |IF|0|0|0|0|0|0|0|0|0|0|0|0|0
S|TRMML|43205211|-83481083| |TF|0|0|0|0|0|0|0|0|0|0|0|0|0
S|TRMML|43205211|-83481083| |IF|0|0|0|0|0|0|0|0|0|0|0|0|0
S|DDEEZ|43542361|-83602522| |TF|0|0|0|0|0|0|0|0|0|0|0|0|0
S|GNZOE|43716667|-83666667| |TF|0|0|0|0|0|0|0|0|0|0|0|0|0

P|TRMML4|17|GNZOE|0|7
S| |91000000|181000000| |VM|0|17400|0|0|0|0|0|0|0|0|0|0|0
S|LOALA|42900367|-83369061| |DF|0|0|0|0|0|0|0|0|0|0|0|0|0
S|LOALA|42900367|-83369061| |IF|0|0|0|0|0|0|0|0|0|0|0|0|0
S|TRMML|43205211|-83481083| |TF|0|0|0|0|0|0|0|0|0|0|0|0|0
S|TRMML|43205211|-83481083| |IF|0|0|0|0|0|0|0|0|0|0|0|0|0
S|DDEEZ|43542361|-83602522| |TF|0|0|0|0|0|0|0|0|0|0|0|0|0
S|GNZOE|43716667|-83666667| |TF|0|0|0|0|0|0|0|0|0|0|0|0|0

P|TRMML4|22|GNZOE|0|7
S| |91000000|181000000| |VM|0|21700|0|0|0|0|0|0|0|0|0|0|0
S|LOALA|42900367|-83369061| |DF|0|0|0|0|0|0|0|0|0|0|0|0|0
S|LOALA|42900367|-83369061| |IF|0|0|0|0|0|0|0|0|0|0|0|0|0
S|TRMML|43205211|-83481083| |TF|0|0|0|0|0|0|0|0|0|0|0|0|0
S|TRMML|43205211|-83481083| |IF|0|0|0|0|0|0|0|0|0|0|0|0|0
S|DDEEZ|43542361|-83602522| |TF|0|0|0|0|0|0|0|0|0|0|0|0|0
S|GNZOE|43716667|-83666667| |TF|0|0|0|0|0|0|0|0|0|0|0|0|0

P|TRMML4|35|GNZOE|0|8
S| |91000000|181000000| |VA|0|600|0|0|0|0|1|1800|0|0|0|0|0
S| |91000000|181000000| |VM|0|600|0|0|0|0|0|0|0|0|0|0|0
S|LOALA|42900367|-83369061| |DF|0|0|0|0|0|0|0|0|0|0|0|0|0
S|LOALA|42900367|-83369061| |IF|0|0|0|0|0|0|0|0|0|0|0|0|0
S|TRMML|43205211|-83481083| |TF|0|0|0|0|0|0|0|0|0|0|0|0|0
S|TRMML|43205211|-83481083| |IF|0|0|0|0|0|0|0|0|0|0|0|0|0
S|DDEEZ|43542361|-83602522| |TF|0|0|0|0|0|0|0|0|0|0|0|0|0
S|GNZOE|43716667|-83666667| |TF|0|0|0|0|0|0|0|0|0|0|0|0|0

P|ZETTR4|04|DUTEL|0|8
S| |91000000|181000000| |VA|0|3700|0|0|0|0|1|1200|0|0|0|0|0
S| |91000000|181000000| |VM|0|3700|0|0|0|0|0|0|0|0|0|0|0
S|FLOKA|42790869|-82871922| |DF|0|0|0|0|0|0|0|0|0|0|0|0|0
S|FLOKA|42790869|-82871922| |IF|0|0|0|0|0|0|0|0|0|0|0|0|0
S|ZETTR|42923219|-82709364| |TF|0|0|0|0|0|0|0|0|0|0|0|0|0
S|ZETTR|42923219|-82709364| |IF|0|0|0|0|0|0|0|0|0|0|0|0|0
S|KARIT|43723056|-82144444| |TF|0|0|0|0|0|0|0|0|0|0|0|0|0
S|DUTEL|44666389|-81296389| |TF|0|0|0|0|0|0|0|0|0|0|0|0|0

P|ZETTR4|04|ETBOX|0|8
S| |91000000|181000000| |VA|0|3700|0|0|0|0|1|1200|0|0|0|0|0
S| |91000000|181000000| |VM|0|3700|0|0|0|0|0|0|0|0|0|0|0
S|FLOKA|42790869|-82871922| |DF|0|0|0|0|0|0|0|0|0|0|0|0|0
S|FLOKA|42790869|-82871922| |IF|0|0|0|0|0|0|0|0|0|0|0|0|0
S|ZETTR|42923219|-82709364| |TF|0|0|0|0|0|0|0|0|0|0|0|0|0
S|ZETTR|42923219|-82709364| |IF|0|0|0|0|0|0|0|0|0|0|0|0|0
S|KARIT|43723056|-82144444| |TF|0|0|0|0|0|0|0|0|0|0|0|0|0
S|ETBOX|44526944|-80129722| |TF|0|0|0|0|0|0|0|0|0|0|0|0|0

P|ZETTR4|04|KELTI|0|8
S| |91000000|181000000| |VA|0|3700|0|0|0|0|1|1200|0|0|0|0|0
S| |91000000|181000000| |VM|0|3700|0|0|0|0|0|0|0|0|0|0|0
S|FLOKA|42790869|-82871922| |DF|0|0|0|0|0|0|0|0|0|0|0|0|0
S|FLOKA|42790869|-82871922| |IF|0|0|0|0|0|0|0|0|0|0|0|0|0
S|ZETTR|42923219|-82709364| |TF|0|0|0|0|0|0|0|0|0|0|0|0|0
S|ZETTR|42923219|-82709364| |IF|0|0|0|0|0|0|0|0|0|0|0|0|0
S|TANKO|43025689|-82383994| |TF|0|0|0|0|0|0|0|0|0|0|0|0|0
S|KELTI|43282500|-78933333| |TF|0|0|0|0|0|0|0|0|0|0|0|0|0

P|ZETTR4|04|SIKBO|0|8
S| |91000000|181000000| |VA|0|3700|0|0|0|0|1|1200|0|0|0|0|0
S| |91000000|181000000| |VM|0|3700|0|0|0|0|0|0|0|0|0|0|0
S|FLOKA|42790869|-82871922| |DF|0|0|0|0|0|0|0|0|0|0|0|0|0
S|FLOKA|42790869|-82871922| |IF|0|0|0|0|0|0|0|0|0|0|0|0|0
S|ZETTR|42923219|-82709364| |TF|0|0|0|0|0|0|0|0|0|0|0|0|0
S|ZETTR|42923219|-82709364| |IF|0|0|0|0|0|0|0|0|0|0|0|0|0
S|TANKO|43025689|-82383994| |TF|0|0|0|0|0|0|0|0|0|0|0|0|0
S|SIKBO|43653611|-79349167| |TF|0|0|0|0|0|0|0|0|0|0|0|0|0

P|ZETTR4|04|TANKO|0|7
S| |91000000|181000000| |VA|0|3700|0|0|0|0|1|1200|0|0|0|0|0
S| |91000000|181000000| |VM|0|3700|0|0|0|0|0|0|0|0|0|0|0
S|FLOKA|42790869|-82871922| |DF|0|0|0|0|0|0|0|0|0|0|0|0|0
S|FLOKA|42790869|-82871922| |IF|0|0|0|0|0|0|0|0|0|0|0|0|0
S|ZETTR|42923219|-82709364| |TF|0|0|0|0|0|0|0|0|0|0|0|0|0
S|ZETTR|42923219|-82709364| |IF|0|0|0|0|0|0|0|0|0|0|0|0|0
S|TANKO|43025689|-82383994| |TF|0|0|0|0|0|0|0|0|0|0|0|0|0

P|ZETTR4|17|DUTEL|0|7
S| |91000000|181000000| |VM|0|17400|0|0|0|0|0|0|0|0|0|0|0
S|FLOKA|42790869|-82871922| |DF|0|0|0|0|0|0|0|0|0|0|0|0|0
S|FLOKA|42790869|-82871922| |IF|0|0|0|0|0|0|0|0|0|0|0|0|0
S|ZETTR|42923219|-82709364| |TF|0|0|0|0|0|0|0|0|0|0|0|0|0
S|ZETTR|42923219|-82709364| |IF|0|0|0|0|0|0|0|0|0|0|0|0|0
S|KARIT|43723056|-82144444| |TF|0|0|0|0|0|0|0|0|0|0|0|0|0
S|DUTEL|44666389|-81296389| |TF|0|0|0|0|0|0|0|0|0|0|0|0|0

P|ZETTR4|17|ETBOX|0|7
S| |91000000|181000000| |VM|0|17400|0|0|0|0|0|0|0|0|0|0|0
S|FLOKA|42790869|-82871922| |DF|0|0|0|0|0|0|0|0|0|0|0|0|0
S|FLOKA|42790869|-82871922| |IF|0|0|0|0|0|0|0|0|0|0|0|0|0
S|ZETTR|42923219|-82709364| |TF|0|0|0|0|0|0|0|0|0|0|0|0|0
S|ZETTR|42923219|-82709364| |IF|0|0|0|0|0|0|0|0|0|0|0|0|0
S|KARIT|43723056|-82144444| |TF|0|0|0|0|0|0|0|0|0|0|0|0|0
S|ETBOX|44526944|-80129722| |TF|0|0|0|0|0|0|0|0|0|0|0|0|0

P|ZETTR4|17|KELTI|0|7
S| |91000000|181000000| |VM|0|17400|0|0|0|0|0|0|0|0|0|0|0
S|FLOKA|42790869|-82871922| |DF|0|0|0|0|0|0|0|0|0|0|0|0|0
S|FLOKA|42790869|-82871922| |IF|0|0|0|0|0|0|0|0|0|0|0|0|0
S|ZETTR|42923219|-82709364| |TF|0|0|0|0|0|0|0|0|0|0|0|0|0
S|ZETTR|42923219|-82709364| |IF|0|0|0|0|0|0|0|0|0|0|0|0|0
S|TANKO|43025689|-82383994| |TF|0|0|0|0|0|0|0|0|0|0|0|0|0
S|KELTI|43282500|-78933333| |TF|0|0|0|0|0|0|0|0|0|0|0|0|0

P|ZETTR4|17|SIKBO|0|7
S| |91000000|181000000| |VM|0|17400|0|0|0|0|0|0|0|0|0|0|0
S|FLOKA|42790869|-82871922| |DF|0|0|0|0|0|0|0|0|0|0|0|0|0
S|FLOKA|42790869|-82871922| |IF|0|0|0|0|0|0|0|0|0|0|0|0|0
S|ZETTR|42923219|-82709364| |TF|0|0|0|0|0|0|0|0|0|0|0|0|0
S|ZETTR|42923219|-82709364| |IF|0|0|0|0|0|0|0|0|0|0|0|0|0
S|TANKO|43025689|-82383994| |TF|0|0|0|0|0|0|0|0|0|0|0|0|0
S|SIKBO|43653611|-79349167| |TF|0|0|0|0|0|0|0|0|0|0|0|0|0

P|ZETTR4|17|TANKO|0|6
S| |91000000|181000000| |VM|0|17400|0|0|0|0|0|0|0|0|0|0|0
S|FLOKA|42790869|-82871922| |DF|0|0|0|0|0|0|0|0|0|0|0|0|0
S|FLOKA|42790869|-82871922| |IF|0|0|0|0|0|0|0|0|0|0|0|0|0
S|ZETTR|42923219|-82709364| |TF|0|0|0|0|0|0|0|0|0|0|0|0|0
S|ZETTR|42923219|-82709364| |IF|0|0|0|0|0|0|0|0|0|0|0|0|0
S|TANKO|43025689|-82383994| |TF|0|0|0|0|0|0|0|0|0|0|0|0|0

P|ZETTR4|22|DUTEL|0|7
S| |91000000|181000000| |VM|0|21700|0|0|0|0|0|0|0|0|0|0|0
S|FLOKA|42790869|-82871922| |DF|0|0|0|0|0|0|0|0|0|0|0|0|0
S|FLOKA|42790869|-82871922| |IF|0|0|0|0|0|0|0|0|0|0|0|0|0
S|ZETTR|42923219|-82709364| |TF|0|0|0|0|0|0|0|0|0|0|0|0|0
S|ZETTR|42923219|-82709364| |IF|0|0|0|0|0|0|0|0|0|0|0|0|0
S|KARIT|43723056|-82144444| |TF|0|0|0|0|0|0|0|0|0|0|0|0|0
S|DUTEL|44666389|-81296389| |TF|0|0|0|0|0|0|0|0|0|0|0|0|0

P|ZETTR4|22|ETBOX|0|7
S| |91000000|181000000| |VM|0|21700|0|0|0|0|0|0|0|0|0|0|0
S|FLOKA|42790869|-82871922| |DF|0|0|0|0|0|0|0|0|0|0|0|0|0
S|FLOKA|42790869|-82871922| |IF|0|0|0|0|0|0|0|0|0|0|0|0|0
S|ZETTR|42923219|-82709364| |TF|0|0|0|0|0|0|0|0|0|0|0|0|0
S|ZETTR|42923219|-82709364| |IF|0|0|0|0|0|0|0|0|0|0|0|0|0
S|KARIT|43723056|-82144444| |TF|0|0|0|0|0|0|0|0|0|0|0|0|0
S|ETBOX|44526944|-80129722| |TF|0|0|0|0|0|0|0|0|0|0|0|0|0

P|ZETTR4|22|KELTI|0|7
S| |91000000|181000000| |VM|0|21700|0|0|0|0|0|0|0|0|0|0|0
S|FLOKA|42790869|-82871922| |DF|0|0|0|0|0|0|0|0|0|0|0|0|0
S|FLOKA|42790869|-82871922| |IF|0|0|0|0|0|0|0|0|0|0|0|0|0
S|ZETTR|42923219|-82709364| |TF|0|0|0|0|0|0|0|0|0|0|0|0|0
S|ZETTR|42923219|-82709364| |IF|0|0|0|0|0|0|0|0|0|0|0|0|0
S|TANKO|43025689|-82383994| |TF|0|0|0|0|0|0|0|0|0|0|0|0|0
S|KELTI|43282500|-78933333| |TF|0|0|0|0|0|0|0|0|0|0|0|0|0

P|ZETTR4|22|SIKBO|0|7
S| |91000000|181000000| |VM|0|21700|0|0|0|0|0|0|0|0|0|0|0
S|FLOKA|42790869|-82871922| |DF|0|0|0|0|0|0|0|0|0|0|0|0|0
S|FLOKA|42790869|-82871922| |IF|0|0|0|0|0|0|0|0|0|0|0|0|0
S|ZETTR|42923219|-82709364| |TF|0|0|0|0|0|0|0|0|0|0|0|0|0
S|ZETTR|42923219|-82709364| |IF|0|0|0|0|0|0|0|0|0|0|0|0|0
S|TANKO|43025689|-82383994| |TF|0|0|0|0|0|0|0|0|0|0|0|0|0
S|SIKBO|43653611|-79349167| |TF|0|0|0|0|0|0|0|0|0|0|0|0|0

P|ZETTR4|22|TANKO|0|6
S| |91000000|181000000| |VM|0|21700|0|0|0|0|0|0|0|0|0|0|0
S|FLOKA|42790869|-82871922| |DF|0|0|0|0|0|0|0|0|0|0|0|0|0
S|FLOKA|42790869|-82871922| |IF|0|0|0|0|0|0|0|0|0|0|0|0|0
S|ZETTR|42923219|-82709364| |TF|0|0|0|0|0|0|0|0|0|0|0|0|0
S|ZETTR|42923219|-82709364| |IF|0|0|0|0|0|0|0|0|0|0|0|0|0
S|TANKO|43025689|-82383994| |TF|0|0|0|0|0|0|0|0|0|0|0|0|0

P|ZETTR4|35|DUTEL|0|9
S| |91000000|181000000| |VA|0|35400|0|0|0|0|1|1000|0|0|0|0|0
S| |91000000|181000000| |VA|0|600|0|0|0|0|1|1800|0|0|0|0|0
S| |91000000|181000000| |VM|0|600|0|0|0|0|0|0|0|0|0|0|0
S|FLOKA|42790869|-82871922| |DF|0|0|0|0|0|0|0|0|0|0|0|0|0
S|FLOKA|42790869|-82871922| |IF|0|0|0|0|0|0|0|0|0|0|0|0|0
S|ZETTR|42923219|-82709364| |TF|0|0|0|0|0|0|0|0|0|0|0|0|0
S|ZETTR|42923219|-82709364| |IF|0|0|0|0|0|0|0|0|0|0|0|0|0
S|KARIT|43723056|-82144444| |TF|0|0|0|0|0|0|0|0|0|0|0|0|0
S|DUTEL|44666389|-81296389| |TF|0|0|0|0|0|0|0|0|0|0|0|0|0

P|ZETTR4|35|ETBOX|0|9
S| |91000000|181000000| |VA|0|35400|0|0|0|0|1|1000|0|0|0|0|0
S| |91000000|181000000| |VA|0|600|0|0|0|0|1|1800|0|0|0|0|0
S| |91000000|181000000| |VM|0|600|0|0|0|0|0|0|0|0|0|0|0
S|FLOKA|42790869|-82871922| |DF|0|0|0|0|0|0|0|0|0|0|0|0|0
S|FLOKA|42790869|-82871922| |IF|0|0|0|0|0|0|0|0|0|0|0|0|0
S|ZETTR|42923219|-82709364| |TF|0|0|0|0|0|0|0|0|0|0|0|0|0
S|ZETTR|42923219|-82709364| |IF|0|0|0|0|0|0|0|0|0|0|0|0|0
S|KARIT|43723056|-82144444| |TF|0|0|0|0|0|0|0|0|0|0|0|0|0
S|ETBOX|44526944|-80129722| |TF|0|0|0|0|0|0|0|0|0|0|0|0|0

P|ZETTR4|35|KELTI|0|9
S| |91000000|181000000| |VA|0|35400|0|0|0|0|1|1000|0|0|0|0|0
S| |91000000|181000000| |VA|0|600|0|0|0|0|1|1800|0|0|0|0|0
S| |91000000|181000000| |VM|0|600|0|0|0|0|0|0|0|0|0|0|0
S|FLOKA|42790869|-82871922| |DF|0|0|0|0|0|0|0|0|0|0|0|0|0
S|FLOKA|42790869|-82871922| |IF|0|0|0|0|0|0|0|0|0|0|0|0|0
S|ZETTR|42923219|-82709364| |TF|0|0|0|0|0|0|0|0|0|0|0|0|0
S|ZETTR|42923219|-82709364| |IF|0|0|0|0|0|0|0|0|0|0|0|0|0
S|TANKO|43025689|-82383994| |TF|0|0|0|0|0|0|0|0|0|0|0|0|0
S|KELTI|43282500|-78933333| |TF|0|0|0|0|0|0|0|0|0|0|0|0|0

P|ZETTR4|35|SIKBO|0|9
S| |91000000|181000000| |VA|0|35400|0|0|0|0|1|1000|0|0|0|0|0
S| |91000000|181000000| |VA|0|600|0|0|0|0|1|1800|0|0|0|0|0
S| |91000000|181000000| |VM|0|600|0|0|0|0|0|0|0|0|0|0|0
S|FLOKA|42790869|-82871922| |DF|0|0|0|0|0|0|0|0|0|0|0|0|0
S|FLOKA|42790869|-82871922| |IF|0|0|0|0|0|0|0|0|0|0|0|0|0
S|ZETTR|42923219|-82709364| |TF|0|0|0|0|0|0|0|0|0|0|0|0|0
S|ZETTR|42923219|-82709364| |IF|0|0|0|0|0|0|0|0|0|0|0|0|0
S|TANKO|43025689|-82383994| |TF|0|0|0|0|0|0|0|0|0|0|0|0|0
S|SIKBO|43653611|-79349167| |TF|0|0|0|0|0|0|0|0|0|0|0|0|0

P|ZETTR4|35|TANKO|0|8
S| |91000000|181000000| |VA|0|35400|0|0|0|0|1|1000|0|0|0|0|0
S| |91000000|181000000| |VA|0|600|0|0|0|0|1|1800|0|0|0|0|0
S| |91000000|181000000| |VM|0|600|0|0|0|0|0|0|0|0|0|0|0
S|FLOKA|42790869|-82871922| |DF|0|0|0|0|0|0|0|0|0|0|0|0|0
S|FLOKA|42790869|-82871922| |IF|0|0|0|0|0|0|0|0|0|0|0|0|0
S|ZETTR|42923219|-82709364| |TF|0|0|0|0|0|0|0|0|0|0|0|0|0
S|ZETTR|42923219|-82709364| |IF|0|0|0|0|0|0|0|0|0|0|0|0|0
S|TANKO|43025689|-82383994| |TF|0|0|0|0|0|0|0|0|0|0|0|0|0

