P|HOLND1|05|ATLIC|0|7
S| |91000000|181000000| |VA|0|4700|0|0|0|0|1|526|0|0|0|0|0
S| |91000000|181000000| |VM|0|4700|0|0|0|0|0|0|0|0|0|0|0
S|VABCH|36990294|-76104997| |DF|0|0|0|0|0|0|1|2000|0|0|0|0|0
S|VABCH|36990294|-76104997| |IF|0|0|0|0|0|0|1|2000|0|0|0|0|0
S|HOLND|37106089|-75890831| |TF|0|0|0|0|0|0|0|0|0|0|0|0|0
S|HOLND|37106089|-75890831| |IF|0|0|0|0|0|0|0|0|0|0|0|0|0
S|ATLIC|36917733|-75213092| |TF|0|0|0|0|0|0|0|0|0|0|0|0|0

P|HOLND1|05|KALDA|0|8
S| |91000000|181000000| |VA|0|4700|0|0|0|0|1|526|0|0|0|0|0
S| |91000000|181000000| |VM|0|4700|0|0|0|0|0|0|0|0|0|0|0
S|VABCH|36990294|-76104997| |DF|0|0|0|0|0|0|1|2000|0|0|0|0|0
S|VABCH|36990294|-76104997| |IF|0|0|0|0|0|0|1|2000|0|0|0|0|0
S|HOLND|37106089|-75890831| |TF|0|0|0|0|0|0|0|0|0|0|0|0|0
S|HOLND|37106089|-75890831| |IF|0|0|0|0|0|0|0|0|0|0|0|0|0
S|SCHOL|37183194|-75715553| |TF|0|0|0|0|0|0|0|0|0|0|0|0|0
S|KALDA|37841961|-75626483| |TF|0|0|0|0|0|0|0|0|0|0|0|0|0

P|HOLND1|05|OUTLA|0|7
S| |91000000|181000000| |VA|0|4700|0|0|0|0|1|526|0|0|0|0|0
S| |91000000|181000000| |VM|0|4700|0|0|0|0|0|0|0|0|0|0|0
S|VABCH|36990294|-76104997| |DF|0|0|0|0|0|0|1|2000|0|0|0|0|0
S|VABCH|36990294|-76104997| |IF|0|0|0|0|0|0|1|2000|0|0|0|0|0
S|HOLND|37106089|-75890831| |TF|0|0|0|0|0|0|0|0|0|0|0|0|0
S|HOLND|37106089|-75890831| |IF|0|0|0|0|0|0|0|0|0|0|0|0|0
S|OUTLA|37345967|-75998356| |TF|0|0|0|0|0|0|0|0|0|0|0|0|0

P|HOLND1|23|ATLIC|0|7
S| |91000000|181000000| |VA|0|22700|0|0|0|0|1|526|0|0|0|0|0
S| |91000000|181000000| |VM|0|22700|0|0|0|0|0|0|0|0|0|0|0
S|VABCH|36990294|-76104997| |DF|0|0|0|0|0|0|1|2000|0|0|0|0|0
S|VABCH|36990294|-76104997| |IF|0|0|0|0|0|0|1|2000|0|0|0|0|0
S|HOLND|37106089|-75890831| |TF|0|0|0|0|0|0|0|0|0|0|0|0|0
S|HOLND|37106089|-75890831| |IF|0|0|0|0|0|0|0|0|0|0|0|0|0
S|ATLIC|36917733|-75213092| |TF|0|0|0|0|0|0|0|0|0|0|0|0|0

P|HOLND1|23|KALDA|0|8
S| |91000000|181000000| |VA|0|22700|0|0|0|0|1|526|0|0|0|0|0
S| |91000000|181000000| |VM|0|22700|0|0|0|0|0|0|0|0|0|0|0
S|VABCH|36990294|-76104997| |DF|0|0|0|0|0|0|1|2000|0|0|0|0|0
S|VABCH|36990294|-76104997| |IF|0|0|0|0|0|0|1|2000|0|0|0|0|0
S|HOLND|37106089|-75890831| |TF|0|0|0|0|0|0|0|0|0|0|0|0|0
S|HOLND|37106089|-75890831| |IF|0|0|0|0|0|0|0|0|0|0|0|0|0
S|SCHOL|37183194|-75715553| |TF|0|0|0|0|0|0|0|0|0|0|0|0|0
S|KALDA|37841961|-75626483| |TF|0|0|0|0|0|0|0|0|0|0|0|0|0

P|HOLND1|23|OUTLA|0|7
S| |91000000|181000000| |VA|0|22700|0|0|0|0|1|526|0|0|0|0|0
S| |91000000|181000000| |VM|0|22700|0|0|0|0|0|0|0|0|0|0|0
S|VABCH|36990294|-76104997| |DF|0|0|0|0|0|0|1|2000|0|0|0|0|0
S|VABCH|36990294|-76104997| |IF|0|0|0|0|0|0|1|2000|0|0|0|0|0
S|HOLND|37106089|-75890831| |TF|0|0|0|0|0|0|0|0|0|0|0|0|0
S|HOLND|37106089|-75890831| |IF|0|0|0|0|0|0|0|0|0|0|0|0|0
S|OUTLA|37345967|-75998356| |TF|0|0|0|0|0|0|0|0|0|0|0|0|0

P|NUTIY1|05|EYOBI|0|10
S| |91000000|181000000| |VA|0|4700|0|0|0|0|1|526|0|0|0|0|0
S| |91000000|181000000| |VM|0|4700|0|0|0|0|0|0|0|0|0|0|0
S|SCTYP|36946364|-76368831| |DF|0|0|0|0|0|0|1|2000|0|0|0|0|0
S|SCTYP|36946364|-76368831| |IF|0|0|0|0|0|0|1|2000|0|0|0|0|0
S|NUTIY|36945411|-76550067| |TF|0|0|0|0|0|0|0|0|0|0|0|0|0
S|NUTIY|36945411|-76550067| |IF|0|0|0|0|0|0|0|0|0|0|0|0|0
S|COUPN|36714119|-77012233| |TF|0|0|0|0|0|0|0|0|0|0|0|0|0
S|BEETN|36488581|-77496119| |TF|0|0|0|0|0|0|0|0|0|0|0|0|0
S|JIMAR|36295019|-77906050| |TF|0|0|0|0|0|0|0|0|0|0|0|0|0
S|EYOBI|34786361|-78849172| |TF|0|0|0|0|0|0|0|0|0|0|0|0|0

P|NUTIY1|05|HCM|0|7
S| |91000000|181000000| |VA|0|4700|0|0|0|0|1|526|0|0|0|0|0
S| |91000000|181000000| |VM|0|4700|0|0|0|0|0|0|0|0|0|0|0
S|SCTYP|36946364|-76368831| |DF|0|0|0|0|0|0|1|2000|0|0|0|0|0
S|SCTYP|36946364|-76368831| |IF|0|0|0|0|0|0|1|2000|0|0|0|0|0
S|NUTIY|36945411|-76550067| |TF|0|0|0|0|0|0|0|0|0|0|0|0|0
S|NUTIY|36945411|-76550067| |IF|0|0|0|0|0|0|0|0|0|0|0|0|0
S|HCM|37448661|-76711353| |TF|0|0|0|0|0|0|0|0|0|0|0|0|0

P|NUTIY1|05|HYTRA|0|9
S| |91000000|181000000| |VA|0|4700|0|0|0|0|1|526|0|0|0|0|0
S| |91000000|181000000| |VM|0|4700|0|0|0|0|0|0|0|0|0|0|0
S|SCTYP|36946364|-76368831| |DF|0|0|0|0|0|0|1|2000|0|0|0|0|0
S|SCTYP|36946364|-76368831| |IF|0|0|0|0|0|0|1|2000|0|0|0|0|0
S|NUTIY|36945411|-76550067| |TF|0|0|0|0|0|0|0|0|0|0|0|0|0
S|NUTIY|36945411|-76550067| |IF|0|0|0|0|0|0|0|0|0|0|0|0|0
S|HOUKY|37332217|-77132675| |TF|0|0|0|0|0|0|0|0|0|0|0|0|0
S|TAPPA|37970183|-76844617| |TF|0|0|0|0|0|0|0|0|0|0|0|0|0
S|HYTRA|38292197|-76413833| |TF|0|0|0|0|0|0|0|0|0|0|0|0|0

P|NUTIY1|05|KELLE|0|9
S| |91000000|181000000| |VA|0|4700|0|0|0|0|1|526|0|0|0|0|0
S| |91000000|181000000| |VM|0|4700|0|0|0|0|0|0|0|0|0|0|0
S|SCTYP|36946364|-76368831| |DF|0|0|0|0|0|0|1|2000|0|0|0|0|0
S|SCTYP|36946364|-76368831| |IF|0|0|0|0|0|0|1|2000|0|0|0|0|0
S|NUTIY|36945411|-76550067| |TF|0|0|0|0|0|0|0|0|0|0|0|0|0
S|NUTIY|36945411|-76550067| |IF|0|0|0|0|0|0|0|0|0|0|0|0|0
S|MIDRE|36982386|-76783014| |TF|0|0|0|0|0|0|0|0|0|0|0|0|0
S|WAIKS|37050478|-77068800| |TF|0|0|0|0|0|0|0|0|0|0|0|0|0
S|KELLE|37179525|-77805200| |TF|0|0|0|0|0|0|0|0|0|0|0|0|0

P|NUTIY1|05|PBCUP|0|11
S| |91000000|181000000| |VA|0|4700|0|0|0|0|1|526|0|0|0|0|0
S| |91000000|181000000| |VM|0|4700|0|0|0|0|0|0|0|0|0|0|0
S|SCTYP|36946364|-76368831| |DF|0|0|0|0|0|0|1|2000|0|0|0|0|0
S|SCTYP|36946364|-76368831| |IF|0|0|0|0|0|0|1|2000|0|0|0|0|0
S|NUTIY|36945411|-76550067| |TF|0|0|0|0|0|0|0|0|0|0|0|0|0
S|NUTIY|36945411|-76550067| |IF|0|0|0|0|0|0|0|0|0|0|0|0|0
S|COUPN|36714119|-77012233| |TF|0|0|0|0|0|0|0|0|0|0|0|0|0
S|BEETN|36488581|-77496119| |TF|0|0|0|0|0|0|0|0|0|0|0|0|0
S|JIMAR|36295019|-77906050| |TF|0|0|0|0|0|0|0|0|0|0|0|0|0
S|DEEEZ|35282200|-78240078| |TF|0|0|0|0|0|0|0|0|0|0|0|0|0
S|PBCUP|34991569|-78330853| |TF|0|0|0|0|0|0|0|0|0|0|0|0|0

P|NUTIY1|05|RDU|0|10
S| |91000000|181000000| |VA|0|4700|0|0|0|0|1|526|0|0|0|0|0
S| |91000000|181000000| |VM|0|4700|0|0|0|0|0|0|0|0|0|0|0
S|SCTYP|36946364|-76368831| |DF|0|0|0|0|0|0|1|2000|0|0|0|0|0
S|SCTYP|36946364|-76368831| |IF|0|0|0|0|0|0|1|2000|0|0|0|0|0
S|NUTIY|36945411|-76550067| |TF|0|0|0|0|0|0|0|0|0|0|0|0|0
S|NUTIY|36945411|-76550067| |IF|0|0|0|0|0|0|0|0|0|0|0|0|0
S|COUPN|36714119|-77012233| |TF|0|0|0|0|0|0|0|0|0|0|0|0|0
S|BEETN|36488581|-77496119| |TF|0|0|0|0|0|0|0|0|0|0|0|0|0
S|JIMAR|36295019|-77906050| |TF|0|0|0|0|0|0|0|0|0|0|0|0|0
S|RDU|35872522|-78783342| |TF|0|0|0|0|0|0|0|0|0|0|0|0|0

P|NUTIY1|05|SHLBK|0|10
S| |91000000|181000000| |VA|0|4700|0|0|0|0|1|526|0|0|0|0|0
S| |91000000|181000000| |VM|0|4700|0|0|0|0|0|0|0|0|0|0|0
S|SCTYP|36946364|-76368831| |DF|0|0|0|0|0|0|1|2000|0|0|0|0|0
S|SCTYP|36946364|-76368831| |IF|0|0|0|0|0|0|1|2000|0|0|0|0|0
S|NUTIY|36945411|-76550067| |TF|0|0|0|0|0|0|0|0|0|0|0|0|0
S|NUTIY|36945411|-76550067| |IF|0|0|0|0|0|0|0|0|0|0|0|0|0
S|HOUKY|37332217|-77132675| |TF|0|0|0|0|0|0|0|0|0|0|0|0|0
S|TAPPA|37970183|-76844617| |TF|0|0|0|0|0|0|0|0|0|0|0|0|0
S|COLIN|38099786|-76664125| |TF|0|0|0|0|0|0|0|0|0|0|0|0|0
S|SHLBK|38337836|-76436253| |TF|0|0|0|0|0|0|0|0|0|0|0|0|0

P|NUTIY1|05|THHMP|0|8
S| |91000000|181000000| |VA|0|4700|0|0|0|0|1|526|0|0|0|0|0
S| |91000000|181000000| |VM|0|4700|0|0|0|0|0|0|0|0|0|0|0
S|SCTYP|36946364|-76368831| |DF|0|0|0|0|0|0|1|2000|0|0|0|0|0
S|SCTYP|36946364|-76368831| |IF|0|0|0|0|0|0|1|2000|0|0|0|0|0
S|NUTIY|36945411|-76550067| |TF|0|0|0|0|0|0|0|0|0|0|0|0|0
S|NUTIY|36945411|-76550067| |IF|0|0|0|0|0|0|0|0|0|0|0|0|0
S|HOUKY|37332217|-77132675| |TF|0|0|0|0|0|0|0|0|0|0|0|0|0
S|THHMP|37491519|-77319097| |TF|0|0|0|0|0|0|0|0|0|0|0|0|0

P|NUTIY1|23|EYOBI|0|10
S| |91000000|181000000| |VA|0|22700|0|0|0|0|1|526|0|0|0|0|0
S| |91000000|181000000| |VM|0|22700|0|0|0|0|0|0|0|0|0|0|0
S|SCTYP|36946364|-76368831| |DF|0|0|0|0|0|0|1|2000|0|0|0|0|0
S|SCTYP|36946364|-76368831| |IF|0|0|0|0|0|0|1|2000|0|0|0|0|0
S|NUTIY|36945411|-76550067| |TF|0|0|0|0|0|0|0|0|0|0|0|0|0
S|NUTIY|36945411|-76550067| |IF|0|0|0|0|0|0|0|0|0|0|0|0|0
S|COUPN|36714119|-77012233| |TF|0|0|0|0|0|0|0|0|0|0|0|0|0
S|BEETN|36488581|-77496119| |TF|0|0|0|0|0|0|0|0|0|0|0|0|0
S|JIMAR|36295019|-77906050| |TF|0|0|0|0|0|0|0|0|0|0|0|0|0
S|EYOBI|34786361|-78849172| |TF|0|0|0|0|0|0|0|0|0|0|0|0|0

P|NUTIY1|23|HCM|0|7
S| |91000000|181000000| |VA|0|22700|0|0|0|0|1|526|0|0|0|0|0
S| |91000000|181000000| |VM|0|22700|0|0|0|0|0|0|0|0|0|0|0
S|SCTYP|36946364|-76368831| |DF|0|0|0|0|0|0|1|2000|0|0|0|0|0
S|SCTYP|36946364|-76368831| |IF|0|0|0|0|0|0|1|2000|0|0|0|0|0
S|NUTIY|36945411|-76550067| |TF|0|0|0|0|0|0|0|0|0|0|0|0|0
S|NUTIY|36945411|-76550067| |IF|0|0|0|0|0|0|0|0|0|0|0|0|0
S|HCM|37448661|-76711353| |TF|0|0|0|0|0|0|0|0|0|0|0|0|0

P|NUTIY1|23|HYTRA|0|9
S| |91000000|181000000| |VA|0|22700|0|0|0|0|1|526|0|0|0|0|0
S| |91000000|181000000| |VM|0|22700|0|0|0|0|0|0|0|0|0|0|0
S|SCTYP|36946364|-76368831| |DF|0|0|0|0|0|0|1|2000|0|0|0|0|0
S|SCTYP|36946364|-76368831| |IF|0|0|0|0|0|0|1|2000|0|0|0|0|0
S|NUTIY|36945411|-76550067| |TF|0|0|0|0|0|0|0|0|0|0|0|0|0
S|NUTIY|36945411|-76550067| |IF|0|0|0|0|0|0|0|0|0|0|0|0|0
S|HOUKY|37332217|-77132675| |TF|0|0|0|0|0|0|0|0|0|0|0|0|0
S|TAPPA|37970183|-76844617| |TF|0|0|0|0|0|0|0|0|0|0|0|0|0
S|HYTRA|38292197|-76413833| |TF|0|0|0|0|0|0|0|0|0|0|0|0|0

P|NUTIY1|23|KELLE|0|9
S| |91000000|181000000| |VA|0|22700|0|0|0|0|1|526|0|0|0|0|0
S| |91000000|181000000| |VM|0|22700|0|0|0|0|0|0|0|0|0|0|0
S|SCTYP|36946364|-76368831| |DF|0|0|0|0|0|0|1|2000|0|0|0|0|0
S|SCTYP|36946364|-76368831| |IF|0|0|0|0|0|0|1|2000|0|0|0|0|0
S|NUTIY|36945411|-76550067| |TF|0|0|0|0|0|0|0|0|0|0|0|0|0
S|NUTIY|36945411|-76550067| |IF|0|0|0|0|0|0|0|0|0|0|0|0|0
S|MIDRE|36982386|-76783014| |TF|0|0|0|0|0|0|0|0|0|0|0|0|0
S|WAIKS|37050478|-77068800| |TF|0|0|0|0|0|0|0|0|0|0|0|0|0
S|KELLE|37179525|-77805200| |TF|0|0|0|0|0|0|0|0|0|0|0|0|0

P|NUTIY1|23|PBCUP|0|11
S| |91000000|181000000| |VA|0|22700|0|0|0|0|1|526|0|0|0|0|0
S| |91000000|181000000| |VM|0|22700|0|0|0|0|0|0|0|0|0|0|0
S|SCTYP|36946364|-76368831| |DF|0|0|0|0|0|0|1|2000|0|0|0|0|0
S|SCTYP|36946364|-76368831| |IF|0|0|0|0|0|0|1|2000|0|0|0|0|0
S|NUTIY|36945411|-76550067| |TF|0|0|0|0|0|0|0|0|0|0|0|0|0
S|NUTIY|36945411|-76550067| |IF|0|0|0|0|0|0|0|0|0|0|0|0|0
S|COUPN|36714119|-77012233| |TF|0|0|0|0|0|0|0|0|0|0|0|0|0
S|BEETN|36488581|-77496119| |TF|0|0|0|0|0|0|0|0|0|0|0|0|0
S|JIMAR|36295019|-77906050| |TF|0|0|0|0|0|0|0|0|0|0|0|0|0
S|DEEEZ|35282200|-78240078| |TF|0|0|0|0|0|0|0|0|0|0|0|0|0
S|PBCUP|34991569|-78330853| |TF|0|0|0|0|0|0|0|0|0|0|0|0|0

P|NUTIY1|23|RDU|0|10
S| |91000000|181000000| |VA|0|22700|0|0|0|0|1|526|0|0|0|0|0
S| |91000000|181000000| |VM|0|22700|0|0|0|0|0|0|0|0|0|0|0
S|SCTYP|36946364|-76368831| |DF|0|0|0|0|0|0|1|2000|0|0|0|0|0
S|SCTYP|36946364|-76368831| |IF|0|0|0|0|0|0|1|2000|0|0|0|0|0
S|NUTIY|36945411|-76550067| |TF|0|0|0|0|0|0|0|0|0|0|0|0|0
S|NUTIY|36945411|-76550067| |IF|0|0|0|0|0|0|0|0|0|0|0|0|0
S|COUPN|36714119|-77012233| |TF|0|0|0|0|0|0|0|0|0|0|0|0|0
S|BEETN|36488581|-77496119| |TF|0|0|0|0|0|0|0|0|0|0|0|0|0
S|JIMAR|36295019|-77906050| |TF|0|0|0|0|0|0|0|0|0|0|0|0|0
S|RDU|35872522|-78783342| |TF|0|0|0|0|0|0|0|0|0|0|0|0|0

P|NUTIY1|23|SHLBK|0|10
S| |91000000|181000000| |VA|0|22700|0|0|0|0|1|526|0|0|0|0|0
S| |91000000|181000000| |VM|0|22700|0|0|0|0|0|0|0|0|0|0|0
S|SCTYP|36946364|-76368831| |DF|0|0|0|0|0|0|1|2000|0|0|0|0|0
S|SCTYP|36946364|-76368831| |IF|0|0|0|0|0|0|1|2000|0|0|0|0|0
S|NUTIY|36945411|-76550067| |TF|0|0|0|0|0|0|0|0|0|0|0|0|0
S|NUTIY|36945411|-76550067| |IF|0|0|0|0|0|0|0|0|0|0|0|0|0
S|HOUKY|37332217|-77132675| |TF|0|0|0|0|0|0|0|0|0|0|0|0|0
S|TAPPA|37970183|-76844617| |TF|0|0|0|0|0|0|0|0|0|0|0|0|0
S|COLIN|38099786|-76664125| |TF|0|0|0|0|0|0|0|0|0|0|0|0|0
S|SHLBK|38337836|-76436253| |TF|0|0|0|0|0|0|0|0|0|0|0|0|0

P|NUTIY1|23|THHMP|0|8
S| |91000000|181000000| |VA|0|22700|0|0|0|0|1|526|0|0|0|0|0
S| |91000000|181000000| |VM|0|22700|0|0|0|0|0|0|0|0|0|0|0
S|SCTYP|36946364|-76368831| |DF|0|0|0|0|0|0|1|2000|0|0|0|0|0
S|SCTYP|36946364|-76368831| |IF|0|0|0|0|0|0|1|2000|0|0|0|0|0
S|NUTIY|36945411|-76550067| |TF|0|0|0|0|0|0|0|0|0|0|0|0|0
S|NUTIY|36945411|-76550067| |IF|0|0|0|0|0|0|0|0|0|0|0|0|0
S|HOUKY|37332217|-77132675| |TF|0|0|0|0|0|0|0|0|0|0|0|0|0
S|THHMP|37491519|-77319097| |TF|0|0|0|0|0|0|0|0|0|0|0|0|0

P|SWOPE1|05|CHIEZ|0|8
S| |91000000|181000000| |VA|0|4700|0|0|0|0|1|526|0|0|0|0|0
S| |91000000|181000000| |VM|0|4700|0|0|0|0|0|0|0|0|0|0|0
S|GUMPP|36746928|-76264550| |DF|0|0|0|0|0|0|1|2000|0|0|0|0|0
S|GUMPP|36746928|-76264550| |IF|0|0|0|0|0|0|1|2000|0|0|0|0|0
S|SWOPE|36518569|-76315633| |TF|0|0|0|0|0|0|0|0|0|0|0|0|0
S|SWOPE|36518569|-76315633| |IF|0|0|0|0|0|0|0|0|0|0|0|0|0
S|KOOKI|35906031|-76698950| |TF|0|0|0|0|0|0|0|0|0|0|0|0|0
S|CHIEZ|34518314|-77540483| |TF|0|0|0|0|0|0|0|0|0|0|0|0|0

P|SWOPE1|05|ECG|0|7
S| |91000000|181000000| |VA|0|4700|0|0|0|0|1|526|0|0|0|0|0
S| |91000000|181000000| |VM|0|4700|0|0|0|0|0|0|0|0|0|0|0
S|GUMPP|36746928|-76264550| |DF|0|0|0|0|0|0|1|2000|0|0|0|0|0
S|GUMPP|36746928|-76264550| |IF|0|0|0|0|0|0|1|2000|0|0|0|0|0
S|SWOPE|36518569|-76315633| |TF|0|0|0|0|0|0|0|0|0|0|0|0|0
S|SWOPE|36518569|-76315633| |IF|0|0|0|0|0|0|0|0|0|0|0|0|0
S|ECG|36257572|-76175597| |TF|0|0|0|0|0|0|0|0|0|0|0|0|0

P|SWOPE1|05|ELLDE|0|8
S| |91000000|181000000| |VA|0|4700|0|0|0|0|1|526|0|0|0|0|0
S| |91000000|181000000| |VM|0|4700|0|0|0|0|0|0|0|0|0|0|0
S|GUMPP|36746928|-76264550| |DF|0|0|0|0|0|0|1|2000|0|0|0|0|0
S|GUMPP|36746928|-76264550| |IF|0|0|0|0|0|0|1|2000|0|0|0|0|0
S|SWOPE|36518569|-76315633| |TF|0|0|0|0|0|0|0|0|0|0|0|0|0
S|SWOPE|36518569|-76315633| |IF|0|0|0|0|0|0|0|0|0|0|0|0|0
S|KOOKI|35906031|-76698950| |TF|0|0|0|0|0|0|0|0|0|0|0|0|0
S|ELLDE|34404047|-78697389| |TF|0|0|0|0|0|0|0|0|0|0|0|0|0

P|SWOPE1|05|JOHAR|0|8
S| |91000000|181000000| |VA|0|4700|0|0|0|0|1|526|0|0|0|0|0
S| |91000000|181000000| |VM|0|4700|0|0|0|0|0|0|0|0|0|0|0
S|GUMPP|36746928|-76264550| |DF|0|0|0|0|0|0|1|2000|0|0|0|0|0
S|GUMPP|36746928|-76264550| |IF|0|0|0|0|0|0|1|2000|0|0|0|0|0
S|SWOPE|36518569|-76315633| |TF|0|0|0|0|0|0|0|0|0|0|0|0|0
S|SWOPE|36518569|-76315633| |IF|0|0|0|0|0|0|0|0|0|0|0|0|0
S|KOOKI|35906031|-76698950| |TF|0|0|0|0|0|0|0|0|0|0|0|0|0
S|JOHAR|34328153|-78593656| |TF|0|0|0|0|0|0|0|0|0|0|0|0|0

P|SWOPE1|05|KOOKI|0|7
S| |91000000|181000000| |VA|0|4700|0|0|0|0|1|526|0|0|0|0|0
S| |91000000|181000000| |VM|0|4700|0|0|0|0|0|0|0|0|0|0|0
S|GUMPP|36746928|-76264550| |DF|0|0|0|0|0|0|1|2000|0|0|0|0|0
S|GUMPP|36746928|-76264550| |IF|0|0|0|0|0|0|1|2000|0|0|0|0|0
S|SWOPE|36518569|-76315633| |TF|0|0|0|0|0|0|0|0|0|0|0|0|0
S|SWOPE|36518569|-76315633| |IF|0|0|0|0|0|0|0|0|0|0|0|0|0
S|KOOKI|35906031|-76698950| |TF|0|0|0|0|0|0|0|0|0|0|0|0|0

P|SWOPE1|05|PRONI|0|8
S| |91000000|181000000| |VA|0|4700|0|0|0|0|1|526|0|0|0|0|0
S| |91000000|181000000| |VM|0|4700|0|0|0|0|0|0|0|0|0|0|0
S|GUMPP|36746928|-76264550| |DF|0|0|0|0|0|0|1|2000|0|0|0|0|0
S|GUMPP|36746928|-76264550| |IF|0|0|0|0|0|0|1|2000|0|0|0|0|0
S|SWOPE|36518569|-76315633| |TF|0|0|0|0|0|0|0|0|0|0|0|0|0
S|SWOPE|36518569|-76315633| |IF|0|0|0|0|0|0|0|0|0|0|0|0|0
S|KOOKI|35906031|-76698950| |TF|0|0|0|0|0|0|0|0|0|0|0|0|0
S|PRONI|34561286|-77674414| |TF|0|0|0|0|0|0|0|0|0|0|0|0|0

P|SWOPE1|05|SKARP|0|8
S| |91000000|181000000| |VA|0|4700|0|0|0|0|1|526|0|0|0|0|0
S| |91000000|181000000| |VM|0|4700|0|0|0|0|0|0|0|0|0|0|0
S|GUMPP|36746928|-76264550| |DF|0|0|0|0|0|0|1|2000|0|0|0|0|0
S|GUMPP|36746928|-76264550| |IF|0|0|0|0|0|0|1|2000|0|0|0|0|0
S|SWOPE|36518569|-76315633| |TF|0|0|0|0|0|0|0|0|0|0|0|0|0
S|SWOPE|36518569|-76315633| |IF|0|0|0|0|0|0|0|0|0|0|0|0|0
S|KOOKI|35906031|-76698950| |TF|0|0|0|0|0|0|0|0|0|0|0|0|0
S|SKARP|34486194|-77410428| |TF|0|0|0|0|0|0|0|0|0|0|0|0|0

P|SWOPE1|23|CHIEZ|0|8
S| |91000000|181000000| |VA|0|22700|0|0|0|0|1|526|0|0|0|0|0
S| |91000000|181000000| |VM|0|22700|0|0|0|0|0|0|0|0|0|0|0
S|GUMPP|36746928|-76264550| |DF|0|0|0|0|0|0|1|2000|0|0|0|0|0
S|GUMPP|36746928|-76264550| |IF|0|0|0|0|0|0|1|2000|0|0|0|0|0
S|SWOPE|36518569|-76315633| |TF|0|0|0|0|0|0|0|0|0|0|0|0|0
S|SWOPE|36518569|-76315633| |IF|0|0|0|0|0|0|0|0|0|0|0|0|0
S|KOOKI|35906031|-76698950| |TF|0|0|0|0|0|0|0|0|0|0|0|0|0
S|CHIEZ|34518314|-77540483| |TF|0|0|0|0|0|0|0|0|0|0|0|0|0

P|SWOPE1|23|ECG|0|7
S| |91000000|181000000| |VA|0|22700|0|0|0|0|1|526|0|0|0|0|0
S| |91000000|181000000| |VM|0|22700|0|0|0|0|0|0|0|0|0|0|0
S|GUMPP|36746928|-76264550| |DF|0|0|0|0|0|0|1|2000|0|0|0|0|0
S|GUMPP|36746928|-76264550| |IF|0|0|0|0|0|0|1|2000|0|0|0|0|0
S|SWOPE|36518569|-76315633| |TF|0|0|0|0|0|0|0|0|0|0|0|0|0
S|SWOPE|36518569|-76315633| |IF|0|0|0|0|0|0|0|0|0|0|0|0|0
S|ECG|36257572|-76175597| |TF|0|0|0|0|0|0|0|0|0|0|0|0|0

P|SWOPE1|23|ELLDE|0|8
S| |91000000|181000000| |VA|0|22700|0|0|0|0|1|526|0|0|0|0|0
S| |91000000|181000000| |VM|0|22700|0|0|0|0|0|0|0|0|0|0|0
S|GUMPP|36746928|-76264550| |DF|0|0|0|0|0|0|1|2000|0|0|0|0|0
S|GUMPP|36746928|-76264550| |IF|0|0|0|0|0|0|1|2000|0|0|0|0|0
S|SWOPE|36518569|-76315633| |TF|0|0|0|0|0|0|0|0|0|0|0|0|0
S|SWOPE|36518569|-76315633| |IF|0|0|0|0|0|0|0|0|0|0|0|0|0
S|KOOKI|35906031|-76698950| |TF|0|0|0|0|0|0|0|0|0|0|0|0|0
S|ELLDE|34404047|-78697389| |TF|0|0|0|0|0|0|0|0|0|0|0|0|0

P|SWOPE1|23|JOHAR|0|8
S| |91000000|181000000| |VA|0|22700|0|0|0|0|1|526|0|0|0|0|0
S| |91000000|181000000| |VM|0|22700|0|0|0|0|0|0|0|0|0|0|0
S|GUMPP|36746928|-76264550| |DF|0|0|0|0|0|0|1|2000|0|0|0|0|0
S|GUMPP|36746928|-76264550| |IF|0|0|0|0|0|0|1|2000|0|0|0|0|0
S|SWOPE|36518569|-76315633| |TF|0|0|0|0|0|0|0|0|0|0|0|0|0
S|SWOPE|36518569|-76315633| |IF|0|0|0|0|0|0|0|0|0|0|0|0|0
S|KOOKI|35906031|-76698950| |TF|0|0|0|0|0|0|0|0|0|0|0|0|0
S|JOHAR|34328153|-78593656| |TF|0|0|0|0|0|0|0|0|0|0|0|0|0

P|SWOPE1|23|KOOKI|0|7
S| |91000000|181000000| |VA|0|22700|0|0|0|0|1|526|0|0|0|0|0
S| |91000000|181000000| |VM|0|22700|0|0|0|0|0|0|0|0|0|0|0
S|GUMPP|36746928|-76264550| |DF|0|0|0|0|0|0|1|2000|0|0|0|0|0
S|GUMPP|36746928|-76264550| |IF|0|0|0|0|0|0|1|2000|0|0|0|0|0
S|SWOPE|36518569|-76315633| |TF|0|0|0|0|0|0|0|0|0|0|0|0|0
S|SWOPE|36518569|-76315633| |IF|0|0|0|0|0|0|0|0|0|0|0|0|0
S|KOOKI|35906031|-76698950| |TF|0|0|0|0|0|0|0|0|0|0|0|0|0

P|SWOPE1|23|PRONI|0|8
S| |91000000|181000000| |VA|0|22700|0|0|0|0|1|526|0|0|0|0|0
S| |91000000|181000000| |VM|0|22700|0|0|0|0|0|0|0|0|0|0|0
S|GUMPP|36746928|-76264550| |DF|0|0|0|0|0|0|1|2000|0|0|0|0|0
S|GUMPP|36746928|-76264550| |IF|0|0|0|0|0|0|1|2000|0|0|0|0|0
S|SWOPE|36518569|-76315633| |TF|0|0|0|0|0|0|0|0|0|0|0|0|0
S|SWOPE|36518569|-76315633| |IF|0|0|0|0|0|0|0|0|0|0|0|0|0
S|KOOKI|35906031|-76698950| |TF|0|0|0|0|0|0|0|0|0|0|0|0|0
S|PRONI|34561286|-77674414| |TF|0|0|0|0|0|0|0|0|0|0|0|0|0

P|SWOPE1|23|SKARP|0|8
S| |91000000|181000000| |VA|0|22700|0|0|0|0|1|526|0|0|0|0|0
S| |91000000|181000000| |VM|0|22700|0|0|0|0|0|0|0|0|0|0|0
S|GUMPP|36746928|-76264550| |DF|0|0|0|0|0|0|1|2000|0|0|0|0|0
S|GUMPP|36746928|-76264550| |IF|0|0|0|0|0|0|1|2000|0|0|0|0|0
S|SWOPE|36518569|-76315633| |TF|0|0|0|0|0|0|0|0|0|0|0|0|0
S|SWOPE|36518569|-76315633| |IF|0|0|0|0|0|0|0|0|0|0|0|0|0
S|KOOKI|35906031|-76698950| |TF|0|0|0|0|0|0|0|0|0|0|0|0|0
S|SKARP|34486194|-77410428| |TF|0|0|0|0|0|0|0|0|0|0|0|0|0

