P|OTH7|05|DEROY|0|6
S| |91000000|181000000| |VA|0|4600|0|0|0|0|1|420|0|0|0|0|0
S| |91000000|181000000| |VI|1|22300|0|0|0|0|0|0|0|0|0|0|0
S|OTH|43415506|-124168522|OTH|FA|0|25300|0|0|0|0|1|1300|0|0|0|0|0
S|OTH|43415506|-124168522| |DF|2|0|0|0|0|0|0|0|0|0|0|0|0
S|OTH|43415506|-124168522| |IF|0|0|0|0|0|0|0|0|0|0|0|0|0
S|DEROY|43273922|-123974900| |TF|0|0|0|0|0|0|0|0|0|0|0|0|0

P|OTH7|05|GAMMA|0|6
S| |91000000|181000000| |VA|0|4600|0|0|0|0|1|420|0|0|0|0|0
S| |91000000|181000000| |VI|1|22300|0|0|0|0|0|0|0|0|0|0|0
S|OTH|43415506|-124168522|OTH|FA|0|25300|0|0|0|0|1|1300|0|0|0|0|0
S|OTH|43415506|-124168522| |DF|2|0|0|0|0|0|0|0|0|0|0|0|0
S|OTH|43415506|-124168522| |IF|0|0|0|0|0|0|0|0|0|0|0|0|0
S|GAMMA|43748147|-124138006| |TF|0|0|0|0|0|0|0|0|0|0|0|0|0

P|OTH7|05|LEDGE|0|6
S| |91000000|181000000| |VA|0|4600|0|0|0|0|1|420|0|0|0|0|0
S| |91000000|181000000| |VI|1|22300|0|0|0|0|0|0|0|0|0|0|0
S|OTH|43415506|-124168522|OTH|FA|0|25300|0|0|0|0|1|1300|0|0|0|0|0
S|OTH|43415506|-124168522| |DF|2|0|0|0|0|0|0|0|0|0|0|0|0
S|OTH|43415506|-124168522| |IF|0|0|0|0|0|0|0|0|0|0|0|0|0
S|LEDGE|43082286|-124183567| |TF|0|0|0|0|0|0|0|0|0|0|0|0|0

P|OTH7|05|RARES|0|6
S| |91000000|181000000| |VA|0|4600|0|0|0|0|1|420|0|0|0|0|0
S| |91000000|181000000| |VI|1|22300|0|0|0|0|0|0|0|0|0|0|0
S|OTH|43415506|-124168522|OTH|FA|0|25300|0|0|0|0|1|1300|0|0|0|0|0
S|OTH|43415506|-124168522| |DF|2|0|0|0|0|0|0|0|0|0|0|0|0
S|OTH|43415506|-124168522| |IF|0|0|0|0|0|0|0|0|0|0|0|0|0
S|RARES|43660258|-124022858| |TF|0|0|0|0|0|0|0|0|0|0|0|0|0

P|OTH7|05|SCOTY|0|6
S| |91000000|181000000| |VA|0|4600|0|0|0|0|1|420|0|0|0|0|0
S| |91000000|181000000| |VI|1|22300|0|0|0|0|0|0|0|0|0|0|0
S|OTH|43415506|-124168522|OTH|FA|0|25300|0|0|0|0|1|1300|0|0|0|0|0
S|OTH|43415506|-124168522| |DF|2|0|0|0|0|0|0|0|0|0|0|0|0
S|OTH|43415506|-124168522| |IF|0|0|0|0|0|0|0|0|0|0|0|0|0
S|SCOTY|43595583|-123930200| |TF|0|0|0|0|0|0|0|0|0|0|0|0|0

P|OTH7|13|DEROY|0|6
S| |91000000|181000000| |CA|0|13500|0|0|0|0|1|420|0|0|0|0|0
S| |91000000|181000000| |VI|2|28000|0|0|0|0|0|0|0|0|0|0|0
S|OTH|43415506|-124168522|OTH|FA|0|25300|0|0|0|0|1|1300|0|0|0|0|0
S|OTH|43415506|-124168522| |DF|2|0|0|0|0|0|0|0|0|0|0|0|0
S|OTH|43415506|-124168522| |IF|0|0|0|0|0|0|0|0|0|0|0|0|0
S|DEROY|43273922|-123974900| |TF|0|0|0|0|0|0|0|0|0|0|0|0|0

P|OTH7|13|GAMMA|0|6
S| |91000000|181000000| |CA|0|13500|0|0|0|0|1|420|0|0|0|0|0
S| |91000000|181000000| |VI|2|28000|0|0|0|0|0|0|0|0|0|0|0
S|OTH|43415506|-124168522|OTH|FA|0|25300|0|0|0|0|1|1300|0|0|0|0|0
S|OTH|43415506|-124168522| |DF|2|0|0|0|0|0|0|0|0|0|0|0|0
S|OTH|43415506|-124168522| |IF|0|0|0|0|0|0|0|0|0|0|0|0|0
S|GAMMA|43748147|-124138006| |TF|0|0|0|0|0|0|0|0|0|0|0|0|0

P|OTH7|13|LEDGE|0|6
S| |91000000|181000000| |CA|0|13500|0|0|0|0|1|420|0|0|0|0|0
S| |91000000|181000000| |VI|2|28000|0|0|0|0|0|0|0|0|0|0|0
S|OTH|43415506|-124168522|OTH|FA|0|25300|0|0|0|0|1|1300|0|0|0|0|0
S|OTH|43415506|-124168522| |DF|2|0|0|0|0|0|0|0|0|0|0|0|0
S|OTH|43415506|-124168522| |IF|0|0|0|0|0|0|0|0|0|0|0|0|0
S|LEDGE|43082286|-124183567| |TF|0|0|0|0|0|0|0|0|0|0|0|0|0

P|OTH7|13|RARES|0|6
S| |91000000|181000000| |CA|0|13500|0|0|0|0|1|420|0|0|0|0|0
S| |91000000|181000000| |VI|2|28000|0|0|0|0|0|0|0|0|0|0|0
S|OTH|43415506|-124168522|OTH|FA|0|25300|0|0|0|0|1|1300|0|0|0|0|0
S|OTH|43415506|-124168522| |DF|2|0|0|0|0|0|0|0|0|0|0|0|0
S|OTH|43415506|-124168522| |IF|0|0|0|0|0|0|0|0|0|0|0|0|0
S|RARES|43660258|-124022858| |TF|0|0|0|0|0|0|0|0|0|0|0|0|0

P|OTH7|13|SCOTY|0|6
S| |91000000|181000000| |CA|0|13500|0|0|0|0|1|420|0|0|0|0|0
S| |91000000|181000000| |VI|2|28000|0|0|0|0|0|0|0|0|0|0|0
S|OTH|43415506|-124168522|OTH|FA|0|25300|0|0|0|0|1|1300|0|0|0|0|0
S|OTH|43415506|-124168522| |DF|2|0|0|0|0|0|0|0|0|0|0|0|0
S|OTH|43415506|-124168522| |IF|0|0|0|0|0|0|0|0|0|0|0|0|0
S|SCOTY|43595583|-123930200| |TF|0|0|0|0|0|0|0|0|0|0|0|0|0

P|OTH7|23|DEROY|0|6
S| |91000000|181000000| |CA|0|22600|0|0|0|0|1|420|0|0|0|0|0
S| |91000000|181000000| |VI|0|28000|0|0|0|0|0|0|0|0|0|0|0
S|OTH|43415506|-124168522|OTH|FA|0|25300|0|0|0|0|1|1300|0|0|0|0|0
S|OTH|43415506|-124168522| |DF|2|0|0|0|0|0|0|0|0|0|0|0|0
S|OTH|43415506|-124168522| |IF|0|0|0|0|0|0|0|0|0|0|0|0|0
S|DEROY|43273922|-123974900| |TF|0|0|0|0|0|0|0|0|0|0|0|0|0

P|OTH7|23|GAMMA|0|6
S| |91000000|181000000| |CA|0|22600|0|0|0|0|1|420|0|0|0|0|0
S| |91000000|181000000| |VI|0|28000|0|0|0|0|0|0|0|0|0|0|0
S|OTH|43415506|-124168522|OTH|FA|0|25300|0|0|0|0|1|1300|0|0|0|0|0
S|OTH|43415506|-124168522| |DF|2|0|0|0|0|0|0|0|0|0|0|0|0
S|OTH|43415506|-124168522| |IF|0|0|0|0|0|0|0|0|0|0|0|0|0
S|GAMMA|43748147|-124138006| |TF|0|0|0|0|0|0|0|0|0|0|0|0|0

P|OTH7|23|LEDGE|0|6
S| |91000000|181000000| |CA|0|22600|0|0|0|0|1|420|0|0|0|0|0
S| |91000000|181000000| |VI|0|28000|0|0|0|0|0|0|0|0|0|0|0
S|OTH|43415506|-124168522|OTH|FA|0|25300|0|0|0|0|1|1300|0|0|0|0|0
S|OTH|43415506|-124168522| |DF|2|0|0|0|0|0|0|0|0|0|0|0|0
S|OTH|43415506|-124168522| |IF|0|0|0|0|0|0|0|0|0|0|0|0|0
S|LEDGE|43082286|-124183567| |TF|0|0|0|0|0|0|0|0|0|0|0|0|0

P|OTH7|23|RARES|0|6
S| |91000000|181000000| |CA|0|22600|0|0|0|0|1|420|0|0|0|0|0
S| |91000000|181000000| |VI|0|28000|0|0|0|0|0|0|0|0|0|0|0
S|OTH|43415506|-124168522|OTH|FA|0|25300|0|0|0|0|1|1300|0|0|0|0|0
S|OTH|43415506|-124168522| |DF|2|0|0|0|0|0|0|0|0|0|0|0|0
S|OTH|43415506|-124168522| |IF|0|0|0|0|0|0|0|0|0|0|0|0|0
S|RARES|43660258|-124022858| |TF|0|0|0|0|0|0|0|0|0|0|0|0|0

P|OTH7|23|SCOTY|0|6
S| |91000000|181000000| |CA|0|22600|0|0|0|0|1|420|0|0|0|0|0
S| |91000000|181000000| |VI|0|28000|0|0|0|0|0|0|0|0|0|0|0
S|OTH|43415506|-124168522|OTH|FA|0|25300|0|0|0|0|1|1300|0|0|0|0|0
S|OTH|43415506|-124168522| |DF|2|0|0|0|0|0|0|0|0|0|0|0|0
S|OTH|43415506|-124168522| |IF|0|0|0|0|0|0|0|0|0|0|0|0|0
S|SCOTY|43595583|-123930200| |TF|0|0|0|0|0|0|0|0|0|0|0|0|0

P|OTH7|31|DEROY|0|6
S| |91000000|181000000| |CA|0|31500|0|0|0|0|1|420|0|0|0|0|0
S| |91000000|181000000| |VI|1|22300|0|0|0|0|0|0|0|0|0|0|0
S|OTH|43415506|-124168522|OTH|FA|0|25300|0|0|0|0|1|1300|0|0|0|0|0
S|OTH|43415506|-124168522| |DF|2|0|0|0|0|0|0|0|0|0|0|0|0
S|OTH|43415506|-124168522| |IF|0|0|0|0|0|0|0|0|0|0|0|0|0
S|DEROY|43273922|-123974900| |TF|0|0|0|0|0|0|0|0|0|0|0|0|0

P|OTH7|31|GAMMA|0|6
S| |91000000|181000000| |CA|0|31500|0|0|0|0|1|420|0|0|0|0|0
S| |91000000|181000000| |VI|1|22300|0|0|0|0|0|0|0|0|0|0|0
S|OTH|43415506|-124168522|OTH|FA|0|25300|0|0|0|0|1|1300|0|0|0|0|0
S|OTH|43415506|-124168522| |DF|2|0|0|0|0|0|0|0|0|0|0|0|0
S|OTH|43415506|-124168522| |IF|0|0|0|0|0|0|0|0|0|0|0|0|0
S|GAMMA|43748147|-124138006| |TF|0|0|0|0|0|0|0|0|0|0|0|0|0

P|OTH7|31|LEDGE|0|6
S| |91000000|181000000| |CA|0|31500|0|0|0|0|1|420|0|0|0|0|0
S| |91000000|181000000| |VI|1|22300|0|0|0|0|0|0|0|0|0|0|0
S|OTH|43415506|-124168522|OTH|FA|0|25300|0|0|0|0|1|1300|0|0|0|0|0
S|OTH|43415506|-124168522| |DF|2|0|0|0|0|0|0|0|0|0|0|0|0
S|OTH|43415506|-124168522| |IF|0|0|0|0|0|0|0|0|0|0|0|0|0
S|LEDGE|43082286|-124183567| |TF|0|0|0|0|0|0|0|0|0|0|0|0|0

P|OTH7|31|RARES|0|6
S| |91000000|181000000| |CA|0|31500|0|0|0|0|1|420|0|0|0|0|0
S| |91000000|181000000| |VI|1|22300|0|0|0|0|0|0|0|0|0|0|0
S|OTH|43415506|-124168522|OTH|FA|0|25300|0|0|0|0|1|1300|0|0|0|0|0
S|OTH|43415506|-124168522| |DF|2|0|0|0|0|0|0|0|0|0|0|0|0
S|OTH|43415506|-124168522| |IF|0|0|0|0|0|0|0|0|0|0|0|0|0
S|RARES|43660258|-124022858| |TF|0|0|0|0|0|0|0|0|0|0|0|0|0

P|OTH7|31|SCOTY|0|6
S| |91000000|181000000| |CA|0|31500|0|0|0|0|1|420|0|0|0|0|0
S| |91000000|181000000| |VI|1|22300|0|0|0|0|0|0|0|0|0|0|0
S|OTH|43415506|-124168522|OTH|FA|0|25300|0|0|0|0|1|1300|0|0|0|0|0
S|OTH|43415506|-124168522| |DF|2|0|0|0|0|0|0|0|0|0|0|0|0
S|OTH|43415506|-124168522| |IF|0|0|0|0|0|0|0|0|0|0|0|0|0
S|SCOTY|43595583|-123930200| |TF|0|0|0|0|0|0|0|0|0|0|0|0|0

