P|KNURL1|03|KNURL|0|4
S| |91000000|181000000| |CA|0|3100|0|0|0|0|1|4860|0|0|0|0|0
S| |91000000|181000000| |CA|0|2800|0|0|0|0|1|5500|0|0|0|0|0
S| |91000000|181000000| |CI|1|23400|0|0|0|0|0|0|0|0|0|0|0
S|KNURL|42948347|-113025983|PIH|CF|0|26900|1710|26900|900|0|1|7500|0|0|0|0|0

P|KNURL1|17|KNURL|0|2
S| |91000000|181000000| |CA|0|16600|0|0|0|0|1|4860|0|0|0|0|0
S|KNURL|42948347|-113025983|PIH|CF|2|26900|1710|26900|1700|0|1|7500|0|0|0|0|0

P|KNURL1|21|KNURL|0|2
S| |91000000|181000000| |CA|0|21100|0|0|0|0|1|4860|0|0|0|0|0
S|KNURL|42948347|-113025983|PIH|CF|0|26900|1710|26900|1800|0|1|7500|0|0|0|0|0

P|KNURL1|35|KNURL|0|4
S| |91000000|181000000| |CA|0|34600|0|0|0|0|1|4860|0|0|0|0|0
S| |91000000|181000000| |CA|0|34300|0|0|0|0|1|5500|0|0|0|0|0
S| |91000000|181000000| |CI|1|23400|0|0|0|0|0|0|0|0|0|0|0
S|KNURL|42948347|-113025983|PIH|CF|0|26900|1710|26900|900|0|1|7500|0|0|0|0|0

