P|BNICE2|06|COREA|0|6
S| |91000000|181000000| |VM|0|6000|0|0|0|0|0|0|0|0|0|0|0
S|MRENO|26362508|-80926961| |DF|0|0|0|0|0|0|1|4000|0|0|0|0|0
S|MRENO|26362508|-80926961| |IF|0|0|0|0|0|0|1|4000|0|0|0|0|0
S|BNICE|26511964|-81083875| |TF|0|0|0|0|0|0|0|0|0|0|0|0|0
S|BNICE|26511964|-81083875| |IF|0|0|0|0|0|0|0|0|0|0|0|0|0
S|COREA|26635822|-81214525| |TF|0|0|0|0|0|0|0|0|0|0|0|0|0

P|BNICE2|06|DOLIE|0|7
S| |91000000|181000000| |VM|0|6000|0|0|0|0|0|0|0|0|0|0|0
S|MRENO|26362508|-80926961| |DF|0|0|0|0|0|0|1|4000|0|0|0|0|0
S|MRENO|26362508|-80926961| |IF|0|0|0|0|0|0|1|4000|0|0|0|0|0
S|BNICE|26511964|-81083875| |TF|0|0|0|0|0|0|0|0|0|0|0|0|0
S|BNICE|26511964|-81083875| |IF|0|0|0|0|0|0|0|0|0|0|0|0|0
S|COREA|26635822|-81214525| |TF|0|0|0|0|0|0|0|0|0|0|0|0|0
S|DOLIE|27285614|-81910047| |TF|0|0|0|0|0|0|0|0|0|0|0|0|0

P|BNICE2|06|MERKS|0|6
S| |91000000|181000000| |VM|0|6000|0|0|0|0|0|0|0|0|0|0|0
S|MRENO|26362508|-80926961| |DF|0|0|0|0|0|0|1|4000|0|0|0|0|0
S|MRENO|26362508|-80926961| |IF|0|0|0|0|0|0|1|4000|0|0|0|0|0
S|BNICE|26511964|-81083875| |TF|0|0|0|0|0|0|0|0|0|0|0|0|0
S|BNICE|26511964|-81083875| |IF|0|0|0|0|0|0|0|0|0|0|0|0|0
S|MERKS|26500358|-81232058| |TF|0|0|0|0|0|0|0|0|0|0|0|0|0

P|BNICE2|10|COREA|0|6
S| |91000000|181000000| |VM|0|10500|0|0|0|0|0|0|0|0|0|0|0
S|MRENO|26362508|-80926961| |DF|0|0|0|0|0|0|1|4000|0|0|0|0|0
S|MRENO|26362508|-80926961| |IF|0|0|0|0|0|0|1|4000|0|0|0|0|0
S|BNICE|26511964|-81083875| |TF|0|0|0|0|0|0|0|0|0|0|0|0|0
S|BNICE|26511964|-81083875| |IF|0|0|0|0|0|0|0|0|0|0|0|0|0
S|COREA|26635822|-81214525| |TF|0|0|0|0|0|0|0|0|0|0|0|0|0

P|BNICE2|10|DOLIE|0|7
S| |91000000|181000000| |VM|0|10500|0|0|0|0|0|0|0|0|0|0|0
S|MRENO|26362508|-80926961| |DF|0|0|0|0|0|0|1|4000|0|0|0|0|0
S|MRENO|26362508|-80926961| |IF|0|0|0|0|0|0|1|4000|0|0|0|0|0
S|BNICE|26511964|-81083875| |TF|0|0|0|0|0|0|0|0|0|0|0|0|0
S|BNICE|26511964|-81083875| |IF|0|0|0|0|0|0|0|0|0|0|0|0|0
S|COREA|26635822|-81214525| |TF|0|0|0|0|0|0|0|0|0|0|0|0|0
S|DOLIE|27285614|-81910047| |TF|0|0|0|0|0|0|0|0|0|0|0|0|0

P|BNICE2|10|MERKS|0|6
S| |91000000|181000000| |VM|0|10500|0|0|0|0|0|0|0|0|0|0|0
S|MRENO|26362508|-80926961| |DF|0|0|0|0|0|0|1|4000|0|0|0|0|0
S|MRENO|26362508|-80926961| |IF|0|0|0|0|0|0|1|4000|0|0|0|0|0
S|BNICE|26511964|-81083875| |TF|0|0|0|0|0|0|0|0|0|0|0|0|0
S|BNICE|26511964|-81083875| |IF|0|0|0|0|0|0|0|0|0|0|0|0|0
S|MERKS|26500358|-81232058| |TF|0|0|0|0|0|0|0|0|0|0|0|0|0

P|BNICE2|15|COREA|0|6
S| |91000000|181000000| |VM|0|15000|0|0|0|0|0|0|0|0|0|0|0
S|MRENO|26362508|-80926961| |DF|0|0|0|0|0|0|1|4000|0|0|0|0|0
S|MRENO|26362508|-80926961| |IF|0|0|0|0|0|0|1|4000|0|0|0|0|0
S|BNICE|26511964|-81083875| |TF|0|0|0|0|0|0|0|0|0|0|0|0|0
S|BNICE|26511964|-81083875| |IF|0|0|0|0|0|0|0|0|0|0|0|0|0
S|COREA|26635822|-81214525| |TF|0|0|0|0|0|0|0|0|0|0|0|0|0

P|BNICE2|15|DOLIE|0|7
S| |91000000|181000000| |VM|0|15000|0|0|0|0|0|0|0|0|0|0|0
S|MRENO|26362508|-80926961| |DF|0|0|0|0|0|0|1|4000|0|0|0|0|0
S|MRENO|26362508|-80926961| |IF|0|0|0|0|0|0|1|4000|0|0|0|0|0
S|BNICE|26511964|-81083875| |TF|0|0|0|0|0|0|0|0|0|0|0|0|0
S|BNICE|26511964|-81083875| |IF|0|0|0|0|0|0|0|0|0|0|0|0|0
S|COREA|26635822|-81214525| |TF|0|0|0|0|0|0|0|0|0|0|0|0|0
S|DOLIE|27285614|-81910047| |TF|0|0|0|0|0|0|0|0|0|0|0|0|0

P|BNICE2|15|MERKS|0|6
S| |91000000|181000000| |VM|0|15000|0|0|0|0|0|0|0|0|0|0|0
S|MRENO|26362508|-80926961| |DF|0|0|0|0|0|0|1|4000|0|0|0|0|0
S|MRENO|26362508|-80926961| |IF|0|0|0|0|0|0|1|4000|0|0|0|0|0
S|BNICE|26511964|-81083875| |TF|0|0|0|0|0|0|0|0|0|0|0|0|0
S|BNICE|26511964|-81083875| |IF|0|0|0|0|0|0|0|0|0|0|0|0|0
S|MERKS|26500358|-81232058| |TF|0|0|0|0|0|0|0|0|0|0|0|0|0

P|BNICE2|24|COREA|0|6
S| |91000000|181000000| |VM|0|24000|0|0|0|0|0|0|0|0|0|0|0
S|MRENO|26362508|-80926961| |DF|0|0|0|0|0|0|1|4000|0|0|0|0|0
S|MRENO|26362508|-80926961| |IF|0|0|0|0|0|0|1|4000|0|0|0|0|0
S|BNICE|26511964|-81083875| |TF|0|0|0|0|0|0|0|0|0|0|0|0|0
S|BNICE|26511964|-81083875| |IF|0|0|0|0|0|0|0|0|0|0|0|0|0
S|COREA|26635822|-81214525| |TF|0|0|0|0|0|0|0|0|0|0|0|0|0

P|BNICE2|24|DOLIE|0|7
S| |91000000|181000000| |VM|0|24000|0|0|0|0|0|0|0|0|0|0|0
S|MRENO|26362508|-80926961| |DF|0|0|0|0|0|0|1|4000|0|0|0|0|0
S|MRENO|26362508|-80926961| |IF|0|0|0|0|0|0|1|4000|0|0|0|0|0
S|BNICE|26511964|-81083875| |TF|0|0|0|0|0|0|0|0|0|0|0|0|0
S|BNICE|26511964|-81083875| |IF|0|0|0|0|0|0|0|0|0|0|0|0|0
S|COREA|26635822|-81214525| |TF|0|0|0|0|0|0|0|0|0|0|0|0|0
S|DOLIE|27285614|-81910047| |TF|0|0|0|0|0|0|0|0|0|0|0|0|0

P|BNICE2|24|MERKS|0|6
S| |91000000|181000000| |VM|0|24000|0|0|0|0|0|0|0|0|0|0|0
S|MRENO|26362508|-80926961| |DF|0|0|0|0|0|0|1|4000|0|0|0|0|0
S|MRENO|26362508|-80926961| |IF|0|0|0|0|0|0|1|4000|0|0|0|0|0
S|BNICE|26511964|-81083875| |TF|0|0|0|0|0|0|0|0|0|0|0|0|0
S|BNICE|26511964|-81083875| |IF|0|0|0|0|0|0|0|0|0|0|0|0|0
S|MERKS|26500358|-81232058| |TF|0|0|0|0|0|0|0|0|0|0|0|0|0

P|BNICE2|28|COREA|0|6
S| |91000000|181000000| |VM|0|28500|0|0|0|0|0|0|0|0|0|0|0
S|MRENO|26362508|-80926961| |DF|0|0|0|0|0|0|1|4000|0|0|0|0|0
S|MRENO|26362508|-80926961| |IF|0|0|0|0|0|0|1|4000|0|0|0|0|0
S|BNICE|26511964|-81083875| |TF|0|0|0|0|0|0|0|0|0|0|0|0|0
S|BNICE|26511964|-81083875| |IF|0|0|0|0|0|0|0|0|0|0|0|0|0
S|COREA|26635822|-81214525| |TF|0|0|0|0|0|0|0|0|0|0|0|0|0

P|BNICE2|28|DOLIE|0|7
S| |91000000|181000000| |VM|0|28500|0|0|0|0|0|0|0|0|0|0|0
S|MRENO|26362508|-80926961| |DF|0|0|0|0|0|0|1|4000|0|0|0|0|0
S|MRENO|26362508|-80926961| |IF|0|0|0|0|0|0|1|4000|0|0|0|0|0
S|BNICE|26511964|-81083875| |TF|0|0|0|0|0|0|0|0|0|0|0|0|0
S|BNICE|26511964|-81083875| |IF|0|0|0|0|0|0|0|0|0|0|0|0|0
S|COREA|26635822|-81214525| |TF|0|0|0|0|0|0|0|0|0|0|0|0|0
S|DOLIE|27285614|-81910047| |TF|0|0|0|0|0|0|0|0|0|0|0|0|0

P|BNICE2|28|MERKS|0|6
S| |91000000|181000000| |VM|0|28500|0|0|0|0|0|0|0|0|0|0|0
S|MRENO|26362508|-80926961| |DF|0|0|0|0|0|0|1|4000|0|0|0|0|0
S|MRENO|26362508|-80926961| |IF|0|0|0|0|0|0|1|4000|0|0|0|0|0
S|BNICE|26511964|-81083875| |TF|0|0|0|0|0|0|0|0|0|0|0|0|0
S|BNICE|26511964|-81083875| |IF|0|0|0|0|0|0|0|0|0|0|0|0|0
S|MERKS|26500358|-81232058| |TF|0|0|0|0|0|0|0|0|0|0|0|0|0

P|BNICE2|33|COREA|0|6
S| |91000000|181000000| |VM|0|33000|0|0|0|0|0|0|0|0|0|0|0
S|MRENO|26362508|-80926961| |DF|0|0|0|0|0|0|1|4000|0|0|0|0|0
S|MRENO|26362508|-80926961| |IF|0|0|0|0|0|0|1|4000|0|0|0|0|0
S|BNICE|26511964|-81083875| |TF|0|0|0|0|0|0|0|0|0|0|0|0|0
S|BNICE|26511964|-81083875| |IF|0|0|0|0|0|0|0|0|0|0|0|0|0
S|COREA|26635822|-81214525| |TF|0|0|0|0|0|0|0|0|0|0|0|0|0

P|BNICE2|33|DOLIE|0|7
S| |91000000|181000000| |VM|0|33000|0|0|0|0|0|0|0|0|0|0|0
S|MRENO|26362508|-80926961| |DF|0|0|0|0|0|0|1|4000|0|0|0|0|0
S|MRENO|26362508|-80926961| |IF|0|0|0|0|0|0|1|4000|0|0|0|0|0
S|BNICE|26511964|-81083875| |TF|0|0|0|0|0|0|0|0|0|0|0|0|0
S|BNICE|26511964|-81083875| |IF|0|0|0|0|0|0|0|0|0|0|0|0|0
S|COREA|26635822|-81214525| |TF|0|0|0|0|0|0|0|0|0|0|0|0|0
S|DOLIE|27285614|-81910047| |TF|0|0|0|0|0|0|0|0|0|0|0|0|0

P|BNICE2|33|MERKS|0|6
S| |91000000|181000000| |VM|0|33000|0|0|0|0|0|0|0|0|0|0|0
S|MRENO|26362508|-80926961| |DF|0|0|0|0|0|0|1|4000|0|0|0|0|0
S|MRENO|26362508|-80926961| |IF|0|0|0|0|0|0|1|4000|0|0|0|0|0
S|BNICE|26511964|-81083875| |TF|0|0|0|0|0|0|0|0|0|0|0|0|0
S|BNICE|26511964|-81083875| |IF|0|0|0|0|0|0|0|0|0|0|0|0|0
S|MERKS|26500358|-81232058| |TF|0|0|0|0|0|0|0|0|0|0|0|0|0

P|DORRL2|06|MATLK|0|9
S| |91000000|181000000| |VM|0|6000|0|0|0|0|0|0|0|0|0|0|0
S|LIFRR|26365897|-80354983| |DF|0|0|0|0|0|0|1|4000|0|0|0|0|0
S|LIFRR|26365897|-80354983| |IF|0|0|0|0|0|0|1|4000|0|0|0|0|0
S|BOGYY|26513925|-80367078| |TF|0|0|0|0|0|0|0|0|0|0|0|0|0
S|DORRL|26698325|-80371775| |TF|0|0|0|0|0|0|0|0|0|0|0|0|0
S|DORRL|26698325|-80371775| |IF|0|0|0|0|0|0|0|0|0|0|0|0|0
S|BENNS|27225683|-80594106| |TF|0|0|0|0|0|0|0|0|0|0|0|0|0
S|FUNNR|27634281|-80764472| |TF|0|0|0|0|0|0|0|0|0|0|0|0|0
S|MATLK|27826817|-80951186| |TF|0|0|0|0|0|0|0|0|0|0|0|0|0

P|DORRL2|06|ONEWY|0|9
S| |91000000|181000000| |VM|0|6000|0|0|0|0|0|0|0|0|0|0|0
S|LIFRR|26365897|-80354983| |DF|0|0|0|0|0|0|1|4000|0|0|0|0|0
S|LIFRR|26365897|-80354983| |IF|0|0|0|0|0|0|1|4000|0|0|0|0|0
S|BOGYY|26513925|-80367078| |TF|0|0|0|0|0|0|0|0|0|0|0|0|0
S|DORRL|26698325|-80371775| |TF|0|0|0|0|0|0|0|0|0|0|0|0|0
S|DORRL|26698325|-80371775| |IF|0|0|0|0|0|0|0|0|0|0|0|0|0
S|BENNS|27225683|-80594106| |TF|0|0|0|0|0|0|0|0|0|0|0|0|0
S|FUNNR|27634281|-80764472| |TF|0|0|0|0|0|0|0|0|0|0|0|0|0
S|ONEWY|28364906|-81055844| |TF|0|0|0|0|0|0|0|0|0|0|0|0|0

P|DORRL2|10|MATLK|0|9
S| |91000000|181000000| |VM|0|10500|0|0|0|0|0|0|0|0|0|0|0
S|LIFRR|26365897|-80354983| |DF|0|0|0|0|0|0|1|4000|0|0|0|0|0
S|LIFRR|26365897|-80354983| |IF|0|0|0|0|0|0|1|4000|0|0|0|0|0
S|BOGYY|26513925|-80367078| |TF|0|0|0|0|0|0|0|0|0|0|0|0|0
S|DORRL|26698325|-80371775| |TF|0|0|0|0|0|0|0|0|0|0|0|0|0
S|DORRL|26698325|-80371775| |IF|0|0|0|0|0|0|0|0|0|0|0|0|0
S|BENNS|27225683|-80594106| |TF|0|0|0|0|0|0|0|0|0|0|0|0|0
S|FUNNR|27634281|-80764472| |TF|0|0|0|0|0|0|0|0|0|0|0|0|0
S|MATLK|27826817|-80951186| |TF|0|0|0|0|0|0|0|0|0|0|0|0|0

P|DORRL2|10|ONEWY|0|9
S| |91000000|181000000| |VM|0|10500|0|0|0|0|0|0|0|0|0|0|0
S|LIFRR|26365897|-80354983| |DF|0|0|0|0|0|0|1|4000|0|0|0|0|0
S|LIFRR|26365897|-80354983| |IF|0|0|0|0|0|0|1|4000|0|0|0|0|0
S|BOGYY|26513925|-80367078| |TF|0|0|0|0|0|0|0|0|0|0|0|0|0
S|DORRL|26698325|-80371775| |TF|0|0|0|0|0|0|0|0|0|0|0|0|0
S|DORRL|26698325|-80371775| |IF|0|0|0|0|0|0|0|0|0|0|0|0|0
S|BENNS|27225683|-80594106| |TF|0|0|0|0|0|0|0|0|0|0|0|0|0
S|FUNNR|27634281|-80764472| |TF|0|0|0|0|0|0|0|0|0|0|0|0|0
S|ONEWY|28364906|-81055844| |TF|0|0|0|0|0|0|0|0|0|0|0|0|0

P|DORRL2|15|MATLK|0|9
S| |91000000|181000000| |VM|0|15000|0|0|0|0|0|0|0|0|0|0|0
S|LIFRR|26365897|-80354983| |DF|0|0|0|0|0|0|1|4000|0|0|0|0|0
S|LIFRR|26365897|-80354983| |IF|0|0|0|0|0|0|1|4000|0|0|0|0|0
S|BOGYY|26513925|-80367078| |TF|0|0|0|0|0|0|0|0|0|0|0|0|0
S|DORRL|26698325|-80371775| |TF|0|0|0|0|0|0|0|0|0|0|0|0|0
S|DORRL|26698325|-80371775| |IF|0|0|0|0|0|0|0|0|0|0|0|0|0
S|BENNS|27225683|-80594106| |TF|0|0|0|0|0|0|0|0|0|0|0|0|0
S|FUNNR|27634281|-80764472| |TF|0|0|0|0|0|0|0|0|0|0|0|0|0
S|MATLK|27826817|-80951186| |TF|0|0|0|0|0|0|0|0|0|0|0|0|0

P|DORRL2|15|ONEWY|0|9
S| |91000000|181000000| |VM|0|15000|0|0|0|0|0|0|0|0|0|0|0
S|LIFRR|26365897|-80354983| |DF|0|0|0|0|0|0|1|4000|0|0|0|0|0
S|LIFRR|26365897|-80354983| |IF|0|0|0|0|0|0|1|4000|0|0|0|0|0
S|BOGYY|26513925|-80367078| |TF|0|0|0|0|0|0|0|0|0|0|0|0|0
S|DORRL|26698325|-80371775| |TF|0|0|0|0|0|0|0|0|0|0|0|0|0
S|DORRL|26698325|-80371775| |IF|0|0|0|0|0|0|0|0|0|0|0|0|0
S|BENNS|27225683|-80594106| |TF|0|0|0|0|0|0|0|0|0|0|0|0|0
S|FUNNR|27634281|-80764472| |TF|0|0|0|0|0|0|0|0|0|0|0|0|0
S|ONEWY|28364906|-81055844| |TF|0|0|0|0|0|0|0|0|0|0|0|0|0

P|DORRL2|24|MATLK|0|9
S| |91000000|181000000| |VM|0|24000|0|0|0|0|0|0|0|0|0|0|0
S|LIFRR|26365897|-80354983| |DF|0|0|0|0|0|0|1|4000|0|0|0|0|0
S|LIFRR|26365897|-80354983| |IF|0|0|0|0|0|0|1|4000|0|0|0|0|0
S|BOGYY|26513925|-80367078| |TF|0|0|0|0|0|0|0|0|0|0|0|0|0
S|DORRL|26698325|-80371775| |TF|0|0|0|0|0|0|0|0|0|0|0|0|0
S|DORRL|26698325|-80371775| |IF|0|0|0|0|0|0|0|0|0|0|0|0|0
S|BENNS|27225683|-80594106| |TF|0|0|0|0|0|0|0|0|0|0|0|0|0
S|FUNNR|27634281|-80764472| |TF|0|0|0|0|0|0|0|0|0|0|0|0|0
S|MATLK|27826817|-80951186| |TF|0|0|0|0|0|0|0|0|0|0|0|0|0

P|DORRL2|24|ONEWY|0|9
S| |91000000|181000000| |VM|0|24000|0|0|0|0|0|0|0|0|0|0|0
S|LIFRR|26365897|-80354983| |DF|0|0|0|0|0|0|1|4000|0|0|0|0|0
S|LIFRR|26365897|-80354983| |IF|0|0|0|0|0|0|1|4000|0|0|0|0|0
S|BOGYY|26513925|-80367078| |TF|0|0|0|0|0|0|0|0|0|0|0|0|0
S|DORRL|26698325|-80371775| |TF|0|0|0|0|0|0|0|0|0|0|0|0|0
S|DORRL|26698325|-80371775| |IF|0|0|0|0|0|0|0|0|0|0|0|0|0
S|BENNS|27225683|-80594106| |TF|0|0|0|0|0|0|0|0|0|0|0|0|0
S|FUNNR|27634281|-80764472| |TF|0|0|0|0|0|0|0|0|0|0|0|0|0
S|ONEWY|28364906|-81055844| |TF|0|0|0|0|0|0|0|0|0|0|0|0|0

P|DORRL2|28|MATLK|0|9
S| |91000000|181000000| |VM|0|28500|0|0|0|0|0|0|0|0|0|0|0
S|LIFRR|26365897|-80354983| |DF|0|0|0|0|0|0|1|4000|0|0|0|0|0
S|LIFRR|26365897|-80354983| |IF|0|0|0|0|0|0|1|4000|0|0|0|0|0
S|BOGYY|26513925|-80367078| |TF|0|0|0|0|0|0|0|0|0|0|0|0|0
S|DORRL|26698325|-80371775| |TF|0|0|0|0|0|0|0|0|0|0|0|0|0
S|DORRL|26698325|-80371775| |IF|0|0|0|0|0|0|0|0|0|0|0|0|0
S|BENNS|27225683|-80594106| |TF|0|0|0|0|0|0|0|0|0|0|0|0|0
S|FUNNR|27634281|-80764472| |TF|0|0|0|0|0|0|0|0|0|0|0|0|0
S|MATLK|27826817|-80951186| |TF|0|0|0|0|0|0|0|0|0|0|0|0|0

P|DORRL2|28|ONEWY|0|9
S| |91000000|181000000| |VM|0|28500|0|0|0|0|0|0|0|0|0|0|0
S|LIFRR|26365897|-80354983| |DF|0|0|0|0|0|0|1|4000|0|0|0|0|0
S|LIFRR|26365897|-80354983| |IF|0|0|0|0|0|0|1|4000|0|0|0|0|0
S|BOGYY|26513925|-80367078| |TF|0|0|0|0|0|0|0|0|0|0|0|0|0
S|DORRL|26698325|-80371775| |TF|0|0|0|0|0|0|0|0|0|0|0|0|0
S|DORRL|26698325|-80371775| |IF|0|0|0|0|0|0|0|0|0|0|0|0|0
S|BENNS|27225683|-80594106| |TF|0|0|0|0|0|0|0|0|0|0|0|0|0
S|FUNNR|27634281|-80764472| |TF|0|0|0|0|0|0|0|0|0|0|0|0|0
S|ONEWY|28364906|-81055844| |TF|0|0|0|0|0|0|0|0|0|0|0|0|0

P|DORRL2|33|MATLK|0|9
S| |91000000|181000000| |VM|0|33000|0|0|0|0|0|0|0|0|0|0|0
S|LIFRR|26365897|-80354983| |DF|0|0|0|0|0|0|1|4000|0|0|0|0|0
S|LIFRR|26365897|-80354983| |IF|0|0|0|0|0|0|1|4000|0|0|0|0|0
S|BOGYY|26513925|-80367078| |TF|0|0|0|0|0|0|0|0|0|0|0|0|0
S|DORRL|26698325|-80371775| |TF|0|0|0|0|0|0|0|0|0|0|0|0|0
S|DORRL|26698325|-80371775| |IF|0|0|0|0|0|0|0|0|0|0|0|0|0
S|BENNS|27225683|-80594106| |TF|0|0|0|0|0|0|0|0|0|0|0|0|0
S|FUNNR|27634281|-80764472| |TF|0|0|0|0|0|0|0|0|0|0|0|0|0
S|MATLK|27826817|-80951186| |TF|0|0|0|0|0|0|0|0|0|0|0|0|0

P|DORRL2|33|ONEWY|0|9
S| |91000000|181000000| |VM|0|33000|0|0|0|0|0|0|0|0|0|0|0
S|LIFRR|26365897|-80354983| |DF|0|0|0|0|0|0|1|4000|0|0|0|0|0
S|LIFRR|26365897|-80354983| |IF|0|0|0|0|0|0|1|4000|0|0|0|0|0
S|BOGYY|26513925|-80367078| |TF|0|0|0|0|0|0|0|0|0|0|0|0|0
S|DORRL|26698325|-80371775| |TF|0|0|0|0|0|0|0|0|0|0|0|0|0
S|DORRL|26698325|-80371775| |IF|0|0|0|0|0|0|0|0|0|0|0|0|0
S|BENNS|27225683|-80594106| |TF|0|0|0|0|0|0|0|0|0|0|0|0|0
S|FUNNR|27634281|-80764472| |TF|0|0|0|0|0|0|0|0|0|0|0|0|0
S|ONEWY|28364906|-81055844| |TF|0|0|0|0|0|0|0|0|0|0|0|0|0

P|FEALX2|06|ETECK|0|6
S| |91000000|181000000| |VM|0|6000|0|0|0|0|0|0|0|0|0|0|0
S|FEALX|26292658|-79678786| |DF|0|0|0|0|0|0|1|4000|0|0|0|0|0
S|FEALX|26292658|-79678786| |IF|0|0|0|0|0|0|1|4000|0|0|0|0|0
S|BKING|26552542|-79379369| |TF|0|0|0|0|0|0|0|0|0|0|0|0|0
S|WOLFO|27402342|-78797244| |TF|0|0|0|0|0|0|0|0|0|0|0|0|0
S|ETECK|29485667|-78487275| |TF|0|0|0|0|0|0|0|0|0|0|0|0|0

P|FEALX2|06|PADUS|0|4
S| |91000000|181000000| |VM|0|6000|0|0|0|0|0|0|0|0|0|0|0
S|FEALX|26292658|-79678786| |DF|0|0|0|0|0|0|1|4000|0|0|0|0|0
S|FEALX|26292658|-79678786| |IF|0|0|0|0|0|0|1|4000|0|0|0|0|0
S|PADUS|26354008|-79108583| |TF|0|0|0|0|0|0|0|0|0|0|0|0|0

P|FEALX2|06|SNAGY|0|6
S| |91000000|181000000| |VM|0|6000|0|0|0|0|0|0|0|0|0|0|0
S|FEALX|26292658|-79678786| |DF|0|0|0|0|0|0|1|4000|0|0|0|0|0
S|FEALX|26292658|-79678786| |IF|0|0|0|0|0|0|1|4000|0|0|0|0|0
S|BKING|26552542|-79379369| |TF|0|0|0|0|0|0|0|0|0|0|0|0|0
S|WOLFO|27402342|-78797244| |TF|0|0|0|0|0|0|0|0|0|0|0|0|0
S|SNAGY|29607331|-76864272| |TF|0|0|0|0|0|0|0|0|0|0|0|0|0

P|FEALX2|06|SUMRS|0|6
S| |91000000|181000000| |VM|0|6000|0|0|0|0|0|0|0|0|0|0|0
S|FEALX|26292658|-79678786| |DF|0|0|0|0|0|0|1|4000|0|0|0|0|0
S|FEALX|26292658|-79678786| |IF|0|0|0|0|0|0|1|4000|0|0|0|0|0
S|BKING|26552542|-79379369| |TF|0|0|0|0|0|0|0|0|0|0|0|0|0
S|WOLFO|27402342|-78797244| |TF|0|0|0|0|0|0|0|0|0|0|0|0|0
S|SUMRS|28711689|-76558497| |TF|0|0|0|0|0|0|0|0|0|0|0|0|0

P|FEALX2|06|WOLFO|0|5
S| |91000000|181000000| |VM|0|6000|0|0|0|0|0|0|0|0|0|0|0
S|FEALX|26292658|-79678786| |DF|0|0|0|0|0|0|1|4000|0|0|0|0|0
S|FEALX|26292658|-79678786| |IF|0|0|0|0|0|0|1|4000|0|0|0|0|0
S|BKING|26552542|-79379369| |TF|0|0|0|0|0|0|0|0|0|0|0|0|0
S|WOLFO|27402342|-78797244| |TF|0|0|0|0|0|0|0|0|0|0|0|0|0

P|FEALX2|06|ZFP|0|5
S| |91000000|181000000| |VM|0|6000|0|0|0|0|0|0|0|0|0|0|0
S|FEALX|26292658|-79678786| |DF|0|0|0|0|0|0|1|4000|0|0|0|0|0
S|FEALX|26292658|-79678786| |IF|0|0|0|0|0|0|1|4000|0|0|0|0|0
S|PREDA|26357969|-79511750| |TF|0|0|0|0|0|0|0|0|0|0|0|0|0
S|ZFP|26555347|-78697850| |TF|0|0|0|0|0|0|0|0|0|0|0|0|0

P|FEALX2|10|ETECK|0|6
S| |91000000|181000000| |VM|0|10500|0|0|0|0|0|0|0|0|0|0|0
S|FEALX|26292658|-79678786| |DF|0|0|0|0|0|0|1|4000|0|0|0|0|0
S|FEALX|26292658|-79678786| |IF|0|0|0|0|0|0|1|4000|0|0|0|0|0
S|BKING|26552542|-79379369| |TF|0|0|0|0|0|0|0|0|0|0|0|0|0
S|WOLFO|27402342|-78797244| |TF|0|0|0|0|0|0|0|0|0|0|0|0|0
S|ETECK|29485667|-78487275| |TF|0|0|0|0|0|0|0|0|0|0|0|0|0

P|FEALX2|10|PADUS|0|4
S| |91000000|181000000| |VM|0|10500|0|0|0|0|0|0|0|0|0|0|0
S|FEALX|26292658|-79678786| |DF|0|0|0|0|0|0|1|4000|0|0|0|0|0
S|FEALX|26292658|-79678786| |IF|0|0|0|0|0|0|1|4000|0|0|0|0|0
S|PADUS|26354008|-79108583| |TF|0|0|0|0|0|0|0|0|0|0|0|0|0

P|FEALX2|10|SNAGY|0|6
S| |91000000|181000000| |VM|0|10500|0|0|0|0|0|0|0|0|0|0|0
S|FEALX|26292658|-79678786| |DF|0|0|0|0|0|0|1|4000|0|0|0|0|0
S|FEALX|26292658|-79678786| |IF|0|0|0|0|0|0|1|4000|0|0|0|0|0
S|BKING|26552542|-79379369| |TF|0|0|0|0|0|0|0|0|0|0|0|0|0
S|WOLFO|27402342|-78797244| |TF|0|0|0|0|0|0|0|0|0|0|0|0|0
S|SNAGY|29607331|-76864272| |TF|0|0|0|0|0|0|0|0|0|0|0|0|0

P|FEALX2|10|SUMRS|0|6
S| |91000000|181000000| |VM|0|10500|0|0|0|0|0|0|0|0|0|0|0
S|FEALX|26292658|-79678786| |DF|0|0|0|0|0|0|1|4000|0|0|0|0|0
S|FEALX|26292658|-79678786| |IF|0|0|0|0|0|0|1|4000|0|0|0|0|0
S|BKING|26552542|-79379369| |TF|0|0|0|0|0|0|0|0|0|0|0|0|0
S|WOLFO|27402342|-78797244| |TF|0|0|0|0|0|0|0|0|0|0|0|0|0
S|SUMRS|28711689|-76558497| |TF|0|0|0|0|0|0|0|0|0|0|0|0|0

P|FEALX2|10|WOLFO|0|5
S| |91000000|181000000| |VM|0|10500|0|0|0|0|0|0|0|0|0|0|0
S|FEALX|26292658|-79678786| |DF|0|0|0|0|0|0|1|4000|0|0|0|0|0
S|FEALX|26292658|-79678786| |IF|0|0|0|0|0|0|1|4000|0|0|0|0|0
S|BKING|26552542|-79379369| |TF|0|0|0|0|0|0|0|0|0|0|0|0|0
S|WOLFO|27402342|-78797244| |TF|0|0|0|0|0|0|0|0|0|0|0|0|0

P|FEALX2|10|ZFP|0|5
S| |91000000|181000000| |VM|0|10500|0|0|0|0|0|0|0|0|0|0|0
S|FEALX|26292658|-79678786| |DF|0|0|0|0|0|0|1|4000|0|0|0|0|0
S|FEALX|26292658|-79678786| |IF|0|0|0|0|0|0|1|4000|0|0|0|0|0
S|PREDA|26357969|-79511750| |TF|0|0|0|0|0|0|0|0|0|0|0|0|0
S|ZFP|26555347|-78697850| |TF|0|0|0|0|0|0|0|0|0|0|0|0|0

P|FEALX2|15|ETECK|0|6
S| |91000000|181000000| |VM|0|15000|0|0|0|0|0|0|0|0|0|0|0
S|FEALX|26292658|-79678786| |DF|0|0|0|0|0|0|1|4000|0|0|0|0|0
S|FEALX|26292658|-79678786| |IF|0|0|0|0|0|0|1|4000|0|0|0|0|0
S|BKING|26552542|-79379369| |TF|0|0|0|0|0|0|0|0|0|0|0|0|0
S|WOLFO|27402342|-78797244| |TF|0|0|0|0|0|0|0|0|0|0|0|0|0
S|ETECK|29485667|-78487275| |TF|0|0|0|0|0|0|0|0|0|0|0|0|0

P|FEALX2|15|PADUS|0|4
S| |91000000|181000000| |VM|0|15000|0|0|0|0|0|0|0|0|0|0|0
S|FEALX|26292658|-79678786| |DF|0|0|0|0|0|0|1|4000|0|0|0|0|0
S|FEALX|26292658|-79678786| |IF|0|0|0|0|0|0|1|4000|0|0|0|0|0
S|PADUS|26354008|-79108583| |TF|0|0|0|0|0|0|0|0|0|0|0|0|0

P|FEALX2|15|SNAGY|0|6
S| |91000000|181000000| |VM|0|15000|0|0|0|0|0|0|0|0|0|0|0
S|FEALX|26292658|-79678786| |DF|0|0|0|0|0|0|1|4000|0|0|0|0|0
S|FEALX|26292658|-79678786| |IF|0|0|0|0|0|0|1|4000|0|0|0|0|0
S|BKING|26552542|-79379369| |TF|0|0|0|0|0|0|0|0|0|0|0|0|0
S|WOLFO|27402342|-78797244| |TF|0|0|0|0|0|0|0|0|0|0|0|0|0
S|SNAGY|29607331|-76864272| |TF|0|0|0|0|0|0|0|0|0|0|0|0|0

P|FEALX2|15|SUMRS|0|6
S| |91000000|181000000| |VM|0|15000|0|0|0|0|0|0|0|0|0|0|0
S|FEALX|26292658|-79678786| |DF|0|0|0|0|0|0|1|4000|0|0|0|0|0
S|FEALX|26292658|-79678786| |IF|0|0|0|0|0|0|1|4000|0|0|0|0|0
S|BKING|26552542|-79379369| |TF|0|0|0|0|0|0|0|0|0|0|0|0|0
S|WOLFO|27402342|-78797244| |TF|0|0|0|0|0|0|0|0|0|0|0|0|0
S|SUMRS|28711689|-76558497| |TF|0|0|0|0|0|0|0|0|0|0|0|0|0

P|FEALX2|15|WOLFO|0|5
S| |91000000|181000000| |VM|0|15000|0|0|0|0|0|0|0|0|0|0|0
S|FEALX|26292658|-79678786| |DF|0|0|0|0|0|0|1|4000|0|0|0|0|0
S|FEALX|26292658|-79678786| |IF|0|0|0|0|0|0|1|4000|0|0|0|0|0
S|BKING|26552542|-79379369| |TF|0|0|0|0|0|0|0|0|0|0|0|0|0
S|WOLFO|27402342|-78797244| |TF|0|0|0|0|0|0|0|0|0|0|0|0|0

P|FEALX2|15|ZFP|0|5
S| |91000000|181000000| |VM|0|15000|0|0|0|0|0|0|0|0|0|0|0
S|FEALX|26292658|-79678786| |DF|0|0|0|0|0|0|1|4000|0|0|0|0|0
S|FEALX|26292658|-79678786| |IF|0|0|0|0|0|0|1|4000|0|0|0|0|0
S|PREDA|26357969|-79511750| |TF|0|0|0|0|0|0|0|0|0|0|0|0|0
S|ZFP|26555347|-78697850| |TF|0|0|0|0|0|0|0|0|0|0|0|0|0

P|FEALX2|24|ETECK|0|6
S| |91000000|181000000| |VM|0|24000|0|0|0|0|0|0|0|0|0|0|0
S|FEALX|26292658|-79678786| |DF|0|0|0|0|0|0|1|4000|0|0|0|0|0
S|FEALX|26292658|-79678786| |IF|0|0|0|0|0|0|1|4000|0|0|0|0|0
S|BKING|26552542|-79379369| |TF|0|0|0|0|0|0|0|0|0|0|0|0|0
S|WOLFO|27402342|-78797244| |TF|0|0|0|0|0|0|0|0|0|0|0|0|0
S|ETECK|29485667|-78487275| |TF|0|0|0|0|0|0|0|0|0|0|0|0|0

P|FEALX2|24|PADUS|0|4
S| |91000000|181000000| |VM|0|24000|0|0|0|0|0|0|0|0|0|0|0
S|FEALX|26292658|-79678786| |DF|0|0|0|0|0|0|1|4000|0|0|0|0|0
S|FEALX|26292658|-79678786| |IF|0|0|0|0|0|0|1|4000|0|0|0|0|0
S|PADUS|26354008|-79108583| |TF|0|0|0|0|0|0|0|0|0|0|0|0|0

P|FEALX2|24|SNAGY|0|6
S| |91000000|181000000| |VM|0|24000|0|0|0|0|0|0|0|0|0|0|0
S|FEALX|26292658|-79678786| |DF|0|0|0|0|0|0|1|4000|0|0|0|0|0
S|FEALX|26292658|-79678786| |IF|0|0|0|0|0|0|1|4000|0|0|0|0|0
S|BKING|26552542|-79379369| |TF|0|0|0|0|0|0|0|0|0|0|0|0|0
S|WOLFO|27402342|-78797244| |TF|0|0|0|0|0|0|0|0|0|0|0|0|0
S|SNAGY|29607331|-76864272| |TF|0|0|0|0|0|0|0|0|0|0|0|0|0

P|FEALX2|24|SUMRS|0|6
S| |91000000|181000000| |VM|0|24000|0|0|0|0|0|0|0|0|0|0|0
S|FEALX|26292658|-79678786| |DF|0|0|0|0|0|0|1|4000|0|0|0|0|0
S|FEALX|26292658|-79678786| |IF|0|0|0|0|0|0|1|4000|0|0|0|0|0
S|BKING|26552542|-79379369| |TF|0|0|0|0|0|0|0|0|0|0|0|0|0
S|WOLFO|27402342|-78797244| |TF|0|0|0|0|0|0|0|0|0|0|0|0|0
S|SUMRS|28711689|-76558497| |TF|0|0|0|0|0|0|0|0|0|0|0|0|0

P|FEALX2|24|WOLFO|0|5
S| |91000000|181000000| |VM|0|24000|0|0|0|0|0|0|0|0|0|0|0
S|FEALX|26292658|-79678786| |DF|0|0|0|0|0|0|1|4000|0|0|0|0|0
S|FEALX|26292658|-79678786| |IF|0|0|0|0|0|0|1|4000|0|0|0|0|0
S|BKING|26552542|-79379369| |TF|0|0|0|0|0|0|0|0|0|0|0|0|0
S|WOLFO|27402342|-78797244| |TF|0|0|0|0|0|0|0|0|0|0|0|0|0

P|FEALX2|24|ZFP|0|5
S| |91000000|181000000| |VM|0|24000|0|0|0|0|0|0|0|0|0|0|0
S|FEALX|26292658|-79678786| |DF|0|0|0|0|0|0|1|4000|0|0|0|0|0
S|FEALX|26292658|-79678786| |IF|0|0|0|0|0|0|1|4000|0|0|0|0|0
S|PREDA|26357969|-79511750| |TF|0|0|0|0|0|0|0|0|0|0|0|0|0
S|ZFP|26555347|-78697850| |TF|0|0|0|0|0|0|0|0|0|0|0|0|0

P|FEALX2|28|ETECK|0|6
S| |91000000|181000000| |VM|0|28500|0|0|0|0|0|0|0|0|0|0|0
S|FEALX|26292658|-79678786| |DF|0|0|0|0|0|0|1|4000|0|0|0|0|0
S|FEALX|26292658|-79678786| |IF|0|0|0|0|0|0|1|4000|0|0|0|0|0
S|BKING|26552542|-79379369| |TF|0|0|0|0|0|0|0|0|0|0|0|0|0
S|WOLFO|27402342|-78797244| |TF|0|0|0|0|0|0|0|0|0|0|0|0|0
S|ETECK|29485667|-78487275| |TF|0|0|0|0|0|0|0|0|0|0|0|0|0

P|FEALX2|28|PADUS|0|4
S| |91000000|181000000| |VM|0|28500|0|0|0|0|0|0|0|0|0|0|0
S|FEALX|26292658|-79678786| |DF|0|0|0|0|0|0|1|4000|0|0|0|0|0
S|FEALX|26292658|-79678786| |IF|0|0|0|0|0|0|1|4000|0|0|0|0|0
S|PADUS|26354008|-79108583| |TF|0|0|0|0|0|0|0|0|0|0|0|0|0

P|FEALX2|28|SNAGY|0|6
S| |91000000|181000000| |VM|0|28500|0|0|0|0|0|0|0|0|0|0|0
S|FEALX|26292658|-79678786| |DF|0|0|0|0|0|0|1|4000|0|0|0|0|0
S|FEALX|26292658|-79678786| |IF|0|0|0|0|0|0|1|4000|0|0|0|0|0
S|BKING|26552542|-79379369| |TF|0|0|0|0|0|0|0|0|0|0|0|0|0
S|WOLFO|27402342|-78797244| |TF|0|0|0|0|0|0|0|0|0|0|0|0|0
S|SNAGY|29607331|-76864272| |TF|0|0|0|0|0|0|0|0|0|0|0|0|0

P|FEALX2|28|SUMRS|0|6
S| |91000000|181000000| |VM|0|28500|0|0|0|0|0|0|0|0|0|0|0
S|FEALX|26292658|-79678786| |DF|0|0|0|0|0|0|1|4000|0|0|0|0|0
S|FEALX|26292658|-79678786| |IF|0|0|0|0|0|0|1|4000|0|0|0|0|0
S|BKING|26552542|-79379369| |TF|0|0|0|0|0|0|0|0|0|0|0|0|0
S|WOLFO|27402342|-78797244| |TF|0|0|0|0|0|0|0|0|0|0|0|0|0
S|SUMRS|28711689|-76558497| |TF|0|0|0|0|0|0|0|0|0|0|0|0|0

P|FEALX2|28|WOLFO|0|5
S| |91000000|181000000| |VM|0|28500|0|0|0|0|0|0|0|0|0|0|0
S|FEALX|26292658|-79678786| |DF|0|0|0|0|0|0|1|4000|0|0|0|0|0
S|FEALX|26292658|-79678786| |IF|0|0|0|0|0|0|1|4000|0|0|0|0|0
S|BKING|26552542|-79379369| |TF|0|0|0|0|0|0|0|0|0|0|0|0|0
S|WOLFO|27402342|-78797244| |TF|0|0|0|0|0|0|0|0|0|0|0|0|0

P|FEALX2|28|ZFP|0|5
S| |91000000|181000000| |VM|0|28500|0|0|0|0|0|0|0|0|0|0|0
S|FEALX|26292658|-79678786| |DF|0|0|0|0|0|0|1|4000|0|0|0|0|0
S|FEALX|26292658|-79678786| |IF|0|0|0|0|0|0|1|4000|0|0|0|0|0
S|PREDA|26357969|-79511750| |TF|0|0|0|0|0|0|0|0|0|0|0|0|0
S|ZFP|26555347|-78697850| |TF|0|0|0|0|0|0|0|0|0|0|0|0|0

P|FEALX2|33|ETECK|0|6
S| |91000000|181000000| |VM|0|33000|0|0|0|0|0|0|0|0|0|0|0
S|FEALX|26292658|-79678786| |DF|0|0|0|0|0|0|1|4000|0|0|0|0|0
S|FEALX|26292658|-79678786| |IF|0|0|0|0|0|0|1|4000|0|0|0|0|0
S|BKING|26552542|-79379369| |TF|0|0|0|0|0|0|0|0|0|0|0|0|0
S|WOLFO|27402342|-78797244| |TF|0|0|0|0|0|0|0|0|0|0|0|0|0
S|ETECK|29485667|-78487275| |TF|0|0|0|0|0|0|0|0|0|0|0|0|0

P|FEALX2|33|PADUS|0|4
S| |91000000|181000000| |VM|0|33000|0|0|0|0|0|0|0|0|0|0|0
S|FEALX|26292658|-79678786| |DF|0|0|0|0|0|0|1|4000|0|0|0|0|0
S|FEALX|26292658|-79678786| |IF|0|0|0|0|0|0|1|4000|0|0|0|0|0
S|PADUS|26354008|-79108583| |TF|0|0|0|0|0|0|0|0|0|0|0|0|0

P|FEALX2|33|SNAGY|0|6
S| |91000000|181000000| |VM|0|33000|0|0|0|0|0|0|0|0|0|0|0
S|FEALX|26292658|-79678786| |DF|0|0|0|0|0|0|1|4000|0|0|0|0|0
S|FEALX|26292658|-79678786| |IF|0|0|0|0|0|0|1|4000|0|0|0|0|0
S|BKING|26552542|-79379369| |TF|0|0|0|0|0|0|0|0|0|0|0|0|0
S|WOLFO|27402342|-78797244| |TF|0|0|0|0|0|0|0|0|0|0|0|0|0
S|SNAGY|29607331|-76864272| |TF|0|0|0|0|0|0|0|0|0|0|0|0|0

P|FEALX2|33|SUMRS|0|6
S| |91000000|181000000| |VM|0|33000|0|0|0|0|0|0|0|0|0|0|0
S|FEALX|26292658|-79678786| |DF|0|0|0|0|0|0|1|4000|0|0|0|0|0
S|FEALX|26292658|-79678786| |IF|0|0|0|0|0|0|1|4000|0|0|0|0|0
S|BKING|26552542|-79379369| |TF|0|0|0|0|0|0|0|0|0|0|0|0|0
S|WOLFO|27402342|-78797244| |TF|0|0|0|0|0|0|0|0|0|0|0|0|0
S|SUMRS|28711689|-76558497| |TF|0|0|0|0|0|0|0|0|0|0|0|0|0

P|FEALX2|33|WOLFO|0|5
S| |91000000|181000000| |VM|0|33000|0|0|0|0|0|0|0|0|0|0|0
S|FEALX|26292658|-79678786| |DF|0|0|0|0|0|0|1|4000|0|0|0|0|0
S|FEALX|26292658|-79678786| |IF|0|0|0|0|0|0|1|4000|0|0|0|0|0
S|BKING|26552542|-79379369| |TF|0|0|0|0|0|0|0|0|0|0|0|0|0
S|WOLFO|27402342|-78797244| |TF|0|0|0|0|0|0|0|0|0|0|0|0|0

P|FEALX2|33|ZFP|0|5
S| |91000000|181000000| |VM|0|33000|0|0|0|0|0|0|0|0|0|0|0
S|FEALX|26292658|-79678786| |DF|0|0|0|0|0|0|1|4000|0|0|0|0|0
S|FEALX|26292658|-79678786| |IF|0|0|0|0|0|0|1|4000|0|0|0|0|0
S|PREDA|26357969|-79511750| |TF|0|0|0|0|0|0|0|0|0|0|0|0|0
S|ZFP|26555347|-78697850| |TF|0|0|0|0|0|0|0|0|0|0|0|0|0

P|FRSBE2|06|STYMY|0|7
S| |91000000|181000000| |VM|0|6000|0|0|0|0|0|0|0|0|0|0|0
S|ALNZO|26484397|-80564642| |DF|0|0|0|0|0|0|0|0|0|0|0|0|0
S|ALNZO|26484397|-80564642| |IF|0|0|0|0|0|0|0|0|0|0|0|0|0
S|FRSBE|26911442|-80700522| |TF|0|0|0|0|0|0|0|0|0|0|0|0|0
S|FRSBE|26911442|-80700522| |IF|0|0|0|0|0|0|0|0|0|0|0|0|0
S|WAPOM|27321683|-80855983| |TF|0|0|0|0|0|0|0|0|0|0|0|0|0
S|STYMY|28036736|-81151519| |TF|0|0|0|0|0|0|0|0|0|0|0|0|0

P|FRSBE2|06|WAPOM|0|6
S| |91000000|181000000| |VM|0|6000|0|0|0|0|0|0|0|0|0|0|0
S|ALNZO|26484397|-80564642| |DF|0|0|0|0|0|0|0|0|0|0|0|0|0
S|ALNZO|26484397|-80564642| |IF|0|0|0|0|0|0|0|0|0|0|0|0|0
S|FRSBE|26911442|-80700522| |TF|0|0|0|0|0|0|0|0|0|0|0|0|0
S|FRSBE|26911442|-80700522| |IF|0|0|0|0|0|0|0|0|0|0|0|0|0
S|WAPOM|27321683|-80855983| |TF|0|0|0|0|0|0|0|0|0|0|0|0|0

P|FRSBE2|10|STYMY|0|7
S| |91000000|181000000| |VM|0|10500|0|0|0|0|0|0|0|0|0|0|0
S|ALNZO|26484397|-80564642| |DF|0|0|0|0|0|0|0|0|0|0|0|0|0
S|ALNZO|26484397|-80564642| |IF|0|0|0|0|0|0|0|0|0|0|0|0|0
S|FRSBE|26911442|-80700522| |TF|0|0|0|0|0|0|0|0|0|0|0|0|0
S|FRSBE|26911442|-80700522| |IF|0|0|0|0|0|0|0|0|0|0|0|0|0
S|WAPOM|27321683|-80855983| |TF|0|0|0|0|0|0|0|0|0|0|0|0|0
S|STYMY|28036736|-81151519| |TF|0|0|0|0|0|0|0|0|0|0|0|0|0

P|FRSBE2|10|WAPOM|0|6
S| |91000000|181000000| |VM|0|10500|0|0|0|0|0|0|0|0|0|0|0
S|ALNZO|26484397|-80564642| |DF|0|0|0|0|0|0|0|0|0|0|0|0|0
S|ALNZO|26484397|-80564642| |IF|0|0|0|0|0|0|0|0|0|0|0|0|0
S|FRSBE|26911442|-80700522| |TF|0|0|0|0|0|0|0|0|0|0|0|0|0
S|FRSBE|26911442|-80700522| |IF|0|0|0|0|0|0|0|0|0|0|0|0|0
S|WAPOM|27321683|-80855983| |TF|0|0|0|0|0|0|0|0|0|0|0|0|0

P|FRSBE2|15|STYMY|0|7
S| |91000000|181000000| |VM|0|15000|0|0|0|0|0|0|0|0|0|0|0
S|ALNZO|26484397|-80564642| |DF|0|0|0|0|0|0|0|0|0|0|0|0|0
S|ALNZO|26484397|-80564642| |IF|0|0|0|0|0|0|0|0|0|0|0|0|0
S|FRSBE|26911442|-80700522| |TF|0|0|0|0|0|0|0|0|0|0|0|0|0
S|FRSBE|26911442|-80700522| |IF|0|0|0|0|0|0|0|0|0|0|0|0|0
S|WAPOM|27321683|-80855983| |TF|0|0|0|0|0|0|0|0|0|0|0|0|0
S|STYMY|28036736|-81151519| |TF|0|0|0|0|0|0|0|0|0|0|0|0|0

P|FRSBE2|15|WAPOM|0|6
S| |91000000|181000000| |VM|0|15000|0|0|0|0|0|0|0|0|0|0|0
S|ALNZO|26484397|-80564642| |DF|0|0|0|0|0|0|0|0|0|0|0|0|0
S|ALNZO|26484397|-80564642| |IF|0|0|0|0|0|0|0|0|0|0|0|0|0
S|FRSBE|26911442|-80700522| |TF|0|0|0|0|0|0|0|0|0|0|0|0|0
S|FRSBE|26911442|-80700522| |IF|0|0|0|0|0|0|0|0|0|0|0|0|0
S|WAPOM|27321683|-80855983| |TF|0|0|0|0|0|0|0|0|0|0|0|0|0

P|FRSBE2|24|STYMY|0|7
S| |91000000|181000000| |VM|0|24000|0|0|0|0|0|0|0|0|0|0|0
S|ALNZO|26484397|-80564642| |DF|0|0|0|0|0|0|0|0|0|0|0|0|0
S|ALNZO|26484397|-80564642| |IF|0|0|0|0|0|0|0|0|0|0|0|0|0
S|FRSBE|26911442|-80700522| |TF|0|0|0|0|0|0|0|0|0|0|0|0|0
S|FRSBE|26911442|-80700522| |IF|0|0|0|0|0|0|0|0|0|0|0|0|0
S|WAPOM|27321683|-80855983| |TF|0|0|0|0|0|0|0|0|0|0|0|0|0
S|STYMY|28036736|-81151519| |TF|0|0|0|0|0|0|0|0|0|0|0|0|0

P|FRSBE2|24|WAPOM|0|6
S| |91000000|181000000| |VM|0|24000|0|0|0|0|0|0|0|0|0|0|0
S|ALNZO|26484397|-80564642| |DF|0|0|0|0|0|0|0|0|0|0|0|0|0
S|ALNZO|26484397|-80564642| |IF|0|0|0|0|0|0|0|0|0|0|0|0|0
S|FRSBE|26911442|-80700522| |TF|0|0|0|0|0|0|0|0|0|0|0|0|0
S|FRSBE|26911442|-80700522| |IF|0|0|0|0|0|0|0|0|0|0|0|0|0
S|WAPOM|27321683|-80855983| |TF|0|0|0|0|0|0|0|0|0|0|0|0|0

P|FRSBE2|28|STYMY|0|7
S| |91000000|181000000| |VM|0|28500|0|0|0|0|0|0|0|0|0|0|0
S|ALNZO|26484397|-80564642| |DF|0|0|0|0|0|0|0|0|0|0|0|0|0
S|ALNZO|26484397|-80564642| |IF|0|0|0|0|0|0|0|0|0|0|0|0|0
S|FRSBE|26911442|-80700522| |TF|0|0|0|0|0|0|0|0|0|0|0|0|0
S|FRSBE|26911442|-80700522| |IF|0|0|0|0|0|0|0|0|0|0|0|0|0
S|WAPOM|27321683|-80855983| |TF|0|0|0|0|0|0|0|0|0|0|0|0|0
S|STYMY|28036736|-81151519| |TF|0|0|0|0|0|0|0|0|0|0|0|0|0

P|FRSBE2|28|WAPOM|0|6
S| |91000000|181000000| |VM|0|28500|0|0|0|0|0|0|0|0|0|0|0
S|ALNZO|26484397|-80564642| |DF|0|0|0|0|0|0|0|0|0|0|0|0|0
S|ALNZO|26484397|-80564642| |IF|0|0|0|0|0|0|0|0|0|0|0|0|0
S|FRSBE|26911442|-80700522| |TF|0|0|0|0|0|0|0|0|0|0|0|0|0
S|FRSBE|26911442|-80700522| |IF|0|0|0|0|0|0|0|0|0|0|0|0|0
S|WAPOM|27321683|-80855983| |TF|0|0|0|0|0|0|0|0|0|0|0|0|0

P|FRSBE2|33|STYMY|0|7
S| |91000000|181000000| |VM|0|33000|0|0|0|0|0|0|0|0|0|0|0
S|ALNZO|26484397|-80564642| |DF|0|0|0|0|0|0|0|0|0|0|0|0|0
S|ALNZO|26484397|-80564642| |IF|0|0|0|0|0|0|0|0|0|0|0|0|0
S|FRSBE|26911442|-80700522| |TF|0|0|0|0|0|0|0|0|0|0|0|0|0
S|FRSBE|26911442|-80700522| |IF|0|0|0|0|0|0|0|0|0|0|0|0|0
S|WAPOM|27321683|-80855983| |TF|0|0|0|0|0|0|0|0|0|0|0|0|0
S|STYMY|28036736|-81151519| |TF|0|0|0|0|0|0|0|0|0|0|0|0|0

P|FRSBE2|33|WAPOM|0|6
S| |91000000|181000000| |VM|0|33000|0|0|0|0|0|0|0|0|0|0|0
S|ALNZO|26484397|-80564642| |DF|0|0|0|0|0|0|0|0|0|0|0|0|0
S|ALNZO|26484397|-80564642| |IF|0|0|0|0|0|0|0|0|0|0|0|0|0
S|FRSBE|26911442|-80700522| |TF|0|0|0|0|0|0|0|0|0|0|0|0|0
S|FRSBE|26911442|-80700522| |IF|0|0|0|0|0|0|0|0|0|0|0|0|0
S|WAPOM|27321683|-80855983| |TF|0|0|0|0|0|0|0|0|0|0|0|0|0

P|GABOW2|06|RAJAY|0|10
S| |91000000|181000000| |VA|0|6000|0|0|0|0|1|420|0|0|0|0|0
S| |91000000|181000000| |VM|0|6000|0|0|0|0|0|0|0|0|0|0|0
S|MNUDO|26228889|-79612947| |DF|0|0|0|0|0|0|1|4000|0|0|0|0|0
S|MNUDO|26228889|-79612947| |IF|0|0|0|0|0|0|1|4000|0|0|0|0|0
S|GABOW|26139067|-79397361| |TF|0|0|0|0|0|0|0|0|0|0|0|0|0
S|GABOW|26139067|-79397361| |IF|0|0|0|0|0|0|0|0|0|0|0|0|0
S|SANDL|25989131|-79110367| |TF|0|0|0|0|0|0|0|0|0|0|0|0|0
S|KRAFT|25741342|-78716178| |TF|0|0|0|0|0|0|0|0|0|0|0|0|0
S|HEYDR|25577069|-78448550| |TF|0|0|0|0|0|0|0|0|0|0|0|0|0
S|RAJAY|25300772|-78185975| |TF|0|0|0|0|0|0|0|0|0|0|0|0|0

P|GABOW2|06|SANDL|0|7
S| |91000000|181000000| |VA|0|6000|0|0|0|0|1|420|0|0|0|0|0
S| |91000000|181000000| |VM|0|6000|0|0|0|0|0|0|0|0|0|0|0
S|MNUDO|26228889|-79612947| |DF|0|0|0|0|0|0|1|4000|0|0|0|0|0
S|MNUDO|26228889|-79612947| |IF|0|0|0|0|0|0|1|4000|0|0|0|0|0
S|GABOW|26139067|-79397361| |TF|0|0|0|0|0|0|0|0|0|0|0|0|0
S|GABOW|26139067|-79397361| |IF|0|0|0|0|0|0|0|0|0|0|0|0|0
S|SANDL|25989131|-79110367| |TF|0|0|0|0|0|0|0|0|0|0|0|0|0

P|GABOW2|06|SUMAC|0|10
S| |91000000|181000000| |VA|0|6000|0|0|0|0|1|420|0|0|0|0|0
S| |91000000|181000000| |VM|0|6000|0|0|0|0|0|0|0|0|0|0|0
S|MNUDO|26228889|-79612947| |DF|0|0|0|0|0|0|1|4000|0|0|0|0|0
S|MNUDO|26228889|-79612947| |IF|0|0|0|0|0|0|1|4000|0|0|0|0|0
S|GABOW|26139067|-79397361| |TF|0|0|0|0|0|0|0|0|0|0|0|0|0
S|GABOW|26139067|-79397361| |IF|0|0|0|0|0|0|0|0|0|0|0|0|0
S|SANDL|25989131|-79110367| |TF|0|0|0|0|0|0|0|0|0|0|0|0|0
S|KRAFT|25741342|-78716178| |TF|0|0|0|0|0|0|0|0|0|0|0|0|0
S|HEYDR|25577069|-78448550| |TF|0|0|0|0|0|0|0|0|0|0|0|0|0
S|SUMAC|25292642|-77350817| |TF|0|0|0|0|0|0|0|0|0|0|0|0|0

P|GABOW2|10|RAJAY|0|10
S| |91000000|181000000| |VA|0|10500|0|0|0|0|1|420|0|0|0|0|0
S| |91000000|181000000| |VM|0|10500|0|0|0|0|0|0|0|0|0|0|0
S|MNUDO|26228889|-79612947| |DF|0|0|0|0|0|0|1|4000|0|0|0|0|0
S|MNUDO|26228889|-79612947| |IF|0|0|0|0|0|0|1|4000|0|0|0|0|0
S|GABOW|26139067|-79397361| |TF|0|0|0|0|0|0|0|0|0|0|0|0|0
S|GABOW|26139067|-79397361| |IF|0|0|0|0|0|0|0|0|0|0|0|0|0
S|SANDL|25989131|-79110367| |TF|0|0|0|0|0|0|0|0|0|0|0|0|0
S|KRAFT|25741342|-78716178| |TF|0|0|0|0|0|0|0|0|0|0|0|0|0
S|HEYDR|25577069|-78448550| |TF|0|0|0|0|0|0|0|0|0|0|0|0|0
S|RAJAY|25300772|-78185975| |TF|0|0|0|0|0|0|0|0|0|0|0|0|0

P|GABOW2|10|SANDL|0|7
S| |91000000|181000000| |VA|0|10500|0|0|0|0|1|420|0|0|0|0|0
S| |91000000|181000000| |VM|0|10500|0|0|0|0|0|0|0|0|0|0|0
S|MNUDO|26228889|-79612947| |DF|0|0|0|0|0|0|1|4000|0|0|0|0|0
S|MNUDO|26228889|-79612947| |IF|0|0|0|0|0|0|1|4000|0|0|0|0|0
S|GABOW|26139067|-79397361| |TF|0|0|0|0|0|0|0|0|0|0|0|0|0
S|GABOW|26139067|-79397361| |IF|0|0|0|0|0|0|0|0|0|0|0|0|0
S|SANDL|25989131|-79110367| |TF|0|0|0|0|0|0|0|0|0|0|0|0|0

P|GABOW2|10|SUMAC|0|10
S| |91000000|181000000| |VA|0|10500|0|0|0|0|1|420|0|0|0|0|0
S| |91000000|181000000| |VM|0|10500|0|0|0|0|0|0|0|0|0|0|0
S|MNUDO|26228889|-79612947| |DF|0|0|0|0|0|0|1|4000|0|0|0|0|0
S|MNUDO|26228889|-79612947| |IF|0|0|0|0|0|0|1|4000|0|0|0|0|0
S|GABOW|26139067|-79397361| |TF|0|0|0|0|0|0|0|0|0|0|0|0|0
S|GABOW|26139067|-79397361| |IF|0|0|0|0|0|0|0|0|0|0|0|0|0
S|SANDL|25989131|-79110367| |TF|0|0|0|0|0|0|0|0|0|0|0|0|0
S|KRAFT|25741342|-78716178| |TF|0|0|0|0|0|0|0|0|0|0|0|0|0
S|HEYDR|25577069|-78448550| |TF|0|0|0|0|0|0|0|0|0|0|0|0|0
S|SUMAC|25292642|-77350817| |TF|0|0|0|0|0|0|0|0|0|0|0|0|0

P|GABOW2|15|RAJAY|0|10
S| |91000000|181000000| |VA|0|15000|0|0|0|0|1|420|0|0|0|0|0
S| |91000000|181000000| |VM|0|15000|0|0|0|0|0|0|0|0|0|0|0
S|MNUDO|26228889|-79612947| |DF|0|0|0|0|0|0|1|4000|0|0|0|0|0
S|MNUDO|26228889|-79612947| |IF|0|0|0|0|0|0|1|4000|0|0|0|0|0
S|GABOW|26139067|-79397361| |TF|0|0|0|0|0|0|0|0|0|0|0|0|0
S|GABOW|26139067|-79397361| |IF|0|0|0|0|0|0|0|0|0|0|0|0|0
S|SANDL|25989131|-79110367| |TF|0|0|0|0|0|0|0|0|0|0|0|0|0
S|KRAFT|25741342|-78716178| |TF|0|0|0|0|0|0|0|0|0|0|0|0|0
S|HEYDR|25577069|-78448550| |TF|0|0|0|0|0|0|0|0|0|0|0|0|0
S|RAJAY|25300772|-78185975| |TF|0|0|0|0|0|0|0|0|0|0|0|0|0

P|GABOW2|15|SANDL|0|7
S| |91000000|181000000| |VA|0|15000|0|0|0|0|1|420|0|0|0|0|0
S| |91000000|181000000| |VM|0|15000|0|0|0|0|0|0|0|0|0|0|0
S|MNUDO|26228889|-79612947| |DF|0|0|0|0|0|0|1|4000|0|0|0|0|0
S|MNUDO|26228889|-79612947| |IF|0|0|0|0|0|0|1|4000|0|0|0|0|0
S|GABOW|26139067|-79397361| |TF|0|0|0|0|0|0|0|0|0|0|0|0|0
S|GABOW|26139067|-79397361| |IF|0|0|0|0|0|0|0|0|0|0|0|0|0
S|SANDL|25989131|-79110367| |TF|0|0|0|0|0|0|0|0|0|0|0|0|0

P|GABOW2|15|SUMAC|0|10
S| |91000000|181000000| |VA|0|15000|0|0|0|0|1|420|0|0|0|0|0
S| |91000000|181000000| |VM|0|15000|0|0|0|0|0|0|0|0|0|0|0
S|MNUDO|26228889|-79612947| |DF|0|0|0|0|0|0|1|4000|0|0|0|0|0
S|MNUDO|26228889|-79612947| |IF|0|0|0|0|0|0|1|4000|0|0|0|0|0
S|GABOW|26139067|-79397361| |TF|0|0|0|0|0|0|0|0|0|0|0|0|0
S|GABOW|26139067|-79397361| |IF|0|0|0|0|0|0|0|0|0|0|0|0|0
S|SANDL|25989131|-79110367| |TF|0|0|0|0|0|0|0|0|0|0|0|0|0
S|KRAFT|25741342|-78716178| |TF|0|0|0|0|0|0|0|0|0|0|0|0|0
S|HEYDR|25577069|-78448550| |TF|0|0|0|0|0|0|0|0|0|0|0|0|0
S|SUMAC|25292642|-77350817| |TF|0|0|0|0|0|0|0|0|0|0|0|0|0

P|GABOW2|24|RAJAY|0|10
S| |91000000|181000000| |VA|0|24000|0|0|0|0|1|420|0|0|0|0|0
S| |91000000|181000000| |VM|0|24000|0|0|0|0|0|0|0|0|0|0|0
S|MNUDO|26228889|-79612947| |DF|0|0|0|0|0|0|1|4000|0|0|0|0|0
S|MNUDO|26228889|-79612947| |IF|0|0|0|0|0|0|1|4000|0|0|0|0|0
S|GABOW|26139067|-79397361| |TF|0|0|0|0|0|0|0|0|0|0|0|0|0
S|GABOW|26139067|-79397361| |IF|0|0|0|0|0|0|0|0|0|0|0|0|0
S|SANDL|25989131|-79110367| |TF|0|0|0|0|0|0|0|0|0|0|0|0|0
S|KRAFT|25741342|-78716178| |TF|0|0|0|0|0|0|0|0|0|0|0|0|0
S|HEYDR|25577069|-78448550| |TF|0|0|0|0|0|0|0|0|0|0|0|0|0
S|RAJAY|25300772|-78185975| |TF|0|0|0|0|0|0|0|0|0|0|0|0|0

P|GABOW2|24|SANDL|0|7
S| |91000000|181000000| |VA|0|24000|0|0|0|0|1|420|0|0|0|0|0
S| |91000000|181000000| |VM|0|24000|0|0|0|0|0|0|0|0|0|0|0
S|MNUDO|26228889|-79612947| |DF|0|0|0|0|0|0|1|4000|0|0|0|0|0
S|MNUDO|26228889|-79612947| |IF|0|0|0|0|0|0|1|4000|0|0|0|0|0
S|GABOW|26139067|-79397361| |TF|0|0|0|0|0|0|0|0|0|0|0|0|0
S|GABOW|26139067|-79397361| |IF|0|0|0|0|0|0|0|0|0|0|0|0|0
S|SANDL|25989131|-79110367| |TF|0|0|0|0|0|0|0|0|0|0|0|0|0

P|GABOW2|24|SUMAC|0|10
S| |91000000|181000000| |VA|0|24000|0|0|0|0|1|420|0|0|0|0|0
S| |91000000|181000000| |VM|0|24000|0|0|0|0|0|0|0|0|0|0|0
S|MNUDO|26228889|-79612947| |DF|0|0|0|0|0|0|1|4000|0|0|0|0|0
S|MNUDO|26228889|-79612947| |IF|0|0|0|0|0|0|1|4000|0|0|0|0|0
S|GABOW|26139067|-79397361| |TF|0|0|0|0|0|0|0|0|0|0|0|0|0
S|GABOW|26139067|-79397361| |IF|0|0|0|0|0|0|0|0|0|0|0|0|0
S|SANDL|25989131|-79110367| |TF|0|0|0|0|0|0|0|0|0|0|0|0|0
S|KRAFT|25741342|-78716178| |TF|0|0|0|0|0|0|0|0|0|0|0|0|0
S|HEYDR|25577069|-78448550| |TF|0|0|0|0|0|0|0|0|0|0|0|0|0
S|SUMAC|25292642|-77350817| |TF|0|0|0|0|0|0|0|0|0|0|0|0|0

P|GABOW2|28|RAJAY|0|10
S| |91000000|181000000| |VA|0|28500|0|0|0|0|1|420|0|0|0|0|0
S| |91000000|181000000| |VM|0|28500|0|0|0|0|0|0|0|0|0|0|0
S|MNUDO|26228889|-79612947| |DF|0|0|0|0|0|0|1|4000|0|0|0|0|0
S|MNUDO|26228889|-79612947| |IF|0|0|0|0|0|0|1|4000|0|0|0|0|0
S|GABOW|26139067|-79397361| |TF|0|0|0|0|0|0|0|0|0|0|0|0|0
S|GABOW|26139067|-79397361| |IF|0|0|0|0|0|0|0|0|0|0|0|0|0
S|SANDL|25989131|-79110367| |TF|0|0|0|0|0|0|0|0|0|0|0|0|0
S|KRAFT|25741342|-78716178| |TF|0|0|0|0|0|0|0|0|0|0|0|0|0
S|HEYDR|25577069|-78448550| |TF|0|0|0|0|0|0|0|0|0|0|0|0|0
S|RAJAY|25300772|-78185975| |TF|0|0|0|0|0|0|0|0|0|0|0|0|0

P|GABOW2|28|SANDL|0|7
S| |91000000|181000000| |VA|0|28500|0|0|0|0|1|420|0|0|0|0|0
S| |91000000|181000000| |VM|0|28500|0|0|0|0|0|0|0|0|0|0|0
S|MNUDO|26228889|-79612947| |DF|0|0|0|0|0|0|1|4000|0|0|0|0|0
S|MNUDO|26228889|-79612947| |IF|0|0|0|0|0|0|1|4000|0|0|0|0|0
S|GABOW|26139067|-79397361| |TF|0|0|0|0|0|0|0|0|0|0|0|0|0
S|GABOW|26139067|-79397361| |IF|0|0|0|0|0|0|0|0|0|0|0|0|0
S|SANDL|25989131|-79110367| |TF|0|0|0|0|0|0|0|0|0|0|0|0|0

P|GABOW2|28|SUMAC|0|10
S| |91000000|181000000| |VA|0|28500|0|0|0|0|1|420|0|0|0|0|0
S| |91000000|181000000| |VM|0|28500|0|0|0|0|0|0|0|0|0|0|0
S|MNUDO|26228889|-79612947| |DF|0|0|0|0|0|0|1|4000|0|0|0|0|0
S|MNUDO|26228889|-79612947| |IF|0|0|0|0|0|0|1|4000|0|0|0|0|0
S|GABOW|26139067|-79397361| |TF|0|0|0|0|0|0|0|0|0|0|0|0|0
S|GABOW|26139067|-79397361| |IF|0|0|0|0|0|0|0|0|0|0|0|0|0
S|SANDL|25989131|-79110367| |TF|0|0|0|0|0|0|0|0|0|0|0|0|0
S|KRAFT|25741342|-78716178| |TF|0|0|0|0|0|0|0|0|0|0|0|0|0
S|HEYDR|25577069|-78448550| |TF|0|0|0|0|0|0|0|0|0|0|0|0|0
S|SUMAC|25292642|-77350817| |TF|0|0|0|0|0|0|0|0|0|0|0|0|0

P|GABOW2|33|RAJAY|0|10
S| |91000000|181000000| |VA|0|33000|0|0|0|0|1|420|0|0|0|0|0
S| |91000000|181000000| |VM|0|33000|0|0|0|0|0|0|0|0|0|0|0
S|MNUDO|26228889|-79612947| |DF|0|0|0|0|0|0|1|4000|0|0|0|0|0
S|MNUDO|26228889|-79612947| |IF|0|0|0|0|0|0|1|4000|0|0|0|0|0
S|GABOW|26139067|-79397361| |TF|0|0|0|0|0|0|0|0|0|0|0|0|0
S|GABOW|26139067|-79397361| |IF|0|0|0|0|0|0|0|0|0|0|0|0|0
S|SANDL|25989131|-79110367| |TF|0|0|0|0|0|0|0|0|0|0|0|0|0
S|KRAFT|25741342|-78716178| |TF|0|0|0|0|0|0|0|0|0|0|0|0|0
S|HEYDR|25577069|-78448550| |TF|0|0|0|0|0|0|0|0|0|0|0|0|0
S|RAJAY|25300772|-78185975| |TF|0|0|0|0|0|0|0|0|0|0|0|0|0

P|GABOW2|33|SANDL|0|7
S| |91000000|181000000| |VA|0|33000|0|0|0|0|1|420|0|0|0|0|0
S| |91000000|181000000| |VM|0|33000|0|0|0|0|0|0|0|0|0|0|0
S|MNUDO|26228889|-79612947| |DF|0|0|0|0|0|0|1|4000|0|0|0|0|0
S|MNUDO|26228889|-79612947| |IF|0|0|0|0|0|0|1|4000|0|0|0|0|0
S|GABOW|26139067|-79397361| |TF|0|0|0|0|0|0|0|0|0|0|0|0|0
S|GABOW|26139067|-79397361| |IF|0|0|0|0|0|0|0|0|0|0|0|0|0
S|SANDL|25989131|-79110367| |TF|0|0|0|0|0|0|0|0|0|0|0|0|0

P|GABOW2|33|SUMAC|0|10
S| |91000000|181000000| |VA|0|33000|0|0|0|0|1|420|0|0|0|0|0
S| |91000000|181000000| |VM|0|33000|0|0|0|0|0|0|0|0|0|0|0
S|MNUDO|26228889|-79612947| |DF|0|0|0|0|0|0|1|4000|0|0|0|0|0
S|MNUDO|26228889|-79612947| |IF|0|0|0|0|0|0|1|4000|0|0|0|0|0
S|GABOW|26139067|-79397361| |TF|0|0|0|0|0|0|0|0|0|0|0|0|0
S|GABOW|26139067|-79397361| |IF|0|0|0|0|0|0|0|0|0|0|0|0|0
S|SANDL|25989131|-79110367| |TF|0|0|0|0|0|0|0|0|0|0|0|0|0
S|KRAFT|25741342|-78716178| |TF|0|0|0|0|0|0|0|0|0|0|0|0|0
S|HEYDR|25577069|-78448550| |TF|0|0|0|0|0|0|0|0|0|0|0|0|0
S|SUMAC|25292642|-77350817| |TF|0|0|0|0|0|0|0|0|0|0|0|0|0

P|HROCK2|06|KPASA|0|8
S| |91000000|181000000| |VM|0|6000|0|0|0|0|0|0|0|0|0|0|0
S|JOENZ|26402911|-80720044| |DF|0|0|0|0|0|0|0|0|0|0|0|0|0
S|JOENZ|26402911|-80720044| |IF|0|0|0|0|0|0|0|0|0|0|0|0|0
S|HROCK|26508175|-80847286| |TF|0|0|0|0|0|0|0|0|0|0|0|0|0
S|HROCK|26508175|-80847286| |IF|0|0|0|0|0|0|0|0|0|0|0|0|0
S|BLAAK|27044281|-81336611| |TF|0|0|0|0|0|0|0|0|0|0|0|0|0
S|PYROS|27337411|-81522942| |TF|0|0|0|0|0|0|0|0|0|0|0|0|0
S|KPASA|28176111|-81907500| |TF|0|0|0|0|0|0|0|0|0|0|0|0|0

P|HROCK2|06|SMELZ|0|8
S| |91000000|181000000| |VM|0|6000|0|0|0|0|0|0|0|0|0|0|0
S|JOENZ|26402911|-80720044| |DF|0|0|0|0|0|0|0|0|0|0|0|0|0
S|JOENZ|26402911|-80720044| |IF|0|0|0|0|0|0|0|0|0|0|0|0|0
S|HROCK|26508175|-80847286| |TF|0|0|0|0|0|0|0|0|0|0|0|0|0
S|HROCK|26508175|-80847286| |IF|0|0|0|0|0|0|0|0|0|0|0|0|0
S|THEUU|27050508|-81508500| |TF|0|0|0|0|0|0|0|0|0|0|0|0|0
S|GNARL|27459789|-81804494| |TF|0|0|0|0|0|0|0|0|0|0|0|0|0
S|SMELZ|28083056|-82109444| |TF|0|0|0|0|0|0|0|0|0|0|0|0|0

P|HROCK2|10|KPASA|0|8
S| |91000000|181000000| |VM|0|10500|0|0|0|0|0|0|0|0|0|0|0
S|JOENZ|26402911|-80720044| |DF|0|0|0|0|0|0|0|0|0|0|0|0|0
S|JOENZ|26402911|-80720044| |IF|0|0|0|0|0|0|0|0|0|0|0|0|0
S|HROCK|26508175|-80847286| |TF|0|0|0|0|0|0|0|0|0|0|0|0|0
S|HROCK|26508175|-80847286| |IF|0|0|0|0|0|0|0|0|0|0|0|0|0
S|BLAAK|27044281|-81336611| |TF|0|0|0|0|0|0|0|0|0|0|0|0|0
S|PYROS|27337411|-81522942| |TF|0|0|0|0|0|0|0|0|0|0|0|0|0
S|KPASA|28176111|-81907500| |TF|0|0|0|0|0|0|0|0|0|0|0|0|0

P|HROCK2|10|SMELZ|0|8
S| |91000000|181000000| |VM|0|10500|0|0|0|0|0|0|0|0|0|0|0
S|JOENZ|26402911|-80720044| |DF|0|0|0|0|0|0|0|0|0|0|0|0|0
S|JOENZ|26402911|-80720044| |IF|0|0|0|0|0|0|0|0|0|0|0|0|0
S|HROCK|26508175|-80847286| |TF|0|0|0|0|0|0|0|0|0|0|0|0|0
S|HROCK|26508175|-80847286| |IF|0|0|0|0|0|0|0|0|0|0|0|0|0
S|THEUU|27050508|-81508500| |TF|0|0|0|0|0|0|0|0|0|0|0|0|0
S|GNARL|27459789|-81804494| |TF|0|0|0|0|0|0|0|0|0|0|0|0|0
S|SMELZ|28083056|-82109444| |TF|0|0|0|0|0|0|0|0|0|0|0|0|0

P|HROCK2|15|KPASA|0|8
S| |91000000|181000000| |VM|0|15000|0|0|0|0|0|0|0|0|0|0|0
S|JOENZ|26402911|-80720044| |DF|0|0|0|0|0|0|0|0|0|0|0|0|0
S|JOENZ|26402911|-80720044| |IF|0|0|0|0|0|0|0|0|0|0|0|0|0
S|HROCK|26508175|-80847286| |TF|0|0|0|0|0|0|0|0|0|0|0|0|0
S|HROCK|26508175|-80847286| |IF|0|0|0|0|0|0|0|0|0|0|0|0|0
S|BLAAK|27044281|-81336611| |TF|0|0|0|0|0|0|0|0|0|0|0|0|0
S|PYROS|27337411|-81522942| |TF|0|0|0|0|0|0|0|0|0|0|0|0|0
S|KPASA|28176111|-81907500| |TF|0|0|0|0|0|0|0|0|0|0|0|0|0

P|HROCK2|15|SMELZ|0|8
S| |91000000|181000000| |VM|0|15000|0|0|0|0|0|0|0|0|0|0|0
S|JOENZ|26402911|-80720044| |DF|0|0|0|0|0|0|0|0|0|0|0|0|0
S|JOENZ|26402911|-80720044| |IF|0|0|0|0|0|0|0|0|0|0|0|0|0
S|HROCK|26508175|-80847286| |TF|0|0|0|0|0|0|0|0|0|0|0|0|0
S|HROCK|26508175|-80847286| |IF|0|0|0|0|0|0|0|0|0|0|0|0|0
S|THEUU|27050508|-81508500| |TF|0|0|0|0|0|0|0|0|0|0|0|0|0
S|GNARL|27459789|-81804494| |TF|0|0|0|0|0|0|0|0|0|0|0|0|0
S|SMELZ|28083056|-82109444| |TF|0|0|0|0|0|0|0|0|0|0|0|0|0

P|HROCK2|24|KPASA|0|8
S| |91000000|181000000| |VM|0|24000|0|0|0|0|0|0|0|0|0|0|0
S|JOENZ|26402911|-80720044| |DF|0|0|0|0|0|0|0|0|0|0|0|0|0
S|JOENZ|26402911|-80720044| |IF|0|0|0|0|0|0|0|0|0|0|0|0|0
S|HROCK|26508175|-80847286| |TF|0|0|0|0|0|0|0|0|0|0|0|0|0
S|HROCK|26508175|-80847286| |IF|0|0|0|0|0|0|0|0|0|0|0|0|0
S|BLAAK|27044281|-81336611| |TF|0|0|0|0|0|0|0|0|0|0|0|0|0
S|PYROS|27337411|-81522942| |TF|0|0|0|0|0|0|0|0|0|0|0|0|0
S|KPASA|28176111|-81907500| |TF|0|0|0|0|0|0|0|0|0|0|0|0|0

P|HROCK2|24|SMELZ|0|8
S| |91000000|181000000| |VM|0|24000|0|0|0|0|0|0|0|0|0|0|0
S|JOENZ|26402911|-80720044| |DF|0|0|0|0|0|0|0|0|0|0|0|0|0
S|JOENZ|26402911|-80720044| |IF|0|0|0|0|0|0|0|0|0|0|0|0|0
S|HROCK|26508175|-80847286| |TF|0|0|0|0|0|0|0|0|0|0|0|0|0
S|HROCK|26508175|-80847286| |IF|0|0|0|0|0|0|0|0|0|0|0|0|0
S|THEUU|27050508|-81508500| |TF|0|0|0|0|0|0|0|0|0|0|0|0|0
S|GNARL|27459789|-81804494| |TF|0|0|0|0|0|0|0|0|0|0|0|0|0
S|SMELZ|28083056|-82109444| |TF|0|0|0|0|0|0|0|0|0|0|0|0|0

P|HROCK2|28|KPASA|0|8
S| |91000000|181000000| |VM|0|28500|0|0|0|0|0|0|0|0|0|0|0
S|JOENZ|26402911|-80720044| |DF|0|0|0|0|0|0|0|0|0|0|0|0|0
S|JOENZ|26402911|-80720044| |IF|0|0|0|0|0|0|0|0|0|0|0|0|0
S|HROCK|26508175|-80847286| |TF|0|0|0|0|0|0|0|0|0|0|0|0|0
S|HROCK|26508175|-80847286| |IF|0|0|0|0|0|0|0|0|0|0|0|0|0
S|BLAAK|27044281|-81336611| |TF|0|0|0|0|0|0|0|0|0|0|0|0|0
S|PYROS|27337411|-81522942| |TF|0|0|0|0|0|0|0|0|0|0|0|0|0
S|KPASA|28176111|-81907500| |TF|0|0|0|0|0|0|0|0|0|0|0|0|0

P|HROCK2|28|SMELZ|0|8
S| |91000000|181000000| |VM|0|28500|0|0|0|0|0|0|0|0|0|0|0
S|JOENZ|26402911|-80720044| |DF|0|0|0|0|0|0|0|0|0|0|0|0|0
S|JOENZ|26402911|-80720044| |IF|0|0|0|0|0|0|0|0|0|0|0|0|0
S|HROCK|26508175|-80847286| |TF|0|0|0|0|0|0|0|0|0|0|0|0|0
S|HROCK|26508175|-80847286| |IF|0|0|0|0|0|0|0|0|0|0|0|0|0
S|THEUU|27050508|-81508500| |TF|0|0|0|0|0|0|0|0|0|0|0|0|0
S|GNARL|27459789|-81804494| |TF|0|0|0|0|0|0|0|0|0|0|0|0|0
S|SMELZ|28083056|-82109444| |TF|0|0|0|0|0|0|0|0|0|0|0|0|0

P|HROCK2|33|KPASA|0|8
S| |91000000|181000000| |VM|0|33000|0|0|0|0|0|0|0|0|0|0|0
S|JOENZ|26402911|-80720044| |DF|0|0|0|0|0|0|0|0|0|0|0|0|0
S|JOENZ|26402911|-80720044| |IF|0|0|0|0|0|0|0|0|0|0|0|0|0
S|HROCK|26508175|-80847286| |TF|0|0|0|0|0|0|0|0|0|0|0|0|0
S|HROCK|26508175|-80847286| |IF|0|0|0|0|0|0|0|0|0|0|0|0|0
S|BLAAK|27044281|-81336611| |TF|0|0|0|0|0|0|0|0|0|0|0|0|0
S|PYROS|27337411|-81522942| |TF|0|0|0|0|0|0|0|0|0|0|0|0|0
S|KPASA|28176111|-81907500| |TF|0|0|0|0|0|0|0|0|0|0|0|0|0

P|HROCK2|33|SMELZ|0|8
S| |91000000|181000000| |VM|0|33000|0|0|0|0|0|0|0|0|0|0|0
S|JOENZ|26402911|-80720044| |DF|0|0|0|0|0|0|0|0|0|0|0|0|0
S|JOENZ|26402911|-80720044| |IF|0|0|0|0|0|0|0|0|0|0|0|0|0
S|HROCK|26508175|-80847286| |TF|0|0|0|0|0|0|0|0|0|0|0|0|0
S|HROCK|26508175|-80847286| |IF|0|0|0|0|0|0|0|0|0|0|0|0|0
S|THEUU|27050508|-81508500| |TF|0|0|0|0|0|0|0|0|0|0|0|0|0
S|GNARL|27459789|-81804494| |TF|0|0|0|0|0|0|0|0|0|0|0|0|0
S|SMELZ|28083056|-82109444| |TF|0|0|0|0|0|0|0|0|0|0|0|0|0

P|LIFRR2|06|BAIRN|0|8
S| |91000000|181000000| |VM|0|6000|0|0|0|0|0|0|0|0|0|0|0
S|LIFRR|26365897|-80354983| |DF|0|0|0|0|0|0|1|4000|0|0|0|0|0
S|LIFRR|26365897|-80354983| |IF|0|0|0|0|0|0|1|4000|0|0|0|0|0
S|BOBOE|26480200|-80384786| |TF|0|0|0|0|0|0|0|0|0|0|0|0|0
S|BOBOE|26480200|-80384786| |IF|0|0|0|0|0|0|0|0|0|0|0|0|0
S|DURRY|26729711|-80402569| |TF|0|0|0|0|0|0|0|0|0|0|0|0|0
S|CLEFF|27000919|-80543964| |TF|0|0|0|0|0|0|0|0|0|0|0|0|0
S|BAIRN|27947881|-81115097| |TF|0|0|0|0|0|0|0|0|0|0|0|0|0

P|LIFRR2|06|WIXED|0|8
S| |91000000|181000000| |VM|0|6000|0|0|0|0|0|0|0|0|0|0|0
S|LIFRR|26365897|-80354983| |DF|0|0|0|0|0|0|1|4000|0|0|0|0|0
S|LIFRR|26365897|-80354983| |IF|0|0|0|0|0|0|1|4000|0|0|0|0|0
S|BOBOE|26480200|-80384786| |TF|0|0|0|0|0|0|0|0|0|0|0|0|0
S|BOBOE|26480200|-80384786| |IF|0|0|0|0|0|0|0|0|0|0|0|0|0
S|DURRY|26729711|-80402569| |TF|0|0|0|0|0|0|0|0|0|0|0|0|0
S|CLEFF|27000919|-80543964| |TF|0|0|0|0|0|0|0|0|0|0|0|0|0
S|WIXED|27690239|-80499044| |TF|0|0|0|0|0|0|0|0|0|0|0|0|0

P|LIFRR2|10|BAIRN|0|8
S| |91000000|181000000| |VM|0|10500|0|0|0|0|0|0|0|0|0|0|0
S|LIFRR|26365897|-80354983| |DF|0|0|0|0|0|0|1|4000|0|0|0|0|0
S|LIFRR|26365897|-80354983| |IF|0|0|0|0|0|0|1|4000|0|0|0|0|0
S|BOBOE|26480200|-80384786| |TF|0|0|0|0|0|0|0|0|0|0|0|0|0
S|BOBOE|26480200|-80384786| |IF|0|0|0|0|0|0|0|0|0|0|0|0|0
S|DURRY|26729711|-80402569| |TF|0|0|0|0|0|0|0|0|0|0|0|0|0
S|CLEFF|27000919|-80543964| |TF|0|0|0|0|0|0|0|0|0|0|0|0|0
S|BAIRN|27947881|-81115097| |TF|0|0|0|0|0|0|0|0|0|0|0|0|0

P|LIFRR2|10|WIXED|0|8
S| |91000000|181000000| |VM|0|10500|0|0|0|0|0|0|0|0|0|0|0
S|LIFRR|26365897|-80354983| |DF|0|0|0|0|0|0|1|4000|0|0|0|0|0
S|LIFRR|26365897|-80354983| |IF|0|0|0|0|0|0|1|4000|0|0|0|0|0
S|BOBOE|26480200|-80384786| |TF|0|0|0|0|0|0|0|0|0|0|0|0|0
S|BOBOE|26480200|-80384786| |IF|0|0|0|0|0|0|0|0|0|0|0|0|0
S|DURRY|26729711|-80402569| |TF|0|0|0|0|0|0|0|0|0|0|0|0|0
S|CLEFF|27000919|-80543964| |TF|0|0|0|0|0|0|0|0|0|0|0|0|0
S|WIXED|27690239|-80499044| |TF|0|0|0|0|0|0|0|0|0|0|0|0|0

P|LIFRR2|15|BAIRN|0|8
S| |91000000|181000000| |VM|0|15000|0|0|0|0|0|0|0|0|0|0|0
S|LIFRR|26365897|-80354983| |DF|0|0|0|0|0|0|1|4000|0|0|0|0|0
S|LIFRR|26365897|-80354983| |IF|0|0|0|0|0|0|1|4000|0|0|0|0|0
S|BOBOE|26480200|-80384786| |TF|0|0|0|0|0|0|0|0|0|0|0|0|0
S|BOBOE|26480200|-80384786| |IF|0|0|0|0|0|0|0|0|0|0|0|0|0
S|DURRY|26729711|-80402569| |TF|0|0|0|0|0|0|0|0|0|0|0|0|0
S|CLEFF|27000919|-80543964| |TF|0|0|0|0|0|0|0|0|0|0|0|0|0
S|BAIRN|27947881|-81115097| |TF|0|0|0|0|0|0|0|0|0|0|0|0|0

P|LIFRR2|15|WIXED|0|8
S| |91000000|181000000| |VM|0|15000|0|0|0|0|0|0|0|0|0|0|0
S|LIFRR|26365897|-80354983| |DF|0|0|0|0|0|0|1|4000|0|0|0|0|0
S|LIFRR|26365897|-80354983| |IF|0|0|0|0|0|0|1|4000|0|0|0|0|0
S|BOBOE|26480200|-80384786| |TF|0|0|0|0|0|0|0|0|0|0|0|0|0
S|BOBOE|26480200|-80384786| |IF|0|0|0|0|0|0|0|0|0|0|0|0|0
S|DURRY|26729711|-80402569| |TF|0|0|0|0|0|0|0|0|0|0|0|0|0
S|CLEFF|27000919|-80543964| |TF|0|0|0|0|0|0|0|0|0|0|0|0|0
S|WIXED|27690239|-80499044| |TF|0|0|0|0|0|0|0|0|0|0|0|0|0

P|LIFRR2|24|BAIRN|0|8
S| |91000000|181000000| |VM|0|24000|0|0|0|0|0|0|0|0|0|0|0
S|LIFRR|26365897|-80354983| |DF|0|0|0|0|0|0|1|4000|0|0|0|0|0
S|LIFRR|26365897|-80354983| |IF|0|0|0|0|0|0|1|4000|0|0|0|0|0
S|BOBOE|26480200|-80384786| |TF|0|0|0|0|0|0|0|0|0|0|0|0|0
S|BOBOE|26480200|-80384786| |IF|0|0|0|0|0|0|0|0|0|0|0|0|0
S|DURRY|26729711|-80402569| |TF|0|0|0|0|0|0|0|0|0|0|0|0|0
S|CLEFF|27000919|-80543964| |TF|0|0|0|0|0|0|0|0|0|0|0|0|0
S|BAIRN|27947881|-81115097| |TF|0|0|0|0|0|0|0|0|0|0|0|0|0

P|LIFRR2|24|WIXED|0|8
S| |91000000|181000000| |VM|0|24000|0|0|0|0|0|0|0|0|0|0|0
S|LIFRR|26365897|-80354983| |DF|0|0|0|0|0|0|1|4000|0|0|0|0|0
S|LIFRR|26365897|-80354983| |IF|0|0|0|0|0|0|1|4000|0|0|0|0|0
S|BOBOE|26480200|-80384786| |TF|0|0|0|0|0|0|0|0|0|0|0|0|0
S|BOBOE|26480200|-80384786| |IF|0|0|0|0|0|0|0|0|0|0|0|0|0
S|DURRY|26729711|-80402569| |TF|0|0|0|0|0|0|0|0|0|0|0|0|0
S|CLEFF|27000919|-80543964| |TF|0|0|0|0|0|0|0|0|0|0|0|0|0
S|WIXED|27690239|-80499044| |TF|0|0|0|0|0|0|0|0|0|0|0|0|0

P|LIFRR2|28|BAIRN|0|8
S| |91000000|181000000| |VM|0|28500|0|0|0|0|0|0|0|0|0|0|0
S|LIFRR|26365897|-80354983| |DF|0|0|0|0|0|0|1|4000|0|0|0|0|0
S|LIFRR|26365897|-80354983| |IF|0|0|0|0|0|0|1|4000|0|0|0|0|0
S|BOBOE|26480200|-80384786| |TF|0|0|0|0|0|0|0|0|0|0|0|0|0
S|BOBOE|26480200|-80384786| |IF|0|0|0|0|0|0|0|0|0|0|0|0|0
S|DURRY|26729711|-80402569| |TF|0|0|0|0|0|0|0|0|0|0|0|0|0
S|CLEFF|27000919|-80543964| |TF|0|0|0|0|0|0|0|0|0|0|0|0|0
S|BAIRN|27947881|-81115097| |TF|0|0|0|0|0|0|0|0|0|0|0|0|0

P|LIFRR2|28|WIXED|0|8
S| |91000000|181000000| |VM|0|28500|0|0|0|0|0|0|0|0|0|0|0
S|LIFRR|26365897|-80354983| |DF|0|0|0|0|0|0|1|4000|0|0|0|0|0
S|LIFRR|26365897|-80354983| |IF|0|0|0|0|0|0|1|4000|0|0|0|0|0
S|BOBOE|26480200|-80384786| |TF|0|0|0|0|0|0|0|0|0|0|0|0|0
S|BOBOE|26480200|-80384786| |IF|0|0|0|0|0|0|0|0|0|0|0|0|0
S|DURRY|26729711|-80402569| |TF|0|0|0|0|0|0|0|0|0|0|0|0|0
S|CLEFF|27000919|-80543964| |TF|0|0|0|0|0|0|0|0|0|0|0|0|0
S|WIXED|27690239|-80499044| |TF|0|0|0|0|0|0|0|0|0|0|0|0|0

P|LIFRR2|33|BAIRN|0|8
S| |91000000|181000000| |VM|0|33000|0|0|0|0|0|0|0|0|0|0|0
S|LIFRR|26365897|-80354983| |DF|0|0|0|0|0|0|1|4000|0|0|0|0|0
S|LIFRR|26365897|-80354983| |IF|0|0|0|0|0|0|1|4000|0|0|0|0|0
S|BOBOE|26480200|-80384786| |TF|0|0|0|0|0|0|0|0|0|0|0|0|0
S|BOBOE|26480200|-80384786| |IF|0|0|0|0|0|0|0|0|0|0|0|0|0
S|DURRY|26729711|-80402569| |TF|0|0|0|0|0|0|0|0|0|0|0|0|0
S|CLEFF|27000919|-80543964| |TF|0|0|0|0|0|0|0|0|0|0|0|0|0
S|BAIRN|27947881|-81115097| |TF|0|0|0|0|0|0|0|0|0|0|0|0|0

P|LIFRR2|33|WIXED|0|8
S| |91000000|181000000| |VM|0|33000|0|0|0|0|0|0|0|0|0|0|0
S|LIFRR|26365897|-80354983| |DF|0|0|0|0|0|0|1|4000|0|0|0|0|0
S|LIFRR|26365897|-80354983| |IF|0|0|0|0|0|0|1|4000|0|0|0|0|0
S|BOBOE|26480200|-80384786| |TF|0|0|0|0|0|0|0|0|0|0|0|0|0
S|BOBOE|26480200|-80384786| |IF|0|0|0|0|0|0|0|0|0|0|0|0|0
S|DURRY|26729711|-80402569| |TF|0|0|0|0|0|0|0|0|0|0|0|0|0
S|CLEFF|27000919|-80543964| |TF|0|0|0|0|0|0|0|0|0|0|0|0|0
S|WIXED|27690239|-80499044| |TF|0|0|0|0|0|0|0|0|0|0|0|0|0

P|MAYNR3|ALL|CANOA|0|7
S|AUSTI|25234878|-80440483| |IF|0|0|0|0|0|0|1|5000|0|0|0|0|0
S|MAYNR|24819833|-80576122| |TF|0|0|0|0|0|0|0|0|0|0|0|0|0
S|MAYNR|24819833|-80576122| |IF|0|0|0|0|0|0|0|0|0|0|0|0|0
S|MCLAW|24563611|-81016667| |TF|0|0|0|0|0|0|0|0|0|0|0|0|0
S|SLIPT|24454761|-81664561| |TF|0|0|0|0|0|0|0|0|0|0|0|0|0
S|JABOX|24167283|-82325489| |TF|0|0|0|0|0|0|0|0|0|0|0|0|0
S|CANOA|24000000|-83050000| |TF|0|0|0|0|0|0|0|0|0|0|0|0|0

P|MAYNR3|ALL|FUNDI|0|5
S|AUSTI|25234878|-80440483| |IF|0|0|0|0|0|0|1|5000|0|0|0|0|0
S|MAYNR|24819833|-80576122| |TF|0|0|0|0|0|0|0|0|0|0|0|0|0
S|MAYNR|24819833|-80576122| |IF|0|0|0|0|0|0|0|0|0|0|0|0|0
S|MCLAW|24563611|-81016667| |TF|0|0|0|0|0|0|0|0|0|0|0|0|0
S|FUNDI|24000000|-81011944| |TF|0|0|0|0|0|0|0|0|0|0|0|0|0

P|MAYNR3|ALL|MAXIM|0|7
S|AUSTI|25234878|-80440483| |IF|0|0|0|0|0|0|1|5000|0|0|0|0|0
S|MAYNR|24819833|-80576122| |TF|0|0|0|0|0|0|0|0|0|0|0|0|0
S|MAYNR|24819833|-80576122| |IF|0|0|0|0|0|0|0|0|0|0|0|0|0
S|MCLAW|24563611|-81016667| |TF|0|0|0|0|0|0|0|0|0|0|0|0|0
S|SLIPT|24454761|-81664561| |TF|0|0|0|0|0|0|0|0|0|0|0|0|0
S|JABOX|24167283|-82325489| |TF|0|0|0|0|0|0|0|0|0|0|0|0|0
S|MAXIM|24000000|-82518814| |TF|0|0|0|0|0|0|0|0|0|0|0|0|0

