P|HOMAN4|13|RBL|0|5
S| |91000000|181000000| |CA|0|12600|0|0|0|0|1|910|0|0|0|0|0
S| |91000000|181000000| |VI|0|6600|0|0|0|0|0|0|0|0|0|0|0
S|HOMAN|40404967|-122129078|RDD|CF|0|11100|960|11070|900|0|1|4000|0|0|0|0|0
S|HOMAN|40404967|-122129078| |IF|0|0|0|0|0|0|1|4000|0|0|0|0|0
S|RBL|40098911|-122236350| |TF|0|0|0|0|0|0|0|0|0|0|0|0|0

P|HOMAN4|17|RBL|0|5
S| |91000000|181000000| |CA|0|16600|0|0|0|0|1|910|0|0|0|0|0
S| |91000000|181000000| |VI|1|6600|0|0|0|0|0|0|0|0|0|0|0
S|HOMAN|40404967|-122129078|RDD|CF|0|11100|960|11070|1000|0|1|4000|0|0|0|0|0
S|HOMAN|40404967|-122129078| |IF|0|0|0|0|0|0|1|4000|0|0|0|0|0
S|RBL|40098911|-122236350| |TF|0|0|0|0|0|0|0|0|0|0|0|0|0

P|HOMAN4|31|RBL|0|5
S| |91000000|181000000| |CA|0|30600|0|0|0|0|1|910|0|0|0|0|0
S| |91000000|181000000| |VI|2|15600|0|0|0|0|0|0|0|0|0|0|0
S|HOMAN|40404967|-122129078|RDD|CF|0|11100|960|11070|500|0|1|4000|0|0|0|0|0
S|HOMAN|40404967|-122129078| |IF|0|0|0|0|0|0|1|4000|0|0|0|0|0
S|RBL|40098911|-122236350| |TF|0|0|0|0|0|0|0|0|0|0|0|0|0

P|HOMAN4|35|RBL|0|5
S| |91000000|181000000| |CA|0|34600|0|0|0|0|1|910|0|0|0|0|0
S| |91000000|181000000| |VI|2|15600|0|0|0|0|0|0|0|0|0|0|0
S|HOMAN|40404967|-122129078|RDD|CF|0|11100|960|11070|500|0|1|4000|0|0|0|0|0
S|HOMAN|40404967|-122129078| |IF|0|0|0|0|0|0|1|4000|0|0|0|0|0
S|RBL|40098911|-122236350| |TF|0|0|0|0|0|0|0|0|0|0|0|0|0

P|KENDL5|13|FOT|0|6
S| |91000000|181000000| |VA|0|12600|0|0|0|0|1|910|0|0|0|0|0
S| |91000000|181000000| |VI|2|26400|0|0|0|0|0|0|0|0|0|0|0
S|KENDL|40455694|-122384583|RDD|CF|0|21700|520|21750|300|0|1|3000|0|0|0|0|0
S|KENDL|40455694|-122384583| |IF|0|0|0|0|0|0|1|3000|0|0|0|0|0
S|TOMAD|40254392|-122764114| |TF|0|0|0|0|0|0|1|7300|0|0|0|0|0
S|FOT|40671272|-124234536| |TF|0|0|0|0|0|0|0|0|0|0|0|0|0

P|KENDL5|13|RBL|0|5
S| |91000000|181000000| |VA|0|12600|0|0|0|0|1|910|0|0|0|0|0
S| |91000000|181000000| |VI|2|26400|0|0|0|0|0|0|0|0|0|0|0
S|KENDL|40455694|-122384583|RDD|CF|0|21700|520|21750|300|0|1|3000|0|0|0|0|0
S|KENDL|40455694|-122384583| |IF|0|0|0|0|0|0|1|3000|0|0|0|0|0
S|RBL|40098911|-122236350| |TF|0|0|0|0|0|0|0|0|0|0|0|0|0

P|KENDL5|17|FOT|0|6
S| |91000000|181000000| |VA|0|16600|0|0|0|0|1|910|0|0|0|0|0
S| |91000000|181000000| |VI|2|26400|0|0|0|0|0|0|0|0|0|0|0
S|KENDL|40455694|-122384583|RDD|CF|0|21700|520|21750|500|0|1|3000|0|0|0|0|0
S|KENDL|40455694|-122384583| |IF|0|0|0|0|0|0|1|3000|0|0|0|0|0
S|TOMAD|40254392|-122764114| |TF|0|0|0|0|0|0|1|7300|0|0|0|0|0
S|FOT|40671272|-124234536| |TF|0|0|0|0|0|0|0|0|0|0|0|0|0

P|KENDL5|17|RBL|0|5
S| |91000000|181000000| |VA|0|16600|0|0|0|0|1|910|0|0|0|0|0
S| |91000000|181000000| |VI|2|26400|0|0|0|0|0|0|0|0|0|0|0
S|KENDL|40455694|-122384583|RDD|CF|0|21700|520|21750|500|0|1|3000|0|0|0|0|0
S|KENDL|40455694|-122384583| |IF|0|0|0|0|0|0|1|3000|0|0|0|0|0
S|RBL|40098911|-122236350| |TF|0|0|0|0|0|0|0|0|0|0|0|0|0

P|KENDL5|31|FOT|0|6
S| |91000000|181000000| |VA|0|30600|0|0|0|0|1|910|0|0|0|0|0
S|RDD|40504561|-122291700| |DF|2|0|0|0|0|0|0|0|0|0|0|0|0
S|KENDL|40455694|-122384583| |TF|0|0|0|0|0|0|1|3000|0|0|0|0|0
S|KENDL|40455694|-122384583| |IF|0|0|0|0|0|0|1|3000|0|0|0|0|0
S|TOMAD|40254392|-122764114| |TF|0|0|0|0|0|0|1|7300|0|0|0|0|0
S|FOT|40671272|-124234536| |TF|0|0|0|0|0|0|0|0|0|0|0|0|0

P|KENDL5|31|RBL|0|5
S| |91000000|181000000| |VA|0|30600|0|0|0|0|1|910|0|0|0|0|0
S|RDD|40504561|-122291700| |DF|2|0|0|0|0|0|0|0|0|0|0|0|0
S|KENDL|40455694|-122384583| |TF|0|0|0|0|0|0|1|3000|0|0|0|0|0
S|KENDL|40455694|-122384583| |IF|0|0|0|0|0|0|1|3000|0|0|0|0|0
S|RBL|40098911|-122236350| |TF|0|0|0|0|0|0|0|0|0|0|0|0|0

P|KENDL5|35|FOT|0|6
S| |91000000|181000000| |VA|0|34600|0|0|0|0|1|910|0|0|0|0|0
S|RDD|40504561|-122291700| |DF|2|0|0|0|0|0|0|0|0|0|0|0|0
S|KENDL|40455694|-122384583| |TF|0|0|0|0|0|0|1|3000|0|0|0|0|0
S|KENDL|40455694|-122384583| |IF|0|0|0|0|0|0|1|3000|0|0|0|0|0
S|TOMAD|40254392|-122764114| |TF|0|0|0|0|0|0|1|7300|0|0|0|0|0
S|FOT|40671272|-124234536| |TF|0|0|0|0|0|0|0|0|0|0|0|0|0

P|KENDL5|35|RBL|0|5
S| |91000000|181000000| |VA|0|34600|0|0|0|0|1|910|0|0|0|0|0
S|RDD|40504561|-122291700| |DF|2|0|0|0|0|0|0|0|0|0|0|0|0
S|KENDL|40455694|-122384583| |TF|0|0|0|0|0|0|1|3000|0|0|0|0|0
S|KENDL|40455694|-122384583| |IF|0|0|0|0|0|0|1|3000|0|0|0|0|0
S|RBL|40098911|-122236350| |TF|0|0|0|0|0|0|0|0|0|0|0|0|0

P|KREST3|13|ITMOR|0|5
S| |91000000|181000000| |CA|0|12600|0|0|0|0|1|910|0|0|0|0|0
S| |91000000|181000000| |VI|1|31000|0|0|0|0|0|0|0|0|0|0|0
S|KREST|40699558|-122232575|RDD|CF|0|35500|1200|35500|800|0|1|4000|0|0|0|0|0
S|KREST|40699558|-122232575| |IF|0|0|0|0|0|0|1|4000|0|0|0|0|0
S|ITMOR|40597875|-122060914|RDD|AF|2|35500|1200|4400|0|0|1|7000|0|0|0|0|0

P|KREST3|13|SHATA|0|5
S| |91000000|181000000| |CA|0|12600|0|0|0|0|1|910|0|0|0|0|0
S| |91000000|181000000| |VI|1|31000|0|0|0|0|0|0|0|0|0|0|0
S|KREST|40699558|-122232575|RDD|CF|0|35500|1200|35500|800|0|1|4000|0|0|0|0|0
S|KREST|40699558|-122232575| |IF|0|0|0|0|0|0|1|4000|0|0|0|0|0
S|SHATA|40653350|-122467369|RDD|AF|1|35500|1200|30010|0|0|1|8000|0|0|0|0|0

P|KREST3|13|TOMAD|0|7
S| |91000000|181000000| |CA|0|12600|0|0|0|0|1|910|0|0|0|0|0
S| |91000000|181000000| |VI|1|31000|0|0|0|0|0|0|0|0|0|0|0
S|KREST|40699558|-122232575|RDD|CF|0|35500|1200|35500|800|0|1|4000|0|0|0|0|0
S|KREST|40699558|-122232575| |IF|0|0|0|0|0|0|1|4000|0|0|0|0|0
S|SHATA|40653350|-122467369|RDD|AF|1|35500|1200|30010|0|0|0|0|0|0|0|0|0
S|SIPJY|40390833|-122507333|RDD|AF|1|30000|1200|21750|0|0|0|0|0|0|0|0|0
S|TOMAD|40254392|-122764114|RDD|CF|0|21700|2640|21750|1400|0|0|0|0|0|0|0|0

P|KREST3|17|ITMOR|0|5
S| |91000000|181000000| |CA|0|16600|0|0|0|0|1|910|0|0|0|0|0
S| |91000000|181000000| |VI|1|31000|0|0|0|0|0|0|0|0|0|0|0
S|KREST|40699558|-122232575|RDD|CF|0|35500|1200|35500|800|0|1|4000|0|0|0|0|0
S|KREST|40699558|-122232575| |IF|0|0|0|0|0|0|1|4000|0|0|0|0|0
S|ITMOR|40597875|-122060914|RDD|AF|2|35500|1200|4400|0|0|1|7000|0|0|0|0|0

P|KREST3|17|SHATA|0|5
S| |91000000|181000000| |CA|0|16600|0|0|0|0|1|910|0|0|0|0|0
S| |91000000|181000000| |VI|1|31000|0|0|0|0|0|0|0|0|0|0|0
S|KREST|40699558|-122232575|RDD|CF|0|35500|1200|35500|800|0|1|4000|0|0|0|0|0
S|KREST|40699558|-122232575| |IF|0|0|0|0|0|0|1|4000|0|0|0|0|0
S|SHATA|40653350|-122467369|RDD|AF|1|35500|1200|30010|0|0|1|8000|0|0|0|0|0

P|KREST3|17|TOMAD|0|7
S| |91000000|181000000| |CA|0|16600|0|0|0|0|1|910|0|0|0|0|0
S| |91000000|181000000| |VI|1|31000|0|0|0|0|0|0|0|0|0|0|0
S|KREST|40699558|-122232575|RDD|CF|0|35500|1200|35500|800|0|1|4000|0|0|0|0|0
S|KREST|40699558|-122232575| |IF|0|0|0|0|0|0|1|4000|0|0|0|0|0
S|SHATA|40653350|-122467369|RDD|AF|1|35500|1200|30010|0|0|0|0|0|0|0|0|0
S|SIPJY|40390833|-122507333|RDD|AF|1|30000|1200|21750|0|0|0|0|0|0|0|0|0
S|TOMAD|40254392|-122764114|RDD|CF|0|21700|2640|21750|1400|0|0|0|0|0|0|0|0

P|KREST3|31|ITMOR|0|4
S| |91000000|181000000| |CA|0|30600|0|0|0|0|1|910|0|0|0|0|0
S|KREST|40699558|-122232575|RDD|CF|0|35500|1200|35500|1100|0|1|4000|0|0|0|0|0
S|KREST|40699558|-122232575| |IF|0|0|0|0|0|0|1|4000|0|0|0|0|0
S|ITMOR|40597875|-122060914|RDD|AF|2|35500|1200|4400|0|0|1|7000|0|0|0|0|0

P|KREST3|31|SHATA|0|4
S| |91000000|181000000| |CA|0|30600|0|0|0|0|1|910|0|0|0|0|0
S|KREST|40699558|-122232575|RDD|CF|0|35500|1200|35500|1100|0|1|4000|0|0|0|0|0
S|KREST|40699558|-122232575| |IF|0|0|0|0|0|0|1|4000|0|0|0|0|0
S|SHATA|40653350|-122467369|RDD|AF|1|35500|1200|30010|0|0|1|8000|0|0|0|0|0

P|KREST3|31|TOMAD|0|6
S| |91000000|181000000| |CA|0|30600|0|0|0|0|1|910|0|0|0|0|0
S|KREST|40699558|-122232575|RDD|CF|0|35500|1200|35500|1100|0|1|4000|0|0|0|0|0
S|KREST|40699558|-122232575| |IF|0|0|0|0|0|0|1|4000|0|0|0|0|0
S|SHATA|40653350|-122467369|RDD|AF|1|35500|1200|30010|0|0|0|0|0|0|0|0|0
S|SIPJY|40390833|-122507333|RDD|AF|1|30000|1200|21750|0|0|0|0|0|0|0|0|0
S|TOMAD|40254392|-122764114|RDD|CF|0|21700|2640|21750|1400|0|0|0|0|0|0|0|0

P|KREST3|35|ITMOR|0|4
S| |91000000|181000000| |CA|0|34600|0|0|0|0|1|910|0|0|0|0|0
S|KREST|40699558|-122232575|RDD|CF|0|35500|1200|35500|1100|0|1|4000|0|0|0|0|0
S|KREST|40699558|-122232575| |IF|0|0|0|0|0|0|1|4000|0|0|0|0|0
S|ITMOR|40597875|-122060914|RDD|AF|2|35500|1200|4400|0|0|1|7000|0|0|0|0|0

P|KREST3|35|SHATA|0|4
S| |91000000|181000000| |CA|0|34600|0|0|0|0|1|910|0|0|0|0|0
S|KREST|40699558|-122232575|RDD|CF|0|35500|1200|35500|1100|0|1|4000|0|0|0|0|0
S|KREST|40699558|-122232575| |IF|0|0|0|0|0|0|1|4000|0|0|0|0|0
S|SHATA|40653350|-122467369|RDD|AF|1|35500|1200|30010|0|0|1|8000|0|0|0|0|0

P|KREST3|35|TOMAD|0|6
S| |91000000|181000000| |CA|0|34600|0|0|0|0|1|910|0|0|0|0|0
S|KREST|40699558|-122232575|RDD|CF|0|35500|1200|35500|1100|0|1|4000|0|0|0|0|0
S|KREST|40699558|-122232575| |IF|0|0|0|0|0|0|1|4000|0|0|0|0|0
S|SHATA|40653350|-122467369|RDD|AF|1|35500|1200|30010|0|0|0|0|0|0|0|0|0
S|SIPJY|40390833|-122507333|RDD|AF|1|30000|1200|21750|0|0|0|0|0|0|0|0|0
S|TOMAD|40254392|-122764114|RDD|CF|0|21700|2640|21750|1400|0|0|0|0|0|0|0|0

P|SHA5|13| |0|2
S| |91000000|181000000| |VA|0|12600|0|0|0|0|1|910|0|0|0|0|0
S| |91000000|181000000| |VM|0|12600|0|0|0|0|0|0|0|0|0|0|0

P|SHA5|17| |0|2
S| |91000000|181000000| |VA|0|16600|0|0|0|0|1|910|0|0|0|0|0
S| |91000000|181000000| |VM|0|16600|0|0|0|0|0|0|0|0|0|0|0

P|SHA5|31| |0|2
S| |91000000|181000000| |VA|0|30600|0|0|0|0|1|910|0|0|0|0|0
S| |91000000|181000000| |VM|0|30600|0|0|0|0|0|0|0|0|0|0|0

P|SHA5|35| |0|2
S| |91000000|181000000| |VA|0|34600|0|0|0|0|1|910|0|0|0|0|0
S| |91000000|181000000| |VM|0|34600|0|0|0|0|0|0|0|0|0|0|0

