P|EDUKY5|08|EDUKY|0|3
S| |91000000|181000000| |VI|0|7800|0|0|0|0|0|0|0|0|0|0|0
S|SLOLM|39296814|-107627750|RIL|CF|0|16200|1450|15290|1400|0|0|0|0|0|0|0|0
S|EDUKY|39200664|-108107606| |TF|0|0|0|0|0|0|0|0|0|0|0|0|0

P|SQUAT5|26|SQUAT|0|3
S|GNBRL|39524222|-107839425|RIL|CF|0|25800|560|25750|580|0|0|0|0|0|0|0|0
S|YIRDU|39454553|-108017858| |TF|0|0|0|0|0|0|0|0|0|0|0|0|0
S|SQUAT|39310622|-108222639| |TF|0|0|0|0|0|0|0|0|0|0|0|0|0

P|UYRIG5|08|DBL|0|5
S| |91000000|181000000| |VI|0|7800|0|0|0|0|0|0|0|0|0|0|0
S|TALJE|39566678|-107499981|RIL|CF|0|6400|1050|6720|830|0|0|0|0|0|0|0|0
S|UYRIG|39534681|-107262339| |TF|0|0|0|0|0|0|0|0|0|0|0|0|0
S|UYRIG|39534681|-107262339| |IF|0|0|0|0|0|0|0|0|0|0|0|0|0
S|DBL|39439344|-106894681| |TF|0|0|0|0|0|0|0|0|0|0|0|0|0

P|UYRIG5|08|SXW|0|5
S| |91000000|181000000| |VI|0|7800|0|0|0|0|0|0|0|0|0|0|0
S|TALJE|39566678|-107499981|RIL|CF|0|6400|1050|6720|830|0|0|0|0|0|0|0|0
S|UYRIG|39534681|-107262339| |TF|0|0|0|0|0|0|0|0|0|0|0|0|0
S|UYRIG|39534681|-107262339| |IF|0|0|0|0|0|0|0|0|0|0|0|0|0
S|SXW|39629478|-106991169| |TF|0|0|0|0|0|0|0|0|0|0|0|0|0

