P|TUL1|01L| |0|2
S| |91000000|181000000| |VA|0|1000|0|0|0|0|1|1500|0|0|0|0|0
S| |91000000|181000000| |VM|0|1000|0|0|0|0|0|0|0|0|0|0|0

P|TUL1|01R| |0|2
S| |91000000|181000000| |VA|0|1000|0|0|0|0|1|1500|0|0|0|0|0
S| |91000000|181000000| |VM|0|1000|0|0|0|0|0|0|0|0|0|0|0

P|TUL1|13| |0|2
S| |91000000|181000000| |VA|0|13000|0|0|0|0|1|1500|0|0|0|0|0
S| |91000000|181000000| |VM|0|13000|0|0|0|0|0|0|0|0|0|0|0

P|TUL1|19L| |0|2
S| |91000000|181000000| |VA|0|19000|0|0|0|0|1|1500|0|0|0|0|0
S| |91000000|181000000| |VM|0|19000|0|0|0|0|0|0|0|0|0|0|0

P|TUL1|19R| |0|2
S| |91000000|181000000| |VA|0|19000|0|0|0|0|1|1500|0|0|0|0|0
S| |91000000|181000000| |VM|0|19000|0|0|0|0|0|0|0|0|0|0|0

P|TUL1|31| |0|3
S| |91000000|181000000| |CA|0|31000|0|0|0|0|1|1040|0|0|0|0|0
S| |91000000|181000000| |VA|0|29500|0|0|0|0|1|1500|0|0|0|0|0
S| |91000000|181000000| |VM|0|29500|0|0|0|0|0|0|0|0|0|0|0

