P|EEVAA1|17L|SHIPR|0|7
S| |91000000|181000000| |VA|0|17000|0|0|0|0|1|1020|0|0|0|0|0
S|DROPA|38084003|-85696106| |DF|0|0|0|0|0|230|1|2500|0|0|0|0|0
S|ROARY|37995867|-85582125| |TF|0|0|0|0|0|0|0|0|0|0|0|0|0
S|EEVAA|37956689|-85289622| |TF|0|0|0|0|0|0|1|12000|0|0|0|0|0
S|EEVAA|37956689|-85289622| |IF|0|0|0|0|0|0|1|12000|0|0|0|0|0
S|CHALI|37916378|-85050150| |TF|0|0|0|0|0|0|0|0|0|0|0|0|0
S|SHIPR|37966642|-84474581| |TF|0|0|0|0|0|0|0|0|0|0|0|0|0

P|EEVAA1|17R|SHIPR|0|7
S| |91000000|181000000| |VI|0|17000|0|0|0|0|0|0|0|0|0|0|0
S|EAZIE|38028514|-85733575|ROD|CF|0|18500|15670|21580|650|0|0|0|0|0|0|0|0
S|WWODY|37963603|-85689597| |TF|0|0|0|0|0|0|0|0|0|0|0|0|0
S|EEVAA|37956689|-85289622| |TF|0|0|0|0|0|0|1|12000|0|0|0|0|0
S|EEVAA|37956689|-85289622| |IF|0|0|0|0|0|0|1|12000|0|0|0|0|0
S|CHALI|37916378|-85050150| |TF|0|0|0|0|0|0|0|0|0|0|0|0|0
S|SHIPR|37966642|-84474581| |TF|0|0|0|0|0|0|0|0|0|0|0|0|0

P|EEVAA1|29|SHIPR|0|9
S| |91000000|181000000| |VI|0|29600|0|0|0|0|0|0|0|0|0|0|0
S|GADSN|38183986|-85830514|ROD|CF|0|27200|15120|21900|290|0|0|0|0|0|0|0|0
S|LUUKE|38178922|-85900614| |TF|0|0|0|0|0|0|1|4000|0|0|0|0|0
S|PEANT|38073561|-85904617| |TF|0|0|0|0|0|0|0|0|0|0|0|0|0
S|FEEBE|37997108|-85591481| |TF|0|0|0|0|0|0|1|8000|0|0|0|0|0
S|EEVAA|37956689|-85289622| |TF|0|0|0|0|0|0|1|12000|0|0|0|0|0
S|EEVAA|37956689|-85289622| |IF|0|0|0|0|0|0|1|12000|0|0|0|0|0
S|CHALI|37916378|-85050150| |TF|0|0|0|0|0|0|0|0|0|0|0|0|0
S|SHIPR|37966642|-84474581| |TF|0|0|0|0|0|0|0|0|0|0|0|0|0

P|EEVAA1|35L|SHIPR|0|9
S| |91000000|181000000| |VI|0|35000|0|0|0|0|0|0|0|0|0|0|0
S|RRROE|38287039|-85815883|ROD|CF|0|33500|14560|22010|580|0|0|0|0|0|0|0|0
S|BUDDR|38333436|-85725164| |TF|0|0|0|0|0|0|0|0|0|0|0|0|0
S|FLEYE|38307658|-85644589| |TF|0|0|0|0|0|0|0|0|0|0|0|0|0
S|KOBEZ|38238333|-85582778| |TF|0|0|0|0|0|250|1|8000|0|0|0|0|0
S|EEVAA|37956689|-85289622| |TF|0|0|0|0|0|0|1|12000|0|0|0|0|0
S|EEVAA|37956689|-85289622| |IF|0|0|0|0|0|0|1|12000|0|0|0|0|0
S|CHALI|37916378|-85050150| |TF|0|0|0|0|0|0|0|0|0|0|0|0|0
S|SHIPR|37966642|-84474581| |TF|0|0|0|0|0|0|0|0|0|0|0|0|0

P|EEVAA1|35R|SHIPR|0|8
S| |91000000|181000000| |VA|0|35000|0|0|0|0|1|1020|0|0|0|0|0
S|BAALK|38258797|-85755792| |DF|0|0|0|0|0|0|0|0|0|0|0|0|0
S|SIXMI|38309478|-85656781| |TF|0|0|0|0|0|0|0|0|0|0|0|0|0
S|KOBEZ|38238333|-85582778| |TF|0|0|0|0|0|250|1|8000|0|0|0|0|0
S|EEVAA|37956689|-85289622| |TF|0|0|0|0|0|0|1|12000|0|0|0|0|0
S|EEVAA|37956689|-85289622| |IF|0|0|0|0|0|0|1|12000|0|0|0|0|0
S|CHALI|37916378|-85050150| |TF|0|0|0|0|0|0|0|0|0|0|0|0|0
S|SHIPR|37966642|-84474581| |TF|0|0|0|0|0|0|0|0|0|0|0|0|0

P|GTGON1|17L|TERGE|0|9
S| |91000000|181000000| |VA|0|17000|0|0|0|0|1|1020|0|0|0|0|0
S|DROPA|38084003|-85696106| |DF|0|0|0|0|0|230|1|2500|0|0|0|0|0
S|DUNNZ|38064439|-85787789| |TF|0|0|0|0|0|0|1|4000|0|0|0|0|0
S|ONMEE|38074658|-85904042| |TF|0|0|0|0|0|0|0|0|0|0|0|0|0
S|GNZOH|38060903|-86124642| |TF|0|0|0|0|0|0|1|12000|0|0|0|0|0
S|GTGON|38026239|-86581050| |TF|0|0|0|0|0|0|0|0|0|0|0|0|0
S|GTGON|38026239|-86581050| |IF|0|0|0|0|0|0|0|0|0|0|0|0|0
S|APALO|38005719|-86859797| |TF|0|0|0|0|0|0|0|0|0|0|0|0|0
S|TERGE|37928464|-87762275| |TF|0|0|0|0|0|0|0|0|0|0|0|0|0

P|GTGON1|17R|TERGE|0|9
S| |91000000|181000000| |VI|0|17000|0|0|0|0|0|0|0|0|0|0|0
S|WININ|38057333|-85733192|ROD|CF|0|18500|15520|21610|480|230|1|2500|0|0|0|0|0
S|REECE|38057433|-85828211| |TF|0|0|0|0|0|0|1|4000|0|0|0|0|0
S|ONMEE|38074658|-85904042| |TF|0|0|0|0|0|0|0|0|0|0|0|0|0
S|GNZOH|38060903|-86124642| |TF|0|0|0|0|0|0|1|12000|0|0|0|0|0
S|GTGON|38026239|-86581050| |TF|0|0|0|0|0|0|0|0|0|0|0|0|0
S|GTGON|38026239|-86581050| |IF|0|0|0|0|0|0|0|0|0|0|0|0|0
S|APALO|38005719|-86859797| |TF|0|0|0|0|0|0|0|0|0|0|0|0|0
S|TERGE|37928464|-87762275| |TF|0|0|0|0|0|0|0|0|0|0|0|0|0

P|GTGON1|29|TERGE|0|7
S| |91000000|181000000| |VI|0|29600|0|0|0|0|0|0|0|0|0|0|0
S|GADSN|38183986|-85830514|ROD|CF|0|27200|15120|21900|290|0|0|0|0|0|0|0|0
S|LUUKE|38178922|-85900614| |TF|0|0|0|0|0|0|0|0|0|0|0|0|0
S|GTGON|38026239|-86581050| |TF|0|0|0|0|0|0|0|0|0|0|0|0|0
S|GTGON|38026239|-86581050| |IF|0|0|0|0|0|0|0|0|0|0|0|0|0
S|APALO|38005719|-86859797| |TF|0|0|0|0|0|0|0|0|0|0|0|0|0
S|TERGE|37928464|-87762275| |TF|0|0|0|0|0|0|0|0|0|0|0|0|0

P|GTGON1|35L|TERGE|0|8
S| |91000000|181000000| |VI|0|35000|0|0|0|0|0|0|0|0|0|0|0
S|RRROE|38287039|-85815883|ROD|CF|0|33500|14560|22010|580|0|0|0|0|0|0|0|0
S|BUHBA|38282914|-85898519| |TF|0|0|0|0|0|0|1|4000|0|0|0|0|0
S|ERLWN|38212119|-85964647| |TF|0|0|0|0|0|0|1|8000|0|0|0|0|0
S|GTGON|38026239|-86581050| |TF|0|0|0|0|0|0|0|0|0|0|0|0|0
S|GTGON|38026239|-86581050| |IF|0|0|0|0|0|0|0|0|0|0|0|0|0
S|APALO|38005719|-86859797| |TF|0|0|0|0|0|0|0|0|0|0|0|0|0
S|TERGE|37928464|-87762275| |TF|0|0|0|0|0|0|0|0|0|0|0|0|0

P|GTGON1|35R|TERGE|0|9
S| |91000000|181000000| |VA|0|35000|0|0|0|0|1|1020|0|0|0|0|0
S|BAALK|38258797|-85755792| |DF|0|0|0|0|0|0|0|0|0|0|0|0|0
S|SLATY|38293556|-85792806| |TF|0|0|0|0|0|230|1|2500|0|0|0|0|0
S|BUHBA|38282914|-85898519| |TF|0|0|0|0|0|0|1|4000|0|0|0|0|0
S|ERLWN|38212119|-85964647| |TF|0|0|0|0|0|0|1|8000|0|0|0|0|0
S|GTGON|38026239|-86581050| |TF|0|0|0|0|0|0|0|0|0|0|0|0|0
S|GTGON|38026239|-86581050| |IF|0|0|0|0|0|0|0|0|0|0|0|0|0
S|APALO|38005719|-86859797| |TF|0|0|0|0|0|0|0|0|0|0|0|0|0
S|TERGE|37928464|-87762275| |TF|0|0|0|0|0|0|0|0|0|0|0|0|0

P|HIDEY1|17L|RAMRD|0|7
S| |91000000|181000000| |VA|0|17000|0|0|0|0|1|1020|0|0|0|0|0
S|DROPA|38084003|-85696106| |DF|0|0|0|0|0|230|1|2500|0|0|0|0|0
S|LURVL|38020761|-85614278| |TF|0|0|0|0|0|0|0|0|0|0|0|0|0
S|MERJS|37707992|-85629956| |TF|0|0|0|0|0|0|0|0|0|0|0|0|0
S|HIDEY|37434731|-86312694| |TF|0|0|0|0|0|0|0|0|0|0|0|0|0
S|HIDEY|37434731|-86312694| |IF|0|0|0|0|0|0|0|0|0|0|0|0|0
S|RAMRD|36928900|-86443494| |TF|0|0|0|0|0|0|0|0|0|0|0|0|0

P|HIDEY1|17R|RAMRD|0|7
S| |91000000|181000000| |VI|0|17000|0|0|0|0|0|0|0|0|0|0|0
S|EAZIE|38028514|-85733575|ROD|CF|0|18500|15670|21580|650|0|0|0|0|0|0|0|0
S|WWODY|37963603|-85689597| |TF|0|0|0|0|0|0|0|0|0|0|0|0|0
S|MERJS|37707992|-85629956| |TF|0|0|0|0|0|0|0|0|0|0|0|0|0
S|HIDEY|37434731|-86312694| |TF|0|0|0|0|0|0|0|0|0|0|0|0|0
S|HIDEY|37434731|-86312694| |IF|0|0|0|0|0|0|0|0|0|0|0|0|0
S|RAMRD|36928900|-86443494| |TF|0|0|0|0|0|0|0|0|0|0|0|0|0

P|HIDEY1|29|RAMRD|0|8
S| |91000000|181000000| |VI|0|29600|0|0|0|0|0|0|0|0|0|0|0
S|GADSN|38183986|-85830514|ROD|CF|0|27200|15120|21900|290|0|0|0|0|0|0|0|0
S|LUUKE|38178922|-85900614| |TF|0|0|0|0|0|0|1|4000|0|0|0|0|0
S|MSTRA|38065000|-86053611| |TF|0|0|0|0|0|0|0|0|0|0|0|0|0
S|STEFD|37906492|-86119208| |TF|0|0|0|0|0|0|1|13000|0|0|0|0|0
S|HIDEY|37434731|-86312694| |TF|0|0|0|0|0|0|0|0|0|0|0|0|0
S|HIDEY|37434731|-86312694| |IF|0|0|0|0|0|0|0|0|0|0|0|0|0
S|RAMRD|36928900|-86443494| |TF|0|0|0|0|0|0|0|0|0|0|0|0|0

P|HIDEY1|35L|RAMRD|0|8
S| |91000000|181000000| |VI|0|35000|0|0|0|0|0|0|0|0|0|0|0
S|RRROE|38287039|-85815883|ROD|CF|0|33500|14560|22010|580|0|0|0|0|0|0|0|0
S|BUHBA|38282914|-85898519| |TF|0|0|0|0|0|0|1|4000|0|0|0|0|0
S|ERLWN|38212119|-85964647| |TF|0|0|0|0|0|0|1|8000|0|0|0|0|0
S|MSTRA|38065000|-86053611| |TF|0|0|0|0|0|0|0|0|0|0|0|0|0
S|HIDEY|37434731|-86312694| |TF|0|0|0|0|0|0|0|0|0|0|0|0|0
S|HIDEY|37434731|-86312694| |IF|0|0|0|0|0|0|0|0|0|0|0|0|0
S|RAMRD|36928900|-86443494| |TF|0|0|0|0|0|0|0|0|0|0|0|0|0

P|HIDEY1|35R|RAMRD|0|9
S| |91000000|181000000| |VA|0|35000|0|0|0|0|1|1020|0|0|0|0|0
S|BAALK|38258797|-85755792| |DF|0|0|0|0|0|0|0|0|0|0|0|0|0
S|SIXMI|38309478|-85656781| |TF|0|0|0|0|0|0|0|0|0|0|0|0|0
S|KOBEZ|38238333|-85582778| |TF|0|0|0|0|0|250|1|8000|0|0|0|0|0
S|JADDR|37926133|-85546703| |TF|0|0|0|0|0|0|0|0|0|0|0|0|0
S|MERJS|37707992|-85629956| |TF|0|0|0|0|0|0|0|0|0|0|0|0|0
S|HIDEY|37434731|-86312694| |TF|0|0|0|0|0|0|0|0|0|0|0|0|0
S|HIDEY|37434731|-86312694| |IF|0|0|0|0|0|0|0|0|0|0|0|0|0
S|RAMRD|36928900|-86443494| |TF|0|0|0|0|0|0|0|0|0|0|0|0|0

P|LLIZY1|17L|DAAVE|0|9
S| |91000000|181000000| |VA|0|17000|0|0|0|0|1|1020|0|0|0|0|0
S|DROPA|38084003|-85696106| |DF|0|0|0|0|0|230|1|2500|0|0|0|0|0
S|DUNNZ|38064439|-85787789| |TF|0|0|0|0|0|0|1|4000|0|0|0|0|0
S|ONMEE|38074658|-85904042| |TF|0|0|0|0|0|0|0|0|0|0|0|0|0
S|MSTRA|38065000|-86053611| |TF|0|0|0|0|0|0|1|10000|0|0|0|0|0
S|LLIZY|38153231|-86518408| |TF|0|0|0|0|0|0|0|0|0|0|0|0|0
S|LLIZY|38153231|-86518408| |IF|0|0|0|0|0|0|0|0|0|0|0|0|0
S|GUMMI|38139986|-86749572| |TF|0|0|0|0|0|0|0|0|0|0|0|0|0
S|DAAVE|38415631|-89053111| |TF|0|0|0|0|0|0|0|0|0|0|0|0|0

P|LLIZY1|17R|DAAVE|0|9
S| |91000000|181000000| |VI|0|17000|0|0|0|0|0|0|0|0|0|0|0
S|WININ|38057333|-85733192|ROD|CF|0|18500|15520|21610|480|230|1|2500|0|0|0|0|0
S|REECE|38057433|-85828211| |TF|0|0|0|0|0|0|1|4000|0|0|0|0|0
S|ONMEE|38074658|-85904042| |TF|0|0|0|0|0|0|0|0|0|0|0|0|0
S|MSTRA|38065000|-86053611| |TF|0|0|0|0|0|0|1|10000|0|0|0|0|0
S|LLIZY|38153231|-86518408| |TF|0|0|0|0|0|0|0|0|0|0|0|0|0
S|LLIZY|38153231|-86518408| |IF|0|0|0|0|0|0|0|0|0|0|0|0|0
S|GUMMI|38139986|-86749572| |TF|0|0|0|0|0|0|0|0|0|0|0|0|0
S|DAAVE|38415631|-89053111| |TF|0|0|0|0|0|0|0|0|0|0|0|0|0

P|LLIZY1|29|DAAVE|0|7
S| |91000000|181000000| |VI|0|29600|0|0|0|0|0|0|0|0|0|0|0
S|GADSN|38183986|-85830514|ROD|CF|0|27200|15120|21900|290|0|0|0|0|0|0|0|0
S|LUUKE|38178922|-85900614| |TF|0|0|0|0|0|0|0|0|0|0|0|0|0
S|LLIZY|38153231|-86518408| |TF|0|0|0|0|0|0|0|0|0|0|0|0|0
S|LLIZY|38153231|-86518408| |IF|0|0|0|0|0|0|0|0|0|0|0|0|0
S|GUMMI|38139986|-86749572| |TF|0|0|0|0|0|0|0|0|0|0|0|0|0
S|DAAVE|38415631|-89053111| |TF|0|0|0|0|0|0|0|0|0|0|0|0|0

P|LLIZY1|35L|DAAVE|0|8
S| |91000000|181000000| |VI|0|35000|0|0|0|0|0|0|0|0|0|0|0
S|RRROE|38287039|-85815883|ROD|CF|0|33500|14560|22010|580|0|0|0|0|0|0|0|0
S|BUHBA|38282914|-85898519| |TF|0|0|0|0|0|0|1|4000|0|0|0|0|0
S|ERLWN|38212119|-85964647| |TF|0|0|0|0|0|0|1|8000|0|0|0|0|0
S|LLIZY|38153231|-86518408| |TF|0|0|0|0|0|0|0|0|0|0|0|0|0
S|LLIZY|38153231|-86518408| |IF|0|0|0|0|0|0|0|0|0|0|0|0|0
S|GUMMI|38139986|-86749572| |TF|0|0|0|0|0|0|0|0|0|0|0|0|0
S|DAAVE|38415631|-89053111| |TF|0|0|0|0|0|0|0|0|0|0|0|0|0

P|LLIZY1|35R|DAAVE|0|9
S| |91000000|181000000| |VA|0|35000|0|0|0|0|1|1020|0|0|0|0|0
S|BAALK|38258797|-85755792| |DF|0|0|0|0|0|0|0|0|0|0|0|0|0
S|SLATY|38293556|-85792806| |TF|0|0|0|0|0|230|1|2500|0|0|0|0|0
S|BUHBA|38282914|-85898519| |TF|0|0|0|0|0|0|1|4000|0|0|0|0|0
S|ERLWN|38212119|-85964647| |TF|0|0|0|0|0|0|1|8000|0|0|0|0|0
S|LLIZY|38153231|-86518408| |TF|0|0|0|0|0|0|0|0|0|0|0|0|0
S|LLIZY|38153231|-86518408| |IF|0|0|0|0|0|0|0|0|0|0|0|0|0
S|GUMMI|38139986|-86749572| |TF|0|0|0|0|0|0|0|0|0|0|0|0|0
S|DAAVE|38415631|-89053111| |TF|0|0|0|0|0|0|0|0|0|0|0|0|0

P|LOKRD1|17L|BILET|0|7
S| |91000000|181000000| |VA|0|17000|0|0|0|0|1|1020|0|0|0|0|0
S|DROPA|38084003|-85696106| |DF|0|0|0|0|0|230|1|2500|0|0|0|0|0
S|LURVL|38020761|-85614278| |TF|0|0|0|0|0|0|0|0|0|0|0|0|0
S|LOKRD|37560556|-85332500| |TF|0|0|0|0|0|0|0|0|0|0|0|0|0
S|LOKRD|37560556|-85332500| |IF|0|0|0|0|0|0|0|0|0|0|0|0|0
S|CNTRY|36873322|-85215056| |TF|0|0|0|0|0|0|0|0|0|0|0|0|0
S|BILET|36308792|-85102431| |TF|0|0|0|0|0|0|0|0|0|0|0|0|0

P|LOKRD1|17R|BILET|0|7
S| |91000000|181000000| |VI|0|17000|0|0|0|0|0|0|0|0|0|0|0
S|EAZIE|38028514|-85733575|ROD|CF|0|18600|15670|21580|650|0|0|0|0|0|0|0|0
S|WWODY|37963603|-85689597| |TF|0|0|0|0|0|0|0|0|0|0|0|0|0
S|LOKRD|37560556|-85332500| |TF|0|0|0|0|0|0|0|0|0|0|0|0|0
S|LOKRD|37560556|-85332500| |IF|0|0|0|0|0|0|0|0|0|0|0|0|0
S|CNTRY|36873322|-85215056| |TF|0|0|0|0|0|0|0|0|0|0|0|0|0
S|BILET|36308792|-85102431| |TF|0|0|0|0|0|0|0|0|0|0|0|0|0

P|LOKRD1|29|BILET|0|10
S| |91000000|181000000| |VI|0|29600|0|0|0|0|0|0|0|0|0|0|0
S|GADSN|38183986|-85830514|ROD|CF|0|27100|15120|21900|290|0|0|0|0|0|0|0|0
S|LUUKE|38178922|-85900614| |TF|0|0|0|0|0|0|1|4000|0|0|0|0|0
S|PEANT|38073561|-85904617| |TF|0|0|0|0|0|0|0|0|0|0|0|0|0
S|MDJAE|38024261|-85699942| |TF|0|0|0|0|0|0|0|0|0|0|0|0|0
S|HLLYY|37946656|-85638058| |TF|0|0|0|0|0|0|1|8000|0|0|0|0|0
S|LOKRD|37560556|-85332500| |TF|0|0|0|0|0|0|0|0|0|0|0|0|0
S|LOKRD|37560556|-85332500| |IF|0|0|0|0|0|0|0|0|0|0|0|0|0
S|CNTRY|36873322|-85215056| |TF|0|0|0|0|0|0|0|0|0|0|0|0|0
S|BILET|36308792|-85102431| |TF|0|0|0|0|0|0|0|0|0|0|0|0|0

P|LOKRD1|35L|BILET|0|11
S| |91000000|181000000| |VI|0|35000|0|0|0|0|0|0|0|0|0|0|0
S|RRROE|38287039|-85815883|ROD|CF|0|33500|14560|22010|570|0|0|0|0|0|0|0|0
S|BUHBA|38282914|-85898519| |TF|0|0|0|0|0|0|1|4000|0|0|0|0|0
S|ERLWN|38212119|-85964647| |TF|0|0|0|0|0|0|1|8000|0|0|0|0|0
S|PEANT|38073561|-85904617| |TF|0|0|0|0|0|0|0|0|0|0|0|0|0
S|MDJAE|38024261|-85699942| |TF|0|0|0|0|0|0|0|0|0|0|0|0|0
S|HLLYY|37946656|-85638058| |TF|0|0|0|0|0|0|1|8000|0|0|0|0|0
S|LOKRD|37560556|-85332500| |TF|0|0|0|0|0|0|0|0|0|0|0|0|0
S|LOKRD|37560556|-85332500| |IF|0|0|0|0|0|0|0|0|0|0|0|0|0
S|CNTRY|36873322|-85215056| |TF|0|0|0|0|0|0|0|0|0|0|0|0|0
S|BILET|36308792|-85102431| |TF|0|0|0|0|0|0|0|0|0|0|0|0|0

P|LOKRD1|35R|BILET|0|9
S| |91000000|181000000| |VA|0|35000|0|0|0|0|1|1020|0|0|0|0|0
S|BAALK|38258797|-85755792| |DF|0|0|0|0|0|0|0|0|0|0|0|0|0
S|SIXMI|38309478|-85656781| |TF|0|0|0|0|0|0|0|0|0|0|0|0|0
S|KOBEZ|38238333|-85582778| |TF|0|0|0|0|0|250|1|8000|0|0|0|0|0
S|NNALA|38152383|-85496294| |TF|0|0|0|0|0|0|0|0|0|0|0|0|0
S|LOKRD|37560556|-85332500| |TF|0|0|0|0|0|0|0|0|0|0|0|0|0
S|LOKRD|37560556|-85332500| |IF|0|0|0|0|0|0|0|0|0|0|0|0|0
S|CNTRY|36873322|-85215056| |TF|0|0|0|0|0|0|0|0|0|0|0|0|0
S|BILET|36308792|-85102431| |TF|0|0|0|0|0|0|0|0|0|0|0|0|0

P|RDHSE1|17L|JIBKA|0|10
S| |91000000|181000000| |VA|0|17000|0|0|0|0|1|1020|0|0|0|0|0
S|DROPA|38084003|-85696106| |DF|0|0|0|0|0|230|1|2500|0|0|0|0|0
S|LURVL|38020761|-85614278| |TF|0|0|0|0|0|0|1|4000|0|0|0|0|0
S|MURCA|38112292|-85494233| |TF|0|0|0|0|0|0|1|8000|0|0|0|0|0
S|LOUFC|38283878|-85704683| |TF|0|0|0|0|0|0|0|0|0|0|0|0|0
S|HNNAN|38564722|-86125056| |TF|0|0|0|0|0|0|0|0|0|0|0|0|0
S|HNNAN|38564722|-86125056| |IF|0|0|0|0|0|0|0|0|0|0|0|0|0
S|RDHSE|38833431|-86445242| |TF|0|0|0|0|0|0|0|0|0|0|0|0|0
S|RDHSE|38833431|-86445242| |IF|0|0|0|0|0|0|0|0|0|0|0|0|0
S|JIBKA|39502481|-87274094| |TF|0|0|0|0|0|0|0|0|0|0|0|0|0

P|RDHSE1|17R|JIBKA|0|10
S| |91000000|181000000| |VI|0|17000|0|0|0|0|0|0|0|0|0|0|0
S|WININ|38057333|-85733192|ROD|CF|0|18500|15520|21610|480|230|1|2500|0|0|0|0|0
S|REECE|38057433|-85828211| |TF|0|0|0|0|0|0|1|4000|0|0|0|0|0
S|ONMEE|38074658|-85904042| |TF|0|0|0|0|0|0|0|0|0|0|0|0|0
S|IZREL|38167633|-85945728| |TF|0|0|0|0|0|0|1|8000|0|0|0|0|0
S|HNNAN|38564722|-86125056| |TF|0|0|0|0|0|0|0|0|0|0|0|0|0
S|HNNAN|38564722|-86125056| |IF|0|0|0|0|0|0|0|0|0|0|0|0|0
S|RDHSE|38833431|-86445242| |TF|0|0|0|0|0|0|0|0|0|0|0|0|0
S|RDHSE|38833431|-86445242| |IF|0|0|0|0|0|0|0|0|0|0|0|0|0
S|JIBKA|39502481|-87274094| |TF|0|0|0|0|0|0|0|0|0|0|0|0|0

P|RDHSE1|29|JIBKA|0|9
S| |91000000|181000000| |VI|0|29600|0|0|0|0|0|0|0|0|0|0|0
S|GADSN|38183986|-85830514|ROD|CF|0|27200|15120|21900|290|0|0|0|0|0|0|0|0
S|CANBE|38320533|-85989242| |TF|0|0|0|0|0|0|0|0|0|0|0|0|0
S|EEGGO|38396267|-86031275| |TF|0|0|0|0|0|0|1|10000|0|0|0|0|0
S|HNNAN|38564722|-86125056| |TF|0|0|0|0|0|0|0|0|0|0|0|0|0
S|HNNAN|38564722|-86125056| |IF|0|0|0|0|0|0|0|0|0|0|0|0|0
S|RDHSE|38833431|-86445242| |TF|0|0|0|0|0|0|0|0|0|0|0|0|0
S|RDHSE|38833431|-86445242| |IF|0|0|0|0|0|0|0|0|0|0|0|0|0
S|JIBKA|39502481|-87274094| |TF|0|0|0|0|0|0|0|0|0|0|0|0|0

P|RDHSE1|35L|JIBKA|0|7
S| |91000000|181000000| |VI|0|35000|0|0|0|0|0|0|0|0|0|0|0
S|RRROE|38287039|-85815883|ROD|CF|0|33500|14560|22010|580|0|0|0|0|0|0|0|0
S|HNNAN|38564722|-86125056| |TF|0|0|0|0|0|0|0|0|0|0|0|0|0
S|HNNAN|38564722|-86125056| |IF|0|0|0|0|0|0|0|0|0|0|0|0|0
S|RDHSE|38833431|-86445242| |TF|0|0|0|0|0|0|0|0|0|0|0|0|0
S|RDHSE|38833431|-86445242| |IF|0|0|0|0|0|0|0|0|0|0|0|0|0
S|JIBKA|39502481|-87274094| |TF|0|0|0|0|0|0|0|0|0|0|0|0|0

P|RDHSE1|35R|JIBKA|0|8
S| |91000000|181000000| |VA|0|35000|0|0|0|0|1|1020|0|0|0|0|0
S|BAALK|38258797|-85755792| |DF|0|0|0|0|0|0|0|0|0|0|0|0|0
S|SHNIK|38332286|-85780914| |TF|0|0|0|0|0|0|0|0|0|0|0|0|0
S|HNNAN|38564722|-86125056| |TF|0|0|0|0|0|0|0|0|0|0|0|0|0
S|HNNAN|38564722|-86125056| |IF|0|0|0|0|0|0|0|0|0|0|0|0|0
S|RDHSE|38833431|-86445242| |TF|0|0|0|0|0|0|0|0|0|0|0|0|0
S|RDHSE|38833431|-86445242| |IF|0|0|0|0|0|0|0|0|0|0|0|0|0
S|JIBKA|39502481|-87274094| |TF|0|0|0|0|0|0|0|0|0|0|0|0|0

P|SPILR1|17L|BNGIN|0|8
S| |91000000|181000000| |VA|0|17000|0|0|0|0|1|1020|0|0|0|0|0
S|DROPA|38084003|-85696106| |DF|0|0|0|0|0|230|1|2500|0|0|0|0|0
S|LURVL|38020761|-85614278| |TF|0|0|0|0|0|0|1|4000|0|0|0|0|0
S|MURCA|38112292|-85494233| |TF|0|0|0|0|0|0|1|8000|0|0|0|0|0
S|MIDDZ|38382686|-85606847| |TF|0|0|0|0|0|0|0|0|0|0|0|0|0
S|SPILR|38774300|-86099833| |TF|0|0|0|0|0|0|0|0|0|0|0|0|0
S|SPILR|38774300|-86099833| |IF|0|0|0|0|0|0|0|0|0|0|0|0|0
S|BNGIN|39103494|-86030244| |TF|0|0|0|0|0|0|0|0|0|0|0|0|0

P|SPILR1|17R|BNGIN|0|9
S| |91000000|181000000| |VI|0|17000|0|0|0|0|0|0|0|0|0|0|0
S|WININ|38057333|-85733192|ROD|CF|0|18600|15520|21610|480|230|1|2500|0|0|0|0|0
S|REECE|38057433|-85828211| |TF|0|0|0|0|0|0|1|4000|0|0|0|0|0
S|ONMEE|38074658|-85904042| |TF|0|0|0|0|0|0|0|0|0|0|0|0|0
S|IZREL|38167633|-85945728| |TF|0|0|0|0|0|0|1|8000|0|0|0|0|0
S|CANBE|38320533|-85989242| |TF|0|0|0|0|0|0|1|8000|0|0|0|0|0
S|SPILR|38774300|-86099833| |TF|0|0|0|0|0|0|0|0|0|0|0|0|0
S|SPILR|38774300|-86099833| |IF|0|0|0|0|0|0|0|0|0|0|0|0|0
S|BNGIN|39103494|-86030244| |TF|0|0|0|0|0|0|0|0|0|0|0|0|0

P|SPILR1|29|BNGIN|0|6
S| |91000000|181000000| |VI|0|29600|0|0|0|0|0|0|0|0|0|0|0
S|GADSN|38183986|-85830514|ROD|CF|0|27100|15120|21900|290|0|0|0|0|0|0|0|0
S|CANBE|38320533|-85989242| |TF|0|0|0|0|0|0|1|8000|0|0|0|0|0
S|SPILR|38774300|-86099833| |TF|0|0|0|0|0|0|0|0|0|0|0|0|0
S|SPILR|38774300|-86099833| |IF|0|0|0|0|0|0|0|0|0|0|0|0|0
S|BNGIN|39103494|-86030244| |TF|0|0|0|0|0|0|0|0|0|0|0|0|0

P|SPILR1|35L|BNGIN|0|5
S| |91000000|181000000| |VI|0|35000|0|0|0|0|0|0|0|0|0|0|0
S|RRROE|38287039|-85815883|ROD|CF|0|33500|14560|22010|580|0|0|0|0|0|0|0|0
S|SPILR|38774300|-86099833| |TF|0|0|0|0|0|0|0|0|0|0|0|0|0
S|SPILR|38774300|-86099833| |IF|0|0|0|0|0|0|0|0|0|0|0|0|0
S|BNGIN|39103494|-86030244| |TF|0|0|0|0|0|0|0|0|0|0|0|0|0

P|SPILR1|35R|BNGIN|0|6
S| |91000000|181000000| |VA|0|35000|0|0|0|0|1|1020|0|0|0|0|0
S|BAALK|38258797|-85755792| |DF|0|0|0|0|0|0|0|0|0|0|0|0|0
S|SHNIK|38332286|-85780914| |TF|0|0|0|0|0|0|0|0|0|0|0|0|0
S|SPILR|38774300|-86099833| |TF|0|0|0|0|0|0|0|0|0|0|0|0|0
S|SPILR|38774300|-86099833| |IF|0|0|0|0|0|0|0|0|0|0|0|0|0
S|BNGIN|39103494|-86030244| |TF|0|0|0|0|0|0|0|0|0|0|0|0|0

