P|CHIEF9|13|CATTS|0|6
S| |91000000|181000000| |VA|0|13200|0|0|0|0|1|1600|0|0|0|0|0
S| |91000000|181000000| |VM|0|13200|0|0|0|0|0|0|0|0|0|0|0
S|MCI|39285283|-94737061| |DF|0|0|0|0|0|0|0|0|0|0|0|0|0
S|MCI|39285283|-94737061| |IF|0|0|0|0|0|0|0|0|0|0|0|0|0
S|OZAKI|39295269|-95359478| |TF|0|0|0|0|0|0|0|0|0|0|0|0|0
S|CATTS|39303219|-96153803| |TF|0|0|0|0|0|0|0|0|0|0|0|0|0

P|CHIEF9|13|STJ|0|5
S| |91000000|181000000| |VA|0|13200|0|0|0|0|1|1600|0|0|0|0|0
S| |91000000|181000000| |VM|0|13200|0|0|0|0|0|0|0|0|0|0|0
S|MCI|39285283|-94737061| |DF|0|0|0|0|0|0|0|0|0|0|0|0|0
S|MCI|39285283|-94737061| |IF|0|0|0|0|0|0|0|0|0|0|0|0|0
S|STJ|39960578|-94925219| |TF|0|0|0|0|0|0|0|0|0|0|0|0|0

P|CHIEF9|17|CATTS|0|6
S| |91000000|181000000| |VA|0|17600|0|0|0|0|1|1230|0|0|0|0|0
S| |91000000|181000000| |VM|0|17600|0|0|0|0|0|0|0|0|0|0|0
S|MCI|39285283|-94737061| |DF|0|0|0|0|0|0|0|0|0|0|0|0|0
S|MCI|39285283|-94737061| |IF|0|0|0|0|0|0|0|0|0|0|0|0|0
S|OZAKI|39295269|-95359478| |TF|0|0|0|0|0|0|0|0|0|0|0|0|0
S|CATTS|39303219|-96153803| |TF|0|0|0|0|0|0|0|0|0|0|0|0|0

P|CHIEF9|17|STJ|0|5
S| |91000000|181000000| |VA|0|17600|0|0|0|0|1|1230|0|0|0|0|0
S| |91000000|181000000| |VM|0|17600|0|0|0|0|0|0|0|0|0|0|0
S|MCI|39285283|-94737061| |DF|0|0|0|0|0|0|0|0|0|0|0|0|0
S|MCI|39285283|-94737061| |IF|0|0|0|0|0|0|0|0|0|0|0|0|0
S|STJ|39960578|-94925219| |TF|0|0|0|0|0|0|0|0|0|0|0|0|0

P|CHIEF9|31|CATTS|0|6
S| |91000000|181000000| |VA|0|31200|0|0|0|0|1|1230|0|0|0|0|0
S| |91000000|181000000| |VM|0|31200|0|0|0|0|0|0|0|0|0|0|0
S|MCI|39285283|-94737061| |DF|0|0|0|0|0|0|0|0|0|0|0|0|0
S|MCI|39285283|-94737061| |IF|0|0|0|0|0|0|0|0|0|0|0|0|0
S|OZAKI|39295269|-95359478| |TF|0|0|0|0|0|0|0|0|0|0|0|0|0
S|CATTS|39303219|-96153803| |TF|0|0|0|0|0|0|0|0|0|0|0|0|0

P|CHIEF9|31|STJ|0|5
S| |91000000|181000000| |VA|0|31200|0|0|0|0|1|1230|0|0|0|0|0
S| |91000000|181000000| |VM|0|31200|0|0|0|0|0|0|0|0|0|0|0
S|MCI|39285283|-94737061| |DF|0|0|0|0|0|0|0|0|0|0|0|0|0
S|MCI|39285283|-94737061| |IF|0|0|0|0|0|0|0|0|0|0|0|0|0
S|STJ|39960578|-94925219| |TF|0|0|0|0|0|0|0|0|0|0|0|0|0

P|CHIEF9|35|CATTS|0|6
S| |91000000|181000000| |VA|0|35600|0|0|0|0|1|1230|0|0|0|0|0
S| |91000000|181000000| |VM|0|35600|0|0|0|0|0|0|0|0|0|0|0
S|MCI|39285283|-94737061| |DF|0|0|0|0|0|0|0|0|0|0|0|0|0
S|MCI|39285283|-94737061| |IF|0|0|0|0|0|0|0|0|0|0|0|0|0
S|OZAKI|39295269|-95359478| |TF|0|0|0|0|0|0|0|0|0|0|0|0|0
S|CATTS|39303219|-96153803| |TF|0|0|0|0|0|0|0|0|0|0|0|0|0

P|CHIEF9|35|STJ|0|5
S| |91000000|181000000| |VA|0|35600|0|0|0|0|1|1230|0|0|0|0|0
S| |91000000|181000000| |VM|0|35600|0|0|0|0|0|0|0|0|0|0|0
S|MCI|39285283|-94737061| |DF|0|0|0|0|0|0|0|0|0|0|0|0|0
S|MCI|39285283|-94737061| |IF|0|0|0|0|0|0|0|0|0|0|0|0|0
S|STJ|39960578|-94925219| |TF|0|0|0|0|0|0|0|0|0|0|0|0|0

P|LAKES5|13|COU|0|7
S| |91000000|181000000| |VA|0|13200|0|0|0|0|1|1600|0|0|0|0|0
S| |91000000|181000000| |VM|0|13200|0|0|0|0|0|0|0|0|0|0|0
S|MCI|39285283|-94737061| |DF|0|0|0|0|0|0|0|0|0|0|0|0|0
S|MCI|39285283|-94737061| |IF|0|0|0|0|0|0|0|0|0|0|0|0|0
S|ANX|39095425|-94128836| |TF|0|0|0|0|0|0|0|0|0|0|0|0|0
S|FRANC|39008350|-92850319| |TF|0|0|0|0|0|0|0|0|0|0|0|0|0
S|COU|38810822|-92218275| |TF|0|0|0|0|0|0|0|0|0|0|0|0|0

P|LAKES5|13|FRANC|0|6
S| |91000000|181000000| |VA|0|13200|0|0|0|0|1|1600|0|0|0|0|0
S| |91000000|181000000| |VM|0|13200|0|0|0|0|0|0|0|0|0|0|0
S|MCI|39285283|-94737061| |DF|0|0|0|0|0|0|0|0|0|0|0|0|0
S|MCI|39285283|-94737061| |IF|0|0|0|0|0|0|0|0|0|0|0|0|0
S|ANX|39095425|-94128836| |TF|0|0|0|0|0|0|0|0|0|0|0|0|0
S|FRANC|39008350|-92850319| |TF|0|0|0|0|0|0|0|0|0|0|0|0|0

P|LAKES5|13|SPI|0|7
S| |91000000|181000000| |VA|0|13200|0|0|0|0|1|1600|0|0|0|0|0
S| |91000000|181000000| |VM|0|13200|0|0|0|0|0|0|0|0|0|0|0
S|MCI|39285283|-94737061| |DF|0|0|0|0|0|0|0|0|0|0|0|0|0
S|MCI|39285283|-94737061| |IF|0|0|0|0|0|0|0|0|0|0|0|0|0
S|BLUZY|39385983|-93952911| |TF|0|0|0|0|0|0|0|0|0|0|0|0|0
S|TWAIN|39672375|-91443092| |TF|0|0|0|0|0|0|0|0|0|0|0|0|0
S|SPI|39839733|-89677736| |TF|0|0|0|0|0|0|0|0|0|0|0|0|0

P|LAKES5|13|TWAIN|0|6
S| |91000000|181000000| |VA|0|13200|0|0|0|0|1|1600|0|0|0|0|0
S| |91000000|181000000| |VM|0|13200|0|0|0|0|0|0|0|0|0|0|0
S|MCI|39285283|-94737061| |DF|0|0|0|0|0|0|0|0|0|0|0|0|0
S|MCI|39285283|-94737061| |IF|0|0|0|0|0|0|0|0|0|0|0|0|0
S|BLUZY|39385983|-93952911| |TF|0|0|0|0|0|0|0|0|0|0|0|0|0
S|TWAIN|39672375|-91443092| |TF|0|0|0|0|0|0|0|0|0|0|0|0|0

P|LAKES5|17|COU|0|6
S| |91000000|181000000| |VM|0|17600|0|0|0|0|0|0|0|0|0|0|0
S|MCI|39285283|-94737061| |DF|0|0|0|0|0|0|0|0|0|0|0|0|0
S|MCI|39285283|-94737061| |IF|0|0|0|0|0|0|0|0|0|0|0|0|0
S|ANX|39095425|-94128836| |TF|0|0|0|0|0|0|0|0|0|0|0|0|0
S|FRANC|39008350|-92850319| |TF|0|0|0|0|0|0|0|0|0|0|0|0|0
S|COU|38810822|-92218275| |TF|0|0|0|0|0|0|0|0|0|0|0|0|0

P|LAKES5|17|FRANC|0|5
S| |91000000|181000000| |VM|0|17600|0|0|0|0|0|0|0|0|0|0|0
S|MCI|39285283|-94737061| |DF|0|0|0|0|0|0|0|0|0|0|0|0|0
S|MCI|39285283|-94737061| |IF|0|0|0|0|0|0|0|0|0|0|0|0|0
S|ANX|39095425|-94128836| |TF|0|0|0|0|0|0|0|0|0|0|0|0|0
S|FRANC|39008350|-92850319| |TF|0|0|0|0|0|0|0|0|0|0|0|0|0

P|LAKES5|17|SPI|0|6
S| |91000000|181000000| |VM|0|17600|0|0|0|0|0|0|0|0|0|0|0
S|MCI|39285283|-94737061| |DF|0|0|0|0|0|0|0|0|0|0|0|0|0
S|MCI|39285283|-94737061| |IF|0|0|0|0|0|0|0|0|0|0|0|0|0
S|BLUZY|39385983|-93952911| |TF|0|0|0|0|0|0|0|0|0|0|0|0|0
S|TWAIN|39672375|-91443092| |TF|0|0|0|0|0|0|0|0|0|0|0|0|0
S|SPI|39839733|-89677736| |TF|0|0|0|0|0|0|0|0|0|0|0|0|0

P|LAKES5|17|TWAIN|0|5
S| |91000000|181000000| |VM|0|17600|0|0|0|0|0|0|0|0|0|0|0
S|MCI|39285283|-94737061| |DF|0|0|0|0|0|0|0|0|0|0|0|0|0
S|MCI|39285283|-94737061| |IF|0|0|0|0|0|0|0|0|0|0|0|0|0
S|BLUZY|39385983|-93952911| |TF|0|0|0|0|0|0|0|0|0|0|0|0|0
S|TWAIN|39672375|-91443092| |TF|0|0|0|0|0|0|0|0|0|0|0|0|0

P|LAKES5|31|COU|0|6
S| |91000000|181000000| |VM|0|31200|0|0|0|0|0|0|0|0|0|0|0
S|MCI|39285283|-94737061| |DF|0|0|0|0|0|0|0|0|0|0|0|0|0
S|MCI|39285283|-94737061| |IF|0|0|0|0|0|0|0|0|0|0|0|0|0
S|ANX|39095425|-94128836| |TF|0|0|0|0|0|0|0|0|0|0|0|0|0
S|FRANC|39008350|-92850319| |TF|0|0|0|0|0|0|0|0|0|0|0|0|0
S|COU|38810822|-92218275| |TF|0|0|0|0|0|0|0|0|0|0|0|0|0

P|LAKES5|31|FRANC|0|5
S| |91000000|181000000| |VM|0|31200|0|0|0|0|0|0|0|0|0|0|0
S|MCI|39285283|-94737061| |DF|0|0|0|0|0|0|0|0|0|0|0|0|0
S|MCI|39285283|-94737061| |IF|0|0|0|0|0|0|0|0|0|0|0|0|0
S|ANX|39095425|-94128836| |TF|0|0|0|0|0|0|0|0|0|0|0|0|0
S|FRANC|39008350|-92850319| |TF|0|0|0|0|0|0|0|0|0|0|0|0|0

P|LAKES5|31|SPI|0|6
S| |91000000|181000000| |VM|0|31200|0|0|0|0|0|0|0|0|0|0|0
S|MCI|39285283|-94737061| |DF|0|0|0|0|0|0|0|0|0|0|0|0|0
S|MCI|39285283|-94737061| |IF|0|0|0|0|0|0|0|0|0|0|0|0|0
S|BLUZY|39385983|-93952911| |TF|0|0|0|0|0|0|0|0|0|0|0|0|0
S|TWAIN|39672375|-91443092| |TF|0|0|0|0|0|0|0|0|0|0|0|0|0
S|SPI|39839733|-89677736| |TF|0|0|0|0|0|0|0|0|0|0|0|0|0

P|LAKES5|31|TWAIN|0|5
S| |91000000|181000000| |VM|0|31200|0|0|0|0|0|0|0|0|0|0|0
S|MCI|39285283|-94737061| |DF|0|0|0|0|0|0|0|0|0|0|0|0|0
S|MCI|39285283|-94737061| |IF|0|0|0|0|0|0|0|0|0|0|0|0|0
S|BLUZY|39385983|-93952911| |TF|0|0|0|0|0|0|0|0|0|0|0|0|0
S|TWAIN|39672375|-91443092| |TF|0|0|0|0|0|0|0|0|0|0|0|0|0

P|LAKES5|35|COU|0|6
S| |91000000|181000000| |VM|0|35600|0|0|0|0|0|0|0|0|0|0|0
S|MCI|39285283|-94737061| |DF|0|0|0|0|0|0|0|0|0|0|0|0|0
S|MCI|39285283|-94737061| |IF|0|0|0|0|0|0|0|0|0|0|0|0|0
S|ANX|39095425|-94128836| |TF|0|0|0|0|0|0|0|0|0|0|0|0|0
S|FRANC|39008350|-92850319| |TF|0|0|0|0|0|0|0|0|0|0|0|0|0
S|COU|38810822|-92218275| |TF|0|0|0|0|0|0|0|0|0|0|0|0|0

P|LAKES5|35|FRANC|0|5
S| |91000000|181000000| |VM|0|35600|0|0|0|0|0|0|0|0|0|0|0
S|MCI|39285283|-94737061| |DF|0|0|0|0|0|0|0|0|0|0|0|0|0
S|MCI|39285283|-94737061| |IF|0|0|0|0|0|0|0|0|0|0|0|0|0
S|ANX|39095425|-94128836| |TF|0|0|0|0|0|0|0|0|0|0|0|0|0
S|FRANC|39008350|-92850319| |TF|0|0|0|0|0|0|0|0|0|0|0|0|0

P|LAKES5|35|SPI|0|6
S| |91000000|181000000| |VM|0|35600|0|0|0|0|0|0|0|0|0|0|0
S|MCI|39285283|-94737061| |DF|0|0|0|0|0|0|0|0|0|0|0|0|0
S|MCI|39285283|-94737061| |IF|0|0|0|0|0|0|0|0|0|0|0|0|0
S|BLUZY|39385983|-93952911| |TF|0|0|0|0|0|0|0|0|0|0|0|0|0
S|TWAIN|39672375|-91443092| |TF|0|0|0|0|0|0|0|0|0|0|0|0|0
S|SPI|39839733|-89677736| |TF|0|0|0|0|0|0|0|0|0|0|0|0|0

P|LAKES5|35|TWAIN|0|5
S| |91000000|181000000| |VM|0|35600|0|0|0|0|0|0|0|0|0|0|0
S|MCI|39285283|-94737061| |DF|0|0|0|0|0|0|0|0|0|0|0|0|0
S|MCI|39285283|-94737061| |IF|0|0|0|0|0|0|0|0|0|0|0|0|0
S|BLUZY|39385983|-93952911| |TF|0|0|0|0|0|0|0|0|0|0|0|0|0
S|TWAIN|39672375|-91443092| |TF|0|0|0|0|0|0|0|0|0|0|0|0|0

P|RACER8|13|BUM|0|5
S| |91000000|181000000| |VA|0|13200|0|0|0|0|1|1600|0|0|0|0|0
S| |91000000|181000000| |VM|0|13200|0|0|0|0|0|0|0|0|0|0|0
S|MCI|39285283|-94737061| |IF|0|0|0|0|0|0|0|0|0|0|0|0|0
S|GRILD|38695581|-94591358| |TF|0|0|0|0|0|0|0|0|0|0|0|0|0
S|BUM|38272081|-94488261| |TF|0|0|0|0|0|0|0|0|0|0|0|0|0

P|RACER8|13|DOSOA|0|5
S| |91000000|181000000| |VA|0|13200|0|0|0|0|1|1600|0|0|0|0|0
S| |91000000|181000000| |VM|0|13200|0|0|0|0|0|0|0|0|0|0|0
S|MCI|39285283|-94737061| |IF|0|0|0|0|0|0|0|0|0|0|0|0|0
S|SPRNT|38738394|-94929869| |TF|0|0|0|0|0|0|0|0|0|0|0|0|0
S|DOSOA|38170719|-95126814| |TF|0|0|0|0|0|0|0|0|0|0|0|0|0

P|RACER8|13|SGF|0|6
S| |91000000|181000000| |VA|0|13200|0|0|0|0|1|1600|0|0|0|0|0
S| |91000000|181000000| |VM|0|13200|0|0|0|0|0|0|0|0|0|0|0
S|MCI|39285283|-94737061| |IF|0|0|0|0|0|0|0|0|0|0|0|0|0
S|GRILD|38695581|-94591358| |TF|0|0|0|0|0|0|0|0|0|0|0|0|0
S|BUM|38272081|-94488261| |TF|0|0|0|0|0|0|0|0|0|0|0|0|0
S|SGF|37355947|-93334044| |TF|0|0|0|0|0|0|0|0|0|0|0|0|0

P|RACER8|17|BUM|0|5
S| |91000000|181000000| |VA|0|17600|0|0|0|0|1|1230|0|0|0|0|0
S| |91000000|181000000| |VM|0|17600|0|0|0|0|0|0|0|0|0|0|0
S|MCI|39285283|-94737061| |IF|0|0|0|0|0|0|0|0|0|0|0|0|0
S|GRILD|38695581|-94591358| |TF|0|0|0|0|0|0|0|0|0|0|0|0|0
S|BUM|38272081|-94488261| |TF|0|0|0|0|0|0|0|0|0|0|0|0|0

P|RACER8|17|DOSOA|0|5
S| |91000000|181000000| |VA|0|17600|0|0|0|0|1|1230|0|0|0|0|0
S| |91000000|181000000| |VM|0|17600|0|0|0|0|0|0|0|0|0|0|0
S|MCI|39285283|-94737061| |IF|0|0|0|0|0|0|0|0|0|0|0|0|0
S|SPRNT|38738394|-94929869| |TF|0|0|0|0|0|0|0|0|0|0|0|0|0
S|DOSOA|38170719|-95126814| |TF|0|0|0|0|0|0|0|0|0|0|0|0|0

P|RACER8|17|SGF|0|6
S| |91000000|181000000| |VA|0|17600|0|0|0|0|1|1230|0|0|0|0|0
S| |91000000|181000000| |VM|0|17600|0|0|0|0|0|0|0|0|0|0|0
S|MCI|39285283|-94737061| |IF|0|0|0|0|0|0|0|0|0|0|0|0|0
S|GRILD|38695581|-94591358| |TF|0|0|0|0|0|0|0|0|0|0|0|0|0
S|BUM|38272081|-94488261| |TF|0|0|0|0|0|0|0|0|0|0|0|0|0
S|SGF|37355947|-93334044| |TF|0|0|0|0|0|0|0|0|0|0|0|0|0

P|RACER8|31|BUM|0|5
S| |91000000|181000000| |VA|0|31200|0|0|0|0|1|1230|0|0|0|0|0
S| |91000000|181000000| |VM|0|31200|0|0|0|0|0|0|0|0|0|0|0
S|MCI|39285283|-94737061| |IF|0|0|0|0|0|0|0|0|0|0|0|0|0
S|GRILD|38695581|-94591358| |TF|0|0|0|0|0|0|0|0|0|0|0|0|0
S|BUM|38272081|-94488261| |TF|0|0|0|0|0|0|0|0|0|0|0|0|0

P|RACER8|31|DOSOA|0|5
S| |91000000|181000000| |VA|0|31200|0|0|0|0|1|1230|0|0|0|0|0
S| |91000000|181000000| |VM|0|31200|0|0|0|0|0|0|0|0|0|0|0
S|MCI|39285283|-94737061| |IF|0|0|0|0|0|0|0|0|0|0|0|0|0
S|SPRNT|38738394|-94929869| |TF|0|0|0|0|0|0|0|0|0|0|0|0|0
S|DOSOA|38170719|-95126814| |TF|0|0|0|0|0|0|0|0|0|0|0|0|0

P|RACER8|31|SGF|0|6
S| |91000000|181000000| |VA|0|31200|0|0|0|0|1|1230|0|0|0|0|0
S| |91000000|181000000| |VM|0|31200|0|0|0|0|0|0|0|0|0|0|0
S|MCI|39285283|-94737061| |IF|0|0|0|0|0|0|0|0|0|0|0|0|0
S|GRILD|38695581|-94591358| |TF|0|0|0|0|0|0|0|0|0|0|0|0|0
S|BUM|38272081|-94488261| |TF|0|0|0|0|0|0|0|0|0|0|0|0|0
S|SGF|37355947|-93334044| |TF|0|0|0|0|0|0|0|0|0|0|0|0|0

P|RACER8|35|BUM|0|5
S| |91000000|181000000| |VA|0|35600|0|0|0|0|1|1230|0|0|0|0|0
S| |91000000|181000000| |VM|0|35600|0|0|0|0|0|0|0|0|0|0|0
S|MCI|39285283|-94737061| |IF|0|0|0|0|0|0|0|0|0|0|0|0|0
S|GRILD|38695581|-94591358| |TF|0|0|0|0|0|0|0|0|0|0|0|0|0
S|BUM|38272081|-94488261| |TF|0|0|0|0|0|0|0|0|0|0|0|0|0

P|RACER8|35|DOSOA|0|5
S| |91000000|181000000| |VA|0|35600|0|0|0|0|1|1230|0|0|0|0|0
S| |91000000|181000000| |VM|0|35600|0|0|0|0|0|0|0|0|0|0|0
S|MCI|39285283|-94737061| |IF|0|0|0|0|0|0|0|0|0|0|0|0|0
S|SPRNT|38738394|-94929869| |TF|0|0|0|0|0|0|0|0|0|0|0|0|0
S|DOSOA|38170719|-95126814| |TF|0|0|0|0|0|0|0|0|0|0|0|0|0

P|RACER8|35|SGF|0|6
S| |91000000|181000000| |VA|0|35600|0|0|0|0|1|1230|0|0|0|0|0
S| |91000000|181000000| |VM|0|35600|0|0|0|0|0|0|0|0|0|0|0
S|MCI|39285283|-94737061| |IF|0|0|0|0|0|0|0|0|0|0|0|0|0
S|GRILD|38695581|-94591358| |TF|0|0|0|0|0|0|0|0|0|0|0|0|0
S|BUM|38272081|-94488261| |TF|0|0|0|0|0|0|0|0|0|0|0|0|0
S|SGF|37355947|-93334044| |TF|0|0|0|0|0|0|0|0|0|0|0|0|0

P|ROYAL2|13|ARENZ|0|7
S| |91000000|181000000| |VA|0|13200|0|0|0|0|1|1600|0|0|0|0|0
S| |91000000|181000000| |VM|0|13200|0|0|0|0|0|0|0|0|0|0|0
S|MCI|39285283|-94737061| |DF|0|0|0|0|0|0|0|0|0|0|0|0|0
S|MCI|39285283|-94737061| |IF|0|0|0|0|0|0|0|0|0|0|0|0|0
S|CAYKO|39763708|-94136506| |TF|0|0|0|0|0|0|0|0|0|0|0|0|0
S|JTHRO|40001731|-93833111| |TF|0|0|0|0|0|0|0|0|0|0|0|0|0
S|ARENZ|40143739|-93650561| |TF|0|0|0|0|0|0|0|0|0|0|0|0|0

P|ROYAL2|13|BODYN|0|8
S| |91000000|181000000| |VA|0|13200|0|0|0|0|1|1600|0|0|0|0|0
S| |91000000|181000000| |VM|0|13200|0|0|0|0|0|0|0|0|0|0|0
S|MCI|39285283|-94737061| |DF|0|0|0|0|0|0|0|0|0|0|0|0|0
S|MCI|39285283|-94737061| |IF|0|0|0|0|0|0|0|0|0|0|0|0|0
S|CAYKO|39763708|-94136506| |TF|0|0|0|0|0|0|0|0|0|0|0|0|0
S|JTHRO|40001731|-93833111| |TF|0|0|0|0|0|0|0|0|0|0|0|0|0
S|ARENZ|40143739|-93650561| |TF|0|0|0|0|0|0|0|0|0|0|0|0|0
S|BODYN|40341964|-92135011| |TF|0|0|0|0|0|0|0|0|0|0|0|0|0

P|ROYAL2|13|TONCE|0|6
S| |91000000|181000000| |VA|0|13200|0|0|0|0|1|1600|0|0|0|0|0
S| |91000000|181000000| |VM|0|13200|0|0|0|0|0|0|0|0|0|0|0
S|MCI|39285283|-94737061| |DF|0|0|0|0|0|0|0|0|0|0|0|0|0
S|MCI|39285283|-94737061| |IF|0|0|0|0|0|0|0|0|0|0|0|0|0
S|JDOGG|39949944|-94661508| |TF|0|0|0|0|0|0|0|0|0|0|0|0|0
S|TONCE|40282225|-94623183| |TF|0|0|0|0|0|0|0|0|0|0|0|0|0

P|ROYAL2|17|ARENZ|0|7
S| |91000000|181000000| |VA|0|17600|0|0|0|0|1|1230|0|0|0|0|0
S| |91000000|181000000| |VM|0|17600|0|0|0|0|0|0|0|0|0|0|0
S|MCI|39285283|-94737061| |DF|0|0|0|0|0|0|0|0|0|0|0|0|0
S|MCI|39285283|-94737061| |IF|0|0|0|0|0|0|0|0|0|0|0|0|0
S|CAYKO|39763708|-94136506| |TF|0|0|0|0|0|0|0|0|0|0|0|0|0
S|JTHRO|40001731|-93833111| |TF|0|0|0|0|0|0|0|0|0|0|0|0|0
S|ARENZ|40143739|-93650561| |TF|0|0|0|0|0|0|0|0|0|0|0|0|0

P|ROYAL2|17|BODYN|0|8
S| |91000000|181000000| |VA|0|17600|0|0|0|0|1|1230|0|0|0|0|0
S| |91000000|181000000| |VM|0|17600|0|0|0|0|0|0|0|0|0|0|0
S|MCI|39285283|-94737061| |DF|0|0|0|0|0|0|0|0|0|0|0|0|0
S|MCI|39285283|-94737061| |IF|0|0|0|0|0|0|0|0|0|0|0|0|0
S|CAYKO|39763708|-94136506| |TF|0|0|0|0|0|0|0|0|0|0|0|0|0
S|JTHRO|40001731|-93833111| |TF|0|0|0|0|0|0|0|0|0|0|0|0|0
S|ARENZ|40143739|-93650561| |TF|0|0|0|0|0|0|0|0|0|0|0|0|0
S|BODYN|40341964|-92135011| |TF|0|0|0|0|0|0|0|0|0|0|0|0|0

P|ROYAL2|17|TONCE|0|6
S| |91000000|181000000| |VA|0|17600|0|0|0|0|1|1230|0|0|0|0|0
S| |91000000|181000000| |VM|0|17600|0|0|0|0|0|0|0|0|0|0|0
S|MCI|39285283|-94737061| |DF|0|0|0|0|0|0|0|0|0|0|0|0|0
S|MCI|39285283|-94737061| |IF|0|0|0|0|0|0|0|0|0|0|0|0|0
S|JDOGG|39949944|-94661508| |TF|0|0|0|0|0|0|0|0|0|0|0|0|0
S|TONCE|40282225|-94623183| |TF|0|0|0|0|0|0|0|0|0|0|0|0|0

P|ROYAL2|31|ARENZ|0|7
S| |91000000|181000000| |VA|0|31200|0|0|0|0|1|1230|0|0|0|0|0
S| |91000000|181000000| |VM|0|31200|0|0|0|0|0|0|0|0|0|0|0
S|MCI|39285283|-94737061| |DF|1|0|0|0|0|0|0|0|0|0|0|0|0
S|MCI|39285283|-94737061| |IF|0|0|0|0|0|0|0|0|0|0|0|0|0
S|CAYKO|39763708|-94136506| |TF|0|0|0|0|0|0|0|0|0|0|0|0|0
S|JTHRO|40001731|-93833111| |TF|0|0|0|0|0|0|0|0|0|0|0|0|0
S|ARENZ|40143739|-93650561| |TF|0|0|0|0|0|0|0|0|0|0|0|0|0

P|ROYAL2|31|BODYN|0|8
S| |91000000|181000000| |VA|0|31200|0|0|0|0|1|1230|0|0|0|0|0
S| |91000000|181000000| |VM|0|31200|0|0|0|0|0|0|0|0|0|0|0
S|MCI|39285283|-94737061| |DF|1|0|0|0|0|0|0|0|0|0|0|0|0
S|MCI|39285283|-94737061| |IF|0|0|0|0|0|0|0|0|0|0|0|0|0
S|CAYKO|39763708|-94136506| |TF|0|0|0|0|0|0|0|0|0|0|0|0|0
S|JTHRO|40001731|-93833111| |TF|0|0|0|0|0|0|0|0|0|0|0|0|0
S|ARENZ|40143739|-93650561| |TF|0|0|0|0|0|0|0|0|0|0|0|0|0
S|BODYN|40341964|-92135011| |TF|0|0|0|0|0|0|0|0|0|0|0|0|0

P|ROYAL2|31|TONCE|0|6
S| |91000000|181000000| |VA|0|31200|0|0|0|0|1|1230|0|0|0|0|0
S| |91000000|181000000| |VM|0|31200|0|0|0|0|0|0|0|0|0|0|0
S|MCI|39285283|-94737061| |DF|1|0|0|0|0|0|0|0|0|0|0|0|0
S|MCI|39285283|-94737061| |IF|0|0|0|0|0|0|0|0|0|0|0|0|0
S|JDOGG|39949944|-94661508| |TF|0|0|0|0|0|0|0|0|0|0|0|0|0
S|TONCE|40282225|-94623183| |TF|0|0|0|0|0|0|0|0|0|0|0|0|0

P|ROYAL2|35|ARENZ|0|7
S| |91000000|181000000| |VA|0|35600|0|0|0|0|1|1230|0|0|0|0|0
S| |91000000|181000000| |VM|0|35600|0|0|0|0|0|0|0|0|0|0|0
S|MCI|39285283|-94737061| |DF|2|0|0|0|0|0|0|0|0|0|0|0|0
S|MCI|39285283|-94737061| |IF|0|0|0|0|0|0|0|0|0|0|0|0|0
S|CAYKO|39763708|-94136506| |TF|0|0|0|0|0|0|0|0|0|0|0|0|0
S|JTHRO|40001731|-93833111| |TF|0|0|0|0|0|0|0|0|0|0|0|0|0
S|ARENZ|40143739|-93650561| |TF|0|0|0|0|0|0|0|0|0|0|0|0|0

P|ROYAL2|35|BODYN|0|8
S| |91000000|181000000| |VA|0|35600|0|0|0|0|1|1230|0|0|0|0|0
S| |91000000|181000000| |VM|0|35600|0|0|0|0|0|0|0|0|0|0|0
S|MCI|39285283|-94737061| |DF|2|0|0|0|0|0|0|0|0|0|0|0|0
S|MCI|39285283|-94737061| |IF|0|0|0|0|0|0|0|0|0|0|0|0|0
S|CAYKO|39763708|-94136506| |TF|0|0|0|0|0|0|0|0|0|0|0|0|0
S|JTHRO|40001731|-93833111| |TF|0|0|0|0|0|0|0|0|0|0|0|0|0
S|ARENZ|40143739|-93650561| |TF|0|0|0|0|0|0|0|0|0|0|0|0|0
S|BODYN|40341964|-92135011| |TF|0|0|0|0|0|0|0|0|0|0|0|0|0

P|ROYAL2|35|TONCE|0|6
S| |91000000|181000000| |VA|0|35600|0|0|0|0|1|1230|0|0|0|0|0
S| |91000000|181000000| |VM|0|35600|0|0|0|0|0|0|0|0|0|0|0
S|MCI|39285283|-94737061| |DF|2|0|0|0|0|0|0|0|0|0|0|0|0
S|MCI|39285283|-94737061| |IF|0|0|0|0|0|0|0|0|0|0|0|0|0
S|JDOGG|39949944|-94661508| |TF|0|0|0|0|0|0|0|0|0|0|0|0|0
S|TONCE|40282225|-94623183| |TF|0|0|0|0|0|0|0|0|0|0|0|0|0

P|TIFTO8|13|TIFTO|0|6
S| |91000000|181000000| |VA|0|13200|0|0|0|0|1|1600|0|0|0|0|0
S| |91000000|181000000| |VM|0|13200|0|0|0|0|0|0|0|0|0|0|0
S|MCI|39285283|-94737061| |DF|0|0|0|0|0|0|0|0|0|0|0|0|0
S|MCI|39285283|-94737061| |IF|0|0|0|0|0|0|0|0|0|0|0|0|0
S|DIGGY|39454867|-95343664| |TF|0|0|0|0|0|0|0|0|0|0|0|0|0
S|TIFTO|39604767|-95892106| |TF|0|0|0|0|0|0|0|0|0|0|0|0|0

P|TIFTO8|17|TIFTO|0|6
S| |91000000|181000000| |VA|0|17600|0|0|0|0|1|1230|0|0|0|0|0
S| |91000000|181000000| |VM|0|17600|0|0|0|0|0|0|0|0|0|0|0
S|MCI|39285283|-94737061| |DF|0|0|0|0|0|0|0|0|0|0|0|0|0
S|MCI|39285283|-94737061| |IF|0|0|0|0|0|0|0|0|0|0|0|0|0
S|DIGGY|39454867|-95343664| |TF|0|0|0|0|0|0|0|0|0|0|0|0|0
S|TIFTO|39604767|-95892106| |TF|0|0|0|0|0|0|0|0|0|0|0|0|0

P|TIFTO8|31|TIFTO|0|6
S| |91000000|181000000| |VA|0|31200|0|0|0|0|1|1230|0|0|0|0|0
S| |91000000|181000000| |VM|0|31200|0|0|0|0|0|0|0|0|0|0|0
S|MCI|39285283|-94737061| |DF|0|0|0|0|0|0|0|0|0|0|0|0|0
S|MCI|39285283|-94737061| |IF|0|0|0|0|0|0|0|0|0|0|0|0|0
S|DIGGY|39454867|-95343664| |TF|0|0|0|0|0|0|0|0|0|0|0|0|0
S|TIFTO|39604767|-95892106| |TF|0|0|0|0|0|0|0|0|0|0|0|0|0

P|TIFTO8|35|TIFTO|0|6
S| |91000000|181000000| |VA|0|35600|0|0|0|0|1|1230|0|0|0|0|0
S| |91000000|181000000| |VM|0|35600|0|0|0|0|0|0|0|0|0|0|0
S|MCI|39285283|-94737061| |DF|0|0|0|0|0|0|0|0|0|0|0|0|0
S|MCI|39285283|-94737061| |IF|0|0|0|0|0|0|0|0|0|0|0|0|0
S|DIGGY|39454867|-95343664| |TF|0|0|0|0|0|0|0|0|0|0|0|0|0
S|TIFTO|39604767|-95892106| |TF|0|0|0|0|0|0|0|0|0|0|0|0|0

P|WLDCT6|13|ICT|0|7
S| |91000000|181000000| |VA|0|13200|0|0|0|0|1|1600|0|0|0|0|0
S| |91000000|181000000| |VM|0|13200|0|0|0|0|0|0|0|0|0|0|0
S|MCI|39285283|-94737061| |DF|0|0|0|0|0|0|0|0|0|0|0|0|0
S|MCI|39285283|-94737061| |IF|0|0|0|0|0|0|0|0|0|0|0|0|0
S|TYTUS|39213892|-95374125| |TF|0|0|0|0|0|0|0|0|0|0|0|0|0
S|KENTN|39146664|-95946350| |TF|0|0|0|0|0|0|0|0|0|0|0|0|0
S|ICT|37745258|-97583828| |TF|0|0|0|0|0|0|0|0|0|0|0|0|0

P|WLDCT6|13|KENTN|0|6
S| |91000000|181000000| |VA|0|13200|0|0|0|0|1|1600|0|0|0|0|0
S| |91000000|181000000| |VM|0|13200|0|0|0|0|0|0|0|0|0|0|0
S|MCI|39285283|-94737061| |DF|0|0|0|0|0|0|0|0|0|0|0|0|0
S|MCI|39285283|-94737061| |IF|0|0|0|0|0|0|0|0|0|0|0|0|0
S|TYTUS|39213892|-95374125| |TF|0|0|0|0|0|0|0|0|0|0|0|0|0
S|KENTN|39146664|-95946350| |TF|0|0|0|0|0|0|0|0|0|0|0|0|0

P|WLDCT6|13|SLN|0|7
S| |91000000|181000000| |VA|0|13200|0|0|0|0|1|1600|0|0|0|0|0
S| |91000000|181000000| |VM|0|13200|0|0|0|0|0|0|0|0|0|0|0
S|MCI|39285283|-94737061| |DF|0|0|0|0|0|0|0|0|0|0|0|0|0
S|MCI|39285283|-94737061| |IF|0|0|0|0|0|0|0|0|0|0|0|0|0
S|TYTUS|39213892|-95374125| |TF|0|0|0|0|0|0|0|0|0|0|0|0|0
S|KENTN|39146664|-95946350| |TF|0|0|0|0|0|0|0|0|0|0|0|0|0
S|SLN|38925139|-97621333| |TF|0|0|0|0|0|0|0|0|0|0|0|0|0

P|WLDCT6|17|ICT|0|7
S| |91000000|181000000| |VA|0|17600|0|0|0|0|1|1230|0|0|0|0|0
S| |91000000|181000000| |VM|0|17600|0|0|0|0|0|0|0|0|0|0|0
S|MCI|39285283|-94737061| |DF|0|0|0|0|0|0|0|0|0|0|0|0|0
S|MCI|39285283|-94737061| |IF|0|0|0|0|0|0|0|0|0|0|0|0|0
S|TYTUS|39213892|-95374125| |TF|0|0|0|0|0|0|0|0|0|0|0|0|0
S|KENTN|39146664|-95946350| |TF|0|0|0|0|0|0|0|0|0|0|0|0|0
S|ICT|37745258|-97583828| |TF|0|0|0|0|0|0|0|0|0|0|0|0|0

P|WLDCT6|17|KENTN|0|6
S| |91000000|181000000| |VA|0|17600|0|0|0|0|1|1230|0|0|0|0|0
S| |91000000|181000000| |VM|0|17600|0|0|0|0|0|0|0|0|0|0|0
S|MCI|39285283|-94737061| |DF|0|0|0|0|0|0|0|0|0|0|0|0|0
S|MCI|39285283|-94737061| |IF|0|0|0|0|0|0|0|0|0|0|0|0|0
S|TYTUS|39213892|-95374125| |TF|0|0|0|0|0|0|0|0|0|0|0|0|0
S|KENTN|39146664|-95946350| |TF|0|0|0|0|0|0|0|0|0|0|0|0|0

P|WLDCT6|17|SLN|0|7
S| |91000000|181000000| |VA|0|17600|0|0|0|0|1|1230|0|0|0|0|0
S| |91000000|181000000| |VM|0|17600|0|0|0|0|0|0|0|0|0|0|0
S|MCI|39285283|-94737061| |DF|0|0|0|0|0|0|0|0|0|0|0|0|0
S|MCI|39285283|-94737061| |IF|0|0|0|0|0|0|0|0|0|0|0|0|0
S|TYTUS|39213892|-95374125| |TF|0|0|0|0|0|0|0|0|0|0|0|0|0
S|KENTN|39146664|-95946350| |TF|0|0|0|0|0|0|0|0|0|0|0|0|0
S|SLN|38925139|-97621333| |TF|0|0|0|0|0|0|0|0|0|0|0|0|0

P|WLDCT6|31|ICT|0|7
S| |91000000|181000000| |VA|0|31200|0|0|0|0|1|1230|0|0|0|0|0
S| |91000000|181000000| |VM|0|31200|0|0|0|0|0|0|0|0|0|0|0
S|MCI|39285283|-94737061| |DF|0|0|0|0|0|0|0|0|0|0|0|0|0
S|MCI|39285283|-94737061| |IF|0|0|0|0|0|0|0|0|0|0|0|0|0
S|TYTUS|39213892|-95374125| |TF|0|0|0|0|0|0|0|0|0|0|0|0|0
S|KENTN|39146664|-95946350| |TF|0|0|0|0|0|0|0|0|0|0|0|0|0
S|ICT|37745258|-97583828| |TF|0|0|0|0|0|0|0|0|0|0|0|0|0

P|WLDCT6|31|KENTN|0|6
S| |91000000|181000000| |VA|0|31200|0|0|0|0|1|1230|0|0|0|0|0
S| |91000000|181000000| |VM|0|31200|0|0|0|0|0|0|0|0|0|0|0
S|MCI|39285283|-94737061| |DF|0|0|0|0|0|0|0|0|0|0|0|0|0
S|MCI|39285283|-94737061| |IF|0|0|0|0|0|0|0|0|0|0|0|0|0
S|TYTUS|39213892|-95374125| |TF|0|0|0|0|0|0|0|0|0|0|0|0|0
S|KENTN|39146664|-95946350| |TF|0|0|0|0|0|0|0|0|0|0|0|0|0

P|WLDCT6|31|SLN|0|7
S| |91000000|181000000| |VA|0|31200|0|0|0|0|1|1230|0|0|0|0|0
S| |91000000|181000000| |VM|0|31200|0|0|0|0|0|0|0|0|0|0|0
S|MCI|39285283|-94737061| |DF|0|0|0|0|0|0|0|0|0|0|0|0|0
S|MCI|39285283|-94737061| |IF|0|0|0|0|0|0|0|0|0|0|0|0|0
S|TYTUS|39213892|-95374125| |TF|0|0|0|0|0|0|0|0|0|0|0|0|0
S|KENTN|39146664|-95946350| |TF|0|0|0|0|0|0|0|0|0|0|0|0|0
S|SLN|38925139|-97621333| |TF|0|0|0|0|0|0|0|0|0|0|0|0|0

P|WLDCT6|35|ICT|0|7
S| |91000000|181000000| |VA|0|35600|0|0|0|0|1|1230|0|0|0|0|0
S| |91000000|181000000| |VM|0|35600|0|0|0|0|0|0|0|0|0|0|0
S|MCI|39285283|-94737061| |DF|0|0|0|0|0|0|0|0|0|0|0|0|0
S|MCI|39285283|-94737061| |IF|0|0|0|0|0|0|0|0|0|0|0|0|0
S|TYTUS|39213892|-95374125| |TF|0|0|0|0|0|0|0|0|0|0|0|0|0
S|KENTN|39146664|-95946350| |TF|0|0|0|0|0|0|0|0|0|0|0|0|0
S|ICT|37745258|-97583828| |TF|0|0|0|0|0|0|0|0|0|0|0|0|0

P|WLDCT6|35|KENTN|0|6
S| |91000000|181000000| |VA|0|35600|0|0|0|0|1|1230|0|0|0|0|0
S| |91000000|181000000| |VM|0|35600|0|0|0|0|0|0|0|0|0|0|0
S|MCI|39285283|-94737061| |DF|0|0|0|0|0|0|0|0|0|0|0|0|0
S|MCI|39285283|-94737061| |IF|0|0|0|0|0|0|0|0|0|0|0|0|0
S|TYTUS|39213892|-95374125| |TF|0|0|0|0|0|0|0|0|0|0|0|0|0
S|KENTN|39146664|-95946350| |TF|0|0|0|0|0|0|0|0|0|0|0|0|0

P|WLDCT6|35|SLN|0|7
S| |91000000|181000000| |VA|0|35600|0|0|0|0|1|1230|0|0|0|0|0
S| |91000000|181000000| |VM|0|35600|0|0|0|0|0|0|0|0|0|0|0
S|MCI|39285283|-94737061| |DF|0|0|0|0|0|0|0|0|0|0|0|0|0
S|MCI|39285283|-94737061| |IF|0|0|0|0|0|0|0|0|0|0|0|0|0
S|TYTUS|39213892|-95374125| |TF|0|0|0|0|0|0|0|0|0|0|0|0|0
S|KENTN|39146664|-95946350| |TF|0|0|0|0|0|0|0|0|0|0|0|0|0
S|SLN|38925139|-97621333| |TF|0|0|0|0|0|0|0|0|0|0|0|0|0

