P|COULT7|09|DLL|0|8
S| |91000000|181000000| |VA|0|9100|0|0|0|0|1|1400|0|0|0|0|0
S| |91000000|181000000| |VM|0|9100|0|0|0|0|0|0|0|0|0|0|0
S|TAXEE|44702581|-92492656|GEP|CF|0|11900|4600|11900|2800|0|0|0|0|0|0|0|0
S|TAXEE|44702581|-92492656| |IF|0|0|0|0|0|0|0|0|0|0|0|0|0
S|COULT|44556625|-92208439| |TF|0|0|0|0|0|0|0|0|0|0|0|0|0
S|COULT|44556625|-92208439| |IF|0|0|0|0|0|0|0|0|0|0|0|0|0
S|LMFRY|44370731|-91850469| |TF|0|0|0|0|0|0|0|0|0|0|0|0|0
S|DLL|43550836|-89763622| |TF|0|0|0|0|0|0|0|0|0|0|0|0|0

P|COULT7|13|DLL|0|8
S| |91000000|181000000| |VA|0|12800|0|0|0|0|1|1300|0|0|0|0|0
S| |91000000|181000000| |VM|0|12800|0|0|0|0|0|0|0|0|0|0|0
S|TAXEE|44702581|-92492656|GEP|CF|0|11900|4600|11900|2700|0|0|0|0|0|0|0|0
S|TAXEE|44702581|-92492656| |IF|0|0|0|0|0|0|0|0|0|0|0|0|0
S|COULT|44556625|-92208439| |TF|0|0|0|0|0|0|0|0|0|0|0|0|0
S|COULT|44556625|-92208439| |IF|0|0|0|0|0|0|0|0|0|0|0|0|0
S|LMFRY|44370731|-91850469| |TF|0|0|0|0|0|0|0|0|0|0|0|0|0
S|DLL|43550836|-89763622| |TF|0|0|0|0|0|0|0|0|0|0|0|0|0

P|COULT7|14|DLL|0|8
S| |91000000|181000000| |VA|0|14600|0|0|0|0|1|1400|0|0|0|0|0
S| |91000000|181000000| |VM|0|14600|0|0|0|0|0|0|0|0|0|0|0
S|TAXEE|44702581|-92492656|GEP|CF|0|11900|4600|11900|2700|0|0|0|0|0|0|0|0
S|TAXEE|44702581|-92492656| |IF|0|0|0|0|0|0|0|0|0|0|0|0|0
S|COULT|44556625|-92208439| |TF|0|0|0|0|0|0|0|0|0|0|0|0|0
S|COULT|44556625|-92208439| |IF|0|0|0|0|0|0|0|0|0|0|0|0|0
S|LMFRY|44370731|-91850469| |TF|0|0|0|0|0|0|0|0|0|0|0|0|0
S|DLL|43550836|-89763622| |TF|0|0|0|0|0|0|0|0|0|0|0|0|0

P|COULT7|27|DLL|0|8
S| |91000000|181000000| |VA|0|27100|0|0|0|0|1|1700|0|0|0|0|0
S| |91000000|181000000| |VM|0|27100|0|0|0|0|0|0|0|0|0|0|0
S|TAXEE|44702581|-92492656|GEP|CF|0|11900|4600|11900|3400|0|0|0|0|0|0|0|0
S|TAXEE|44702581|-92492656| |IF|0|0|0|0|0|0|0|0|0|0|0|0|0
S|COULT|44556625|-92208439| |TF|0|0|0|0|0|0|0|0|0|0|0|0|0
S|COULT|44556625|-92208439| |IF|0|0|0|0|0|0|0|0|0|0|0|0|0
S|LMFRY|44370731|-91850469| |TF|0|0|0|0|0|0|0|0|0|0|0|0|0
S|DLL|43550836|-89763622| |TF|0|0|0|0|0|0|0|0|0|0|0|0|0

P|COULT7|32|DLL|0|8
S| |91000000|181000000| |VA|0|32600|0|0|0|0|1|1400|0|0|0|0|0
S| |91000000|181000000| |VM|0|32600|0|0|0|0|0|0|0|0|0|0|0
S|TAXEE|44702581|-92492656|GEP|CF|0|11900|4600|11900|3200|0|0|0|0|0|0|0|0
S|TAXEE|44702581|-92492656| |IF|0|0|0|0|0|0|0|0|0|0|0|0|0
S|COULT|44556625|-92208439| |TF|0|0|0|0|0|0|0|0|0|0|0|0|0
S|COULT|44556625|-92208439| |IF|0|0|0|0|0|0|0|0|0|0|0|0|0
S|LMFRY|44370731|-91850469| |TF|0|0|0|0|0|0|0|0|0|0|0|0|0
S|DLL|43550836|-89763622| |TF|0|0|0|0|0|0|0|0|0|0|0|0|0

P|KBREW2|09|FAR|0|9
S| |91000000|181000000| |VA|0|9100|0|0|0|0|1|1400|0|0|0|0|0
S| |91000000|181000000| |VM|0|9100|0|0|0|0|0|0|0|0|0|0|0
S|GEP|45145686|-93373181| |DF|0|0|0|0|0|0|0|0|0|0|0|0|0
S|GEP|45145686|-93373181| |IF|0|0|0|0|0|0|0|0|0|0|0|0|0
S|HRBEK|45314531|-93806992| |TF|0|0|0|0|0|0|0|0|0|0|0|0|0
S|HOMUR|45418211|-94076806| |TF|0|0|0|0|0|0|0|0|0|0|0|0|0
S|KBREW|45584353|-94514781| |TF|0|0|0|0|0|0|1|14000|0|0|0|0|0
S|KBREW|45584353|-94514781| |IF|0|0|0|0|0|0|1|14000|0|0|0|0|0
S|FAR|46753336|-96851319| |TF|0|0|0|0|0|0|0|0|0|0|0|0|0

P|KBREW2|13|FAR|0|9
S| |91000000|181000000| |VA|0|12800|0|0|0|0|1|1300|0|0|0|0|0
S| |91000000|181000000| |VM|0|12800|0|0|0|0|0|0|0|0|0|0|0
S|GEP|45145686|-93373181| |DF|0|0|0|0|0|0|0|0|0|0|0|0|0
S|GEP|45145686|-93373181| |IF|0|0|0|0|0|0|0|0|0|0|0|0|0
S|HRBEK|45314531|-93806992| |TF|0|0|0|0|0|0|0|0|0|0|0|0|0
S|HOMUR|45418211|-94076806| |TF|0|0|0|0|0|0|0|0|0|0|0|0|0
S|KBREW|45584353|-94514781| |TF|0|0|0|0|0|0|1|14000|0|0|0|0|0
S|KBREW|45584353|-94514781| |IF|0|0|0|0|0|0|1|14000|0|0|0|0|0
S|FAR|46753336|-96851319| |TF|0|0|0|0|0|0|0|0|0|0|0|0|0

P|KBREW2|14|FAR|0|9
S| |91000000|181000000| |VA|0|14600|0|0|0|0|1|1400|0|0|0|0|0
S| |91000000|181000000| |VM|0|14600|0|0|0|0|0|0|0|0|0|0|0
S|GEP|45145686|-93373181| |DF|0|0|0|0|0|0|0|0|0|0|0|0|0
S|GEP|45145686|-93373181| |IF|0|0|0|0|0|0|0|0|0|0|0|0|0
S|HRBEK|45314531|-93806992| |TF|0|0|0|0|0|0|0|0|0|0|0|0|0
S|HOMUR|45418211|-94076806| |TF|0|0|0|0|0|0|0|0|0|0|0|0|0
S|KBREW|45584353|-94514781| |TF|0|0|0|0|0|0|1|14000|0|0|0|0|0
S|KBREW|45584353|-94514781| |IF|0|0|0|0|0|0|1|14000|0|0|0|0|0
S|FAR|46753336|-96851319| |TF|0|0|0|0|0|0|0|0|0|0|0|0|0

P|KBREW2|27|FAR|0|9
S| |91000000|181000000| |VA|0|27100|0|0|0|0|1|1700|0|0|0|0|0
S| |91000000|181000000| |VM|0|27100|0|0|0|0|0|0|0|0|0|0|0
S|GEP|45145686|-93373181| |DF|0|0|0|0|0|0|0|0|0|0|0|0|0
S|GEP|45145686|-93373181| |IF|0|0|0|0|0|0|0|0|0|0|0|0|0
S|HRBEK|45314531|-93806992| |TF|0|0|0|0|0|0|0|0|0|0|0|0|0
S|HOMUR|45418211|-94076806| |TF|0|0|0|0|0|0|0|0|0|0|0|0|0
S|KBREW|45584353|-94514781| |TF|0|0|0|0|0|0|1|14000|0|0|0|0|0
S|KBREW|45584353|-94514781| |IF|0|0|0|0|0|0|1|14000|0|0|0|0|0
S|FAR|46753336|-96851319| |TF|0|0|0|0|0|0|0|0|0|0|0|0|0

P|KBREW2|32|FAR|0|9
S| |91000000|181000000| |VA|0|32600|0|0|0|0|1|1400|0|0|0|0|0
S| |91000000|181000000| |VM|0|32600|0|0|0|0|0|0|0|0|0|0|0
S|GEP|45145686|-93373181| |DF|0|0|0|0|0|0|0|0|0|0|0|0|0
S|GEP|45145686|-93373181| |IF|0|0|0|0|0|0|0|0|0|0|0|0|0
S|HRBEK|45314531|-93806992| |TF|0|0|0|0|0|0|0|0|0|0|0|0|0
S|HOMUR|45418211|-94076806| |TF|0|0|0|0|0|0|0|0|0|0|0|0|0
S|KBREW|45584353|-94514781| |TF|0|0|0|0|0|0|1|14000|0|0|0|0|0
S|KBREW|45584353|-94514781| |IF|0|0|0|0|0|0|1|14000|0|0|0|0|0
S|FAR|46753336|-96851319| |TF|0|0|0|0|0|0|0|0|0|0|0|0|0

P|ORSKY3|09|ONTIJ|0|8
S| |91000000|181000000| |VA|0|9100|0|0|0|0|1|1400|0|0|0|0|0
S| |91000000|181000000| |VM|0|9100|0|0|0|0|0|0|0|0|0|0|0
S|JURNY|44608650|-93472369|MSP|CF|0|20800|2000|20840|2300|0|0|0|0|0|0|0|0
S|RUMLE|44421281|-93624417| |TF|0|0|0|0|0|0|0|0|0|0|0|0|0
S|PEDLN|44202661|-93800389| |TF|0|0|0|0|0|0|1|9000|0|0|0|0|0
S|ORSKY|43669758|-94223033| |TF|0|0|0|0|0|0|1|9000|0|0|0|0|0
S|ORSKY|43669758|-94223033| |IF|0|0|0|0|0|0|1|9000|0|0|0|0|0
S|ONTIJ|43297633|-94512906| |TF|0|0|0|0|0|0|1|12000|0|0|0|0|0

P|ORSKY3|13|ONTIJ|0|8
S| |91000000|181000000| |VA|0|12800|0|0|0|0|1|1300|0|0|0|0|0
S| |91000000|181000000| |VM|0|12800|0|0|0|0|0|0|0|0|0|0|0
S|JURNY|44608650|-93472369|MSP|CF|0|20800|2000|20840|2300|0|0|0|0|0|0|0|0
S|RUMLE|44421281|-93624417| |TF|0|0|0|0|0|0|0|0|0|0|0|0|0
S|PEDLN|44202661|-93800389| |TF|0|0|0|0|0|0|1|9000|0|0|0|0|0
S|ORSKY|43669758|-94223033| |TF|0|0|0|0|0|0|1|9000|0|0|0|0|0
S|ORSKY|43669758|-94223033| |IF|0|0|0|0|0|0|1|9000|0|0|0|0|0
S|ONTIJ|43297633|-94512906| |TF|0|0|0|0|0|0|1|12000|0|0|0|0|0

P|ORSKY3|14|ONTIJ|0|8
S| |91000000|181000000| |VA|0|14600|0|0|0|0|1|1400|0|0|0|0|0
S| |91000000|181000000| |VM|0|14600|0|0|0|0|0|0|0|0|0|0|0
S|JURNY|44608650|-93472369|MSP|CF|0|20800|2000|20840|2300|0|0|0|0|0|0|0|0
S|RUMLE|44421281|-93624417| |TF|0|0|0|0|0|0|0|0|0|0|0|0|0
S|PEDLN|44202661|-93800389| |TF|0|0|0|0|0|0|1|9000|0|0|0|0|0
S|ORSKY|43669758|-94223033| |TF|0|0|0|0|0|0|1|9000|0|0|0|0|0
S|ORSKY|43669758|-94223033| |IF|0|0|0|0|0|0|1|9000|0|0|0|0|0
S|ONTIJ|43297633|-94512906| |TF|0|0|0|0|0|0|1|12000|0|0|0|0|0

P|ORSKY3|27|ONTIJ|0|8
S| |91000000|181000000| |VA|0|27100|0|0|0|0|1|1700|0|0|0|0|0
S| |91000000|181000000| |VM|0|27100|0|0|0|0|0|0|0|0|0|0|0
S|JURNY|44608650|-93472369|MSP|CF|0|20800|2000|20840|2300|0|0|0|0|0|0|0|0
S|RUMLE|44421281|-93624417| |TF|0|0|0|0|0|0|0|0|0|0|0|0|0
S|PEDLN|44202661|-93800389| |TF|0|0|0|0|0|0|1|9000|0|0|0|0|0
S|ORSKY|43669758|-94223033| |TF|0|0|0|0|0|0|1|9000|0|0|0|0|0
S|ORSKY|43669758|-94223033| |IF|0|0|0|0|0|0|1|9000|0|0|0|0|0
S|ONTIJ|43297633|-94512906| |TF|0|0|0|0|0|0|1|12000|0|0|0|0|0

P|ORSKY3|32|ONTIJ|0|8
S| |91000000|181000000| |VA|0|32600|0|0|0|0|1|1400|0|0|0|0|0
S| |91000000|181000000| |VM|0|32600|0|0|0|0|0|0|0|0|0|0|0
S|JURNY|44608650|-93472369|MSP|CF|0|20800|2000|20840|2300|0|0|0|0|0|0|0|0
S|RUMLE|44421281|-93624417| |TF|0|0|0|0|0|0|0|0|0|0|0|0|0
S|PEDLN|44202661|-93800389| |TF|0|0|0|0|0|0|1|9000|0|0|0|0|0
S|ORSKY|43669758|-94223033| |TF|0|0|0|0|0|0|1|9000|0|0|0|0|0
S|ORSKY|43669758|-94223033| |IF|0|0|0|0|0|0|1|9000|0|0|0|0|0
S|ONTIJ|43297633|-94512906| |TF|0|0|0|0|0|0|1|12000|0|0|0|0|0

P|RST1|09|ALO|0|10
S| |91000000|181000000| |VA|0|9100|0|0|0|0|1|1400|0|0|0|0|0
S| |91000000|181000000| |VM|0|9100|0|0|0|0|0|0|0|0|0|0|0
S|FGT|44630953|-93182053| |DF|0|0|0|0|0|0|0|0|0|0|0|0|0
S|FGT|44630953|-93182053| |IF|0|0|0|0|0|0|0|0|0|0|0|0|0
S|FOBUG|44422211|-93036294| |TF|0|0|0|0|0|0|1|4000|0|0|0|0|0
S|DOKTR|44258078|-92922478| |TF|0|0|0|0|0|0|0|0|0|0|0|0|0
S|CORDY|44123717|-92829781| |TF|0|0|0|0|0|0|0|0|0|0|0|0|0
S|RST|43782903|-92596961| |TF|0|0|0|0|0|0|0|0|0|0|0|0|0
S|RST|43782903|-92596961| |IF|0|0|0|0|0|0|0|0|0|0|0|0|0
S|ALO|42556497|-92398925| |TF|0|0|0|0|0|0|0|0|0|0|0|0|0

P|RST1|13|ALO|0|10
S| |91000000|181000000| |VA|0|12800|0|0|0|0|1|1300|0|0|0|0|0
S| |91000000|181000000| |VM|0|12800|0|0|0|0|0|0|0|0|0|0|0
S|FGT|44630953|-93182053| |DF|0|0|0|0|0|0|0|0|0|0|0|0|0
S|FGT|44630953|-93182053| |IF|0|0|0|0|0|0|0|0|0|0|0|0|0
S|FOBUG|44422211|-93036294| |TF|0|0|0|0|0|0|1|4000|0|0|0|0|0
S|DOKTR|44258078|-92922478| |TF|0|0|0|0|0|0|0|0|0|0|0|0|0
S|CORDY|44123717|-92829781| |TF|0|0|0|0|0|0|0|0|0|0|0|0|0
S|RST|43782903|-92596961| |TF|0|0|0|0|0|0|0|0|0|0|0|0|0
S|RST|43782903|-92596961| |IF|0|0|0|0|0|0|0|0|0|0|0|0|0
S|ALO|42556497|-92398925| |TF|0|0|0|0|0|0|0|0|0|0|0|0|0

P|RST1|14|ALO|0|10
S| |91000000|181000000| |VA|0|14600|0|0|0|0|1|1400|0|0|0|0|0
S| |91000000|181000000| |VM|0|14600|0|0|0|0|0|0|0|0|0|0|0
S|FGT|44630953|-93182053| |DF|0|0|0|0|0|0|0|0|0|0|0|0|0
S|FGT|44630953|-93182053| |IF|0|0|0|0|0|0|0|0|0|0|0|0|0
S|FOBUG|44422211|-93036294| |TF|0|0|0|0|0|0|1|4000|0|0|0|0|0
S|DOKTR|44258078|-92922478| |TF|0|0|0|0|0|0|0|0|0|0|0|0|0
S|CORDY|44123717|-92829781| |TF|0|0|0|0|0|0|0|0|0|0|0|0|0
S|RST|43782903|-92596961| |TF|0|0|0|0|0|0|0|0|0|0|0|0|0
S|RST|43782903|-92596961| |IF|0|0|0|0|0|0|0|0|0|0|0|0|0
S|ALO|42556497|-92398925| |TF|0|0|0|0|0|0|0|0|0|0|0|0|0

P|RST1|27|ALO|0|10
S| |91000000|181000000| |VA|0|27100|0|0|0|0|1|1700|0|0|0|0|0
S| |91000000|181000000| |VM|0|27100|0|0|0|0|0|0|0|0|0|0|0
S|FGT|44630953|-93182053| |DF|0|0|0|0|0|0|0|0|0|0|0|0|0
S|FGT|44630953|-93182053| |IF|0|0|0|0|0|0|0|0|0|0|0|0|0
S|FOBUG|44422211|-93036294| |TF|0|0|0|0|0|0|1|4000|0|0|0|0|0
S|DOKTR|44258078|-92922478| |TF|0|0|0|0|0|0|0|0|0|0|0|0|0
S|CORDY|44123717|-92829781| |TF|0|0|0|0|0|0|0|0|0|0|0|0|0
S|RST|43782903|-92596961| |TF|0|0|0|0|0|0|0|0|0|0|0|0|0
S|RST|43782903|-92596961| |IF|0|0|0|0|0|0|0|0|0|0|0|0|0
S|ALO|42556497|-92398925| |TF|0|0|0|0|0|0|0|0|0|0|0|0|0

P|RST1|32|ALO|0|10
S| |91000000|181000000| |VA|0|32600|0|0|0|0|1|1400|0|0|0|0|0
S| |91000000|181000000| |VM|0|32600|0|0|0|0|0|0|0|0|0|0|0
S|FGT|44630953|-93182053| |DF|0|0|0|0|0|0|0|0|0|0|0|0|0
S|FGT|44630953|-93182053| |IF|0|0|0|0|0|0|0|0|0|0|0|0|0
S|FOBUG|44422211|-93036294| |TF|0|0|0|0|0|0|1|4000|0|0|0|0|0
S|DOKTR|44258078|-92922478| |TF|0|0|0|0|0|0|0|0|0|0|0|0|0
S|CORDY|44123717|-92829781| |TF|0|0|0|0|0|0|0|0|0|0|0|0|0
S|RST|43782903|-92596961| |TF|0|0|0|0|0|0|0|0|0|0|0|0|0
S|RST|43782903|-92596961| |IF|0|0|0|0|0|0|0|0|0|0|0|0|0
S|ALO|42556497|-92398925| |TF|0|0|0|0|0|0|0|0|0|0|0|0|0

P|SCHEP1|09|RXANN|0|8
S| |91000000|181000000| |VA|0|9100|0|0|0|0|1|1400|0|0|0|0|0
S| |91000000|181000000| |VM|0|9100|0|0|0|0|0|0|0|0|0|0|0
S|HUGIR|44701206|-93615900|MSP|CF|0|23200|2000|23230|3600|0|0|0|0|0|0|0|0
S|MCONL|44583425|-93842294| |TF|0|0|0|0|0|0|0|0|0|0|0|0|0
S|ARREX|44425731|-94142775| |TF|0|0|0|0|0|0|0|0|0|0|0|0|0
S|SCHEP|44247286|-94478792| |TF|0|0|0|0|0|0|0|0|0|0|0|0|0
S|SCHEP|44247286|-94478792| |IF|0|0|0|0|0|0|0|0|0|0|0|0|0
S|RXANN|43997956|-94942261| |TF|0|0|0|0|0|0|0|0|0|0|0|0|0

P|SCHEP1|13|RXANN|0|8
S| |91000000|181000000| |VA|0|12800|0|0|0|0|1|1300|0|0|0|0|0
S| |91000000|181000000| |VM|0|12800|0|0|0|0|0|0|0|0|0|0|0
S|HUGIR|44701206|-93615900|MSP|CF|0|23200|2000|23230|3200|0|0|0|0|0|0|0|0
S|MCONL|44583425|-93842294| |TF|0|0|0|0|0|0|0|0|0|0|0|0|0
S|ARREX|44425731|-94142775| |TF|0|0|0|0|0|0|0|0|0|0|0|0|0
S|SCHEP|44247286|-94478792| |TF|0|0|0|0|0|0|0|0|0|0|0|0|0
S|SCHEP|44247286|-94478792| |IF|0|0|0|0|0|0|0|0|0|0|0|0|0
S|RXANN|43997956|-94942261| |TF|0|0|0|0|0|0|0|0|0|0|0|0|0

P|SCHEP1|14|RXANN|0|8
S| |91000000|181000000| |VA|0|14600|0|0|0|0|1|1400|0|0|0|0|0
S| |91000000|181000000| |VM|0|14600|0|0|0|0|0|0|0|0|0|0|0
S|HUGIR|44701206|-93615900|MSP|CF|0|23200|2000|23230|3100|0|0|0|0|0|0|0|0
S|MCONL|44583425|-93842294| |TF|0|0|0|0|0|0|0|0|0|0|0|0|0
S|ARREX|44425731|-94142775| |TF|0|0|0|0|0|0|0|0|0|0|0|0|0
S|SCHEP|44247286|-94478792| |TF|0|0|0|0|0|0|0|0|0|0|0|0|0
S|SCHEP|44247286|-94478792| |IF|0|0|0|0|0|0|0|0|0|0|0|0|0
S|RXANN|43997956|-94942261| |TF|0|0|0|0|0|0|0|0|0|0|0|0|0

P|SCHEP1|27|RXANN|0|8
S| |91000000|181000000| |VA|0|27100|0|0|0|0|1|1700|0|0|0|0|0
S| |91000000|181000000| |VM|0|27100|0|0|0|0|0|0|0|0|0|0|0
S|HUGIR|44701206|-93615900|MSP|CF|0|23200|2000|23230|2500|0|0|0|0|0|0|0|0
S|MCONL|44583425|-93842294| |TF|0|0|0|0|0|0|0|0|0|0|0|0|0
S|ARREX|44425731|-94142775| |TF|0|0|0|0|0|0|0|0|0|0|0|0|0
S|SCHEP|44247286|-94478792| |TF|0|0|0|0|0|0|0|0|0|0|0|0|0
S|SCHEP|44247286|-94478792| |IF|0|0|0|0|0|0|0|0|0|0|0|0|0
S|RXANN|43997956|-94942261| |TF|0|0|0|0|0|0|0|0|0|0|0|0|0

P|SCHEP1|32|RXANN|0|8
S| |91000000|181000000| |VA|0|32600|0|0|0|0|1|1400|0|0|0|0|0
S| |91000000|181000000| |VM|0|32600|0|0|0|0|0|0|0|0|0|0|0
S|HUGIR|44701206|-93615900|MSP|CF|0|23200|2000|23230|3100|0|0|0|0|0|0|0|0
S|MCONL|44583425|-93842294| |TF|0|0|0|0|0|0|0|0|0|0|0|0|0
S|ARREX|44425731|-94142775| |TF|0|0|0|0|0|0|0|0|0|0|0|0|0
S|SCHEP|44247286|-94478792| |TF|0|0|0|0|0|0|0|0|0|0|0|0|0
S|SCHEP|44247286|-94478792| |IF|0|0|0|0|0|0|0|0|0|0|0|0|0
S|RXANN|43997956|-94942261| |TF|0|0|0|0|0|0|0|0|0|0|0|0|0

P|WLSTN7|09|GRB|0|7
S| |91000000|181000000| |VA|0|9100|0|0|0|0|1|1400|0|0|0|0|0
S| |91000000|181000000| |VM|0|9100|0|0|0|0|0|0|0|0|0|0|0
S|SNINE|45251878|-92650803|GEP|CF|0|7200|3130|7200|3100|0|0|0|0|0|0|0|0
S|DWIYT|45303378|-92287567| |TF|0|0|0|0|0|0|0|0|0|0|0|0|0
S|WLSTN|45474011|-91015353| |TF|0|0|0|0|0|0|0|0|0|0|0|0|0
S|WLSTN|45474011|-91015353| |IF|0|0|0|0|0|0|0|0|0|0|0|0|0
S|GRB|44555161|-88194858| |TF|0|0|0|0|0|0|0|0|0|0|0|0|0

P|WLSTN7|13|GRB|0|7
S| |91000000|181000000| |VA|0|12800|0|0|0|0|1|1300|0|0|0|0|0
S| |91000000|181000000| |VM|0|12800|0|0|0|0|0|0|0|0|0|0|0
S|SNINE|45251878|-92650803|GEP|CF|0|7200|3130|7200|3100|0|0|0|0|0|0|0|0
S|DWIYT|45303378|-92287567| |TF|0|0|0|0|0|0|0|0|0|0|0|0|0
S|WLSTN|45474011|-91015353| |TF|0|0|0|0|0|0|0|0|0|0|0|0|0
S|WLSTN|45474011|-91015353| |IF|0|0|0|0|0|0|0|0|0|0|0|0|0
S|GRB|44555161|-88194858| |TF|0|0|0|0|0|0|0|0|0|0|0|0|0

P|WLSTN7|14|GRB|0|7
S| |91000000|181000000| |VA|0|14600|0|0|0|0|1|1400|0|0|0|0|0
S| |91000000|181000000| |VM|0|14600|0|0|0|0|0|0|0|0|0|0|0
S|SNINE|45251878|-92650803|GEP|CF|0|7200|3130|7200|3100|0|0|0|0|0|0|0|0
S|DWIYT|45303378|-92287567| |TF|0|0|0|0|0|0|0|0|0|0|0|0|0
S|WLSTN|45474011|-91015353| |TF|0|0|0|0|0|0|0|0|0|0|0|0|0
S|WLSTN|45474011|-91015353| |IF|0|0|0|0|0|0|0|0|0|0|0|0|0
S|GRB|44555161|-88194858| |TF|0|0|0|0|0|0|0|0|0|0|0|0|0

P|WLSTN7|27|GRB|0|7
S| |91000000|181000000| |VA|0|27100|0|0|0|0|1|1700|0|0|0|0|0
S| |91000000|181000000| |VM|0|27100|0|0|0|0|0|0|0|0|0|0|0
S|SNINE|45251878|-92650803|GEP|CF|0|7200|3130|7200|3100|0|0|0|0|0|0|0|0
S|DWIYT|45303378|-92287567| |TF|0|0|0|0|0|0|0|0|0|0|0|0|0
S|WLSTN|45474011|-91015353| |TF|0|0|0|0|0|0|0|0|0|0|0|0|0
S|WLSTN|45474011|-91015353| |IF|0|0|0|0|0|0|0|0|0|0|0|0|0
S|GRB|44555161|-88194858| |TF|0|0|0|0|0|0|0|0|0|0|0|0|0

P|WLSTN7|32|GRB|0|7
S| |91000000|181000000| |VA|0|32600|0|0|0|0|1|1400|0|0|0|0|0
S| |91000000|181000000| |VM|0|32600|0|0|0|0|0|0|0|0|0|0|0
S|SNINE|45251878|-92650803|GEP|CF|0|7200|3130|7200|3100|0|0|0|0|0|0|0|0
S|DWIYT|45303378|-92287567| |TF|0|0|0|0|0|0|0|0|0|0|0|0|0
S|WLSTN|45474011|-91015353| |TF|0|0|0|0|0|0|0|0|0|0|0|0|0
S|WLSTN|45474011|-91015353| |IF|0|0|0|0|0|0|0|0|0|0|0|0|0
S|GRB|44555161|-88194858| |TF|0|0|0|0|0|0|0|0|0|0|0|0|0

P|ZMBRO7|09|ODI|0|8
S| |91000000|181000000| |VA|0|9100|0|0|0|0|1|1400|0|0|0|0|0
S| |91000000|181000000| |VM|0|9100|0|0|0|0|0|0|0|0|0|0|0
S|MSP|44896500|-93236531| |DF|0|0|0|0|0|0|0|0|0|0|0|0|0
S|MSP|44896500|-93236531| |IF|0|0|0|0|0|0|0|0|0|0|0|0|0
S|JEDET|44461289|-92727942| |TF|0|0|0|0|0|0|1|4000|0|0|0|0|0
S|ZMBRO|44341661|-92448500| |TF|0|0|0|0|0|0|0|0|0|0|0|0|0
S|ZMBRO|44341661|-92448500| |IF|0|0|0|0|0|0|0|0|0|0|0|0|0
S|ODI|43912331|-91467517| |TF|0|0|0|0|0|0|0|0|0|0|0|0|0

P|ZMBRO7|13|ODI|0|8
S| |91000000|181000000| |VA|0|12800|0|0|0|0|1|1300|0|0|0|0|0
S| |91000000|181000000| |VM|0|12800|0|0|0|0|0|0|0|0|0|0|0
S|MSP|44896500|-93236531| |DF|0|0|0|0|0|0|0|0|0|0|0|0|0
S|MSP|44896500|-93236531| |IF|0|0|0|0|0|0|0|0|0|0|0|0|0
S|JEDET|44461289|-92727942| |TF|0|0|0|0|0|0|1|4000|0|0|0|0|0
S|ZMBRO|44341661|-92448500| |TF|0|0|0|0|0|0|0|0|0|0|0|0|0
S|ZMBRO|44341661|-92448500| |IF|0|0|0|0|0|0|0|0|0|0|0|0|0
S|ODI|43912331|-91467517| |TF|0|0|0|0|0|0|0|0|0|0|0|0|0

P|ZMBRO7|14|ODI|0|8
S| |91000000|181000000| |VA|0|14600|0|0|0|0|1|1400|0|0|0|0|0
S| |91000000|181000000| |VM|0|14600|0|0|0|0|0|0|0|0|0|0|0
S|MSP|44896500|-93236531| |DF|0|0|0|0|0|0|0|0|0|0|0|0|0
S|MSP|44896500|-93236531| |IF|0|0|0|0|0|0|0|0|0|0|0|0|0
S|JEDET|44461289|-92727942| |TF|0|0|0|0|0|0|1|4000|0|0|0|0|0
S|ZMBRO|44341661|-92448500| |TF|0|0|0|0|0|0|0|0|0|0|0|0|0
S|ZMBRO|44341661|-92448500| |IF|0|0|0|0|0|0|0|0|0|0|0|0|0
S|ODI|43912331|-91467517| |TF|0|0|0|0|0|0|0|0|0|0|0|0|0

P|ZMBRO7|27|ODI|0|8
S| |91000000|181000000| |VA|0|27100|0|0|0|0|1|1700|0|0|0|0|0
S| |91000000|181000000| |VM|0|27100|0|0|0|0|0|0|0|0|0|0|0
S|MSP|44896500|-93236531| |DF|0|0|0|0|0|0|0|0|0|0|0|0|0
S|MSP|44896500|-93236531| |IF|0|0|0|0|0|0|0|0|0|0|0|0|0
S|JEDET|44461289|-92727942| |TF|0|0|0|0|0|0|1|4000|0|0|0|0|0
S|ZMBRO|44341661|-92448500| |TF|0|0|0|0|0|0|0|0|0|0|0|0|0
S|ZMBRO|44341661|-92448500| |IF|0|0|0|0|0|0|0|0|0|0|0|0|0
S|ODI|43912331|-91467517| |TF|0|0|0|0|0|0|0|0|0|0|0|0|0

P|ZMBRO7|32|ODI|0|8
S| |91000000|181000000| |VA|0|32600|0|0|0|0|1|1400|0|0|0|0|0
S| |91000000|181000000| |VM|0|32600|0|0|0|0|0|0|0|0|0|0|0
S|MSP|44896500|-93236531| |DF|0|0|0|0|0|0|0|0|0|0|0|0|0
S|MSP|44896500|-93236531| |IF|0|0|0|0|0|0|0|0|0|0|0|0|0
S|JEDET|44461289|-92727942| |TF|0|0|0|0|0|0|1|4000|0|0|0|0|0
S|ZMBRO|44341661|-92448500| |TF|0|0|0|0|0|0|0|0|0|0|0|0|0
S|ZMBRO|44341661|-92448500| |IF|0|0|0|0|0|0|0|0|0|0|0|0|0
S|ODI|43912331|-91467517| |TF|0|0|0|0|0|0|0|0|0|0|0|0|0

