P|TUL1|08| |0|2
S| |91000000|181000000| |VA|0|8600|0|0|0|0|1|1100|0|0|0|0|0
S| |91000000|181000000| |VM|0|8600|0|0|0|0|0|0|0|0|0|0|0

P|TUL1|18L| |0|2
S| |91000000|181000000| |VA|0|18000|0|0|0|0|1|1100|0|0|0|0|0
S| |91000000|181000000| |VM|0|18000|0|0|0|0|0|0|0|0|0|0|0

P|TUL1|18R| |0|2
S| |91000000|181000000| |VA|0|18000|0|0|0|0|1|1100|0|0|0|0|0
S| |91000000|181000000| |VM|0|18000|0|0|0|0|0|0|0|0|0|0|0

P|TUL1|26| |0|2
S| |91000000|181000000| |VA|0|26600|0|0|0|0|1|1100|0|0|0|0|0
S| |91000000|181000000| |VM|0|26600|0|0|0|0|0|0|0|0|0|0|0

P|TUL1|36L| |0|2
S| |91000000|181000000| |VA|0|36000|0|0|0|0|1|1100|0|0|0|0|0
S| |91000000|181000000| |VM|0|36000|0|0|0|0|0|0|0|0|0|0|0

P|TUL1|36R| |0|2
S| |91000000|181000000| |VA|0|36000|0|0|0|0|1|1100|0|0|0|0|0
S| |91000000|181000000| |VM|0|36000|0|0|0|0|0|0|0|0|0|0|0

