P|EDGGE1|36|KRKWD|0|6
S| |91000000|181000000| |VA|0|35700|0|0|0|0|1|6768|0|0|0|0|0
S|EDGGE|39066417|-120079172| |DF|0|0|0|0|0|0|1|10400|0|0|0|0|0
S|EDGGE|39066417|-120079172| |IF|0|0|0|0|0|0|1|10400|0|0|0|0|0
S|JORKK|39028831|-120221922| |TF|0|0|0|0|0|250|3|12000|11000|0|0|0|0
S|GOONE|38892636|-120242200| |TF|0|0|0|0|0|0|1|12000|0|0|0|0|0
S|KRKWD|38750331|-120093669| |TF|0|0|0|0|0|0|0|0|0|0|0|0|0

P|EDGGE1|36|LLC|0|8
S| |91000000|181000000| |VA|0|35700|0|0|0|0|1|6768|0|0|0|0|0
S|EDGGE|39066417|-120079172| |DF|0|0|0|0|0|0|1|10400|0|0|0|0|0
S|EDGGE|39066417|-120079172| |IF|0|0|0|0|0|0|1|10400|0|0|0|0|0
S|NEPPO|39236772|-120133744| |TF|0|0|0|0|0|0|1|14000|0|0|0|0|0
S|MOWGL|39447836|-120203075| |TF|0|0|0|0|0|0|0|0|0|0|0|0|0
S|TUBNG|39634978|-120300211| |TF|0|0|0|0|0|0|0|0|0|0|0|0|0
S|HALLE|39919781|-119951083| |TF|0|0|0|0|0|0|0|0|0|0|0|0|0
S|LLC|40125264|-118577594| |TF|0|0|0|0|0|0|0|0|0|0|0|0|0

P|EDGGE1|36|SIGNA|0|5
S| |91000000|181000000| |VA|0|35700|0|0|0|0|1|6768|0|0|0|0|0
S|EDGGE|39066417|-120079172| |DF|0|0|0|0|0|0|1|10400|0|0|0|0|0
S|EDGGE|39066417|-120079172| |IF|0|0|0|0|0|0|1|10400|0|0|0|0|0
S|NEPPO|39236772|-120133744| |TF|0|0|0|0|0|0|1|14000|0|0|0|0|0
S|SIGNA|39347103|-120639122| |TF|0|0|0|0|0|0|0|0|0|0|0|0|0

P|EDGGE1|36|WNDEL|0|7
S| |91000000|181000000| |VA|0|35700|0|0|0|0|1|6768|0|0|0|0|0
S|EDGGE|39066417|-120079172| |DF|0|0|0|0|0|0|1|10400|0|0|0|0|0
S|EDGGE|39066417|-120079172| |IF|0|0|0|0|0|0|1|10400|0|0|0|0|0
S|NEPPO|39236772|-120133744| |TF|0|0|0|0|0|0|1|14000|0|0|0|0|0
S|MOWGL|39447836|-120203075| |TF|0|0|0|0|0|0|0|0|0|0|0|0|0
S|TUBNG|39634978|-120300211| |TF|0|0|0|0|0|0|0|0|0|0|0|0|0
S|WNDEL|40393561|-120316214| |TF|0|0|0|0|0|0|0|0|0|0|0|0|0

P|RICHY7|36|GENNE|0|7
S| |91000000|181000000| |VA|0|35700|0|0|0|0|1|6670|0|0|0|0|0
S| |91000000|181000000| |VI|0|34300|0|0|0|0|1|8300|0|0|0|0|0
S|SWR|39180322|-120269611|SWR|CF|0|29700|0|0|2000|0|1|11000|0|1|0|0|0
S|RICHY|38997817|-120019167|SWR|CF|1|11700|1600|11700|1600|0|1|13000|0|0|0|0|0
S|RICHY|38997817|-120019167| |IF|0|0|0|0|0|0|1|13000|0|0|0|0|0
S|MARRI|38763114|-119700086| |TF|0|0|0|0|0|0|0|13000|0|0|0|0|0
S|GENNE|38715125|-119635228| |TF|0|0|0|0|0|0|0|0|0|0|0|0|0

P|RICHY7|36|MARRI|0|6
S| |91000000|181000000| |VA|0|35700|0|0|0|0|1|6670|0|0|0|0|0
S| |91000000|181000000| |VI|0|34300|0|0|0|0|1|8300|0|0|0|0|0
S|SWR|39180322|-120269611|SWR|CF|0|29700|0|0|2000|0|1|11000|0|1|0|0|0
S|RICHY|38997817|-120019167|SWR|CF|1|11700|1600|11700|1600|0|1|13000|0|0|0|0|0
S|RICHY|38997817|-120019167| |IF|0|0|0|0|0|0|1|13000|0|0|0|0|0
S|MARRI|38763114|-119700086| |TF|0|0|0|0|0|0|0|13000|0|0|0|0|0

P|RICHY7|36|SPOOK|0|6
S| |91000000|181000000| |VA|0|35700|0|0|0|0|1|6670|0|0|0|0|0
S| |91000000|181000000| |VI|0|34300|0|0|0|0|1|8300|0|0|0|0|0
S|SWR|39180322|-120269611|SWR|CF|0|29700|0|0|2000|0|1|11000|0|1|0|0|0
S|RICHY|38997817|-120019167|SWR|CF|1|11700|1600|11700|1600|0|1|13000|0|0|0|0|0
S|RICHY|38997817|-120019167| |IF|0|0|0|0|0|0|1|13000|0|0|0|0|0
S|SPOOK|38632500|-120264281| |TF|0|0|0|0|0|0|0|0|0|0|0|0|0

P|RICHY7|36|TILTS|0|7
S| |91000000|181000000| |VA|0|35700|0|0|0|0|1|6670|0|0|0|0|0
S| |91000000|181000000| |VI|0|34300|0|0|0|0|1|8300|0|0|0|0|0
S|SWR|39180322|-120269611|SWR|CF|0|29700|0|0|2000|0|1|11000|0|1|0|0|0
S|RICHY|38997817|-120019167|SWR|CF|1|11700|1600|11700|1600|0|1|13000|0|0|0|0|0
S|RICHY|38997817|-120019167| |IF|0|0|0|0|0|0|1|13000|0|0|0|0|0
S|MARRI|38763114|-119700086| |TF|0|0|0|0|0|0|0|13000|0|0|0|0|0
S|TILTS|38634719|-119526881| |TF|0|0|0|0|0|0|0|0|0|0|0|0|0

