P|SNAKO3|08|JACKS|0|6
S| |91000000|181000000| |CA|0|7800|0|0|0|0|1|4560|0|0|0|0|0
S|SNAKO|42488361|-114714411|TWF|CF|1|25500|1000|25500|800|0|0|0|0|0|0|0|0
S|SNAKO|42488361|-114714411| |IF|0|0|0|0|0|0|0|0|0|0|0|0|0
S|YIRUR|42334619|-114599936|TWF|AF|1|25500|1000|19100|0|0|0|0|0|0|0|0|0
S|IXUVE|42319147|-114549339|TWF|AF|1|19100|1000|17700|0|0|0|0|0|0|0|0|0
S|JACKS|42198853|-114593953| |TF|0|0|0|0|0|0|0|0|0|0|0|0|0

P|SNAKO3|08|MURTH|0|8
S| |91000000|181000000| |CA|0|7800|0|0|0|0|1|4560|0|0|0|0|0
S|SNAKO|42488361|-114714411|TWF|CF|1|25500|1000|25500|800|0|0|0|0|0|0|0|0
S|SNAKO|42488361|-114714411| |IF|0|0|0|0|0|0|0|0|0|0|0|0|0
S|YIRUR|42334619|-114599936|TWF|AF|1|25500|1000|19100|0|0|0|0|0|0|0|0|0
S|IXUVE|42319147|-114549339|TWF|AF|1|19100|1000|17700|0|0|0|0|0|0|0|0|0
S|OYXOJ|42327122|-114399247|TWF|AF|1|17700|1000|13800|0|0|0|0|0|0|0|0|0
S|FERUD|42372381|-114317408|TWF|AF|1|13800|1000|11200|0|0|0|0|0|0|0|0|0
S|MURTH|42408372|-114286089|TWF|AF|1|11200|1000|9700|0|0|0|0|0|0|0|0|0

P|SNAKO3|08|ROGET|0|7
S| |91000000|181000000| |CA|0|7800|0|0|0|0|1|4560|0|0|0|0|0
S|SNAKO|42488361|-114714411|TWF|CF|1|25500|1000|25500|800|0|0|0|0|0|0|0|0
S|SNAKO|42488361|-114714411| |IF|0|0|0|0|0|0|0|0|0|0|0|0|0
S|YIRUR|42334619|-114599936|TWF|AF|1|25500|1000|19100|0|0|0|0|0|0|0|0|0
S|IXUVE|42319147|-114549339|TWF|AF|1|19100|1000|17700|0|0|0|0|0|0|0|0|0
S|OYXOJ|42327122|-114399247|TWF|AF|1|17700|1000|13800|0|0|0|0|0|0|0|0|0
S|ROGET|42281264|-114372264| |TF|0|0|0|0|0|0|0|0|0|0|0|0|0

P|SNAKO3|08|SAMAN|0|5
S| |91000000|181000000| |CA|0|7800|0|0|0|0|1|4560|0|0|0|0|0
S|SNAKO|42488361|-114714411|TWF|CF|1|25500|1000|25500|800|0|0|0|0|0|0|0|0
S|SNAKO|42488361|-114714411| |IF|0|0|0|0|0|0|0|0|0|0|0|0|0
S|YIRUR|42334619|-114599936|TWF|AF|1|25500|1000|19100|0|0|0|0|0|0|0|0|0
S|SAMAN|42261953|-114654978| |TF|0|0|0|0|0|0|0|0|0|0|0|0|0

P|SNAKO3|08|WODEN|0|8
S| |91000000|181000000| |CA|0|7800|0|0|0|0|1|4560|0|0|0|0|0
S|SNAKO|42488361|-114714411|TWF|CF|1|25500|1000|25500|800|0|0|0|0|0|0|0|0
S|SNAKO|42488361|-114714411| |IF|0|0|0|0|0|0|0|0|0|0|0|0|0
S|YIRUR|42334619|-114599936|TWF|AF|1|25500|1000|19100|0|0|0|0|0|0|0|0|0
S|IXUVE|42319147|-114549339|TWF|AF|1|19100|1000|17700|0|0|0|0|0|0|0|0|0
S|OYXOJ|42327122|-114399247|TWF|AF|1|17700|1000|13800|0|0|0|0|0|0|0|0|0
S|FERUD|42372381|-114317408|TWF|AF|1|13800|1000|11200|0|0|0|0|0|0|0|0|0
S|WODEN|42340064|-114265903| |TF|0|0|0|0|0|0|0|0|0|0|0|0|0

P|SNAKO3|12|JACKS|0|6
S| |91000000|181000000| |CA|0|12300|0|0|0|0|1|4560|0|0|0|0|0
S|SNAKO|42488361|-114714411|TWF|CF|1|25500|1000|25500|1000|0|0|0|0|0|0|0|0
S|SNAKO|42488361|-114714411| |IF|0|0|0|0|0|0|0|0|0|0|0|0|0
S|YIRUR|42334619|-114599936|TWF|AF|1|25500|1000|19100|0|0|0|0|0|0|0|0|0
S|IXUVE|42319147|-114549339|TWF|AF|1|19100|1000|17700|0|0|0|0|0|0|0|0|0
S|JACKS|42198853|-114593953| |TF|0|0|0|0|0|0|0|0|0|0|0|0|0

P|SNAKO3|12|MURTH|0|8
S| |91000000|181000000| |CA|0|12300|0|0|0|0|1|4560|0|0|0|0|0
S|SNAKO|42488361|-114714411|TWF|CF|1|25500|1000|25500|1000|0|0|0|0|0|0|0|0
S|SNAKO|42488361|-114714411| |IF|0|0|0|0|0|0|0|0|0|0|0|0|0
S|YIRUR|42334619|-114599936|TWF|AF|1|25500|1000|19100|0|0|0|0|0|0|0|0|0
S|IXUVE|42319147|-114549339|TWF|AF|1|19100|1000|17700|0|0|0|0|0|0|0|0|0
S|OYXOJ|42327122|-114399247|TWF|AF|1|17700|1000|13800|0|0|0|0|0|0|0|0|0
S|FERUD|42372381|-114317408|TWF|AF|1|13800|1000|11200|0|0|0|0|0|0|0|0|0
S|MURTH|42408372|-114286089|TWF|AF|1|11200|1000|9700|0|0|0|0|0|0|0|0|0

P|SNAKO3|12|ROGET|0|7
S| |91000000|181000000| |CA|0|12300|0|0|0|0|1|4560|0|0|0|0|0
S|SNAKO|42488361|-114714411|TWF|CF|1|25500|1000|25500|1000|0|0|0|0|0|0|0|0
S|SNAKO|42488361|-114714411| |IF|0|0|0|0|0|0|0|0|0|0|0|0|0
S|YIRUR|42334619|-114599936|TWF|AF|1|25500|1000|19100|0|0|0|0|0|0|0|0|0
S|IXUVE|42319147|-114549339|TWF|AF|1|19100|1000|17700|0|0|0|0|0|0|0|0|0
S|OYXOJ|42327122|-114399247|TWF|AF|1|17700|1000|13800|0|0|0|0|0|0|0|0|0
S|ROGET|42281264|-114372264| |TF|0|0|0|0|0|0|0|0|0|0|0|0|0

P|SNAKO3|12|SAMAN|0|5
S| |91000000|181000000| |CA|0|12300|0|0|0|0|1|4560|0|0|0|0|0
S|SNAKO|42488361|-114714411|TWF|CF|1|25500|1000|25500|1000|0|0|0|0|0|0|0|0
S|SNAKO|42488361|-114714411| |IF|0|0|0|0|0|0|0|0|0|0|0|0|0
S|YIRUR|42334619|-114599936|TWF|AF|1|25500|1000|19100|0|0|0|0|0|0|0|0|0
S|SAMAN|42261953|-114654978| |TF|0|0|0|0|0|0|0|0|0|0|0|0|0

P|SNAKO3|12|WODEN|0|8
S| |91000000|181000000| |CA|0|12300|0|0|0|0|1|4560|0|0|0|0|0
S|SNAKO|42488361|-114714411|TWF|CF|1|25500|1000|25500|1000|0|0|0|0|0|0|0|0
S|SNAKO|42488361|-114714411| |IF|0|0|0|0|0|0|0|0|0|0|0|0|0
S|YIRUR|42334619|-114599936|TWF|AF|1|25500|1000|19100|0|0|0|0|0|0|0|0|0
S|IXUVE|42319147|-114549339|TWF|AF|1|19100|1000|17700|0|0|0|0|0|0|0|0|0
S|OYXOJ|42327122|-114399247|TWF|AF|1|17700|1000|13800|0|0|0|0|0|0|0|0|0
S|FERUD|42372381|-114317408|TWF|AF|1|13800|1000|11200|0|0|0|0|0|0|0|0|0
S|WODEN|42340064|-114265903| |TF|0|0|0|0|0|0|0|0|0|0|0|0|0

P|SNAKO3|26|JACKS|0|6
S| |91000000|181000000| |VI|0|25800|0|0|0|0|0|0|0|0|0|0|0
S|SNAKO|42488361|-114714411|TWF|CF|0|25500|1000|25500|1000|0|0|0|0|0|0|0|0
S|SNAKO|42488361|-114714411| |IF|0|0|0|0|0|0|0|0|0|0|0|0|0
S|YIRUR|42334619|-114599936|TWF|AF|1|25500|1000|19100|0|0|0|0|0|0|0|0|0
S|IXUVE|42319147|-114549339|TWF|AF|1|19100|1000|17700|0|0|0|0|0|0|0|0|0
S|JACKS|42198853|-114593953| |TF|0|0|0|0|0|0|0|0|0|0|0|0|0

P|SNAKO3|26|MURTH|0|8
S| |91000000|181000000| |VI|0|25800|0|0|0|0|0|0|0|0|0|0|0
S|SNAKO|42488361|-114714411|TWF|CF|0|25500|1000|25500|1000|0|0|0|0|0|0|0|0
S|SNAKO|42488361|-114714411| |IF|0|0|0|0|0|0|0|0|0|0|0|0|0
S|YIRUR|42334619|-114599936|TWF|AF|1|25500|1000|19100|0|0|0|0|0|0|0|0|0
S|IXUVE|42319147|-114549339|TWF|AF|1|19100|1000|17700|0|0|0|0|0|0|0|0|0
S|OYXOJ|42327122|-114399247|TWF|AF|1|17700|1000|13800|0|0|0|0|0|0|0|0|0
S|FERUD|42372381|-114317408|TWF|AF|1|13800|1000|11200|0|0|0|0|0|0|0|0|0
S|MURTH|42408372|-114286089|TWF|AF|1|11200|1000|9700|0|0|0|0|0|0|0|0|0

P|SNAKO3|26|ROGET|0|7
S| |91000000|181000000| |VI|0|25800|0|0|0|0|0|0|0|0|0|0|0
S|SNAKO|42488361|-114714411|TWF|CF|0|25500|1000|25500|1000|0|0|0|0|0|0|0|0
S|SNAKO|42488361|-114714411| |IF|0|0|0|0|0|0|0|0|0|0|0|0|0
S|YIRUR|42334619|-114599936|TWF|AF|1|25500|1000|19100|0|0|0|0|0|0|0|0|0
S|IXUVE|42319147|-114549339|TWF|AF|1|19100|1000|17700|0|0|0|0|0|0|0|0|0
S|OYXOJ|42327122|-114399247|TWF|AF|1|17700|1000|13800|0|0|0|0|0|0|0|0|0
S|ROGET|42281264|-114372264| |TF|0|0|0|0|0|0|0|0|0|0|0|0|0

P|SNAKO3|26|SAMAN|0|5
S| |91000000|181000000| |VI|0|25800|0|0|0|0|0|0|0|0|0|0|0
S|SNAKO|42488361|-114714411|TWF|CF|0|25500|1000|25500|1000|0|0|0|0|0|0|0|0
S|SNAKO|42488361|-114714411| |IF|0|0|0|0|0|0|0|0|0|0|0|0|0
S|YIRUR|42334619|-114599936|TWF|AF|1|25500|1000|19100|0|0|0|0|0|0|0|0|0
S|SAMAN|42261953|-114654978| |TF|0|0|0|0|0|0|0|0|0|0|0|0|0

P|SNAKO3|26|WODEN|0|8
S| |91000000|181000000| |VI|0|25800|0|0|0|0|0|0|0|0|0|0|0
S|SNAKO|42488361|-114714411|TWF|CF|0|25500|1000|25500|1000|0|0|0|0|0|0|0|0
S|SNAKO|42488361|-114714411| |IF|0|0|0|0|0|0|0|0|0|0|0|0|0
S|YIRUR|42334619|-114599936|TWF|AF|1|25500|1000|19100|0|0|0|0|0|0|0|0|0
S|IXUVE|42319147|-114549339|TWF|AF|1|19100|1000|17700|0|0|0|0|0|0|0|0|0
S|OYXOJ|42327122|-114399247|TWF|AF|1|17700|1000|13800|0|0|0|0|0|0|0|0|0
S|FERUD|42372381|-114317408|TWF|AF|1|13800|1000|11200|0|0|0|0|0|0|0|0|0
S|WODEN|42340064|-114265903| |TF|0|0|0|0|0|0|0|0|0|0|0|0|0

P|SNAKO3|30|JACKS|0|6
S| |91000000|181000000| |CA|0|30300|0|0|0|0|1|4560|0|0|0|0|0
S|SNAKO|42488361|-114714411|TWF|CF|0|25500|1000|25500|1000|0|0|0|0|0|0|0|0
S|SNAKO|42488361|-114714411| |IF|0|0|0|0|0|0|0|0|0|0|0|0|0
S|YIRUR|42334619|-114599936|TWF|AF|1|25500|1000|19100|0|0|0|0|0|0|0|0|0
S|IXUVE|42319147|-114549339|TWF|AF|1|19100|1000|17700|0|0|0|0|0|0|0|0|0
S|JACKS|42198853|-114593953| |TF|0|0|0|0|0|0|0|0|0|0|0|0|0

P|SNAKO3|30|MURTH|0|8
S| |91000000|181000000| |CA|0|30300|0|0|0|0|1|4560|0|0|0|0|0
S|SNAKO|42488361|-114714411|TWF|CF|0|25500|1000|25500|1000|0|0|0|0|0|0|0|0
S|SNAKO|42488361|-114714411| |IF|0|0|0|0|0|0|0|0|0|0|0|0|0
S|YIRUR|42334619|-114599936|TWF|AF|1|25500|1000|19100|0|0|0|0|0|0|0|0|0
S|IXUVE|42319147|-114549339|TWF|AF|1|19100|1000|17700|0|0|0|0|0|0|0|0|0
S|OYXOJ|42327122|-114399247|TWF|AF|1|17700|1000|13800|0|0|0|0|0|0|0|0|0
S|FERUD|42372381|-114317408|TWF|AF|1|13800|1000|11200|0|0|0|0|0|0|0|0|0
S|MURTH|42408372|-114286089|TWF|AF|1|11200|1000|9700|0|0|0|0|0|0|0|0|0

P|SNAKO3|30|ROGET|0|7
S| |91000000|181000000| |CA|0|30300|0|0|0|0|1|4560|0|0|0|0|0
S|SNAKO|42488361|-114714411|TWF|CF|0|25500|1000|25500|1000|0|0|0|0|0|0|0|0
S|SNAKO|42488361|-114714411| |IF|0|0|0|0|0|0|0|0|0|0|0|0|0
S|YIRUR|42334619|-114599936|TWF|AF|1|25500|1000|19100|0|0|0|0|0|0|0|0|0
S|IXUVE|42319147|-114549339|TWF|AF|1|19100|1000|17700|0|0|0|0|0|0|0|0|0
S|OYXOJ|42327122|-114399247|TWF|AF|1|17700|1000|13800|0|0|0|0|0|0|0|0|0
S|ROGET|42281264|-114372264| |TF|0|0|0|0|0|0|0|0|0|0|0|0|0

P|SNAKO3|30|SAMAN|0|5
S| |91000000|181000000| |CA|0|30300|0|0|0|0|1|4560|0|0|0|0|0
S|SNAKO|42488361|-114714411|TWF|CF|0|25500|1000|25500|1000|0|0|0|0|0|0|0|0
S|SNAKO|42488361|-114714411| |IF|0|0|0|0|0|0|0|0|0|0|0|0|0
S|YIRUR|42334619|-114599936|TWF|AF|1|25500|1000|19100|0|0|0|0|0|0|0|0|0
S|SAMAN|42261953|-114654978| |TF|0|0|0|0|0|0|0|0|0|0|0|0|0

P|SNAKO3|30|WODEN|0|8
S| |91000000|181000000| |CA|0|30300|0|0|0|0|1|4560|0|0|0|0|0
S|SNAKO|42488361|-114714411|TWF|CF|0|25500|1000|25500|1000|0|0|0|0|0|0|0|0
S|SNAKO|42488361|-114714411| |IF|0|0|0|0|0|0|0|0|0|0|0|0|0
S|YIRUR|42334619|-114599936|TWF|AF|1|25500|1000|19100|0|0|0|0|0|0|0|0|0
S|IXUVE|42319147|-114549339|TWF|AF|1|19100|1000|17700|0|0|0|0|0|0|0|0|0
S|OYXOJ|42327122|-114399247|TWF|AF|1|17700|1000|13800|0|0|0|0|0|0|0|0|0
S|FERUD|42372381|-114317408|TWF|AF|1|13800|1000|11200|0|0|0|0|0|0|0|0|0
S|WODEN|42340064|-114265903| |TF|0|0|0|0|0|0|0|0|0|0|0|0|0

