P|RONHU2|33|ENI|0|6
S| |91000000|181000000| |VA|0|33500|0|0|0|0|1|1120|0|0|0|0|0
S|RONHU|39300447|-123215875| |DF|0|0|0|0|0|0|1|5400|0|0|0|0|0
S|RONHU|39300447|-123215875| |IF|0|0|0|0|0|0|1|5400|0|0|0|0|0
S|TRSAK|39330214|-123336692| |TF|0|0|0|0|0|230|1|5800|0|0|0|0|0
S|URYKA|39183056|-123408786| |TF|0|0|0|0|0|0|0|0|0|0|0|0|0
S|ENI|39053217|-123274328| |TF|0|0|0|0|0|0|1|6000|0|0|0|0|0

P|RONHU2|33|FLUEN|0|5
S| |91000000|181000000| |VA|0|33500|0|0|0|0|1|1120|0|0|0|0|0
S|RONHU|39300447|-123215875| |DF|0|0|0|0|0|0|1|5400|0|0|0|0|0
S|RONHU|39300447|-123215875| |IF|0|0|0|0|0|0|1|5400|0|0|0|0|0
S|TRSAK|39330214|-123336692| |TF|0|0|0|0|0|230|1|5800|0|0|0|0|0
S|FLUEN|39546644|-123561875| |TF|0|0|0|0|0|0|1|6700|0|0|0|0|0

P|RONHU2|33|LAPED|0|6
S| |91000000|181000000| |VA|0|33500|0|0|0|0|1|1120|0|0|0|0|0
S|RONHU|39300447|-123215875| |DF|0|0|0|0|0|0|1|5400|0|0|0|0|0
S|RONHU|39300447|-123215875| |IF|0|0|0|0|0|0|1|5400|0|0|0|0|0
S|WAGUP|39337408|-123128447| |TF|0|0|0|0|0|230|1|5800|0|0|0|0|0
S|KAYAA|39238233|-123012964| |TF|0|0|0|0|0|0|1|6400|0|0|0|0|0
S|LAPED|39061706|-122793961| |TF|0|0|0|0|0|0|0|0|0|0|0|0|0

P|RONHU2|33|MENSE|0|5
S| |91000000|181000000| |VA|0|33500|0|0|0|0|1|1120|0|0|0|0|0
S|RONHU|39300447|-123215875| |DF|0|0|0|0|0|0|1|5400|0|0|0|0|0
S|RONHU|39300447|-123215875| |IF|0|0|0|0|0|0|1|5400|0|0|0|0|0
S|WAGUP|39337408|-123128447| |TF|0|0|0|0|0|230|1|5800|0|0|0|0|0
S|MENSE|39451131|-122883964| |TF|0|0|0|0|0|0|1|9000|0|0|0|0|0

P|RYPAX2|15|GETER|0|4
S| |91000000|181000000| |VA|0|15500|0|0|0|0|1|1120|0|0|0|0|0
S|RYPAX|38956656|-123043217| |DF|0|0|0|0|0|230|1|5600|0|0|0|0|0
S|RYPAX|38956656|-123043217| |IF|0|0|0|0|0|230|1|5600|0|0|0|0|0
S|GETER|38708328|-122979889| |TF|0|0|0|0|0|0|0|0|0|0|0|0|0

P|RYPAX2|15|LAPED|0|4
S| |91000000|181000000| |VA|0|15500|0|0|0|0|1|1120|0|0|0|0|0
S|RYPAX|38956656|-123043217| |DF|0|0|0|0|0|230|1|5600|0|0|0|0|0
S|RYPAX|38956656|-123043217| |IF|0|0|0|0|0|230|1|5600|0|0|0|0|0
S|LAPED|39061706|-122793961| |TF|0|0|0|0|0|0|0|0|0|0|0|0|0

P|RYPAX2|15|MERRI|0|6
S| |91000000|181000000| |VA|0|15500|0|0|0|0|1|1120|0|0|0|0|0
S|RYPAX|38956656|-123043217| |DF|0|0|0|0|0|230|1|5600|0|0|0|0|0
S|RYPAX|38956656|-123043217| |IF|0|0|0|0|0|230|1|5600|0|0|0|0|0
S|LAMSN|39026272|-122878258| |TF|0|0|0|0|0|0|0|0|0|0|0|0|0
S|LUCRN|39169833|-122965794| |TF|0|0|0|0|0|0|1|5900|0|0|0|0|0
S|MERRI|39296450|-123415519| |TF|0|0|0|0|0|0|1|6200|0|0|0|0|0

P|RYPAX2|15|SABBY|0|5
S| |91000000|181000000| |VA|0|15500|0|0|0|0|1|1120|0|0|0|0|0
S|RYPAX|38956656|-123043217| |DF|0|0|0|0|0|230|1|5600|0|0|0|0|0
S|RYPAX|38956656|-123043217| |IF|0|0|0|0|0|230|1|5600|0|0|0|0|0
S|LAMSN|39026272|-122878258| |TF|0|0|0|0|0|0|0|0|0|0|0|0|0
S|SABBY|39292158|-123040697| |TF|0|0|0|0|0|0|1|5900|0|0|0|0|0

