P|FESKO1|02|FESKO|0|2
S| |91000000|181000000| |VA|0|2400|0|0|0|0|1|5600|0|0|0|0|0
S|FESKO|40508658|-117648075| |DF|1|0|0|0|0|0|1|11000|0|0|0|0|0

P|FESKO1|14|FESKO|0|2
S| |91000000|181000000| |VA|0|14400|0|0|0|0|1|4900|0|0|0|0|0
S|FESKO|40508658|-117648075| |DF|0|0|0|0|0|0|1|11000|0|0|0|0|0

P|FESKO1|20|FESKO|0|2
S| |91000000|181000000| |VI|0|20400|0|0|0|0|0|0|0|0|0|0|0
S|FESKO|40508658|-117648075|LLC|CF|0|14500|4850|4540|2350|0|1|11000|0|0|0|0|0

P|FESKO1|32|FESKO|0|2
S| |91000000|181000000| |VA|0|32400|0|0|0|0|1|5700|0|0|0|0|0
S|FESKO|40508658|-117648075| |DF|1|0|0|0|0|0|1|11000|0|0|0|0|0

