P|ROVD2B|12|ROVDO|0|2
S| |91000000|181000000| |CA|0|12100|0|0|0|0|1|1600|0|0|0|0|0
S|ROVDO|41995833|25440000| |DF|0|0|0|0|0|0|1|10500|0|0|0|0|0

P|ROVD2F|30|ROVDO|0|3
S|PD651|42099917|24794167|PDV|CF|0|30100|460|30130|300|185|0|0|0|1|0|0|0
S|PD654|42156306|25003556| |DF|2|0|0|0|0|0|0|0|0|0|0|0|0
S|ROVDO|41995833|25440000| |TF|0|0|0|0|0|0|1|10500|0|0|0|0|0

P|ROVD2L|30|ROVDO|0|3
S|PD651|42099917|24794167|PDV|CF|0|30100|460|30130|300|185|0|0|0|1|0|0|0
S|PD652|42051944|24908500| |DF|2|0|0|0|0|230|0|0|0|1|0|0|0
S|ROVDO|41995833|25440000|PDV|CF|0|9300|2540|9160|2400|0|1|10500|0|0|0|0|0

P|ROVD3A|12|ROVDO|0|4
S|PDV|42053417|24876306|PDV|CF|0|12100|0|0|100|0|0|0|0|0|0|0|0
S| |91000000|181000000| |CA|0|12100|0|0|0|0|1|1300|0|0|0|0|0
S| |91000000|181000000| |CI|0|5900|0|0|0|185|0|0|0|0|0|0|0
S|ROVDO|41995833|25440000|PDV|CF|0|9200|2540|9160|2100|0|0|0|0|0|0|0|0

P|ROVD3E|30|ROVDO|0|3
S| |91000000|181000000|PDV|CD|0|30100|0|0|400|0|1|1100|0|0|0|0|0
S| |91000000|181000000| |CI|2|15200|0|0|0|185|0|0|0|0|0|0|0
S|ROVDO|41995833|25440000|PDV|CF|0|9200|2540|9160|2400|0|0|0|0|0|0|0|0

P|RUME2F|30|RUMEN|0|2
S|PD651|42099917|24794167|PDV|CF|0|30100|460|30130|300|185|0|0|0|1|0|0|0
S|RUMEN|42305000|24313333| |TF|0|0|0|0|0|0|1|7000|0|0|0|0|0

P|RUME2L|30|RUMEN|0|5
S|PD651|42099917|24794167|PDV|CF|0|30100|460|30130|300|185|0|0|0|1|0|0|0
S|PD652|42051944|24908500| |DF|2|0|0|0|0|230|0|0|0|1|0|0|0
S| |91000000|181000000| |CA|0|12300|0|0|0|0|1|6000|0|0|0|0|0
S|PD653|42192694|24669028| |DF|1|0|0|0|0|0|0|10000|0|0|0|0|0
S|RUMEN|42305000|24313333| |TF|0|0|0|0|0|0|0|10000|0|0|0|0|0

P|RUME3B|12|RUMEN|0|4
S| |91000000|181000000| |CA|0|12100|0|0|0|0|1|1600|0|0|0|0|0
S|PD552|42180750|24791833| |DF|1|0|0|0|0|0|0|0|0|0|0|0|0
S|PD553|42238167|24661944| |TF|0|0|0|0|0|0|0|0|0|0|0|0|0
S|RUMEN|42305000|24313333| |TF|0|0|0|0|0|0|0|0|0|0|0|0|0

P|RUME3K|12|RUMEN|0|6
S|PD550|42005472|24960778|PDV|CF|0|12100|480|12130|600|0|0|0|0|1|0|0|0
S| |91000000|181000000| |CA|0|12100|0|0|0|0|1|5700|0|0|0|0|0
S|PD551|42146611|24868833| |DF|1|0|0|0|0|0|0|0|0|0|0|0|0
S|PD552|42180750|24791833| |TF|0|0|0|0|0|0|0|0|0|0|0|0|0
S|PD553|42238167|24661944| |TF|0|0|0|0|0|0|0|10000|0|0|0|0|0
S|RUMEN|42305000|24313333| |TF|0|0|0|0|0|0|0|10000|0|0|0|0|0

P|RUME4A|12|RUMEN|0|4
S|PDV|42053417|24876306|PDV|CF|0|12100|0|0|100|0|0|0|0|0|0|0|0
S| |91000000|181000000| |CA|0|12100|0|0|0|0|1|1600|0|0|0|0|0
S| |91000000|181000000| |CI|1|25500|0|0|0|185|0|0|0|0|0|0|0
S|RUMEN|42305000|24313333|PDV|CF|0|29500|2930|29520|2600|0|0|0|0|0|0|0|0

P|RUME4E|30|RUMEN|0|3
S| |91000000|181000000| |CA|0|30100|0|0|0|0|1|1010|0|0|0|0|0
S| |91000000|181000000| |CI|0|28900|0|0|0|185|0|0|0|0|0|0|0
S|RUMEN|42305000|24313333|PDV|CF|0|29500|2930|29520|2300|0|0|0|0|0|0|0|0

P|RUME4V|12|RUMEN|0|6
S|PDV|42053417|24876306|PDV|CF|0|12100|0|0|100|0|0|0|0|0|0|0|0
S| |91000000|181000000| |CA|0|12100|0|0|0|0|1|1300|0|0|0|0|0
S| |91000000|181000000| |CI|0|5900|0|0|0|185|0|0|0|0|0|0|0
S|PDV|42053417|24876306|PDV|FA|0|8300|0|0|0|0|1|5000|0|0|0|0|0
S|PDV|42053417|24876306| |DF|2|0|0|0|0|230|0|10000|0|0|0|0|0
S|RUMEN|42305000|24313333| |TF|0|0|0|0|0|0|0|10000|0|0|0|0|0

P|RUME4W|30|RUMEN|0|5
S| |91000000|181000000|PDV|CD|0|30100|0|0|400|0|1|1100|0|0|0|0|0
S| |91000000|181000000| |CI|2|16600|0|0|0|185|0|0|0|0|0|0|0
S|PDV|42053417|24876306|PDV|FA|0|12100|0|0|0|0|1|5700|0|0|0|0|0
S|PDV|42053417|24876306| |DF|1|0|0|0|0|0|0|10000|0|0|0|0|0
S|RUMEN|42305000|24313333| |TF|0|0|0|0|0|0|0|10000|0|0|0|0|0

