P|GIRN1A|11L|GIRNE|0|5
S| |91000000|181000000| |CA|0|11170|0|0|0|0|1|802|0|0|0|0|0
S| |91000000|181000000| |VI|1|2300|0|0|0|0|0|0|0|0|0|0|0
S|ECN|35156667|33491389|ECN|FA|0|6800|0|0|0|0|1|3500|0|0|0|0|0
S| |91000000|181000000| |VI|1|30000|0|0|0|0|0|0|0|0|0|0|0
S|GIRNE|35639722|33361667|ECN|CF|0|34400|2970|34370|1000|0|0|0|0|0|0|0|0

P|GIRN1B|29R|GIRNE|0|5
S| |91000000|181000000| |CA|0|29170|0|0|0|0|1|802|0|0|0|0|0
S| |91000000|181000000| |VI|2|11300|0|0|0|0|0|0|0|0|0|0|0
S|ECN|35156667|33491389|ECN|FA|0|6800|0|0|0|0|1|3500|0|0|0|0|0
S| |91000000|181000000| |VI|1|30000|0|0|0|0|0|0|0|0|0|0|0
S|GIRNE|35639722|33361667|ECN|CF|0|34400|2970|34370|1500|0|0|0|0|0|0|0|0

P|GIRN1H|11L|GIRNE|0|4
S| |91000000|181000000| |CA|0|11170|0|0|0|0|1|802|0|0|0|0|0
S|D090T|35129769|33896781|ECN|CF|0|8900|2000|9050|1800|0|0|0|0|0|0|0|0
S|D345T|35485111|33416953|ECN|AF|1|8900|2010|34550|0|0|0|0|0|0|0|0|0
S|GIRNE|35639722|33361667| |TF|0|0|0|0|0|0|0|0|0|0|0|0|0

P|GIRN1S|29R|GIRNE|0|4
S| |91000000|181000000| |CA|0|28700|0|0|0|0|1|802|0|0|0|0|0
S|D310L|35295378|33315239|ECN|CF|0|31000|1200|31000|1000|0|1|4500|0|0|0|0|0
S|D345L|35349911|33426514|ECN|AF|2|31000|1200|34070|0|0|0|0|0|0|0|0|0
S|GIRNE|35639722|33361667| |TF|0|0|0|0|0|0|0|0|0|0|0|0|0

P|GIRN2D|11R|GIRNE|0|3
S| |91000000|181000000| |CA|0|11170|0|0|0|0|1|1000|0|0|0|0|0
S|GKE|35235278|33763611| |DF|1|0|0|0|0|0|0|0|0|0|0|0|0
S|GIRNE|35639722|33361667|GKE|CF|0|31630|3120|31710|3130|0|0|0|0|0|0|0|0

P|GIRN2E|29L|GIRNE|0|4
S| |91000000|181000000| |CA|0|28700|0|0|0|0|1|802|0|0|0|0|0
S|D310L|35295378|33315239|ECN|CF|0|31000|1200|31000|1000|0|1|4500|0|0|0|0|0
S|D345L|35349911|33426514|ECN|AF|2|31000|1200|34070|0|0|0|0|0|0|0|0|0
S|GIRNE|35639722|33361667| |TF|0|0|0|0|0|0|0|0|0|0|0|0|0

P|GIRN2F|11R|GIRNE|0|4
S| |91000000|181000000| |CA|0|11170|0|0|0|0|1|802|0|0|0|0|0
S|D090T|35129769|33896781|ECN|CF|0|8900|2000|9050|1800|0|0|0|0|0|0|0|0
S|D345T|35485111|33416953|ECN|AF|1|8900|2010|34550|0|0|0|0|0|0|0|0|0
S|GIRNE|35639722|33361667| |TF|0|0|0|0|0|0|0|0|0|0|0|0|0

