P|BONE2B|22|BONEK|0|6
S| |91000000|181000000|LCA|CD|0|22000|0|0|300|0|1|500|0|0|0|0|0
S|LCA|34872861|33625581| |DF|1|0|0|0|0|0|1|4000|0|0|0|0|0
S|OTESA|34928664|33434608| |TF|0|0|0|0|0|0|1|6000|0|0|0|0|0
S|ADLAS|34962047|33319919| |TF|0|0|0|0|0|0|1|7000|0|0|0|0|0
S|DAROS|35011667|33148333| |TF|0|0|0|0|0|0|1|9000|0|0|0|0|0
S|BONEK|35073056|32934722| |TF|0|0|0|0|0|0|1|11000|0|0|0|0|0

P|BONE2C|04|BONEK|0|6
S| |91000000|181000000|LCA|CD|0|4000|0|0|300|0|0|0|0|0|0|0|0
S|LCA|34872861|33625581| |DF|2|0|0|0|0|220|1|4000|0|0|0|0|0
S|OTESA|34928664|33434608| |TF|0|0|0|0|0|0|1|6000|0|0|0|0|0
S|ADLAS|34962047|33319919| |TF|0|0|0|0|0|0|1|7000|0|0|0|0|0
S|DAROS|35011667|33148333| |TF|0|0|0|0|0|0|1|9000|0|0|0|0|0
S|BONEK|35073056|32934722| |TF|0|0|0|0|0|0|1|11000|0|0|0|0|0

P|BONE2D|04|BONEK|0|4
S| |91000000|181000000|LCA|CD|0|4000|0|0|300|0|0|0|0|0|0|0|0
S|ADLAS|34962047|33319919| |DF|1|0|0|0|0|220|1|7000|0|0|0|0|0
S|DAROS|35011667|33148333| |TF|0|0|0|0|0|0|1|9000|0|0|0|0|0
S|BONEK|35073056|32934722| |TF|0|0|0|0|0|0|1|11000|0|0|0|0|0

P|BONE2W|04|BONEK|0|4
S|LK400|34909247|33667350| |DF|0|0|0|0|0|220|1|600|0|1|0|0|0
S|ADLAS|34962047|33319919| |DF|1|0|0|0|0|220|1|7000|0|0|0|0|0
S|DAROS|35011667|33148333| |TF|0|0|0|0|0|0|1|9000|0|0|0|0|0
S|BONEK|35073056|32934722| |TF|0|0|0|0|0|0|1|11000|0|0|0|0|0

P|EMED1D|22|EMEDA|0|3
S|LK601|34826944|33566667| |DF|0|0|0|0|0|0|0|0|0|1|0|0|0
S|BOSIS|34623333|33740000| |DF|1|0|0|0|0|0|1|3000|0|0|0|0|0
S|EMEDA|34481667|33803333| |TF|0|0|0|0|0|0|1|4000|0|0|0|0|0

P|EMED1W|04|EMEDA|0|3
S|LK400|34909247|33667350| |DF|0|0|0|0|0|0|0|0|0|1|0|0|0
S|REXAL|34723333|33895000| |DF|2|0|0|0|0|0|1|3000|0|0|0|0|0
S|EMEDA|34481667|33803333| |TF|0|0|0|0|0|0|1|4000|0|0|0|0|0

P|EMED2B|22|EMEDA|0|4
S| |91000000|181000000|LCA|CD|0|22000|0|0|300|0|0|0|0|0|0|0|0
S| |91000000|181000000| |CI|1|12400|0|0|0|0|0|0|0|0|0|0|0
S|BOSIS|34623333|33740000|LCA|CF|0|15400|1600|15420|600|0|0|0|0|0|0|0|0
S|EMEDA|34481667|33803333| |TF|0|0|0|0|0|0|1|4000|0|0|0|0|0

P|EMIL1D|22|EMILI|0|3
S|LK601|34826944|33566667| |DF|0|0|0|0|0|0|0|0|0|1|0|0|0
S|BOSIS|34623333|33740000| |DF|1|0|0|0|0|0|1|3000|0|0|0|0|0
S|EMILI|34638889|34044444| |TF|0|0|0|0|0|0|1|4000|0|0|0|0|0

P|EMIL1W|04|EMILI|0|3
S|LK400|34909247|33667350| |DF|0|0|0|0|0|0|0|0|0|1|0|0|0
S|REXAL|34723333|33895000| |DF|2|0|0|0|0|0|1|3000|0|0|0|0|0
S|EMILI|34638889|34044444| |TF|0|0|0|0|0|0|1|4000|0|0|0|0|0

P|EMIL2C|04|EMILI|0|4
S| |91000000|181000000|LCA|CD|0|4000|0|0|300|0|0|0|0|0|0|0|0
S| |91000000|181000000| |CI|2|14800|0|0|0|220|0|0|0|0|0|0|0
S|REXAL|34723333|33895000|LCA|CF|0|11800|1610|11890|600|0|1|3000|0|0|0|0|0
S|EMILI|34638889|34044444| |TF|0|0|0|0|0|0|1|4000|0|0|0|0|0

P|KOBE1D|22|KOBER|0|3
S|LK601|34826944|33566667| |DF|0|0|0|0|0|0|0|0|0|1|0|0|0
S|BOSIS|34623333|33740000| |DF|1|0|0|0|0|0|1|3000|0|0|0|0|0
S|KOBER|34743611|34106667| |TF|0|0|0|0|0|0|1|4000|0|0|0|0|0

P|KOBE1W|04|KOBER|0|3
S|LK400|34909247|33667350| |DF|0|0|0|0|0|0|0|0|0|1|0|0|0
S|AMAKO|34790253|33933642| |DF|0|0|0|0|0|0|1|3000|0|0|0|0|0
S|KOBER|34743611|34106667| |TF|0|0|0|0|0|0|1|4000|0|0|0|0|0

P|LUBE1W|22|LUBES|0|4
S|RIMEX|34678947|33374319| |DF|0|0|0|0|0|0|1|3000|0|0|0|0|0
S|PEFKO|34752222|33196944| |TF|0|0|0|0|0|0|1|5000|0|0|0|0|0
S|NORDI|34796667|33088333| |TF|0|0|0|0|0|0|1|6500|0|0|0|0|0
S|LUBES|34920000|32743333| |TF|0|0|0|0|0|0|1|11000|0|0|0|0|0

P|NORD1W|04|NORDI|0|3
S|LK400|34909247|33667350| |DF|0|0|0|0|0|220|1|600|0|1|0|0|0
S|ADLAS|34962047|33319919| |DF|1|0|0|0|0|220|1|7000|0|0|0|0|0
S|NORDI|34796667|33088333| |TF|0|0|0|0|0|0|1|9000|0|0|0|0|0

P|PHA1W|22|PHA|0|4
S|RIMEX|34678947|33374319| |DF|0|0|0|0|0|0|1|3000|0|0|0|0|0
S|GIPRO|34688081|33148464| |TF|0|0|0|0|0|0|1|5000|0|0|0|0|0
S|KURSA|34704444|32714722| |TF|0|0|0|0|0|0|1|11000|0|0|0|0|0
S|PHA|34711778|32505833| |TF|0|0|0|0|0|0|1|13000|0|0|0|0|0

P|PHA2B|22|PHA|0|4
S|RIMEX|34678947|33374319|LCA|CF|0|22100|1700|22200|1700|0|1|3000|0|0|0|0|0
S|GIPRO|34688081|33148464| |TF|0|0|0|0|0|0|1|5000|0|0|0|0|0
S|KURSA|34704444|32714722| |TF|0|0|0|0|0|0|1|11000|0|0|0|0|0
S|PHA|34711778|32505833| |TF|0|0|0|0|0|0|1|13000|0|0|0|0|0

P|PHA2D|04|PHA|0|6
S| |91000000|181000000|LCA|CD|0|4000|0|0|300|0|0|0|0|0|0|0|0
S|LCA|34872861|33625581| |DF|2|0|0|0|0|220|1|4000|0|0|0|0|0
S|D255J|34844836|33425922| |TF|0|0|0|0|0|0|1|6000|0|0|0|0|0
S|NORDI|34796667|33088333| |TF|0|0|0|0|0|0|1|8000|0|0|0|0|0
S|IVETI|34741944|32704722| |TF|0|0|0|0|0|0|1|11000|0|0|0|0|0
S|PHA|34711778|32505833| |TF|0|0|0|0|0|0|1|13000|0|0|0|0|0

P|RUDE1D|22|RUDER|0|4
S|LK601|34826944|33566667| |DF|0|0|0|0|0|0|0|0|0|1|0|0|0
S|BOSIS|34623333|33740000| |DF|1|0|0|0|0|0|1|3000|0|0|0|0|0
S|KOBER|34743611|34106667| |TF|0|0|0|0|0|0|1|4000|0|0|0|0|0
S|RUDER|34953333|34125000| |TF|0|0|0|0|0|0|1|4000|0|0|0|0|0

P|RUDE1W|04|RUDER|0|3
S|LK400|34909247|33667350| |DF|0|0|0|0|0|0|0|0|0|1|0|0|0
S|SOBOS|34925000|33945000| |DF|0|0|0|0|0|0|1|3000|0|0|0|0|0
S|RUDER|34953333|34125000| |TF|0|0|0|0|0|0|1|4000|0|0|0|0|0

P|RUDE2C|04|RUDER|0|4
S| |91000000|181000000|LCA|CD|0|4000|0|0|300|0|0|0|0|0|0|0|0
S| |91000000|181000000| |CI|0|10300|0|0|0|220|0|0|0|0|0|0|0
S|SOBOS|34925000|33945000|LCA|CF|0|7300|1610|7370|900|0|1|3000|0|0|0|0|0
S|RUDER|34953333|34125000| |TF|0|0|0|0|0|0|1|4000|0|0|0|0|0

