P|GIRD1V|27|GIRDA|0|4
S|PLA|44889208|13753517|PUL|CF|0|26400|700|26450|640|210|0|0|0|0|0|0|0
S|PL901|45005778|13747944| |TF|0|0|0|0|0|220|1|3000|0|0|0|0|0
S|PL902|45157778|13740639| |TF|0|0|0|0|0|0|2|8000|0|0|0|0|0
S|GIRDA|45475575|14133953| |TF|0|0|0|0|0|0|1|8000|0|0|0|0|0

P|GIRD1W|09|GIRDA|0|4
S|KAV|44895353|14008239|PUL|CF|0|8400|390|8330|290|0|0|0|0|1|0|0|0
S|PL801|45033778|14113417| |TF|0|0|0|0|0|230|3|7000|4300|0|0|0|0
S|PL802|45170417|14105972| |TF|0|0|0|0|0|0|1|9000|0|0|0|0|0
S|GIRDA|45475575|14133953| |TF|0|0|0|0|0|0|0|0|0|0|0|0|0

P|GIRD6D|09|GIRDA|0|3
S|KAV|44895353|14008239| |DF|0|0|0|0|0|0|0|0|0|0|0|0|0
S|D005S|45181389|14070000|PUL|CF|0|500|1850|1640|1700|0|1|9000|0|0|0|0|0
S|GIRDA|45475575|14133953| |TF|0|0|0|0|0|0|0|0|0|0|0|0|0

P|LOS1Q|27|LOS|0|3
S|PLA|44889208|13753517|PUL|CF|0|26400|700|26450|640|210|0|0|0|0|0|0|0
S|PL904|44772611|13759056| |TF|0|0|0|0|0|220|1|3000|0|0|0|0|0
S|LOS|44527097|14472847| |TF|0|0|0|0|0|0|0|0|0|0|0|0|0

P|LOS1R|09|LOS|0|3
S|KAV|44895353|14008239|PUL|CF|0|8400|390|8330|290|0|0|0|0|1|0|0|0
S|PL803|44671694|14291444| |TF|0|0|0|0|0|0|2|8000|0|0|0|0|0
S|LOS|44527097|14472847| |TF|0|0|0|0|0|0|0|0|0|0|0|0|0

P|LOS5H|09|LOS|0|2
S|KAV|44895353|14008239| |DF|0|0|0|0|0|0|0|0|0|0|0|0|0
S|LOS|44527097|14472847| |TF|0|0|0|0|0|0|0|0|0|0|0|0|0

P|LOS6G|27|LOS|0|4
S| |91000000|181000000|PUL|CD|0|26400|0|0|500|0|0|0|0|0|0|0|0
S| |91000000|181000000|PUL|CR|0|17400|0|21900|0|240|0|0|0|0|0|0|0
S| |91000000|181000000| |VI|0|14100|0|0|0|0|0|0|0|0|0|0|0
S|LOS|44527097|14472847|PUL|CF|0|11100|3230|12850|2800|0|1|8000|0|0|0|0|0

P|OBAL1A|09|OBALA|0|2
S|CRE|44902881|14416547| |DF|0|0|0|0|0|0|0|0|0|0|0|0|0
S|OBALA|44920278|14972500| |TF|0|0|0|0|0|0|0|0|0|0|0|0|0

P|OBAL1B|27|OBALA|0|5
S| |91000000|181000000|PUL|CD|0|26400|0|0|500|0|0|0|0|0|0|0|0
S| |91000000|181000000|PUL|CR|0|35400|0|30900|0|240|0|0|0|0|0|0|0
S|D278V|44977294|13916031| |DF|2|0|0|0|0|0|1|6000|0|0|0|0|0
S|CRE|44902881|14416547| |TF|0|0|0|0|0|0|1|8000|0|0|0|0|0
S|OBALA|44920278|14972500| |TF|0|0|0|0|0|0|0|0|0|0|0|0|0

P|OBAL1C|27|OBALA|0|5
S| |91000000|181000000|PUL|CD|0|26400|0|0|500|0|0|0|0|0|0|0|0
S| |91000000|181000000|PUL|CR|0|17400|0|21900|0|240|0|0|0|0|0|0|0
S|D250V|44800506|13920369| |DF|1|0|0|0|0|0|1|6000|0|0|0|0|0
S|CRE|44902881|14416547| |TF|0|0|0|0|0|0|1|8000|0|0|0|0|0
S|OBALA|44920278|14972500| |TF|0|0|0|0|0|0|0|0|0|0|0|0|0

P|OBAL1U|27|OBALA|0|4
S|PLA|44889208|13753517|PUL|CF|0|26400|700|26450|640|210|0|0|0|0|0|0|0
S|PL904|44772611|13759056| |TF|0|0|0|0|0|220|1|3000|0|0|0|0|0
S|PL905|44780083|14093694| |TF|0|0|0|0|0|0|0|0|0|0|0|0|0
S|OBALA|44920278|14972500| |TF|0|0|0|0|0|0|0|0|0|0|0|0|0

P|OBAL1V|27|OBALA|0|4
S|PLA|44889208|13753517|PUL|CF|0|26400|700|26450|640|210|0|0|0|0|0|0|0
S|PL901|45005778|13747944| |TF|0|0|0|0|0|220|1|3000|0|0|0|0|0
S|PL903|45013917|14084444| |TF|0|0|0|0|0|0|1|4300|0|0|0|0|0
S|OBALA|44920278|14972500| |TF|0|0|0|0|0|0|0|0|0|0|0|0|0

P|OBAL1W|09|OBALA|0|1
S|OBALA|44920278|14972500|PUL|CF|0|8400|4500|8350|4400|0|0|0|0|0|0|0|0

P|PEVA1V|27|PEVAL|0|4
S|PLA|44889208|13753517|PUL|CF|0|26400|700|26450|640|210|0|0|0|0|0|0|0
S|PL901|45005778|13747944| |TF|0|0|0|0|0|220|1|3000|0|0|0|0|0
S|PL902|45157778|13740639| |TF|0|0|0|0|0|0|2|8000|0|0|0|0|0
S|PEVAL|45311389|13247500| |TF|0|0|0|0|0|0|0|0|0|0|0|0|0

P|PEVA1W|09|PEVAL|0|4
S|KAV|44895353|14008239|PUL|CF|0|8400|390|8330|290|0|0|0|0|1|0|0|0
S|PL801|45033778|14113417| |TF|0|0|0|0|0|230|3|7000|4300|0|0|0|0
S|PL802|45170417|14105972| |TF|0|0|0|0|0|0|1|9000|0|0|0|0|0
S|PEVAL|45311389|13247500| |TF|0|0|0|0|0|0|0|0|0|0|0|0|0

P|RJK1V|27|RJK|0|4
S|PLA|44889208|13753517|PUL|CF|0|26400|700|26450|640|210|0|0|0|0|0|0|0
S|PL901|45005778|13747944| |TF|0|0|0|0|0|220|1|3000|0|0|0|0|0
S|PL902|45157778|13740639| |TF|0|0|0|0|0|0|2|8000|0|0|0|0|0
S|RJK|45224125|14566961| |TF|0|0|0|0|0|0|1|9000|0|0|0|0|0

P|RJK1W|09|RJK|0|4
S|KAV|44895353|14008239|PUL|CF|0|8400|390|8330|290|0|0|0|0|1|0|0|0
S|PL801|45033778|14113417| |TF|0|0|0|0|0|230|3|7000|4300|0|0|0|0
S|PL802|45170417|14105972| |TF|0|0|0|0|0|0|1|9000|0|0|0|0|0
S|RJK|45224125|14566961| |TF|0|0|0|0|0|0|0|0|0|0|0|0|0

P|RJK1X|27|RJK|0|4
S|PLA|44889208|13753517|PUL|CF|0|26400|700|26450|640|210|0|0|0|0|0|0|0
S|PL901|45005778|13747944| |TF|0|0|0|0|0|220|1|3000|0|0|0|0|0
S|PL903|45013917|14084444| |TF|0|0|0|0|0|0|1|4300|0|0|0|0|0
S|RJK|45224125|14566961| |TF|0|0|0|0|0|0|1|9000|0|0|0|0|0

P|RJK4D|27|RJK|0|3
S| |91000000|181000000|PUL|CD|0|26400|0|0|500|0|0|0|0|0|0|0|0
S| |91000000|181000000|PUL|CD|0|35400|0|0|1810|240|1|7000|0|0|0|0|0
S|RJK|45224125|14566961| |DF|2|0|0|0|0|0|0|0|0|0|0|0|0

P|RJK5C|09|RJK|0|3
S|KAV|44895353|14008239| |DF|0|0|0|0|0|0|0|0|0|0|0|0|0
S|D005S|45181389|14070000|PUL|CF|0|500|1850|1640|1700|0|1|9000|0|1|0|0|0
S|RJK|45224125|14566961| |DF|0|0|0|0|0|0|0|0|0|0|0|0|0

