P|ANAN1W|09|ANANA|0|5
S| |91000000|181000000|TAB|VD|0|8800|0|0|400|0|1|4000|0|0|0|0|0
S| |91000000|181000000| |CI|0|8800|0|0|0|0|0|0|0|0|0|0|0
S|D359F|39045800|-1865683|TAB|AF|1|8800|600|35900|0|0|1|8000|0|0|0|0|0
S|D288F|38976589|-1985400|TAB|AF|1|35900|600|28800|0|0|0|0|0|0|0|0|0
S|ANANA|39000000|-2412861|TAB|CF|0|27700|2590|27740|2000|0|0|0|0|0|0|0|0

P|ANAN1X|27|ANANA|0|3
S| |91000000|181000000| |VA|0|26800|0|0|0|0|1|8000|0|0|0|0|0
S| |91000000|181000000| |VI|0|32200|0|0|0|0|0|0|0|0|0|0|0
S|ANANA|39000000|-2412861|TAB|CF|0|27700|2590|27740|1300|0|0|0|0|0|0|0|0

P|ASTR2W|09|ASTRO|0|2
S| |91000000|181000000| |VA|0|8800|0|0|0|0|1|4000|0|0|0|0|0
S|ASTRO|39024389|-1263000|VAB|CF|0|8000|2830|8040|2500|0|1|10000|0|0|0|0|0

P|ASTR2X|27|ASTRO|0|3
S| |91000000|181000000| |VA|0|26800|0|0|0|0|1|4000|0|0|0|0|0
S| |91000000|181000000| |VI|2|11000|0|0|0|0|0|0|0|0|0|0|0
S|ASTRO|39024389|-1263000|VAB|CF|0|8000|2830|8040|2300|0|1|10000|0|0|0|0|0

P|BLN2W|09|BLN|0|4
S| |91000000|181000000| |VA|0|8800|0|0|0|0|1|4000|0|0|0|0|0
S| |91000000|181000000| |VI|2|27200|0|0|0|0|0|0|0|0|0|0|0
S|TAB|38945722|-1863444| |IF|0|0|0|0|0|0|0|0|0|0|0|0|0
S|BLN|38152556|-3624722| |TF|0|0|0|0|0|0|1|10000|0|0|0|0|0

P|BLN2X|27|BLN|0|4
S| |91000000|181000000| |VA|0|26800|0|0|0|0|1|4000|0|0|0|0|0
S| |91000000|181000000| |VI|0|21200|0|0|0|0|0|0|0|0|0|0|0
S|TAB|38945722|-1863444| |IF|0|0|0|0|0|0|0|0|0|0|0|0|0
S|BLN|38152556|-3624722| |TF|0|0|0|0|0|0|1|10000|0|0|0|0|0

P|MOTI2W|09|MOTIL|0|3
S| |91000000|181000000| |VA|0|8800|0|0|0|0|1|4000|0|0|0|0|0
S| |91000000|181000000| |VI|1|34600|0|0|0|0|0|0|0|0|0|0|0
S|MOTIL|39538778|-1745194|VAB|CF|0|900|3590|850|2400|0|1|10000|0|0|0|0|0

P|MOTI2X|27|MOTIL|0|3
S| |91000000|181000000| |VA|0|26800|0|0|0|0|1|4000|0|0|0|0|0
S| |91000000|181000000| |VI|2|4600|0|0|0|0|0|0|0|0|0|0|0
S|MOTIL|39538778|-1745194|VAB|CF|0|900|3590|850|2900|0|1|10000|0|0|0|0|0

P|SOSA3A|27|SOSAV|0|5
S| |91000000|181000000|VAB|VD|0|26800|0|0|600|0|1|3300|0|0|0|0|0
S| |91000000|181000000| |VI|0|26800|0|0|0|0|0|0|0|0|0|0|0
S|D019H|39073286|-1803564|VAB|AF|2|26800|800|1900|0|0|2|4000|0|0|0|0|0
S| |91000000|181000000| |VI|0|7100|0|0|0|0|0|0|0|0|0|0|0
S|SOSAV|39273500|-1495472|VAB|CF|0|4100|2590|4090|1500|0|1|10000|0|0|0|0|0

P|SOSA3B|09|SOSAV|0|3
S| |91000000|181000000|VAB|VD|0|8800|0|0|300|0|1|2800|0|0|0|0|0
S| |91000000|181000000| |VI|0|600|0|0|0|0|0|0|0|0|0|0|0
S|SOSAV|39273500|-1495472|VAB|CF|0|4100|2590|4090|1900|0|1|10000|0|0|0|0|0

P|YES2W|09|YES|0|3
S| |91000000|181000000| |VA|0|8800|0|0|0|0|1|4000|0|0|0|0|0
S| |91000000|181000000| |VI|2|24500|0|0|0|0|0|0|0|0|0|0|0
S|YES|38360778|-2352778|YES|CF|0|21300|0|0|3600|0|1|10000|0|0|0|0|0

P|YES2X|27|YES|0|3
S| |91000000|181000000| |VA|0|26800|0|0|0|0|1|4000|0|0|0|0|0
S| |91000000|181000000| |VI|0|18500|0|0|0|0|0|0|0|0|0|0|0
S|YES|38360778|-2352778|YES|CF|0|21300|0|0|3400|0|1|10000|0|0|0|0|0

