P|AGID1A|25|AGIDO|0|4
S| |91000000|181000000|AMR|CD|0|25300|0|0|1500|0|0|0|0|0|0|0|0
S| |91000000|181000000| |CI|0|25300|0|0|0|0|0|0|0|0|0|0|0
S|D314Q|37029969|-2513953|AMR|AF|2|26000|1700|31400|0|0|0|0|0|0|0|0|0
S|AGIDO|37195694|-2626953|AMR|CF|0|32100|2800|32100|1100|0|1|11000|0|0|0|0|0

P|AGID1B|07|AGIDO|0|5
S|AM|36875833|-2239889|AMR|CF|0|7300|270|2020|600|0|0|0|0|1|0|0|0
S|D028O|37054100|-2112794|AMR|CF|0|2800|1500|2800|1200|0|0|0|0|0|0|0|0
S| |91000000|181000000| |CI|0|2800|0|0|0|0|0|0|0|0|0|0|0
S|D328Q|37073611|-2447033|AMR|AF|1|2800|1700|32800|0|0|0|0|0|0|0|0|0
S|AGIDO|37195694|-2626953|AMR|CF|0|32100|2800|32100|1100|0|1|11000|0|0|0|0|0

P|AGID1X|07|AGIDO|0|6
S| |91000000|181000000| |VA|0|7300|0|0|0|0|1|850|0|0|0|0|0
S| |91000000|181000000| |VI|0|4200|0|0|0|0|0|0|0|0|0|0|0
S|D357O|37083147|-2275769|AMR|CF|0|35700|1500|35700|1100|0|0|0|0|0|0|0|0
S| |91000000|181000000| |CI|0|35700|0|0|0|0|0|0|0|0|0|0|0
S|D328Q|37073611|-2447033|AMR|AF|1|35700|1700|32800|0|0|0|0|0|0|0|0|0
S|AGIDO|37195694|-2626953|AMR|CF|0|32100|2800|32100|1100|0|1|11000|0|0|0|0|0

P|AGID2S|25|AGIDO|0|5
S|AM501|36810242|-2506989|AMR|CF|0|25300|1200|26350|600|0|0|0|0|0|0|0|0
S|AM530|36698517|-2464575| |TF|0|0|0|0|0|210|0|0|0|0|0|0|0
S|AM531|36742297|-2286100| |TF|0|0|0|0|0|220|2|8500|0|0|0|0|0
S|AM532|37050419|-2288264| |TF|0|0|0|0|0|0|0|0|0|0|0|0|0
S|AGIDO|37195694|-2626953| |TF|0|0|0|0|0|0|1|11000|0|0|0|0|0

P|AGID2T|07|AGIDO|0|3
S|AM401|36877475|-2233083|AMR|CF|0|7300|290|2550|600|0|0|0|0|0|0|0|0
S|AM402|36993528|-2155139| |TF|0|0|0|0|0|230|0|0|0|0|0|0|0
S|AGIDO|37195694|-2626953| |TF|0|0|0|0|0|270|1|11000|0|0|0|0|0

P|DOSE2A|25|DOSEK|0|3
S| |91000000|181000000|AMR|CD|0|25300|0|0|1500|0|0|0|0|0|0|0|0
S|AMR|36833167|-2259417|AMR|CF|1|6100|0|0|1500|0|1|10000|0|0|0|0|0
S|DOSEK|37245358|-1985078| |TF|0|0|0|0|0|0|1|10000|0|0|0|0|0

P|DOSE2B|07|DOSEK|0|2
S|AM|36875833|-2239889|AMR|CF|0|7300|270|2020|600|0|0|0|0|1|0|0|0
S|DOSEK|37245358|-1985078|AMR|CF|0|2800|2800|2800|2500|0|1|10000|0|0|0|0|0

P|DOSE2S|25|DOSEK|0|4
S|AM501|36810242|-2506989|AMR|CF|0|25300|1200|26350|600|0|0|0|0|0|0|0|0
S|AM530|36698517|-2464575| |TF|0|0|0|0|0|210|0|0|0|0|0|0|0
S|AM531|36742297|-2286100| |TF|0|0|0|0|0|220|2|8500|0|0|0|0|0
S|DOSEK|37245358|-1985078| |TF|0|0|0|0|0|0|1|10000|0|0|0|0|0

P|DOSE2T|07|DOSEK|0|3
S|AM401|36877475|-2233083|AMR|CF|0|7300|290|2550|600|0|0|0|0|0|0|0|0
S|AM402|36993528|-2155139| |TF|0|0|0|0|0|230|0|0|0|0|0|0|0
S|DOSEK|37245358|-1985078| |TF|0|0|0|0|0|0|1|10000|0|0|0|0|0

P|DOSE2Y|25|DOSEK|0|4
S| |91000000|181000000|AMR|CD|0|25300|0|0|1500|0|0|0|0|0|0|0|0
S| |91000000|181000000| |CI|0|25300|0|0|0|0|0|0|0|0|0|0|0
S|D021Q|37097956|-2132494|AMR|AF|2|26000|1700|2100|0|0|0|0|0|0|0|0|0
S|DOSEK|37245358|-1985078|AMR|CF|0|2800|2800|2800|1100|0|1|10000|0|0|0|0|0

P|ESIL1A|25|ESILA|0|4
S| |91000000|181000000|AMR|CD|0|25300|0|0|1500|0|0|0|0|0|0|0|0
S|AMR|36833167|-2259417|AMR|CF|1|6100|0|0|1500|0|1|10000|0|0|0|0|0
S| |91000000|181000000| |VI|1|24200|0|0|0|0|0|0|0|0|0|0|0
S|ESILA|37051414|-2774128|AMR|CF|0|29800|2800|29800|2400|0|0|0|0|0|0|0|0

P|ESIL1B|07|ESILA|0|5
S|AM|36875833|-2239889|AMR|CF|0|7300|270|2020|600|0|0|0|0|1|0|0|0
S|D028O|37054100|-2112794|AMR|CF|0|2800|1500|2800|1200|0|0|0|0|0|0|0|0
S| |91000000|181000000| |CI|0|2800|0|0|0|0|0|0|0|0|0|0|0
S|D305Q|36995539|-2549142|AMR|AF|1|2800|1700|30500|0|0|0|0|0|0|0|0|0
S|ESILA|37051414|-2774128|AMR|CF|0|29800|2800|29800|1100|0|1|14000|0|0|0|0|0

P|ESIL1E|25|ESILA|0|4
S| |91000000|181000000|AMR|CD|0|25300|0|0|1500|0|0|0|0|0|0|0|0
S| |91000000|181000000| |CI|0|25300|0|0|0|0|0|0|0|0|0|0|0
S|D291Q|36934378|-2589350|AMR|AF|2|26000|1700|29100|0|0|0|0|0|0|0|0|0
S|ESILA|37051414|-2774128|AMR|CF|0|29800|2800|29800|1100|0|1|14000|0|0|0|0|0

P|ESIL1X|07|ESILA|0|6
S| |91000000|181000000| |VA|0|7300|0|0|0|0|1|850|0|0|0|0|0
S| |91000000|181000000| |VI|0|4200|0|0|0|0|0|0|0|0|0|0|0
S|D357O|37083147|-2275769|AMR|CF|0|35700|1500|35700|1100|0|0|0|0|0|0|0|0
S| |91000000|181000000| |CI|0|35700|0|0|0|0|0|0|0|0|0|0|0
S|D305Q|36995539|-2549142|AMR|AF|1|35700|1700|30500|0|0|0|0|0|0|0|0|0
S|ESILA|37051414|-2774128|AMR|CF|0|29800|2800|29800|1100|0|1|14000|0|0|0|0|0

P|ESIL2S|25|ESILA|0|3
S|AM501|36810242|-2506989|AMR|CF|0|25300|1200|26350|600|0|0|0|0|0|0|0|0
S|AM502|36770519|-2667397| |TF|0|0|0|0|0|0|0|0|0|0|0|0|0
S|ESILA|37051414|-2774128| |TF|0|0|0|0|0|230|1|14000|0|0|0|0|0

P|ESIL2T|07|ESILA|0|4
S|AM401|36877475|-2233083|AMR|CF|0|7300|290|2550|600|0|0|0|0|0|0|0|0
S|AM410|36752983|-2185786| |TF|0|0|0|0|0|0|0|0|0|0|0|0|0
S|AM411|36713842|-2344372| |TF|0|0|0|0|0|230|1|6000|0|0|0|0|0
S|ESILA|37051414|-2774128| |TF|0|0|0|0|0|0|1|14000|0|0|0|0|0

P|ESIL2V|07|ESILA|0|5
S| |91000000|181000000| |VA|0|7300|0|0|0|230|1|850|0|0|0|0|0
S|D234O|36685756|-2510875|AMR|CF|2|23400|1500|23400|1100|0|0|0|0|0|0|0|0
S| |91000000|181000000| |CI|0|23400|0|0|0|0|0|0|0|0|0|0|0
S|D291Q|36934378|-2589350|AMR|AF|2|23300|1700|29100|0|0|0|0|0|0|0|0|0
S|ESILA|37051414|-2774128|AMR|CF|0|29800|2800|29800|1100|0|1|14000|0|0|0|0|0

P|KUNE1A|25|KUNEN|0|4
S| |91000000|181000000|AMR|CD|0|25300|0|0|1500|0|0|0|0|0|0|0|0
S|AMR|36833167|-2259417|AMR|CF|1|6100|0|0|1500|0|1|10000|0|0|0|0|0
S| |91000000|181000000| |VI|1|20200|0|0|0|0|0|0|0|0|0|0|0
S|KUNEN|36831744|-2840739|AMR|CF|0|27000|2800|27000|2500|0|0|0|0|0|0|0|0

P|KUNE1E|25|KUNEN|0|3
S| |91000000|181000000|AMR|CD|0|25300|0|0|1500|0|0|0|0|0|0|0|0
S| |91000000|181000000| |VI|0|30000|0|0|0|0|0|0|0|0|0|0|0
S|KUNEN|36831744|-2840739|AMR|CF|0|27000|2800|27000|900|0|1|11000|0|0|0|0|0

P|KUNE2B|07|KUNEN|0|5
S| |91000000|181000000| |VA|0|7300|0|0|0|230|1|850|0|0|0|0|0
S|D234O|36685756|-2510875|AMR|CF|2|23400|1500|23400|1100|0|0|0|0|0|0|0|0
S| |91000000|181000000| |CI|0|23400|0|0|0|0|0|0|0|0|0|0|0
S|D263Q|36798075|-2609567|AMR|AF|2|23300|1700|26300|0|0|0|0|0|0|0|0|0
S|KUNEN|36831744|-2840739|AMR|CF|0|27000|2800|27000|1100|0|1|11000|0|0|0|0|0

P|KUNE2S|25|KUNEN|0|4
S|AM501|36810242|-2506989|AMR|CF|0|25300|1200|26350|600|0|0|0|0|0|0|0|0
S|AM502|36770519|-2667397| |TF|0|0|0|0|0|0|0|0|0|0|0|0|0
S|AM503|36736364|-2804508| |TF|0|0|0|0|0|0|0|0|0|0|0|0|0
S|KUNEN|36831744|-2840739| |TF|0|0|0|0|0|210|1|11000|0|0|0|0|0

P|KUNE2T|07|KUNEN|0|4
S|AM401|36877475|-2233083|AMR|CF|0|7300|290|2550|600|0|0|0|0|0|0|0|0
S|AM410|36752983|-2185786| |TF|0|0|0|0|0|0|0|0|0|0|0|0|0
S|AM411|36713842|-2344372| |TF|0|0|0|0|0|230|1|6000|0|0|0|0|0
S|KUNEN|36831744|-2840739| |TF|0|0|0|0|0|0|1|11000|0|0|0|0|0

P|RISP1A|25|RISPO|0|3
S| |91000000|181000000|AMR|CD|0|25300|0|0|1500|0|0|0|0|0|0|0|0
S|AMR|36833167|-2259417|AMR|CF|1|6100|0|0|1500|0|1|10000|0|0|0|0|0
S|RISPO|37299714|-2290028| |TF|0|0|0|0|0|0|0|0|0|0|0|0|0

P|RISP1B|07|RISPO|0|5
S|AM|36875833|-2239889|AMR|CF|0|7300|270|2020|600|0|0|0|0|1|0|0|0
S|D028O|37054100|-2112794|AMR|CF|0|2800|1500|2800|1200|0|0|0|0|0|0|0|0
S| |91000000|181000000| |CI|0|2800|0|0|0|0|0|0|0|0|0|0|0
S|D004Q|37116172|-2234706|AMR|AF|1|2800|1700|400|0|0|0|0|0|0|0|0|0
S|RISPO|37299714|-2290028|AMR|CF|0|35700|2800|35700|1100|0|1|10000|0|0|0|0|0

P|RISP1X|07|RISPO|0|3
S| |91000000|181000000| |VA|0|7300|0|0|0|0|1|850|0|0|0|0|0
S| |91000000|181000000| |VI|0|4200|0|0|0|0|0|0|0|0|0|0|0
S|RISPO|37299714|-2290028|AMR|CF|0|35700|2800|35700|2400|0|1|10000|0|0|0|0|0

P|RISP1Y|25|RISPO|0|4
S| |91000000|181000000|AMR|CD|0|25300|0|0|1500|0|0|0|0|0|0|0|0
S| |91000000|181000000| |CI|0|25300|0|0|0|0|0|0|0|0|0|0|0
S|D350Q|37112542|-2320928|AMR|AF|2|26000|1700|35000|0|0|0|0|0|0|0|0|0
S|RISPO|37299714|-2290028|AMR|CF|0|35700|2800|35700|1100|0|1|10000|0|0|0|0|0

P|RISP2S|25|RISPO|0|5
S|AM501|36810242|-2506989|AMR|CF|0|25300|1200|26350|600|0|0|0|0|0|0|0|0
S|AM530|36698517|-2464575| |TF|0|0|0|0|0|210|0|0|0|0|0|0|0
S|AM531|36742297|-2286100| |TF|0|0|0|0|0|220|2|8500|0|0|0|0|0
S|AM532|37050419|-2288264| |TF|0|0|0|0|0|0|0|0|0|0|0|0|0
S|RISPO|37299714|-2290028| |TF|0|0|0|0|0|0|1|10000|0|0|0|0|0

P|RISP2T|07|RISPO|0|3
S|AM401|36877475|-2233083|AMR|CF|0|7300|290|2550|600|0|0|0|0|0|0|0|0
S|AM402|36993528|-2155139| |TF|0|0|0|0|0|230|0|0|0|0|0|0|0
S|RISPO|37299714|-2290028| |TF|0|0|0|0|0|0|1|10000|0|0|0|0|0

P|VADA2A|25|VADAT|0|4
S| |91000000|181000000|AMR|CD|0|25300|0|0|1500|0|0|0|0|0|0|0|0
S| |91000000|181000000| |CI|0|25300|0|0|0|0|0|0|0|0|0|0|0
S|D226Q|36635811|-2512650|AMR|AF|1|26000|1700|22600|0|0|0|0|0|0|0|0|0
S|VADAT|36469406|-2623581|AMR|CF|0|21900|2800|21900|1100|0|1|10000|0|0|0|0|0

P|VADA2B|07|VADAT|0|2
S| |91000000|181000000| |VA|0|7300|0|0|0|230|1|850|0|0|0|0|0
S|VADAT|36469406|-2623581|AMR|CF|2|21900|2800|21900|2500|0|1|10000|0|0|0|0|0

P|VADA2S|25|VADAT|0|2
S|AM501|36810242|-2506989|AMR|CF|0|25300|1200|26350|600|0|0|0|0|0|0|0|0
S|VADAT|36469406|-2623581| |TF|0|0|0|0|0|0|3|14000|10000|0|0|0|0

