P|HUE1A|12R|HUE|0|3
S| |91000000|181000000| |VA|0|12200|0|0|0|0|1|2170|0|0|0|0|0
S|HUE|42073361|-318806|HUE|FA|0|11500|0|0|0|0|1|4500|0|0|0|0|0
S|HUE|42073361|-318806| |DF|2|0|0|0|0|0|1|8000|0|0|0|0|0

P|HUE1B|30L|HUE|0|3
S| |91000000|181000000| |VA|0|30200|0|0|0|0|1|2170|0|0|0|0|0
S|HUE|42073361|-318806|HUE|FA|0|30900|0|0|0|0|1|4300|0|0|0|0|0
S|HUE|42073361|-318806| |DF|1|0|0|0|0|0|1|8000|0|0|0|0|0

P|HUE1C|12R|HUE|0|3
S|HC600|42039806|-226639|HUE|CF|0|11600|460|11500|400|0|0|0|0|1|0|0|0
S| |91000000|181000000| |CA|0|11600|0|0|0|0|1|4500|0|0|0|0|0
S|HUE|42073361|-318806| |DF|2|0|0|0|0|0|1|8000|0|0|0|0|0

P|HUE1D|30L|HUE|0|2
S| |91000000|181000000| |CA|0|29300|0|0|0|0|1|4300|0|0|0|0|0
S|HUE|42073361|-318806| |DF|1|0|0|0|0|0|1|8000|0|0|0|0|0

