P|BAVE2H|01|BAVER|0|9
S| |91000000|181000000| |CA|0|700|0|0|0|0|1|710|0|0|0|0|0
S|D009G|39978592|4242669|MHN|CF|0|900|700|800|600|0|0|0|0|0|0|0|0
S| |91000000|181000000| |CI|0|900|0|0|0|0|0|0|0|0|0|0|0
S|D042I|39971517|4351839|MHN|AF|2|800|900|4200|0|0|0|0|0|0|0|0|0
S|MHN|39863611|4216306| |TF|0|0|0|0|0|0|1|4000|0|0|0|0|0
S|NEVIC|39331558|3432103| |TF|0|0|0|0|0|0|0|0|0|0|0|0|0
S|MJV|39435194|2758306| |TF|0|0|0|0|0|0|0|0|0|0|0|0|0
S|IZA|38915472|1470417| |TF|0|0|0|0|0|0|0|0|0|0|0|0|0
S|BAVER|38879833|675000| |TF|0|0|0|0|0|0|1|10000|0|0|0|0|0

P|BAVE3C|01|BAVER|0|8
S| |91000000|181000000| |CA|0|700|0|0|0|0|1|710|0|0|0|0|0
S|D009G|39978592|4242669|MHN|CF|0|900|700|800|600|0|0|0|0|0|0|0|0
S| |91000000|181000000| |CI|0|900|0|0|0|0|0|0|0|0|0|0|0
S|D244I|39802414|4038500|MHN|AF|1|900|900|24400|0|0|0|0|0|0|0|0|0
S|NEVIC|39331558|3432103|MHN|CF|0|22800|4840|22700|3900|0|0|0|0|0|0|0|0
S|MJV|39435194|2758306| |TF|0|0|0|0|0|0|0|0|0|0|0|0|0
S|IZA|38915472|1470417| |TF|0|0|0|0|0|0|0|0|0|0|0|0|0
S|BAVER|38879833|675000| |TF|0|0|0|0|0|0|1|10000|0|0|0|0|0

P|BAVE3D|19|BAVER|0|7
S| |91000000|181000000| |CA|0|18700|0|0|0|0|1|710|0|0|0|0|0
S|CARME|39747722|4197889|MHN|CF|0|18600|700|18500|600|0|0|0|0|0|0|0|0
S| |91000000|181000000| |VI|2|28200|0|0|0|0|0|0|0|0|0|0|0
S|NEVIC|39331558|3432103|MHN|CF|0|22800|4840|22700|3900|0|0|0|0|0|0|0|0
S|MJV|39435194|2758306| |TF|0|0|0|0|0|0|0|0|0|0|0|0|0
S|IZA|38915472|1470417| |TF|0|0|0|0|0|0|0|0|0|0|0|0|0
S|BAVER|38879833|675000| |TF|0|0|0|0|0|0|1|10000|0|0|0|0|0

P|EDUL2H|01|EDULI|0|8
S| |91000000|181000000| |CA|0|700|0|0|0|0|1|710|0|0|0|0|0
S|D009G|39978592|4242669|MHN|CF|0|900|700|800|600|0|0|0|0|0|0|0|0
S| |91000000|181000000| |CI|0|900|0|0|0|0|0|0|0|0|0|0|0
S|D042I|39971517|4351839|MHN|AF|2|800|900|4200|0|0|0|0|0|0|0|0|0
S|MHN|39863611|4216306| |TF|0|0|0|0|0|0|1|4000|0|0|0|0|0
S|NEVIC|39331558|3432103| |TF|0|0|0|0|0|0|0|0|0|0|0|0|0
S|MJV|39435194|2758306| |TF|0|0|0|0|0|0|0|0|0|0|0|0|0
S|EDULI|39406083|2417417| |TF|0|0|0|0|0|0|1|10000|0|0|0|0|0

P|EDUL3C|01|EDULI|0|7
S| |91000000|181000000| |CA|0|700|0|0|0|0|1|710|0|0|0|0|0
S|D009G|39978592|4242669|MHN|CF|0|900|700|800|600|0|0|0|0|0|0|0|0
S| |91000000|181000000| |CI|0|900|0|0|0|0|0|0|0|0|0|0|0
S|D244I|39802414|4038500|MHN|AF|1|900|900|24400|0|0|0|0|0|0|0|0|0
S|NEVIC|39331558|3432103|MHN|CF|0|22800|4840|22700|3900|0|0|0|0|0|0|0|0
S|MJV|39435194|2758306| |TF|0|0|0|0|0|0|0|0|0|0|0|0|0
S|EDULI|39406083|2417417| |TF|0|0|0|0|0|0|1|10000|0|0|0|0|0

P|EDUL3D|19|EDULI|0|6
S| |91000000|181000000| |CA|0|18700|0|0|0|0|1|710|0|0|0|0|0
S|CARME|39747722|4197889|MHN|CF|0|18600|700|18500|600|0|0|0|0|0|0|0|0
S| |91000000|181000000| |VI|2|28200|0|0|0|0|0|0|0|0|0|0|0
S|NEVIC|39331558|3432103|MHN|CF|0|22800|4840|22700|3900|0|0|0|0|0|0|0|0
S|MJV|39435194|2758306| |TF|0|0|0|0|0|0|0|0|0|0|0|0|0
S|EDULI|39406083|2417417| |TF|0|0|0|0|0|0|1|10000|0|0|0|0|0

P|EPAM2H|01|EPAMA|0|9
S| |91000000|181000000| |CA|0|700|0|0|0|0|1|710|0|0|0|0|0
S|D009G|39978592|4242669|MHN|CF|0|900|700|800|600|0|0|0|0|0|0|0|0
S| |91000000|181000000| |CI|0|900|0|0|0|0|0|0|0|0|0|0|0
S|D042I|39971517|4351839|MHN|AF|2|800|900|4200|0|0|0|0|0|0|0|0|0
S|MHN|39863611|4216306| |TF|0|0|0|0|0|0|1|4000|0|0|0|0|0
S|NEVIC|39331558|3432103| |TF|0|0|0|0|0|0|0|0|0|0|0|0|0
S|MJV|39435194|2758306| |TF|0|0|0|0|0|0|0|0|0|0|0|0|0
S|ADX|39549444|2395861| |TF|0|0|0|0|0|0|0|0|0|0|0|0|0
S|EPAMA|39603144|1380378| |TF|0|0|0|0|0|0|1|10000|0|0|0|0|0

P|EPAM3C|01|EPAMA|0|8
S| |91000000|181000000| |CA|0|700|0|0|0|0|1|710|0|0|0|0|0
S|D009G|39978592|4242669|MHN|CF|0|900|700|800|600|0|0|0|0|0|0|0|0
S| |91000000|181000000| |CI|0|900|0|0|0|0|0|0|0|0|0|0|0
S|D244I|39802414|4038500|MHN|AF|1|900|900|24400|0|0|0|0|0|0|0|0|0
S|NEVIC|39331558|3432103|MHN|CF|0|22800|4840|22700|3900|0|0|0|0|0|0|0|0
S|MJV|39435194|2758306| |TF|0|0|0|0|0|0|0|0|0|0|0|0|0
S|ADX|39549444|2395861| |TF|0|0|0|0|0|0|0|0|0|0|0|0|0
S|EPAMA|39603144|1380378| |TF|0|0|0|0|0|0|1|10000|0|0|0|0|0

P|EPAM3D|19|EPAMA|0|7
S| |91000000|181000000| |CA|0|18700|0|0|0|0|1|710|0|0|0|0|0
S|CARME|39747722|4197889|MHN|CF|0|18600|700|18500|600|0|0|0|0|0|0|0|0
S| |91000000|181000000| |VI|2|28200|0|0|0|0|0|0|0|0|0|0|0
S|NEVIC|39331558|3432103|MHN|CF|0|22800|4840|22700|3900|0|0|0|0|0|0|0|0
S|MJV|39435194|2758306| |TF|0|0|0|0|0|0|0|0|0|0|0|0|0
S|ADX|39549444|2395861| |TF|0|0|0|0|0|0|0|0|0|0|0|0|0
S|EPAMA|39603144|1380378| |TF|0|0|0|0|0|0|1|10000|0|0|0|0|0

P|ISTE2C|01|ISTER|0|5
S| |91000000|181000000| |CA|0|700|0|0|0|0|1|710|0|0|0|0|0
S|D009G|39978592|4242669|MHN|CF|0|900|700|800|600|0|0|0|0|0|0|0|0
S| |91000000|181000000| |CI|0|900|0|0|0|0|0|0|0|0|0|0|0
S|D042I|39971517|4351839|MHN|AF|2|800|900|4200|0|0|0|0|0|0|0|0|0
S|ISTER|40064611|4666667|MHN|CF|0|5800|2400|5770|1500|0|0|0|0|0|0|0|0

P|ISTE2D|19|ISTER|0|5
S| |91000000|181000000| |CA|0|18700|0|0|0|0|1|710|0|0|0|0|0
S|D186E|39781019|4201261|MHN|CF|0|18600|500|18600|400|0|0|0|0|0|0|0|0
S| |91000000|181000000| |CI|0|18600|0|0|0|0|0|0|0|0|0|0|0
S|D078G|39883789|4365561|MHN|AF|1|18600|700|7800|0|0|0|0|0|0|0|0|0
S|ISTER|40064611|4666667|MHN|CF|0|5800|2400|5770|1700|0|0|0|0|0|0|0|0

P|LUNI4C|01|LUNIK|0|5
S| |91000000|181000000| |CA|0|700|0|0|0|0|1|710|0|0|0|0|0
S|D009G|39978592|4242669|MHN|CF|0|900|700|800|600|0|0|0|0|0|0|0|0
S| |91000000|181000000| |CI|0|900|0|0|0|0|0|0|0|0|0|0|0
S|D327I|39992244|4115783|MHN|AF|1|900|900|32700|0|0|0|0|0|0|0|0|0
S|LUNIK|40439667|3392472|MHN|CF|0|31100|5130|31060|4100|0|1|10000|0|0|0|0|0

P|LUNI4D|19|LUNIK|0|5
S| |91000000|181000000| |CA|0|18700|0|0|0|0|1|710|0|0|0|0|0
S|D186E|39781019|4201261|MHN|CF|0|18600|500|18600|400|0|0|0|0|0|0|0|0
S| |91000000|181000000| |CI|0|18600|0|0|0|0|0|0|0|0|0|0|0
S|D291G|39909147|4076742|MHN|AF|2|18600|700|29100|0|0|0|0|0|0|0|0|0
S|LUNIK|40439667|3392472|MHN|CF|0|31100|5130|31060|4400|0|1|10000|0|0|0|0|0

P|MAME1H|01|MAMEB|0|6
S| |91000000|181000000| |CA|0|700|0|0|0|0|1|710|0|0|0|0|0
S|D009G|39978592|4242669|MHN|CF|0|900|700|800|600|0|0|0|0|0|0|0|0
S| |91000000|181000000| |CI|0|900|0|0|0|0|0|0|0|0|0|0|0
S|D042I|39971517|4351839|MHN|AF|2|800|900|4200|0|0|0|0|0|0|0|0|0
S|MHN|39863611|4216306| |TF|0|0|0|0|0|0|1|4000|0|0|0|0|0
S|MAMEB|39762778|3991944| |TF|0|0|0|0|0|0|0|0|0|0|0|0|0

P|MAME2C|01|MAMEB|0|5
S| |91000000|181000000| |CA|0|700|0|0|0|0|1|710|0|0|0|0|0
S|D009G|39978592|4242669|MHN|CF|0|900|700|800|600|0|0|0|0|0|0|0|0
S| |91000000|181000000| |CI|0|900|0|0|0|0|0|0|0|0|0|0|0
S|D254I|39827139|4027386|MHN|AF|1|900|900|25400|0|0|0|0|0|0|0|0|0
S|MAMEB|39762778|3991944|MHN|CF|0|23800|1200|23780|300|0|0|0|0|0|0|0|0

P|MAME2D|19|MAMEB|0|5
S| |91000000|181000000| |CA|0|18700|0|0|0|0|1|710|0|0|0|0|0
S|D186E|39781019|4201261|MHN|CF|0|18600|500|18600|400|0|0|0|0|0|0|0|0
S| |91000000|181000000| |CI|0|18600|0|0|0|0|0|0|0|0|0|0|0
S|D218G|39774125|4119039|MHN|AF|2|18600|700|21800|0|0|0|0|0|0|0|0|0
S|MAMEB|39762778|3991944|MHN|CF|0|23800|1200|23780|500|0|0|0|0|0|0|0|0

P|MERO2C|01|MEROS|0|3
S| |91000000|181000000| |CA|0|700|0|0|0|0|1|710|0|0|0|0|0
S|TIMOR|40011444|4250222|MHN|CF|0|900|900|800|800|0|0|0|0|0|0|0|0
S|MEROS|40500000|4366583| |TF|0|0|0|0|0|0|1|14500|0|0|0|0|0

P|MERO3D|19|MEROS|0|5
S| |91000000|181000000| |CA|0|18700|0|0|0|0|1|710|0|0|0|0|0
S|D186E|39781019|4201261|MHN|CF|0|18600|500|18600|400|0|0|0|0|0|0|0|0
S| |91000000|181000000| |CI|0|18600|0|0|0|0|0|0|0|0|0|0|0
S|D028G|39964703|4292172|MHN|AF|1|18600|700|2800|0|0|0|0|0|0|0|0|0
S|MEROS|40500000|4366583|MHN|CF|0|900|3880|820|3200|0|1|14500|0|0|0|0|0

P|MJV4H|01|MJV|0|7
S| |91000000|181000000| |CA|0|700|0|0|0|0|1|710|0|0|0|0|0
S|D009G|39978592|4242669|MHN|CF|0|900|700|800|600|0|0|0|0|0|0|0|0
S| |91000000|181000000| |CI|0|900|0|0|0|0|0|0|0|0|0|0|0
S|D042I|39971517|4351839|MHN|AF|2|800|900|4200|0|0|0|0|0|0|0|0|0
S|MHN|39863611|4216306| |TF|0|0|0|0|0|0|1|4000|0|0|0|0|0
S|NEVIC|39331558|3432103| |TF|0|0|0|0|0|0|0|0|0|0|0|0|0
S|MJV|39435194|2758306| |TF|0|0|0|0|0|0|1|10000|0|0|0|0|0

P|MJV5C|01|MJV|0|6
S| |91000000|181000000| |CA|0|700|0|0|0|0|1|710|0|0|0|0|0
S|D009G|39978592|4242669|MHN|CF|0|900|700|800|600|0|0|0|0|0|0|0|0
S| |91000000|181000000| |CI|0|900|0|0|0|0|0|0|0|0|0|0|0
S|D244I|39802414|4038500|MHN|AF|1|900|900|24400|0|0|0|0|0|0|0|0|0
S|NEVIC|39331558|3432103|MHN|CF|0|22800|4840|22700|3900|0|0|0|0|0|0|0|0
S|MJV|39435194|2758306| |TF|0|0|0|0|0|0|1|10000|0|0|0|0|0

P|MJV5D|19|MJV|0|5
S| |91000000|181000000| |CA|0|18700|0|0|0|0|1|710|0|0|0|0|0
S|CARME|39747722|4197889|MHN|CF|0|18600|700|18500|600|0|0|0|0|0|0|0|0
S| |91000000|181000000| |VI|2|28200|0|0|0|0|0|0|0|0|0|0|0
S|NEVIC|39331558|3432103|MHN|CF|0|22800|4840|22700|3900|0|0|0|0|0|0|0|0
S|MJV|39435194|2758306| |TF|0|0|0|0|0|0|1|10000|0|0|0|0|0

P|MORS3C|01|MORSS|0|5
S| |91000000|181000000| |CA|0|700|0|0|0|0|1|710|0|0|0|0|0
S|D009G|39978592|4242669|MHN|CF|0|900|700|800|600|0|0|0|0|0|0|0|0
S| |91000000|181000000| |CI|0|900|0|0|0|0|0|0|0|0|0|0|0
S|D058I|39938547|4385194|MHN|AF|2|800|900|5800|0|0|0|0|0|0|0|0|0
S|MORSS|39956697|4666667|MHN|CF|0|7300|2150|7280|1300|0|1|12000|0|0|0|0|0

P|MORS3D|19|MORSS|0|5
S| |91000000|181000000| |CA|0|18700|0|0|0|0|1|710|0|0|0|0|0
S|D186E|39781019|4201261|MHN|CF|0|18600|500|18600|400|0|0|0|0|0|0|0|0
S| |91000000|181000000| |CI|0|18600|0|0|0|0|0|0|0|0|0|0|0
S|D093G|39853336|4367219|MHN|AF|1|18600|700|9300|0|0|0|0|0|0|0|0|0
S|MORSS|39956697|4666667|MHN|CF|0|7300|2150|7280|1500|0|1|12000|0|0|0|0|0

P|NEVI1H|01|NEVIC|0|6
S| |91000000|181000000| |CA|0|700|0|0|0|0|1|710|0|0|0|0|0
S|D009G|39978592|4242669|MHN|CF|0|900|700|800|600|0|0|0|0|0|0|0|0
S| |91000000|181000000| |CI|0|900|0|0|0|0|0|0|0|0|0|0|0
S|D042I|39971517|4351839|MHN|AF|2|800|900|4200|0|0|0|0|0|0|0|0|0
S|MHN|39863611|4216306| |TF|0|0|0|0|0|0|1|4000|0|0|0|0|0
S|NEVIC|39331558|3432103| |TF|0|0|0|0|0|0|0|0|0|0|0|0|0

P|NEVI2C|01|NEVIC|0|5
S| |91000000|181000000| |CA|0|700|0|0|0|0|1|710|0|0|0|0|0
S|D009G|39978592|4242669|MHN|CF|0|900|700|800|600|0|0|0|0|0|0|0|0
S| |91000000|181000000| |CI|0|900|0|0|0|0|0|0|0|0|0|0|0
S|D244I|39802414|4038500|MHN|AF|1|900|900|24400|0|0|0|0|0|0|0|0|0
S|NEVIC|39331558|3432103|MHN|CF|0|22800|4840|22700|3900|0|0|0|0|0|0|0|0

P|NEVI2D|19|NEVIC|0|4
S| |91000000|181000000| |CA|0|18700|0|0|0|0|1|710|0|0|0|0|0
S|CARME|39747722|4197889|MHN|CF|0|18600|700|18500|600|0|0|0|0|0|0|0|0
S| |91000000|181000000| |VI|2|28200|0|0|0|0|0|0|0|0|0|0|0
S|NEVIC|39331558|3432103|MHN|CF|0|22800|4840|22700|3900|0|0|0|0|0|0|0|0

P|SARG3C|01|SARGO|0|4
S| |91000000|181000000| |CA|0|700|0|0|0|0|1|710|0|0|0|0|0
S|D009G|39978592|4242669|MHN|CF|0|900|700|800|600|0|0|0|0|1|0|0|0
S| |91000000|181000000| |VI|0|29900|0|0|0|0|0|0|0|0|0|0|0
S|SARGO|40500000|3991861|MHN|CF|0|34400|3950|34290|2900|0|1|10000|0|0|0|0|0

P|SARG4G|19|SARGO|0|5
S| |91000000|181000000| |CA|0|18700|0|0|0|0|1|710|0|0|0|0|0
S|D186E|39781019|4201261|MHN|CF|0|18600|500|18600|400|0|0|0|0|0|0|0|0
S| |91000000|181000000| |CI|0|18600|0|0|0|0|0|0|0|0|0|0|0
S|D324G|39960378|4131458|MHN|AF|2|18600|700|32400|0|0|0|0|0|0|0|0|0
S|SARGO|40500000|3991861|MHN|CF|0|34400|3950|34290|3300|0|1|10000|0|0|0|0|0

