P|BAGA1A|15|BAGAS|0|9
S|DER15|42760464|-1639350|PAP|CF|0|15100|440|1140|100|0|0|0|0|0|0|0|0
S| |91000000|181000000| |VA|0|16600|0|0|0|0|1|2100|0|0|0|0|0
S|PAP|42688389|-1660778|PAP|CF|0|21000|0|0|300|210|0|0|0|0|0|0|0
S| |91000000|181000000| |VI|2|31500|0|0|0|250|0|0|0|0|0|0|0
S|BIBEL|42734167|-1882778|PPN|CF|0|26900|800|26920|400|0|0|0|0|0|0|0|0
S| |91000000|181000000| |CI|0|26900|0|0|0|0|0|0|0|0|0|0|0
S|D310J|42842997|-1872981|PPN|AF|2|26900|1000|31000|0|0|0|0|0|0|0|0|0
S|PODUX|42901028|-1881528|PPN|CF|0|32100|1280|32080|300|0|0|0|0|0|0|0|0
S|BAGAS|43098444|-2094722| |TF|0|0|0|0|0|0|1|9500|0|0|0|0|0

P|BAGA1E|15|BAGAS|0|6
S|DER15|42760464|-1639350|PAP|CF|0|15100|440|1140|100|0|0|0|0|0|0|0|0
S| |91000000|181000000| |CA|0|16600|0|0|0|0|1|2100|0|0|0|0|0
S|PP400|42645500|-1695667|PAP|CF|0|21000|300|21000|700|220|1|5400|0|0|0|0|0
S|PP401|42649667|-1763194| |TF|0|0|0|0|0|0|1|6000|0|1|0|0|0
S|PODUX|42901028|-1881528| |TF|0|0|0|0|0|0|1|8500|0|0|0|0|0
S|BAGAS|43098444|-2094722| |TF|0|0|0|0|0|0|1|9500|0|0|0|0|0

P|BAGA1F|33|BAGAS|0|2
S|SUPOS|42871500|-1720417|PPN|CF|0|33100|830|35340|700|0|0|0|0|1|0|0|0
S|BAGAS|43098444|-2094722| |TF|0|0|0|0|0|0|1|9500|0|0|0|0|0

P|BAGA4C|33|BAGAS|0|6
S|SUPOS|42871500|-1720417|PPN|CF|0|33100|830|35340|700|0|0|0|0|0|0|0|0
S| |91000000|181000000| |CI|0|33100|0|0|0|0|0|0|0|0|0|0|0
S|D314J|42851522|-1862217|PPN|AF|1|35000|1000|31400|0|0|0|0|0|0|0|0|0
S|MALOB|42844944|-1938667|PPN|CF|0|30200|1240|30160|200|0|1|6500|0|0|0|0|0
S| |91000000|181000000| |VI|0|1200|0|0|0|0|0|0|0|0|0|0|0
S|BAGAS|43098444|-2094722|PPN|CF|0|32100|2790|32080|1200|0|1|9500|0|0|0|0|0

P|GOMS1C|33|GOMSO|0|3
S|SUPOS|42871500|-1720417|PPN|CF|0|33100|830|35340|700|0|0|0|0|0|0|0|0
S| |91000000|181000000| |VI|2|9700|0|0|0|0|0|0|0|0|0|0|0
S|GOMSO|42995111|-1500000|PPN|CF|0|2900|1800|2860|700|0|1|8500|0|0|0|0|0

P|GOMS1E|15|GOMSO|0|6
S|DER15|42760464|-1639350|PAP|CF|0|15100|440|1140|100|0|0|0|0|0|0|0|0
S| |91000000|181000000| |CA|0|16600|0|0|0|0|1|2100|0|0|0|0|0
S|PP400|42645500|-1695667|PAP|CF|0|21000|300|21000|700|220|1|5400|0|0|0|0|0
S|PP402|42657222|-1887000| |TF|0|0|0|0|0|0|1|6500|0|0|0|0|0
S|PP403|42768306|-1917528| |TF|0|0|0|0|0|0|0|0|0|1|0|0|0
S|GOMSO|42995111|-1500000| |TF|0|0|0|0|0|0|1|8500|0|0|0|0|0

P|GOMS1F|33|GOMSO|0|2
S|SUPOS|42871500|-1720417|PPN|CF|0|33100|830|35340|700|0|0|0|0|1|0|0|0
S|GOMSO|42995111|-1500000| |TF|0|0|0|0|0|0|1|8500|0|0|0|0|0

P|GOMS2A|15|GOMSO|0|8
S|DER15|42760464|-1639350|PAP|CF|0|15100|440|1140|100|0|0|0|0|0|0|0|0
S| |91000000|181000000| |VA|0|16600|0|0|0|0|1|2100|0|0|0|0|0
S|PAP|42688389|-1660778|PAP|CF|0|21000|0|0|300|210|0|0|0|0|0|0|0
S| |91000000|181000000| |VI|2|31500|0|0|0|210|0|0|0|0|0|0|0
S|BIBEL|42734167|-1882778|PPN|CF|0|26900|800|26920|400|0|0|0|0|0|0|0|0
S| |91000000|181000000| |CI|0|26900|0|0|0|0|0|0|0|0|0|0|0
S|D017J|42892283|-1631936|PPN|AF|2|26900|1000|1700|0|0|0|0|0|0|0|0|0
S|GOMSO|42995111|-1500000|PPN|CF|0|2900|1800|2860|800|210|1|8500|0|0|0|0|0

P|KUDE1A|15|KUDEX|0|6
S|DER15|42760464|-1639350|PAP|CF|0|15100|440|1140|100|0|0|0|0|0|0|0|0
S| |91000000|181000000| |VA|0|16600|0|0|0|0|1|2100|0|0|0|0|0
S|PAP|42688389|-1660778|PAP|CF|0|21000|0|0|300|210|0|0|0|0|0|0|0
S| |91000000|181000000| |VI|2|31500|0|0|0|250|0|0|0|0|0|0|0
S|BIBEL|42734167|-1882778|PPN|CF|0|26900|800|26920|400|0|0|0|0|0|0|0|0
S|KUDEX|42734333|-2193056| |TF|0|0|0|0|0|0|1|8500|0|0|0|0|0

P|KUDE1E|15|KUDEX|0|5
S|DER15|42760464|-1639350|PAP|CF|0|15100|440|1140|100|0|0|0|0|0|0|0|0
S| |91000000|181000000| |CA|0|16600|0|0|0|0|1|2100|0|0|0|0|0
S|PP400|42645500|-1695667|PAP|CF|0|21000|300|21000|700|220|1|5400|0|0|0|0|0
S|PP402|42657222|-1887000| |TF|0|0|0|0|0|0|1|6500|0|0|0|0|0
S|KUDEX|42734333|-2193056| |TF|0|0|0|0|0|0|1|8500|0|0|0|0|0

P|KUDE1F|33|KUDEX|0|3
S|SUPOS|42871500|-1720417|PPN|CF|0|33100|830|35340|700|0|0|0|0|1|0|0|0
S|PP404|42821833|-1894167| |TF|0|0|0|0|0|220|0|0|0|1|0|0|0
S|KUDEX|42734333|-2193056| |TF|0|0|0|0|0|0|1|8500|0|0|0|0|0

P|KUDE3C|33|KUDEX|0|4
S|SUPOS|42871500|-1720417|PPN|CF|0|33100|830|35340|700|0|0|0|0|0|0|0|0
S| |91000000|181000000| |CI|0|33100|0|0|0|0|0|0|0|0|0|0|0
S|D281J|42768197|-1923333|PPN|AF|1|35000|1000|28100|0|0|0|0|0|0|0|0|0
S|KUDEX|42734333|-2193056|PPN|CF|0|26900|2170|26930|1200|0|1|8500|0|0|0|0|0

P|MALO1E|15|MALOB|0|5
S|DER15|42760464|-1639350|PAP|CF|0|15100|440|1140|100|0|0|0|0|0|0|0|0
S| |91000000|181000000| |CA|0|16600|0|0|0|0|1|2100|0|0|0|0|0
S|PP400|42645500|-1695667|PAP|CF|0|21000|300|21000|700|220|1|5400|0|0|0|0|0
S|PP402|42657222|-1887000| |TF|0|0|0|0|0|0|1|6500|0|0|0|0|0
S|MALOB|42844944|-1938667| |TF|0|0|0|0|0|0|1|10000|0|0|0|0|0

P|MALO1F|33|MALOB|0|2
S|SUPOS|42871500|-1720417|PPN|CF|0|33100|830|35340|700|0|0|0|0|1|0|0|0
S|MALOB|42844944|-1938667| |TF|0|0|0|0|0|220|1|10000|0|0|0|0|0

P|MALO2A|15|MALOB|0|8
S|DER15|42760464|-1639350|PAP|CF|0|15100|440|1140|100|0|0|0|0|0|0|0|0
S| |91000000|181000000| |VA|0|16600|0|0|0|0|1|2100|0|0|0|0|0
S|PAP|42688389|-1660778|PAP|CF|0|21000|0|0|300|210|0|0|0|0|0|0|0
S| |91000000|181000000| |VI|2|31500|0|0|0|250|0|0|0|0|0|0|0
S|BIBEL|42734167|-1882778|PPN|CF|0|26900|800|26920|400|0|0|0|0|0|0|0|0
S| |91000000|181000000| |CI|0|26900|0|0|0|0|0|0|0|0|0|0|0
S|D291J|42796008|-1911894|PPN|AF|2|26900|1000|29100|0|0|0|0|0|0|0|0|0
S|MALOB|42844944|-1938667|PPN|CF|0|30200|1240|30160|200|0|1|10000|0|0|0|0|0

P|MALO4C|33|MALOB|0|4
S|SUPOS|42871500|-1720417|PPN|CF|0|33100|830|35340|700|0|0|0|0|0|0|0|0
S| |91000000|181000000| |CI|0|33100|0|0|0|0|0|0|0|0|0|0|0
S|D314J|42851522|-1862217|PPN|AF|1|35000|1000|31400|0|0|0|0|0|0|0|0|0
S|MALOB|42844944|-1938667|PPN|CF|0|30200|1240|30160|200|0|1|10000|0|0|0|0|0

P|NOLS1A|15|NOLSA|0|5
S|DER15|42760464|-1639350|PAP|CF|0|15100|440|1140|100|0|0|0|0|0|0|0|0
S| |91000000|181000000| |VA|0|16600|0|0|0|0|1|2100|0|0|0|0|0
S|PAP|42688389|-1660778|PAP|CF|0|21000|0|0|300|210|0|0|0|0|0|0|0
S| |91000000|181000000| |VI|0|25000|0|0|0|250|0|0|0|0|0|0|0
S|NOLSA|42427611|-1907417|PPN|CF|0|20500|2050|20550|1600|0|1|8500|0|0|0|0|0

P|NOLS1E|15|NOLSA|0|4
S|DER15|42760464|-1639350|PAP|CF|0|15100|440|1140|100|0|0|0|0|0|0|0|0
S| |91000000|181000000| |CA|0|16600|0|0|0|0|1|2100|0|0|0|0|0
S|PP400|42645500|-1695667|PAP|CF|0|21000|300|21000|700|220|1|5400|0|0|0|0|0
S|NOLSA|42427611|-1907417| |TF|0|0|0|0|0|0|1|8500|0|0|0|0|0

P|NOLS1F|33|NOLSA|0|4
S|SUPOS|42871500|-1720417|PPN|CF|0|33100|830|35340|700|0|0|0|0|1|0|0|0
S|PP404|42821833|-1894167| |TF|0|0|0|0|0|220|0|0|0|1|0|0|0
S|PP405|42655167|-1899806| |TF|0|0|0|0|0|0|0|0|0|1|0|0|0
S|NOLSA|42427611|-1907417| |TF|0|0|0|0|0|0|1|8500|0|0|0|0|0

P|NOLS3C|33|NOLSA|0|5
S|SUPOS|42871500|-1720417|PPN|CF|0|33100|830|35340|700|0|0|0|0|0|0|0|0
S| |91000000|181000000| |CI|0|33100|0|0|0|0|0|0|0|0|0|0|0
S|D314J|42851522|-1862217|PPN|AF|1|35000|1000|31400|0|0|0|0|0|0|0|0|0
S|PPN|42733750|-1702000|PPN|CF|0|12200|0|0|1000|240|0|0|0|0|0|0|0
S|NOLSA|42427611|-1907417| |TF|0|0|0|0|0|0|1|8500|0|0|0|0|0

P|TURP1E|15|TURPU|0|6
S|DER15|42760464|-1639350|PAP|CF|0|15100|440|1140|100|0|0|0|0|0|0|0|0
S| |91000000|181000000| |CA|0|16600|0|0|0|0|1|2100|0|0|0|0|0
S|PP400|42645500|-1695667|PAP|CF|0|21000|300|21000|600|220|1|5400|0|0|0|0|0
S|PP402|42657222|-1887000| |TF|0|0|0|0|0|0|1|6500|0|0|0|0|0
S|PP403|42768306|-1917528| |TF|0|0|0|0|0|0|0|0|0|1|0|0|0
S|TURPU|42677833|-1542556| |TF|2|0|0|0|0|0|1|6500|0|0|0|0|0

P|TURP1F|33|TURPU|0|4
S|SUPOS|42871500|-1720417|PPN|CF|0|33100|830|35340|700|0|0|0|0|1|0|0|0
S|PP404|42821833|-1894167| |TF|0|0|0|0|0|220|0|0|0|1|0|0|0
S|PP405|42655167|-1899806| |TF|0|0|0|0|0|0|0|0|0|1|0|0|0
S|TURPU|42677833|-1542556| |TF|1|0|0|0|0|240|1|6500|0|0|0|0|0

P|TURP3A|15|TURPU|0|9
S|DER15|42760464|-1639350|PAP|CF|0|15100|440|1140|100|0|0|0|0|0|0|0|0
S| |91000000|181000000| |VA|0|16600|0|0|0|0|1|2100|0|0|0|0|0
S|PAP|42688389|-1660778|PAP|CF|0|21000|0|0|300|210|0|0|0|0|0|0|0
S| |91000000|181000000| |VI|2|31500|0|0|0|250|0|0|0|0|0|0|0
S|BIBEL|42734167|-1882778|PPN|CF|0|26900|800|26920|400|0|0|0|0|0|0|0|0
S| |91000000|181000000| |CI|0|26900|0|0|0|0|0|0|0|0|0|0|0
S|D291J|42796008|-1911894|PPN|AF|2|26900|1000|29100|0|0|0|0|0|0|0|0|0
S|PPN|42733750|-1702000|PPN|CF|0|12200|0|0|1000|0|0|0|0|0|0|0|0
S|TURPU|42677833|-1542556| |TF|0|0|0|0|0|0|1|6500|0|0|0|0|0

P|TURP4C|33|TURPU|0|5
S|SUPOS|42871500|-1720417|PPN|CF|0|33100|830|35340|700|0|0|0|0|0|0|0|0
S| |91000000|181000000| |CI|0|33100|0|0|0|0|0|0|0|0|0|0|0
S|D314J|42851522|-1862217|PPN|AF|1|35000|1000|31400|0|0|0|0|0|0|0|0|0
S|PPN|42733750|-1702000|PPN|CF|0|12200|0|0|1000|0|0|0|0|0|0|0|0
S|TURPU|42677833|-1542556| |TF|0|0|0|0|0|0|1|6500|0|0|0|0|0

