P|DGO1S|11|DGO|0|4
S|RJ601|42428111|-2199139|LPA|CF|0|11000|600|10890|600|0|0|0|0|1|0|0|0
S|LPA|42460528|-2326917| |DF|2|0|0|0|0|0|1|7000|0|0|0|0|0
S|INDEL|42455889|-2705028| |TF|0|0|0|0|0|0|1|9500|0|0|0|0|0
S|DGO|42453306|-2880694| |TF|0|0|0|0|0|0|0|0|0|0|0|0|0

P|DGO1X|29|DGO|0|3
S|RJ701|42490222|-2432139|LPA|CF|0|29000|500|29090|500|0|0|0|0|1|0|0|0
S|INDEL|42455889|-2705028| |TF|0|0|0|0|0|0|0|0|0|0|0|0|0
S|DGO|42453306|-2880694| |TF|0|0|0|0|0|0|1|9500|0|0|0|0|0

P|DGO5K|29|DGO|0|4
S| |91000000|181000000|LPA|VD|0|29000|0|0|500|0|0|0|0|0|0|0|0
S| |91000000|181000000| |VI|0|23700|0|0|0|0|0|0|0|0|0|0|0
S|INDEL|42455889|-2705028|LPA|CF|0|26900|1680|26920|900|0|0|0|0|0|0|0|0
S|DGO|42453306|-2880694| |TF|0|0|0|0|0|0|0|0|0|0|0|0|0

P|GARV1S|11|GARVU|0|3
S|RJ602|42412806|-2142000|LPA|CF|0|11000|870|10920|800|0|0|0|0|0|0|0|0
S|RJ603|42299583|-2186194| |TF|0|0|0|0|0|0|0|0|0|0|0|0|0
S|GARVU|42171028|-2077806| |TF|0|0|0|0|0|0|1|8500|0|0|0|0|0

P|GARV1X|29|GARVU|0|3
S|RJ701|42490222|-2432139|LPA|CF|0|29000|500|29090|500|0|0|0|0|1|0|0|0
S|LPA|42460528|-2326917| |DF|1|0|0|0|0|0|1|5400|0|1|0|0|0
S|GARVU|42171028|-2077806| |DF|2|0|0|0|0|0|1|8500|0|0|0|0|0

P|GARV4N|11|GARVU|0|3
S| |91000000|181000000|LPA|VD|0|11000|0|0|600|0|0|0|0|0|0|0|0
S| |91000000|181000000| |VI|0|19700|0|0|0|0|0|0|0|0|0|0|0
S|GARVU|42171028|-2077806|LPA|CF|0|14700|2060|14740|1200|0|1|7500|0|0|0|0|0

P|MIRP1S|11|MIRPO|0|3
S|RJ601|42428111|-2199139|LPA|CF|0|11000|600|10890|600|0|0|0|0|1|0|0|0
S|LPA|42460528|-2326917| |DF|2|0|0|0|0|0|0|0|0|0|0|0|0
S|MIRPO|42631111|-2155389| |TF|0|0|0|0|0|0|1|9500|0|0|0|0|0

P|MIRP1X|29|MIRPO|0|3
S|RJ701|42490222|-2432139|LPA|CF|0|29000|500|29090|500|0|0|0|0|1|0|0|0
S|LPA|42460528|-2326917| |DF|1|0|0|0|0|0|1|5400|0|1|0|0|0
S|MIRPO|42631111|-2155389| |TF|0|0|0|0|0|0|1|9500|0|0|0|0|0

P|VEGE1S|11|VEGEL|0|3
S|RJ601|42428111|-2199139|LPA|CF|0|11000|600|10890|600|0|0|0|0|1|0|0|0
S|LPA|42460528|-2326917| |DF|2|0|0|0|0|0|0|0|0|0|0|0|0
S|VEGEL|42592861|-2025833| |TF|0|0|0|0|0|0|1|9500|0|0|0|0|0

P|VEGE1X|29|VEGEL|0|3
S|RJ701|42490222|-2432139|LPA|CF|0|29000|500|29090|500|0|0|0|0|1|0|0|0
S|LPA|42460528|-2326917| |DF|1|0|0|0|0|0|1|5400|0|1|0|0|0
S|VEGEL|42592861|-2025833| |TF|0|0|0|0|0|0|1|9500|0|0|0|0|0

