P|BEDA1N|01|BEDAL|0|3
S|VGO|42321306|-8601639|VGO|CF|0|1300|0|0|500|210|1|2500|0|1|0|0|0
S|VX710|42237500|-8269722| |TF|2|0|0|0|0|0|1|8000|0|0|0|0|0
S|BEDAL|42104667|-7753944| |TF|0|0|0|0|0|0|3|24500|11000|0|0|0|0

P|BEDA1U|19|BEDAL|0|4
S|VX800|42139500|-8651861|VGO|CF|0|19300|1110|19260|500|210|1|2700|0|1|0|0|0
S|VX805|42227222|-8448333| |DF|1|0|0|0|0|210|1|7000|0|1|0|0|0
S|VX810|42198333|-8116944| |TF|0|0|0|0|0|0|0|0|0|0|0|0|0
S|BEDAL|42104667|-7753944| |TF|0|0|0|0|0|0|3|24500|11000|0|0|0|0

P|BEDA2A|19|BEDAL|0|5
S|VON|42186056|-8639000|VGO|CF|0|19300|830|19260|300|0|0|0|0|0|0|0|0
S| |91000000|181000000| |VA|0|19300|0|0|0|0|1|2700|0|0|0|0|0
S| |91000000|181000000| |CI|1|1300|0|0|0|210|0|0|0|0|0|0|0
S|D110L|42254369|-8336469|STG|CF|0|7400|4050|17540|1000|0|0|0|0|0|0|0|0
S|BEDAL|42104667|-7753944| |TF|0|0|0|0|0|0|1|15000|0|0|0|0|0

P|BEDA2B|01|BEDAL|0|2
S|VGO|42321306|-8601639|STG|CF|0|1300|3720|19320|500|0|1|2500|0|1|0|0|0
S|BEDAL|42104667|-7753944| |TF|2|0|0|0|0|210|1|15000|0|0|0|0|0

P|DEMO1N|01|DEMOS|0|3
S|VGO|42321306|-8601639|VGO|CF|0|1300|0|0|500|210|1|2500|0|1|0|0|0
S|VX700|42256111|-8869444| |DF|1|0|0|0|0|0|1|7000|0|0|0|0|0
S|DEMOS|41925694|-9362000| |TF|0|0|0|0|0|0|1|9500|0|0|0|0|0

P|DEMO1U|19|DEMOS|0|3
S|VX800|42139500|-8651861|VGO|CF|0|19300|1110|19260|500|210|1|2900|0|1|0|0|0
S|VX815|42069444|-8886389| |TF|0|0|0|0|0|0|1|7000|0|0|0|0|0
S|DEMOS|41925694|-9362000| |TF|0|0|0|0|0|0|1|9500|0|0|0|0|0

P|KORA1N|01|KORAV|0|3
S|VGO|42321306|-8601639|VGO|CF|0|1300|0|0|500|0|1|2500|0|1|0|0|0
S|STG|42926861|-8425389| |TF|0|0|0|0|0|0|0|0|0|0|0|0|0
S|KORAV|43653111|-7865583| |TF|0|0|0|0|0|0|1|10000|0|0|0|0|0

P|KORA1U|19|KORAV|0|4
S|VX800|42139500|-8651861|VGO|CF|0|19300|1110|19260|500|210|1|2700|0|1|0|0|0
S|VX805|42227222|-8448333| |DF|1|0|0|0|0|0|1|7000|0|1|0|0|0
S|STG|42926861|-8425389| |TF|0|0|0|0|0|0|0|0|0|0|0|0|0
S|KORAV|43653111|-7865583| |TF|0|0|0|0|0|0|1|10000|0|0|0|0|0

P|LOMD1N|01|LOMDA|0|2
S|VGO|42321306|-8601639|VGO|CF|0|1300|0|0|500|210|1|2500|0|1|0|0|0
S|LOMDA|42852806|-7296028| |TF|0|0|0|0|0|0|1|12000|0|0|0|0|0

P|LOMD1U|19|LOMDA|0|3
S|VX800|42139500|-8651861|VGO|CF|0|19300|1110|19260|500|210|1|2700|0|1|0|0|0
S|VX805|42227222|-8448333| |DF|1|0|0|0|0|0|1|7000|0|1|0|0|0
S|LOMDA|42852806|-7296028| |TF|0|0|0|0|0|0|1|12000|0|0|0|0|0

P|LOMD2E|19|LOMDA|0|4
S| |91000000|181000000| |VA|0|19300|0|0|0|0|1|2700|0|0|0|0|0
S|VGO|42321306|-8601639| |DF|1|0|0|0|0|210|1|4500|0|0|0|0|0
S|VGO48|42708947|-7655261| |TF|0|0|0|0|0|0|0|0|0|0|0|0|0
S|LOMDA|42852806|-7296028| |TF|0|0|0|0|0|0|0|0|0|0|0|0|0

P|LOMD3F|01|LOMDA|0|3
S|VGO|42321306|-8601639|STG|CF|0|1300|3720|19320|500|0|1|2500|0|1|0|0|0
S|VGO48|42708947|-7655261| |TF|0|0|0|0|0|210|0|0|0|0|0|0|0
S|LOMDA|42852806|-7296028| |TF|0|0|0|0|0|0|0|0|0|0|0|0|0

P|MEGA1N|01|MEGAT|0|3
S|VGO|42321306|-8601639|VGO|CF|0|1300|0|0|500|0|1|2500|0|1|0|0|0
S|STG|42926861|-8425389| |TF|0|0|0|0|0|0|0|0|0|0|0|0|0
S|MEGAT|43498861|-7596472| |TF|0|0|0|0|0|0|1|10000|0|0|0|0|0

P|MEGA1U|19|MEGAT|0|4
S|VX800|42139500|-8651861|VGO|CF|0|19300|1110|19260|500|210|1|2700|0|1|0|0|0
S|VX805|42227222|-8448333| |DF|1|0|0|0|0|0|1|7000|0|1|0|0|0
S|STG|42926861|-8425389| |TF|0|0|0|0|0|0|0|0|0|0|0|0|0
S|MEGAT|43498861|-7596472| |TF|0|0|0|0|0|0|1|10000|0|0|0|0|0

P|NARB1N|01|NARBO|0|2
S|VGO|42321306|-8601639|VGO|CF|0|1300|0|0|500|210|1|2800|0|1|0|0|0
S|NARBO|42139806|-8228278| |TF|2|0|0|0|0|0|3|24500|10500|0|0|0|0

P|NARB1U|19|NARBO|0|2
S|VX800|42139500|-8651861|VGO|CF|0|19300|1110|19260|500|210|1|2900|0|1|0|0|0
S|NARBO|42139806|-8228278| |TF|1|0|0|0|0|0|3|24500|10500|0|0|0|0

P|NEXE1N|01|NEXEP|0|3
S|VGO|42321306|-8601639|VGO|CF|0|1300|0|0|500|210|1|2800|0|1|0|0|0
S|VX705|42726111|-9011944| |TF|0|0|0|0|0|0|1|15500|0|0|0|0|0
S|NEXEP|43198889|-9499806| |TF|0|0|0|0|0|0|1|19500|0|0|0|0|0

P|NEXE1U|19|NEXEP|0|4
S|VX800|42139500|-8651861|VGO|CF|0|19300|1110|19260|500|210|1|2900|0|1|0|0|0
S|VX820|42265833|-8783611| |DF|2|0|0|0|0|0|1|7000|0|1|0|0|0
S|VX825|42624306|-9055833| |TF|0|0|0|0|0|0|1|15500|0|0|0|0|0
S|NEXEP|43198889|-9499806| |TF|0|0|0|0|0|0|1|19500|0|0|0|0|0

P|RIVE1N|01|RIVEM|0|3
S|VGO|42321306|-8601639|VGO|CF|0|1300|0|0|500|0|1|2500|0|1|0|0|0
S|STG|42926861|-8425389| |TF|0|0|0|0|0|0|0|0|0|0|0|0|0
S|RIVEM|43744333|-8647083| |TF|0|0|0|0|0|0|1|19500|0|0|0|0|0

P|RIVE1U|19|RIVEM|0|3
S|VX800|42139500|-8651861|VGO|CF|0|19300|1110|19260|500|210|1|2900|0|1|0|0|0
S|VX820|42265833|-8783611| |DF|2|0|0|0|0|0|1|7000|0|1|0|0|0
S|RIVEM|43744333|-8647083| |TF|0|0|0|0|0|0|1|19500|0|0|0|0|0

P|ROXE1N|01|ROXER|0|2
S|VGO|42321306|-8601639|VGO|CF|0|1300|0|0|500|210|1|2500|0|1|0|0|0
S|ROXER|43213000|-7357556| |TF|0|0|0|0|0|0|3|24500|10000|0|0|0|0

P|ROXE1U|19|ROXER|0|3
S|VX800|42139500|-8651861|VGO|CF|0|19300|1110|19260|500|210|1|2700|0|1|0|0|0
S|VX805|42227222|-8448333| |DF|1|0|0|0|0|0|1|7000|0|1|0|0|0
S|ROXER|43213000|-7357556| |TF|0|0|0|0|0|0|3|24500|10000|0|0|0|0

P|ROXE3E|19|ROXER|0|4
S| |91000000|181000000| |VA|0|19300|0|0|0|0|1|2700|0|0|0|0|0
S|VGO|42321306|-8601639| |DF|1|0|0|0|0|210|1|4500|0|0|0|0|0
S|VG40A|42788019|-7957314| |TF|0|0|0|0|0|0|0|0|0|0|0|0|0
S|ROXER|43213000|-7357556| |TF|0|0|0|0|0|0|0|0|0|0|0|0|0

P|ROXE3F|01|ROXER|0|3
S|VGO|42321306|-8601639|STG|CF|0|1300|3720|19320|500|0|1|2500|0|1|0|0|0
S|VG40A|42788019|-7957314| |TF|0|0|0|0|0|210|0|0|0|0|0|0|0
S|ROXER|43213000|-7357556| |TF|0|0|0|0|0|0|0|0|0|0|0|0|0

P|STG1N|01|STG|0|2
S|VGO|42321306|-8601639|VGO|CF|0|1300|0|0|500|0|1|2500|0|1|0|0|0
S|STG|42926861|-8425389| |TF|0|0|0|0|0|0|0|0|0|0|0|0|0

P|STG1U|19|STG|0|3
S|VX800|42139500|-8651861|VGO|CF|0|19300|1110|19260|500|210|1|2700|0|1|0|0|0
S|VX805|42227222|-8448333| |DF|1|0|0|0|0|0|1|7000|0|1|0|0|0
S|STG|42926861|-8425389| |TF|0|0|0|0|0|0|0|0|0|0|0|0|0

