P|CNA6E|11|CNA|0|5
S| |91000000|181000000|BMC|CD|0|10600|0|0|150|0|1|670|0|0|0|0|0
S| |91000000|181000000| |CA|2|25800|0|0|0|0|1|4000|0|0|0|0|0
S| |91000000|181000000| |VI|2|5000|0|0|0|0|0|0|0|0|0|0|0
S|ROVFU|45147500|-550000|BMC|CF|0|2000|2060|2070|1600|0|0|0|0|0|0|0|0
S|CNA|45659556|-311639| |TF|0|0|0|0|0|0|0|0|0|0|0|0|0

P|CNA6P|23|CNA|0|4
S|BD230|44790722|-769528|BMC|CF|0|22500|300|22360|300|0|0|0|0|1|0|0|0
S|BD923|44932306|-821056| |DF|2|0|0|0|0|0|0|0|0|0|0|0|0
S|ROVFU|45147500|-550000| |TF|0|0|0|0|0|0|0|0|0|0|0|0|0
S|CNA|45659556|-311639| |TF|0|0|0|0|0|0|0|0|0|0|0|0|0

P|CNA6Q|05|CNA|0|4
S|BD905|44935222|-562250|BMC|CF|0|4500|940|4620|900|0|0|0|0|0|0|0|0
S|BD955|45053111|-555417| |TF|0|0|0|0|0|0|0|0|0|0|0|0|0
S|ROVFU|45147500|-550000| |TF|0|0|0|0|0|0|0|0|0|0|0|0|0
S|CNA|45659556|-311639| |TF|0|0|0|0|0|0|0|0|0|0|0|0|0

P|CNA6R|29|CNA|0|5
S|DER29|44831567|-729242| |DF|0|0|0|0|0|0|0|0|0|1|0|0|0
S| |91000000|181000000| |CA|0|29600|0|0|0|0|1|660|0|0|0|0|0
S|BD923|44932306|-821056| |DF|0|0|0|0|0|0|0|0|0|0|0|0|0
S|ROVFU|45147500|-550000| |TF|0|0|0|0|0|0|0|0|0|0|0|0|0
S|CNA|45659556|-311639| |TF|0|0|0|0|0|0|0|0|0|0|0|0|0

P|OBLO6E|11|OBLOC|0|5
S| |91000000|181000000| |CA|0|10600|0|0|0|0|1|670|0|0|0|0|0
S| |91000000|181000000| |CI|2|22300|0|0|0|0|0|0|0|0|0|0|0
S|D178G|44710356|-715328|BMC|CF|0|17800|700|17800|300|0|1|5000|0|0|0|0|0
S|OCSID|44698639|-714750| |TF|0|0|0|0|0|0|0|0|0|0|0|0|0
S|OBLOC|44676806|-152917| |TF|0|0|0|0|0|0|0|0|0|0|0|0|0

P|OBLO6P|23|OBLOC|0|3
S|BD423|44779028|-786222|BMC|CF|0|22500|400|22410|400|220|0|0|0|1|0|0|0
S|BD427|44660306|-648389|BMC|CF|1|12600|1050|16270|700|0|1|5000|0|0|0|0|0
S|OBLOC|44676806|-152917| |TF|0|0|0|0|0|0|0|0|0|0|0|0|0

P|OBLO6Q|05|OBLOC|0|4
S|BD905|44935222|-562250|BMC|CF|0|4500|940|4620|900|0|0|0|0|0|0|0|0
S|BD961|44832167|-443278| |TF|2|0|0|0|0|0|0|0|0|0|0|0|0
S|BD963|44722528|-317333| |TF|0|0|0|0|0|0|0|0|0|0|0|0|0
S|OBLOC|44676806|-152917| |TF|0|0|0|0|0|0|0|0|0|0|0|0|0

P|OBLO6R|29|OBLOC|0|6
S|DER29|44831567|-729242| |DF|0|0|0|0|0|0|0|0|0|1|0|0|0
S| |91000000|181000000| |CA|0|27600|0|0|0|0|1|660|0|0|0|0|0
S|BD929|44696806|-726556| |DF|1|0|0|0|0|0|0|0|0|0|0|0|0
S|D172V|44694631|-659744| |TF|0|0|0|0|0|0|1|5000|0|0|0|0|0
S|BD935|44691528|-566389| |TF|0|0|0|0|0|0|0|0|0|0|0|0|0
S|OBLOC|44676806|-152917| |TF|0|0|0|0|0|0|0|0|0|0|0|0|0

P|OBLO6Z|05|OBLOC|0|4
S| |91000000|181000000| |CA|0|4500|0|0|0|0|1|670|0|0|0|0|0
S| |91000000|181000000| |VI|2|14900|0|0|0|0|0|0|0|0|0|0|0
S|OBZAM|44684444|-362194|BMC|CF|0|11900|1760|11900|1300|0|0|0|0|0|0|0|0
S|OBLOC|44676806|-152917| |TF|0|0|0|0|0|0|0|0|0|0|0|0|0

P|ROYA6E|11|ROYAN|0|6
S| |91000000|181000000|BMC|CD|0|10600|0|0|150|0|1|670|0|0|0|0|0
S| |91000000|181000000| |CA|2|25800|0|0|0|0|1|4000|0|0|0|0|0
S| |91000000|181000000| |VI|2|5000|0|0|0|0|0|0|0|0|0|0|0
S|ROVFU|45147500|-550000|BMC|CF|0|2000|2060|2070|1600|0|0|0|0|0|0|0|0
S|BD411|45310278|-901611| |TF|0|0|0|0|0|0|0|0|0|0|0|0|0
S|ROYAN|45666667|-1036667| |TF|0|0|0|0|0|0|0|0|0|0|0|0|0

P|ROYA6P|23|ROYAN|0|4
S|BD230|44790722|-769528|BMC|CF|0|22500|300|22360|300|0|0|0|0|1|0|0|0
S|BD923|44932306|-821056| |DF|2|0|0|0|0|0|0|0|0|0|0|0|0
S|BD927|45116944|-829028| |TF|0|0|0|0|0|0|0|0|0|0|0|0|0
S|ROYAN|45666667|-1036667| |TF|0|0|0|0|0|0|0|0|0|0|0|0|0

P|ROYA6Q|05|ROYAN|0|3
S|BD905|44935222|-562250|BMC|CF|0|4500|940|4620|900|0|0|0|0|0|0|0|0
S|BD955|45053111|-555417| |TF|0|0|0|0|0|0|0|0|0|0|0|0|0
S|ROYAN|45666667|-1036667| |TF|0|0|0|0|0|0|0|0|0|0|0|0|0

P|ROYA6R|29|ROYAN|0|5
S|DER29|44831567|-729242| |DF|0|0|0|0|0|0|0|0|0|1|0|0|0
S| |91000000|181000000| |CA|0|29600|0|0|0|0|1|660|0|0|0|0|0
S|BD923|44932306|-821056| |DF|0|0|0|0|0|0|0|0|0|0|0|0|0
S|BD927|45116944|-829028| |TF|0|0|0|0|0|0|0|0|0|0|0|0|0
S|ROYAN|45666667|-1036667| |TF|0|0|0|0|0|0|0|0|0|0|0|0|0

P|ROYA6Z|05|ROYAN|0|3
S| |91000000|181000000|BMC|CD|0|4500|0|0|250|0|0|0|0|0|0|0|0
S| |91000000|181000000| |CI|1|29700|0|0|0|0|0|0|0|0|0|0|0
S|ROYAN|45666667|-1036667|BMC|CF|0|34500|5210|34530|4700|0|0|0|0|0|0|0|0

P|VAVI6A|23|VAVIX|0|4
S| |91000000|181000000|BMC|CD|0|22500|0|0|400|0|0|0|0|0|0|0|0
S| |91000000|181000000|BMC|CD|0|16600|0|0|850|0|0|0|0|0|0|0|0
S| |91000000|181000000| |CI|0|13300|0|0|0|0|0|0|0|0|0|0|0
S|VAVIX|44277778|-694083|BMC|CF|0|17800|3300|17800|2400|0|0|0|0|0|0|0|0

P|VAVI6E|11|VAVIX|0|3
S| |91000000|181000000| |CA|0|10600|0|0|0|0|1|670|0|0|0|0|0
S| |91000000|181000000| |CI|2|22300|0|0|0|0|0|0|0|0|0|0|0
S|VAVIX|44277778|-694083|BMC|CF|0|17800|3300|17800|2900|0|0|0|0|0|0|0|0

P|VAVI6P|23|VAVIX|0|3
S|BD423|44779028|-786222|BMC|CF|0|22500|400|22410|400|0|0|0|0|1|0|0|0
S|BD425|44655556|-779167| |DF|0|0|0|0|0|0|0|0|0|0|0|0|0
S|VAVIX|44277778|-694083| |TF|0|0|0|0|0|0|0|0|0|0|0|0|0

P|VAVI6Q|05|VAVIX|0|3
S|BD905|44935222|-562250|BMC|CF|0|4500|940|4620|900|0|0|0|0|0|0|0|0
S|BD961|44832167|-443278| |TF|2|0|0|0|0|0|0|0|0|0|0|0|0
S|VAVIX|44277778|-694083| |TF|0|0|0|0|0|0|0|0|0|0|0|0|0

P|VAVI6R|29|VAVIX|0|4
S|DER29|44831567|-729242| |DF|0|0|0|0|0|0|0|0|0|1|0|0|0
S| |91000000|181000000| |CA|0|27600|0|0|0|0|1|660|0|0|0|0|0
S|BD929|44696806|-726556| |DF|1|0|0|0|0|0|0|0|0|0|0|0|0
S|VAVIX|44277778|-694083| |TF|0|0|0|0|0|0|0|0|0|0|0|0|0

P|VAVI6W|29|VAVIX|0|4
S|DER29|44831567|-729242| |DF|0|0|0|0|0|0|0|0|0|1|0|0|0
S| |91000000|181000000| |CA|0|27600|0|0|0|0|1|670|0|0|0|0|0
S| |91000000|181000000| |CI|1|14800|0|0|0|0|0|0|0|0|0|0|0
S|VAVIX|44277778|-694083|BMC|CF|0|17800|3300|17800|2500|0|0|0|0|0|0|0|0

P|VAVI6Z|05|VAVIX|0|5
S| |91000000|181000000| |CA|0|4500|0|0|0|0|1|670|0|0|0|0|0
S| |91000000|181000000| |VI|2|14900|0|0|0|0|0|0|0|0|0|0|0
S|OBZAM|44684444|-362194|BMC|CF|0|11900|1760|11900|1300|0|0|0|0|0|0|0|0
S|BD965|44554389|-319833| |TF|0|0|0|0|0|0|0|0|0|0|0|0|0
S|VAVIX|44277778|-694083| |TF|0|0|0|0|0|0|0|0|0|0|0|0|0

