P|BMC2E|05|BMC|0|4
S| |91000000|181000000|CNA|CD|0|5000|0|0|300|0|0|0|0|0|0|0|0
S| |91000000|181000000| |CI|2|23700|0|0|0|0|0|0|0|0|0|0|0
S|D199K|45486531|-397786|CNA|CF|0|19900|1100|19930|600|0|2|6000|0|0|0|0|0
S|BMC|44826944|-721111| |TF|0|0|0|0|0|0|0|0|0|0|0|0|0

P|BMC2W|23|BMC|0|3
S| |91000000|181000000|CNA|CD|0|23000|0|0|300|0|0|0|0|0|0|0|0
S|D199K|45486531|-397786|CNA|CF|0|20000|1100|19930|700|0|2|6000|0|0|0|0|0
S|BMC|44826944|-721111| |TF|0|0|0|0|0|0|0|0|0|0|0|0|0

P|ETPA2E|05|ETPAR|0|3
S| |91000000|181000000|CNA|CD|0|5000|0|0|300|0|0|0|0|0|0|0|0
S| |91000000|181000000| |CI|2|25700|0|0|0|0|0|0|0|0|0|0|0
S|ETPAR|45195917|-861778|CNA|CF|0|22000|3630|22010|3300|0|2|11000|0|0|0|0|0

P|ETPA2W|23|ETPAR|0|2
S| |91000000|181000000|CNA|CD|0|23000|0|0|300|0|0|0|0|0|0|0|0
S|ETPAR|45195917|-861778|CNA|CF|0|22000|3630|22210|3300|0|2|11000|0|0|0|0|0

P|POI2E|05|POI|0|3
S| |91000000|181000000|CNA|CD|0|5000|0|0|300|0|0|0|0|0|0|0|0
S| |91000000|181000000| |CI|0|35500|0|0|0|0|0|0|0|0|0|0|0
S|POI|46581000|298194|CNA|CF|0|2400|6090|2450|5700|0|0|0|0|0|0|0|0

P|POI2W|23|POI|0|3
S| |91000000|181000000|CNA|CD|0|23000|0|0|300|0|0|0|0|0|0|0|0
S| |91000000|181000000| |CI|2|6600|0|0|0|0|0|0|0|0|0|0|0
S|POI|46581000|298194|CNA|CF|0|2400|6090|2450|5800|0|0|0|0|0|0|0|0

P|VAGN2E|05|VAGNA|0|4
S| |91000000|181000000|CNA|CD|0|5000|0|0|300|0|0|0|0|0|0|0|0
S| |91000000|181000000| |CI|2|21400|0|0|0|0|0|0|0|0|0|0|0
S|CNA30|45164144|-238036|CNA|CF|0|17400|2990|17400|2300|0|0|0|0|0|0|0|0
S|VAGNA|45095361|-337278| |TF|0|0|0|0|0|0|2|11000|0|0|0|0|0

P|VAGN2W|23|VAGNA|0|4
S| |91000000|181000000|CNA|CD|0|23000|0|0|300|0|0|0|0|0|0|0|0
S| |91000000|181000000| |CI|1|13000|0|0|0|0|0|0|0|0|0|0|0
S|CNA30|45164144|-238036|CNA|CF|0|17400|2990|17400|2300|0|0|0|0|0|0|0|0
S|VAGNA|45095361|-337278| |TF|0|0|0|0|0|0|2|11000|0|0|0|0|0

P|VELI2E|05|VELIN|0|5
S| |91000000|181000000|CNA|CD|0|5000|0|0|300|0|0|0|0|0|0|0|0
S| |91000000|181000000| |VI|2|16700|0|0|0|0|0|0|0|0|0|0|0
S|D154K|45494814|-197214|CNA|CF|0|19700|1100|15400|800|0|2|6000|0|0|0|0|0
S|CN30A|45209967|-1147| |TF|0|0|0|0|0|0|1|7000|0|0|0|0|0
S|VELIN|44980000|155556| |TF|0|0|0|0|0|0|0|0|0|0|0|0|0

P|VELI2W|23|VELIN|0|5
S| |91000000|181000000|CNA|CD|0|23000|0|0|300|0|0|0|0|0|0|0|0
S| |91000000|181000000| |CI|1|11700|0|0|0|0|0|0|0|0|0|0|0
S|D154K|45494814|-197214|CNA|CF|0|15400|1100|15400|200|0|2|6000|0|0|0|0|0
S|CN30A|45209967|-1147| |TF|0|0|0|0|0|0|1|7000|0|0|0|0|0
S|VELIN|44980000|155556| |TF|0|0|0|0|0|0|0|0|0|0|0|0|0

