P|BALA4A|03|BALAN|0|3
S| |91000000|181000000| |CA|0|3200|0|0|0|0|1|1800|0|0|0|0|0
S|BL602|46038333|1028028| |DF|0|0|0|0|0|0|0|0|0|0|0|0|0
S|BALAN|46516111|1033333| |TF|0|0|0|0|0|0|0|0|0|0|0|0|0

P|BALA4B|21|BALAN|0|3
S| |91000000|181000000| |CA|0|21200|0|0|0|0|1|1800|0|0|0|0|0
S|BL602|46038333|1028028| |DF|2|0|0|0|0|0|0|0|0|0|0|0|0
S|BALAN|46516111|1033333| |TF|0|0|0|0|0|0|0|0|0|0|0|0|0

P|LARO4A|03|LARON|0|3
S| |91000000|181000000| |CA|0|3200|0|0|0|0|1|1800|0|0|0|0|0
S|BL604|45880861|1405222| |DF|0|0|0|0|0|0|0|0|0|0|0|0|0
S|LARON|46227500|2198333| |TF|0|0|0|0|0|0|0|0|0|0|0|0|0

P|LARO4B|21|LARON|0|3
S| |91000000|181000000| |CA|0|21200|0|0|0|0|1|1800|0|0|0|0|0
S|BL604|45880861|1405222| |DF|1|0|0|0|0|0|0|0|0|0|0|0|0
S|LARON|46227500|2198333| |TF|0|0|0|0|0|0|0|0|0|0|0|0|0

P|MAKO4A|03|MAKOX|0|4
S| |91000000|181000000| |CA|0|3200|0|0|0|0|1|1800|0|0|0|0|0
S|LMG|45815917|1025583| |DF|1|0|0|0|0|0|0|0|0|0|0|0|0
S|LINAK|45529444|1153056| |TF|0|0|0|0|0|0|0|0|0|0|0|0|0
S|MAKOX|45332778|1238056| |TF|0|0|0|0|0|0|0|0|0|0|0|0|0

P|NORO4A|03|NORON|0|4
S| |91000000|181000000| |CA|0|3200|0|0|0|0|1|1800|0|0|0|0|0
S|LMG|45815917|1025583| |DF|1|0|0|0|0|0|0|0|0|0|0|0|0
S|PIGUL|45574444|771667| |TF|0|0|0|0|0|0|0|0|0|0|0|0|0
S|NORON|45484722|677500| |TF|0|0|0|0|0|0|0|0|0|0|0|0|0

P|PERI4A|03|PERIG|0|4
S| |91000000|181000000| |CA|0|3200|0|0|0|0|1|1800|0|0|0|0|0
S|LMG|45815917|1025583| |DF|1|0|0|0|0|0|0|0|0|0|0|0|0
S|MAVAC|45516389|1001944| |TF|0|0|0|0|0|0|0|0|0|0|0|0|0
S|PERIG|45117222|969444| |TF|0|0|0|0|0|0|0|0|0|0|0|0|0

