P|MARE4J|12|MAREN|0|2
S| |91000000|181000000| |CA|0|12200|0|0|0|0|1|460|0|0|0|0|0
S|MAREN|45733333|-1061667| |DF|0|0|0|0|0|0|0|0|0|0|0|0|0

P|MARE4V|30|MAREN|0|2
S| |91000000|181000000| |CA|0|30200|0|0|0|0|1|460|0|0|0|0|0
S|MAREN|45733333|-1061667| |DF|1|0|0|0|0|0|0|0|0|0|0|0|0

P|OLER4J|12|OLERO|0|3
S| |91000000|181000000| |CA|0|12200|0|0|0|0|1|460|0|0|0|0|0
S|DN124|45867222|-1117944| |DF|2|0|0|0|0|185|2|8000|0|0|0|0|0
S|OLERO|45969722|-1150278| |TF|0|0|0|0|0|0|0|0|0|0|0|0|0

P|OLER4V|30|OLERO|0|2
S| |91000000|181000000| |CA|0|30200|0|0|0|0|1|460|0|0|0|0|0
S|OLERO|45969722|-1150278| |DF|0|0|0|0|0|0|0|0|0|0|0|0|0

