P|BTA1K|20|BTA|0|6
S| |91000000|181000000| |CA|0|20200|0|0|0|0|1|420|0|0|0|0|0
S|KOTIX|41803472|8698056|AJO|CF|0|21100|400|29690|700|0|2|3000|0|0|0|0|0
S|KJ610|41705139|8609806| |TF|0|0|0|0|0|0|0|0|0|1|0|0|0
S|AJO|41770528|8774667| |DF|1|0|0|0|0|0|1|8000|0|0|0|0|0
S|LIBLO|42251111|8828333| |TF|0|0|0|0|0|0|1|11000|0|0|0|0|0
S|BTA|42573583|9474833| |TF|0|0|0|0|0|0|0|0|0|0|0|0|0

P|BTA1R|20|BTA|0|5
S| |91000000|181000000| |CA|0|20200|0|0|0|0|1|420|0|0|0|0|0
S|KJ701|41850833|8658611| |DF|0|0|0|0|0|0|0|0|0|0|0|0|0
S|KJ703|41913056|8593333| |TF|0|0|0|0|0|220|0|0|0|0|0|0|0
S|LIBLO|42251111|8828333| |TF|0|0|0|0|0|0|1|10700|0|0|0|0|0
S|BTA|42573583|9474833| |TF|0|0|0|0|0|0|0|0|0|0|0|0|0

P|CORS1K|20|CORSI|0|4
S| |91000000|181000000| |CA|0|20200|0|0|0|0|1|420|0|0|0|0|0
S|KOTIX|41803472|8698056|AJO|CF|0|21100|400|29690|700|0|2|3000|0|0|0|0|0
S|KJ610|41705139|8609806| |TF|0|0|0|0|0|0|0|0|0|0|0|0|0
S|CORSI|41333333|8812333| |TF|0|0|0|0|0|0|0|0|0|0|0|0|0

P|CORS1R|20|CORSI|0|3
S| |91000000|181000000| |CA|0|20200|0|0|0|0|1|420|0|0|0|0|0
S|KJ702|41820833|8597500| |DF|0|0|0|0|0|0|0|0|0|0|0|0|0
S|CORSI|41333333|8812333| |TF|0|0|0|0|0|0|0|0|0|0|0|0|0

P|CV1K|20|CV|0|6
S| |91000000|181000000| |CA|0|20200|0|0|0|0|1|420|0|0|0|0|0
S|KOTIX|41803472|8698056|AJO|CF|0|21100|400|29690|700|0|2|3000|0|0|0|0|0
S|KJ610|41705139|8609806| |TF|0|0|0|0|0|0|0|0|0|1|0|0|0
S|AJO|41770528|8774667| |DF|1|0|0|0|0|0|1|8000|0|0|0|0|0
S|LIBLO|42251111|8828333| |TF|0|0|0|0|0|0|1|11000|0|0|0|0|0
S|CV|42576972|8806583| |TF|0|0|0|0|0|0|0|0|0|0|0|0|0

P|CV1R|20|CV|0|5
S| |91000000|181000000| |CA|0|20200|0|0|0|0|1|420|0|0|0|0|0
S|KJ701|41850833|8658611| |DF|0|0|0|0|0|0|0|0|0|0|0|0|0
S|KJ703|41913056|8593333| |TF|0|0|0|0|0|220|0|0|0|0|0|0|0
S|LIBLO|42251111|8828333| |TF|0|0|0|0|0|0|1|10500|0|0|0|0|0
S|CV|42576972|8806583| |TF|0|0|0|0|0|0|0|0|0|0|0|0|0

P|IDDOL|20|IDDOL|0|2
S| |91000000|181000000| |CA|0|20200|0|0|0|0|1|1200|0|0|0|0|0
S|IDDOL|41898806|8612083| |DF|0|0|0|0|0|0|0|0|0|1|0|0|0

P|LONS1K|20|LONSU|0|5
S| |91000000|181000000| |CA|0|20200|0|0|0|0|1|420|0|0|0|0|0
S|KOTIX|41803472|8698056|AJO|CF|0|21100|400|29690|700|0|2|3000|0|0|0|0|0
S|KJ610|41705139|8609806| |TF|0|0|0|0|0|0|0|0|0|0|0|0|0
S|KJ620|41836194|8298139| |TF|0|0|0|0|0|0|0|0|0|0|0|0|0
S|LONSU|42776861|8023972| |TF|0|0|0|0|0|0|0|0|0|0|0|0|0

P|LONS1R|20|LONSU|0|3
S| |91000000|181000000| |CA|0|20200|0|0|0|0|1|420|0|0|0|0|0
S|KJ702|41820833|8597500| |DF|0|0|0|0|0|0|0|0|0|0|0|0|0
S|LONSU|42776861|8023972| |TF|2|0|0|0|0|0|0|0|0|0|0|0|0

P|MERL1K|20|MERLU|0|6
S| |91000000|181000000| |CA|0|20200|0|0|0|0|1|420|0|0|0|0|0
S|KOTIX|41803472|8698056|AJO|CF|0|21100|400|29690|700|0|2|3000|0|0|0|0|0
S|KJ610|41705139|8609806| |TF|0|0|0|0|0|0|0|0|0|1|0|0|0
S|AJO|41770528|8774667| |DF|1|0|0|0|0|0|1|8000|0|0|0|0|0
S|LONSU|42776861|8023972| |TF|0|0|0|0|0|0|0|0|0|0|0|0|0
S|MERLU|43080000|7793333| |TF|0|0|0|0|0|0|0|0|0|0|0|0|0

P|NEGA1K|20|NEGAT|0|4
S| |91000000|181000000| |CA|0|20200|0|0|0|0|1|420|0|0|0|0|0
S|KOTIX|41803472|8698056|AJO|CF|0|21100|400|29690|700|0|2|3000|0|0|0|0|0
S|KJ610|41705139|8609806| |TF|0|0|0|0|0|0|0|0|0|0|0|0|0
S|NEGAT|41411667|7862778| |TF|0|0|0|0|0|0|0|0|0|0|0|0|0

P|NEGA1R|20|NEGAT|0|3
S| |91000000|181000000| |CA|0|20200|0|0|0|0|1|420|0|0|0|0|0
S|KJ702|41820833|8597500| |DF|0|0|0|0|0|0|0|0|0|0|0|0|0
S|NEGAT|41411667|7862778| |TF|0|0|0|0|0|0|0|0|0|0|0|0|0

P|TINO1K|20|TINOT|0|5
S| |91000000|181000000| |CA|0|20200|0|0|0|0|1|420|0|0|0|0|0
S|KOTIX|41803472|8698056|AJO|CF|0|21100|400|29690|700|0|2|3000|0|0|0|0|0
S|KJ610|41705139|8609806| |TF|0|0|0|0|0|0|0|0|0|0|0|0|0
S|KJ620|41836194|8298139| |TF|0|0|0|0|0|0|0|0|0|0|0|0|0
S|TINOT|42697722|5315111| |TF|0|0|0|0|0|0|0|0|0|0|0|0|0

P|TINO1R|20|TINOT|0|3
S| |91000000|181000000| |CA|0|20200|0|0|0|0|1|420|0|0|0|0|0
S|KJ702|41820833|8597500| |DF|0|0|0|0|0|0|0|0|0|0|0|0|0
S|TINOT|42697722|5315111| |TF|0|0|0|0|0|0|0|0|0|0|0|0|0

P|TINO5H|20|TINOT|0|3
S| |91000000|181000000| |CA|0|20200|0|0|0|0|1|420|0|0|0|0|0
S|D2|41819594|8603236|AJO|CF|0|23600|820|28800|900|0|0|0|0|0|0|0|0
S|TINOT|42697722|5315111| |TF|0|0|0|0|0|0|0|0|0|0|0|0|0

P|TORT1K|20|TORTU|0|6
S| |91000000|181000000| |CA|0|20200|0|0|0|0|1|420|0|0|0|0|0
S|KOTIX|41803472|8698056|AJO|CF|0|21100|400|29690|700|0|2|3000|0|0|0|0|0
S|KJ610|41705139|8609806| |TF|0|0|0|0|0|0|0|0|0|1|0|0|0
S|AJO|41770528|8774667| |DF|1|0|0|0|0|0|1|8000|0|0|0|0|0
S|LIBLO|42251111|8828333| |TF|0|0|0|0|0|0|1|11000|0|0|0|0|0
S|TORTU|43388333|8958333| |TF|0|0|0|0|0|0|0|0|0|0|0|0|0

P|TORT1R|20|TORTU|0|5
S| |91000000|181000000| |CA|0|20200|0|0|0|0|1|420|0|0|0|0|0
S|KJ701|41850833|8658611| |DF|0|0|0|0|0|0|0|0|0|0|0|0|0
S|KJ703|41913056|8593333| |TF|0|0|0|0|0|220|0|0|0|0|0|0|0
S|LIBLO|42251111|8828333| |TF|0|0|0|0|0|0|1|10500|0|0|0|0|0
S|TORTU|43388333|8958333| |TF|0|0|0|0|0|0|0|0|0|0|0|0|0

P|VARE1K|20|VAREK|0|5
S| |91000000|181000000| |CA|0|20200|0|0|0|0|1|420|0|0|0|0|0
S|KOTIX|41803472|8698056|AJO|CF|0|21100|400|29690|700|0|2|3000|0|0|0|0|0
S|KJ610|41705139|8609806| |TF|0|0|0|0|0|0|0|0|0|0|0|0|0
S|KJ620|41836194|8298139| |TF|0|0|0|0|0|0|0|0|0|0|0|0|0
S|VAREK|42313056|7980556| |TF|0|0|0|0|0|0|2|16000|0|0|0|0|0

P|VARE1R|20|VAREK|0|3
S| |91000000|181000000| |CA|0|20200|0|0|0|0|1|420|0|0|0|0|0
S|KJ702|41820833|8597500| |DF|0|0|0|0|0|0|0|0|0|0|0|0|0
S|VAREK|42313056|7980556| |TF|0|0|0|0|0|0|0|0|0|0|0|0|0

