P|CUEOB1|09|OB|0|4
S| |91000000|181000000|LUC|CD|0|8700|0|0|850|0|0|0|0|0|0|0|0
S|LUC|43382778|6255917|LUC|CF|1|24900|0|0|900|0|0|0|0|0|0|0|0
S|CUERS|43226111|6134444| |TF|0|0|0|0|0|0|0|0|0|0|0|0|0
S|OB|43229833|5665417| |TF|0|0|0|0|0|0|0|0|0|0|0|0|0

P|CUEOB2|27|OB|0|3
S|LUC|43382778|6255917|LUC|CF|0|26700|0|0|500|0|0|0|0|0|0|0|0
S|CUERS|43226111|6134444| |TF|0|0|0|0|0|0|0|0|0|0|0|0|0
S|OB|43229833|5665417| |TF|0|0|0|0|0|0|0|0|0|0|0|0|0

P|CUERS1|09|CUERS|0|3
S| |91000000|181000000|LUC|CD|0|8700|0|0|850|0|0|0|0|0|0|0|0
S|LUC|43382778|6255917|LUC|CF|1|24900|0|0|900|0|0|0|0|0|0|0|0
S|CUERS|43226111|6134444| |TF|0|0|0|0|0|0|0|0|0|0|0|0|0

P|CUERS2|27|CUERS|0|2
S|LUC|43382778|6255917|LUC|CF|0|26700|0|0|500|0|0|0|0|0|0|0|0
S|CUERS|43226111|6134444| |TF|0|0|0|0|0|0|0|0|0|0|0|0|0

P|CUTLN1|09|TLN|0|4
S| |91000000|181000000|LUC|CD|0|8700|0|0|850|0|0|0|0|0|0|0|0
S|LUC|43382778|6255917|LUC|CF|1|24900|0|0|900|0|0|0|0|0|0|0|0
S|CUERS|43226111|6134444| |TF|0|0|0|0|0|0|0|0|0|0|0|0|0
S|TLN|43032722|6152806| |TF|0|0|0|0|0|0|0|0|0|0|0|0|0

P|CUTLN2|27|TLN|0|3
S|LUC|43382778|6255917|LUC|CF|0|26700|0|0|500|0|0|0|0|0|0|0|0
S|CUERS|43226111|6134444| |TF|0|0|0|0|0|0|0|0|0|0|0|0|0
S|TLN|43032722|6152806| |TF|0|0|0|0|0|0|0|0|0|0|0|0|0

P|GILON1|09|GILON|0|3
S| |91000000|181000000|LUC|CD|0|8700|0|0|850|0|0|0|0|0|0|0|0
S|LUC|43382778|6255917|LUC|CF|1|24900|0|0|900|0|0|0|0|0|0|0|0
S|GILON|43444167|6115000| |TF|0|0|0|0|0|0|0|0|0|0|0|0|0

P|GILON2|27|GILON|0|2
S|LUC|43382778|6255917|LUC|CF|0|26700|0|0|500|0|0|0|0|0|0|0|0
S|GILON|43444167|6115000| |TF|0|0|0|0|0|0|0|0|0|0|0|0|0

P|OB1|09|OB|0|3
S| |91000000|181000000|LUC|CD|0|8700|0|0|850|0|0|0|0|0|0|0|0
S|LUC|43382778|6255917|LUC|CF|1|24900|0|0|900|0|0|0|0|0|0|0|0
S|OB|43229833|5665417| |TF|0|0|0|0|0|0|0|0|0|0|0|0|0

P|OB2|27|OB|0|2
S|LUC|43382778|6255917|LUC|CF|0|26700|0|0|500|0|0|0|0|0|0|0|0
S|OB|43229833|5665417| |TF|0|0|0|0|0|0|0|0|0|0|0|0|0

P|RUBIT1|09|RUBIT|0|3
S| |91000000|181000000|LUC|CD|0|8700|0|0|850|0|0|0|0|0|0|0|0
S|D069A|43389828|6284011|LUC|CF|1|24900|130|6900|800|0|0|0|0|1|0|0|0
S|RUBIT|43222222|6412222|LUC|CF|1|14300|1180|14250|1000|0|0|0|0|0|0|0|0

P|RUBIT2|27|RUBIT|0|2
S| |91000000|181000000|LUC|CD|0|26700|0|0|180|0|0|0|0|0|0|0|0
S|RUBIT|43222222|6412222|LUC|CF|1|14300|1180|14250|1000|0|0|0|0|0|0|0|0

