P|BRUS8L|12L|BRUSC|0|3
S|MT130|43549056|4029333| |DF|0|0|0|0|0|0|0|0|0|1|0|0|0
S|MT132|43507333|3877944| |DF|2|0|0|0|0|0|0|0|0|0|0|0|0
S|BRUSC|43747500|3023333| |TF|0|0|0|0|0|0|0|0|0|0|0|0|0

P|BRUS8R|30R|BRUSC|0|4
S| |91000000|181000000| |CA|0|30300|0|0|0|0|1|500|0|0|0|0|0
S|MT134|43701833|3879056|FJR|CF|0|32900|850|32870|700|0|0|0|0|0|0|0|0
S|MT135|43709611|3741611| |TF|0|0|0|0|0|0|0|0|0|0|0|0|0
S|BRUSC|43747500|3023333| |TF|0|0|0|0|0|0|0|0|0|0|0|0|0

P|ETRE8D|30R|ETREK|0|6
S| |91000000|181000000| |CA|0|30300|0|0|0|0|1|500|0|0|0|0|0
S|MT136|43659139|4031917|FJR|CF|2|5300|550|2520|300|0|0|0|0|0|0|0|0
S|NG|43857194|4406278| |TF|0|0|0|0|0|0|1|10000|0|0|0|0|0
S|EDODU|44033306|4499667| |TF|0|0|0|0|0|0|1|15000|0|0|0|0|0
S|MTL|44554944|4779861| |TF|0|0|0|0|0|0|0|0|0|0|0|0|0
S|ETREK|45187639|4638722| |TF|0|0|0|0|0|0|0|0|0|0|0|0|0

P|ETRE8E|12L|ETREK|0|6
S| |91000000|181000000| |CA|0|12300|0|0|0|0|1|520|0|0|0|0|0
S|MT131|43639472|4068750|FJR|CF|1|1500|550|4620|300|0|0|0|0|0|0|0|0
S|NG|43857194|4406278| |TF|0|0|0|0|0|0|1|10000|0|0|0|0|0
S|EDODU|44033306|4499667| |TF|0|0|0|0|0|0|1|15000|0|0|0|0|0
S|MTL|44554944|4779861| |TF|0|0|0|0|0|0|0|0|0|0|0|0|0
S|ETREK|45187639|4638722| |TF|0|0|0|0|0|0|0|0|0|0|0|0|0

P|ETRE8L|12L|ETREK|0|6
S| |91000000|181000000| |CA|0|12300|0|0|0|0|1|520|0|0|0|0|0
S|MT131|43639472|4068750|FJR|CF|1|1500|550|4620|300|0|0|0|0|0|0|0|0
S|MT137|43693139|4095917| |TF|0|0|0|0|0|0|0|0|0|0|0|0|0
S|EMBAM|44015778|4260417| |TF|0|0|0|0|0|0|1|15000|0|0|0|0|0
S|ORTUX|44158944|4305778| |TF|0|0|0|0|0|0|1|20000|0|0|0|0|0
S|ETREK|45187639|4638722| |TF|0|0|0|0|0|0|0|0|0|0|0|0|0

P|ETRE8R|30R|ETREK|0|6
S| |91000000|181000000| |CA|0|30300|0|0|0|0|1|500|0|0|0|0|0
S|MT136|43659139|4031917|FJR|CF|2|5300|550|2520|300|0|0|0|0|0|0|0|0
S|MT137|43693139|4095917| |TF|0|0|0|0|0|0|0|0|0|0|0|0|0
S|EMBAM|44015778|4260417| |TF|0|0|0|0|0|0|1|15000|0|0|0|0|0
S|ORTUX|44158944|4305778| |TF|0|0|0|0|0|0|1|20000|0|0|0|0|0
S|ETREK|45187639|4638722| |TF|0|0|0|0|0|0|0|0|0|0|0|0|0

P|KELA8L|12L|KELAM|0|5
S|MT130|43549056|4029333| |DF|0|0|0|0|0|0|0|0|0|1|0|0|0
S|MT132|43507333|3877944| |DF|2|0|0|0|0|0|0|0|0|0|0|0|0
S|ZR|43327083|3283028| |TF|0|0|0|0|0|0|0|0|0|0|0|0|0
S|SIJAN|43197500|2936944| |TF|0|0|0|0|0|0|0|0|0|0|0|0|0
S|KELAM|43171944|2868611| |TF|0|0|0|0|0|0|0|0|0|0|0|0|0

P|KELA8N|30R|KELAM|0|6
S| |91000000|181000000|FJR|CD|0|30300|0|0|170|0|1|500|0|0|0|0|0
S| |91000000|181000000| |CI|1|19700|0|0|0|0|0|0|0|0|0|0|0
S|BALRU|43479750|3709750|FJR|CF|0|24200|1300|24100|800|0|0|0|0|0|0|0|0
S|ZR|43327083|3283028| |TF|0|0|0|0|0|0|0|0|0|0|0|0|0
S|SIJAN|43197500|2936944| |TF|0|0|0|0|0|0|0|0|0|0|0|0|0
S|KELAM|43171944|2868611| |TF|0|0|0|0|0|0|0|0|0|0|0|0|0

P|KELA8R|30R|KELAM|0|4
S| |91000000|181000000| |CA|0|30300|0|0|0|0|1|500|0|0|0|0|0
S|MT134|43701833|3879056|FJR|CF|0|32900|850|32870|700|0|0|0|0|0|0|0|0
S|MT135|43709611|3741611| |TF|0|0|0|0|0|0|0|0|0|0|0|0|0
S|KELAM|43171944|2868611| |TF|0|0|0|0|0|0|0|0|0|0|0|0|0

P|MARI8L|12L|MARRI|0|2
S|MT130|43549056|4029333| |DF|0|0|0|0|0|0|0|0|0|1|0|0|0
S|MARRI|43384722|4474167| |TF|0|0|0|0|0|0|0|0|0|0|0|0|0

P|MARI8R|30R|MARRI|0|4
S| |91000000|181000000| |CA|0|30300|0|0|0|0|1|500|0|0|0|0|0
S|MT136|43659139|4031917|FJR|CF|2|5300|550|2520|300|0|0|0|0|0|0|0|0
S|VARES|43503056|4323056| |TF|0|0|0|0|0|0|0|0|0|0|0|0|0
S|MARRI|43384722|4474167| |TF|0|0|0|0|0|0|0|0|0|0|0|0|0

P|MASA8L|12L|MASAM|0|4
S|MT130|43549056|4029333| |DF|0|0|0|0|0|0|0|0|0|1|0|0|0
S|MT132|43507333|3877944| |DF|2|0|0|0|0|0|0|0|0|0|0|0|0
S|MT133|43548917|3473833| |TF|0|0|0|0|0|0|0|0|0|0|0|0|0
S|MASAM|43467778|2251944| |TF|0|0|0|0|0|0|0|0|0|0|0|0|0

P|MEN8L|12L|MEN|0|4
S| |91000000|181000000| |CA|0|12300|0|0|0|0|1|520|0|0|0|0|0
S|MT131|43639472|4068750|FJR|CF|1|1500|550|4620|300|0|0|0|0|0|0|0|0
S|SIMAR|43810722|3794306| |TF|0|0|0|0|0|0|0|0|0|0|0|0|0
S|MEN|44608361|3162417| |TF|0|0|0|0|0|0|0|0|0|0|0|0|0

P|MEN8R|30R|MEN|0|4
S| |91000000|181000000| |CA|0|30300|0|0|0|0|1|500|0|0|0|0|0
S|MT134|43701833|3879056|FJR|CF|0|32900|850|32870|700|0|0|0|0|0|0|0|0
S|SIMAR|43810722|3794306| |TF|0|0|0|0|0|0|0|0|0|0|0|0|0
S|MEN|44608361|3162417| |TF|0|0|0|0|0|0|0|0|0|0|0|0|0

P|MTL8D|30R|MTL|0|5
S| |91000000|181000000| |CA|0|30300|0|0|0|0|1|500|0|0|0|0|0
S|MT136|43659139|4031917|FJR|CF|2|5300|550|2520|300|0|0|0|0|0|0|0|0
S|NG|43857194|4406278| |TF|0|0|0|0|0|0|1|10000|0|0|0|0|0
S|EDODU|44033306|4499667| |TF|0|0|0|0|0|0|1|15000|0|0|0|0|0
S|MTL|44554944|4779861| |TF|0|0|0|0|0|0|0|0|0|0|0|0|0

P|MTL8E|12L|MTL|0|5
S| |91000000|181000000| |CA|0|12300|0|0|0|0|1|520|0|0|0|0|0
S|MT131|43639472|4068750|FJR|CF|1|1500|550|4620|300|0|0|0|0|0|0|0|0
S|NG|43857194|4406278| |TF|0|0|0|0|0|0|1|10000|0|0|0|0|0
S|EDODU|44033306|4499667| |TF|0|0|0|0|0|0|1|15000|0|0|0|0|0
S|MTL|44554944|4779861| |TF|0|0|0|0|0|0|0|0|0|0|0|0|0

P|MTL8L|12L|MTL|0|5
S| |91000000|181000000| |CA|0|12300|0|0|0|0|1|520|0|0|0|0|0
S|MT131|43639472|4068750|FJR|CF|1|1500|550|4620|300|0|0|0|0|0|0|0|0
S|MT137|43693139|4095917| |TF|0|0|0|0|0|0|0|0|0|0|0|0|0
S|EMBAM|44015778|4260417| |TF|0|0|0|0|0|0|1|15000|0|0|0|0|0
S|MTL|44554944|4779861| |TF|0|0|0|0|0|0|0|0|0|0|0|0|0

P|MTL8R|30R|MTL|0|5
S| |91000000|181000000| |CA|0|30300|0|0|0|0|1|500|0|0|0|0|0
S|MT136|43659139|4031917|FJR|CF|2|5300|550|2520|300|0|0|0|0|0|0|0|0
S|MT137|43693139|4095917| |TF|0|0|0|0|0|0|0|0|0|0|0|0|0
S|EMBAM|44015778|4260417| |TF|0|0|0|0|0|0|1|15000|0|0|0|0|0
S|MTL|44554944|4779861| |TF|0|0|0|0|0|0|0|0|0|0|0|0|0

P|NG8L|12L|NG|0|3
S| |91000000|181000000| |CA|0|12300|0|0|0|0|1|520|0|0|0|0|0
S|MT131|43639472|4068750|FJR|CF|1|1500|550|4620|300|0|0|0|0|0|0|0|0
S|NG|43857194|4406278| |TF|0|0|0|0|0|0|0|0|0|0|0|0|0

P|NG8N|30R|NG|0|4
S| |91000000|181000000|FJR|CD|0|30300|0|0|170|0|1|500|0|0|0|0|0
S| |91000000|181000000| |CA|2|5200|0|0|0|0|1|2000|0|0|0|0|0
S| |91000000|181000000| |VI|0|8200|0|0|0|0|0|0|0|0|0|0|0
S|NG|43857194|4406278|FJR|CF|0|5200|2520|4620|1800|0|0|0|0|0|0|0|0

P|NG8R|30R|NG|0|3
S| |91000000|181000000| |CA|0|30300|0|0|0|0|1|500|0|0|0|0|0
S|MT136|43659139|4031917|FJR|CF|2|5300|550|2520|300|0|0|0|0|0|0|0|0
S|NG|43857194|4406278| |TF|0|0|0|0|0|0|0|0|0|0|0|0|0

P|NG8S|12L|NG|0|4
S| |91000000|181000000|FJR|CD|0|12300|0|0|150|0|1|520|0|0|0|0|0
S| |91000000|181000000| |CI|1|1600|0|0|0|0|1|2000|0|0|0|0|0
S|LUNEL|43689417|4145833|FJR|CF|0|4700|1000|4620|300|0|0|0|0|0|0|0|0
S|NG|43857194|4406278| |TF|0|0|0|0|0|0|0|0|0|0|0|0|0

P|PPG8L|12L|PPG|0|3
S|MT130|43549056|4029333| |DF|0|0|0|0|0|0|0|0|0|1|0|0|0
S|MT132|43507333|3877944| |DF|2|0|0|0|0|0|0|0|0|0|0|0|0
S|PPG|42750472|2867139| |TF|0|0|0|0|0|0|0|0|0|0|0|0|0

P|PPG8N|30R|PPG|0|3
S| |91000000|181000000|FJR|CD|0|30300|0|0|170|0|1|500|0|0|0|0|0
S| |91000000|181000000| |CI|1|17800|0|0|0|0|0|0|0|0|0|0|0
S|PPG|42750472|2867139|FJR|CF|0|22300|6950|22280|6300|0|0|0|0|0|0|0|0

