P|LACA8M|17|LACAZ|0|3
S|MV711|43867917|4912472|MTG|CF|0|16700|2990|34330|200|0|0|0|0|1|0|0|0
S|VENTA|43583056|5234472| |TF|0|0|0|0|0|0|0|0|0|0|0|0|0
S|LACAZ|43438250|5216417| |TF|0|0|0|0|0|0|0|0|0|0|0|0|0

P|LACA8N|35|LACAZ|0|5
S|MV500|43959778|4887667|MTG|CF|0|34700|3550|34390|300|0|0|0|0|1|0|0|0
S| |91000000|181000000| |CA|0|34700|0|0|0|0|1|1500|0|0|0|0|0
S|MV501|43930167|4761722|MTG|CF|1|22800|3560|33470|500|210|0|0|0|1|0|0|0
S|VENTA|43583056|5234472| |TF|1|0|0|0|0|0|0|0|0|0|0|0|0
S|LACAZ|43438250|5216417| |TF|0|0|0|0|0|0|0|0|0|0|0|0|0

P|LACA8S|17|LACAZ|0|5
S|MV711|43867917|4912472|MTG|CF|0|16700|2990|34330|200|0|0|0|0|1|0|0|0
S|MV713|43871861|4770833| |DF|2|0|0|0|0|175|3|5000|3000|1|0|0|0
S|VOJEL|43908278|4905389| |DF|2|0|0|0|0|0|1|5000|0|0|0|0|0
S|VENTA|43583056|5234472| |TF|0|0|0|0|0|0|0|0|0|0|0|0|0
S|LACAZ|43438250|5216417| |TF|0|0|0|0|0|0|0|0|0|0|0|0|0

P|MTL8M|17|MTL|0|3
S|MV711|43867917|4912472|MTG|CF|0|16700|2990|34330|200|0|0|0|0|1|0|0|0
S|MV715|44000000|4834722| |DF|2|0|0|0|0|0|0|0|0|0|0|0|0
S|MTL|44554944|4779861| |TF|0|0|0|0|0|0|0|0|0|0|0|0|0

P|MTL8N|35|MTL|0|3
S|MV500|43959778|4887667|MTG|CF|0|34700|3550|34390|300|0|0|0|0|1|0|0|0
S| |91000000|181000000| |CA|0|34700|0|0|0|0|1|1500|0|0|0|0|0
S|MTL|44554944|4779861| |DF|0|0|0|0|0|0|0|0|0|0|0|0|0

P|MTL8P|35|MTL|0|4
S|MV500|43959778|4887667|MTG|CF|0|34700|3550|34390|300|0|0|0|0|1|0|0|0
S| |91000000|181000000| |CA|0|34700|0|0|0|0|1|1500|0|0|0|0|0
S|RARUS|44120278|4753889| |DF|0|0|0|0|0|0|0|0|0|0|0|0|0
S|MTL|44554944|4779861| |TF|0|0|0|0|0|0|0|0|0|0|0|0|0

P|MTL8S|17|MTL|0|4
S|MV711|43867917|4912472|MTG|CF|0|16700|2990|34330|200|0|0|0|0|1|0|0|0
S|MV715|44000000|4834722| |DF|2|0|0|0|0|0|0|0|0|0|0|0|0
S|RARUS|44120278|4753889| |TF|0|0|0|0|0|0|0|0|0|0|0|0|0
S|MTL|44554944|4779861| |TF|0|0|0|0|0|0|0|0|0|0|0|0|0

P|NG8N|35|NG|0|5
S|MV500|43959778|4887667|MTG|CF|0|34700|3550|34390|300|0|0|0|0|1|0|0|0
S| |91000000|181000000| |CA|0|34700|0|0|0|0|1|1500|0|0|0|0|0
S|MV501|43930167|4761722|MTG|CF|1|22800|3560|33470|500|210|0|0|0|1|0|0|0
S|AXIOS|43886556|4690389| |TF|0|0|0|0|0|0|0|0|0|0|0|0|0
S|NG|43857194|4406278| |TF|0|0|0|0|0|0|0|0|0|0|0|0|0

P|NG8S|17|NG|0|4
S|MV711|43867917|4912472|MTG|CF|0|16700|2990|34330|200|0|0|0|0|1|0|0|0
S|MV713|43871861|4770833| |DF|2|0|0|0|0|175|3|5000|3000|0|0|0|0
S|AXIOS|43886556|4690389| |TF|0|0|0|0|0|0|0|0|0|0|0|0|0
S|NG|43857194|4406278| |TF|0|0|0|0|0|0|0|0|0|0|0|0|0

P|TRET8M|17|TRETS|0|4
S|MV711|43867917|4912472|MTG|CF|0|16700|2990|34330|200|0|0|0|0|1|0|0|0
S|VENTA|43583056|5234472| |TF|0|0|0|0|0|0|0|0|0|0|0|0|0
S|MV720|43468583|5265583| |TF|0|0|0|0|0|0|0|0|0|0|0|0|0
S|TRETS|43413056|5730833| |TF|0|0|0|0|0|0|0|0|0|0|0|0|0

P|TRET8N|35|TRETS|0|6
S|MV500|43959778|4887667|MTG|CF|0|34700|3550|34390|300|0|0|0|0|1|0|0|0
S| |91000000|181000000| |CA|0|34700|0|0|0|0|1|1500|0|0|0|0|0
S|MV501|43930167|4761722|MTG|CF|1|22800|3560|33470|500|210|0|0|0|1|0|0|0
S|VENTA|43583056|5234472| |TF|1|0|0|0|0|0|0|0|0|0|0|0|0
S|MV720|43468583|5265583| |TF|0|0|0|0|0|0|0|0|0|0|0|0|0
S|TRETS|43413056|5730833| |TF|0|0|0|0|0|0|0|0|0|0|0|0|0

P|TRET8S|17|TRETS|0|6
S|MV711|43867917|4912472|MTG|CF|0|16700|2990|34330|200|0|0|0|0|1|0|0|0
S|MV713|43871861|4770833| |DF|2|0|0|0|0|175|3|5000|3000|1|0|0|0
S|VOJEL|43908278|4905389| |DF|2|0|0|0|0|0|1|5000|0|0|0|0|0
S|VENTA|43583056|5234472| |TF|0|0|0|0|0|0|0|0|0|0|0|0|0
S|MV720|43468583|5265583| |TF|0|0|0|0|0|0|0|0|0|0|0|0|0
S|TRETS|43413056|5730833| |TF|0|0|0|0|0|0|0|0|0|0|0|0|0

