P|DOMO1E|07|DOMOD|0|4
S|DER07|47991544|1775689| |DF|0|0|0|0|0|0|0|0|0|1|0|0|0
S| |91000000|181000000| |CA|0|6800|0|0|0|0|1|900|0|0|0|0|0
S| |91000000|181000000| |CI|1|21800|0|0|0|0|0|0|0|0|0|0|0
S|DOMOD|47862778|1285833|BCY|CF|0|24800|2030|24800|1500|0|0|0|0|0|0|0|0

P|DOMO1W|25|DOMOD|0|3
S|DER25|47983911|1745561| |DF|0|0|0|0|0|0|0|0|0|1|0|0|0
S| |91000000|181000000| |CA|0|24800|0|0|0|0|1|910|0|0|0|0|0
S|DOMOD|47862778|1285833|BCY|CF|0|24800|2030|24800|1900|0|0|0|0|0|0|0|0

P|MOTA1E|07|MOTAL|0|5
S|DER07|47991544|1775689| |DF|0|0|0|0|0|0|0|0|0|1|0|0|0
S| |91000000|181000000| |CA|0|6800|0|0|0|0|1|900|0|0|0|0|0
S|BCY|47985306|1755556|BCY|CF|1|17500|0|0|300|0|0|0|0|0|0|0|0
S|BCY|47985306|1755556|BCY|FD|0|14100|0|0|500|0|2|5500|0|0|0|0|0
S|MOTAL|47576667|2220000|BCY|CF|0|14100|3090|14140|2600|0|0|0|0|0|0|0|0

P|MOTA1W|25|MOTAL|0|4
S|DER25|47983911|1745561| |DF|0|0|0|0|0|0|0|0|0|1|0|0|0
S| |91000000|181000000| |CA|0|24800|0|0|0|0|1|910|0|0|0|0|0
S|D141K|47840069|1921706|BCY|CF|1|10600|1100|14140|1000|0|2|5500|0|0|0|0|0
S|MOTAL|47576667|2220000| |TF|0|0|0|0|0|0|0|0|0|0|0|0|0

