P|AGOP2A|20|AGOPA|0|5
S| |91000000|181000000| |CA|0|19700|0|0|0|0|1|700|0|0|0|0|0
S|PO201|48573667|2304778| |DF|0|0|0|0|0|0|0|0|0|1|0|0|0
S|PO271|48481500|2008667| |DF|0|0|0|0|0|0|2|10000|0|0|0|0|0
S|ADADA|48295000|2003611| |TF|0|0|0|0|0|0|0|0|0|0|0|0|0
S|AGOPA|48083333|2009722| |TF|0|0|0|0|0|0|0|0|0|0|0|0|0

P|AGOP2B|20|AGOPA|0|5
S| |91000000|181000000| |CA|0|19700|0|0|0|0|1|700|0|0|0|0|0
S|PO201|48573667|2304778| |DF|0|0|0|0|0|0|0|0|0|1|0|0|0
S|PO271|48481500|2008667| |DF|0|0|0|0|0|0|2|10000|0|0|0|0|0
S|ADADA|48295000|2003611| |TF|0|0|0|0|0|0|0|0|0|0|0|0|0
S|AGOPA|48083333|2009722| |TF|0|0|0|0|0|0|0|0|0|0|0|0|0

P|AGOP2E|07|AGOPA|0|6
S|PO081|48739500|2467556|CLM|CF|0|7300|2260|25300|300|0|0|0|0|1|0|0|0
S|PO082|48742861|2548889| |DF|0|0|0|0|0|0|0|0|0|1|0|0|0
S|PO085|48641028|2627556| |DF|0|0|0|0|0|0|0|0|0|0|0|0|0
S|ABORO|48524139|2415083| |TF|0|0|0|0|0|0|0|0|0|0|0|0|0
S|ADADA|48295000|2003611| |TF|0|0|0|0|0|0|0|0|0|0|0|0|0
S|AGOPA|48083333|2009722| |TF|0|0|0|0|0|0|0|0|0|0|0|0|0

P|AGOP2F|06|AGOPA|0|6
S|PO060|48756917|2421361|CLM|CF|0|6100|2410|25660|300|0|2|2000|0|1|0|0|0
S|PO061|48753889|2546417| |DF|0|0|0|0|0|0|0|0|0|1|0|0|0
S|PO085|48641028|2627556| |DF|0|0|0|0|0|0|0|0|0|0|0|0|0
S|ABORO|48524139|2415083| |TF|0|0|0|0|0|0|0|0|0|0|0|0|0
S|ADADA|48295000|2003611| |TF|0|0|0|0|0|0|0|0|0|0|0|0|0
S|AGOPA|48083333|2009722| |TF|0|0|0|0|0|0|0|0|0|0|0|0|0

P|AGOP2G|07|AGOPA|0|6
S|PO081|48739500|2467556|CLM|CF|0|7300|2260|25300|300|0|0|0|0|1|0|0|0
S|PO082|48742861|2548889| |DF|0|0|0|0|0|0|0|0|0|1|0|0|0
S|PO085|48641028|2627556| |DF|0|0|0|0|0|0|0|0|0|0|0|0|0
S|ABORO|48524139|2415083| |TF|0|0|0|0|0|0|0|0|0|0|0|0|0
S|ADADA|48295000|2003611| |TF|0|0|0|0|0|0|0|0|0|0|0|0|0
S|AGOPA|48083333|2009722| |TF|0|0|0|0|0|0|0|0|0|0|0|0|0

P|AGOP2H|06|AGOPA|0|6
S|PO060|48756917|2421361|CLM|CF|0|6100|2410|25660|300|0|2|2000|0|1|0|0|0
S|PO061|48753889|2546417| |DF|0|0|0|0|0|0|0|0|0|1|0|0|0
S|PO085|48641028|2627556| |DF|0|0|0|0|0|0|0|0|0|0|0|0|0
S|ABORO|48524139|2415083| |TF|0|0|0|0|0|0|0|0|0|0|0|0|0
S|ADADA|48295000|2003611| |TF|0|0|0|0|0|0|0|0|0|0|0|0|0
S|AGOPA|48083333|2009722| |TF|0|0|0|0|0|0|0|0|0|0|0|0|0

P|AGOP2Q|24|AGOPA|0|5
S|DER24|48719975|2316919| |DF|0|0|0|0|0|0|0|0|0|1|0|0|0
S|PO246|48662861|2183806|CLM|CF|0|23600|3470|25100|600|0|0|0|0|1|0|0|0
S|PO271|48481500|2008667| |DF|0|0|0|0|0|0|2|10000|0|0|0|0|0
S|ADADA|48295000|2003611| |TF|0|0|0|0|0|0|0|0|0|0|0|0|0
S|AGOPA|48083333|2009722| |TF|0|0|0|0|0|0|0|0|0|0|0|0|0

P|AGOP2R|25|AGOPA|0|5
S|PO241|48706556|2288944|CLM|CF|0|25300|2990|25320|300|0|0|0|0|1|0|0|0
S|PO246|48662861|2183806| |DF|0|0|0|0|0|0|0|0|0|1|0|0|0
S|PO271|48481500|2008667| |DF|0|0|0|0|0|0|2|10000|0|0|0|0|0
S|ADADA|48295000|2003611| |TF|0|0|0|0|0|0|0|0|0|0|0|0|0
S|AGOPA|48083333|2009722| |TF|0|0|0|0|0|0|0|0|0|0|0|0|0

P|AGOP2S|20|AGOPA|0|7
S|DER20|48717542|2376697| |DF|0|0|0|0|0|0|0|0|0|1|0|0|0
S| |91000000|181000000| |CA|0|19700|0|0|0|0|1|700|0|0|0|0|0
S|PO203|48631889|2233306|CLM|CF|0|22500|3350|24690|700|0|0|0|0|1|0|0|0
S|PO272|48523583|2065167| |DF|0|0|0|0|0|0|0|0|0|0|0|0|0
S|PO271|48481500|2008667| |TF|0|0|0|0|0|0|2|10000|0|0|0|0|0
S|ADADA|48295000|2003611| |TF|0|0|0|0|0|0|0|0|0|0|0|0|0
S|AGOPA|48083333|2009722| |TF|0|0|0|0|0|0|0|0|0|0|0|0|0

P|AGOP2W|24|AGOPA|0|5
S|DER24|48719975|2316919| |DF|0|0|0|0|0|0|0|0|0|1|0|0|0
S|PO246|48662861|2183806|CLM|CF|0|23600|3470|25100|600|0|0|0|0|1|0|0|0
S|PO271|48481500|2008667| |DF|0|0|0|0|0|0|2|10000|0|0|0|0|0
S|ADADA|48295000|2003611| |TF|0|0|0|0|0|0|0|0|0|0|0|0|0
S|AGOPA|48083333|2009722| |TF|0|0|0|0|0|0|0|0|0|0|0|0|0

P|AGOP2X|25|AGOPA|0|5
S|PO241|48706556|2288944|CLM|CF|0|25300|2990|25320|300|0|0|0|0|1|0|0|0
S|PO246|48662861|2183806| |DF|0|0|0|0|0|0|0|0|0|1|0|0|0
S|PO271|48481500|2008667| |DF|0|0|0|0|0|0|2|10000|0|0|0|0|0
S|ADADA|48295000|2003611| |TF|0|0|0|0|0|0|0|0|0|0|0|0|0
S|AGOPA|48083333|2009722| |TF|0|0|0|0|0|0|0|0|0|0|0|0|0

P|AGOP2Y|20|AGOPA|0|7
S|DER20|48717542|2376697| |DF|0|0|0|0|0|0|0|0|0|1|0|0|0
S| |91000000|181000000| |CA|0|19700|0|0|0|0|1|700|0|0|0|0|0
S|PO203|48631889|2233306|CLM|CF|0|22500|3350|24690|700|0|0|0|0|1|0|0|0
S|PO272|48523583|2065167| |DF|0|0|0|0|0|0|0|0|0|0|0|0|0
S|PO271|48481500|2008667| |TF|0|0|0|0|0|0|2|10000|0|0|0|0|0
S|ADADA|48295000|2003611| |TF|0|0|0|0|0|0|0|0|0|0|0|0|0
S|AGOPA|48083333|2009722| |TF|0|0|0|0|0|0|0|0|0|0|0|0|0

P|ATRE2A|20|ATREX|0|6
S| |91000000|181000000| |CA|0|19700|0|0|0|0|1|700|0|0|0|0|0
S|PO201|48573667|2304778| |DF|0|0|0|0|0|0|0|0|0|1|0|0|0
S|PO260|48767667|1740083| |DF|2|0|0|0|0|0|0|0|0|0|0|0|0
S|PO262|49233389|2026528| |TF|0|0|0|0|0|0|0|0|0|0|0|0|0
S|BOV|49436361|2153194| |TF|0|0|0|0|0|0|0|0|0|0|0|0|0
S|ATREX|49785278|2368611| |TF|0|0|0|0|0|0|0|0|0|0|0|0|0

P|ATRE2B|20|ATREX|0|8
S| |91000000|181000000| |CA|0|19700|0|0|0|0|1|700|0|0|0|0|0
S|PO201|48573667|2304778| |DF|0|0|0|0|0|0|0|0|0|1|0|0|0
S|PO300|48493861|2367528| |DF|0|0|0|0|0|0|2|10000|0|0|0|0|0
S|PO302|48524028|2850500| |TF|0|0|0|0|0|0|0|0|0|0|0|0|0
S|PO304|48650417|3068917| |TF|0|0|0|0|0|0|0|0|0|0|0|0|0
S|PO306|48871000|3152833| |TF|0|0|0|0|0|0|0|0|0|0|0|0|0
S|PB096|49137000|2937806| |TF|0|0|0|0|0|0|0|0|0|0|0|0|0
S|ATREX|49785278|2368611| |TF|0|0|0|0|0|0|0|0|0|0|0|0|0

P|ATRE2E|07|ATREX|0|8
S|PO081|48739500|2467556|CLM|CF|0|7300|2260|25300|300|0|0|0|0|1|0|0|0
S|PO082|48742861|2548889| |DF|0|0|0|0|0|0|0|0|0|1|0|0|0
S|PO181|48665278|2403056| |DF|2|0|0|0|0|0|0|0|0|0|0|0|0
S|PO183|48640083|2310000| |TF|0|0|0|0|0|0|0|0|0|0|0|0|0
S|PO088|48748389|2013222| |TF|0|0|0|0|0|0|0|0|0|0|0|0|0
S|PO090|49136722|2091778| |TF|0|0|0|0|0|0|0|0|0|0|0|0|0
S|EGOZE|49552639|2489472| |TF|0|0|0|0|0|0|0|0|0|0|0|0|0
S|ATREX|49785278|2368611| |TF|0|0|0|0|0|0|0|0|0|0|0|0|0

P|ATRE2F|06|ATREX|0|8
S|PO060|48756917|2421361|CLM|CF|0|6100|2410|25660|300|0|2|2000|0|1|0|0|0
S|PO061|48753889|2546417| |DF|0|0|0|0|0|0|0|0|0|1|0|0|0
S|PO181|48665278|2403056| |DF|2|0|0|0|0|0|0|0|0|0|0|0|0
S|PO183|48640083|2310000| |TF|0|0|0|0|0|0|0|0|0|0|0|0|0
S|PO088|48748389|2013222| |TF|0|0|0|0|0|0|0|0|0|0|0|0|0
S|PO090|49136722|2091778| |TF|0|0|0|0|0|0|0|0|0|0|0|0|0
S|EGOZE|49552639|2489472| |TF|0|0|0|0|0|0|0|0|0|0|0|0|0
S|ATREX|49785278|2368611| |TF|0|0|0|0|0|0|0|0|0|0|0|0|0

P|ATRE2G|07|ATREX|0|8
S|PO081|48739500|2467556|CLM|CF|0|7300|2260|25300|300|0|0|0|0|1|0|0|0
S|PO082|48742861|2548889| |DF|0|0|0|0|0|0|0|0|0|1|0|0|0
S|PO181|48665278|2403056| |DF|2|0|0|0|0|0|0|0|0|0|0|0|0
S|PO183|48640083|2310000| |TF|0|0|0|0|0|0|0|0|0|0|0|0|0
S|PO092|48832722|1779750| |TF|0|0|0|0|0|0|0|0|0|0|0|0|0
S|PO262|49233389|2026528| |TF|0|0|0|0|0|0|0|0|0|0|0|0|0
S|BOV|49436361|2153194| |TF|0|0|0|0|0|0|0|0|0|0|0|0|0
S|ATREX|49785278|2368611| |TF|0|0|0|0|0|0|0|0|0|0|0|0|0

P|ATRE2H|06|ATREX|0|8
S|PO060|48756917|2421361|CLM|CF|0|6100|2410|25660|300|0|2|2000|0|1|0|0|0
S|PO061|48753889|2546417| |DF|0|0|0|0|0|0|0|0|0|1|0|0|0
S|PO181|48665278|2403056| |DF|2|0|0|0|0|0|0|0|0|0|0|0|0
S|PO183|48640083|2310000| |TF|0|0|0|0|0|0|0|0|0|0|0|0|0
S|PO092|48832722|1779750| |TF|0|0|0|0|0|0|0|0|0|0|0|0|0
S|PO262|49233389|2026528| |TF|0|0|0|0|0|0|0|0|0|0|0|0|0
S|BOV|49436361|2153194| |TF|0|0|0|0|0|0|0|0|0|0|0|0|0
S|ATREX|49785278|2368611| |TF|0|0|0|0|0|0|0|0|0|0|0|0|0

P|ATRE2Q|24|ATREX|0|8
S|DER24|48719975|2316919| |DF|0|0|0|0|0|0|0|0|0|1|0|0|0
S|PO243|48681306|2226417|BT|CF|0|23600|1980|20630|500|0|0|0|0|1|0|0|0
S|PO300|48493861|2367528| |DF|1|0|0|0|0|0|2|10000|0|0|0|0|0
S|PO302|48524028|2850500| |TF|0|0|0|0|0|0|0|0|0|0|0|0|0
S|PO304|48650417|3068917| |TF|0|0|0|0|0|0|0|0|0|0|0|0|0
S|PO306|48871000|3152833| |TF|0|0|0|0|0|0|0|0|0|0|0|0|0
S|PB096|49137000|2937806| |TF|0|0|0|0|0|0|0|0|0|0|0|0|0
S|ATREX|49785278|2368611| |TF|0|0|0|0|0|0|0|0|0|0|0|0|0

P|ATRE2R|25|ATREX|0|8
S|PO241|48706556|2288944|BT|CF|0|25300|1740|20130|300|0|0|0|0|1|0|0|0
S|PO243|48681306|2226417| |DF|0|0|0|0|0|0|0|0|0|1|0|0|0
S|PO300|48493861|2367528| |DF|1|0|0|0|0|0|2|10000|0|0|0|0|0
S|PO302|48524028|2850500| |TF|0|0|0|0|0|0|0|0|0|0|0|0|0
S|PO304|48650417|3068917| |TF|0|0|0|0|0|0|0|0|0|0|0|0|0
S|PO306|48871000|3152833| |TF|0|0|0|0|0|0|0|0|0|0|0|0|0
S|PB096|49137000|2937806| |TF|0|0|0|0|0|0|0|0|0|0|0|0|0
S|ATREX|49785278|2368611| |TF|0|0|0|0|0|0|0|0|0|0|0|0|0

P|ATRE2S|20|ATREX|0|9
S|DER20|48717542|2376697| |DF|0|0|0|0|0|0|0|0|0|1|0|0|0
S| |91000000|181000000| |CA|0|19700|0|0|0|0|1|700|0|0|0|0|0
S|PO202|48646917|2256722|BT|CF|0|22500|2120|20090|600|0|0|0|0|1|0|0|0
S|PO300|48493861|2367528| |DF|0|0|0|0|0|0|2|10000|0|0|0|0|0
S|PO302|48524028|2850500| |TF|0|0|0|0|0|0|0|0|0|0|0|0|0
S|PO304|48650417|3068917| |TF|0|0|0|0|0|0|0|0|0|0|0|0|0
S|PO306|48871000|3152833| |TF|0|0|0|0|0|0|0|0|0|0|0|0|0
S|PB096|49137000|2937806| |TF|0|0|0|0|0|0|0|0|0|0|0|0|0
S|ATREX|49785278|2368611| |TF|0|0|0|0|0|0|0|0|0|0|0|0|0

P|ATRE2W|24|ATREX|0|7
S|DER24|48719975|2316919| |DF|0|0|0|0|0|0|0|0|0|1|0|0|0
S|PO245|48666583|2192111|BT|CF|0|23600|2120|20850|600|0|0|0|0|1|0|0|0
S|PO248|48634028|2090639| |DF|0|0|0|0|0|0|0|0|0|1|0|0|0
S|PO260|48767667|1740083| |DF|0|0|0|0|0|0|0|0|0|0|0|0|0
S|PO262|49233389|2026528| |TF|0|0|0|0|0|0|0|0|0|0|0|0|0
S|BOV|49436361|2153194| |TF|0|0|0|0|0|0|0|0|0|0|0|0|0
S|ATREX|49785278|2368611| |TF|0|0|0|0|0|0|0|0|0|0|0|0|0

P|ATRE2X|25|ATREX|0|7
S|PO241|48706556|2288944|BT|CF|0|25300|1740|20130|300|0|0|0|0|1|0|0|0
S|PO245|48666583|2192111| |DF|0|0|0|0|0|0|0|0|0|1|0|0|0
S|PO248|48634028|2090639| |DF|0|0|0|0|0|0|0|0|0|1|0|0|0
S|PO260|48767667|1740083| |DF|0|0|0|0|0|0|0|0|0|0|0|0|0
S|PO262|49233389|2026528| |TF|0|0|0|0|0|0|0|0|0|0|0|0|0
S|BOV|49436361|2153194| |TF|0|0|0|0|0|0|0|0|0|0|0|0|0
S|ATREX|49785278|2368611| |TF|0|0|0|0|0|0|0|0|0|0|0|0|0

P|ATRE2Y|20|ATREX|0|8
S|DER20|48717542|2376697| |DF|0|0|0|0|0|0|0|0|0|1|0|0|0
S| |91000000|181000000| |CA|0|19700|0|0|0|0|1|700|0|0|0|0|0
S|PO202|48646917|2256722|BT|CF|0|22500|2120|20090|600|0|0|0|0|1|0|0|0
S|PO204|48610806|2131000| |DF|0|0|0|0|0|0|0|0|0|1|0|0|0
S|PO260|48767667|1740083| |DF|0|0|0|0|0|0|0|0|0|0|0|0|0
S|PO262|49233389|2026528| |TF|0|0|0|0|0|0|0|0|0|0|0|0|0
S|BOV|49436361|2153194| |TF|0|0|0|0|0|0|0|0|0|0|0|0|0
S|ATREX|49785278|2368611| |TF|0|0|0|0|0|0|0|0|0|0|0|0|0

P|BAXI2A|20|BAXIR|0|6
S| |91000000|181000000| |CA|0|19700|0|0|0|0|1|700|0|0|0|0|0
S|PO201|48573667|2304778| |DF|0|0|0|0|0|0|0|0|0|1|0|0|0
S|PO300|48493861|2367528| |DF|0|0|0|0|0|0|2|10000|0|0|0|0|0
S|PO302|48524028|2850500| |TF|0|0|0|0|0|0|0|0|0|0|0|0|0
S|BATAG|48822806|3372278| |TF|0|0|0|0|0|0|0|0|0|0|0|0|0
S|BAXIR|48790556|3869917| |TF|0|0|0|0|0|0|0|0|0|0|0|0|0

P|BAXI2B|20|BAXIR|0|6
S| |91000000|181000000| |CA|0|19700|0|0|0|0|1|700|0|0|0|0|0
S|PO201|48573667|2304778| |DF|0|0|0|0|0|0|0|0|0|1|0|0|0
S|PO300|48493861|2367528| |DF|0|0|0|0|0|0|2|10000|0|0|0|0|0
S|PO302|48524028|2850500| |TF|0|0|0|0|0|0|0|0|0|0|0|0|0
S|BATAG|48822806|3372278| |TF|0|0|0|0|0|0|0|0|0|0|0|0|0
S|BAXIR|48790556|3869917| |TF|0|0|0|0|0|0|0|0|0|0|0|0|0

P|BAXI2E|07|BAXIR|0|6
S|PO081|48739500|2467556|CLM|CF|0|7300|2260|25300|300|0|0|0|0|1|0|0|0
S|PO082|48742861|2548889| |DF|0|0|0|0|0|0|0|0|0|1|0|0|0
S|PO083|48753556|2682444| |DF|0|0|0|0|0|0|0|0|0|1|0|0|0
S|PO084|48776056|2977472| |DF|0|0|0|0|0|0|0|0|0|0|0|0|0
S|BATAG|48822806|3372278| |TF|0|0|0|0|0|0|0|0|0|0|0|0|0
S|BAXIR|48790556|3869917| |TF|0|0|0|0|0|0|0|0|0|0|0|0|0

P|BAXI2F|06|BAXIR|0|6
S|PO060|48756917|2421361|CLM|CF|0|6100|2410|25660|300|0|2|2000|0|1|0|0|0
S|PO061|48753889|2546417| |DF|0|0|0|0|0|0|0|0|0|1|0|0|0
S|PO083|48753556|2682444| |DF|0|0|0|0|0|0|0|0|0|1|0|0|0
S|PO084|48776056|2977472| |DF|0|0|0|0|0|0|0|0|0|0|0|0|0
S|BATAG|48822806|3372278| |TF|0|0|0|0|0|0|0|0|0|0|0|0|0
S|BAXIR|48790556|3869917| |TF|0|0|0|0|0|0|0|0|0|0|0|0|0

P|BAXI2G|07|BAXIR|0|6
S|PO081|48739500|2467556|CLM|CF|0|7300|2260|25300|300|0|0|0|0|1|0|0|0
S|PO082|48742861|2548889| |DF|0|0|0|0|0|0|0|0|0|1|0|0|0
S|PO083|48753556|2682444| |DF|0|0|0|0|0|0|0|0|0|1|0|0|0
S|PO084|48776056|2977472| |DF|0|0|0|0|0|0|0|0|0|0|0|0|0
S|BATAG|48822806|3372278| |TF|0|0|0|0|0|0|0|0|0|0|0|0|0
S|BAXIR|48790556|3869917| |TF|0|0|0|0|0|0|0|0|0|0|0|0|0

P|BAXI2H|06|BAXIR|0|6
S|PO060|48756917|2421361|CLM|CF|0|6100|2410|25660|300|0|2|2000|0|1|0|0|0
S|PO061|48753889|2546417| |DF|0|0|0|0|0|0|0|0|0|1|0|0|0
S|PO083|48753556|2682444| |DF|0|0|0|0|0|0|0|0|0|1|0|0|0
S|PO084|48776056|2977472| |DF|0|0|0|0|0|0|0|0|0|0|0|0|0
S|BATAG|48822806|3372278| |TF|0|0|0|0|0|0|0|0|0|0|0|0|0
S|BAXIR|48790556|3869917| |TF|0|0|0|0|0|0|0|0|0|0|0|0|0

P|BAXI2Q|24|BAXIR|0|6
S|DER24|48719975|2316919| |DF|0|0|0|0|0|0|0|0|0|1|0|0|0
S|PO243|48681306|2226417|CLM|CF|0|23600|3280|25190|400|0|0|0|0|1|0|0|0
S|PO300|48493861|2367528| |DF|1|0|0|0|0|0|2|10000|0|0|0|0|0
S|PO302|48524028|2850500| |TF|0|0|0|0|0|0|0|0|0|0|0|0|0
S|BATAG|48822806|3372278| |TF|0|0|0|0|0|0|0|0|0|0|0|0|0
S|BAXIR|48790556|3869917| |TF|0|0|0|0|0|0|0|0|0|0|0|0|0

P|BAXI2R|25|BAXIR|0|6
S|PO241|48706556|2288944|CLM|CF|0|25300|2990|25320|300|0|0|0|0|1|0|0|0
S|PO243|48681306|2226417| |DF|0|0|0|0|0|0|0|0|0|1|0|0|0
S|PO300|48493861|2367528| |DF|1|0|0|0|0|0|2|10000|0|0|0|0|0
S|PO302|48524028|2850500| |TF|0|0|0|0|0|0|0|0|0|0|0|0|0
S|BATAG|48822806|3372278| |TF|0|0|0|0|0|0|0|0|0|0|0|0|0
S|BAXIR|48790556|3869917| |TF|0|0|0|0|0|0|0|0|0|0|0|0|0

P|BAXI2S|20|BAXIR|0|7
S|DER20|48717542|2376697| |DF|0|0|0|0|0|0|0|0|0|1|0|0|0
S| |91000000|181000000| |CA|0|19700|0|0|0|0|1|700|0|0|0|0|0
S|PO202|48646917|2256722|CLM|CF|0|22500|3230|24770|600|0|0|0|0|1|0|0|0
S|PO300|48493861|2367528| |DF|0|0|0|0|0|0|2|10000|0|0|0|0|0
S|PO302|48524028|2850500| |TF|0|0|0|0|0|0|0|0|0|0|0|0|0
S|BATAG|48822806|3372278| |TF|0|0|0|0|0|0|0|0|0|0|0|0|0
S|BAXIR|48790556|3869917| |TF|0|0|0|0|0|0|0|0|0|0|0|0|0

P|BAXI2W|24|BAXIR|0|6
S|DER24|48719975|2316919| |DF|0|0|0|0|0|0|0|0|0|1|0|0|0
S|PO243|48681306|2226417|CLM|CF|0|23600|3280|25190|400|0|0|0|0|1|0|0|0
S|PO300|48493861|2367528| |DF|1|0|0|0|0|0|2|10000|0|0|0|0|0
S|PO302|48524028|2850500| |TF|0|0|0|0|0|0|0|0|0|0|0|0|0
S|BATAG|48822806|3372278| |TF|0|0|0|0|0|0|0|0|0|0|0|0|0
S|BAXIR|48790556|3869917| |TF|0|0|0|0|0|0|0|0|0|0|0|0|0

P|BAXI2X|25|BAXIR|0|6
S|PO241|48706556|2288944|CLM|CF|0|25300|2990|25320|300|0|0|0|0|1|0|0|0
S|PO243|48681306|2226417| |DF|0|0|0|0|0|0|0|0|0|1|0|0|0
S|PO300|48493861|2367528| |DF|1|0|0|0|0|0|2|10000|0|0|0|0|0
S|PO302|48524028|2850500| |TF|0|0|0|0|0|0|0|0|0|0|0|0|0
S|BATAG|48822806|3372278| |TF|0|0|0|0|0|0|0|0|0|0|0|0|0
S|BAXIR|48790556|3869917| |TF|0|0|0|0|0|0|0|0|0|0|0|0|0

P|BAXI2Y|20|BAXIR|0|7
S|DER20|48717542|2376697| |DF|0|0|0|0|0|0|0|0|0|1|0|0|0
S| |91000000|181000000| |CA|0|19700|0|0|0|0|1|700|0|0|0|0|0
S|PO202|48646917|2256722|CLM|CF|0|22500|3230|24770|600|0|0|0|0|1|0|0|0
S|PO300|48493861|2367528| |DF|0|0|0|0|0|0|2|10000|0|0|0|0|0
S|PO302|48524028|2850500| |TF|0|0|0|0|0|0|0|0|0|0|0|0|0
S|BATAG|48822806|3372278| |TF|0|0|0|0|0|0|0|0|0|0|0|0|0
S|BAXIR|48790556|3869917| |TF|0|0|0|0|0|0|0|0|0|0|0|0|0

P|BUBL2A|20|BUBLI|0|6
S| |91000000|181000000| |CA|0|19700|0|0|0|0|1|700|0|0|0|0|0
S|PO201|48573667|2304778| |DF|0|0|0|0|0|0|0|0|0|1|0|0|0
S|PO300|48493861|2367528| |DF|0|0|0|0|0|0|2|10000|0|0|0|0|0
S|PO302|48524028|2850500| |TF|0|0|0|0|0|0|0|0|0|0|0|0|0
S|BATAG|48822806|3372278| |TF|0|0|0|0|0|0|0|0|0|0|0|0|0
S|BUBLI|48771611|4150000| |TF|0|0|0|0|0|0|0|0|0|0|0|0|0

P|BUBL2B|20|BUBLI|0|6
S| |91000000|181000000| |CA|0|19700|0|0|0|0|1|700|0|0|0|0|0
S|PO201|48573667|2304778| |DF|0|0|0|0|0|0|0|0|0|1|0|0|0
S|PO300|48493861|2367528| |DF|0|0|0|0|0|0|2|10000|0|0|0|0|0
S|PO302|48524028|2850500| |TF|0|0|0|0|0|0|0|0|0|0|0|0|0
S|BATAG|48822806|3372278| |TF|0|0|0|0|0|0|0|0|0|0|0|0|0
S|BUBLI|48771611|4150000| |TF|0|0|0|0|0|0|0|0|0|0|0|0|0

P|BUBL2E|07|BUBLI|0|6
S|PO081|48739500|2467556|CLM|CF|0|7300|2260|25300|300|0|0|0|0|1|0|0|0
S|PO082|48742861|2548889| |DF|0|0|0|0|0|0|0|0|0|1|0|0|0
S|PO083|48753556|2682444| |DF|0|0|0|0|0|0|0|0|0|1|0|0|0
S|PO084|48776056|2977472| |DF|0|0|0|0|0|0|0|0|0|0|0|0|0
S|BATAG|48822806|3372278| |TF|0|0|0|0|0|0|0|0|0|0|0|0|0
S|BUBLI|48771611|4150000| |TF|0|0|0|0|0|0|0|0|0|0|0|0|0

P|BUBL2F|06|BUBLI|0|6
S|PO060|48756917|2421361|CLM|CF|0|6100|2410|25660|300|0|2|2000|0|1|0|0|0
S|PO061|48753889|2546417| |DF|0|0|0|0|0|0|0|0|0|1|0|0|0
S|PO083|48753556|2682444| |DF|0|0|0|0|0|0|0|0|0|1|0|0|0
S|PO084|48776056|2977472| |DF|0|0|0|0|0|0|0|0|0|0|0|0|0
S|BATAG|48822806|3372278| |TF|0|0|0|0|0|0|0|0|0|0|0|0|0
S|BUBLI|48771611|4150000| |TF|0|0|0|0|0|0|0|0|0|0|0|0|0

P|BUBL2G|07|BUBLI|0|6
S|PO081|48739500|2467556|CLM|CF|0|7300|2260|25300|300|0|0|0|0|1|0|0|0
S|PO082|48742861|2548889| |DF|0|0|0|0|0|0|0|0|0|1|0|0|0
S|PO083|48753556|2682444| |DF|0|0|0|0|0|0|0|0|0|1|0|0|0
S|PO084|48776056|2977472| |DF|0|0|0|0|0|0|0|0|0|0|0|0|0
S|BATAG|48822806|3372278| |TF|0|0|0|0|0|0|0|0|0|0|0|0|0
S|BUBLI|48771611|4150000| |TF|0|0|0|0|0|0|0|0|0|0|0|0|0

P|BUBL2H|06|BUBLI|0|6
S|PO060|48756917|2421361|CLM|CF|0|6100|2410|25660|300|0|2|2000|0|1|0|0|0
S|PO061|48753889|2546417| |DF|0|0|0|0|0|0|0|0|0|1|0|0|0
S|PO083|48753556|2682444| |DF|0|0|0|0|0|0|0|0|0|1|0|0|0
S|PO084|48776056|2977472| |DF|0|0|0|0|0|0|0|0|0|0|0|0|0
S|BATAG|48822806|3372278| |TF|0|0|0|0|0|0|0|0|0|0|0|0|0
S|BUBLI|48771611|4150000| |TF|0|0|0|0|0|0|0|0|0|0|0|0|0

P|BUBL2Q|24|BUBLI|0|6
S|DER24|48719975|2316919| |DF|0|0|0|0|0|0|0|0|0|1|0|0|0
S|PO243|48681306|2226417|CLM|CF|0|23600|3280|25190|400|0|0|0|0|1|0|0|0
S|PO300|48493861|2367528| |DF|1|0|0|0|0|0|2|10000|0|0|0|0|0
S|PO302|48524028|2850500| |TF|0|0|0|0|0|0|0|0|0|0|0|0|0
S|BATAG|48822806|3372278| |TF|0|0|0|0|0|0|0|0|0|0|0|0|0
S|BUBLI|48771611|4150000| |TF|0|0|0|0|0|0|0|0|0|0|0|0|0

P|BUBL2R|25|BUBLI|0|6
S|PO241|48706556|2288944|CLM|CF|0|25300|2990|25320|300|0|0|0|0|1|0|0|0
S|PO243|48681306|2226417| |DF|0|0|0|0|0|0|0|0|0|1|0|0|0
S|PO300|48493861|2367528| |DF|1|0|0|0|0|0|2|10000|0|0|0|0|0
S|PO302|48524028|2850500| |TF|0|0|0|0|0|0|0|0|0|0|0|0|0
S|BATAG|48822806|3372278| |TF|0|0|0|0|0|0|0|0|0|0|0|0|0
S|BUBLI|48771611|4150000| |TF|0|0|0|0|0|0|0|0|0|0|0|0|0

P|BUBL2S|20|BUBLI|0|7
S|DER20|48717542|2376697| |DF|0|0|0|0|0|0|0|0|0|1|0|0|0
S| |91000000|181000000| |CA|0|19700|0|0|0|0|1|700|0|0|0|0|0
S|PO202|48646917|2256722|CLM|CF|0|22500|3230|24770|600|0|0|0|0|1|0|0|0
S|PO300|48493861|2367528| |DF|0|0|0|0|0|0|2|10000|0|0|0|0|0
S|PO302|48524028|2850500| |TF|0|0|0|0|0|0|0|0|0|0|0|0|0
S|BATAG|48822806|3372278| |TF|0|0|0|0|0|0|0|0|0|0|0|0|0
S|BUBLI|48771611|4150000| |TF|0|0|0|0|0|0|0|0|0|0|0|0|0

P|BUBL2W|24|BUBLI|0|6
S|DER24|48719975|2316919| |DF|0|0|0|0|0|0|0|0|0|1|0|0|0
S|PO243|48681306|2226417|CLM|CF|0|23600|3280|25190|400|0|0|0|0|1|0|0|0
S|PO300|48493861|2367528| |DF|1|0|0|0|0|0|2|10000|0|0|0|0|0
S|PO302|48524028|2850500| |TF|0|0|0|0|0|0|0|0|0|0|0|0|0
S|BATAG|48822806|3372278| |TF|0|0|0|0|0|0|0|0|0|0|0|0|0
S|BUBLI|48771611|4150000| |TF|0|0|0|0|0|0|0|0|0|0|0|0|0

P|BUBL2X|25|BUBLI|0|6
S|PO241|48706556|2288944|CLM|CF|0|25300|2990|25320|300|0|0|0|0|1|0|0|0
S|PO243|48681306|2226417| |DF|0|0|0|0|0|0|0|0|0|1|0|0|0
S|PO300|48493861|2367528| |DF|1|0|0|0|0|0|2|10000|0|0|0|0|0
S|PO302|48524028|2850500| |TF|0|0|0|0|0|0|0|0|0|0|0|0|0
S|BATAG|48822806|3372278| |TF|0|0|0|0|0|0|0|0|0|0|0|0|0
S|BUBLI|48771611|4150000| |TF|0|0|0|0|0|0|0|0|0|0|0|0|0

P|BUBL2Y|20|BUBLI|0|7
S|DER20|48717542|2376697| |DF|0|0|0|0|0|0|0|0|0|1|0|0|0
S| |91000000|181000000| |CA|0|19700|0|0|0|0|1|700|0|0|0|0|0
S|PO202|48646917|2256722|CLM|CF|0|22500|3230|24770|600|0|0|0|0|1|0|0|0
S|PO300|48493861|2367528| |DF|0|0|0|0|0|0|2|10000|0|0|0|0|0
S|PO302|48524028|2850500| |TF|0|0|0|0|0|0|0|0|0|0|0|0|0
S|BATAG|48822806|3372278| |TF|0|0|0|0|0|0|0|0|0|0|0|0|0
S|BUBLI|48771611|4150000| |TF|0|0|0|0|0|0|0|0|0|0|0|0|0

P|DIKO2A|20|DIKOL|0|6
S| |91000000|181000000| |CA|0|19700|0|0|0|0|1|700|0|0|0|0|0
S|PO201|48573667|2304778| |DF|0|0|0|0|0|0|0|0|0|1|0|0|0
S|PO300|48493861|2367528| |DF|0|0|0|0|0|0|2|10000|0|0|0|0|0
S|PO302|48524028|2850500| |TF|0|0|0|0|0|0|0|0|0|0|0|0|0
S|BATAG|48822806|3372278| |TF|0|0|0|0|0|0|0|0|0|0|0|0|0
S|DIKOL|49137500|4049167| |TF|0|0|0|0|0|0|0|0|0|0|0|0|0

P|DIKO2B|20|DIKOL|0|6
S| |91000000|181000000| |CA|0|19700|0|0|0|0|1|700|0|0|0|0|0
S|PO201|48573667|2304778| |DF|0|0|0|0|0|0|0|0|0|1|0|0|0
S|PO300|48493861|2367528| |DF|0|0|0|0|0|0|2|10000|0|0|0|0|0
S|PO302|48524028|2850500| |TF|0|0|0|0|0|0|0|0|0|0|0|0|0
S|BATAG|48822806|3372278| |TF|0|0|0|0|0|0|0|0|0|0|0|0|0
S|DIKOL|49137500|4049167| |TF|0|0|0|0|0|0|0|0|0|0|0|0|0

P|DIKO2E|07|DIKOL|0|6
S|PO081|48739500|2467556|CLM|CF|0|7300|2260|25300|300|0|0|0|0|1|0|0|0
S|PO082|48742861|2548889| |DF|0|0|0|0|0|0|0|0|0|1|0|0|0
S|PO083|48753556|2682444| |DF|0|0|0|0|0|0|0|0|0|1|0|0|0
S|PO084|48776056|2977472| |DF|0|0|0|0|0|0|0|0|0|0|0|0|0
S|BATAG|48822806|3372278| |TF|0|0|0|0|0|0|0|0|0|0|0|0|0
S|DIKOL|49137500|4049167| |TF|0|0|0|0|0|0|0|0|0|0|0|0|0

P|DIKO2F|06|DIKOL|0|6
S|PO060|48756917|2421361|CLM|CF|0|6100|2410|25660|300|0|2|2000|0|1|0|0|0
S|PO061|48753889|2546417| |DF|0|0|0|0|0|0|0|0|0|1|0|0|0
S|PO083|48753556|2682444| |DF|0|0|0|0|0|0|0|0|0|1|0|0|0
S|PO084|48776056|2977472| |DF|0|0|0|0|0|0|0|0|0|0|0|0|0
S|BATAG|48822806|3372278| |TF|0|0|0|0|0|0|0|0|0|0|0|0|0
S|DIKOL|49137500|4049167| |TF|0|0|0|0|0|0|0|0|0|0|0|0|0

P|DIKO2G|07|DIKOL|0|6
S|PO081|48739500|2467556|CLM|CF|0|7300|2260|25300|300|0|0|0|0|1|0|0|0
S|PO082|48742861|2548889| |DF|0|0|0|0|0|0|0|0|0|1|0|0|0
S|PO083|48753556|2682444| |DF|0|0|0|0|0|0|0|0|0|1|0|0|0
S|PO084|48776056|2977472| |DF|0|0|0|0|0|0|0|0|0|0|0|0|0
S|BATAG|48822806|3372278| |TF|0|0|0|0|0|0|0|0|0|0|0|0|0
S|DIKOL|49137500|4049167| |TF|0|0|0|0|0|0|0|0|0|0|0|0|0

P|DIKO2H|06|DIKOL|0|6
S|PO060|48756917|2421361|CLM|CF|0|6100|2410|25660|300|0|2|2000|0|1|0|0|0
S|PO061|48753889|2546417| |DF|0|0|0|0|0|0|0|0|0|1|0|0|0
S|PO083|48753556|2682444| |DF|0|0|0|0|0|0|0|0|0|1|0|0|0
S|PO084|48776056|2977472| |DF|0|0|0|0|0|0|0|0|0|0|0|0|0
S|BATAG|48822806|3372278| |TF|0|0|0|0|0|0|0|0|0|0|0|0|0
S|DIKOL|49137500|4049167| |TF|0|0|0|0|0|0|0|0|0|0|0|0|0

P|DIKO2Q|24|DIKOL|0|6
S|DER24|48719975|2316919| |DF|0|0|0|0|0|0|0|0|0|1|0|0|0
S|PO243|48681306|2226417|CLM|CF|0|23600|3280|25190|400|0|0|0|0|1|0|0|0
S|PO300|48493861|2367528| |DF|1|0|0|0|0|0|2|10000|0|0|0|0|0
S|PO302|48524028|2850500| |TF|0|0|0|0|0|0|0|0|0|0|0|0|0
S|BATAG|48822806|3372278| |TF|0|0|0|0|0|0|0|0|0|0|0|0|0
S|DIKOL|49137500|4049167| |TF|0|0|0|0|0|0|0|0|0|0|0|0|0

P|DIKO2R|25|DIKOL|0|6
S|PO241|48706556|2288944|CLM|CF|0|25300|2990|25320|300|0|0|0|0|1|0|0|0
S|PO243|48681306|2226417| |DF|0|0|0|0|0|0|0|0|0|1|0|0|0
S|PO300|48493861|2367528| |DF|1|0|0|0|0|0|2|10000|0|0|0|0|0
S|PO302|48524028|2850500| |TF|0|0|0|0|0|0|0|0|0|0|0|0|0
S|BATAG|48822806|3372278| |TF|0|0|0|0|0|0|0|0|0|0|0|0|0
S|DIKOL|49137500|4049167| |TF|0|0|0|0|0|0|0|0|0|0|0|0|0

P|DIKO2S|20|DIKOL|0|7
S|DER20|48717542|2376697| |DF|0|0|0|0|0|0|0|0|0|1|0|0|0
S| |91000000|181000000| |CA|0|19700|0|0|0|0|1|700|0|0|0|0|0
S|PO202|48646917|2256722|CLM|CF|0|22500|3230|24770|600|0|0|0|0|1|0|0|0
S|PO300|48493861|2367528| |DF|0|0|0|0|0|0|2|10000|0|0|0|0|0
S|PO302|48524028|2850500| |TF|0|0|0|0|0|0|0|0|0|0|0|0|0
S|BATAG|48822806|3372278| |TF|0|0|0|0|0|0|0|0|0|0|0|0|0
S|DIKOL|49137500|4049167| |TF|0|0|0|0|0|0|0|0|0|0|0|0|0

P|DIKO2W|24|DIKOL|0|6
S|DER24|48719975|2316919| |DF|0|0|0|0|0|0|0|0|0|1|0|0|0
S|PO243|48681306|2226417|CLM|CF|0|23600|3280|25190|400|0|0|0|0|1|0|0|0
S|PO300|48493861|2367528| |DF|1|0|0|0|0|0|2|10000|0|0|0|0|0
S|PO302|48524028|2850500| |TF|0|0|0|0|0|0|0|0|0|0|0|0|0
S|BATAG|48822806|3372278| |TF|0|0|0|0|0|0|0|0|0|0|0|0|0
S|DIKOL|49137500|4049167| |TF|0|0|0|0|0|0|0|0|0|0|0|0|0

P|DIKO2X|25|DIKOL|0|6
S|PO241|48706556|2288944|CLM|CF|0|25300|2990|25320|300|0|0|0|0|1|0|0|0
S|PO243|48681306|2226417| |DF|0|0|0|0|0|0|0|0|0|1|0|0|0
S|PO300|48493861|2367528| |DF|1|0|0|0|0|0|2|10000|0|0|0|0|0
S|PO302|48524028|2850500| |TF|0|0|0|0|0|0|0|0|0|0|0|0|0
S|BATAG|48822806|3372278| |TF|0|0|0|0|0|0|0|0|0|0|0|0|0
S|DIKOL|49137500|4049167| |TF|0|0|0|0|0|0|0|0|0|0|0|0|0

P|DIKO2Y|20|DIKOL|0|7
S|DER20|48717542|2376697| |DF|0|0|0|0|0|0|0|0|0|1|0|0|0
S| |91000000|181000000| |CA|0|19700|0|0|0|0|1|700|0|0|0|0|0
S|PO202|48646917|2256722|CLM|CF|0|22500|3230|24770|600|0|0|0|0|1|0|0|0
S|PO300|48493861|2367528| |DF|0|0|0|0|0|0|2|10000|0|0|0|0|0
S|PO302|48524028|2850500| |TF|0|0|0|0|0|0|0|0|0|0|0|0|0
S|BATAG|48822806|3372278| |TF|0|0|0|0|0|0|0|0|0|0|0|0|0
S|DIKOL|49137500|4049167| |TF|0|0|0|0|0|0|0|0|0|0|0|0|0

P|DORD2A|20|DORDI|0|3
S| |91000000|181000000| |CA|0|19700|0|0|0|0|1|700|0|0|0|0|0
S|PO201|48573667|2304778| |DF|0|0|0|0|0|0|0|0|0|1|0|0|0
S|DORDI|48220000|2791944| |DF|0|0|0|0|0|0|0|0|0|0|0|0|0

P|DORD2B|20|DORDI|0|3
S| |91000000|181000000| |CA|0|19700|0|0|0|0|1|700|0|0|0|0|0
S|PO201|48573667|2304778| |DF|0|0|0|0|0|0|0|0|0|1|0|0|0
S|DORDI|48220000|2791944| |DF|0|0|0|0|0|0|0|0|0|0|0|0|0

P|DORD2E|07|DORDI|0|3
S|PO081|48739500|2467556|CLM|CF|0|7300|2260|25300|300|0|0|0|0|1|0|0|0
S|PO082|48742861|2548889| |DF|0|0|0|0|0|0|0|0|0|1|0|0|0
S|DORDI|48220000|2791944| |DF|0|0|0|0|0|0|0|0|0|0|0|0|0

P|DORD2F|06|DORDI|0|3
S|PO060|48756917|2421361|CLM|CF|0|6100|2410|25660|300|0|2|2000|0|1|0|0|0
S|PO061|48753889|2546417| |DF|0|0|0|0|0|0|0|0|0|1|0|0|0
S|DORDI|48220000|2791944| |DF|0|0|0|0|0|0|0|0|0|0|0|0|0

P|DORD2G|07|DORDI|0|3
S|PO081|48739500|2467556|CLM|CF|0|7300|2260|25300|300|0|0|0|0|1|0|0|0
S|PO082|48742861|2548889| |DF|0|0|0|0|0|0|0|0|0|1|0|0|0
S|DORDI|48220000|2791944| |DF|0|0|0|0|0|0|0|0|0|0|0|0|0

P|DORD2H|06|DORDI|0|3
S|PO060|48756917|2421361|CLM|CF|0|6100|2410|25660|300|0|2|2000|0|1|0|0|0
S|PO061|48753889|2546417| |DF|0|0|0|0|0|0|0|0|0|1|0|0|0
S|DORDI|48220000|2791944| |DF|0|0|0|0|0|0|0|0|0|0|0|0|0

P|DORD2Q|24|DORDI|0|3
S|DER24|48719975|2316919| |DF|0|0|0|0|0|0|0|0|0|1|0|0|0
S|PO243|48681306|2226417|BT|CF|0|23600|1980|20630|400|0|0|0|0|1|0|0|0
S|DORDI|48220000|2791944| |DF|1|0|0|0|0|0|0|0|0|0|0|0|0

P|DORD2R|25|DORDI|0|3
S|PO241|48706556|2288944|BT|CF|0|25300|1740|20130|300|0|0|0|0|1|0|0|0
S|PO243|48681306|2226417| |DF|0|0|0|0|0|0|0|0|0|1|0|0|0
S|DORDI|48220000|2791944| |DF|1|0|0|0|0|0|0|0|0|0|0|0|0

P|DORD2S|20|DORDI|0|4
S|DER20|48717542|2376697| |DF|0|0|0|0|0|0|0|0|0|1|0|0|0
S| |91000000|181000000| |CA|0|19700|0|0|0|0|1|700|0|0|0|0|0
S|PO203|48631889|2233306|BT|CF|0|22500|2240|20220|700|0|0|0|0|1|0|0|0
S|DORDI|48220000|2791944| |DF|1|0|0|0|0|0|0|0|0|0|0|0|0

P|DORD2W|24|DORDI|0|3
S|DER24|48719975|2316919| |DF|0|0|0|0|0|0|0|0|0|1|0|0|0
S|PO243|48681306|2226417|BT|CF|0|23600|1980|20630|400|0|0|0|0|1|0|0|0
S|DORDI|48220000|2791944| |DF|1|0|0|0|0|0|0|0|0|0|0|0|0

P|DORD2X|25|DORDI|0|3
S|PO241|48706556|2288944|BT|CF|0|25300|1740|20130|300|0|0|0|0|1|0|0|0
S|PO243|48681306|2226417| |DF|0|0|0|0|0|0|0|0|0|1|0|0|0
S|DORDI|48220000|2791944| |DF|1|0|0|0|0|0|0|0|0|0|0|0|0

P|DORD2Y|20|DORDI|0|4
S|DER20|48717542|2376697| |DF|0|0|0|0|0|0|0|0|0|1|0|0|0
S| |91000000|181000000| |CA|0|19700|0|0|0|0|1|700|0|0|0|0|0
S|PO203|48631889|2233306|BT|CF|0|22500|2240|20220|700|0|0|0|0|1|0|0|0
S|DORDI|48220000|2791944| |DF|1|0|0|0|0|0|0|0|0|0|0|0|0

P|ELCO2A|20|ELCOB|0|5
S| |91000000|181000000| |CA|0|19700|0|0|0|0|1|700|0|0|0|0|0
S|PO201|48573667|2304778| |DF|0|0|0|0|0|0|0|0|0|1|0|0|0
S|PO189|48663972|1894694| |DF|0|0|0|0|0|0|0|0|0|0|0|0|0
S|PO191|48748278|1486333| |TF|0|0|0|0|0|0|0|0|0|0|0|0|0
S|ELCOB|49031694|1220861| |TF|0|0|0|0|0|0|0|0|0|0|0|0|0

P|ELCO2B|20|ELCOB|0|5
S| |91000000|181000000| |CA|0|19700|0|0|0|0|1|700|0|0|0|0|0
S|PO201|48573667|2304778| |DF|0|0|0|0|0|0|0|0|0|1|0|0|0
S|PO189|48663972|1894694| |DF|0|0|0|0|0|0|0|0|0|0|0|0|0
S|PO191|48748278|1486333| |TF|0|0|0|0|0|0|0|0|0|0|0|0|0
S|ELCOB|49031694|1220861| |TF|0|0|0|0|0|0|0|0|0|0|0|0|0

P|ELCO2E|07|ELCOB|0|6
S|PO081|48739500|2467556|CLM|CF|0|7300|2260|25300|300|0|0|0|0|1|0|0|0
S|PO082|48742861|2548889| |DF|0|0|0|0|0|0|0|0|0|1|0|0|0
S|PO181|48665278|2403056| |DF|2|0|0|0|0|0|0|0|0|0|0|0|0
S|PO185|48627028|2261917| |TF|0|0|0|0|0|0|0|0|0|0|0|0|0
S|PO187|48699333|1531861| |TF|0|0|0|0|0|0|0|0|0|0|0|0|0
S|ELCOB|49031694|1220861| |TF|0|0|0|0|0|0|0|0|0|0|0|0|0

P|ELCO2F|06|ELCOB|0|6
S|PO060|48756917|2421361|CLM|CF|0|6100|2410|25660|300|0|2|2000|0|1|0|0|0
S|PO061|48753889|2546417| |DF|0|0|0|0|0|0|0|0|0|1|0|0|0
S|PO181|48665278|2403056| |DF|2|0|0|0|0|0|0|0|0|0|0|0|0
S|PO185|48627028|2261917| |TF|0|0|0|0|0|0|0|0|0|0|0|0|0
S|PO187|48699333|1531861| |TF|0|0|0|0|0|0|0|0|0|0|0|0|0
S|ELCOB|49031694|1220861| |TF|0|0|0|0|0|0|0|0|0|0|0|0|0

P|ELCO2G|07|ELCOB|0|7
S|PO081|48739500|2467556|CLM|CF|0|7300|2260|25300|300|0|0|0|0|1|0|0|0
S|PO082|48742861|2548889| |DF|0|0|0|0|0|0|0|0|0|1|0|0|0
S|PO181|48665278|2403056| |DF|2|0|0|0|0|0|0|0|0|0|0|0|0
S|PO185|48627028|2261917| |TF|0|0|0|0|0|0|0|0|0|0|0|0|0
S|PO189|48663972|1894694| |TF|0|0|0|0|0|0|0|0|0|0|0|0|0
S|PO191|48748278|1486333| |TF|0|0|0|0|0|0|0|0|0|0|0|0|0
S|ELCOB|49031694|1220861| |TF|0|0|0|0|0|0|0|0|0|0|0|0|0

P|ELCO2H|06|ELCOB|0|7
S|PO060|48756917|2421361|CLM|CF|0|6100|2410|25660|300|0|2|2000|0|1|0|0|0
S|PO061|48753889|2546417| |DF|0|0|0|0|0|0|0|0|0|1|0|0|0
S|PO181|48665278|2403056| |DF|2|0|0|0|0|0|0|0|0|0|0|0|0
S|PO185|48627028|2261917| |TF|0|0|0|0|0|0|0|0|0|0|0|0|0
S|PO189|48663972|1894694| |TF|0|0|0|0|0|0|0|0|0|0|0|0|0
S|PO191|48748278|1486333| |TF|0|0|0|0|0|0|0|0|0|0|0|0|0
S|ELCOB|49031694|1220861| |TF|0|0|0|0|0|0|0|0|0|0|0|0|0

P|ELCO2Q|24|ELCOB|0|6
S|DER24|48719975|2316919| |DF|0|0|0|0|0|0|0|0|0|1|0|0|0
S|PO245|48666583|2192111|BT|CF|0|23600|2120|20850|600|0|0|0|0|1|0|0|0
S|PO248|48634028|2090639| |DF|0|0|0|0|0|0|0|0|0|1|0|0|0
S|PO189|48663972|1894694| |DF|0|0|0|0|0|0|0|0|0|0|0|0|0
S|PO191|48748278|1486333| |TF|0|0|0|0|0|0|0|0|0|0|0|0|0
S|ELCOB|49031694|1220861| |TF|0|0|0|0|0|0|0|0|0|0|0|0|0

P|ELCO2R|25|ELCOB|0|6
S|PO241|48706556|2288944|BT|CF|0|25300|1740|20130|300|0|0|0|0|1|0|0|0
S|PO245|48666583|2192111| |DF|0|0|0|0|0|0|0|0|0|1|0|0|0
S|PO248|48634028|2090639| |DF|0|0|0|0|0|0|0|0|0|1|0|0|0
S|PO189|48663972|1894694| |DF|0|0|0|0|0|0|0|0|0|0|0|0|0
S|PO191|48748278|1486333| |TF|0|0|0|0|0|0|0|0|0|0|0|0|0
S|ELCOB|49031694|1220861| |TF|0|0|0|0|0|0|0|0|0|0|0|0|0

P|ELCO2S|20|ELCOB|0|7
S|DER20|48717542|2376697| |DF|0|0|0|0|0|0|0|0|0|1|0|0|0
S| |91000000|181000000| |CA|0|19700|0|0|0|0|1|700|0|0|0|0|0
S|PO202|48646917|2256722|BT|CF|0|22500|2120|20090|600|0|0|0|0|1|0|0|0
S|PO204|48610806|2131000| |DF|0|0|0|0|0|0|0|0|0|1|0|0|0
S|PO189|48663972|1894694| |DF|0|0|0|0|0|0|0|0|0|0|0|0|0
S|PO191|48748278|1486333| |TF|0|0|0|0|0|0|0|0|0|0|0|0|0
S|ELCOB|49031694|1220861| |TF|0|0|0|0|0|0|0|0|0|0|0|0|0

P|ELCO2W|24|ELCOB|0|6
S|DER24|48719975|2316919| |DF|0|0|0|0|0|0|0|0|0|1|0|0|0
S|PO245|48666583|2192111|BT|CF|0|23600|2120|20850|600|0|0|0|0|1|0|0|0
S|PO248|48634028|2090639| |DF|0|0|0|0|0|0|0|0|0|1|0|0|0
S|PO189|48663972|1894694| |DF|0|0|0|0|0|0|0|0|0|0|0|0|0
S|PO191|48748278|1486333| |TF|0|0|0|0|0|0|0|0|0|0|0|0|0
S|ELCOB|49031694|1220861| |TF|0|0|0|0|0|0|0|0|0|0|0|0|0

P|ELCO2X|25|ELCOB|0|6
S|PO241|48706556|2288944|BT|CF|0|25300|1740|20130|300|0|0|0|0|1|0|0|0
S|PO245|48666583|2192111| |DF|0|0|0|0|0|0|0|0|0|1|0|0|0
S|PO248|48634028|2090639| |DF|0|0|0|0|0|0|0|0|0|1|0|0|0
S|PO189|48663972|1894694| |DF|0|0|0|0|0|0|0|0|0|0|0|0|0
S|PO191|48748278|1486333| |TF|0|0|0|0|0|0|0|0|0|0|0|0|0
S|ELCOB|49031694|1220861| |TF|0|0|0|0|0|0|0|0|0|0|0|0|0

P|ELCO2Y|20|ELCOB|0|7
S|DER20|48717542|2376697| |DF|0|0|0|0|0|0|0|0|0|1|0|0|0
S| |91000000|181000000| |CA|0|19700|0|0|0|0|1|700|0|0|0|0|0
S|PO202|48646917|2256722|BT|CF|0|22500|2120|20090|600|0|0|0|0|1|0|0|0
S|PO204|48610806|2131000| |DF|0|0|0|0|0|0|0|0|0|1|0|0|0
S|PO189|48663972|1894694| |DF|0|0|0|0|0|0|0|0|0|0|0|0|0
S|PO191|48748278|1486333| |TF|0|0|0|0|0|0|0|0|0|0|0|0|0
S|ELCOB|49031694|1220861| |TF|0|0|0|0|0|0|0|0|0|0|0|0|0

P|ERIX2A|20|ERIXU|0|5
S| |91000000|181000000| |CA|0|19700|0|0|0|0|1|700|0|0|0|0|0
S|PO201|48573667|2304778| |DF|0|0|0|0|0|0|0|0|0|1|0|0|0
S|PO305|48473194|2196694| |DF|0|0|0|0|0|0|2|10000|0|0|0|0|0
S|EDOXA|48290833|2209444| |TF|0|0|0|0|0|0|0|0|0|0|0|0|0
S|ERIXU|48083333|2259722| |TF|0|0|0|0|0|0|0|0|0|0|0|0|0

P|ERIX2B|20|ERIXU|0|5
S| |91000000|181000000| |CA|0|19700|0|0|0|0|1|700|0|0|0|0|0
S|PO201|48573667|2304778| |DF|0|0|0|0|0|0|0|0|0|1|0|0|0
S|PO305|48473194|2196694| |DF|0|0|0|0|0|0|2|10000|0|0|0|0|0
S|EDOXA|48290833|2209444| |TF|0|0|0|0|0|0|0|0|0|0|0|0|0
S|ERIXU|48083333|2259722| |TF|0|0|0|0|0|0|0|0|0|0|0|0|0

P|ERIX2E|07|ERIXU|0|6
S|PO081|48739500|2467556|CLM|CF|0|7300|2260|25300|300|0|0|0|0|1|0|0|0
S|PO082|48742861|2548889| |DF|0|0|0|0|0|0|0|0|0|1|0|0|0
S|PO085|48641028|2627556| |DF|0|0|0|0|0|0|0|0|0|0|0|0|0
S|ABORO|48524139|2415083| |TF|0|0|0|0|0|0|0|0|0|0|0|0|0
S|EDOXA|48290833|2209444| |TF|0|0|0|0|0|0|0|0|0|0|0|0|0
S|ERIXU|48083333|2259722| |TF|0|0|0|0|0|0|0|0|0|0|0|0|0

P|ERIX2F|06|ERIXU|0|6
S|PO060|48756917|2421361|CLM|CF|0|6100|2410|25660|300|0|2|2000|0|1|0|0|0
S|PO061|48753889|2546417| |DF|0|0|0|0|0|0|0|0|0|1|0|0|0
S|PO085|48641028|2627556| |DF|0|0|0|0|0|0|0|0|0|0|0|0|0
S|ABORO|48524139|2415083| |TF|0|0|0|0|0|0|0|0|0|0|0|0|0
S|EDOXA|48290833|2209444| |TF|0|0|0|0|0|0|0|0|0|0|0|0|0
S|ERIXU|48083333|2259722| |TF|0|0|0|0|0|0|0|0|0|0|0|0|0

P|ERIX2G|07|ERIXU|0|6
S|PO081|48739500|2467556|CLM|CF|0|7300|2260|25300|300|0|0|0|0|1|0|0|0
S|PO082|48742861|2548889| |DF|0|0|0|0|0|0|0|0|0|1|0|0|0
S|PO085|48641028|2627556| |DF|0|0|0|0|0|0|0|0|0|0|0|0|0
S|ABORO|48524139|2415083| |TF|0|0|0|0|0|0|0|0|0|0|0|0|0
S|EDOXA|48290833|2209444| |TF|0|0|0|0|0|0|0|0|0|0|0|0|0
S|ERIXU|48083333|2259722| |TF|0|0|0|0|0|0|0|0|0|0|0|0|0

P|ERIX2H|06|ERIXU|0|6
S|PO060|48756917|2421361|CLM|CF|0|6100|2410|25660|300|0|2|2000|0|1|0|0|0
S|PO061|48753889|2546417| |DF|0|0|0|0|0|0|0|0|0|1|0|0|0
S|PO085|48641028|2627556| |DF|0|0|0|0|0|0|0|0|0|0|0|0|0
S|ABORO|48524139|2415083| |TF|0|0|0|0|0|0|0|0|0|0|0|0|0
S|EDOXA|48290833|2209444| |TF|0|0|0|0|0|0|0|0|0|0|0|0|0
S|ERIXU|48083333|2259722| |TF|0|0|0|0|0|0|0|0|0|0|0|0|0

P|ERIX2Q|24|ERIXU|0|6
S|DER24|48719975|2316919| |DF|0|0|0|0|0|0|0|0|0|1|0|0|0
S|PO246|48662861|2183806|CLM|CF|0|23600|3470|25100|600|0|0|0|0|1|0|0|0
S|PO270|48534806|2058111| |DF|0|0|0|0|0|0|0|0|0|0|0|0|0
S|PO303|48473250|2096500| |TF|0|0|0|0|0|0|2|10000|0|0|0|0|0
S|EDOXA|48290833|2209444| |TF|0|0|0|0|0|0|0|0|0|0|0|0|0
S|ERIXU|48083333|2259722| |TF|0|0|0|0|0|0|0|0|0|0|0|0|0

P|ERIX2R|25|ERIXU|0|6
S|PO241|48706556|2288944|CLM|CF|0|25300|2990|25320|300|0|0|0|0|1|0|0|0
S|PO246|48662861|2183806| |DF|0|0|0|0|0|0|0|0|0|1|0|0|0
S|PO270|48534806|2058111| |DF|0|0|0|0|0|0|0|0|0|0|0|0|0
S|PO303|48473250|2096500| |TF|0|0|0|0|0|0|2|10000|0|0|0|0|0
S|EDOXA|48290833|2209444| |TF|0|0|0|0|0|0|0|0|0|0|0|0|0
S|ERIXU|48083333|2259722| |TF|0|0|0|0|0|0|0|0|0|0|0|0|0

P|ERIX2S|20|ERIXU|0|7
S|DER20|48717542|2376697| |DF|0|0|0|0|0|0|0|0|0|1|0|0|0
S| |91000000|181000000| |CA|0|19700|0|0|0|0|1|700|0|0|0|0|0
S|PO203|48631889|2233306|CLM|CF|0|22500|3350|24690|700|0|0|0|0|1|0|0|0
S|PO272|48523583|2065167| |DF|0|0|0|0|0|0|0|0|0|0|0|0|0
S|PO303|48473250|2096500| |TF|0|0|0|0|0|0|2|10000|0|0|0|0|0
S|EDOXA|48290833|2209444| |TF|0|0|0|0|0|0|0|0|0|0|0|0|0
S|ERIXU|48083333|2259722| |TF|0|0|0|0|0|0|0|0|0|0|0|0|0

P|ERIX2W|24|ERIXU|0|6
S|DER24|48719975|2316919| |DF|0|0|0|0|0|0|0|0|0|1|0|0|0
S|PO246|48662861|2183806|CLM|CF|0|23600|3470|25100|600|0|0|0|0|1|0|0|0
S|PO270|48534806|2058111| |DF|0|0|0|0|0|0|0|0|0|0|0|0|0
S|PO303|48473250|2096500| |TF|0|0|0|0|0|0|2|10000|0|0|0|0|0
S|EDOXA|48290833|2209444| |TF|0|0|0|0|0|0|0|0|0|0|0|0|0
S|ERIXU|48083333|2259722| |TF|0|0|0|0|0|0|0|0|0|0|0|0|0

P|ERIX2X|25|ERIXU|0|6
S|PO241|48706556|2288944|CLM|CF|0|25300|2990|25320|300|0|0|0|0|1|0|0|0
S|PO246|48662861|2183806| |DF|0|0|0|0|0|0|0|0|0|1|0|0|0
S|PO270|48534806|2058111| |DF|0|0|0|0|0|0|0|0|0|0|0|0|0
S|PO303|48473250|2096500| |TF|0|0|0|0|0|0|2|10000|0|0|0|0|0
S|EDOXA|48290833|2209444| |TF|0|0|0|0|0|0|0|0|0|0|0|0|0
S|ERIXU|48083333|2259722| |TF|0|0|0|0|0|0|0|0|0|0|0|0|0

P|ERIX2Y|20|ERIXU|0|7
S|DER20|48717542|2376697| |DF|0|0|0|0|0|0|0|0|0|1|0|0|0
S| |91000000|181000000| |CA|0|19700|0|0|0|0|1|700|0|0|0|0|0
S|PO203|48631889|2233306|CLM|CF|0|22500|3350|24690|700|0|0|0|0|1|0|0|0
S|PO272|48523583|2065167| |DF|0|0|0|0|0|0|0|0|0|0|0|0|0
S|PO303|48473250|2096500| |TF|0|0|0|0|0|0|2|10000|0|0|0|0|0
S|EDOXA|48290833|2209444| |TF|0|0|0|0|0|0|0|0|0|0|0|0|0
S|ERIXU|48083333|2259722| |TF|0|0|0|0|0|0|0|0|0|0|0|0|0

P|LATR2A|20|LATRA|0|5
S| |91000000|181000000| |CA|0|19700|0|0|0|0|1|700|0|0|0|0|0
S|PO201|48573667|2304778| |DF|0|0|0|0|0|0|0|0|0|1|0|0|0
S|PO301|48478667|2316000| |DF|0|0|0|0|0|0|2|10000|0|0|0|0|0
S|LALUX|48286389|2408889| |TF|0|0|0|0|0|0|0|0|0|0|0|0|0
S|LATRA|48083333|2516667| |TF|0|0|0|0|0|0|0|0|0|0|0|0|0

P|LATR2B|20|LATRA|0|5
S| |91000000|181000000| |CA|0|19700|0|0|0|0|1|700|0|0|0|0|0
S|PO201|48573667|2304778| |DF|0|0|0|0|0|0|0|0|0|1|0|0|0
S|PO301|48478667|2316000| |DF|0|0|0|0|0|0|2|10000|0|0|0|0|0
S|LALUX|48286389|2408889| |TF|0|0|0|0|0|0|0|0|0|0|0|0|0
S|LATRA|48083333|2516667| |TF|0|0|0|0|0|0|0|0|0|0|0|0|0

P|LATR2E|07|LATRA|0|6
S|PO081|48739500|2467556|CLM|CF|0|7300|2260|25300|300|0|0|0|0|1|0|0|0
S|PO082|48742861|2548889| |DF|0|0|0|0|0|0|0|0|0|1|0|0|0
S|PO085|48641028|2627556| |DF|0|0|0|0|0|0|0|0|0|0|0|0|0
S|OBAMO|48460472|2487944| |TF|0|0|0|0|0|0|0|0|0|0|0|0|0
S|LALUX|48286389|2408889| |TF|0|0|0|0|0|0|0|0|0|0|0|0|0
S|LATRA|48083333|2516667| |TF|0|0|0|0|0|0|0|0|0|0|0|0|0

P|LATR2F|06|LATRA|0|6
S|PO060|48756917|2421361|CLM|CF|0|6100|2410|25660|300|0|2|2000|0|1|0|0|0
S|PO061|48753889|2546417| |DF|0|0|0|0|0|0|0|0|0|1|0|0|0
S|PO085|48641028|2627556| |DF|0|0|0|0|0|0|0|0|0|0|0|0|0
S|OBAMO|48460472|2487944| |TF|0|0|0|0|0|0|0|0|0|0|0|0|0
S|LALUX|48286389|2408889| |TF|0|0|0|0|0|0|0|0|0|0|0|0|0
S|LATRA|48083333|2516667| |TF|0|0|0|0|0|0|0|0|0|0|0|0|0

P|LATR2G|07|LATRA|0|6
S|PO081|48739500|2467556|CLM|CF|0|7300|2260|25300|300|0|0|0|0|1|0|0|0
S|PO082|48742861|2548889| |DF|0|0|0|0|0|0|0|0|0|1|0|0|0
S|PO085|48641028|2627556| |DF|0|0|0|0|0|0|0|0|0|0|0|0|0
S|OBAMO|48460472|2487944| |TF|0|0|0|0|0|0|0|0|0|0|0|0|0
S|LALUX|48286389|2408889| |TF|0|0|0|0|0|0|0|0|0|0|0|0|0
S|LATRA|48083333|2516667| |TF|0|0|0|0|0|0|0|0|0|0|0|0|0

P|LATR2H|06|LATRA|0|6
S|PO060|48756917|2421361|CLM|CF|0|6100|2410|25660|300|0|2|2000|0|1|0|0|0
S|PO061|48753889|2546417| |DF|0|0|0|0|0|0|0|0|0|1|0|0|0
S|PO085|48641028|2627556| |DF|0|0|0|0|0|0|0|0|0|0|0|0|0
S|OBAMO|48460472|2487944| |TF|0|0|0|0|0|0|0|0|0|0|0|0|0
S|LALUX|48286389|2408889| |TF|0|0|0|0|0|0|0|0|0|0|0|0|0
S|LATRA|48083333|2516667| |TF|0|0|0|0|0|0|0|0|0|0|0|0|0

P|LATR2Q|24|LATRA|0|5
S|DER24|48719975|2316919| |DF|0|0|0|0|0|0|0|0|0|1|0|0|0
S|PO244|48672361|2205417|CLM|CF|0|23600|3370|25140|500|0|0|0|0|1|0|0|0
S|PO301|48478667|2316000| |DF|1|0|0|0|0|0|2|10000|0|0|0|0|0
S|LALUX|48286389|2408889| |TF|0|0|0|0|0|0|0|0|0|0|0|0|0
S|LATRA|48083333|2516667| |TF|0|0|0|0|0|0|0|0|0|0|0|0|0

P|LATR2R|25|LATRA|0|5
S|PO241|48706556|2288944|CLM|CF|0|25300|2990|25320|300|0|0|0|0|1|0|0|0
S|PO244|48672361|2205417| |DF|0|0|0|0|0|0|0|0|0|1|0|0|0
S|PO301|48478667|2316000| |DF|0|0|0|0|0|0|2|10000|0|0|0|0|0
S|LALUX|48286389|2408889| |TF|0|0|0|0|0|0|0|0|0|0|0|0|0
S|LATRA|48083333|2516667| |TF|0|0|0|0|0|0|0|0|0|0|0|0|0

P|LATR2S|20|LATRA|0|6
S|DER20|48717542|2376697| |DF|0|0|0|0|0|0|0|0|0|1|0|0|0
S| |91000000|181000000| |CA|0|19700|0|0|0|0|1|700|0|0|0|0|0
S|PO203|48631889|2233306|CLM|CF|0|22500|3350|24690|700|0|0|0|0|1|0|0|0
S|PO301|48478667|2316000| |DF|0|0|0|0|0|0|2|10000|0|0|0|0|0
S|LALUX|48286389|2408889| |TF|0|0|0|0|0|0|0|0|0|0|0|0|0
S|LATRA|48083333|2516667| |TF|0|0|0|0|0|0|0|0|0|0|0|0|0

P|LATR2W|24|LATRA|0|5
S|DER24|48719975|2316919| |DF|0|0|0|0|0|0|0|0|0|1|0|0|0
S|PO244|48672361|2205417|CLM|CF|0|23600|3370|25140|500|0|0|0|0|1|0|0|0
S|PO301|48478667|2316000| |DF|1|0|0|0|0|0|2|10000|0|0|0|0|0
S|LALUX|48286389|2408889| |TF|0|0|0|0|0|0|0|0|0|0|0|0|0
S|LATRA|48083333|2516667| |TF|0|0|0|0|0|0|0|0|0|0|0|0|0

P|LATR2X|25|LATRA|0|5
S|PO241|48706556|2288944|CLM|CF|0|25300|2990|25320|300|0|0|0|0|1|0|0|0
S|PO244|48672361|2205417| |DF|0|0|0|0|0|0|0|0|0|1|0|0|0
S|PO301|48478667|2316000| |DF|0|0|0|0|0|0|2|10000|0|0|0|0|0
S|LALUX|48286389|2408889| |TF|0|0|0|0|0|0|0|0|0|0|0|0|0
S|LATRA|48083333|2516667| |TF|0|0|0|0|0|0|0|0|0|0|0|0|0

P|LATR2Y|20|LATRA|0|6
S|DER20|48717542|2376697| |DF|0|0|0|0|0|0|0|0|0|1|0|0|0
S| |91000000|181000000| |CA|0|19700|0|0|0|0|1|700|0|0|0|0|0
S|PO203|48631889|2233306|CLM|CF|0|22500|3350|24690|700|0|0|0|0|1|0|0|0
S|PO301|48478667|2316000| |DF|0|0|0|0|0|0|2|10000|0|0|0|0|0
S|LALUX|48286389|2408889| |TF|0|0|0|0|0|0|0|0|0|0|0|0|0
S|LATRA|48083333|2516667| |TF|0|0|0|0|0|0|0|0|0|0|0|0|0

P|LGL2A|20|LGL|0|5
S| |91000000|181000000| |CA|0|19700|0|0|0|0|1|700|0|0|0|0|0
S|PO201|48573667|2304778| |DF|0|0|0|0|0|0|0|0|0|1|0|0|0
S|PO189|48663972|1894694| |DF|0|0|0|0|0|0|0|0|0|0|0|0|0
S|PO191|48748278|1486333| |TF|0|0|0|0|0|0|0|0|0|0|0|0|0
S|LGL|48790611|530278| |TF|0|0|0|0|0|0|0|0|0|0|0|0|0

P|LGL2B|20|LGL|0|5
S| |91000000|181000000| |CA|0|19700|0|0|0|0|1|700|0|0|0|0|0
S|PO201|48573667|2304778| |DF|0|0|0|0|0|0|0|0|0|1|0|0|0
S|PO189|48663972|1894694| |DF|0|0|0|0|0|0|0|0|0|0|0|0|0
S|PO191|48748278|1486333| |TF|0|0|0|0|0|0|0|0|0|0|0|0|0
S|LGL|48790611|530278| |TF|0|0|0|0|0|0|0|0|0|0|0|0|0

P|LGL2E|07|LGL|0|6
S|PO081|48739500|2467556|CLM|CF|0|7300|2260|25300|300|0|0|0|0|1|0|0|0
S|PO082|48742861|2548889| |DF|0|0|0|0|0|0|0|0|0|1|0|0|0
S|PO181|48665278|2403056| |DF|2|0|0|0|0|0|0|0|0|0|0|0|0
S|PO185|48627028|2261917| |TF|0|0|0|0|0|0|0|0|0|0|0|0|0
S|PO187|48699333|1531861| |TF|0|0|0|0|0|0|0|0|0|0|0|0|0
S|LGL|48790611|530278| |TF|0|0|0|0|0|0|0|0|0|0|0|0|0

P|LGL2F|06|LGL|0|6
S|PO060|48756917|2421361|CLM|CF|0|6100|2410|25660|300|0|2|2000|0|1|0|0|0
S|PO061|48753889|2546417| |DF|0|0|0|0|0|0|0|0|0|1|0|0|0
S|PO181|48665278|2403056| |DF|2|0|0|0|0|0|0|0|0|0|0|0|0
S|PO185|48627028|2261917| |TF|0|0|0|0|0|0|0|0|0|0|0|0|0
S|PO187|48699333|1531861| |TF|0|0|0|0|0|0|0|0|0|0|0|0|0
S|LGL|48790611|530278| |TF|0|0|0|0|0|0|0|0|0|0|0|0|0

P|LGL2G|07|LGL|0|7
S|PO081|48739500|2467556|CLM|CF|0|7300|2260|25300|300|0|0|0|0|1|0|0|0
S|PO082|48742861|2548889| |DF|0|0|0|0|0|0|0|0|0|1|0|0|0
S|PO181|48665278|2403056| |DF|2|0|0|0|0|0|0|0|0|0|0|0|0
S|PO185|48627028|2261917| |TF|0|0|0|0|0|0|0|0|0|0|0|0|0
S|PO189|48663972|1894694| |TF|0|0|0|0|0|0|0|0|0|0|0|0|0
S|PO191|48748278|1486333| |TF|0|0|0|0|0|0|0|0|0|0|0|0|0
S|LGL|48790611|530278| |TF|0|0|0|0|0|0|0|0|0|0|0|0|0

P|LGL2H|06|LGL|0|7
S|PO060|48756917|2421361|CLM|CF|0|6100|2410|25660|300|0|2|2000|0|1|0|0|0
S|PO061|48753889|2546417| |DF|0|0|0|0|0|0|0|0|0|1|0|0|0
S|PO181|48665278|2403056| |DF|2|0|0|0|0|0|0|0|0|0|0|0|0
S|PO185|48627028|2261917| |TF|0|0|0|0|0|0|0|0|0|0|0|0|0
S|PO189|48663972|1894694| |TF|0|0|0|0|0|0|0|0|0|0|0|0|0
S|PO191|48748278|1486333| |TF|0|0|0|0|0|0|0|0|0|0|0|0|0
S|LGL|48790611|530278| |TF|0|0|0|0|0|0|0|0|0|0|0|0|0

P|LGL2Q|24|LGL|0|6
S|DER24|48719975|2316919| |DF|0|0|0|0|0|0|0|0|0|1|0|0|0
S|PO245|48666583|2192111|BT|CF|0|23600|2120|20850|600|0|0|0|0|1|0|0|0
S|PO248|48634028|2090639| |DF|0|0|0|0|0|0|0|0|0|1|0|0|0
S|PO189|48663972|1894694| |DF|0|0|0|0|0|0|0|0|0|0|0|0|0
S|PO191|48748278|1486333| |TF|0|0|0|0|0|0|0|0|0|0|0|0|0
S|LGL|48790611|530278| |TF|0|0|0|0|0|0|0|0|0|0|0|0|0

P|LGL2R|25|LGL|0|6
S|PO241|48706556|2288944|BT|CF|0|25300|1740|20130|300|0|0|0|0|1|0|0|0
S|PO245|48666583|2192111| |DF|0|0|0|0|0|0|0|0|0|1|0|0|0
S|PO248|48634028|2090639| |DF|0|0|0|0|0|0|0|0|0|1|0|0|0
S|PO189|48663972|1894694| |DF|0|0|0|0|0|0|0|0|0|0|0|0|0
S|PO191|48748278|1486333| |TF|0|0|0|0|0|0|0|0|0|0|0|0|0
S|LGL|48790611|530278| |TF|0|0|0|0|0|0|0|0|0|0|0|0|0

P|LGL2S|20|LGL|0|7
S|DER20|48717542|2376697| |DF|0|0|0|0|0|0|0|0|0|1|0|0|0
S| |91000000|181000000| |CA|0|19700|0|0|0|0|1|700|0|0|0|0|0
S|PO202|48646917|2256722|BT|CF|0|22500|2120|20090|600|0|0|0|0|1|0|0|0
S|PO204|48610806|2131000| |DF|0|0|0|0|0|0|0|0|0|1|0|0|0
S|PO189|48663972|1894694| |DF|0|0|0|0|0|0|0|0|0|0|0|0|0
S|PO191|48748278|1486333| |TF|0|0|0|0|0|0|0|0|0|0|0|0|0
S|LGL|48790611|530278| |TF|0|0|0|0|0|0|0|0|0|0|0|0|0

P|LGL2W|24|LGL|0|6
S|DER24|48719975|2316919| |DF|0|0|0|0|0|0|0|0|0|1|0|0|0
S|PO245|48666583|2192111|BT|CF|0|23600|2120|20850|600|0|0|0|0|1|0|0|0
S|PO248|48634028|2090639| |DF|0|0|0|0|0|0|0|0|0|1|0|0|0
S|PO189|48663972|1894694| |DF|0|0|0|0|0|0|0|0|0|0|0|0|0
S|PO191|48748278|1486333| |TF|0|0|0|0|0|0|0|0|0|0|0|0|0
S|LGL|48790611|530278| |TF|0|0|0|0|0|0|0|0|0|0|0|0|0

P|LGL2X|25|LGL|0|6
S|PO241|48706556|2288944|BT|CF|0|25300|1740|20130|300|0|0|0|0|1|0|0|0
S|PO245|48666583|2192111| |DF|0|0|0|0|0|0|0|0|0|1|0|0|0
S|PO248|48634028|2090639| |DF|0|0|0|0|0|0|0|0|0|1|0|0|0
S|PO189|48663972|1894694| |DF|0|0|0|0|0|0|0|0|0|0|0|0|0
S|PO191|48748278|1486333| |TF|0|0|0|0|0|0|0|0|0|0|0|0|0
S|LGL|48790611|530278| |TF|0|0|0|0|0|0|0|0|0|0|0|0|0

P|LGL2Y|20|LGL|0|7
S|DER20|48717542|2376697| |DF|0|0|0|0|0|0|0|0|0|1|0|0|0
S| |91000000|181000000| |CA|0|19700|0|0|0|0|1|700|0|0|0|0|0
S|PO202|48646917|2256722|BT|CF|0|22500|2120|20090|600|0|0|0|0|1|0|0|0
S|PO204|48610806|2131000| |DF|0|0|0|0|0|0|0|0|0|1|0|0|0
S|PO189|48663972|1894694| |DF|0|0|0|0|0|0|0|0|0|0|0|0|0
S|PO191|48748278|1486333| |TF|0|0|0|0|0|0|0|0|0|0|0|0|0
S|LGL|48790611|530278| |TF|0|0|0|0|0|0|0|0|0|0|0|0|0

P|MONO2A|20|MONOT|0|3
S| |91000000|181000000| |CA|0|19700|0|0|0|0|1|700|0|0|0|0|0
S|PO201|48573667|2304778| |DF|0|0|0|0|0|0|0|0|0|1|0|0|0
S|MONOT|48083333|2457222| |DF|0|0|0|0|0|0|0|0|0|0|0|0|0

P|MONO2B|20|MONOT|0|3
S| |91000000|181000000| |CA|0|19700|0|0|0|0|1|700|0|0|0|0|0
S|PO201|48573667|2304778| |DF|0|0|0|0|0|0|0|0|0|1|0|0|0
S|MONOT|48083333|2457222| |DF|0|0|0|0|0|0|0|0|0|0|0|0|0

P|MONO2E|07|MONOT|0|3
S|PO081|48739500|2467556|CLM|CF|0|7300|2260|25300|300|0|0|0|0|1|0|0|0
S|PO082|48742861|2548889| |DF|0|0|0|0|0|0|0|0|0|1|0|0|0
S|MONOT|48083333|2457222| |DF|2|0|0|0|0|0|0|0|0|0|0|0|0

P|MONO2F|06|MONOT|0|3
S|PO060|48756917|2421361|CLM|CF|0|6100|2410|25660|300|0|2|2000|0|1|0|0|0
S|PO061|48753889|2546417| |DF|0|0|0|0|0|0|0|0|0|1|0|0|0
S|MONOT|48083333|2457222| |DF|2|0|0|0|0|0|0|0|0|0|0|0|0

P|MONO2G|07|MONOT|0|3
S|PO081|48739500|2467556|CLM|CF|0|7300|2260|25300|300|0|0|0|0|1|0|0|0
S|PO082|48742861|2548889| |DF|0|0|0|0|0|0|0|0|0|1|0|0|0
S|MONOT|48083333|2457222| |DF|2|0|0|0|0|0|0|0|0|0|0|0|0

P|MONO2H|06|MONOT|0|3
S|PO060|48756917|2421361|CLM|CF|0|6100|2410|25660|300|0|2|2000|0|1|0|0|0
S|PO061|48753889|2546417| |DF|0|0|0|0|0|0|0|0|0|1|0|0|0
S|MONOT|48083333|2457222| |DF|2|0|0|0|0|0|0|0|0|0|0|0|0

P|MONO2Q|24|MONOT|0|3
S|DER24|48719975|2316919| |DF|0|0|0|0|0|0|0|0|0|1|0|0|0
S|PO243|48681306|2226417|BT|CF|0|23600|1980|20630|400|0|0|0|0|1|0|0|0
S|MONOT|48083333|2457222| |DF|0|0|0|0|0|0|0|0|0|0|0|0|0

P|MONO2R|25|MONOT|0|3
S|PO241|48706556|2288944|BT|CF|0|25300|1740|20130|300|0|0|0|0|1|0|0|0
S|PO243|48681306|2226417| |DF|0|0|0|0|0|0|0|0|0|1|0|0|0
S|MONOT|48083333|2457222| |DF|0|0|0|0|0|0|0|0|0|0|0|0|0

P|MONO2S|20|MONOT|0|4
S|DER20|48717542|2376697| |DF|0|0|0|0|0|0|0|0|0|1|0|0|0
S| |91000000|181000000| |CA|0|19700|0|0|0|0|1|700|0|0|0|0|0
S|PO203|48631889|2233306|BT|CF|0|22500|2240|20220|700|0|0|0|0|1|0|0|0
S|MONOT|48083333|2457222| |DF|0|0|0|0|0|0|0|0|0|0|0|0|0

P|MONO2W|24|MONOT|0|3
S|DER24|48719975|2316919| |DF|0|0|0|0|0|0|0|0|0|1|0|0|0
S|PO243|48681306|2226417|BT|CF|0|23600|1980|20630|400|0|0|0|0|1|0|0|0
S|MONOT|48083333|2457222| |DF|0|0|0|0|0|0|0|0|0|0|0|0|0

P|MONO2X|25|MONOT|0|3
S|PO241|48706556|2288944|BT|CF|0|25300|1740|20130|300|0|0|0|0|1|0|0|0
S|PO243|48681306|2226417| |DF|0|0|0|0|0|0|0|0|0|1|0|0|0
S|MONOT|48083333|2457222| |DF|0|0|0|0|0|0|0|0|0|0|0|0|0

P|MONO2Y|20|MONOT|0|4
S|DER20|48717542|2376697| |DF|0|0|0|0|0|0|0|0|0|1|0|0|0
S| |91000000|181000000| |CA|0|19700|0|0|0|0|1|700|0|0|0|0|0
S|PO203|48631889|2233306|BT|CF|0|22500|2240|20220|700|0|0|0|0|1|0|0|0
S|MONOT|48083333|2457222| |DF|0|0|0|0|0|0|0|0|0|0|0|0|0

P|NURM2A|20|NURMO|0|6
S| |91000000|181000000| |CA|0|19700|0|0|0|0|1|700|0|0|0|0|0
S|PO201|48573667|2304778| |DF|0|0|0|0|0|0|0|0|0|1|0|0|0
S|PO260|48767667|1740083| |DF|2|0|0|0|0|0|0|0|0|0|0|0|0
S|PO262|49233389|2026528| |TF|0|0|0|0|0|0|0|0|0|0|0|0|0
S|EGOZE|49552639|2489472| |TF|0|0|0|0|0|0|0|0|0|0|0|0|0
S|NURMO|49826111|2755278| |TF|0|0|0|0|0|0|0|0|0|0|0|0|0

P|NURM2B|20|NURMO|0|8
S| |91000000|181000000| |CA|0|19700|0|0|0|0|1|700|0|0|0|0|0
S|PO201|48573667|2304778| |DF|0|0|0|0|0|0|0|0|0|1|0|0|0
S|PO300|48493861|2367528| |DF|0|0|0|0|0|0|2|10000|0|0|0|0|0
S|PO302|48524028|2850500| |TF|0|0|0|0|0|0|0|0|0|0|0|0|0
S|PO304|48650417|3068917| |TF|0|0|0|0|0|0|0|0|0|0|0|0|0
S|PO306|48871000|3152833| |TF|0|0|0|0|0|0|0|0|0|0|0|0|0
S|PB096|49137000|2937806| |TF|0|0|0|0|0|0|0|0|0|0|0|0|0
S|NURMO|49826111|2755278| |TF|0|0|0|0|0|0|0|0|0|0|0|0|0

P|NURM2E|07|NURMO|0|8
S|PO081|48739500|2467556|CLM|CF|0|7300|2260|25300|300|0|0|0|0|1|0|0|0
S|PO082|48742861|2548889| |DF|0|0|0|0|0|0|0|0|0|1|0|0|0
S|PO181|48665278|2403056| |DF|2|0|0|0|0|0|0|0|0|0|0|0|0
S|PO183|48640083|2310000| |TF|0|0|0|0|0|0|0|0|0|0|0|0|0
S|PO088|48748389|2013222| |TF|0|0|0|0|0|0|0|0|0|0|0|0|0
S|PO090|49136722|2091778| |TF|0|0|0|0|0|0|0|0|0|0|0|0|0
S|EGOZE|49552639|2489472| |TF|0|0|0|0|0|0|0|0|0|0|0|0|0
S|NURMO|49826111|2755278| |TF|0|0|0|0|0|0|0|0|0|0|0|0|0

P|NURM2F|06|NURMO|0|8
S|PO060|48756917|2421361|CLM|CF|0|6100|2410|25660|300|0|2|2000|0|1|0|0|0
S|PO061|48753889|2546417| |DF|0|0|0|0|0|0|0|0|0|1|0|0|0
S|PO181|48665278|2403056| |DF|2|0|0|0|0|0|0|0|0|0|0|0|0
S|PO183|48640083|2310000| |TF|0|0|0|0|0|0|0|0|0|0|0|0|0
S|PO088|48748389|2013222| |TF|0|0|0|0|0|0|0|0|0|0|0|0|0
S|PO090|49136722|2091778| |TF|0|0|0|0|0|0|0|0|0|0|0|0|0
S|EGOZE|49552639|2489472| |TF|0|0|0|0|0|0|0|0|0|0|0|0|0
S|NURMO|49826111|2755278| |TF|0|0|0|0|0|0|0|0|0|0|0|0|0

P|NURM2G|07|NURMO|0|8
S|PO081|48739500|2467556|CLM|CF|0|7300|2260|25300|300|0|0|0|0|1|0|0|0
S|PO082|48742861|2548889| |DF|0|0|0|0|0|0|0|0|0|1|0|0|0
S|PO181|48665278|2403056| |DF|2|0|0|0|0|0|0|0|0|0|0|0|0
S|PO183|48640083|2310000| |TF|0|0|0|0|0|0|0|0|0|0|0|0|0
S|PO092|48832722|1779750| |TF|0|0|0|0|0|0|0|0|0|0|0|0|0
S|PO262|49233389|2026528| |TF|0|0|0|0|0|0|0|0|0|0|0|0|0
S|EGOZE|49552639|2489472| |TF|0|0|0|0|0|0|0|0|0|0|0|0|0
S|NURMO|49826111|2755278| |TF|0|0|0|0|0|0|0|0|0|0|0|0|0

P|NURM2H|06|NURMO|0|8
S|PO060|48756917|2421361|CLM|CF|0|6100|2410|25660|300|0|2|2000|0|1|0|0|0
S|PO061|48753889|2546417| |DF|0|0|0|0|0|0|0|0|0|1|0|0|0
S|PO181|48665278|2403056| |DF|2|0|0|0|0|0|0|0|0|0|0|0|0
S|PO183|48640083|2310000| |TF|0|0|0|0|0|0|0|0|0|0|0|0|0
S|PO092|48832722|1779750| |TF|0|0|0|0|0|0|0|0|0|0|0|0|0
S|PO262|49233389|2026528| |TF|0|0|0|0|0|0|0|0|0|0|0|0|0
S|EGOZE|49552639|2489472| |TF|0|0|0|0|0|0|0|0|0|0|0|0|0
S|NURMO|49826111|2755278| |TF|0|0|0|0|0|0|0|0|0|0|0|0|0

P|NURM2Q|24|NURMO|0|8
S|DER24|48719975|2316919| |DF|0|0|0|0|0|0|0|0|0|1|0|0|0
S|PO243|48681306|2226417|BT|CF|0|23600|1980|20630|500|0|0|0|0|1|0|0|0
S|PO300|48493861|2367528| |DF|1|0|0|0|0|0|2|10000|0|0|0|0|0
S|PO302|48524028|2850500| |TF|0|0|0|0|0|0|0|0|0|0|0|0|0
S|PO304|48650417|3068917| |TF|0|0|0|0|0|0|0|0|0|0|0|0|0
S|PO306|48871000|3152833| |TF|0|0|0|0|0|0|0|0|0|0|0|0|0
S|PB096|49137000|2937806| |TF|0|0|0|0|0|0|0|0|0|0|0|0|0
S|NURMO|49826111|2755278| |TF|0|0|0|0|0|0|0|0|0|0|0|0|0

P|NURM2R|25|NURMO|0|8
S|PO241|48706556|2288944|BT|CF|0|25300|1740|20130|300|0|0|0|0|1|0|0|0
S|PO243|48681306|2226417| |DF|0|0|0|0|0|0|0|0|0|1|0|0|0
S|PO300|48493861|2367528| |DF|1|0|0|0|0|0|2|10000|0|0|0|0|0
S|PO302|48524028|2850500| |TF|0|0|0|0|0|0|0|0|0|0|0|0|0
S|PO304|48650417|3068917| |TF|0|0|0|0|0|0|0|0|0|0|0|0|0
S|PO306|48871000|3152833| |TF|0|0|0|0|0|0|0|0|0|0|0|0|0
S|PB096|49137000|2937806| |TF|0|0|0|0|0|0|0|0|0|0|0|0|0
S|NURMO|49826111|2755278| |TF|0|0|0|0|0|0|0|0|0|0|0|0|0

P|NURM2S|20|NURMO|0|9
S|DER20|48717542|2376697| |DF|0|0|0|0|0|0|0|0|0|1|0|0|0
S| |91000000|181000000| |CA|0|19700|0|0|0|0|1|700|0|0|0|0|0
S|PO202|48646917|2256722|BT|CF|0|22500|2120|20090|600|0|0|0|0|1|0|0|0
S|PO300|48493861|2367528| |DF|0|0|0|0|0|0|2|10000|0|0|0|0|0
S|PO302|48524028|2850500| |TF|0|0|0|0|0|0|0|0|0|0|0|0|0
S|PO304|48650417|3068917| |TF|0|0|0|0|0|0|0|0|0|0|0|0|0
S|PO306|48871000|3152833| |TF|0|0|0|0|0|0|0|0|0|0|0|0|0
S|PB096|49137000|2937806| |TF|0|0|0|0|0|0|0|0|0|0|0|0|0
S|NURMO|49826111|2755278| |TF|0|0|0|0|0|0|0|0|0|0|0|0|0

P|NURM2W|24|NURMO|0|7
S|DER24|48719975|2316919| |DF|0|0|0|0|0|0|0|0|0|1|0|0|0
S|PO245|48666583|2192111|BT|CF|0|23600|2120|20850|600|0|0|0|0|1|0|0|0
S|PO248|48634028|2090639| |DF|0|0|0|0|0|0|0|0|0|1|0|0|0
S|PO260|48767667|1740083| |DF|0|0|0|0|0|0|0|0|0|0|0|0|0
S|PO262|49233389|2026528| |TF|0|0|0|0|0|0|0|0|0|0|0|0|0
S|EGOZE|49552639|2489472| |TF|0|0|0|0|0|0|0|0|0|0|0|0|0
S|NURMO|49826111|2755278| |TF|0|0|0|0|0|0|0|0|0|0|0|0|0

P|NURM2X|25|NURMO|0|7
S|PO241|48706556|2288944|BT|CF|0|25300|1740|20130|300|0|0|0|0|1|0|0|0
S|PO245|48666583|2192111| |DF|0|0|0|0|0|0|0|0|0|1|0|0|0
S|PO248|48634028|2090639| |DF|0|0|0|0|0|0|0|0|0|1|0|0|0
S|PO260|48767667|1740083| |DF|0|0|0|0|0|0|0|0|0|0|0|0|0
S|PO262|49233389|2026528| |TF|0|0|0|0|0|0|0|0|0|0|0|0|0
S|EGOZE|49552639|2489472| |TF|0|0|0|0|0|0|0|0|0|0|0|0|0
S|NURMO|49826111|2755278| |TF|0|0|0|0|0|0|0|0|0|0|0|0|0

P|NURM2Y|20|NURMO|0|8
S|DER20|48717542|2376697| |DF|0|0|0|0|0|0|0|0|0|1|0|0|0
S| |91000000|181000000| |CA|0|19700|0|0|0|0|1|700|0|0|0|0|0
S|PO202|48646917|2256722|BT|CF|0|22500|2120|20090|600|0|0|0|0|1|0|0|0
S|PO204|48610806|2131000| |DF|0|0|0|0|0|0|0|0|0|1|0|0|0
S|PO260|48767667|1740083| |DF|0|0|0|0|0|0|0|0|0|0|0|0|0
S|PO262|49233389|2026528| |TF|0|0|0|0|0|0|0|0|0|0|0|0|0
S|EGOZE|49552639|2489472| |TF|0|0|0|0|0|0|0|0|0|0|0|0|0
S|NURMO|49826111|2755278| |TF|0|0|0|0|0|0|0|0|0|0|0|0|0

P|OKAS2A|20|OKASI|0|5
S| |91000000|181000000| |CA|0|19700|0|0|0|0|1|700|0|0|0|0|0
S|PO201|48573667|2304778| |DF|0|0|0|0|0|0|0|0|0|1|0|0|0
S|PO300|48493861|2367528| |DF|0|0|0|0|0|0|2|10000|0|0|0|0|0
S|ODEBU|48281111|2626111| |TF|0|0|0|0|0|0|0|0|0|0|0|0|0
S|OKASI|48083333|2777778| |TF|0|0|0|0|0|0|0|0|0|0|0|0|0

P|OKAS2B|20|OKASI|0|5
S| |91000000|181000000| |CA|0|19700|0|0|0|0|1|700|0|0|0|0|0
S|PO201|48573667|2304778| |DF|0|0|0|0|0|0|0|0|0|1|0|0|0
S|PO300|48493861|2367528| |DF|0|0|0|0|0|0|2|10000|0|0|0|0|0
S|ODEBU|48281111|2626111| |TF|0|0|0|0|0|0|0|0|0|0|0|0|0
S|OKASI|48083333|2777778| |TF|0|0|0|0|0|0|0|0|0|0|0|0|0

P|OKAS2E|07|OKASI|0|6
S|PO081|48739500|2467556|CLM|CF|0|7300|2260|25300|300|0|0|0|0|1|0|0|0
S|PO082|48742861|2548889| |DF|0|0|0|0|0|0|0|0|0|1|0|0|0
S|PO085|48641028|2627556| |DF|0|0|0|0|0|0|0|0|0|0|0|0|0
S|OBAMO|48460472|2487944| |TF|0|0|0|0|0|0|0|0|0|0|0|0|0
S|ODEBU|48281111|2626111| |TF|0|0|0|0|0|0|0|0|0|0|0|0|0
S|OKASI|48083333|2777778| |TF|0|0|0|0|0|0|0|0|0|0|0|0|0

P|OKAS2F|06|OKASI|0|6
S|PO060|48756917|2421361|CLM|CF|0|6100|2410|25660|300|0|2|2000|0|1|0|0|0
S|PO061|48753889|2546417| |DF|0|0|0|0|0|0|0|0|0|1|0|0|0
S|PO085|48641028|2627556| |DF|0|0|0|0|0|0|0|0|0|0|0|0|0
S|OBAMO|48460472|2487944| |TF|0|0|0|0|0|0|0|0|0|0|0|0|0
S|ODEBU|48281111|2626111| |TF|0|0|0|0|0|0|0|0|0|0|0|0|0
S|OKASI|48083333|2777778| |TF|0|0|0|0|0|0|0|0|0|0|0|0|0

P|OKAS2G|07|OKASI|0|6
S|PO081|48739500|2467556|CLM|CF|0|7300|2260|25300|300|0|0|0|0|1|0|0|0
S|PO082|48742861|2548889| |DF|0|0|0|0|0|0|0|0|0|1|0|0|0
S|PO085|48641028|2627556| |DF|0|0|0|0|0|0|0|0|0|0|0|0|0
S|OBAMO|48460472|2487944| |TF|0|0|0|0|0|0|0|0|0|0|0|0|0
S|ODEBU|48281111|2626111| |TF|0|0|0|0|0|0|0|0|0|0|0|0|0
S|OKASI|48083333|2777778| |TF|0|0|0|0|0|0|0|0|0|0|0|0|0

P|OKAS2H|06|OKASI|0|6
S|PO060|48756917|2421361|CLM|CF|0|6100|2410|25660|300|0|2|2000|0|1|0|0|0
S|PO061|48753889|2546417| |DF|0|0|0|0|0|0|0|0|0|1|0|0|0
S|PO085|48641028|2627556| |DF|0|0|0|0|0|0|0|0|0|0|0|0|0
S|OBAMO|48460472|2487944| |TF|0|0|0|0|0|0|0|0|0|0|0|0|0
S|ODEBU|48281111|2626111| |TF|0|0|0|0|0|0|0|0|0|0|0|0|0
S|OKASI|48083333|2777778| |TF|0|0|0|0|0|0|0|0|0|0|0|0|0

P|OKAS2Q|24|OKASI|0|5
S|DER24|48719975|2316919| |DF|0|0|0|0|0|0|0|0|0|1|0|0|0
S|PO243|48681306|2226417|CLM|CF|0|23600|3280|25190|400|0|0|0|0|1|0|0|0
S|PO300|48493861|2367528| |DF|1|0|0|0|0|0|2|10000|0|0|0|0|0
S|ODEBU|48281111|2626111| |TF|0|0|0|0|0|0|0|0|0|0|0|0|0
S|OKASI|48083333|2777778| |TF|0|0|0|0|0|0|0|0|0|0|0|0|0

P|OKAS2R|25|OKASI|0|5
S|PO241|48706556|2288944|CLM|CF|0|25300|2990|25320|300|0|0|0|0|1|0|0|0
S|PO243|48681306|2226417| |DF|0|0|0|0|0|0|0|0|0|1|0|0|0
S|PO300|48493861|2367528| |DF|1|0|0|0|0|0|2|10000|0|0|0|0|0
S|ODEBU|48281111|2626111| |TF|0|0|0|0|0|0|0|0|0|0|0|0|0
S|OKASI|48083333|2777778| |TF|0|0|0|0|0|0|0|0|0|0|0|0|0

P|OKAS2S|20|OKASI|0|6
S|DER20|48717542|2376697| |DF|0|0|0|0|0|0|0|0|0|1|0|0|0
S| |91000000|181000000| |CA|0|19700|0|0|0|0|1|700|0|0|0|0|0
S|PO202|48646917|2256722|CLM|CF|0|22500|3230|24770|600|0|0|0|0|1|0|0|0
S|PO300|48493861|2367528| |DF|0|0|0|0|0|0|2|10000|0|0|0|0|0
S|ODEBU|48281111|2626111| |TF|0|0|0|0|0|0|0|0|0|0|0|0|0
S|OKASI|48083333|2777778| |TF|0|0|0|0|0|0|0|0|0|0|0|0|0

P|OKAS2W|24|OKASI|0|5
S|DER24|48719975|2316919| |DF|0|0|0|0|0|0|0|0|0|1|0|0|0
S|PO243|48681306|2226417|CLM|CF|0|23600|3280|25190|400|0|0|0|0|1|0|0|0
S|PO300|48493861|2367528| |DF|1|0|0|0|0|0|2|10000|0|0|0|0|0
S|ODEBU|48281111|2626111| |TF|0|0|0|0|0|0|0|0|0|0|0|0|0
S|OKASI|48083333|2777778| |TF|0|0|0|0|0|0|0|0|0|0|0|0|0

P|OKAS2X|25|OKASI|0|5
S|PO241|48706556|2288944|CLM|CF|0|25300|2990|25320|300|0|0|0|0|1|0|0|0
S|PO243|48681306|2226417| |DF|0|0|0|0|0|0|0|0|0|1|0|0|0
S|PO300|48493861|2367528| |DF|1|0|0|0|0|0|2|10000|0|0|0|0|0
S|ODEBU|48281111|2626111| |TF|0|0|0|0|0|0|0|0|0|0|0|0|0
S|OKASI|48083333|2777778| |TF|0|0|0|0|0|0|0|0|0|0|0|0|0

P|OKAS2Y|20|OKASI|0|6
S|DER20|48717542|2376697| |DF|0|0|0|0|0|0|0|0|0|1|0|0|0
S| |91000000|181000000| |CA|0|19700|0|0|0|0|1|700|0|0|0|0|0
S|PO202|48646917|2256722|CLM|CF|0|22500|3230|24770|600|0|0|0|0|1|0|0|0
S|PO300|48493861|2367528| |DF|0|0|0|0|0|0|2|10000|0|0|0|0|0
S|ODEBU|48281111|2626111| |TF|0|0|0|0|0|0|0|0|0|0|0|0|0
S|OKASI|48083333|2777778| |TF|0|0|0|0|0|0|0|0|0|0|0|0|0

P|OLZO2A|20|OLZOM|0|3
S| |91000000|181000000| |CA|0|19700|0|0|0|0|1|700|0|0|0|0|0
S|PO201|48573667|2304778| |DF|0|0|0|0|0|0|0|0|0|1|0|0|0
S|OLZOM|48155583|2264778| |DF|0|0|0|0|0|0|0|0|0|0|0|0|0

P|OLZO2B|20|OLZOM|0|3
S| |91000000|181000000| |CA|0|19700|0|0|0|0|1|700|0|0|0|0|0
S|PO201|48573667|2304778| |DF|0|0|0|0|0|0|0|0|0|1|0|0|0
S|OLZOM|48155583|2264778| |DF|0|0|0|0|0|0|0|0|0|0|0|0|0

P|OLZO2E|07|OLZOM|0|3
S|PO081|48739500|2467556|CLM|CF|0|7300|2260|25300|300|0|0|0|0|1|0|0|0
S|PO082|48742861|2548889| |DF|0|0|0|0|0|0|0|0|0|1|0|0|0
S|OLZOM|48155583|2264778| |DF|2|0|0|0|0|0|0|0|0|0|0|0|0

P|OLZO2F|06|OLZOM|0|3
S|PO060|48756917|2421361|CLM|CF|0|6100|2410|25660|300|0|2|2000|0|1|0|0|0
S|PO061|48753889|2546417| |DF|0|0|0|0|0|0|0|0|0|1|0|0|0
S|OLZOM|48155583|2264778| |DF|2|0|0|0|0|0|0|0|0|0|0|0|0

P|OLZO2G|07|OLZOM|0|3
S|PO081|48739500|2467556|CLM|CF|0|7300|2260|25300|300|0|0|0|0|1|0|0|0
S|PO082|48742861|2548889| |DF|0|0|0|0|0|0|0|0|0|1|0|0|0
S|OLZOM|48155583|2264778| |DF|2|0|0|0|0|0|0|0|0|0|0|0|0

P|OLZO2H|06|OLZOM|0|3
S|PO060|48756917|2421361|CLM|CF|0|6100|2410|25660|300|0|2|2000|0|1|0|0|0
S|PO061|48753889|2546417| |DF|0|0|0|0|0|0|0|0|0|1|0|0|0
S|OLZOM|48155583|2264778| |DF|2|0|0|0|0|0|0|0|0|0|0|0|0

P|OLZO2Q|24|OLZOM|0|3
S|DER24|48719975|2316919| |DF|0|0|0|0|0|0|0|0|0|1|0|0|0
S|PO243|48681306|2226417|BT|CF|0|23600|1980|20630|400|0|0|0|0|1|0|0|0
S|OLZOM|48155583|2264778| |DF|0|0|0|0|0|0|0|0|0|0|0|0|0

P|OLZO2R|25|OLZOM|0|3
S|PO241|48706556|2288944|BT|CF|0|25300|1740|20130|300|0|0|0|0|1|0|0|0
S|PO243|48681306|2226417| |DF|0|0|0|0|0|0|0|0|0|1|0|0|0
S|OLZOM|48155583|2264778| |DF|0|0|0|0|0|0|0|0|0|0|0|0|0

P|OLZO2S|20|OLZOM|0|4
S|DER20|48717542|2376697| |DF|0|0|0|0|0|0|0|0|0|1|0|0|0
S| |91000000|181000000| |CA|0|19700|0|0|0|0|1|700|0|0|0|0|0
S|PO203|48631889|2233306|BT|CF|0|22500|2240|20220|700|0|0|0|0|1|0|0|0
S|OLZOM|48155583|2264778| |DF|0|0|0|0|0|0|0|0|0|0|0|0|0

P|OLZO2W|24|OLZOM|0|3
S|DER24|48719975|2316919| |DF|0|0|0|0|0|0|0|0|0|1|0|0|0
S|PO243|48681306|2226417|BT|CF|0|23600|1980|20630|400|0|0|0|0|1|0|0|0
S|OLZOM|48155583|2264778| |DF|0|0|0|0|0|0|0|0|0|0|0|0|0

P|OLZO2X|25|OLZOM|0|3
S|PO241|48706556|2288944|BT|CF|0|25300|1740|20130|300|0|0|0|0|1|0|0|0
S|PO243|48681306|2226417| |DF|0|0|0|0|0|0|0|0|0|1|0|0|0
S|OLZOM|48155583|2264778| |DF|0|0|0|0|0|0|0|0|0|0|0|0|0

P|OLZO2Y|20|OLZOM|0|4
S|DER20|48717542|2376697| |DF|0|0|0|0|0|0|0|0|0|1|0|0|0
S| |91000000|181000000| |CA|0|19700|0|0|0|0|1|700|0|0|0|0|0
S|PO203|48631889|2233306|BT|CF|0|22500|2240|20220|700|0|0|0|0|1|0|0|0
S|OLZOM|48155583|2264778| |DF|0|0|0|0|0|0|0|0|0|0|0|0|0

P|OPAL2A|20|OPALE|0|6
S| |91000000|181000000| |CA|0|19700|0|0|0|0|1|700|0|0|0|0|0
S|PO201|48573667|2304778| |DF|0|0|0|0|0|0|0|0|0|1|0|0|0
S|PO260|48767667|1740083| |DF|2|0|0|0|0|0|0|0|0|0|0|0|0
S|PO262|49233389|2026528| |TF|0|0|0|0|0|0|0|0|0|0|0|0|0
S|BOV|49436361|2153194| |TF|0|0|0|0|0|0|0|0|0|0|0|0|0
S|OPALE|49899750|1885083| |TF|0|0|0|0|0|0|0|0|0|0|0|0|0

P|OPAL2B|20|OPALE|0|8
S| |91000000|181000000| |CA|0|19700|0|0|0|0|1|700|0|0|0|0|0
S|PO201|48573667|2304778| |DF|0|0|0|0|0|0|0|0|0|1|0|0|0
S|PO300|48493861|2367528| |DF|0|0|0|0|0|0|2|10000|0|0|0|0|0
S|PO302|48524028|2850500| |TF|0|0|0|0|0|0|0|0|0|0|0|0|0
S|PO304|48650417|3068917| |TF|0|0|0|0|0|0|0|0|0|0|0|0|0
S|PO306|48871000|3152833| |TF|0|0|0|0|0|0|0|0|0|0|0|0|0
S|PB096|49137000|2937806| |TF|0|0|0|0|0|0|0|0|0|0|0|0|0
S|OPALE|49899750|1885083| |TF|0|0|0|0|0|0|0|0|0|0|0|0|0

P|OPAL2E|07|OPALE|0|8
S|PO081|48739500|2467556|CLM|CF|0|7300|2260|25300|300|0|0|0|0|1|0|0|0
S|PO082|48742861|2548889| |DF|0|0|0|0|0|0|0|0|0|1|0|0|0
S|PO181|48665278|2403056| |DF|2|0|0|0|0|0|0|0|0|0|0|0|0
S|PO183|48640083|2310000| |TF|0|0|0|0|0|0|0|0|0|0|0|0|0
S|PO088|48748389|2013222| |TF|0|0|0|0|0|0|0|0|0|0|0|0|0
S|PO090|49136722|2091778| |TF|0|0|0|0|0|0|0|0|0|0|0|0|0
S|BOV|49436361|2153194| |TF|0|0|0|0|0|0|0|0|0|0|0|0|0
S|OPALE|49899750|1885083| |TF|0|0|0|0|0|0|0|0|0|0|0|0|0

P|OPAL2F|06|OPALE|0|8
S|PO060|48756917|2421361|CLM|CF|0|6100|2410|25660|300|0|2|2000|0|1|0|0|0
S|PO061|48753889|2546417| |DF|0|0|0|0|0|0|0|0|0|1|0|0|0
S|PO181|48665278|2403056| |DF|2|0|0|0|0|0|0|0|0|0|0|0|0
S|PO183|48640083|2310000| |TF|0|0|0|0|0|0|0|0|0|0|0|0|0
S|PO088|48748389|2013222| |TF|0|0|0|0|0|0|0|0|0|0|0|0|0
S|PO090|49136722|2091778| |TF|0|0|0|0|0|0|0|0|0|0|0|0|0
S|BOV|49436361|2153194| |TF|0|0|0|0|0|0|0|0|0|0|0|0|0
S|OPALE|49899750|1885083| |TF|0|0|0|0|0|0|0|0|0|0|0|0|0

P|OPAL2G|07|OPALE|0|8
S|PO081|48739500|2467556|CLM|CF|0|7300|2260|25300|300|0|0|0|0|1|0|0|0
S|PO082|48742861|2548889| |DF|0|0|0|0|0|0|0|0|0|1|0|0|0
S|PO181|48665278|2403056| |DF|2|0|0|0|0|0|0|0|0|0|0|0|0
S|PO183|48640083|2310000| |TF|0|0|0|0|0|0|0|0|0|0|0|0|0
S|PO092|48832722|1779750| |TF|0|0|0|0|0|0|0|0|0|0|0|0|0
S|PO262|49233389|2026528| |TF|0|0|0|0|0|0|0|0|0|0|0|0|0
S|BOV|49436361|2153194| |TF|0|0|0|0|0|0|0|0|0|0|0|0|0
S|OPALE|49899750|1885083| |TF|0|0|0|0|0|0|0|0|0|0|0|0|0

P|OPAL2H|06|OPALE|0|8
S|PO060|48756917|2421361|CLM|CF|0|6100|2410|25660|300|0|2|2000|0|1|0|0|0
S|PO061|48753889|2546417| |DF|0|0|0|0|0|0|0|0|0|1|0|0|0
S|PO181|48665278|2403056| |DF|2|0|0|0|0|0|0|0|0|0|0|0|0
S|PO183|48640083|2310000| |TF|0|0|0|0|0|0|0|0|0|0|0|0|0
S|PO092|48832722|1779750| |TF|0|0|0|0|0|0|0|0|0|0|0|0|0
S|PO262|49233389|2026528| |TF|0|0|0|0|0|0|0|0|0|0|0|0|0
S|BOV|49436361|2153194| |TF|0|0|0|0|0|0|0|0|0|0|0|0|0
S|OPALE|49899750|1885083| |TF|0|0|0|0|0|0|0|0|0|0|0|0|0

P|OPAL2Q|24|OPALE|0|8
S|DER24|48719975|2316919| |DF|0|0|0|0|0|0|0|0|0|1|0|0|0
S|PO243|48681306|2226417|BT|CF|0|23600|1980|20630|500|0|0|0|0|1|0|0|0
S|PO300|48493861|2367528| |DF|1|0|0|0|0|0|2|10000|0|0|0|0|0
S|PO302|48524028|2850500| |TF|0|0|0|0|0|0|0|0|0|0|0|0|0
S|PO304|48650417|3068917| |TF|0|0|0|0|0|0|0|0|0|0|0|0|0
S|PO306|48871000|3152833| |TF|0|0|0|0|0|0|0|0|0|0|0|0|0
S|PB096|49137000|2937806| |TF|0|0|0|0|0|0|0|0|0|0|0|0|0
S|OPALE|49899750|1885083| |TF|0|0|0|0|0|0|0|0|0|0|0|0|0

P|OPAL2R|25|OPALE|0|8
S|PO241|48706556|2288944|BT|CF|0|25300|1740|20130|300|0|0|0|0|1|0|0|0
S|PO243|48681306|2226417| |DF|0|0|0|0|0|0|0|0|0|1|0|0|0
S|PO300|48493861|2367528| |DF|1|0|0|0|0|0|2|10000|0|0|0|0|0
S|PO302|48524028|2850500| |TF|0|0|0|0|0|0|0|0|0|0|0|0|0
S|PO304|48650417|3068917| |TF|0|0|0|0|0|0|0|0|0|0|0|0|0
S|PO306|48871000|3152833| |TF|0|0|0|0|0|0|0|0|0|0|0|0|0
S|PB096|49137000|2937806| |TF|0|0|0|0|0|0|0|0|0|0|0|0|0
S|OPALE|49899750|1885083| |TF|0|0|0|0|0|0|0|0|0|0|0|0|0

P|OPAL2S|20|OPALE|0|9
S|DER20|48717542|2376697| |DF|0|0|0|0|0|0|0|0|0|1|0|0|0
S| |91000000|181000000| |CA|0|19700|0|0|0|0|1|700|0|0|0|0|0
S|PO202|48646917|2256722|BT|CF|0|22500|2120|20090|600|0|0|0|0|1|0|0|0
S|PO300|48493861|2367528| |DF|0|0|0|0|0|0|2|10000|0|0|0|0|0
S|PO302|48524028|2850500| |TF|0|0|0|0|0|0|0|0|0|0|0|0|0
S|PO304|48650417|3068917| |TF|0|0|0|0|0|0|0|0|0|0|0|0|0
S|PO306|48871000|3152833| |TF|0|0|0|0|0|0|0|0|0|0|0|0|0
S|PB096|49137000|2937806| |TF|0|0|0|0|0|0|0|0|0|0|0|0|0
S|OPALE|49899750|1885083| |TF|0|0|0|0|0|0|0|0|0|0|0|0|0

P|OPAL2W|24|OPALE|0|7
S|DER24|48719975|2316919| |DF|0|0|0|0|0|0|0|0|0|1|0|0|0
S|PO245|48666583|2192111|BT|CF|0|23600|2120|20850|600|0|0|0|0|1|0|0|0
S|PO248|48634028|2090639| |DF|0|0|0|0|0|0|0|0|0|1|0|0|0
S|PO260|48767667|1740083| |DF|0|0|0|0|0|0|0|0|0|0|0|0|0
S|PO262|49233389|2026528| |TF|0|0|0|0|0|0|0|0|0|0|0|0|0
S|BOV|49436361|2153194| |TF|0|0|0|0|0|0|0|0|0|0|0|0|0
S|OPALE|49899750|1885083| |TF|0|0|0|0|0|0|0|0|0|0|0|0|0

P|OPAL2X|25|OPALE|0|7
S|PO241|48706556|2288944|BT|CF|0|25300|1740|20130|300|0|0|0|0|1|0|0|0
S|PO245|48666583|2192111| |DF|0|0|0|0|0|0|0|0|0|1|0|0|0
S|PO248|48634028|2090639| |DF|0|0|0|0|0|0|0|0|0|1|0|0|0
S|PO260|48767667|1740083| |DF|0|0|0|0|0|0|0|0|0|0|0|0|0
S|PO262|49233389|2026528| |TF|0|0|0|0|0|0|0|0|0|0|0|0|0
S|BOV|49436361|2153194| |TF|0|0|0|0|0|0|0|0|0|0|0|0|0
S|OPALE|49899750|1885083| |TF|0|0|0|0|0|0|0|0|0|0|0|0|0

P|OPAL2Y|20|OPALE|0|8
S|DER20|48717542|2376697| |DF|0|0|0|0|0|0|0|0|0|1|0|0|0
S| |91000000|181000000| |CA|0|19700|0|0|0|0|1|700|0|0|0|0|0
S|PO202|48646917|2256722|BT|CF|0|22500|2120|20090|600|0|0|0|0|1|0|0|0
S|PO204|48610806|2131000| |DF|0|0|0|0|0|0|0|0|0|1|0|0|0
S|PO260|48767667|1740083| |DF|0|0|0|0|0|0|0|0|0|0|0|0|0
S|PO262|49233389|2026528| |TF|0|0|0|0|0|0|0|0|0|0|0|0|0
S|BOV|49436361|2153194| |TF|0|0|0|0|0|0|0|0|0|0|0|0|0
S|OPALE|49899750|1885083| |TF|0|0|0|0|0|0|0|0|0|0|0|0|0

P|PG2A|20|PO724|0|6
S| |91000000|181000000| |CA|0|19700|0|0|0|0|1|700|0|0|0|0|0
S|PO201|48573667|2304778| |DF|0|0|0|0|0|0|0|0|0|1|0|0|0
S|RBT|48653944|1994222| |DF|2|0|0|0|0|0|0|0|0|1|0|0|0
S|TSU|48753722|2102361|CLM|CF|2|6500|3660|26080|500|0|0|0|0|0|0|0|0
S|PO724|48851111|2623889| |TF|0|0|0|0|0|220|2|5000|0|0|0|0|0
S|PO724|48851111|2623889|CLM|FM|0|7300|1550|27060|0|0|0|0|0|0|0|0|0

P|PG2B|20|PO723|0|5
S| |91000000|181000000| |CA|0|19700|0|0|0|0|1|700|0|0|0|0|0
S|PO201|48573667|2304778| |DF|0|0|0|0|0|0|0|0|0|1|0|0|0
S|PO722|48715333|1648472| |DF|2|0|0|0|0|0|0|0|0|0|0|0|0
S|PO723|48820833|1755000| |TF|2|0|0|0|0|220|2|7000|0|0|0|0|0
S|PO723|48820833|1755000|CLM|FM|0|3300|4990|26780|0|0|0|0|0|0|0|0|0

P|PG2E|07|PO772|0|6
S|DER07|48727431|2402069| |DF|0|0|0|0|0|0|0|0|0|1|0|0|0
S|PO081|48739500|2467556|CLM|CF|0|7300|2260|25300|300|0|0|0|0|1|0|0|0
S|PO082|48742861|2548889| |DF|0|0|0|0|0|0|0|0|0|1|0|0|0
S|PO771|48636944|2317222| |DF|2|0|0|0|0|0|0|0|0|0|0|0|0
S|PO772|48786556|1900389| |TF|0|0|0|0|0|220|2|7000|0|0|0|0|0
S|PO772|48786556|1900389|CLM|FM|0|29800|4430|26490|0|0|0|0|0|0|0|0|0

P|PG2F|06|PO772|0|6
S|DER06|48735456|2360678| |DF|0|0|0|0|0|0|0|0|0|1|0|0|0
S|PO060|48756917|2421361|CLM|CF|0|6100|2410|25660|300|0|2|2000|0|1|0|0|0
S|PO061|48753889|2546417| |DF|0|0|0|0|0|0|0|0|0|1|0|0|0
S|PO771|48636944|2317222| |DF|2|0|0|0|0|0|0|0|0|0|0|0|0
S|PO772|48786556|1900389| |TF|0|0|0|0|0|220|2|7000|0|0|0|0|0
S|PO772|48786556|1900389|EPR|FM|0|29800|1370|4400|0|0|0|0|0|0|0|0|0

P|PG2G|07|PO773|0|5
S|DER07|48727431|2402069| |DF|0|0|0|0|0|0|0|0|0|1|0|0|0
S|PO081|48739500|2467556|CLM|CF|0|7300|2260|25300|300|0|0|0|0|1|0|0|0
S|PO082|48742861|2548889| |DF|0|0|0|0|0|0|0|0|0|1|0|0|0
S|PO773|48786167|3107694| |TF|0|0|0|0|0|220|2|5000|0|0|0|0|0
S|PO773|48786167|3107694|CLM|FM|0|8200|510|13230|0|0|0|0|0|0|0|0|0

P|PG2H|06|PO773|0|5
S|DER06|48735456|2360678| |DF|0|0|0|0|0|0|0|0|0|1|0|0|0
S|PO060|48756917|2421361|CLM|CF|0|6100|2410|25660|300|0|2|2000|0|1|0|0|0
S|PO061|48753889|2546417| |DF|0|0|0|0|0|0|0|0|0|1|0|0|0
S|PO773|48786167|3107694|CLM|CF|0|8200|510|13230|2200|220|2|5000|0|0|0|0|0
S|PO773|48786167|3107694|CLM|FM|0|8200|510|13230|0|0|0|0|0|0|0|0|0

P|PG2Q|24|PO723|0|6
S|DER24|48719975|2316919| |DF|0|0|0|0|0|0|0|0|0|1|0|0|0
S|PO243|48681306|2226417|CLM|CF|0|23600|3280|25190|400|0|0|0|0|1|0|0|0
S|PO721|48624000|2062972| |TF|0|0|0|0|0|0|0|0|0|0|0|0|0
S|PO722|48715333|1648472| |TF|0|0|0|0|0|0|0|0|0|0|0|0|0
S|PO723|48820833|1755000| |TF|2|0|0|0|0|220|2|7000|0|0|0|0|0
S|PO723|48820833|1755000|CLM|FM|0|3300|4990|26780|0|0|0|0|0|0|0|0|0

P|PG2R|25|PO723|0|7
S|DER25|48719408|2358592| |DF|0|0|0|0|0|0|0|0|0|1|0|0|0
S|PO241|48706556|2288944|CLM|CF|0|25300|2990|25320|300|0|0|0|0|1|0|0|0
S|PO243|48681306|2226417| |DF|0|0|0|0|0|0|0|0|0|1|0|0|0
S|PO721|48624000|2062972| |TF|0|0|0|0|0|0|0|0|0|0|0|0|0
S|PO722|48715333|1648472| |TF|0|0|0|0|0|0|0|0|0|0|0|0|0
S|PO723|48820833|1755000| |TF|2|0|0|0|0|220|2|7000|0|0|0|0|0
S|PO723|48820833|1755000|CLM|FM|0|3300|4990|26780|0|0|0|0|0|0|0|0|0

P|PG2S|20|PO723|0|7
S|DER20|48717542|2376697| |DF|0|0|0|0|0|0|0|0|0|1|0|0|0
S| |91000000|181000000| |CA|0|19700|0|0|0|0|1|700|0|0|0|0|0
S|PO202|48646917|2256722|CLM|CF|0|22500|3230|24770|600|0|0|0|0|1|0|0|0
S|PO720|48601944|2121111| |TF|0|0|0|0|0|0|0|0|0|0|0|0|0
S|PO722|48715333|1648472| |TF|0|0|0|0|0|0|0|0|0|0|0|0|0
S|PO723|48820833|1755000| |TF|2|0|0|0|0|220|2|7000|0|0|0|0|0
S|PO723|48820833|1755000|CLM|FM|0|3300|4990|26780|0|0|0|0|0|0|0|0|0

P|PG2W|24|PO724|0|7
S|DER24|48719975|2316919| |DF|0|0|0|0|0|0|0|0|0|1|0|0|0
S|PO243|48681306|2226417|CLM|CF|0|23600|3280|25190|400|0|0|0|0|1|0|0|0
S|PO721|48624000|2062972| |TF|0|0|0|0|0|0|0|0|0|0|0|0|0
S|RBT|48653944|1994222| |TF|0|0|0|0|0|0|0|0|0|1|0|0|0
S|TSU|48753722|2102361|CLM|CF|2|6500|3660|26080|500|0|0|0|0|0|0|0|0
S|PO724|48851111|2623889| |TF|0|0|0|0|0|220|2|5000|0|0|0|0|0
S|PO724|48851111|2623889|CLM|FM|0|7300|1550|27060|0|0|0|0|0|0|0|0|0

P|PG2X|25|PO724|0|8
S|DER25|48719408|2358592| |DF|0|0|0|0|0|0|0|0|0|1|0|0|0
S|PO241|48706556|2288944|CLM|CF|0|25300|2990|25320|300|0|0|0|0|1|0|0|0
S|PO243|48681306|2226417| |DF|0|0|0|0|0|0|0|0|0|1|0|0|0
S|PO721|48624000|2062972| |TF|0|0|0|0|0|0|0|0|0|0|0|0|0
S|RBT|48653944|1994222| |TF|0|0|0|0|0|0|0|0|0|1|0|0|0
S|TSU|48753722|2102361|CLM|CF|2|6500|3660|26080|500|0|0|0|0|0|0|0|0
S|PO724|48851111|2623889| |TF|0|0|0|0|0|220|2|5000|0|0|0|0|0
S|PO724|48851111|2623889|CLM|FM|0|7300|1550|27060|0|0|0|0|0|0|0|0|0

P|PG2Y|20|PO724|0|8
S|DER20|48717542|2376697| |DF|0|0|0|0|0|0|0|0|0|1|0|0|0
S| |91000000|181000000| |CA|0|19700|0|0|0|0|1|700|0|0|0|0|0
S|PO202|48646917|2256722|CLM|CF|0|22500|3230|24770|600|0|0|0|0|1|0|0|0
S|PO720|48601944|2121111| |TF|0|0|0|0|0|0|0|0|0|0|0|0|0
S|RBT|48653944|1994222| |TF|0|0|0|0|0|0|0|0|0|1|0|0|0
S|TSU|48753722|2102361|CLM|CF|2|6500|3660|26080|500|0|0|0|0|0|0|0|0
S|PO724|48851111|2623889| |TF|0|0|0|0|0|220|2|5000|0|0|0|0|0
S|PO724|48851111|2623889|CLM|FM|0|7300|1550|27060|0|0|0|0|0|0|0|0|0

P|PILU2A|20|PILUL|0|5
S| |91000000|181000000| |CA|0|19700|0|0|0|0|1|700|0|0|0|0|0
S|PO201|48573667|2304778| |DF|0|0|0|0|0|0|0|0|0|1|0|0|0
S|PO300|48493861|2367528| |DF|0|0|0|0|0|0|2|10000|0|0|0|0|0
S|PEKIM|48275833|2825556| |TF|0|0|0|0|0|0|0|0|0|0|0|0|0
S|PILUL|48083333|3048056| |TF|0|0|0|0|0|0|0|0|0|0|0|0|0

P|PILU2B|20|PILUL|0|5
S| |91000000|181000000| |CA|0|19700|0|0|0|0|1|700|0|0|0|0|0
S|PO201|48573667|2304778| |DF|0|0|0|0|0|0|0|0|0|1|0|0|0
S|PO300|48493861|2367528| |DF|0|0|0|0|0|0|2|10000|0|0|0|0|0
S|PEKIM|48275833|2825556| |TF|0|0|0|0|0|0|0|0|0|0|0|0|0
S|PILUL|48083333|3048056| |TF|0|0|0|0|0|0|0|0|0|0|0|0|0

P|PILU2E|07|PILUL|0|6
S|PO081|48739500|2467556|CLM|CF|0|7300|2260|25300|300|0|0|0|0|1|0|0|0
S|PO082|48742861|2548889| |DF|0|0|0|0|0|0|0|0|0|1|0|0|0
S|PO085|48641028|2627556| |DF|0|0|0|0|0|0|0|0|0|0|0|0|0
S|OBAMO|48460472|2487944| |TF|0|0|0|0|0|0|0|0|0|0|0|0|0
S|PEKIM|48275833|2825556| |TF|0|0|0|0|0|0|0|0|0|0|0|0|0
S|PILUL|48083333|3048056| |TF|0|0|0|0|0|0|0|0|0|0|0|0|0

P|PILU2F|06|PILUL|0|6
S|PO060|48756917|2421361|CLM|CF|0|6100|2410|25660|300|0|2|2000|0|1|0|0|0
S|PO061|48753889|2546417| |DF|0|0|0|0|0|0|0|0|0|1|0|0|0
S|PO085|48641028|2627556| |DF|0|0|0|0|0|0|0|0|0|0|0|0|0
S|OBAMO|48460472|2487944| |TF|0|0|0|0|0|0|0|0|0|0|0|0|0
S|PEKIM|48275833|2825556| |TF|0|0|0|0|0|0|0|0|0|0|0|0|0
S|PILUL|48083333|3048056| |TF|0|0|0|0|0|0|0|0|0|0|0|0|0

P|PILU2G|07|PILUL|0|6
S|PO081|48739500|2467556|CLM|CF|0|7300|2260|25300|300|0|0|0|0|1|0|0|0
S|PO082|48742861|2548889| |DF|0|0|0|0|0|0|0|0|0|1|0|0|0
S|PO085|48641028|2627556| |DF|0|0|0|0|0|0|0|0|0|0|0|0|0
S|OBAMO|48460472|2487944| |TF|0|0|0|0|0|0|0|0|0|0|0|0|0
S|PEKIM|48275833|2825556| |TF|0|0|0|0|0|0|0|0|0|0|0|0|0
S|PILUL|48083333|3048056| |TF|0|0|0|0|0|0|0|0|0|0|0|0|0

P|PILU2H|06|PILUL|0|6
S|PO060|48756917|2421361|CLM|CF|0|6100|2410|25660|300|0|2|2000|0|1|0|0|0
S|PO061|48753889|2546417| |DF|0|0|0|0|0|0|0|0|0|1|0|0|0
S|PO085|48641028|2627556| |DF|0|0|0|0|0|0|0|0|0|0|0|0|0
S|OBAMO|48460472|2487944| |TF|0|0|0|0|0|0|0|0|0|0|0|0|0
S|PEKIM|48275833|2825556| |TF|0|0|0|0|0|0|0|0|0|0|0|0|0
S|PILUL|48083333|3048056| |TF|0|0|0|0|0|0|0|0|0|0|0|0|0

P|PILU2Q|24|PILUL|0|5
S|DER24|48719975|2316919| |DF|0|0|0|0|0|0|0|0|0|1|0|0|0
S|PO243|48681306|2226417|CLM|CF|0|23600|3280|25190|400|0|0|0|0|1|0|0|0
S|PO300|48493861|2367528| |DF|1|0|0|0|0|0|2|10000|0|0|0|0|0
S|PEKIM|48275833|2825556| |TF|0|0|0|0|0|0|0|0|0|0|0|0|0
S|PILUL|48083333|3048056| |TF|0|0|0|0|0|0|0|0|0|0|0|0|0

P|PILU2R|25|PILUL|0|5
S|PO241|48706556|2288944|CLM|CF|0|25300|2990|25320|300|0|0|0|0|1|0|0|0
S|PO243|48681306|2226417| |DF|0|0|0|0|0|0|0|0|0|1|0|0|0
S|PO300|48493861|2367528| |DF|1|0|0|0|0|0|2|10000|0|0|0|0|0
S|PEKIM|48275833|2825556| |TF|0|0|0|0|0|0|0|0|0|0|0|0|0
S|PILUL|48083333|3048056| |TF|0|0|0|0|0|0|0|0|0|0|0|0|0

P|PILU2S|20|PILUL|0|6
S|DER20|48717542|2376697| |DF|0|0|0|0|0|0|0|0|0|1|0|0|0
S| |91000000|181000000| |CA|0|19700|0|0|0|0|1|700|0|0|0|0|0
S|PO202|48646917|2256722|CLM|CF|0|22500|3230|24770|600|0|0|0|0|1|0|0|0
S|PO300|48493861|2367528| |DF|0|0|0|0|0|0|2|10000|0|0|0|0|0
S|PEKIM|48275833|2825556| |TF|0|0|0|0|0|0|0|0|0|0|0|0|0
S|PILUL|48083333|3048056| |TF|0|0|0|0|0|0|0|0|0|0|0|0|0

P|PILU2W|24|PILUL|0|5
S|DER24|48719975|2316919| |DF|0|0|0|0|0|0|0|0|0|1|0|0|0
S|PO243|48681306|2226417|CLM|CF|0|23600|3280|25190|400|0|0|0|0|1|0|0|0
S|PO300|48493861|2367528| |DF|1|0|0|0|0|0|2|10000|0|0|0|0|0
S|PEKIM|48275833|2825556| |TF|0|0|0|0|0|0|0|0|0|0|0|0|0
S|PILUL|48083333|3048056| |TF|0|0|0|0|0|0|0|0|0|0|0|0|0

P|PILU2X|25|PILUL|0|5
S|PO241|48706556|2288944|CLM|CF|0|25300|2990|25320|300|0|0|0|0|1|0|0|0
S|PO243|48681306|2226417| |DF|0|0|0|0|0|0|0|0|0|1|0|0|0
S|PO300|48493861|2367528| |DF|1|0|0|0|0|0|2|10000|0|0|0|0|0
S|PEKIM|48275833|2825556| |TF|0|0|0|0|0|0|0|0|0|0|0|0|0
S|PILUL|48083333|3048056| |TF|0|0|0|0|0|0|0|0|0|0|0|0|0

P|PILU2Y|20|PILUL|0|6
S|DER20|48717542|2376697| |DF|0|0|0|0|0|0|0|0|0|1|0|0|0
S| |91000000|181000000| |CA|0|19700|0|0|0|0|1|700|0|0|0|0|0
S|PO202|48646917|2256722|CLM|CF|0|22500|3230|24770|600|0|0|0|0|1|0|0|0
S|PO300|48493861|2367528| |DF|0|0|0|0|0|0|2|10000|0|0|0|0|0
S|PEKIM|48275833|2825556| |TF|0|0|0|0|0|0|0|0|0|0|0|0|0
S|PILUL|48083333|3048056| |TF|0|0|0|0|0|0|0|0|0|0|0|0|0

P|RANU2A|20|RANUX|0|6
S| |91000000|181000000| |CA|0|19700|0|0|0|0|1|700|0|0|0|0|0
S|PO201|48573667|2304778| |DF|0|0|0|0|0|0|0|0|0|1|0|0|0
S|PO300|48493861|2367528| |DF|0|0|0|0|0|0|2|10000|0|0|0|0|0
S|PO302|48524028|2850500| |TF|0|0|0|0|0|0|0|0|0|0|0|0|0
S|BATAG|48822806|3372278| |TF|0|0|0|0|0|0|0|0|0|0|0|0|0
S|RANUX|49138778|4361528| |TF|0|0|0|0|0|0|0|0|0|0|0|0|0

P|RANU2B|20|RANUX|0|6
S| |91000000|181000000| |CA|0|19700|0|0|0|0|1|700|0|0|0|0|0
S|PO201|48573667|2304778| |DF|0|0|0|0|0|0|0|0|0|1|0|0|0
S|PO300|48493861|2367528| |DF|0|0|0|0|0|0|2|10000|0|0|0|0|0
S|PO302|48524028|2850500| |TF|0|0|0|0|0|0|0|0|0|0|0|0|0
S|BATAG|48822806|3372278| |TF|0|0|0|0|0|0|0|0|0|0|0|0|0
S|RANUX|49138778|4361528| |TF|0|0|0|0|0|0|0|0|0|0|0|0|0

P|RANU2E|07|RANUX|0|6
S|PO081|48739500|2467556|CLM|CF|0|7300|2260|25300|300|0|0|0|0|1|0|0|0
S|PO082|48742861|2548889| |DF|0|0|0|0|0|0|0|0|0|1|0|0|0
S|PO083|48753556|2682444| |DF|0|0|0|0|0|0|0|0|0|1|0|0|0
S|PO084|48776056|2977472| |DF|0|0|0|0|0|0|0|0|0|0|0|0|0
S|BATAG|48822806|3372278| |TF|0|0|0|0|0|0|0|0|0|0|0|0|0
S|RANUX|49138778|4361528| |TF|0|0|0|0|0|0|0|0|0|0|0|0|0

P|RANU2F|06|RANUX|0|6
S|PO060|48756917|2421361|CLM|CF|0|6100|2410|25660|300|0|2|2000|0|1|0|0|0
S|PO061|48753889|2546417| |DF|0|0|0|0|0|0|0|0|0|1|0|0|0
S|PO083|48753556|2682444| |DF|0|0|0|0|0|0|0|0|0|1|0|0|0
S|PO084|48776056|2977472| |DF|0|0|0|0|0|0|0|0|0|0|0|0|0
S|BATAG|48822806|3372278| |TF|0|0|0|0|0|0|0|0|0|0|0|0|0
S|RANUX|49138778|4361528| |TF|0|0|0|0|0|0|0|0|0|0|0|0|0

P|RANU2G|07|RANUX|0|6
S|PO081|48739500|2467556|CLM|CF|0|7300|2260|25300|300|0|0|0|0|1|0|0|0
S|PO082|48742861|2548889| |DF|0|0|0|0|0|0|0|0|0|1|0|0|0
S|PO083|48753556|2682444| |DF|0|0|0|0|0|0|0|0|0|1|0|0|0
S|PO084|48776056|2977472| |DF|0|0|0|0|0|0|0|0|0|0|0|0|0
S|BATAG|48822806|3372278| |TF|0|0|0|0|0|0|0|0|0|0|0|0|0
S|RANUX|49138778|4361528| |TF|0|0|0|0|0|0|0|0|0|0|0|0|0

P|RANU2H|06|RANUX|0|6
S|PO060|48756917|2421361|CLM|CF|0|6100|2410|25660|300|0|2|2000|0|1|0|0|0
S|PO061|48753889|2546417| |DF|0|0|0|0|0|0|0|0|0|1|0|0|0
S|PO083|48753556|2682444| |DF|0|0|0|0|0|0|0|0|0|1|0|0|0
S|PO084|48776056|2977472| |DF|0|0|0|0|0|0|0|0|0|0|0|0|0
S|BATAG|48822806|3372278| |TF|0|0|0|0|0|0|0|0|0|0|0|0|0
S|RANUX|49138778|4361528| |TF|0|0|0|0|0|0|0|0|0|0|0|0|0

P|RANU2Q|24|RANUX|0|6
S|DER24|48719975|2316919| |DF|0|0|0|0|0|0|0|0|0|1|0|0|0
S|PO243|48681306|2226417|CLM|CF|0|23600|3280|25190|400|0|0|0|0|1|0|0|0
S|PO300|48493861|2367528| |DF|1|0|0|0|0|0|2|10000|0|0|0|0|0
S|PO302|48524028|2850500| |TF|0|0|0|0|0|0|0|0|0|0|0|0|0
S|BATAG|48822806|3372278| |TF|0|0|0|0|0|0|0|0|0|0|0|0|0
S|RANUX|49138778|4361528| |TF|0|0|0|0|0|0|0|0|0|0|0|0|0

P|RANU2R|25|RANUX|0|6
S|PO241|48706556|2288944|CLM|CF|0|25300|2990|25320|300|0|0|0|0|1|0|0|0
S|PO243|48681306|2226417| |DF|0|0|0|0|0|0|0|0|0|1|0|0|0
S|PO300|48493861|2367528| |DF|1|0|0|0|0|0|2|10000|0|0|0|0|0
S|PO302|48524028|2850500| |TF|0|0|0|0|0|0|0|0|0|0|0|0|0
S|BATAG|48822806|3372278| |TF|0|0|0|0|0|0|0|0|0|0|0|0|0
S|RANUX|49138778|4361528| |TF|0|0|0|0|0|0|0|0|0|0|0|0|0

P|RANU2S|20|RANUX|0|7
S|DER20|48717542|2376697| |DF|0|0|0|0|0|0|0|0|0|1|0|0|0
S| |91000000|181000000| |CA|0|19700|0|0|0|0|1|700|0|0|0|0|0
S|PO202|48646917|2256722|CLM|CF|0|22500|3230|24770|600|0|0|0|0|1|0|0|0
S|PO300|48493861|2367528| |DF|0|0|0|0|0|0|2|10000|0|0|0|0|0
S|PO302|48524028|2850500| |TF|0|0|0|0|0|0|0|0|0|0|0|0|0
S|BATAG|48822806|3372278| |TF|0|0|0|0|0|0|0|0|0|0|0|0|0
S|RANUX|49138778|4361528| |TF|0|0|0|0|0|0|0|0|0|0|0|0|0

P|RANU2W|24|RANUX|0|6
S|DER24|48719975|2316919| |DF|0|0|0|0|0|0|0|0|0|1|0|0|0
S|PO243|48681306|2226417|CLM|CF|0|23600|3280|25190|400|0|0|0|0|1|0|0|0
S|PO300|48493861|2367528| |DF|1|0|0|0|0|0|2|10000|0|0|0|0|0
S|PO302|48524028|2850500| |TF|0|0|0|0|0|0|0|0|0|0|0|0|0
S|BATAG|48822806|3372278| |TF|0|0|0|0|0|0|0|0|0|0|0|0|0
S|RANUX|49138778|4361528| |TF|0|0|0|0|0|0|0|0|0|0|0|0|0

P|RANU2X|25|RANUX|0|6
S|PO241|48706556|2288944|CLM|CF|0|25300|2990|25320|300|0|0|0|0|1|0|0|0
S|PO243|48681306|2226417| |DF|0|0|0|0|0|0|0|0|0|1|0|0|0
S|PO300|48493861|2367528| |DF|1|0|0|0|0|0|2|10000|0|0|0|0|0
S|PO302|48524028|2850500| |TF|0|0|0|0|0|0|0|0|0|0|0|0|0
S|BATAG|48822806|3372278| |TF|0|0|0|0|0|0|0|0|0|0|0|0|0
S|RANUX|49138778|4361528| |TF|0|0|0|0|0|0|0|0|0|0|0|0|0

P|RANU2Y|20|RANUX|0|7
S|DER20|48717542|2376697| |DF|0|0|0|0|0|0|0|0|0|1|0|0|0
S| |91000000|181000000| |CA|0|19700|0|0|0|0|1|700|0|0|0|0|0
S|PO202|48646917|2256722|CLM|CF|0|22500|3230|24770|600|0|0|0|0|1|0|0|0
S|PO300|48493861|2367528| |DF|0|0|0|0|0|0|2|10000|0|0|0|0|0
S|PO302|48524028|2850500| |TF|0|0|0|0|0|0|0|0|0|0|0|0|0
S|BATAG|48822806|3372278| |TF|0|0|0|0|0|0|0|0|0|0|0|0|0
S|RANUX|49138778|4361528| |TF|0|0|0|0|0|0|0|0|0|0|0|0|0

