P|PN6N|ALL|TSU|0|6
S|PON|49096083|2035889| |IF|0|0|0|0|0|0|0|0|0|0|0|0|0
S| |91000000|181000000|TSU|CR|0|15400|0|5300|0|0|0|0|0|0|0|0|0
S| |91000000|181000000| |VI|0|9900|0|0|0|0|0|0|0|0|0|0|0
S|D069P|48846853|2492806|BT|CF|0|6900|780|16800|1000|0|0|0|0|1|0|0|0
S| |91000000|181000000| |CI|2|28000|0|0|0|0|0|0|0|0|0|0|0
S|TSU|48753722|2102361|BT|CF|0|24900|1930|22560|1000|220|0|0|0|0|0|0|0

P|PN6R|ALL|PT822|0|6
S|PON|49096083|2035889| |IF|0|0|0|0|0|0|0|3000|0|0|0|0|0
S|CREIL|49255278|2514778| |TF|0|0|0|0|0|0|0|0|0|0|0|0|0
S|PT820|49135000|2943778| |TF|0|0|0|0|0|0|0|0|0|0|0|0|0
S|PT821|48947222|2989194| |TF|0|0|0|0|0|0|0|0|0|0|0|0|0
S|PT822|48869111|2629778| |TF|0|0|0|0|0|220|0|0|0|0|0|0|0
S|PT822|48869111|2629778|BT|FM|0|25000|940|13150|0|0|0|0|0|0|0|0|0

P|PN6U|ALL|TSU|0|7
S|PON|49096083|2035889| |IF|0|0|0|0|0|0|0|0|0|0|0|0|0
S| |91000000|181000000|EPR|CR|0|26200|0|600|0|0|0|0|0|0|0|0|0
S| |91000000|181000000| |VI|0|21300|0|0|0|0|0|0|0|0|0|0|0
S|D003F|48728697|1667442|EPR|CF|0|18300|620|300|2100|0|0|0|0|1|0|0|0
S| |91000000|181000000| |VI|0|13000|0|0|0|0|0|0|0|0|0|0|0
S|D275F|48664597|1839189|EPR|CF|0|10000|760|7110|600|0|0|0|0|0|0|0|0
S|TSU|48753722|2102361| |TF|0|0|0|0|0|220|0|0|0|0|0|0|0

P|PN6W|ALL|TSU|0|7
S|PON|49096083|2035889| |IF|0|0|0|0|0|0|0|0|0|0|0|0|0
S| |91000000|181000000|EPR|CR|0|26200|0|600|0|0|0|0|0|0|0|0|0
S| |91000000|181000000| |VI|0|21300|0|0|0|0|0|0|0|0|0|0|0
S|D003F|48728697|1667442|EPR|CF|0|18300|620|300|2100|0|0|0|0|1|0|0|0
S| |91000000|181000000| |VI|0|13100|0|0|0|0|0|0|0|0|0|0|0
S|D275F|48664597|1839189|EPR|CF|0|10100|760|7110|600|0|0|0|0|0|0|0|0
S|TSU|48753722|2102361| |TF|0|0|0|0|0|220|0|0|0|0|0|0|0

P|PV6N|ALL| |0|5
S|PON|49096083|2035889| |IF|0|0|0|0|0|0|0|0|0|0|0|0|0
S| |91000000|181000000|TSU|CR|0|15400|0|5300|0|0|0|0|0|0|0|0|0
S| |91000000|181000000| |VI|0|9900|0|0|0|0|0|0|0|0|0|0|0
S|D069P|48846853|2492806|BT|CF|0|6900|780|16800|1000|0|0|0|0|0|0|0|0
S| |91000000|181000000| |VM|2|26600|0|0|0|220|0|0|0|0|0|0|0

P|PV6R|ALL|PT822|0|6
S|PON|49096083|2035889| |IF|0|0|0|0|0|0|0|3000|0|0|0|0|0
S|CREIL|49255278|2514778| |TF|0|0|0|0|0|0|0|0|0|0|0|0|0
S|PT820|49135000|2943778| |TF|0|0|0|0|0|0|0|0|0|0|0|0|0
S|PT821|48947222|2989194| |TF|0|0|0|0|0|0|0|0|0|0|0|0|0
S|PT822|48869111|2629778| |TF|0|0|0|0|0|220|0|0|0|0|0|0|0
S|PT822|48869111|2629778|BT|FM|0|22700|940|13150|0|0|0|0|0|0|0|0|0

P|PV6U|ALL| |0|5
S|PON|49096083|2035889| |IF|0|0|0|0|0|0|0|0|0|0|0|0|0
S| |91000000|181000000|EPR|CR|0|26200|0|600|0|0|0|0|0|0|0|0|0
S| |91000000|181000000| |VI|0|21300|0|0|0|0|0|0|0|0|0|0|0
S|D003J|48795150|1674489|EPR|CF|0|18300|1020|300|1700|0|0|0|0|1|0|0|0
S| |91000000|181000000| |VM|1|8600|0|0|0|220|0|0|0|0|0|0|0

P|PV6W|ALL| |0|5
S|PON|49096083|2035889| |IF|0|0|0|0|0|0|0|0|0|0|0|0|0
S| |91000000|181000000|EPR|CR|0|26200|0|600|0|0|0|0|0|0|0|0|0
S| |91000000|181000000| |VI|0|21300|0|0|0|0|0|0|0|0|0|0|0
S|D003J|48795150|1674489|EPR|CF|0|18300|1020|300|1700|0|0|0|0|1|0|0|0
S| |91000000|181000000| |VM|1|8600|0|0|0|220|0|0|0|0|0|0|0

