P|DEGE1E|09|DEGEX|0|4
S| |91000000|181000000| |CA|0|9400|0|0|0|0|1|1000|0|0|0|0|0
S|RQ001|47882778|-3988528| |DF|0|0|0|0|0|0|0|0|0|0|0|0|0
S|RQ003|47824583|-3338944| |TF|0|0|0|0|0|0|0|0|0|0|0|0|0
S|DEGEX|47743889|-3156667| |TF|0|0|0|0|0|0|0|0|0|0|0|0|0

P|DEGE1W|27|DEGEX|0|4
S| |91000000|181000000| |CA|0|27400|0|0|0|0|1|1000|0|0|0|0|0
S|RQ001|47882778|-3988528| |DF|1|0|0|0|0|0|0|0|0|0|0|0|0
S|RQ003|47824583|-3338944| |TF|0|0|0|0|0|0|0|0|0|0|0|0|0
S|DEGEX|47743889|-3156667| |TF|0|0|0|0|0|0|0|0|0|0|0|0|0

P|ERCO1E|09|ERCOZ|0|2
S|RQ004|47967833|-3998167|QPR|CF|0|9400|760|8610|700|0|0|0|0|1|0|0|0
S|ERCOZ|48332639|-3602472| |TF|0|0|0|0|0|0|0|0|0|0|0|0|0

P|ERCO1W|27|ERCOZ|0|2
S| |91000000|181000000| |CA|0|27400|0|0|0|0|1|1000|0|0|0|0|0
S|ERCOZ|48332639|-3602472| |DF|2|0|0|0|0|0|0|0|0|0|0|0|0

P|IDRI1E|09|IDRIK|0|3
S| |91000000|181000000| |CA|0|9400|0|0|0|0|1|1000|0|0|0|0|0
S|RQ001|47882778|-3988528| |DF|0|0|0|0|0|0|0|0|0|0|0|0|0
S|IDRIK|47599722|-3641389| |TF|0|0|0|0|0|0|0|0|0|0|0|0|0

P|IDRI1W|27|IDRIK|0|4
S| |91000000|181000000| |CA|0|27400|0|0|0|0|1|1000|0|0|0|0|0
S|RQ002|47815472|-4073111| |DF|1|0|0|0|0|0|0|0|0|0|0|0|0
S|LEGMO|47732778|-4008333| |TF|0|0|0|0|0|0|0|0|0|0|0|0|0
S|IDRIK|47599722|-3641389| |TF|0|0|0|0|0|0|0|0|0|0|0|0|0

P|KORE1E|09|KORER|0|4
S|RQ004|47967833|-3998167|QPR|CF|0|9400|760|8610|700|0|0|0|0|1|0|0|0
S|RQ003|47824583|-3338944| |TF|0|0|0|0|0|0|0|0|0|0|0|0|0
S|DEGEX|47743889|-3156667| |TF|0|0|0|0|0|0|0|0|0|0|0|0|0
S|KORER|47685000|-2500833| |TF|0|0|0|0|0|0|0|0|0|0|0|0|0

P|KORE1W|27|KORER|0|5
S| |91000000|181000000| |CA|0|27400|0|0|0|0|1|1000|0|0|0|0|0
S|RQ001|47882778|-3988528| |DF|1|0|0|0|0|0|0|0|0|0|0|0|0
S|RQ003|47824583|-3338944| |TF|0|0|0|0|0|0|0|0|0|0|0|0|0
S|DEGEX|47743889|-3156667| |TF|0|0|0|0|0|0|0|0|0|0|0|0|0
S|KORER|47685000|-2500833| |TF|0|0|0|0|0|0|0|0|0|0|0|0|0

