P|EPL1N|02|EPL|0|3
S|DER02|48593364|5959961| |DF|0|0|0|0|0|0|0|0|0|1|0|0|0
S| |91000000|181000000| |CA|0|1700|0|0|0|0|1|2200|0|0|0|0|0
S|EPL|48317833|6059417| |DF|2|0|0|0|0|0|1|2200|0|0|0|0|0

P|EPL1S|20|EPL|0|3
S|DER20|48573017|5949100| |DF|0|0|0|0|0|0|0|0|0|1|0|0|0
S| |91000000|181000000| |CA|0|19700|0|0|0|0|1|2200|0|0|0|0|0
S|EPL|48317833|6059417| |DF|0|0|0|0|0|0|1|2200|0|0|0|0|0

P|MONC1N|02|MONCE|0|3
S|DER02|48593364|5959961| |DF|0|0|0|0|0|0|0|0|0|1|0|0|0
S| |91000000|181000000| |CA|0|1700|0|0|0|0|1|2200|0|0|0|0|0
S|MONCE|48700000|6435000| |DF|0|0|0|0|0|0|1|2200|0|0|0|0|0

P|MONC1S|20|MONCE|0|3
S|DER20|48573017|5949100| |DF|0|0|0|0|0|0|0|0|0|1|0|0|0
S| |91000000|181000000| |CA|0|19700|0|0|0|0|1|2200|0|0|0|0|0
S|MONCE|48700000|6435000| |DF|1|0|0|0|0|0|1|2200|0|0|0|0|0

