P|CM4N|36|CM|0|3
S| |91000000|181000000| |CA|0|35500|0|0|0|0|1|710|0|0|0|0|0
S|NG|43857194|4406278|FJR|CF|0|35500|2520|4720|500|0|0|0|0|0|0|0|0
S|CM|43908278|4905389| |TF|0|0|0|0|0|210|0|0|0|0|0|0|0

P|CM4S|18|CM|0|3
S| |91000000|181000000|NG|CD|0|17500|0|0|220|0|1|710|0|0|0|0|0
S|NG|43857194|4406278|FJR|CF|2|3000|2520|4620|800|0|0|0|0|0|0|0|0
S|CM|43908278|4905389| |TF|0|0|0|0|0|0|0|0|0|0|0|0|0

P|FJR4N|36|FJR|0|4
S|D344A|43775603|4414281|FJR|CF|0|35500|2250|5710|100|0|1|710|0|1|0|0|0
S|ODADI|43733694|4214306|FJR|CF|1|22600|1400|4720|700|0|0|0|0|0|0|0|0
S|LUNEL|43689417|4145833| |TF|0|0|0|0|0|0|0|0|0|0|0|0|0
S|FJR|43578361|3974722| |TF|0|0|0|0|0|0|0|0|0|0|0|0|0

P|FJR4S|18|FJR|0|4
S| |91000000|181000000|NG|CD|0|17500|0|0|220|0|1|710|0|0|0|0|0
S| |91000000|181000000| |VI|0|24200|0|0|0|0|0|0|0|0|0|0|0
S|LUNEL|43689417|4145833|FJR|CF|0|27200|1000|4620|900|0|0|0|0|0|0|0|0
S|FJR|43578361|3974722| |TF|0|0|0|0|0|0|0|0|0|0|0|0|0

P|MARI4N|36|MARRI|0|3
S|D344A|43775603|4414281|FJR|CF|0|35500|2250|5710|100|0|1|710|0|1|0|0|0
S| |91000000|181000000| |CI|2|21600|0|0|0|0|0|0|0|0|0|0|0
S|MARRI|43384722|4474167|MTG|CF|0|17200|2680|26900|2000|0|0|0|0|0|0|0|0

P|MARI4S|18|MARRI|0|2
S| |91000000|181000000| |CA|0|17500|0|0|0|0|1|710|0|0|0|0|0
S|MARRI|43384722|4474167|MTG|CF|0|17200|2680|26900|2200|0|0|0|0|0|0|0|0

P|MEN4A|18|MEN|0|4
S|TW600|43690306|4421167|FJR|CF|0|17500|2060|6880|400|0|0|0|0|1|0|0|0
S|ODADI|43733694|4214306| |TF|2|0|0|0|0|0|0|0|0|0|0|0|0
S|LUMID|44233333|3789167| |TF|0|0|0|0|0|0|0|0|0|0|0|0|0
S|MEN|44608361|3162417| |TF|0|0|0|0|0|0|0|0|0|0|0|0|0

P|MEN4B|36|MEN|0|3
S|NG|43857194|4406278|FJR|CF|0|35400|2520|4620|600|0|0|0|0|0|0|0|0
S|LUMID|44233333|3789167| |TF|0|0|0|0|0|0|0|0|0|0|0|0|0
S|MEN|44608361|3162417| |TF|0|0|0|0|0|0|0|0|0|0|0|0|0

P|MTL4N|36|MTL|0|4
S| |91000000|181000000| |CA|0|35500|0|0|0|0|1|710|0|0|0|0|0
S|NG|43857194|4406278|FJR|CF|0|35500|2520|4720|500|0|0|0|0|0|0|0|0
S|MOLEN|44055278|4512778| |TF|0|0|0|0|0|210|0|0|0|0|0|0|0
S|MTL|44554944|4779861| |TF|0|0|0|0|0|0|0|0|0|0|0|0|0

P|MTL4S|18|MTL|0|4
S| |91000000|181000000|NG|CD|0|17500|0|0|220|0|1|710|0|0|0|0|0
S|NG|43857194|4406278|FJR|CF|2|3000|2520|4620|800|0|0|0|0|0|0|0|0
S|MOLEN|44055278|4512778| |TF|0|0|0|0|0|0|0|0|0|0|0|0|0
S|MTL|44554944|4779861| |TF|0|0|0|0|0|0|0|0|0|0|0|0|0

