P|GOVO1G|12|KOZ|0|6
S| |91000000|181000000| |CA|0|12000|0|0|0|0|1|2570|0|0|0|0|0
S|D147H|40333181|21357172|KAS|CF|0|14700|800|14700|700|0|0|0|0|1|0|0|0
S|KAS|40451022|21275319| |DF|2|0|0|0|0|210|1|9000|0|1|0|0|0
S| |91000000|181000000| |CI|2|15100|0|0|0|0|0|0|0|0|0|0|0
S|GOVOK|40363333|21575833|KAS|CF|0|10600|1470|10580|1000|0|0|0|0|0|0|0|0
S|KOZ|40285133|21840444| |TF|0|0|0|0|0|0|0|0|0|0|0|0|0

P|GOVO1L|30|KOZ|0|5
S| |91000000|181000000| |CA|0|30000|0|0|0|0|1|2570|0|0|0|0|0
S|D296G|40511075|21144203|KAS|CF|0|29600|700|29600|600|0|0|0|0|1|0|0|0
S|KAS|40451022|21275319| |DF|1|0|0|0|0|210|1|9000|0|0|0|0|0
S|GOVOK|40363333|21575833| |TF|0|0|0|0|0|0|0|0|0|0|0|0|0
S|KOZ|40285133|21840444| |TF|0|0|0|0|0|0|0|0|0|0|0|0|0

P|TSL1G|12|TSL|0|5
S| |91000000|181000000| |CA|0|12000|0|0|0|0|1|2570|0|0|0|0|0
S|D147H|40333181|21357172|KAS|CF|0|14700|800|14700|700|0|0|0|0|1|0|0|0
S|KAS|40451022|21275319| |DF|2|0|0|0|0|210|1|9000|0|1|0|0|0
S| |91000000|181000000| |CI|2|13000|0|0|0|0|0|0|0|0|0|0|0
S|TSL|40456808|22991058|KAS|CF|0|8500|7860|8420|7200|0|1|12000|0|0|0|0|0

P|TSL1L|30|TSL|0|5
S| |91000000|181000000| |CA|0|30000|0|0|0|0|1|2570|0|0|0|0|0
S|D296G|40511075|21144203|KAS|CF|0|29600|700|29600|600|0|0|0|0|1|0|0|0
S|KAS|40451022|21275319| |DF|1|0|0|0|0|210|1|9000|0|0|0|0|0
S|D085J|40453172|21493625| |TF|0|0|0|0|0|0|1|12000|0|0|0|0|0
S|TSL|40456808|22991058| |TF|0|0|0|0|0|0|0|0|0|0|0|0|0

P|YNN1G|12|YNN|0|5
S| |91000000|181000000| |CA|0|12000|0|0|0|0|1|2570|0|0|0|0|0
S|D147H|40333181|21357172|KAS|CF|0|14700|800|14700|700|0|0|0|0|1|0|0|0
S|KAS|40451022|21275319| |DF|2|0|0|0|0|210|1|9000|0|1|0|0|0
S| |91000000|181000000| |CI|2|24500|0|0|0|0|0|0|0|0|0|0|0
S|YNN|39700033|20821317|KAS|CF|0|20000|4960|20010|4600|0|1|12000|0|0|0|0|0

P|YNN1L|30|YNN|0|5
S| |91000000|181000000| |CA|0|30000|0|0|0|0|1|2570|0|0|0|0|0
S|D296G|40511075|21144203|KAS|CF|0|29600|700|29600|600|0|0|0|0|1|0|0|0
S|KAS|40451022|21275319| |DF|1|0|0|0|0|210|1|9000|0|1|0|0|0
S| |91000000|181000000| |CI|2|24500|0|0|0|0|0|0|0|0|0|0|0
S|YNN|39700033|20821317|KAS|CF|0|20000|4960|20010|4400|0|1|12000|0|0|0|0|0

