P|NARK4D|22L|NARKA|0|3
S|DC013|47417028|21498583| |DF|0|0|0|0|0|230|0|0|0|1|0|0|0
S|DC012|47348417|21717889| |DF|1|0|0|0|0|250|2|9000|0|0|0|0|0
S|NARKA|47248333|21860000| |TF|0|0|0|0|0|0|1|10000|0|1|0|0|0

P|NARK7D|04R|NARKA|0|3
S|DC008|47533250|21688056| |DF|0|0|0|0|0|230|2|3000|0|1|0|0|0
S|DC009|47380389|21780556| |DF|2|0|0|0|0|250|0|0|0|0|0|0|0
S|NARKA|47248333|21860000| |TF|0|0|0|0|0|0|0|0|0|1|0|0|0

P|PERI4D|22L|PERIT|0|3
S|DC001|47456722|21563028| |DF|0|0|0|0|0|230|0|0|0|1|0|0|0
S|DC008|47533250|21688056| |DF|1|0|0|0|0|0|3|9000|5000|1|0|0|0
S|PERIT|47788333|21622778| |TF|0|0|0|0|0|0|1|10000|0|1|0|0|0

P|PERI7D|04R|PERIT|0|4
S|DC008|47533250|21688056| |DF|0|0|0|0|0|0|2|3000|0|1|0|0|0
S|DC007|47576833|21759611| |TF|0|0|0|0|0|230|0|0|0|1|0|0|0
S|DC008|47533250|21688056| |DF|2|0|0|0|0|0|3|9000|5000|1|0|0|0
S|PERIT|47788333|21622778| |TF|0|0|0|0|0|0|1|10000|0|1|0|0|0

P|VERI4D|22L|VERIG|0|3
S|DC013|47417028|21498583| |DF|0|0|0|0|0|230|0|0|0|1|0|0|0
S|DC014|47299222|21652861| |DF|1|0|0|0|0|250|2|9000|0|1|0|0|0
S|VERIG|47172222|21724722| |TF|0|0|0|0|0|0|3|13000|10000|1|0|0|0

P|VERI7D|04R|VERIG|0|3
S|DC008|47533250|21688056| |DF|0|0|0|0|0|230|2|3000|0|1|0|0|0
S|DC010|47373583|21704389| |DF|2|0|0|0|0|0|0|0|0|0|0|0|0
S|VERIG|47172222|21724722| |TF|0|0|0|0|0|0|3|13000|10000|1|0|0|0

