P|NALO1N|34|NALOX|0|4
S|SM301|46824167|17106500|SVR|CF|0|34000|4170|26610|790|210|1|3000|0|0|0|0|0
S|SM302|46802972|16989167| |TF|0|0|0|0|0|250|1|4700|0|1|0|0|0
S|SM303|46667139|16988444| |TF|0|0|0|0|0|250|1|6800|0|1|0|0|0
S|NALOX|46869722|16820000| |DF|1|0|0|0|0|0|1|10000|0|1|0|0|0

P|NALO1S|16|NALOX|0|5
S|SM601|46548583|17211306|SVR|CF|0|16000|4100|24220|790|210|1|3000|0|0|0|0|0
S|SM602|46527472|17094528| |TF|0|0|0|0|0|250|1|4700|0|0|0|0|0
S|SM603|46645389|16996778| |TF|0|0|0|0|0|250|1|7200|0|1|0|0|0
S|SM604|46813083|16909250| |TF|0|0|0|0|0|250|1|9400|0|0|0|0|0
S|NALOX|46869722|16820000| |TF|0|0|0|0|0|0|1|10000|0|1|0|0|0

P|SUNO1N|34|SUNOR|0|4
S|SM301|46824167|17106500|SVR|CF|0|34000|4170|26610|790|210|1|3000|0|0|0|0|0
S|SM302|46802972|16989167| |TF|0|0|0|0|0|250|1|4700|0|0|0|0|0
S|SM303|46667139|16988444| |TF|0|0|0|0|0|250|1|6800|0|1|0|0|0
S|SUNOR|46479722|17297222| |DF|0|0|0|0|0|0|1|10000|0|1|0|0|0

P|SUNO1S|16|SUNOR|0|4
S|SM601|46548583|17211306|SVR|CF|0|16000|4100|24220|790|210|1|3000|0|0|0|0|0
S|SM602|46527472|17094528| |TF|0|0|0|0|0|250|1|4700|0|0|0|0|0
S|SM603|46645389|16996778| |TF|0|0|0|0|0|250|1|7200|0|1|0|0|0
S|SUNOR|46479722|17297222| |DF|2|0|0|0|0|0|1|10000|0|1|0|0|0

