P|EKTO6M|11L|EKTOL|0|3
S|D110E|41513819|15791058|VIE|CF|0|11000|2660|20200|400|0|0|0|0|1|0|0|0
S| |91000000|181000000| |CI|2|26200|0|0|0|0|0|0|0|0|0|0|0
S|EKTOL|41107778|15171389|MNL|CF|0|21800|3530|21780|2800|0|0|0|0|0|0|0|0

P|EKTO6N|29R|EKTOL|0|3
S|D290B|41561333|15649156|VIE|CF|0|29000|2770|21660|300|0|0|0|0|1|0|0|0
S| |91000000|181000000| |CI|1|17200|0|0|0|0|0|0|0|0|0|0|0
S|EKTOL|41107778|15171389|VIE|CF|0|21800|6240|21560|3000|0|0|0|0|0|0|0|0

P|ERPO6M|11L|ERPOG|0|6
S|D110E|41513819|15791058|VIE|CF|0|11000|2660|20200|400|0|0|0|0|1|0|0|0
S| |91000000|181000000| |CI|2|32500|0|0|0|0|0|0|0|0|0|0|0
S|D290L|41628906|15446078|VIE|CF|0|29000|3200|23400|1200|0|0|0|0|0|0|0|0
S| |91000000|181000000|MNL|CR|2|3500|0|33000|0|0|0|0|0|0|0|0|0
S|MNL39|42153631|15374261|MNL|CF|0|33500|3900|33480|2300|0|1|15000|0|0|0|0|0
S|ERPOG|42478333|15202500| |TF|0|0|0|0|0|0|0|0|0|0|0|0|0

P|ERPO6N|29R|ERPOG|0|4
S|D290L|41628906|15446078|VIE|CF|0|29000|3200|23400|1300|0|0|0|0|1|0|0|0
S| |91000000|181000000|MNL|CR|2|3500|0|33000|0|0|0|0|0|0|0|0|0
S|MNL39|42153631|15374261|VIE|CF|0|33500|3350|29180|2300|0|1|15000|0|0|0|0|0
S|ERPOG|42478333|15202500| |TF|0|0|0|0|0|0|0|0|0|0|0|0|0

P|TOPN6M|11L|TOPNO|0|3
S|D110E|41513819|15791058|VIE|CF|0|11000|2660|20200|400|0|0|0|0|1|0|0|0
S| |91000000|181000000| |CI|0|17800|0|0|0|0|0|0|0|0|0|0|0
S|TOPNO|40951667|16107778|VIE|CF|0|14800|5770|17340|3200|0|0|0|0|0|0|0|0

P|TOPN6N|29R|TOPNO|0|3
S|D290B|41561333|15649156|VIE|CF|0|29000|2770|21660|300|0|0|0|0|1|0|0|0
S| |91000000|181000000| |CI|1|11200|0|0|0|0|0|0|0|0|0|0|0
S|TOPNO|40951667|16107778|MNL|CF|0|14800|4040|14800|3500|0|0|0|0|0|0|0|0

P|UVOK5C|29R|UVOKA|0|3
S|D290B|41561333|15649156|VIE|CF|0|29000|2770|21660|300|0|0|0|0|1|0|0|0
S| |91000000|181000000| |CI|1|7400|0|0|0|0|0|0|0|0|0|0|0
S|UVOKA|41379722|16863611|MNL|CF|0|9700|5390|9640|4800|0|0|0|0|0|0|0|0

P|UVOK6B|11L|UVOKA|0|3
S|D110E|41513819|15791058|VIE|CF|0|11000|2660|20200|400|0|0|0|0|1|0|0|0
S| |91000000|181000000| |VI|0|6700|0|0|0|0|0|0|0|0|0|0|0
S|UVOKA|41379722|16863611|VIE|CF|0|9700|4860|12680|4700|0|0|0|0|0|0|0|0

P|VIE6C|11L|VIE|0|3
S|D110E|41513819|15791058|VIE|CF|0|11000|2660|20200|400|0|0|0|0|1|0|0|0
S|MNL|41547639|15689806| |DF|2|0|0|0|0|0|0|0|0|0|0|0|0
S|VIE|41912778|16049167| |TF|0|0|0|0|0|0|0|0|0|0|0|0|0

P|VIE6D|11L|VIE|0|5
S|D110E|41513819|15791058|VIE|CF|0|11000|2660|20200|400|0|0|0|0|1|0|0|0
S| |91000000|181000000| |VI|0|6700|0|0|0|0|0|0|0|0|0|0|0
S|D097T|41486819|16125983|VIE|CF|0|9700|2580|16830|1300|0|1|7000|0|0|0|0|0
S| |91000000|181000000| |VI|0|700|0|0|0|0|0|0|0|0|0|0|0
S|VIE|41912778|16049167|VIE|CF|0|33700|0|0|2200|0|0|0|0|0|0|0|0

P|VIE6E|29R|VIE|0|3
S|D290D|41574878|15608575|VIE|CF|0|29000|2830|22050|500|0|0|0|0|1|0|0|0
S|MNL|41547639|15689806| |DF|1|0|0|0|0|0|0|0|0|0|0|0|0
S|VIE|41912778|16049167| |TF|0|0|0|0|0|0|0|0|0|0|0|0|0

P|VIE6F|29R|VIE|0|5
S|D290B|41561333|15649156|VIE|CF|0|29000|2770|21660|300|0|0|0|0|1|0|0|0
S| |91000000|181000000| |CI|1|7400|0|0|0|0|0|0|0|0|0|0|0
S|D097T|41486819|16125983|VIE|CF|0|9700|2580|16830|1500|0|1|7000|0|0|0|0|0
S| |91000000|181000000| |VI|1|700|0|0|0|0|0|0|0|0|0|0|0
S|VIE|41912778|16049167|VIE|CF|0|33700|0|0|2200|0|0|0|0|0|0|0|0

