P|BCS5A|32|BCS|0|5
S| |91000000|181000000| |CA|0|32200|0|0|0|0|1|560|0|0|0|0|0
S|D319D|40300575|18078308|LCC|CF|0|31900|400|31900|300|0|1|1500|0|1|0|0|0
S| |91000000|181000000| |CI|0|1000|0|0|0|0|0|0|0|0|0|0|0
S|D338H|40373961|18075922|LCC|CF|0|33800|800|33770|100|0|2|7000|0|0|0|0|0
S|BCS|40658583|17951917| |TF|0|0|0|0|0|0|0|0|0|0|0|0|0

P|BCS5C|14|BCS|0|4
S| |91000000|181000000| |CA|0|14200|0|0|0|0|1|560|0|0|0|0|0
S|D144E|40176567|18188361|LCC|CF|0|14400|500|14400|300|0|1|1500|0|1|0|0|0
S|D338H|40373961|18075922|LCC|CF|1|31200|800|33770|1300|0|2|7000|0|0|0|0|0
S|BCS|40658583|17951917| |TF|0|0|0|0|0|0|0|0|0|0|0|0|0

P|GEMV5A|32|GEMVI|0|6
S| |91000000|181000000| |CA|0|32200|0|0|0|0|1|560|0|0|0|0|0
S|D319D|40300575|18078308|LCC|CF|0|31900|400|31900|300|0|1|1500|0|1|0|0|0
S| |91000000|181000000| |CI|1|15000|0|0|0|0|0|0|0|0|0|0|0
S|D189Y|39840303|18012722|LCC|CF|0|18900|2500|18900|1800|0|2|7000|0|0|0|0|0
S|LCC34|39693744|17970572| |TF|0|0|0|0|0|0|1|10000|0|0|0|0|0
S|GEMVI|39112778|17805278| |TF|0|0|0|0|0|0|0|0|0|0|0|0|0

P|GEMV5B|32|GEMVI|0|10
S| |91000000|181000000| |CA|0|32200|0|0|0|0|1|560|0|0|0|0|0
S|D319D|40300575|18078308|LCC|CF|0|31900|400|31900|300|0|1|1500|0|1|0|0|0
S| |91000000|181000000| |CI|1|19000|0|0|0|0|0|0|0|0|0|0|0
S|D237O|40125661|17845694|LCC|CF|0|23700|1500|23700|700|0|2|7000|0|0|0|0|0
S|D237R|40101247|17788806| |TF|0|0|0|0|0|0|0|0|0|1|0|0|0
S| |91000000|181000000| |CI|0|23700|0|0|0|0|0|0|0|0|0|0|0
S|D198U|39922417|17960328|LCC|AF|1|23700|2100|19790|0|0|0|0|0|1|0|0|0
S| |91000000|181000000| |VI|0|15900|0|0|0|0|0|0|0|0|0|0|0
S|LCC34|39693744|17970572|LCC|CF|0|18900|3400|18860|900|0|1|10000|0|0|0|0|0
S|GEMVI|39112778|17805278| |TF|0|0|0|0|0|0|0|0|0|0|0|0|0

P|GEMV5C|14|GEMVI|0|6
S| |91000000|181000000| |CA|0|14200|0|0|0|0|1|560|0|0|0|0|0
S|D144E|40176567|18188361|LCC|CF|0|14400|500|14400|300|0|1|1500|0|1|0|0|0
S| |91000000|181000000| |CI|0|21900|0|0|0|0|0|0|0|0|0|0|0
S|D189Y|39840303|18012722|LCC|CF|0|18900|2500|18860|1400|0|2|7000|0|0|0|0|0
S|LCC34|39693744|17970572| |TF|0|0|0|0|0|0|1|10000|0|0|0|0|0
S|GEMVI|39112778|17805278| |TF|0|0|0|0|0|0|0|0|0|0|0|0|0

P|GEMV5D|14|GEMVI|0|10
S| |91000000|181000000| |CA|0|14200|0|0|0|0|1|560|0|0|0|0|0
S|D144E|40176567|18188361|LCC|CF|0|14400|500|14400|300|0|1|1500|0|1|0|0|0
S| |91000000|181000000| |CI|2|28000|0|0|0|0|0|0|0|0|0|0|0
S|D237O|40125661|17845694|LCC|CF|0|23700|1500|23700|500|0|2|7000|0|0|0|0|0
S|D237R|40101247|17788806| |TF|0|0|0|0|0|0|0|0|0|1|0|0|0
S| |91000000|181000000| |CI|0|23700|0|0|0|0|0|0|0|0|0|0|0
S|D198U|39922417|17960328|LCC|AF|1|23700|2100|19790|0|0|0|0|0|0|0|0|0
S| |91000000|181000000| |VI|0|16000|0|0|0|0|0|0|0|0|0|0|0
S|LCC34|39693744|17970572|LCC|CF|0|18900|3400|18860|900|0|1|10000|0|0|0|0|0
S|GEMVI|39112778|17805278| |TF|0|0|0|0|0|0|0|0|0|0|0|0|0

P|KAPO5A|32|KAPPO|0|5
S| |91000000|181000000| |CA|0|32200|0|0|0|0|1|560|0|0|0|0|0
S|D319D|40300575|18078308|LCC|CF|0|31900|400|31900|300|0|1|1500|0|1|0|0|0
S| |91000000|181000000| |CI|0|1000|0|0|0|0|0|0|0|0|0|0|0
S|D341H|40376169|18085547|LCC|CF|0|34100|800|34100|100|0|2|7000|0|0|0|0|0
S|KAPPO|40610833|18002778| |TF|0|0|0|0|0|0|1|10000|0|0|0|0|0

P|KAPO5C|14|KAPPO|0|4
S| |91000000|181000000| |CA|0|14200|0|0|0|0|1|560|0|0|0|0|0
S|D144E|40176567|18188361|LCC|CF|0|14400|500|14400|300|0|1|1500|0|1|0|0|0
S|D341H|40376169|18085547|LCC|CF|1|31200|800|34100|1200|0|2|7000|0|0|0|0|0
S|KAPPO|40610833|18002778| |TF|0|0|0|0|0|0|1|10000|0|0|0|0|0

P|LATA5A|32|LATAN|0|7
S| |91000000|181000000| |CA|0|32200|0|0|0|0|1|560|0|0|0|0|0
S|D319D|40300575|18078308|LCC|CF|0|31900|400|31900|300|0|1|1500|0|1|0|0|0
S| |91000000|181000000|LCC|CR|2|14500|0|10200|0|0|0|0|0|0|0|0|0
S| |91000000|181000000| |CI|0|17000|0|0|0|0|0|0|0|0|0|0|0
S|D141Y|39906947|18444342|LCC|CF|0|14100|2500|14060|1500|0|2|7000|0|0|0|0|0
S|LCC40|39702317|18631011| |TF|0|0|0|0|0|0|1|10000|0|0|0|0|0
S|LATAN|39293333|19000000| |TF|0|0|0|0|0|0|0|0|0|0|0|0|0

P|LATA5C|14|LATAN|0|5
S| |91000000|181000000| |CA|0|14200|0|0|0|0|1|560|0|0|0|0|0
S|D144E|40176567|18188361|LCC|CF|0|14400|500|14400|300|0|1|1500|0|0|0|0|0
S|D141Y|39906947|18444342|LCC|CF|0|14100|2500|14060|2000|0|2|7000|0|0|0|0|0
S|LCC40|39702317|18631011| |TF|0|0|0|0|0|0|1|10000|0|0|0|0|0
S|LATAN|39293333|19000000| |TF|0|0|0|0|0|0|0|0|0|0|0|0|0

P|LEUC5A|32|LCC|0|6
S| |91000000|181000000| |CA|0|32200|0|0|0|0|1|560|0|0|0|0|0
S|D319D|40300575|18078308|LCC|CF|0|31900|400|31900|300|0|1|1500|0|1|0|0|0
S| |91000000|181000000| |CI|1|15000|0|0|0|0|0|0|0|0|0|0|0
S|D194Y|39850606|17963564|LCC|CF|0|19400|2500|19400|1900|0|2|7000|0|1|0|0|0
S| |91000000|181000000| |VI|1|2500|0|0|0|0|0|0|0|0|0|0|0
S|LCC|40247306|18130750|LCC|CF|0|35500|0|0|1800|0|0|0|0|0|0|0|0

P|LEUC5C|14|LCC|0|6
S| |91000000|181000000| |CA|0|14200|0|0|0|0|1|560|0|0|0|0|0
S|D144E|40176567|18188361|LCC|CF|0|14400|500|14400|300|0|1|1500|0|1|0|0|0
S| |91000000|181000000| |CI|2|23500|0|0|0|0|0|0|0|0|0|0|0
S|D194Y|39850606|17963564|LCC|CF|0|19400|2500|19400|1500|0|2|7000|0|0|0|0|0
S| |91000000|181000000| |VI|1|4000|0|0|0|0|0|0|0|0|0|0|0
S|LCC|40247306|18130750|LCC|CF|0|35500|0|0|2200|0|0|0|0|0|0|0|0

P|LIMA5A|32|LCC|0|9
S| |91000000|181000000| |CA|0|32200|0|0|0|0|1|560|0|0|0|0|0
S|D319D|40300575|18078308|LCC|CF|0|31900|400|31900|300|0|1|1500|0|1|0|0|0
S| |91000000|181000000| |CI|1|15000|0|0|0|0|0|0|0|0|0|0|0
S|D194R|39961708|18010181|LCC|CF|0|19400|1800|19400|1200|0|0|0|0|1|0|0|0
S| |91000000|181000000| |CI|0|19400|0|0|0|0|0|0|0|0|0|0|0
S|D210U|39956639|17876228|LCC|AF|2|19400|2100|21000|0|0|2|7000|0|0|0|0|0
S|D278U|40319261|17683161|LCC|AF|2|21000|2100|27800|0|0|0|0|0|0|0|0|0
S|D287R|40354314|17764392|LCC|CF|0|10700|1800|28700|300|0|0|0|0|0|0|0|0
S|LCC|40247306|18130750| |TF|0|0|0|0|0|0|0|0|0|0|0|0|0

P|LIMA5C|14|LCC|0|9
S| |91000000|181000000| |CA|0|14200|0|0|0|0|1|560|0|0|0|0|0
S|D144E|40176567|18188361|LCC|CF|0|14400|500|14400|300|0|1|1500|0|1|0|0|0
S| |91000000|181000000| |CI|2|23500|0|0|0|0|0|0|0|0|0|0|0
S|D194R|39961708|18010181|LCC|CF|0|19400|1800|19400|800|0|0|0|0|0|0|0|0
S| |91000000|181000000| |CI|0|19400|0|0|0|0|0|0|0|0|0|0|0
S|D210U|39956639|17876228|LCC|AF|2|19400|2100|21000|0|0|2|7000|0|0|0|0|0
S|D278U|40319261|17683161|LCC|AF|2|21000|2100|27800|0|0|0|0|0|0|0|0|0
S|D287R|40354314|17764392|LCC|CF|0|10700|1800|28700|200|0|0|0|0|0|0|0|0
S|LCC|40247306|18130750| |TF|0|0|0|0|0|0|0|0|0|0|0|0|0

P|ORSO5A|32|ORSOM|0|5
S| |91000000|181000000| |CA|0|32200|0|0|0|0|1|560|0|0|0|0|0
S|D319D|40300575|18078308|LCC|CF|0|31900|400|31900|300|0|1|1500|0|1|0|0|0
S| |91000000|181000000| |CI|2|10000|0|0|0|0|0|0|0|0|0|0|0
S|D060K|40328136|18345819|LCC|CF|0|6000|1100|5980|200|0|0|0|0|0|0|0|0
S|ORSOM|40365833|18446667| |TF|0|0|0|0|0|0|1|10000|0|0|0|0|0

P|ORSO5C|14|ORSOM|0|5
S| |91000000|181000000| |CA|0|14200|0|0|0|0|1|560|0|0|0|0|0
S|D144E|40176567|18188361|LCC|CF|0|14400|500|14400|300|0|1|1500|0|1|0|0|0
S| |91000000|181000000| |CI|1|1500|0|0|0|0|0|0|0|0|0|0|0
S|D060K|40328136|18345819|LCC|CF|0|6000|1100|5980|200|0|0|0|0|0|0|0|0
S|ORSOM|40365833|18446667| |TF|0|0|0|0|0|0|1|10000|0|0|0|0|0

P|SALE5A|32|LCC|0|9
S| |91000000|181000000| |CA|0|32200|0|0|0|0|1|560|0|0|0|0|0
S|D319D|40300575|18078308|LCC|CF|0|31900|400|31900|300|0|1|1500|0|1|0|0|0
S| |91000000|181000000| |CI|1|18000|0|0|0|0|0|0|0|0|0|0|0
S|D237O|40125661|17845694|LCC|CF|0|23700|1500|23700|800|0|2|7000|0|0|0|0|0
S|D237R|40101247|17788806| |TF|0|0|0|0|0|0|0|0|0|1|0|0|0
S| |91000000|181000000| |CI|0|23700|0|0|0|0|0|0|0|0|0|0|0
S|D278U|40319261|17683161|LCC|AF|2|23700|2100|27800|0|0|0|0|0|0|0|0|0
S|D287R|40354314|17764392|LCC|CF|0|10700|1800|28700|300|0|0|0|0|0|0|0|0
S|LCC|40247306|18130750| |TF|0|0|0|0|0|0|0|0|0|0|0|0|0

P|SALE5C|14|LCC|0|9
S| |91000000|181000000| |CA|0|14200|0|0|0|0|1|560|0|0|0|0|0
S|D144E|40176567|18188361|LCC|CF|0|14400|500|14400|300|0|1|1500|0|1|0|0|0
S| |91000000|181000000| |CI|2|28000|0|0|0|0|0|0|0|0|0|0|0
S|D237O|40125661|17845694|LCC|CF|0|23700|1500|23700|600|0|2|7000|0|0|0|0|0
S|D237R|40101247|17788806| |TF|0|0|0|0|0|0|0|0|0|0|0|0|0
S| |91000000|181000000| |CI|0|23700|0|0|0|0|0|0|0|0|0|0|0
S|D278U|40319261|17683161|LCC|AF|2|23700|2100|27800|0|0|0|0|0|0|0|0|0
S|D287R|40354314|17764392|LCC|CF|0|10700|1800|28700|200|0|0|0|0|0|0|0|0
S|LCC|40247306|18130750| |TF|0|0|0|0|0|0|0|0|0|0|0|0|0

P|TAG5A|32|TAG|0|5
S| |91000000|181000000| |CA|0|32200|0|0|0|0|1|560|0|0|0|0|0
S|D319D|40300575|18078308|LCC|CF|0|31900|400|31900|300|0|1|1500|0|1|0|0|0
S| |91000000|181000000| |CI|1|26200|0|0|0|0|0|0|0|0|0|0|0
S|D292T|40390917|17737408|LCC|CF|0|29200|2000|29200|1200|0|2|7000|0|0|0|0|0
S|TAG|40509694|17408000| |TF|0|0|0|0|0|0|0|0|0|0|0|0|0

P|TAG5C|14|TAG|0|5
S| |91000000|181000000| |CA|0|14200|0|0|0|0|1|560|0|0|0|0|0
S|D144E|40176567|18188361|LCC|CF|0|14400|500|14400|300|0|1|1500|0|1|0|0|0
S| |91000000|181000000| |CI|2|32200|0|0|0|0|0|0|0|0|0|0|0
S|D292T|40390917|17737408|LCC|CF|0|29200|2000|29160|1600|0|2|7000|0|0|0|0|0
S|TAG|40509694|17408000| |TF|0|0|0|0|0|0|0|0|0|0|0|0|0

P|TIGR5A|32|TIGRA|0|5
S| |91000000|181000000| |CA|0|32200|0|0|0|0|1|560|0|0|0|0|0
S|D319D|40300575|18078308|LCC|CF|0|31900|400|31900|300|0|1|1500|0|1|0|0|0
S| |91000000|181000000| |CI|2|14500|0|0|0|0|0|0|0|0|0|0|0
S|D102U|40151867|18570244|LCC|CF|0|10200|2100|10170|1600|0|1|10000|0|0|0|0|0
S|TIGRA|40056667|19000000| |TF|0|0|0|0|0|0|0|0|0|0|0|0|0

P|TIGR5C|14|TIGRA|0|5
S| |91000000|181000000| |CA|0|14200|0|0|0|0|1|560|0|0|0|0|0
S|D144E|40176567|18188361|LCC|CF|0|14400|500|14400|300|0|1|1500|0|1|0|0|0
S| |91000000|181000000| |CI|0|10300|0|0|0|0|0|0|0|0|0|0|0
S|D102U|40151867|18570244|LCC|CF|0|7300|2100|10170|900|0|1|10000|0|0|0|0|0
S|TIGRA|40056667|19000000| |TF|0|0|0|0|0|0|0|0|0|0|0|0|0

