P|ASPI6R|04|ASPIR|0|3
S|BP601|42487681|14241425|PES|CF|0|3400|400|3530|400|210|0|0|0|1|0|0|0
S|BP605|42323714|14051397| |DF|2|0|0|0|0|0|1|9000|0|0|0|0|0
S|ASPIR|42188889|13737500| |TF|0|0|0|0|0|0|1|13000|0|0|0|0|0

P|ASPI6S|22|ASPIR|0|6
S|BP611|42382014|14132031|PES|CF|0|21400|400|21170|300|200|0|0|0|1|0|0|0
S|BP612|42413550|14025036| |DF|2|0|0|0|0|200|0|0|0|0|0|0|0
S|BP613|42461642|14098683| |TF|0|0|0|0|0|200|0|0|0|0|0|0|0
S|BP614|42420136|14171422| |TF|0|0|0|0|0|200|1|5000|0|0|0|0|0
S|BP605|42323714|14051397| |TF|2|0|0|0|0|0|1|9000|0|0|0|0|0
S|ASPIR|42188889|13737500| |TF|0|0|0|0|0|0|1|13000|0|0|0|0|0

P|ASPI8F|04|ASPIR|0|5
S| |91000000|181000000| |CA|0|3400|0|0|0|0|1|450|0|0|0|0|0
S|D032D|42490028|14236656|PES|CF|0|3200|400|3160|300|0|1|1000|0|1|0|0|0
S|PES|42435833|14184167| |DF|2|0|0|0|0|210|1|5000|0|0|0|0|0
S|D230K|42326489|13985567| |TF|0|0|0|0|0|0|1|9000|0|0|0|0|0
S|ASPIR|42188889|13737500| |TF|0|0|0|0|0|0|1|13000|0|0|0|0|0

P|ASPI8G|22|ASPIR|0|7
S| |91000000|181000000| |CA|0|21400|0|0|0|0|1|450|0|0|0|0|0
S|D213D|42382558|14130028|PES|CF|0|21300|400|21300|300|0|1|1000|0|1|0|0|0
S|PES|42435833|14184167| |DF|2|0|0|0|0|200|1|2500|0|1|0|0|0
S|D083D|42439286|14274078| |TF|0|0|0|0|0|0|0|0|0|1|0|0|0
S|PES|42435833|14184167| |DF|1|0|0|0|0|0|1|5000|0|0|0|0|0
S|D230K|42326489|13985567| |TF|0|0|0|0|0|0|1|9000|0|0|0|0|0
S|ASPIR|42188889|13737500| |TF|0|0|0|0|0|0|1|13000|0|0|0|0|0

P|ERPO6R|04|ERPOG|0|4
S|BP601|42487681|14241425|PES|CF|0|3400|400|3530|400|0|0|0|0|1|0|0|0
S|BP604|42450892|14517800| |DF|0|0|0|0|0|0|1|5000|0|0|0|0|0
S|BP435|42459686|14723722| |TF|0|0|0|0|0|0|1|9500|0|0|0|0|0
S|ERPOG|42478333|15202500| |TF|0|0|0|0|0|0|1|14000|0|0|0|0|0

P|ERPO6S|22|ERPOG|0|7
S|BP611|42382014|14132031|PES|CF|0|21400|400|21170|300|200|0|0|0|1|0|0|0
S|BP612|42413550|14025036| |DF|2|0|0|0|0|200|0|0|0|0|0|0|0
S|BP613|42461642|14098683| |TF|0|0|0|0|0|200|0|0|0|0|0|0|0
S|BP614|42420136|14171422| |TF|0|0|0|0|0|0|1|5000|0|0|0|0|0
S|BP615|42359000|14278233| |TF|0|0|0|0|0|0|0|0|0|0|0|0|0
S|BP435|42459686|14723722| |TF|0|0|0|0|0|0|1|9500|0|0|0|0|0
S|ERPOG|42478333|15202500| |TF|0|0|0|0|0|0|1|14000|0|0|0|0|0

P|ERPO9F|04|ERPOG|0|6
S| |91000000|181000000| |CA|0|3400|0|0|0|0|1|450|0|0|0|0|0
S|D032D|42490028|14236656|PES|CF|0|3200|400|3160|300|0|1|1000|0|1|0|0|0
S| |91000000|181000000| |CI|0|11800|0|0|0|210|0|0|0|0|0|0|0
S|D083N|42449933|14498736|PES|CF|0|8300|1400|8240|500|0|1|5000|0|0|0|0|0
S|D083X|42459475|14723514| |TF|0|0|0|0|0|0|1|8500|0|0|0|0|0
S|ERPOG|42478333|15202500| |TF|0|0|0|0|0|0|0|0|0|0|0|0|0

P|ERPO9G|22|ERPOG|0|6
S| |91000000|181000000| |CA|0|21400|0|0|0|0|1|450|0|0|0|0|0
S|D213D|42382558|14130028|PES|CF|0|21300|400|21300|300|0|1|1000|0|1|0|0|0
S|PES|42435833|14184167| |DF|2|0|0|0|0|200|1|2500|0|0|0|0|0
S|D083N|42449933|14498736| |TF|0|0|0|0|0|0|1|5000|0|0|0|0|0
S|D083X|42459475|14723514| |TF|0|0|0|0|0|0|1|8500|0|0|0|0|0
S|ERPOG|42478333|15202500| |TF|0|0|0|0|0|0|0|0|0|0|0|0|0

P|INKI6R|04|INKIM|0|3
S|BP601|42487681|14241425|PES|CF|0|3400|400|3530|400|0|0|0|0|1|0|0|0
S|BP602|42714247|14191739| |DF|0|0|0|0|0|0|1|6000|0|0|0|0|0
S|INKIM|42835833|14165278| |TF|0|0|0|0|0|0|0|0|0|0|0|0|0

P|INKI6S|22|INKIM|0|5
S|BP611|42382014|14132031|PES|CF|0|21400|400|21170|300|200|0|0|0|1|0|0|0
S|BP612|42413550|14025036| |DF|2|0|0|0|0|200|0|0|0|0|0|0|0
S|BP616|42489464|14098978| |TF|0|0|0|0|0|0|0|0|0|0|0|0|0
S|BP617|42680611|14135536| |TF|0|0|0|0|0|0|1|6000|0|0|0|0|0
S|INKIM|42835833|14165278| |TF|0|0|0|0|0|0|0|0|0|0|0|0|0

P|INKI9F|04|INKIM|0|5
S| |91000000|181000000| |CA|0|3400|0|0|0|0|1|450|0|0|0|0|0
S|D032D|42490028|14236656|PES|CF|0|3200|400|3160|300|0|1|1000|0|1|0|0|0
S| |91000000|181000000| |CI|0|31800|0|0|0|0|0|0|0|0|0|0|0
S|D354N|42669103|14173181|PES|CF|0|35400|1400|35400|700|0|1|5000|0|0|0|0|0
S|INKIM|42835833|14165278| |TF|0|0|0|0|0|0|0|0|0|0|0|0|0

P|INKI9G|22|INKIM|0|5
S| |91000000|181000000| |CA|0|21400|0|0|0|0|1|450|0|0|0|0|0
S|D213D|42382558|14130028|PES|CF|0|21300|400|21300|300|0|1|1000|0|1|0|0|0
S| |91000000|181000000| |CI|2|4300|0|0|0|200|0|0|0|0|0|0|0
S|D354N|42669103|14173181|PES|CF|0|35400|1400|35400|1100|0|1|5000|0|0|0|0|0
S|INKIM|42835833|14165278| |TF|0|0|0|0|0|0|0|0|0|0|0|0|0

P|OTRE6R|04|OTRET|0|2
S|BP601|42487681|14241425|PES|CF|0|3400|400|3530|400|0|0|0|0|1|0|0|0
S|OTRET|42694444|14026667| |DF|0|0|0|0|0|0|1|9000|0|0|0|0|0

P|OTRE6S|22|OTRET|0|4
S|BP611|42382014|14132031|PES|CF|0|21400|400|21170|300|200|0|0|0|1|0|0|0
S|BP612|42413550|14025036| |DF|2|0|0|0|0|200|0|0|0|0|0|0|0
S|BP616|42489464|14098978| |TF|0|0|0|0|0|0|0|0|0|0|0|0|0
S|OTRET|42694444|14026667| |TF|0|0|0|0|0|0|1|9000|0|0|0|0|0

P|OTRE8G|22|OTRET|0|4
S| |91000000|181000000| |CA|0|21400|0|0|0|0|1|450|0|0|0|0|0
S|D213D|42382558|14130028|PES|CF|0|21300|400|21300|300|0|1|1000|0|0|0|0|0
S| |91000000|181000000|PES|CR|2|4300|0|30700|0|200|0|0|0|0|0|0|0
S|OTRET|42694444|14026667|PES|CF|0|33200|1700|33180|1400|0|1|9000|0|0|0|0|0

P|OTRE8K|04|OTRET|0|4
S| |91000000|181000000| |CA|0|3400|0|0|0|0|1|450|0|0|0|0|0
S|D032D|42490028|14236656|PES|CF|0|3200|400|3160|300|0|1|1000|0|1|0|0|0
S|PES|42435833|14184167| |DF|2|0|0|0|0|210|1|5000|0|0|0|0|0
S|OTRET|42694444|14026667| |TF|0|0|0|0|0|0|1|9000|0|0|0|0|0

P|OTRE9F|04|OTRET|0|4
S| |91000000|181000000| |CA|0|3400|0|0|0|0|1|450|0|0|0|0|0
S|D032D|42490028|14236656|PES|CF|0|3200|400|3160|300|0|1|1000|0|1|0|0|0
S| |91000000|181000000| |CI|1|29800|0|0|0|0|0|0|0|0|0|0|0
S|OTRET|42694444|14026667|PES|CF|0|33200|1700|33180|700|0|1|9000|0|0|0|0|0

P|SUTO6R|04|SUTOB|0|3
S|BP601|42487681|14241425|PES|CF|0|3400|400|3530|400|0|0|0|0|1|0|0|0
S|BP603|42597947|14344022| |TF|0|0|0|0|0|0|1|5000|0|0|0|0|0
S|SUTOB|42766389|14506111| |TF|0|0|0|0|0|0|1|10000|0|0|0|0|0

P|SUTO6S|22|SUTOB|0|5
S|BP611|42382014|14132031|PES|CF|0|21400|400|21170|300|200|0|0|0|1|0|0|0
S|BP612|42413550|14025036| |DF|2|0|0|0|0|200|0|0|0|0|0|0|0
S|BP616|42489464|14098978| |TF|0|0|0|0|0|0|0|0|0|0|0|0|0
S|BP618|42630014|14304872| |TF|0|0|0|0|0|0|1|6000|0|0|0|0|0
S|SUTOB|42766389|14506111| |TF|0|0|0|0|0|0|1|10000|0|0|0|0|0

P|SUTO8F|04|SUTOB|0|3
S| |91000000|181000000| |CA|0|3400|0|0|0|0|1|450|0|0|0|0|0
S|D032D|42490028|14236656|PES|CF|0|3200|400|3160|300|0|1|1000|0|0|0|0|0
S|SUTOB|42766389|14506111| |TF|0|0|0|0|0|0|1|10000|0|0|0|0|0

P|SUTO8G|22|SUTOB|0|4
S| |91000000|181000000| |CA|0|21400|0|0|0|0|1|450|0|0|0|0|0
S|D213D|42382558|14130028|PES|CF|0|21300|400|21300|300|0|1|1000|0|1|0|0|0
S|PES|42435833|14184167| |DF|2|0|0|0|0|200|1|2500|0|0|0|0|0
S|SUTOB|42766389|14506111| |TF|0|0|0|0|0|0|1|10000|0|0|0|0|0

