P|ADUK1A|31L|ADUKA|0|4
S| |91000000|181000000| |CA|0|30600|0|0|0|0|1|600|0|0|0|0|0
S| |91000000|181000000| |CI|0|35000|0|0|0|0|0|0|0|0|0|0|0
S|KAPIL|38356111|12125833|TRP|CF|0|32500|3310|32450|3000|0|1|10000|0|0|0|0|0
S|ADUKA|38562222|11950833| |TF|0|0|0|0|0|0|0|0|0|0|0|0|0

P|ADUK1B|13R|ADUKA|0|4
S| |91000000|181000000| |CA|0|12600|0|0|0|0|1|800|0|0|0|0|0
S| |91000000|181000000| |CI|2|1000|0|0|0|0|0|0|0|0|0|0|0
S|KAPIL|38356111|12125833|TRP|CF|0|32500|3310|32450|3000|0|1|10000|0|0|0|0|0
S|ADUKA|38562222|11950833| |TF|0|0|0|0|0|0|0|0|0|0|0|0|0

P|GIAN1G|31L|GIANO|0|7
S| |91000000|181000000| |CA|0|30600|0|0|0|0|1|600|0|0|0|0|0
S| |91000000|181000000| |CI|0|35000|0|0|0|0|0|0|0|0|0|0|0
S|D330K|38057978|12404217|PAL|CF|0|33000|3670|27050|700|0|1|3500|0|1|0|0|0
S| |91000000|181000000| |CI|0|3500|0|0|0|0|0|0|0|0|0|0|0
S|TRP32|38429144|12477533|PAL|CF|0|35500|4070|30380|1700|0|0|0|0|0|0|0|0
S|MUSKY|38577778|12467500| |TF|0|0|0|0|0|0|0|0|0|0|0|0|0
S|GIANO|38869167|12447500| |TF|0|0|0|0|0|0|1|10000|0|0|0|0|0

P|GIAN1H|13R|GIANO|0|7
S| |91000000|181000000| |CA|0|12600|0|0|0|0|1|800|0|0|0|0|0
S| |91000000|181000000| |CI|2|1000|0|0|0|0|0|0|0|0|0|0|0
S|D330K|38057978|12404217|PAL|CF|0|33000|3670|27050|800|0|1|3500|0|1|0|0|0
S| |91000000|181000000| |CI|0|3500|0|0|0|0|0|0|0|0|0|0|0
S|TRP32|38429144|12477533|PAL|CF|0|35500|4070|30380|1700|0|0|0|0|0|0|0|0
S|MUSKY|38577778|12467500| |TF|0|0|0|0|0|0|0|0|0|0|0|0|0
S|GIANO|38869167|12447500| |TF|0|0|0|0|0|0|1|10000|0|0|0|0|0

P|KAPI1A|31L|KAPIL|0|3
S| |91000000|181000000| |CA|0|30600|0|0|0|0|1|600|0|0|0|0|0
S| |91000000|181000000| |CI|0|35000|0|0|0|0|0|0|0|0|0|0|0
S|KAPIL|38356111|12125833|TRP|CF|0|32500|3310|32450|3000|0|1|10000|0|0|0|0|0

P|KAPI1B|13R|KAPIL|0|3
S| |91000000|181000000| |CA|0|12600|0|0|0|0|1|800|0|0|0|0|0
S| |91000000|181000000| |CI|2|1000|0|0|0|0|0|0|0|0|0|0|0
S|KAPIL|38356111|12125833|TRP|CF|0|32500|3310|32450|3000|0|1|10000|0|0|0|0|0

P|MEGA1G|31L|MEGAN|0|7
S| |91000000|181000000| |CA|0|30600|0|0|0|0|1|600|0|0|0|0|0
S| |91000000|181000000| |CI|0|35000|0|0|0|0|0|0|0|0|0|0|0
S|D330K|38057978|12404217|PAL|CF|0|33000|3670|27050|700|0|1|3500|0|0|0|0|0
S|D330P|38131581|12354522| |TF|0|0|0|0|0|0|1|4500|0|1|0|0|0
S|D291J|37960942|12319394| |DF|1|0|0|0|0|0|1|7500|0|0|0|0|0
S| |91000000|181000000| |VI|0|19700|0|0|0|0|0|0|0|0|0|0|0
S|MEGAN|37538056|11996111|TRP|CF|0|22700|3260|22860|1500|0|0|0|0|0|0|0|0

P|MEGA1H|13R|MEGAN|0|7
S| |91000000|181000000| |CA|0|12600|0|0|0|0|1|800|0|0|0|0|0
S| |91000000|181000000| |CI|2|1000|0|0|0|0|0|0|0|0|0|0|0
S|D330K|38057978|12404217|PAL|CF|0|33000|3670|27050|800|0|1|3500|0|0|0|0|0
S|D330P|38131581|12354522| |TF|0|0|0|0|0|0|1|4500|0|1|0|0|0
S|D291J|37960942|12319394| |DF|1|0|0|0|0|0|1|7500|0|0|0|0|0
S| |91000000|181000000| |VI|0|19700|0|0|0|0|0|0|0|0|0|0|0
S|MEGAN|37538056|11996111|TRP|CF|0|22700|3270|22710|1500|0|0|0|0|0|0|0|0

P|MEGA5E|13R|MEGAN|0|7
S| |91000000|181000000| |CA|0|12600|0|0|0|0|1|800|0|0|0|0|0
S|EKTOR|37745000|12765000|PAL|CF|0|12600|2600|22670|1500|0|1|4000|0|0|0|0|0
S| |91000000|181000000| |CI|0|12600|0|0|0|0|0|0|0|0|0|0|0
S|D200Q|37632886|12379575|TRP|AF|2|12600|1700|20000|0|0|1|10000|0|0|0|0|0
S|D217Q|37675308|12288594|TRP|AF|2|20000|1700|21700|0|0|0|0|0|0|0|0|0
S| |91000000|181000000| |VI|0|25700|0|0|0|0|0|0|0|0|0|0|0
S|MEGAN|37538056|11996111|TRP|CF|0|22700|3260|22700|1400|0|0|0|0|0|0|0|0

P|PAL1D|13R|PAL|0|3
S| |91000000|181000000| |CA|0|12600|0|0|0|0|1|800|0|0|0|0|0
S|DIKOB|37694444|12848611|TRP|CF|0|12600|2000|12500|2000|0|1|9000|0|1|0|0|0
S|PAL|38033583|13177444|PAL|CF|1|3200|0|0|2400|0|0|0|0|0|0|0|0

P|PAL1G|31L|PAL|0|6
S| |91000000|181000000| |CA|0|30600|0|0|0|0|1|600|0|0|0|0|0
S| |91000000|181000000| |CI|0|35000|0|0|0|0|0|0|0|0|0|0|0
S|D330K|38057978|12404217|PAL|CF|0|33000|3670|27050|700|0|1|3500|0|0|0|0|0
S| |91000000|181000000| |VI|0|5500|0|0|0|0|0|0|0|0|0|0|0
S|D280Z|38122550|12640294|PAL|CF|0|10000|2600|28000|800|0|1|9000|0|0|0|0|0
S|PAL|38033583|13177444| |TF|0|0|0|0|0|0|0|0|0|0|0|0|0

P|PAL1H|13R|PAL|0|6
S| |91000000|181000000| |CA|0|12600|0|0|0|0|1|800|0|0|0|0|0
S| |91000000|181000000| |CI|2|1000|0|0|0|0|0|0|0|0|0|0|0
S|D330K|38057978|12404217|PAL|CF|0|33000|3670|27050|800|0|1|3500|0|0|0|0|0
S| |91000000|181000000| |VI|0|5500|0|0|0|0|0|0|0|0|0|0|0
S|D280Z|38122550|12640294|PAL|CF|0|10000|2600|28000|800|0|1|9000|0|0|0|0|0
S|PAL|38033583|13177444| |TF|0|0|0|0|0|0|0|0|0|0|0|0|0

P|PRS1A|31L|PRS|0|6
S| |91000000|181000000| |CA|0|30600|0|0|0|0|1|600|0|0|0|0|0
S| |91000000|181000000| |CI|0|35000|0|0|0|0|0|0|0|0|0|0|0
S|D330K|38057978|12404217|PAL|CF|0|33000|3670|27050|700|0|1|3500|0|0|0|0|0
S| |91000000|181000000| |VI|0|4000|0|0|0|0|0|0|0|0|0|0|0
S|D265U|38149261|12637128|PRS|CF|0|8500|2100|26500|1000|0|1|8000|0|0|0|0|0
S|PRS|38172056|13079889| |TF|0|0|0|0|0|0|0|0|0|0|0|0|0

P|PRS1B|13R|PRS|0|6
S| |91000000|181000000| |CA|0|12600|0|0|0|0|1|800|0|0|0|0|0
S| |91000000|181000000| |CI|2|1000|0|0|0|0|0|0|0|0|0|0|0
S|D330K|38057978|12404217|PAL|CF|0|33000|3670|27050|800|0|1|3500|0|0|0|0|0
S| |91000000|181000000| |VI|0|4000|0|0|0|0|0|0|0|0|0|0|0
S|D265U|38149261|12637128|PRS|CF|0|8500|2100|26440|1000|0|1|8000|0|0|0|0|0
S|PRS|38172056|13079889| |TF|0|0|0|0|0|0|0|0|0|0|0|0|0

