P|ATNE7K|05|ATNET|0|3
S| |91000000|181000000| |CA|0|5300|0|0|0|0|1|420|0|0|0|0|0
S|EO603|40985350|9681139| |DF|0|0|0|0|0|230|1|3500|0|0|0|0|0
S|ATNET|40765278|10135556| |TF|0|0|0|0|0|0|1|9500|0|0|0|0|0

P|ATNE8Q|23|ATNET|0|8
S| |91000000|181000000| |CA|0|23300|0|0|0|0|1|440|0|0|0|0|0
S|EO630|40820472|9368611| |DF|0|0|0|0|0|0|1|3000|0|0|0|0|0
S|EO631|40762611|9258806| |TF|0|0|0|0|0|0|1|5000|0|0|0|0|0
S|EO634|40600722|9321056| |TF|0|0|0|0|0|0|1|7000|0|0|0|0|0
S|UNBID|40584444|9527500| |TF|0|0|0|0|0|0|0|0|0|0|0|0|0
S|EO635|40668333|9720556| |TF|0|0|0|0|0|0|1|9000|0|0|0|0|0
S|SUKUN|40750556|9911111| |TF|0|0|0|0|0|0|0|0|0|0|0|0|0
S|ATNET|40765278|10135556| |TF|0|0|0|0|0|0|1|9500|0|0|0|0|0

P|BATO6K|05|BATOX|0|3
S| |91000000|181000000| |CA|0|5300|0|0|0|0|1|420|0|0|0|0|0
S|EO603|40985350|9681139| |DF|0|0|0|0|0|230|1|3500|0|0|0|0|0
S|BATOX|41212778|10156389| |TF|0|0|0|0|0|0|1|9500|0|0|0|0|0

P|BATO7A|05|BATOX|0|3
S| |91000000|181000000|SME|CD|0|5300|0|0|1000|0|1|3600|0|0|0|0|0
S|SME31|41177753|10068528|SME|CF|0|5300|3100|5300|2100|0|1|8500|0|0|0|0|0
S|BATOX|41212778|10156389| |TF|0|0|0|0|0|0|0|0|0|0|0|0|0

P|BATO7B|23|BATOX|0|5
S| |91000000|181000000| |CA|0|23300|0|0|0|0|1|440|0|0|0|0|0
S|SME|40890056|9501278|SME|FD|0|24100|0|0|1500|0|1|5700|0|0|0|0|0
S|SME|40890056|9501278|SME|CF|1|4100|0|0|1500|0|0|0|0|0|0|0|0
S|SME31|41177753|10068528| |TF|0|0|0|0|0|0|1|8500|0|0|0|0|0
S|BATOX|41212778|10156389| |TF|0|6500|0|0|500|0|0|0|0|0|0|0|0

P|BATO8Q|23|BATOX|0|5
S| |91000000|181000000| |CA|0|23300|0|0|0|0|1|440|0|0|0|0|0
S|EO630|40820472|9368611| |DF|0|0|0|0|0|220|1|3000|0|0|0|0|0
S|EO633|41032778|9232028| |TF|2|0|0|0|0|0|1|6000|0|0|0|0|0
S|TUBTU|41179444|9512500| |TF|0|0|0|0|0|0|1|9000|0|0|0|0|0
S|BATOX|41212778|10156389| |TF|0|0|0|0|0|0|1|9500|0|0|0|0|0

P|INDU7K|05|INDUM|0|6
S| |91000000|181000000| |CA|0|5300|0|0|0|0|1|420|0|0|0|0|0
S|EO603|40985350|9681139| |DF|0|0|0|0|0|230|1|3500|0|0|0|0|0
S|TUKLU|41080833|9595278| |TF|0|0|0|0|0|0|0|0|0|0|0|0|0
S|EO620|41224694|9331306| |TF|0|0|0|0|0|0|1|8000|0|0|0|0|0
S|EO621|41159583|9202972| |TF|0|0|0|0|0|0|0|0|0|0|0|0|0
S|INDUM|40979722|8851389| |TF|0|0|0|0|0|0|1|9500|0|0|0|0|0

P|INDU8Q|23|INDUM|0|6
S| |91000000|181000000| |CA|0|23300|0|0|0|0|1|440|0|0|0|0|0
S|EO630|40820472|9368611| |DF|0|0|0|0|0|0|1|3000|0|0|0|0|0
S|EO631|40762611|9258806| |TF|0|0|0|0|0|0|1|5000|0|0|0|0|0
S|EO632|40787833|9080806| |TF|0|0|0|0|0|0|1|7000|0|0|0|0|0
S|EO422|40847278|9009889| |TF|0|0|0|0|0|0|0|0|0|0|0|0|0
S|INDUM|40979722|8851389| |TF|0|0|0|0|0|0|1|9500|0|0|0|0|0

P|KOLU8A|05|KOLUS|0|5
S| |91000000|181000000|SME|CD|0|5300|0|0|1000|0|1|3600|0|0|0|0|0
S| |91000000|181000000| |VI|1|23500|0|0|0|0|0|0|0|0|0|0|0
S|D010E|40971300|9526025|SME|CF|0|19000|500|1000|200|0|1|5000|0|0|0|0|0
S|SME|40890056|9501278| |TF|0|0|0|0|0|0|1|6000|0|0|0|0|0
S|KOLUS|40718056|9441111| |TF|0|0|0|0|0|0|1|10000|0|0|0|0|0

P|KOLU8B|23|KOLUS|0|4
S| |91000000|181000000| |CA|0|23300|0|0|0|0|1|440|0|0|0|0|0
S|SME|40890056|9501278|SME|FD|0|24100|0|0|1500|0|1|5700|0|0|0|0|0
S|D221E|40830047|9425017|SME|CF|1|4100|500|22100|1000|0|0|0|0|1|0|0|0
S|KOLUS|40718056|9441111|SME|CF|2|19200|1070|19190|600|0|1|10000|0|0|0|0|0

P|LABO6B|05|LABOM|0|5
S| |91000000|181000000|SME|CD|0|5300|0|0|1000|0|1|3600|0|0|0|0|0
S| |91000000|181000000| |CI|0|5300|0|0|0|0|0|0|0|0|0|0|0
S|D101L|40841356|9756967|SME|AF|2|5300|1200|10100|0|0|1|6000|0|0|0|0|0
S|D175L|40690047|9510453|SME|AF|2|10100|1200|17500|0|0|1|10000|0|0|0|0|0
S|LABOM|40382222|9404444|SME|CF|0|18600|3080|18530|1800|0|0|0|0|0|0|0|0

P|LABO6D|23|LABOM|0|6
S| |91000000|181000000| |CA|0|23300|0|0|0|0|1|440|0|0|0|0|0
S|SME|40890056|9501278|SME|FD|0|24100|0|0|1500|0|1|5700|0|0|0|0|0
S| |91000000|181000000| |CI|0|24100|0|0|0|0|0|0|0|0|0|0|0
S|D192Q|40616158|9404981|SME|AF|1|24100|1700|19200|0|0|0|0|0|1|0|0|0
S|D186T|40559978|9438167|SME|CF|0|18600|2000|18530|300|0|1|10000|0|0|0|0|0
S|LABOM|40382222|9404444| |TF|0|0|0|0|0|0|0|0|0|0|0|0|0

P|LABO7A|05|LABOM|0|6
S| |91000000|181000000|SME|CD|0|5300|0|0|1000|0|1|3600|0|0|0|0|0
S| |91000000|181000000| |VI|1|23500|0|0|0|0|0|0|0|0|0|0|0
S|D010E|40971300|9526025|SME|CF|0|19000|500|1000|200|0|1|5000|0|0|0|0|0
S|SME|40890056|9501278| |TF|0|0|0|0|0|0|1|6000|0|0|0|0|0
S|D186L|40692014|9463336| |TF|0|0|0|0|0|0|1|10000|0|0|0|0|0
S|LABOM|40382222|9404444| |TF|0|0|0|0|0|0|0|0|0|0|0|0|0

P|LABO7C|23|LABOM|0|5
S| |91000000|181000000| |CA|0|23300|0|0|0|0|1|440|0|0|0|0|0
S|SME|40890056|9501278|SME|FD|0|24100|0|0|1500|0|1|5700|0|0|0|0|0
S|D221E|40830047|9425017|SME|CF|1|4100|500|22100|1000|0|0|0|0|1|0|0|0
S|D186T|40559978|9438167|SME|CF|2|18600|2000|18530|1500|0|1|10000|0|0|0|0|0
S|LABOM|40382222|9404444| |TF|0|0|0|0|0|0|0|0|0|0|0|0|0

P|LABO7K|05|LABOM|0|6
S| |91000000|181000000| |CA|0|5300|0|0|0|0|1|420|0|0|0|0|0
S|EO603|40985350|9681139| |DF|0|0|0|0|0|230|1|3500|0|0|0|0|0
S|EO622|40823889|9839694| |TF|0|0|0|0|0|0|1|6000|0|0|0|0|0
S|VAGVU|40595278|9763056| |TF|0|0|0|0|0|0|0|0|0|0|0|0|0
S|EO623|40492889|9590306| |TF|0|0|0|0|0|0|1|11000|0|0|0|0|0
S|LABOM|40382222|9404444| |TF|0|0|0|0|0|0|0|0|0|0|0|0|0

P|LABO8Q|23|LABOM|0|5
S| |91000000|181000000| |CA|0|23300|0|0|0|0|1|440|0|0|0|0|0
S|EO630|40820472|9368611| |DF|0|0|0|0|0|0|1|3000|0|0|0|0|0
S|EO631|40762611|9258806| |TF|0|0|0|0|0|0|1|5000|0|0|0|0|0
S|EO634|40600722|9321056| |TF|0|0|0|0|0|0|1|7000|0|0|0|0|0
S|LABOM|40382222|9404444| |TF|0|0|0|0|0|0|1|10500|0|0|0|0|0

P|MINK6A|05|MINKA|0|5
S| |91000000|181000000|SME|CD|0|5300|0|0|1000|0|1|3600|0|0|0|0|0
S| |91000000|181000000| |VI|1|23500|0|0|0|0|0|0|0|0|0|0|0
S|D010E|40971300|9526025|SME|CF|0|19000|500|1000|200|0|1|5000|0|0|0|0|0
S|SME|40890056|9501278| |TF|0|0|0|0|0|0|1|6000|0|0|0|0|0
S|MINKA|40819167|8855556| |TF|0|0|0|0|0|0|1|9000|0|0|0|0|0

P|MINK6B|23|MINKA|0|4
S| |91000000|181000000| |CA|0|23300|0|0|0|0|1|440|0|0|0|0|0
S|SME|40890056|9501278|SME|FD|0|24100|0|0|1500|0|1|6000|0|0|0|0|0
S| |91000000|181000000| |VI|0|28900|0|0|0|0|0|0|0|0|0|0|0
S|MINKA|40819167|8855556|SME|CF|0|25900|2970|25900|700|0|1|9000|0|0|0|0|0

P|OKIV7K|05|OKIVA|0|5
S| |91000000|181000000| |CA|0|5300|0|0|0|0|1|420|0|0|0|0|0
S|EO603|40985350|9681139| |DF|0|0|0|0|0|230|1|3500|0|0|0|0|0
S|TUKLU|41080833|9595278| |TF|0|0|0|0|0|0|1|5000|0|0|0|0|0
S|EO620|41224694|9331306| |TF|0|0|0|0|0|0|1|8000|0|0|0|0|0
S|OKIVA|41333333|9106389| |TF|0|0|0|0|0|0|1|8500|0|0|0|0|0

P|OKIV8Q|23|OKIVA|0|4
S| |91000000|181000000| |CA|0|23300|0|0|0|0|1|440|0|0|0|0|0
S|EO630|40820472|9368611| |DF|0|0|0|0|0|220|1|3000|0|0|0|0|0
S|EO633|41032778|9232028| |TF|2|0|0|0|0|0|1|6000|0|0|0|0|0
S|OKIVA|41333333|9106389| |TF|0|0|0|0|0|0|1|8500|0|0|0|0|0

P|OLBE6K|05|OLBEK|0|3
S| |91000000|181000000| |CA|0|5300|0|0|0|0|1|420|0|0|0|0|0
S|EO603|40985350|9681139| |DF|0|0|0|0|0|230|1|3500|0|0|0|0|0
S|OLBEK|41258889|9853889| |TF|0|0|0|0|0|0|1|9500|0|0|0|0|0

P|OLBE7A|05|OLBEK|0|3
S| |91000000|181000000|SME|CD|0|5300|0|0|1000|0|1|3600|0|0|0|0|0
S| |91000000|181000000| |VI|0|300|0|0|0|0|0|0|0|0|0|0|0
S|OLBEK|41258889|9853889|SME|CF|0|3300|2730|3280|1100|0|1|10000|0|0|0|0|0

P|OLBE7B|23|OLBEK|0|4
S| |91000000|181000000| |CA|0|23300|0|0|0|0|1|440|0|0|0|0|0
S|SME|40890056|9501278|SME|FD|0|24100|0|0|1500|0|1|5700|0|0|0|0|0
S|SME|40890056|9501278|SME|CF|1|4100|0|0|1500|0|0|0|0|0|0|0|0
S|OLBEK|41258889|9853889| |TF|0|0|0|0|0|0|1|10000|0|0|0|0|0

P|OLBE8Q|23|OLBEK|0|5
S| |91000000|181000000| |CA|0|23300|0|0|0|0|1|440|0|0|0|0|0
S|EO630|40820472|9368611| |DF|0|0|0|0|0|220|1|3000|0|0|0|0|0
S|EO633|41032778|9232028| |TF|2|0|0|0|0|0|1|6000|0|0|0|0|0
S|TUBTU|41179444|9512500| |TF|0|0|0|0|0|0|1|9000|0|0|0|0|0
S|OLBEK|41258889|9853889| |TF|0|0|0|0|0|0|1|9500|0|0|0|0|0

P|POZO6D|05|POZZO|0|5
S| |91000000|181000000|SME|CD|0|5300|0|0|1000|0|1|3600|0|0|0|0|0
S| |91000000|181000000| |VI|1|23500|0|0|0|0|0|0|0|0|0|0|0
S|D010C|40938803|9516117|SME|CF|0|19000|300|1000|400|0|1|5500|0|0|0|0|0
S| |91000000|181000000| |VI|0|25500|0|0|0|0|0|0|0|0|0|0|0
S|POZZO|40945833|9266389|SME|CF|0|28500|1120|28450|800|0|1|8500|0|0|0|0|0

P|POZO8A|05|POZZO|0|4
S| |91000000|181000000|SME|CD|0|5300|0|0|1000|0|1|3600|0|0|0|0|0
S| |91000000|181000000| |VI|1|27500|0|0|0|0|0|0|0|0|0|0|0
S|D339G|41002522|9453036|SME|CF|0|24500|750|33900|800|0|1|6000|0|0|0|0|0
S|POZZO|40945833|9266389| |TF|0|0|0|0|0|0|1|8500|0|0|0|0|0

P|POZO8B|23|POZZO|0|5
S| |91000000|181000000| |CA|0|23300|0|0|0|0|1|440|0|0|0|0|0
S|SME|40890056|9501278|SME|FD|0|24100|0|0|1500|0|1|5700|0|0|0|0|0
S|D221E|40830047|9425017|SME|CF|1|4100|500|22100|1000|0|0|0|0|0|0|0|0
S| |91000000|181000000| |VI|0|31500|0|0|0|0|0|0|0|0|0|0|0
S|POZZO|40945833|9266389|SME|CF|0|28500|1120|28450|600|0|1|8500|0|0|0|0|0

P|SUKU6B|05|SUKUN|0|5
S| |91000000|181000000|SME|CD|0|5300|0|0|1000|0|1|3600|0|0|0|0|0
S| |91000000|181000000| |CI|0|5300|0|0|0|0|0|0|0|0|0|0|0
S|D101L|40841356|9756967|SME|AF|2|5300|1200|10100|0|0|1|6000|0|0|0|0|0
S| |91000000|181000000| |VI|0|14200|0|0|0|0|0|0|0|0|0|0|0
S|SUKUN|40750556|9911111|SME|CF|0|11200|2050|11100|700|0|1|10000|0|0|0|0|0

P|SUKU6K|05|SUKUN|0|4
S| |91000000|181000000| |CA|0|5300|0|0|0|0|1|420|0|0|0|0|0
S|EO603|40985350|9681139| |DF|0|0|0|0|0|230|1|3500|0|0|0|0|0
S|EO622|40823889|9839694| |TF|0|0|0|0|0|0|1|6000|0|0|0|0|0
S|SUKUN|40750556|9911111| |TF|0|0|0|0|0|0|1|9500|0|0|0|0|0

P|SUKU7A|05|SUKUN|0|5
S| |91000000|181000000|SME|CD|0|5300|0|0|1000|0|1|3600|0|0|0|0|0
S| |91000000|181000000| |VI|1|23500|0|0|0|0|0|0|0|0|0|0|0
S|D010E|40971300|9526025|SME|CF|0|19000|500|1000|200|0|1|5000|0|0|0|0|0
S| |91000000|181000000| |VI|0|14200|0|0|0|0|0|0|0|0|0|0|0
S|SUKUN|40750556|9911111|SME|CF|0|11200|2050|11100|1500|0|1|10000|0|0|0|0|0

P|SUKU7C|23|SUKUN|0|5
S| |91000000|181000000| |CA|0|23300|0|0|0|0|1|440|0|0|0|0|0
S|SME|40890056|9501278|SME|FD|0|24100|0|0|1500|0|1|5700|0|0|0|0|0
S|D221E|40830047|9425017|SME|CF|1|4100|500|22100|1000|0|0|0|0|0|0|0|0
S| |91000000|181000000| |VI|0|8200|0|0|0|0|0|0|0|0|0|0|0
S|SUKUN|40750556|9911111|SME|CF|0|11200|2050|11100|1500|0|1|10000|0|0|0|0|0

P|SUKU8D|23|SUKUN|0|4
S| |91000000|181000000| |CA|0|23300|0|0|0|0|1|440|0|0|0|0|0
S|SME|40890056|9501278|SME|FD|0|24100|0|0|1500|0|1|5700|0|0|0|0|0
S|KOLUS|40718056|9441111|SME|CF|1|8100|1070|19190|1000|0|1|8500|0|0|0|0|0
S|SUKUN|40750556|9911111| |TF|0|0|0|0|0|0|1|10000|0|0|0|0|0

P|SUKU8Q|23|SUKUN|0|7
S| |91000000|181000000| |CA|0|23300|0|0|0|0|1|440|0|0|0|0|0
S|EO630|40820472|9368611| |DF|0|0|0|0|0|0|1|3000|0|0|0|0|0
S|EO631|40762611|9258806| |TF|0|0|0|0|0|0|1|5000|0|0|0|0|0
S|EO634|40600722|9321056| |TF|0|0|0|0|0|0|1|7000|0|0|0|0|0
S|UNBID|40584444|9527500| |TF|0|0|0|0|0|0|0|0|0|0|0|0|0
S|EO635|40668333|9720556| |TF|0|0|0|0|0|0|1|9000|0|0|0|0|0
S|SUKUN|40750556|9911111| |TF|0|0|0|0|0|0|1|9500|0|0|0|0|0

P|SUTA7K|05|SUTAD|0|7
S| |91000000|181000000| |CA|0|5300|0|0|0|0|1|420|0|0|0|0|0
S|EO603|40985350|9681139| |DF|0|0|0|0|0|230|1|3500|0|0|0|0|0
S|EO622|40823889|9839694| |TF|0|0|0|0|0|0|1|6000|0|0|0|0|0
S|VAGVU|40595278|9763056| |TF|0|0|0|0|0|0|0|0|0|0|0|0|0
S|EO623|40492889|9590306| |TF|0|0|0|0|0|0|0|0|0|0|0|0|0
S|EO468|40507361|9315889| |TF|0|0|0|0|0|0|0|0|0|0|0|0|0
S|SUTAD|40596111|8968333| |TF|0|0|0|0|0|0|1|9500|0|0|0|0|0

P|SUTA8Q|23|SUTAD|0|4
S| |91000000|181000000| |CA|0|23300|0|0|0|0|1|440|0|0|0|0|0
S|EO630|40820472|9368611| |DF|0|0|0|0|0|0|1|3000|0|0|0|0|0
S|EO631|40762611|9258806| |TF|0|0|0|0|0|0|1|5000|0|0|0|0|0
S|SUTAD|40596111|8968333| |TF|0|0|0|0|0|0|1|9500|0|0|0|0|0

P|TERE7A|05|TEREZ|0|5
S| |91000000|181000000|SME|CD|0|5300|0|0|1000|0|1|3600|0|0|0|0|0
S| |91000000|181000000| |VI|1|27500|0|0|0|0|0|0|0|0|0|0|0
S|D339G|41002522|9453036|SME|CF|0|24500|750|33900|800|0|1|6000|0|0|0|0|0
S|ALG52|40956133|9300206| |TF|0|0|0|0|0|0|1|8500|0|1|0|0|0
S|TEREZ|41333333|9037000|AJO|CF|0|33300|2880|15370|2500|0|3|14000|11000|0|0|0|0

P|TERE7B|23|TEREZ|0|5
S| |91000000|181000000| |CA|0|23300|0|0|0|0|1|440|0|0|0|0|0
S|SME|40890056|9501278|SME|FD|0|24100|0|0|1500|0|1|5700|0|0|0|0|0
S|D221K|40757969|9333686|SME|CF|1|4100|1100|22100|500|0|0|0|0|1|0|0|0
S|POZZO|40945833|9266389|SME|CF|0|33300|1120|28450|1100|0|1|8500|0|0|0|0|0
S|TEREZ|41333333|9037000| |TF|0|0|0|0|0|0|3|14000|11000|0|0|0|0

P|TERE7D|05|TEREZ|0|7
S| |91000000|181000000|SME|CD|0|5300|0|0|1000|0|1|3600|0|0|0|0|0
S| |91000000|181000000| |VI|1|23500|0|0|0|0|0|0|0|0|0|0|0
S|D010C|40938803|9516117|SME|CF|0|19000|300|1000|400|0|1|5500|0|0|0|0|0
S| |91000000|181000000| |VI|0|25500|0|0|0|0|0|0|0|0|0|0|0
S|D285H|40928556|9339400|SME|CF|0|28500|770|28450|500|0|1|8500|0|1|0|0|0
S| |91000000|181000000| |VI|0|30300|0|0|0|0|0|0|0|0|0|0|0
S|TEREZ|41333333|9037000|SME|CF|0|33300|3390|31880|2400|0|3|14000|11000|0|0|0|0

P|TERE7K|05|TEREZ|0|5
S| |91000000|181000000| |CA|0|5300|0|0|0|0|1|420|0|0|0|0|0
S|EO603|40985350|9681139| |DF|0|0|0|0|0|230|1|3500|0|0|0|0|0
S|TUKLU|41080833|9595278| |TF|0|0|0|0|0|0|1|5000|0|0|0|0|0
S|EO620|41224694|9331306| |TF|0|0|0|0|0|0|1|8000|0|0|0|0|0
S|TEREZ|41333333|9037000| |TF|0|0|0|0|0|0|1|8500|0|0|0|0|0

P|TERE8Q|23|TEREZ|0|4
S| |91000000|181000000| |CA|0|23300|0|0|0|0|1|440|0|0|0|0|0
S|EO630|40820472|9368611| |DF|0|0|0|0|0|220|1|3000|0|0|0|0|0
S|EO633|41032778|9232028| |TF|2|0|0|0|0|0|1|6000|0|0|0|0|0
S|TEREZ|41333333|9037000| |TF|0|0|0|0|0|0|1|8500|0|0|0|0|0

P|VAVA7A|05|VAVAX|0|5
S| |91000000|181000000|SME|CD|0|5300|0|0|1000|0|1|3600|0|0|0|0|0
S| |91000000|181000000| |VI|1|23500|0|0|0|0|0|0|0|0|0|0|0
S|D010E|40971300|9526025|SME|CF|0|19000|500|1000|200|0|1|5000|0|0|0|0|0
S|SME|40890056|9501278| |TF|0|0|0|0|0|0|1|6000|0|0|0|0|0
S|VAVAX|40656944|9543889| |TF|0|0|0|0|0|0|1|10000|0|0|0|0|0

P|VAVA7B|23|VAVAX|0|4
S| |91000000|181000000| |CA|0|23300|0|0|0|0|1|440|0|0|0|0|0
S|SME|40890056|9501278|SME|FD|0|24100|0|0|1500|0|1|5700|0|0|0|0|0
S|D221E|40830047|9425017|SME|CF|1|4100|500|22100|1000|0|0|0|0|1|0|0|0
S|VAVAX|40656944|9543889|SME|CF|2|16900|1410|16910|1000|0|1|10000|0|0|0|0|0

