P|CORT5G|30|CORTE|0|8
S| |91000000|181000000| |CA|0|29700|0|0|0|0|1|860|0|0|0|0|0
S| |91000000|181000000| |CA|0|32000|0|0|0|0|1|1500|0|0|0|0|0
S| |91000000|181000000| |VI|0|400|0|0|0|0|0|0|0|0|0|0|0
S|GH27A|45162278|9762686|GHE|CF|0|4900|2700|22900|700|0|0|0|0|0|0|0|0
S| |91000000|181000000| |CI|0|4900|0|0|0|0|0|0|0|0|0|0|0
S|D195Y|45044025|10082261|GHE|AF|1|22900|2500|19500|0|0|1|6000|0|0|0|0|0
S|D142Y|45098622|10601253|GHE|AF|1|19500|2500|14200|0|0|1|8000|0|0|0|0|0
S|CORTE|44993889|10818611|GHE|CF|0|13600|3570|13550|1100|0|0|0|0|0|0|0|0

P|CORT5H|12|CORTE|0|7
S| |91000000|181000000| |VA|0|11700|0|0|0|0|1|1500|0|0|0|0|0
S| |91000000|181000000| |VI|0|7000|0|0|0|0|0|0|0|0|0|0|0
S|GH27B|45042725|9965903|GHE|CF|0|2500|2700|20500|1000|0|0|0|0|0|0|0|0
S| |91000000|181000000| |CI|0|2500|0|0|0|0|0|0|0|0|0|0|0
S|D195Y|45044025|10082261|GHE|AF|1|20500|2500|19500|0|0|1|6000|0|0|0|0|0
S|D142Y|45098622|10601253|GHE|AF|1|19500|2500|14200|0|0|1|8000|0|0|0|0|0
S|CORTE|44993889|10818611|GHE|CF|0|13600|3570|13550|1100|0|0|0|0|0|0|0|0

P|CORT5Q|30|CORTE|0|5
S| |91000000|181000000| |CA|0|29700|0|0|0|0|1|860|0|0|0|0|0
S| |91000000|181000000|PIA|CD|0|32000|0|0|300|0|0|0|0|0|0|0|0
S| |91000000|181000000| |CI|2|12000|0|0|0|0|0|0|0|0|0|0|0
S|D082M|44939806|10024211|PIA|CF|0|8200|1300|8200|700|0|1|8000|0|0|0|0|0
S|CORTE|44993889|10818611| |TF|0|0|0|0|0|0|0|0|0|0|0|0|0

P|CORT5V|12|CORTE|0|4
S| |91000000|181000000|PIA|VD|0|11700|0|0|300|0|0|0|0|0|0|0|0
S| |91000000|181000000| |CI|1|2500|0|0|0|0|0|0|0|0|0|0|0
S|D082M|44939806|10024211|PIA|CF|0|8200|1300|8200|800|0|1|8000|0|0|0|0|0
S|CORTE|44993889|10818611| |TF|0|0|0|0|0|0|0|0|0|0|0|0|0

P|GEN6Q|30|GEN|0|5
S| |91000000|181000000| |CA|0|29700|0|0|0|0|1|860|0|0|0|0|0
S| |91000000|181000000|PIA|CD|0|32000|0|0|500|0|0|0|0|0|0|0|0
S| |91000000|181000000|PIA|CR|1|14000|0|24000|0|0|1|5000|0|0|0|0|0
S|D221J|44795581|9561339|GEN|CF|0|22100|3030|3950|600|0|1|10000|0|0|0|0|0
S|GEN|44424444|9082333| |TF|0|0|0|0|0|0|0|0|0|0|0|0|0

P|GEN6V|12|GEN|0|5
S| |91000000|181000000|PIA|VD|0|11700|0|0|300|0|0|0|0|0|0|0|0
S|PIA|44917667|9720833| |DF|1|0|0|0|0|0|1|3000|0|0|0|0|0
S|D221E|44856653|9641000| |TF|0|0|0|0|0|0|1|6000|0|0|0|0|0
S|D221J|44795581|9561339| |TF|0|0|0|0|0|0|1|10000|0|0|0|0|0
S|GEN|44424444|9082333| |TF|0|0|0|0|0|0|0|0|0|0|0|0|0

P|KALM6Q|30|KALMO|0|6
S| |91000000|181000000| |CA|0|29700|0|0|0|0|1|860|0|0|0|0|0
S| |91000000|181000000|PIA|CD|0|32000|0|0|500|0|0|0|0|0|0|0|0
S| |91000000|181000000|PIA|CR|1|14000|0|24000|0|0|1|5000|0|0|0|0|0
S| |91000000|181000000| |CI|0|14000|0|0|0|0|0|0|0|0|0|0|0
S|D187L|44719958|9678522|GEN|CF|0|18700|3110|5210|700|0|1|10000|0|0|0|0|0
S|KALMO|44321667|9594167| |TF|0|0|0|0|0|0|0|0|0|0|0|0|0

P|KALM6V|12|KALMO|0|5
S| |91000000|181000000|PIA|VD|0|11700|0|0|300|0|0|0|0|0|0|0|0
S|PIA|44917667|9720833| |DF|1|0|0|0|0|0|1|3000|0|0|0|0|0
S|D187E|44835289|9703167| |TF|0|0|0|0|0|0|1|6000|0|0|0|0|0
S|D187L|44719958|9678522| |TF|0|0|0|0|0|0|1|10000|0|0|0|0|0
S|KALMO|44321667|9594167| |TF|0|0|0|0|0|0|0|0|0|0|0|0|0

P|LUPO5T|30|LUPOS|0|4
S| |91000000|181000000| |CA|0|29700|0|0|0|0|1|860|0|0|0|0|0
S| |91000000|181000000|PIA|CD|0|32000|0|0|300|0|0|0|0|0|0|0|0
S| |91000000|181000000| |CI|2|15000|0|0|0|0|0|0|0|0|0|0|0
S|LUPOS|44504722|10581389|PIA|CF|0|12100|4440|12160|3800|0|0|0|0|0|0|0|0

P|LUPO5U|12|LUPOS|0|3
S| |91000000|181000000| |VA|0|11700|0|0|0|0|1|860|0|0|0|0|0
S| |91000000|181000000| |VI|0|15100|0|0|0|0|0|0|0|0|0|0|0
S|LUPOS|44504722|10581389|PIA|CF|0|12100|4440|12160|4200|0|0|0|0|0|0|0|0

P|VOG5Q|30|VOG|0|4
S| |91000000|181000000| |CA|0|29700|0|0|0|0|1|860|0|0|0|0|0
S| |91000000|181000000|PIA|CD|0|32000|0|0|500|0|0|0|0|0|0|0|0
S| |91000000|181000000| |CI|0|25000|0|0|0|0|0|0|0|0|0|0|0
S|VOG|44964583|8970194|VOG|CF|0|27400|0|0|1800|0|0|0|0|0|0|0|0

P|VOG5V|12|VOG|0|3
S| |91000000|181000000|PIA|VD|0|11700|0|0|300|0|0|0|0|0|0|0|0
S|PIA|44917667|9720833| |DF|1|0|0|0|0|0|1|3000|0|0|0|0|0
S|VOG|44964583|8970194| |TF|0|0|0|0|0|0|0|0|0|0|0|0|0

