P|GOLF1|13R|K|0|7
S| |91000000|181000000|GHE|CD|0|13200|0|0|300|0|0|0|0|0|0|0|0
S| |91000000|181000000|GHE|CR|2|27000|0|18000|0|325|1|2500|0|0|0|0|0
S|GHE|45440389|10263861| |DF|2|0|0|0|0|0|0|0|0|0|0|0|0
S|VIL|45407889|10906250| |TF|0|0|0|0|0|0|0|0|0|0|0|0|0
S|VIL|45407889|10906250| |IF|0|0|0|0|0|0|0|0|0|0|0|0|0
S|LORIS|45080000|11180000| |TF|0|0|0|0|0|0|0|0|0|0|0|0|0
S|K|44904167|11321111| |TF|0|0|0|0|0|0|0|0|0|0|0|0|0

P|GOLF1|31L|K|0|7
S| |91000000|181000000|GHE|CD|0|31200|0|0|200|0|0|0|0|0|0|0|0
S| |91000000|181000000|GHE|CR|1|7500|0|23000|0|325|1|3500|0|0|0|0|0
S| |91000000|181000000| |CI|0|7500|0|0|0|0|0|0|0|0|0|0|0
S|VIL|45407889|10906250|VIL|CF|0|9100|0|0|2300|0|0|0|0|0|0|0|0
S|VIL|45407889|10906250| |IF|0|0|0|0|0|0|0|0|0|0|0|0|0
S|LORIS|45080000|11180000| |TF|0|0|0|0|0|0|0|0|0|0|0|0|0
S|K|44904167|11321111| |TF|0|0|0|0|0|0|0|0|0|0|0|0|0

P|GOLF3|13R|ROZHU|0|4
S| |91000000|181000000|GHE|CD|0|13200|0|0|300|0|0|0|0|0|0|0|0
S|LOSVE|44825833|10986944|GHE|CF|0|13700|4800|13700|4500|0|0|0|0|0|0|0|0
S|LOSVE|44825833|10986944| |IF|0|0|0|0|0|0|0|0|0|0|0|0|0
S|ROZHU|44722778|11106111| |TF|0|0|0|0|0|0|0|0|0|0|0|0|0

P|GOLF3|31L|ROZHU|0|6
S| |91000000|181000000|GHE|CD|0|31200|0|0|200|0|0|0|0|0|0|0|0
S| |91000000|181000000|GHE|CR|1|10000|0|23000|0|325|1|3500|0|0|0|0|0
S| |91000000|181000000| |CI|0|10000|0|0|0|0|0|0|0|0|0|0|0
S|LOSVE|44825833|10986944|GHE|CF|0|13700|4800|13700|4500|0|0|0|0|0|0|0|0
S|LOSVE|44825833|10986944| |IF|0|0|0|0|0|0|0|0|0|0|0|0|0
S|ROZHU|44722778|11106111| |TF|0|0|0|0|0|0|0|0|0|0|0|0|0

P|GOLF4|13R|BRAV1|0|6
S| |91000000|181000000| |CA|0|13300|0|0|0|0|1|740|0|0|0|0|0
S| |91000000|181000000|GHE|CD|0|13700|0|0|300|0|0|0|0|0|0|0|0
S| |91000000|181000000| |CI|0|21000|0|0|0|0|0|0|0|0|0|0|0
S|ADNOB|45093306|10327111|GHE|CF|0|17000|2100|16960|1500|0|0|0|0|0|0|0|0
S|ADNOB|45093306|10327111| |IF|0|0|0|0|0|0|0|0|0|0|0|0|0
S|BRAV1|44911250|10568667| |TF|0|0|0|0|0|0|0|0|0|0|0|0|0

P|GOLF4|31L|BRAV1|0|5
S| |91000000|181000000|GHE|CD|0|31300|0|0|200|0|0|0|0|0|0|0|0
S| |91000000|181000000| |CI|1|15000|0|0|0|0|0|0|0|0|0|0|0
S|ADNOB|45093306|10327111|GHE|CF|0|17000|2100|16960|900|0|0|0|0|0|0|0|0
S|ADNOB|45093306|10327111| |IF|0|0|0|0|0|0|0|0|0|0|0|0|0
S|BRAV1|44911250|10568667| |TF|0|0|0|0|0|0|0|0|0|0|0|0|0

P|ROZH5A|31R|ROZHU|0|5
S| |91000000|181000000|GHE|CD|0|31200|0|0|200|0|0|0|0|0|0|0|0
S| |91000000|181000000|GHE|CR|1|10000|0|23000|0|0|1|3500|0|0|0|0|0
S| |91000000|181000000| |CI|0|10000|0|0|0|0|0|0|0|0|0|0|0
S|LOSVE|44825833|10986944|GHE|CF|0|13700|4800|13700|4500|0|0|0|0|0|0|0|0
S|ROZHU|44722778|11106111| |TF|0|0|0|0|0|0|0|0|0|0|0|0|0

P|ROZH5B|13L|ROZHU|0|3
S| |91000000|181000000|GHE|CD|0|13200|0|0|300|0|0|0|0|0|0|0|0
S|LOSVE|44825833|10986944|GHE|CF|0|13700|4800|13700|4500|0|0|0|0|0|0|0|0
S|ROZHU|44722778|11106111| |TF|0|0|0|0|0|0|0|0|0|0|0|0|0

