P|AGUF6B|22|AGGUF|0|5
S|DER22|45385578|10873806| |DF|0|0|0|0|0|0|0|0|0|1|0|0|0
S| |91000000|181000000|VIL|CD|0|24400|0|0|650|0|1|2000|0|0|0|0|0
S| |91000000|181000000|VIL|CR|1|8900|0|14000|0|250|1|5500|0|0|0|0|0
S| |91000000|181000000| |VI|0|12300|0|0|0|0|0|0|0|0|0|0|0
S|AGGUF|45076667|11170000|BOA|CF|0|16800|3280|34800|1000|0|1|9500|0|0|0|0|0

P|AGUF7A|04|AGGUF|0|5
S|DER04|45407642|10905897| |DF|0|0|0|0|0|0|0|0|0|1|0|0|0
S| |91000000|181000000| |CA|0|4200|0|0|0|0|1|750|0|0|0|0|0
S| |91000000|181000000| |CI|2|13500|0|0|0|250|0|0|0|0|0|0|0
S|BOA45|45277614|11124514|BOA|CF|0|16800|4500|34800|300|0|1|5500|0|0|0|0|0
S|AGGUF|45076667|11170000| |TF|0|0|0|0|0|0|1|11000|0|0|0|0|0

P|ECVA8A|04|ECVAZ|0|4
S|DER04|45407642|10905897|VIL|FA|0|4300|0|22220|0|250|1|750|0|0|0|0|0
S| |91000000|181000000| |VI|2|14300|0|0|0|250|0|0|0|0|0|0|0
S|PX501|45320464|11161586|VIL|CF|0|11300|1200|11280|600|250|1|6000|0|0|0|0|0
S|ECVAZ|45189167|11280556| |TF|0|0|0|0|0|0|1|9500|0|0|0|0|0

P|ITEF6B|22|ITEFE|0|4
S|DER22|45385578|10873806| |DF|0|0|0|0|0|0|0|0|0|1|0|0|0
S| |91000000|181000000|VIL|CD|0|24400|0|0|650|0|1|2000|0|0|0|0|0
S| |91000000|181000000|VIL|CR|1|8900|0|14000|0|250|1|5500|0|0|0|0|0
S|ITEFE|45117778|11255833|VIC|CF|0|13700|3590|20690|1400|0|1|9500|0|0|0|0|0

P|ITEF7A|04|ITEFE|0|5
S|DER04|45407642|10905897| |DF|0|0|0|0|0|0|0|0|0|1|0|0|0
S| |91000000|181000000| |CA|0|4200|0|0|0|0|1|750|0|0|0|0|0
S| |91000000|181000000| |CI|2|17100|0|0|0|250|0|0|0|0|0|0|0
S|D137L|45255731|11090206|VIL|CF|0|13700|1200|13650|600|0|1|5500|0|0|0|0|0
S|ITEFE|45117778|11255833| |TF|0|0|0|0|0|0|1|9500|0|0|0|0|0

P|LEGL7G|04|LEGLO|0|5
S|DER04|45407642|10905897|VIL|FA|0|4300|0|22220|0|250|1|750|0|0|0|0|0
S|PX522|45327275|11070458| |DF|2|0|0|0|0|250|1|4000|0|0|0|0|0
S|PX511|45244178|10806100| |TF|0|0|0|0|0|0|1|5500|0|0|0|0|0
S|PX512|45031817|10515253| |TF|0|0|0|0|0|0|1|9000|0|0|0|0|0
S|LEGLO|45650278|9769444| |TF|2|0|0|0|0|0|1|11000|0|0|0|0|0

P|LEGL8S|04|LEGLO|0|5
S|DER04|45407642|10905897| |DF|0|0|0|0|0|0|0|0|0|1|0|0|0
S| |91000000|181000000| |CA|0|4200|0|0|0|0|1|750|0|0|0|0|0
S| |91000000|181000000| |CI|2|24400|0|0|0|250|0|0|0|0|0|0|0
S|BRL31|45494289|10371900|BRL|CF|0|28700|3100|10700|2700|0|1|6000|0|0|0|0|0
S|LEGLO|45650278|9769444| |TF|0|0|0|0|0|0|1|11000|0|0|0|0|0

P|LEGL8U|22|LEGLO|0|4
S|DER22|45385578|10873806| |DF|0|0|0|0|0|0|0|0|0|1|0|0|0
S| |91000000|181000000|VIL|CD|0|24400|0|0|650|0|1|2000|0|0|0|0|0
S|BRL31|45494289|10371900|BRL|CF|0|28700|3100|10700|2200|250|1|6000|0|0|0|0|0
S|LEGLO|45650278|9769444| |TF|0|0|0|0|0|0|1|11000|0|0|0|0|0

P|OSBU6M|04|OSBUL|0|4
S|DER04|45407642|10905897| |DF|0|0|0|0|0|0|0|0|0|1|0|0|0
S| |91000000|181000000| |CA|0|4200|0|0|0|0|1|750|0|0|0|0|0
S| |91000000|181000000| |CI|2|24400|0|0|0|250|0|0|0|0|0|0|0
S|OSBUL|44822222|10293333|VIL|CF|0|21400|4370|21380|3900|0|1|9000|0|0|0|0|0

P|OSBU6W|22|OSBUL|0|4
S|DER22|45385578|10873806| |DF|0|0|0|0|0|0|0|0|0|1|0|0|0
S| |91000000|181000000|VIL|CD|0|24400|0|0|650|0|1|2000|0|0|0|0|0
S| |91000000|181000000| |CI|0|18400|0|0|0|250|0|0|0|0|0|0|0
S|OSBUL|44822222|10293333|VIC|CF|0|21400|7640|22770|3000|0|1|9000|0|0|0|0|0

P|OSBU7G|04|OSBUL|0|5
S|DER04|45407642|10905897|VIL|FA|0|4300|0|22220|0|250|1|750|0|0|0|0|0
S|PX522|45327275|11070458| |DF|2|0|0|0|0|250|1|4000|0|0|0|0|0
S|PX511|45244178|10806100| |TF|0|0|0|0|0|0|1|5500|0|0|0|0|0
S|PX512|45031817|10515253| |TF|0|0|0|0|0|0|1|9000|0|0|0|0|0
S|OSBUL|44822222|10293333| |TF|0|0|0|0|0|0|1|9000|0|0|0|0|0

P|OTZO6B|22|OTZOM|0|6
S|DER22|45385578|10873806| |DF|0|0|0|0|0|0|0|0|0|1|0|0|0
S|DER22|45385578|10873806|VIL|FA|0|22200|190|22270|0|0|1|620|0|0|0|0|0
S|PX509|45346061|10780753|VIL|CF|0|24400|650|23210|500|250|1|2000|0|1|0|0|0
S|PX503|45335964|11116508| |DF|1|0|0|0|0|250|1|6000|0|0|0|0|0
S|PX507|45460550|11075333| |TF|0|0|0|0|0|0|0|0|0|0|0|0|0
S|OTZOM|45503056|11121389| |TF|0|0|0|0|0|0|1|9500|0|0|0|0|0

P|OTZO7A|04|OTZOM|0|4
S|DER04|45407642|10905897|VIL|FA|0|4300|0|22220|0|250|1|750|0|0|0|0|0
S| |91000000|181000000| |VI|2|14300|0|0|0|250|0|0|0|0|0|0|0
S|PX501|45320464|11161586|VIL|CF|0|11300|1200|11280|600|250|1|6000|0|1|0|0|0
S|OTZOM|45503056|11121389| |DF|1|0|0|0|0|0|1|9500|0|0|0|0|0

P|OTZO7C|04|OTZOM|0|3
S|DER04|45407642|10905897|VIL|FA|0|4300|0|22220|0|220|1|750|0|0|0|0|0
S|PX506|45356997|11051758| |DF|2|0|0|0|0|220|1|4000|0|1|0|0|0
S|OTZOM|45503056|11121389| |DF|2|0|0|0|0|220|1|9500|0|0|0|0|0

P|TUVD6B|04|TUVDE|0|4
S|DER04|45407642|10905897| |DF|0|0|0|0|0|0|0|0|0|1|0|0|0
S| |91000000|181000000| |CA|0|4200|0|0|0|0|1|750|0|0|0|0|0
S| |91000000|181000000| |CI|2|15300|0|0|0|250|0|0|0|0|0|0|0
S|TUVDE|45304167|11208889|VIL|CF|0|11300|1420|11280|900|0|1|8500|0|0|0|0|0

P|TUVD6C|22|TUVDE|0|5
S|DER22|45385578|10873806| |DF|0|0|0|0|0|0|0|0|0|1|0|0|0
S| |91000000|181000000|VIL|CD|0|24400|0|0|650|0|1|2000|0|0|0|0|0
S| |91000000|181000000| |CI|1|6600|0|0|0|250|0|0|0|0|0|0|0
S|PX503|45335964|11116508|VIL|CF|0|11300|990|11280|300|0|1|5000|0|0|0|0|0
S|TUVDE|45304167|11208889|VIL|CF|0|11300|1420|11280|430|0|1|8500|0|0|0|0|0

P|TUVD7A|04|TUVDE|0|4
S|DER04|45407642|10905897|VIL|FA|0|4300|0|22220|0|250|1|750|0|0|0|0|0
S| |91000000|181000000| |VI|2|14300|0|0|0|250|0|0|0|0|0|0|0
S|PX501|45320464|11161586|VIL|CF|0|11300|1200|11280|600|250|0|0|0|0|0|0|0
S|TUVDE|45304167|11208889| |TF|0|0|0|0|0|0|1|8500|0|0|0|0|0

P|UPCA7A|04|UPCAL|0|4
S|DER04|45407642|10905897|VIL|FA|0|4300|0|22220|0|250|1|750|0|0|0|0|0
S| |91000000|181000000| |VI|2|14300|0|0|0|250|0|0|0|0|0|0|0
S|PX501|45320464|11161586|VIL|CF|0|11300|1200|11280|600|250|1|6000|0|0|0|0|0
S|UPCAL|45082778|11201111| |TF|0|0|0|0|0|0|1|11000|0|0|0|0|0

P|UVNI1G|04|UVNIB|0|5
S|DER04|45407642|10905897|VIL|FA|0|4300|0|22220|0|250|1|750|0|0|0|0|0
S|PX522|45327275|11070458| |DF|2|0|0|0|0|250|1|4000|0|0|0|0|0
S|PX511|45244178|10806100| |TF|0|0|0|0|0|0|1|5500|0|0|0|0|0
S|PX512|45031817|10515253| |TF|0|0|0|0|0|0|1|9000|0|0|0|0|0
S|UVNIB|45226389|9541111| |TF|0|0|0|0|0|0|1|9000|0|0|0|0|0

