P|BIDM1H|04|BIDMA|0|5
S| |91000000|181000000|FAL|CD|0|4100|0|0|700|0|1|1200|0|0|0|0|0
S| |91000000|181000000|FAL|CD|0|4100|0|0|1100|0|1|2900|0|0|0|0|0
S|D039C|43623006|13518058|ANC|CF|2|21900|300|3900|300|220|1|5000|0|0|0|0|0
S| |91000000|181000000| |VI|0|25100|0|0|0|220|0|0|0|0|0|0|0
S|BIDMA|43661931|13071364|ANC|CF|0|28100|1800|28070|1600|0|1|9500|0|0|0|0|0

P|BIDM5L|22|BIDMA|0|4
S| |91000000|181000000| |CA|0|22300|0|0|0|210|1|450|0|0|0|0|0
S|PY651|43519194|13224011|ANC|CF|0|22300|1150|24560|700|210|1|4000|0|1|0|0|0
S|PY657|43609314|13127747| |DF|2|0|0|0|0|210|0|0|0|0|0|0|0
S|BIDMA|43661931|13071364| |TF|0|0|0|0|0|0|1|9500|0|0|0|0|0

P|BIDM6F|04|BIDMA|0|6
S| |91000000|181000000| |CA|0|4100|0|0|0|210|1|429|0|0|0|0|0
S|PY631|43661408|13424181|ANC|CF|0|4100|490|33160|300|210|0|0|0|1|0|0|0
S|PY641|43800561|13398975| |DF|1|0|0|0|0|210|1|4500|0|0|0|0|0
S|PY639|43762186|13293675| |TF|1|0|0|0|0|230|1|6000|0|0|0|0|0
S|PY603|43698692|13160147| |TF|0|0|0|0|0|0|1|9500|0|0|0|0|0
S|BIDMA|43661931|13071364| |TF|0|0|0|0|0|0|1|9500|0|0|0|0|0

P|BIDM7J|22|BIDMA|0|3
S| |91000000|181000000|IFA|CD|0|22100|0|0|700|0|1|2800|0|0|0|0|0
S| |91000000|181000000| |CI|2|33000|0|0|0|220|0|0|0|0|0|0|0
S|BIDMA|43661931|13071364|ANC|CF|0|28100|1800|28070|400|0|1|9500|0|0|0|0|0

P|BIDM8M|04|BIDMA|0|2
S| |91000000|181000000|FAL|CD|0|4100|0|0|700|0|1|1200|0|0|0|0|0
S|BIDMA|43661931|13071364|ANC|CF|1|25400|1800|28070|1400|210|1|9500|0|0|0|0|0

P|BIDM9K|22|BIDMA|0|4
S| |91000000|181000000|IFA|CD|0|22100|0|0|700|0|1|2500|0|0|0|0|0
S| |91000000|181000000| |VI|1|6300|0|0|0|220|0|0|0|0|0|0|0
S|D213C|43546497|13429733|ANC|CF|0|3300|300|21300|300|0|1|5000|0|1|0|0|0
S|BIDMA|43661931|13071364|ANC|CF|1|28100|1800|28070|1500|220|1|9500|0|0|0|0|0

P|ERLI5F|04|ERLIT|0|6
S| |91000000|181000000| |CA|0|4100|0|0|0|210|1|429|0|0|0|0|0
S|PY631|43661408|13424181|ANC|CF|0|4100|490|33160|300|210|0|0|0|1|0|0|0
S|PY633|43632642|13555500| |DF|2|0|0|0|0|210|1|4000|0|0|0|0|0
S|PY637|43537022|13531550| |TF|0|0|0|0|0|230|0|0|0|0|0|0|0
S|PY638|43478786|13392631| |TF|0|0|0|0|0|0|1|9500|0|0|0|0|0
S|ERLIT|43383725|13167303| |TF|0|0|0|0|0|0|1|9500|0|0|0|0|0

P|ERLI5L|22|ERLIT|0|3
S| |91000000|181000000| |CA|0|22300|0|0|0|210|1|450|0|0|0|0|0
S|PY651|43519194|13224011|ANC|CF|0|22300|1150|24560|700|210|1|4500|0|0|0|0|0
S|ERLIT|43383725|13167303| |TF|0|0|0|0|0|0|1|9500|0|0|0|0|0

P|ERLI7J|22|ERLIT|0|3
S| |91000000|181000000|IFA|CD|0|22100|0|0|700|0|1|3400|0|0|0|0|0
S|D224O|43417567|13217794|ANC|CF|0|18600|1500|22360|800|220|1|8000|0|0|0|0|0
S|ERLIT|43383725|13167303| |TF|0|0|0|0|0|0|1|9500|0|0|0|0|0

P|ERLI8H|04|ERLIT|0|6
S| |91000000|181000000|FAL|CD|0|4100|0|0|700|0|1|1200|0|0|0|0|0
S| |91000000|181000000|FAL|CD|0|4100|0|0|1100|0|1|2900|0|0|0|0|0
S|D039C|43623006|13518058|ANC|CF|2|21900|300|3900|300|220|1|5000|0|0|0|0|0
S|ANC|43586444|13471111| |TF|0|0|0|0|0|0|0|0|0|0|0|0|0
S|D224O|43417567|13217794| |TF|0|0|0|0|0|0|1|9500|0|0|0|0|0
S|ERLIT|43383725|13167303| |TF|0|0|0|0|0|0|0|0|0|0|0|0|0

P|ERLI8K|22|ERLIT|0|7
S| |91000000|181000000|IFA|CD|0|22100|0|0|700|0|1|2500|0|0|0|0|0
S| |91000000|181000000| |VI|1|6300|0|0|0|220|0|0|0|0|0|0|0
S|D213C|43546497|13429733|ANC|CF|0|3300|300|21300|300|0|1|5000|0|0|0|0|0
S|ANC|43586444|13471111| |TF|0|0|0|0|0|0|0|0|0|1|0|0|0
S| |91000000|181000000| |CI|1|19400|0|0|0|0|0|0|0|0|0|0|0
S|D224O|43417567|13217794|ANC|CF|0|22400|1500|22360|900|0|1|8000|0|0|0|0|0
S|ERLIT|43383725|13167303| |TF|0|0|0|0|0|0|1|9500|0|0|0|0|0

P|GERB5F|04|GERBU|0|5
S| |91000000|181000000| |CA|0|4100|0|0|0|210|1|429|0|0|0|0|0
S|PY631|43661408|13424181|ANC|CF|0|4100|490|33160|300|210|0|0|0|1|0|0|0
S|PY633|43632642|13555500| |DF|2|0|0|0|0|210|1|4000|0|0|0|0|0
S|PY637|43537022|13531550| |TF|0|0|0|0|0|230|0|0|0|0|0|0|0
S|GERBU|43344044|13623878| |TF|0|0|0|0|0|0|1|9500|0|0|0|0|0

P|GERB5L|22|GERBU|0|5
S| |91000000|181000000| |CA|0|22300|0|0|0|210|1|450|0|0|0|0|0
S|PY651|43519194|13224011|ANC|CF|0|22300|1150|24560|700|210|1|4000|0|0|0|0|0
S|PY652|43354528|13441228| |TF|1|0|0|0|0|240|0|0|0|0|0|0|0
S|PY656|43348289|13550542| |TF|0|0|0|0|0|0|1|9500|0|0|0|0|0
S|GERBU|43344044|13623878| |TF|0|0|0|0|0|0|1|9500|0|0|0|0|0

P|GERB8J|22|GERBU|0|4
S| |91000000|181000000|IFA|CD|0|22100|0|0|700|0|1|2500|0|0|0|0|0
S| |91000000|181000000| |VI|1|6300|0|0|0|220|0|0|0|0|0|0|0
S|D213C|43546497|13429733|ANC|CF|0|3300|300|21300|300|0|1|5000|0|1|0|0|0
S|GERBU|43344044|13623878|ANC|CF|2|15200|1600|15130|1300|220|1|9500|0|0|0|0|0

P|GERB9H|04|GERBU|0|5
S| |91000000|181000000|FAL|CD|0|4100|0|0|700|0|1|1200|0|0|0|0|0
S| |91000000|181000000|FAL|CD|0|4100|0|0|1100|0|1|2900|0|0|0|0|0
S|D039C|43623006|13518058|ANC|CF|2|21900|300|3900|300|220|1|5000|0|0|0|0|0
S| |91000000|181000000| |VI|0|18200|0|0|0|220|0|0|0|0|0|0|0
S|GERBU|43344044|13623878|ANC|CF|0|15200|1600|15130|1400|0|1|9500|0|0|0|0|0

P|KEGE5F|04|KEGED|0|5
S| |91000000|181000000| |CA|0|4100|0|0|0|210|1|429|0|0|0|0|0
S|PY631|43661408|13424181|ANC|CF|0|4100|490|33160|300|210|0|0|0|1|0|0|0
S|PY633|43632642|13555500| |DF|2|0|0|0|0|210|1|4000|0|0|0|0|0
S|PY634|43617486|13635431| |TF|0|0|0|0|0|0|0|0|0|0|0|0|0
S|KEGED|43578819|13837847| |TF|0|0|0|0|0|0|1|9500|0|0|0|0|0

P|KEGE5L|22|KEGED|0|6
S| |91000000|181000000| |CA|0|22300|0|0|0|210|1|450|0|0|0|0|0
S|PY651|43519194|13224011|ANC|CF|0|22300|1150|24560|700|210|1|4000|0|0|0|0|0
S|PY652|43354528|13441228| |TF|1|0|0|0|0|240|0|0|0|0|0|0|0
S|PY653|43440439|13572297| |TF|0|0|0|0|0|0|1|9500|0|0|0|0|0
S|PY654|43527897|13706353| |TF|0|0|0|0|0|0|0|0|0|0|0|0|0
S|KEGED|43578819|13837847| |TF|0|0|0|0|0|0|1|9500|0|0|0|0|0

P|KEGE9H|04|KEGED|0|4
S| |91000000|181000000|FAL|CD|0|4100|0|0|700|0|1|1200|0|0|0|0|0
S| |91000000|181000000|FAL|CD|0|4100|0|0|1100|0|1|2900|0|0|0|0|0
S| |91000000|181000000| |CI|2|13600|0|0|0|220|0|0|0|0|0|0|0
S|KEGED|43578819|13837847|ANC|CF|0|8800|1600|8750|800|0|1|9500|0|0|0|0|0

P|KEGE9J|22|KEGED|0|5
S| |91000000|181000000|IFA|CD|0|22100|0|0|700|0|1|2500|0|0|0|0|0
S| |91000000|181000000| |VI|1|6300|0|0|0|220|0|0|0|0|0|0|0
S|D213C|43546497|13429733|ANC|CF|0|3300|300|21300|300|0|1|5000|0|0|0|0|0
S| |91000000|181000000| |VI|0|5800|0|0|0|0|0|0|0|0|0|0|0
S|KEGED|43578819|13837847|ANC|CF|0|8800|1600|8750|1500|0|1|9500|0|0|0|0|0

P|LANL7F|04|LANLI|0|4
S| |91000000|181000000| |CA|0|4100|0|0|0|210|1|429|0|0|0|0|0
S|PY631|43661408|13424181|ANC|CF|0|4100|490|33160|300|210|0|0|0|1|0|0|0
S|PY641|43800561|13398975| |DF|1|0|0|0|0|210|1|4500|0|0|0|0|0
S|LANLI|43957308|13180475| |TF|0|0|0|0|0|0|0|0|0|0|0|0|0

P|LANL8L|22|LANLI|0|6
S| |91000000|181000000| |CA|0|22300|0|0|0|210|1|450|0|0|0|0|0
S|PY651|43519194|13224011|ANC|CF|0|22300|1150|24560|700|210|1|4000|0|1|0|0|0
S|PY657|43609314|13127747| |DF|2|0|0|0|0|210|0|0|0|0|0|0|0
S|PY603|43698692|13160147| |TF|0|0|0|0|0|210|0|0|0|0|0|0|0
S|PY604|43805911|13243544| |TF|0|0|0|0|0|220|0|0|0|0|0|0|0
S|LANLI|43957308|13180475| |TF|0|0|0|0|0|0|1|7000|0|0|0|0|0

P|LANL9H|04|LANLI|0|4
S| |91000000|181000000|FAL|CD|0|4100|0|0|700|0|1|1200|0|0|0|0|0
S|D338O|43824189|13364394|ANC|CF|0|33800|1500|33800|1000|0|1|4000|0|1|0|0|0
S| |91000000|181000000| |CI|0|29900|0|0|0|0|0|0|0|0|0|0|0
S|LANLI|43957308|13180475|ANC|CF|0|32700|2560|32650|500|0|1|7000|0|0|0|0|0

P|LANL9J|22|LANLI|0|5
S| |91000000|181000000|IFA|CD|0|22100|0|0|700|0|1|2500|0|0|0|0|0
S| |91000000|181000000| |VI|1|6300|0|0|0|220|0|0|0|0|0|0|0
S|D213C|43546497|13429733|ANC|CF|0|3300|300|21300|300|0|1|5000|0|0|0|0|0
S| |91000000|181000000| |VI|0|1200|0|0|0|0|0|0|0|0|0|0|0
S|LANLI|43957308|13180475|ANC|CF|0|32700|2560|32650|2500|0|1|7000|0|0|0|0|0

P|MASE5F|04|MASEG|0|5
S| |91000000|181000000| |CA|0|4100|0|0|0|210|1|429|0|0|0|0|0
S|PY631|43661408|13424181|ANC|CF|0|4100|490|33160|300|210|0|0|0|1|0|0|0
S|PY633|43632642|13555500| |DF|2|0|0|0|0|210|1|4000|0|0|0|0|0
S|PY637|43537022|13531550| |TF|0|0|0|0|0|230|0|0|0|0|0|0|0
S|MASEG|43412894|13749328| |TF|0|0|0|0|0|0|1|9500|0|0|0|0|0

P|MASE5L|22|MASEG|0|5
S| |91000000|181000000| |CA|0|22300|0|0|0|210|1|450|0|0|0|0|0
S|PY651|43519194|13224011|ANC|CF|0|22300|1150|24560|700|210|1|4000|0|0|0|0|0
S|PY652|43354528|13441228| |TF|1|0|0|0|0|240|0|0|0|0|0|0|0
S|PY653|43440439|13572297| |TF|0|0|0|0|0|0|1|9500|0|0|0|0|0
S|MASEG|43412894|13749328| |TF|0|0|0|0|0|0|1|9500|0|0|0|0|0

P|MASE8J|22|MASEG|0|5
S| |91000000|181000000|IFA|CD|0|22100|0|0|700|0|1|2500|0|0|0|0|0
S| |91000000|181000000| |VI|1|6300|0|0|0|220|0|0|0|0|0|0|0
S|D213C|43546497|13429733|ANC|CF|0|3300|300|21300|300|0|1|5000|0|0|0|0|0
S| |91000000|181000000| |VI|0|9700|0|0|0|220|0|0|0|0|0|0|0
S|MASEG|43412894|13749328|ANC|CF|0|12700|1600|12650|1400|0|1|9500|0|0|0|0|0

P|MASE9H|04|MASEG|0|5
S| |91000000|181000000|FAL|CD|0|4100|0|0|700|0|1|1200|0|0|0|0|0
S| |91000000|181000000|FAL|CD|0|4100|0|0|1100|0|1|2900|0|0|0|0|0
S|D039C|43623006|13518058|ANC|CF|2|21900|300|3900|300|220|1|5000|0|0|0|0|0
S| |91000000|181000000| |VI|0|15700|0|0|0|220|0|0|0|0|0|0|0
S|MASEG|43412894|13749328|ANC|CF|0|12700|1600|12650|1400|0|1|9500|0|0|0|0|0

