P|KASC1V|33|PEMAR|0|6
S|D329D|41863778|12546694|RMC|CF|0|32900|400|32940|400|0|1|2000|0|0|0|0|0
S|KASCI|41944722|12490000| |TF|0|0|0|0|0|0|0|3000|0|0|0|0|0
S|KASCI|41944722|12490000| |IF|0|0|0|0|0|250|0|3000|0|0|0|0|0
S|RA533|42018000|12436861| |TF|0|0|0|0|0|250|0|0|0|0|0|0|0
S|RA534|42104389|12547139| |TF|0|0|0|0|0|250|1|8000|0|0|0|0|0
S|PEMAR|42029725|12919444| |TF|0|0|0|0|0|0|1|11000|0|0|0|0|0

P|KASC1V|33|SIPRO|0|7
S|D329D|41863778|12546694|RMC|CF|0|32900|400|32940|400|0|1|2000|0|0|0|0|0
S|KASCI|41944722|12490000| |TF|0|0|0|0|0|0|0|3000|0|0|0|0|0
S|KASCI|41944722|12490000| |IF|0|0|0|0|0|250|0|3000|0|0|0|0|0
S|EKVAV|41978333|12659444| |TF|0|0|0|0|0|250|0|0|0|0|0|0|0
S|RA532|41845528|12914278| |TF|0|0|0|0|0|0|1|11000|0|0|0|0|0
S|FRS|41642528|13292361| |TF|0|0|0|0|0|0|0|0|0|0|0|0|0
S|SIPRO|41446019|13680528| |TF|0|0|0|0|0|0|0|0|0|0|0|0|0

P|KASC1V|33|TIBER|0|4
S|D329D|41863778|12546694|RMC|CF|0|32900|400|32940|400|0|1|2000|0|0|0|0|0
S|KASCI|41944722|12490000| |TF|0|0|0|0|0|0|0|3000|0|0|0|0|0
S|KASCI|41944722|12490000| |IF|0|0|0|0|0|250|0|3000|0|0|0|0|0
S|TIBER|42248875|12599000| |TF|0|0|0|0|0|0|1|11000|0|0|0|0|0

P|KASC2F|33|PEMAR|0|6
S|RA503|41864878|12549569|RMC|CF|0|32900|400|33150|370|0|1|2000|0|0|0|0|0
S|KASCI|41944722|12490000| |TF|0|0|0|0|0|0|0|3000|0|0|0|0|0
S|KASCI|41944722|12490000| |IF|0|0|0|0|0|250|0|3000|0|0|0|0|0
S|RA533|42018000|12436861| |TF|0|0|0|0|0|250|0|0|0|0|0|0|0
S|RA534|42104389|12547139| |TF|0|0|0|0|0|250|1|8000|0|0|0|0|0
S|PEMAR|42029725|12919444| |TF|0|0|0|0|0|0|1|11000|0|0|0|0|0

P|KASC2F|33|SIPRO|0|7
S|RA503|41864878|12549569|RMC|CF|0|32900|400|33150|370|0|1|2000|0|0|0|0|0
S|KASCI|41944722|12490000| |TF|0|0|0|0|0|0|0|3000|0|0|0|0|0
S|KASCI|41944722|12490000| |IF|0|0|0|0|0|250|0|3000|0|0|0|0|0
S|EKVAV|41978333|12659444| |TF|0|0|0|0|0|250|0|0|0|0|0|0|0
S|RA532|41845528|12914278| |TF|0|0|0|0|0|0|1|11000|0|0|0|0|0
S|FRS|41642528|13292361| |TF|0|0|0|0|0|0|0|0|0|0|0|0|0
S|SIPRO|41446019|13680528| |TF|0|0|0|0|0|0|0|0|0|0|0|0|0

P|KASC2F|33|TIBER|0|4
S|RA503|41864878|12549569|RMC|CF|0|32900|400|33150|370|0|1|2000|0|0|0|0|0
S|KASCI|41944722|12490000| |TF|0|0|0|0|0|0|0|3000|0|0|0|0|0
S|KASCI|41944722|12490000| |IF|0|0|0|0|0|250|0|3000|0|0|0|0|0
S|TIBER|42248875|12599000| |TF|0|0|0|0|0|0|1|11000|0|0|0|0|0

P|OKUN5W|15|OKUNO|0|7
S| |91000000|181000000| |CA|0|15100|0|0|0|0|1|1500|0|0|0|0|0
S|RA603|41719886|12492231|OST|CF|2|24700|1250|11070|400|210|1|2500|0|0|0|0|0
S|RATIR|41681667|12449167| |TF|0|0|0|0|0|0|1|3000|0|1|0|0|0
S|RA501|41693889|12637417| |DF|1|0|0|0|0|240|1|5000|0|0|0|0|0
S|RA502|41707811|12830561| |TF|0|0|0|0|0|0|0|8000|0|0|0|0|0
S|PEMAR|42029725|12919444| |TF|0|0|0|0|0|0|1|11000|0|0|0|0|0
S|OKUNO|42107222|12972500| |TF|0|0|0|0|0|0|1|14000|0|0|0|0|0

P|OKUN7Z|15|OKUNO|0|7
S| |91000000|181000000| |CA|0|15100|0|0|0|0|1|830|0|0|0|0|0
S|RA603|41719886|12492231|OST|CF|2|24700|1250|11070|400|210|1|2500|0|0|0|0|0
S|RATIR|41681667|12449167| |TF|0|0|0|0|0|0|1|3000|0|1|0|0|0
S|RA501|41693889|12637417| |DF|1|0|0|0|0|240|1|5000|0|0|0|0|0
S|RA502|41707811|12830561| |TF|0|0|0|0|0|0|0|8000|0|0|0|0|0
S|PEMAR|42029725|12919444| |TF|0|0|0|0|0|0|1|11000|0|0|0|0|0
S|OKUNO|42107222|12972500| |TF|0|0|0|0|0|0|1|14000|0|0|0|0|0

P|OKUN9G|15|OKUNO|0|7
S| |91000000|181000000| |CA|0|14900|0|0|0|0|1|1000|0|0|0|0|0
S| |91000000|181000000| |VI|2|24600|0|0|0|210|0|0|0|0|0|0|0
S|RATIR|41681667|12449167|RMC|CF|0|21600|970|21730|400|240|1|3000|0|1|0|0|0
S|RA501|41693889|12637417| |DF|1|0|0|0|0|0|1|5000|0|0|0|0|0
S|RA502|41707811|12830561| |TF|0|0|0|0|0|0|0|8000|0|0|0|0|0
S|PEMAR|42029725|12919444| |TF|0|0|0|0|0|0|1|11000|0|0|0|0|0
S|OKUNO|42107222|12972500| |TF|0|0|0|0|0|0|1|14000|0|0|0|0|0

P|OST2F|33|ESINO|0|7
S|RA503|41864878|12549569|RMC|CF|0|32900|400|33150|370|0|1|2000|0|0|0|0|0
S|RA504|41884914|12482147| |TF|0|0|0|0|0|210|1|3000|0|0|0|0|0
S|RA505|41830889|12319006| |TF|0|0|0|0|0|0|1|4000|0|0|0|0|0
S|OST|41803778|12237528| |TF|0|0|0|0|0|0|1|5000|0|0|0|0|0
S|OST|41803778|12237528| |IF|0|0|0|0|0|0|1|5000|0|0|0|0|0
S|TORLI|41596667|12018333| |TF|0|0|0|0|0|0|0|0|0|0|0|0|0
S|ESINO|41384719|11794722| |TF|0|0|0|0|0|0|0|0|0|0|0|0|0

P|OST2F|33|GILIO|0|7
S|RA503|41864878|12549569|RMC|CF|0|32900|400|33150|370|0|1|2000|0|0|0|0|0
S|RA504|41884914|12482147| |TF|0|0|0|0|0|210|1|3000|0|0|0|0|0
S|RA505|41830889|12319006| |TF|0|0|0|0|0|0|1|4000|0|0|0|0|0
S|OST|41803778|12237528| |TF|0|0|0|0|0|0|1|5000|0|0|0|0|0
S|OST|41803778|12237528| |IF|0|0|0|0|0|0|1|5000|0|0|0|0|0
S|NENIG|41900000|11592778| |TF|0|0|0|0|0|0|0|0|0|0|0|0|0
S|GILIO|42366667|10926111| |TF|0|0|0|0|0|0|1|10000|0|0|0|0|0

P|OST2F|33|KONUT|0|7
S|RA503|41864878|12549569|RMC|CF|0|32900|400|33150|370|0|1|2000|0|0|0|0|0
S|RA504|41884914|12482147| |TF|0|0|0|0|0|210|1|3000|0|0|0|0|0
S|RA505|41830889|12319006| |TF|0|0|0|0|0|0|1|4000|0|0|0|0|0
S|OST|41803778|12237528| |TF|0|0|0|0|0|0|1|5000|0|0|0|0|0
S|OST|41803778|12237528| |IF|0|0|0|0|0|0|1|5000|0|0|0|0|0
S|TORLI|41596667|12018333| |TF|0|0|0|0|0|0|0|0|0|0|0|0|0
S|KONUT|41292778|12016667| |TF|0|0|0|0|0|0|1|10000|0|0|0|0|0

P|OST2F|33|OKUNO|0|10
S|RA503|41864878|12549569|RMC|CF|0|32900|400|33150|370|0|1|2000|0|0|0|0|0
S|RA504|41884914|12482147| |TF|0|0|0|0|0|210|1|3000|0|0|0|0|0
S|RA505|41830889|12319006| |TF|0|0|0|0|0|0|1|4000|0|0|0|0|0
S|OST|41803778|12237528| |TF|0|0|0|0|0|0|1|5000|0|0|0|0|0
S|OST|41803778|12237528| |IF|0|0|0|0|0|0|1|5000|0|0|0|0|0
S|XIBRI|41557778|12176944| |TF|0|0|0|0|0|0|0|0|0|1|0|0|0
S|DIBVI|41517222|12410000| |DF|1|0|0|0|0|0|1|6000|0|0|0|0|0
S|RMC|41804667|12588000| |TF|0|0|0|0|0|0|0|0|0|0|0|0|0
S|LELSU|42037778|12807500| |TF|0|0|0|0|0|0|1|11000|0|0|0|0|0
S|OKUNO|42107222|12972500| |TF|0|0|0|0|0|0|0|0|0|0|0|0|0

P|OST2F|33|PEMAR|0|10
S|RA503|41864878|12549569|RMC|CF|0|32900|400|33150|370|0|1|2000|0|0|0|0|0
S|RA504|41884914|12482147| |TF|0|0|0|0|0|210|1|3000|0|0|0|0|0
S|RA505|41830889|12319006| |TF|0|0|0|0|0|0|1|4000|0|0|0|0|0
S|OST|41803778|12237528| |TF|0|0|0|0|0|0|1|5000|0|0|0|0|0
S|OST|41803778|12237528| |IF|0|0|0|0|0|0|1|5000|0|0|0|0|0
S|XIBRI|41557778|12176944| |TF|0|0|0|0|0|0|0|0|0|1|0|0|0
S|DIBVI|41517222|12410000| |DF|1|0|0|0|0|0|1|6000|0|0|0|0|0
S|RMC|41804667|12588000| |TF|0|0|0|0|0|0|1|8000|0|0|0|0|0
S|RA536|41944917|12591194| |TF|0|0|0|0|0|0|0|0|0|0|0|0|0
S|PEMAR|42029725|12919444| |TF|0|0|0|0|0|0|1|11000|0|0|0|0|0

P|OST2F|33|PEPIX|0|9
S|RA503|41864878|12549569|RMC|CF|0|32900|400|33150|370|0|1|2000|0|0|0|0|0
S|RA504|41884914|12482147| |TF|0|0|0|0|0|210|1|3000|0|0|0|0|0
S|RA505|41830889|12319006| |TF|0|0|0|0|0|0|1|4000|0|0|0|0|0
S|OST|41803778|12237528| |TF|0|0|0|0|0|0|1|5000|0|0|0|0|0
S|OST|41803778|12237528| |IF|0|0|0|0|0|0|1|5000|0|0|0|0|0
S|XIBRI|41557778|12176944| |TF|0|0|0|0|0|0|0|0|0|0|0|0|0
S|ELVIN|41493889|12161389| |TF|0|0|0|0|0|0|0|0|0|0|0|0|0
S|ADMOP|41321944|12119444| |TF|0|0|0|0|0|0|0|0|0|0|0|0|0
S|PEPIX|41160000|12188611| |TF|0|0|0|0|0|0|1|10000|0|0|0|0|0

P|OST2F|33|PODOX|0|8
S|RA503|41864878|12549569|RMC|CF|0|32900|400|33150|370|0|1|2000|0|0|0|0|0
S|RA504|41884914|12482147| |TF|0|0|0|0|0|210|1|3000|0|0|0|0|0
S|RA505|41830889|12319006| |TF|0|0|0|0|0|0|1|4000|0|0|0|0|0
S|OST|41803778|12237528| |TF|0|0|0|0|0|0|1|5000|0|0|0|0|0
S|OST|41803778|12237528| |IF|0|0|0|0|0|0|1|5000|0|0|0|0|0
S|XENOL|41788333|11552222| |TF|0|0|0|0|0|0|0|0|0|0|0|0|0
S|GISPA|41805278|11342222| |TF|0|0|0|0|0|0|0|0|0|0|0|0|0
S|PODOX|42277222|10576944| |TF|0|0|0|0|0|0|1|10000|0|0|0|0|0

P|OST2F|33|RIFFI|0|8
S|RA503|41864878|12549569|RMC|CF|0|32900|400|33150|370|0|1|2000|0|0|0|0|0
S|RA504|41884914|12482147| |TF|0|0|0|0|0|210|1|3000|0|0|0|0|0
S|RA505|41830889|12319006| |TF|0|0|0|0|0|0|1|4000|0|0|0|0|0
S|OST|41803778|12237528| |TF|0|0|0|0|0|0|1|5000|0|0|0|0|0
S|OST|41803778|12237528| |IF|0|0|0|0|0|0|1|5000|0|0|0|0|0
S|XIBRI|41557778|12176944| |TF|0|0|0|0|0|0|0|0|0|0|0|0|0
S|ELVIN|41493889|12161389| |TF|0|0|0|0|0|0|0|0|0|0|0|0|0
S|RIFFI|41224444|12532222| |TF|0|0|0|0|0|0|1|9000|0|0|0|0|0

P|OST2F|33|SIPRO|0|11
S|RA503|41864878|12549569|RMC|CF|0|32900|400|33150|370|0|1|2000|0|0|0|0|0
S|RA504|41884914|12482147| |TF|0|0|0|0|0|210|1|3000|0|0|0|0|0
S|RA505|41830889|12319006| |TF|0|0|0|0|0|0|1|4000|0|0|0|0|0
S|OST|41803778|12237528| |TF|0|0|0|0|0|0|1|5000|0|0|0|0|0
S|OST|41803778|12237528| |IF|0|0|0|0|0|0|1|5000|0|0|0|0|0
S|XIBRI|41557778|12176944| |TF|0|0|0|0|0|0|0|0|0|1|0|0|0
S|DIBVI|41517222|12410000| |DF|1|0|0|0|0|0|1|6000|0|0|0|0|0
S|IPMUT|41670556|12504722| |TF|0|0|0|0|0|0|0|0|0|0|0|0|0
S|OTKUB|41661944|12760556| |TF|0|0|0|0|0|0|1|12000|0|0|0|0|0
S|FRS|41642528|13292361| |TF|0|0|0|0|0|0|0|0|0|0|0|0|0
S|SIPRO|41446019|13680528| |TF|0|0|0|0|0|0|0|0|0|0|0|0|0

P|OST2F|33|SOVAN|0|7
S|RA503|41864878|12549569|RMC|CF|0|32900|400|33150|370|0|1|2000|0|0|0|0|0
S|RA504|41884914|12482147| |TF|0|0|0|0|0|210|1|3000|0|0|0|0|0
S|RA505|41830889|12319006| |TF|0|0|0|0|0|0|1|4000|0|0|0|0|0
S|OST|41803778|12237528| |TF|0|0|0|0|0|0|1|5000|0|0|0|0|0
S|OST|41803778|12237528| |IF|0|0|0|0|0|0|1|5000|0|0|0|0|0
S|RA531|42192028|12109194| |TF|0|0|0|0|0|0|1|11000|0|0|0|0|0
S|SOVAN|42834722|11891667| |TF|0|0|0|0|0|0|0|0|0|0|0|0|0

P|OST2F|33|TIBER|0|10
S|RA503|41864878|12549569|RMC|CF|0|32900|400|33150|370|0|1|2000|0|0|0|0|0
S|RA504|41884914|12482147| |TF|0|0|0|0|0|210|1|3000|0|0|0|0|0
S|RA505|41830889|12319006| |TF|0|0|0|0|0|0|1|4000|0|0|0|0|0
S|OST|41803778|12237528| |TF|0|0|0|0|0|0|1|5000|0|0|0|0|0
S|OST|41803778|12237528| |IF|0|0|0|0|0|0|1|5000|0|0|0|0|0
S|XIBRI|41557778|12176944| |TF|0|0|0|0|0|0|0|0|0|1|0|0|0
S|DIBVI|41517222|12410000| |DF|1|0|0|0|0|0|1|6000|0|0|0|0|0
S|RMC|41804667|12588000| |TF|0|0|0|0|0|0|0|0|0|0|0|0|0
S|GEGDU|42021389|12593056| |TF|0|0|0|0|0|0|1|11000|0|0|0|0|0
S|TIBER|42248875|12599000| |TF|0|0|0|0|0|0|0|0|0|0|0|0|0

P|OST5W|15|ESINO|0|6
S| |91000000|181000000| |CA|0|15100|0|0|0|0|1|1500|0|0|0|0|0
S|RA507|41766742|12408650|OST|CF|2|28300|800|10310|700|210|1|3500|0|0|0|0|0
S|OST|41803778|12237528| |TF|0|0|0|0|0|0|1|5000|0|0|0|0|0
S|OST|41803778|12237528| |IF|0|0|0|0|0|0|1|5000|0|0|0|0|0
S|TORLI|41596667|12018333| |TF|0|0|0|0|0|0|0|0|0|0|0|0|0
S|ESINO|41384719|11794722| |TF|0|0|0|0|0|0|0|0|0|0|0|0|0

P|OST5W|15|GILIO|0|6
S| |91000000|181000000| |CA|0|15100|0|0|0|0|1|1500|0|0|0|0|0
S|RA507|41766742|12408650|OST|CF|2|28300|800|10310|700|210|1|3500|0|0|0|0|0
S|OST|41803778|12237528| |TF|0|0|0|0|0|0|1|5000|0|0|0|0|0
S|OST|41803778|12237528| |IF|0|0|0|0|0|0|1|5000|0|0|0|0|0
S|NENIG|41900000|11592778| |TF|0|0|0|0|0|0|0|0|0|0|0|0|0
S|GILIO|42366667|10926111| |TF|0|0|0|0|0|0|1|10000|0|0|0|0|0

P|OST5W|15|KONUT|0|6
S| |91000000|181000000| |CA|0|15100|0|0|0|0|1|1500|0|0|0|0|0
S|RA507|41766742|12408650|OST|CF|2|28300|800|10310|700|210|1|3500|0|0|0|0|0
S|OST|41803778|12237528| |TF|0|0|0|0|0|0|1|5000|0|0|0|0|0
S|OST|41803778|12237528| |IF|0|0|0|0|0|0|1|5000|0|0|0|0|0
S|TORLI|41596667|12018333| |TF|0|0|0|0|0|0|0|0|0|0|0|0|0
S|KONUT|41292778|12016667| |TF|0|0|0|0|0|0|1|10000|0|0|0|0|0

P|OST5W|15|OKUNO|0|9
S| |91000000|181000000| |CA|0|15100|0|0|0|0|1|1500|0|0|0|0|0
S|RA507|41766742|12408650|OST|CF|2|28300|800|10310|700|210|1|3500|0|0|0|0|0
S|OST|41803778|12237528| |TF|0|0|0|0|0|0|1|5000|0|0|0|0|0
S|OST|41803778|12237528| |IF|0|0|0|0|0|0|1|5000|0|0|0|0|0
S|XIBRI|41557778|12176944| |TF|0|0|0|0|0|0|0|0|0|1|0|0|0
S|DIBVI|41517222|12410000| |DF|1|0|0|0|0|0|1|6000|0|0|0|0|0
S|RMC|41804667|12588000| |TF|0|0|0|0|0|0|0|0|0|0|0|0|0
S|LELSU|42037778|12807500| |TF|0|0|0|0|0|0|1|11000|0|0|0|0|0
S|OKUNO|42107222|12972500| |TF|0|0|0|0|0|0|0|0|0|0|0|0|0

P|OST5W|15|PEMAR|0|9
S| |91000000|181000000| |CA|0|15100|0|0|0|0|1|1500|0|0|0|0|0
S|RA507|41766742|12408650|OST|CF|2|28300|800|10310|700|210|1|3500|0|0|0|0|0
S|OST|41803778|12237528| |TF|0|0|0|0|0|0|1|5000|0|0|0|0|0
S|OST|41803778|12237528| |IF|0|0|0|0|0|0|1|5000|0|0|0|0|0
S|XIBRI|41557778|12176944| |TF|0|0|0|0|0|0|0|0|0|1|0|0|0
S|DIBVI|41517222|12410000| |DF|1|0|0|0|0|0|1|6000|0|0|0|0|0
S|RMC|41804667|12588000| |TF|0|0|0|0|0|0|1|8000|0|0|0|0|0
S|RA536|41944917|12591194| |TF|0|0|0|0|0|0|0|0|0|0|0|0|0
S|PEMAR|42029725|12919444| |TF|0|0|0|0|0|0|1|11000|0|0|0|0|0

P|OST5W|15|PEPIX|0|8
S| |91000000|181000000| |CA|0|15100|0|0|0|0|1|1500|0|0|0|0|0
S|RA507|41766742|12408650|OST|CF|2|28300|800|10310|700|210|1|3500|0|0|0|0|0
S|OST|41803778|12237528| |TF|0|0|0|0|0|0|1|5000|0|0|0|0|0
S|OST|41803778|12237528| |IF|0|0|0|0|0|0|1|5000|0|0|0|0|0
S|XIBRI|41557778|12176944| |TF|0|0|0|0|0|0|0|0|0|0|0|0|0
S|ELVIN|41493889|12161389| |TF|0|0|0|0|0|0|0|0|0|0|0|0|0
S|ADMOP|41321944|12119444| |TF|0|0|0|0|0|0|0|0|0|0|0|0|0
S|PEPIX|41160000|12188611| |TF|0|0|0|0|0|0|1|10000|0|0|0|0|0

P|OST5W|15|PODOX|0|7
S| |91000000|181000000| |CA|0|15100|0|0|0|0|1|1500|0|0|0|0|0
S|RA507|41766742|12408650|OST|CF|2|28300|800|10310|700|210|1|3500|0|0|0|0|0
S|OST|41803778|12237528| |TF|0|0|0|0|0|0|1|5000|0|0|0|0|0
S|OST|41803778|12237528| |IF|0|0|0|0|0|0|1|5000|0|0|0|0|0
S|XENOL|41788333|11552222| |TF|0|0|0|0|0|0|0|0|0|0|0|0|0
S|GISPA|41805278|11342222| |TF|0|0|0|0|0|0|0|0|0|0|0|0|0
S|PODOX|42277222|10576944| |TF|0|0|0|0|0|0|1|10000|0|0|0|0|0

P|OST5W|15|RIFFI|0|7
S| |91000000|181000000| |CA|0|15100|0|0|0|0|1|1500|0|0|0|0|0
S|RA507|41766742|12408650|OST|CF|2|28300|800|10310|700|210|1|3500|0|0|0|0|0
S|OST|41803778|12237528| |TF|0|0|0|0|0|0|1|5000|0|0|0|0|0
S|OST|41803778|12237528| |IF|0|0|0|0|0|0|1|5000|0|0|0|0|0
S|XIBRI|41557778|12176944| |TF|0|0|0|0|0|0|0|0|0|0|0|0|0
S|ELVIN|41493889|12161389| |TF|0|0|0|0|0|0|0|0|0|0|0|0|0
S|RIFFI|41224444|12532222| |TF|0|0|0|0|0|0|1|9000|0|0|0|0|0

P|OST5W|15|SIPRO|0|10
S| |91000000|181000000| |CA|0|15100|0|0|0|0|1|1500|0|0|0|0|0
S|RA507|41766742|12408650|OST|CF|2|28300|800|10310|700|210|1|3500|0|0|0|0|0
S|OST|41803778|12237528| |TF|0|0|0|0|0|0|1|5000|0|0|0|0|0
S|OST|41803778|12237528| |IF|0|0|0|0|0|0|1|5000|0|0|0|0|0
S|XIBRI|41557778|12176944| |TF|0|0|0|0|0|0|0|0|0|1|0|0|0
S|DIBVI|41517222|12410000| |DF|1|0|0|0|0|0|1|6000|0|0|0|0|0
S|IPMUT|41670556|12504722| |TF|0|0|0|0|0|0|0|0|0|0|0|0|0
S|OTKUB|41661944|12760556| |TF|0|0|0|0|0|0|1|12000|0|0|0|0|0
S|FRS|41642528|13292361| |TF|0|0|0|0|0|0|0|0|0|0|0|0|0
S|SIPRO|41446019|13680528| |TF|0|0|0|0|0|0|0|0|0|0|0|0|0

P|OST5W|15|SOVAN|0|6
S| |91000000|181000000| |CA|0|15100|0|0|0|0|1|1500|0|0|0|0|0
S|RA507|41766742|12408650|OST|CF|2|28300|800|10310|700|210|1|3500|0|0|0|0|0
S|OST|41803778|12237528| |TF|0|0|0|0|0|0|1|5000|0|0|0|0|0
S|OST|41803778|12237528| |IF|0|0|0|0|0|0|1|5000|0|0|0|0|0
S|RA531|42192028|12109194| |TF|0|0|0|0|0|0|1|11000|0|0|0|0|0
S|SOVAN|42834722|11891667| |TF|0|0|0|0|0|0|0|0|0|0|0|0|0

P|OST5W|15|TIBER|0|9
S| |91000000|181000000| |CA|0|15100|0|0|0|0|1|1500|0|0|0|0|0
S|RA507|41766742|12408650|OST|CF|2|28300|800|10310|700|210|1|3500|0|0|0|0|0
S|OST|41803778|12237528| |TF|0|0|0|0|0|0|1|5000|0|0|0|0|0
S|OST|41803778|12237528| |IF|0|0|0|0|0|0|1|5000|0|0|0|0|0
S|XIBRI|41557778|12176944| |TF|0|0|0|0|0|0|0|0|0|1|0|0|0
S|DIBVI|41517222|12410000| |DF|1|0|0|0|0|0|1|6000|0|0|0|0|0
S|RMC|41804667|12588000| |TF|0|0|0|0|0|0|0|0|0|0|0|0|0
S|GEGDU|42021389|12593056| |TF|0|0|0|0|0|0|1|11000|0|0|0|0|0
S|TIBER|42248875|12599000| |TF|0|0|0|0|0|0|0|0|0|0|0|0|0

P|OST5X|15|ESINO|0|7
S| |91000000|181000000| |CA|0|15100|0|0|0|0|1|1500|0|0|0|0|0
S|RA508|41806103|12449153|OST|CF|2|30700|950|8610|600|210|1|2500|0|0|0|0|0
S|RA506|41805567|12393453| |TF|0|0|0|0|0|0|1|3500|0|0|0|0|0
S|OST|41803778|12237528| |TF|0|0|0|0|0|0|1|5000|0|0|0|0|0
S|OST|41803778|12237528| |IF|0|0|0|0|0|0|1|5000|0|0|0|0|0
S|TORLI|41596667|12018333| |TF|0|0|0|0|0|0|0|0|0|0|0|0|0
S|ESINO|41384719|11794722| |TF|0|0|0|0|0|0|0|0|0|0|0|0|0

P|OST5X|15|GILIO|0|7
S| |91000000|181000000| |CA|0|15100|0|0|0|0|1|1500|0|0|0|0|0
S|RA508|41806103|12449153|OST|CF|2|30700|950|8610|600|210|1|2500|0|0|0|0|0
S|RA506|41805567|12393453| |TF|0|0|0|0|0|0|1|3500|0|0|0|0|0
S|OST|41803778|12237528| |TF|0|0|0|0|0|0|1|5000|0|0|0|0|0
S|OST|41803778|12237528| |IF|0|0|0|0|0|0|1|5000|0|0|0|0|0
S|NENIG|41900000|11592778| |TF|0|0|0|0|0|0|0|0|0|0|0|0|0
S|GILIO|42366667|10926111| |TF|0|0|0|0|0|0|1|10000|0|0|0|0|0

P|OST5X|15|KONUT|0|7
S| |91000000|181000000| |CA|0|15100|0|0|0|0|1|1500|0|0|0|0|0
S|RA508|41806103|12449153|OST|CF|2|30700|950|8610|600|210|1|2500|0|0|0|0|0
S|RA506|41805567|12393453| |TF|0|0|0|0|0|0|1|3500|0|0|0|0|0
S|OST|41803778|12237528| |TF|0|0|0|0|0|0|1|5000|0|0|0|0|0
S|OST|41803778|12237528| |IF|0|0|0|0|0|0|1|5000|0|0|0|0|0
S|TORLI|41596667|12018333| |TF|0|0|0|0|0|0|0|0|0|0|0|0|0
S|KONUT|41292778|12016667| |TF|0|0|0|0|0|0|1|10000|0|0|0|0|0

P|OST5X|15|OKUNO|0|10
S| |91000000|181000000| |CA|0|15100|0|0|0|0|1|1500|0|0|0|0|0
S|RA508|41806103|12449153|OST|CF|2|30700|950|8610|600|210|1|2500|0|0|0|0|0
S|RA506|41805567|12393453| |TF|0|0|0|0|0|0|1|3500|0|0|0|0|0
S|OST|41803778|12237528| |TF|0|0|0|0|0|0|1|5000|0|0|0|0|0
S|OST|41803778|12237528| |IF|0|0|0|0|0|0|1|5000|0|0|0|0|0
S|XIBRI|41557778|12176944| |TF|0|0|0|0|0|0|0|0|0|1|0|0|0
S|DIBVI|41517222|12410000| |DF|1|0|0|0|0|0|1|6000|0|0|0|0|0
S|RMC|41804667|12588000| |TF|0|0|0|0|0|0|0|0|0|0|0|0|0
S|LELSU|42037778|12807500| |TF|0|0|0|0|0|0|1|11000|0|0|0|0|0
S|OKUNO|42107222|12972500| |TF|0|0|0|0|0|0|0|0|0|0|0|0|0

P|OST5X|15|PEMAR|0|10
S| |91000000|181000000| |CA|0|15100|0|0|0|0|1|1500|0|0|0|0|0
S|RA508|41806103|12449153|OST|CF|2|30700|950|8610|600|210|1|2500|0|0|0|0|0
S|RA506|41805567|12393453| |TF|0|0|0|0|0|0|1|3500|0|0|0|0|0
S|OST|41803778|12237528| |TF|0|0|0|0|0|0|1|5000|0|0|0|0|0
S|OST|41803778|12237528| |IF|0|0|0|0|0|0|1|5000|0|0|0|0|0
S|XIBRI|41557778|12176944| |TF|0|0|0|0|0|0|0|0|0|1|0|0|0
S|DIBVI|41517222|12410000| |DF|1|0|0|0|0|0|1|6000|0|0|0|0|0
S|RMC|41804667|12588000| |TF|0|0|0|0|0|0|1|8000|0|0|0|0|0
S|RA536|41944917|12591194| |TF|0|0|0|0|0|0|0|0|0|0|0|0|0
S|PEMAR|42029725|12919444| |TF|0|0|0|0|0|0|1|11000|0|0|0|0|0

P|OST5X|15|PEPIX|0|9
S| |91000000|181000000| |CA|0|15100|0|0|0|0|1|1500|0|0|0|0|0
S|RA508|41806103|12449153|OST|CF|2|30700|950|8610|600|210|1|2500|0|0|0|0|0
S|RA506|41805567|12393453| |TF|0|0|0|0|0|0|1|3500|0|0|0|0|0
S|OST|41803778|12237528| |TF|0|0|0|0|0|0|1|5000|0|0|0|0|0
S|OST|41803778|12237528| |IF|0|0|0|0|0|0|1|5000|0|0|0|0|0
S|XIBRI|41557778|12176944| |TF|0|0|0|0|0|0|0|0|0|0|0|0|0
S|ELVIN|41493889|12161389| |TF|0|0|0|0|0|0|0|0|0|0|0|0|0
S|ADMOP|41321944|12119444| |TF|0|0|0|0|0|0|0|0|0|0|0|0|0
S|PEPIX|41160000|12188611| |TF|0|0|0|0|0|0|1|10000|0|0|0|0|0

P|OST5X|15|PODOX|0|8
S| |91000000|181000000| |CA|0|15100|0|0|0|0|1|1500|0|0|0|0|0
S|RA508|41806103|12449153|OST|CF|2|30700|950|8610|600|210|1|2500|0|0|0|0|0
S|RA506|41805567|12393453| |TF|0|0|0|0|0|0|1|3500|0|0|0|0|0
S|OST|41803778|12237528| |TF|0|0|0|0|0|0|1|5000|0|0|0|0|0
S|OST|41803778|12237528| |IF|0|0|0|0|0|0|1|5000|0|0|0|0|0
S|XENOL|41788333|11552222| |TF|0|0|0|0|0|0|0|0|0|0|0|0|0
S|GISPA|41805278|11342222| |TF|0|0|0|0|0|0|0|0|0|0|0|0|0
S|PODOX|42277222|10576944| |TF|0|0|0|0|0|0|1|10000|0|0|0|0|0

P|OST5X|15|RIFFI|0|8
S| |91000000|181000000| |CA|0|15100|0|0|0|0|1|1500|0|0|0|0|0
S|RA508|41806103|12449153|OST|CF|2|30700|950|8610|600|210|1|2500|0|0|0|0|0
S|RA506|41805567|12393453| |TF|0|0|0|0|0|0|1|3500|0|0|0|0|0
S|OST|41803778|12237528| |TF|0|0|0|0|0|0|1|5000|0|0|0|0|0
S|OST|41803778|12237528| |IF|0|0|0|0|0|0|1|5000|0|0|0|0|0
S|XIBRI|41557778|12176944| |TF|0|0|0|0|0|0|0|0|0|0|0|0|0
S|ELVIN|41493889|12161389| |TF|0|0|0|0|0|0|0|0|0|0|0|0|0
S|RIFFI|41224444|12532222| |TF|0|0|0|0|0|0|1|9000|0|0|0|0|0

P|OST5X|15|SIPRO|0|11
S| |91000000|181000000| |CA|0|15100|0|0|0|0|1|1500|0|0|0|0|0
S|RA508|41806103|12449153|OST|CF|2|30700|950|8610|600|210|1|2500|0|0|0|0|0
S|RA506|41805567|12393453| |TF|0|0|0|0|0|0|1|3500|0|0|0|0|0
S|OST|41803778|12237528| |TF|0|0|0|0|0|0|1|5000|0|0|0|0|0
S|OST|41803778|12237528| |IF|0|0|0|0|0|0|1|5000|0|0|0|0|0
S|XIBRI|41557778|12176944| |TF|0|0|0|0|0|0|0|0|0|1|0|0|0
S|DIBVI|41517222|12410000| |DF|1|0|0|0|0|0|1|6000|0|0|0|0|0
S|IPMUT|41670556|12504722| |TF|0|0|0|0|0|0|0|0|0|0|0|0|0
S|OTKUB|41661944|12760556| |TF|0|0|0|0|0|0|1|12000|0|0|0|0|0
S|FRS|41642528|13292361| |TF|0|0|0|0|0|0|0|0|0|0|0|0|0
S|SIPRO|41446019|13680528| |TF|0|0|0|0|0|0|0|0|0|0|0|0|0

P|OST5X|15|SOVAN|0|7
S| |91000000|181000000| |CA|0|15100|0|0|0|0|1|1500|0|0|0|0|0
S|RA508|41806103|12449153|OST|CF|2|30700|950|8610|600|210|1|2500|0|0|0|0|0
S|RA506|41805567|12393453| |TF|0|0|0|0|0|0|1|3500|0|0|0|0|0
S|OST|41803778|12237528| |TF|0|0|0|0|0|0|1|5000|0|0|0|0|0
S|OST|41803778|12237528| |IF|0|0|0|0|0|0|1|5000|0|0|0|0|0
S|RA531|42192028|12109194| |TF|0|0|0|0|0|0|1|11000|0|0|0|0|0
S|SOVAN|42834722|11891667| |TF|0|0|0|0|0|0|0|0|0|0|0|0|0

P|OST5X|15|TIBER|0|10
S| |91000000|181000000| |CA|0|15100|0|0|0|0|1|1500|0|0|0|0|0
S|RA508|41806103|12449153|OST|CF|2|30700|950|8610|600|210|1|2500|0|0|0|0|0
S|RA506|41805567|12393453| |TF|0|0|0|0|0|0|1|3500|0|0|0|0|0
S|OST|41803778|12237528| |TF|0|0|0|0|0|0|1|5000|0|0|0|0|0
S|OST|41803778|12237528| |IF|0|0|0|0|0|0|1|5000|0|0|0|0|0
S|XIBRI|41557778|12176944| |TF|0|0|0|0|0|0|0|0|0|1|0|0|0
S|DIBVI|41517222|12410000| |DF|1|0|0|0|0|0|1|6000|0|0|0|0|0
S|RMC|41804667|12588000| |TF|0|0|0|0|0|0|0|0|0|0|0|0|0
S|GEGDU|42021389|12593056| |TF|0|0|0|0|0|0|1|11000|0|0|0|0|0
S|TIBER|42248875|12599000| |TF|0|0|0|0|0|0|0|0|0|0|0|0|0

P|OST7Y|15|ESINO|0|7
S| |91000000|181000000| |CA|0|15100|0|0|0|0|1|830|0|0|0|0|0
S|RA508|41806103|12449153|OST|CF|2|30700|950|8610|600|210|1|2500|0|0|0|0|0
S|RA506|41805567|12393453| |TF|0|0|0|0|0|0|1|3500|0|0|0|0|0
S|OST|41803778|12237528| |TF|0|0|0|0|0|0|1|5000|0|0|0|0|0
S|OST|41803778|12237528| |IF|0|0|0|0|0|0|1|5000|0|0|0|0|0
S|TORLI|41596667|12018333| |TF|0|0|0|0|0|0|0|0|0|0|0|0|0
S|ESINO|41384719|11794722| |TF|0|0|0|0|0|0|0|0|0|0|0|0|0

P|OST7Y|15|GILIO|0|7
S| |91000000|181000000| |CA|0|15100|0|0|0|0|1|830|0|0|0|0|0
S|RA508|41806103|12449153|OST|CF|2|30700|950|8610|600|210|1|2500|0|0|0|0|0
S|RA506|41805567|12393453| |TF|0|0|0|0|0|0|1|3500|0|0|0|0|0
S|OST|41803778|12237528| |TF|0|0|0|0|0|0|1|5000|0|0|0|0|0
S|OST|41803778|12237528| |IF|0|0|0|0|0|0|1|5000|0|0|0|0|0
S|NENIG|41900000|11592778| |TF|0|0|0|0|0|0|0|0|0|0|0|0|0
S|GILIO|42366667|10926111| |TF|0|0|0|0|0|0|1|10000|0|0|0|0|0

P|OST7Y|15|KONUT|0|7
S| |91000000|181000000| |CA|0|15100|0|0|0|0|1|830|0|0|0|0|0
S|RA508|41806103|12449153|OST|CF|2|30700|950|8610|600|210|1|2500|0|0|0|0|0
S|RA506|41805567|12393453| |TF|0|0|0|0|0|0|1|3500|0|0|0|0|0
S|OST|41803778|12237528| |TF|0|0|0|0|0|0|1|5000|0|0|0|0|0
S|OST|41803778|12237528| |IF|0|0|0|0|0|0|1|5000|0|0|0|0|0
S|TORLI|41596667|12018333| |TF|0|0|0|0|0|0|0|0|0|0|0|0|0
S|KONUT|41292778|12016667| |TF|0|0|0|0|0|0|1|10000|0|0|0|0|0

P|OST7Y|15|OKUNO|0|10
S| |91000000|181000000| |CA|0|15100|0|0|0|0|1|830|0|0|0|0|0
S|RA508|41806103|12449153|OST|CF|2|30700|950|8610|600|210|1|2500|0|0|0|0|0
S|RA506|41805567|12393453| |TF|0|0|0|0|0|0|1|3500|0|0|0|0|0
S|OST|41803778|12237528| |TF|0|0|0|0|0|0|1|5000|0|0|0|0|0
S|OST|41803778|12237528| |IF|0|0|0|0|0|0|1|5000|0|0|0|0|0
S|XIBRI|41557778|12176944| |TF|0|0|0|0|0|0|0|0|0|1|0|0|0
S|DIBVI|41517222|12410000| |DF|1|0|0|0|0|0|1|6000|0|0|0|0|0
S|RMC|41804667|12588000| |TF|0|0|0|0|0|0|0|0|0|0|0|0|0
S|LELSU|42037778|12807500| |TF|0|0|0|0|0|0|1|11000|0|0|0|0|0
S|OKUNO|42107222|12972500| |TF|0|0|0|0|0|0|0|0|0|0|0|0|0

P|OST7Y|15|PEMAR|0|10
S| |91000000|181000000| |CA|0|15100|0|0|0|0|1|830|0|0|0|0|0
S|RA508|41806103|12449153|OST|CF|2|30700|950|8610|600|210|1|2500|0|0|0|0|0
S|RA506|41805567|12393453| |TF|0|0|0|0|0|0|1|3500|0|0|0|0|0
S|OST|41803778|12237528| |TF|0|0|0|0|0|0|1|5000|0|0|0|0|0
S|OST|41803778|12237528| |IF|0|0|0|0|0|0|1|5000|0|0|0|0|0
S|XIBRI|41557778|12176944| |TF|0|0|0|0|0|0|0|0|0|1|0|0|0
S|DIBVI|41517222|12410000| |DF|1|0|0|0|0|0|1|6000|0|0|0|0|0
S|RMC|41804667|12588000| |TF|0|0|0|0|0|0|1|8000|0|0|0|0|0
S|RA536|41944917|12591194| |TF|0|0|0|0|0|0|0|0|0|0|0|0|0
S|PEMAR|42029725|12919444| |TF|0|0|0|0|0|0|1|11000|0|0|0|0|0

P|OST7Y|15|PEPIX|0|9
S| |91000000|181000000| |CA|0|15100|0|0|0|0|1|830|0|0|0|0|0
S|RA508|41806103|12449153|OST|CF|2|30700|950|8610|600|210|1|2500|0|0|0|0|0
S|RA506|41805567|12393453| |TF|0|0|0|0|0|0|1|3500|0|0|0|0|0
S|OST|41803778|12237528| |TF|0|0|0|0|0|0|1|5000|0|0|0|0|0
S|OST|41803778|12237528| |IF|0|0|0|0|0|0|1|5000|0|0|0|0|0
S|XIBRI|41557778|12176944| |TF|0|0|0|0|0|0|0|0|0|0|0|0|0
S|ELVIN|41493889|12161389| |TF|0|0|0|0|0|0|0|0|0|0|0|0|0
S|ADMOP|41321944|12119444| |TF|0|0|0|0|0|0|0|0|0|0|0|0|0
S|PEPIX|41160000|12188611| |TF|0|0|0|0|0|0|1|10000|0|0|0|0|0

P|OST7Y|15|PODOX|0|8
S| |91000000|181000000| |CA|0|15100|0|0|0|0|1|830|0|0|0|0|0
S|RA508|41806103|12449153|OST|CF|2|30700|950|8610|600|210|1|2500|0|0|0|0|0
S|RA506|41805567|12393453| |TF|0|0|0|0|0|0|1|3500|0|0|0|0|0
S|OST|41803778|12237528| |TF|0|0|0|0|0|0|1|5000|0|0|0|0|0
S|OST|41803778|12237528| |IF|0|0|0|0|0|0|1|5000|0|0|0|0|0
S|XENOL|41788333|11552222| |TF|0|0|0|0|0|0|0|0|0|0|0|0|0
S|GISPA|41805278|11342222| |TF|0|0|0|0|0|0|0|0|0|0|0|0|0
S|PODOX|42277222|10576944| |TF|0|0|0|0|0|0|1|10000|0|0|0|0|0

P|OST7Y|15|RIFFI|0|8
S| |91000000|181000000| |CA|0|15100|0|0|0|0|1|830|0|0|0|0|0
S|RA508|41806103|12449153|OST|CF|2|30700|950|8610|600|210|1|2500|0|0|0|0|0
S|RA506|41805567|12393453| |TF|0|0|0|0|0|0|1|3500|0|0|0|0|0
S|OST|41803778|12237528| |TF|0|0|0|0|0|0|1|5000|0|0|0|0|0
S|OST|41803778|12237528| |IF|0|0|0|0|0|0|1|5000|0|0|0|0|0
S|XIBRI|41557778|12176944| |TF|0|0|0|0|0|0|0|0|0|0|0|0|0
S|ELVIN|41493889|12161389| |TF|0|0|0|0|0|0|0|0|0|0|0|0|0
S|RIFFI|41224444|12532222| |TF|0|0|0|0|0|0|1|9000|0|0|0|0|0

P|OST7Y|15|SIPRO|0|11
S| |91000000|181000000| |CA|0|15100|0|0|0|0|1|830|0|0|0|0|0
S|RA508|41806103|12449153|OST|CF|2|30700|950|8610|600|210|1|2500|0|0|0|0|0
S|RA506|41805567|12393453| |TF|0|0|0|0|0|0|1|3500|0|0|0|0|0
S|OST|41803778|12237528| |TF|0|0|0|0|0|0|1|5000|0|0|0|0|0
S|OST|41803778|12237528| |IF|0|0|0|0|0|0|1|5000|0|0|0|0|0
S|XIBRI|41557778|12176944| |TF|0|0|0|0|0|0|0|0|0|1|0|0|0
S|DIBVI|41517222|12410000| |DF|1|0|0|0|0|0|1|6000|0|0|0|0|0
S|IPMUT|41670556|12504722| |TF|0|0|0|0|0|0|0|0|0|0|0|0|0
S|OTKUB|41661944|12760556| |TF|0|0|0|0|0|0|1|12000|0|0|0|0|0
S|FRS|41642528|13292361| |TF|0|0|0|0|0|0|0|0|0|0|0|0|0
S|SIPRO|41446019|13680528| |TF|0|0|0|0|0|0|0|0|0|0|0|0|0

P|OST7Y|15|SOVAN|0|7
S| |91000000|181000000| |CA|0|15100|0|0|0|0|1|830|0|0|0|0|0
S|RA508|41806103|12449153|OST|CF|2|30700|950|8610|600|210|1|2500|0|0|0|0|0
S|RA506|41805567|12393453| |TF|0|0|0|0|0|0|1|3500|0|0|0|0|0
S|OST|41803778|12237528| |TF|0|0|0|0|0|0|1|5000|0|0|0|0|0
S|OST|41803778|12237528| |IF|0|0|0|0|0|0|1|5000|0|0|0|0|0
S|RA531|42192028|12109194| |TF|0|0|0|0|0|0|1|11000|0|0|0|0|0
S|SOVAN|42834722|11891667| |TF|0|0|0|0|0|0|0|0|0|0|0|0|0

P|OST7Y|15|TIBER|0|10
S| |91000000|181000000| |CA|0|15100|0|0|0|0|1|830|0|0|0|0|0
S|RA508|41806103|12449153|OST|CF|2|30700|950|8610|600|210|1|2500|0|0|0|0|0
S|RA506|41805567|12393453| |TF|0|0|0|0|0|0|1|3500|0|0|0|0|0
S|OST|41803778|12237528| |TF|0|0|0|0|0|0|1|5000|0|0|0|0|0
S|OST|41803778|12237528| |IF|0|0|0|0|0|0|1|5000|0|0|0|0|0
S|XIBRI|41557778|12176944| |TF|0|0|0|0|0|0|0|0|0|1|0|0|0
S|DIBVI|41517222|12410000| |DF|1|0|0|0|0|0|1|6000|0|0|0|0|0
S|RMC|41804667|12588000| |TF|0|0|0|0|0|0|0|0|0|0|0|0|0
S|GEGDU|42021389|12593056| |TF|0|0|0|0|0|0|1|11000|0|0|0|0|0
S|TIBER|42248875|12599000| |TF|0|0|0|0|0|0|0|0|0|0|0|0|0

P|OST7Z|15|ESINO|0|7
S| |91000000|181000000| |CA|0|15100|0|0|0|0|1|830|0|0|0|0|0
S|RA604|41743189|12518517|OST|CF|2|28300|1310|10300|200|210|1|2500|0|0|0|0|0
S|RA507|41766742|12408650| |TF|0|0|0|0|0|0|1|3500|0|0|0|0|0
S|OST|41803778|12237528| |TF|0|0|0|0|0|0|1|5000|0|0|0|0|0
S|OST|41803778|12237528| |IF|0|0|0|0|0|0|1|5000|0|0|0|0|0
S|TORLI|41596667|12018333| |TF|0|0|0|0|0|0|0|0|0|0|0|0|0
S|ESINO|41384719|11794722| |TF|0|0|0|0|0|0|0|0|0|0|0|0|0

P|OST7Z|15|GILIO|0|7
S| |91000000|181000000| |CA|0|15100|0|0|0|0|1|830|0|0|0|0|0
S|RA604|41743189|12518517|OST|CF|2|28300|1310|10300|200|210|1|2500|0|0|0|0|0
S|RA507|41766742|12408650| |TF|0|0|0|0|0|0|1|3500|0|0|0|0|0
S|OST|41803778|12237528| |TF|0|0|0|0|0|0|1|5000|0|0|0|0|0
S|OST|41803778|12237528| |IF|0|0|0|0|0|0|1|5000|0|0|0|0|0
S|NENIG|41900000|11592778| |TF|0|0|0|0|0|0|0|0|0|0|0|0|0
S|GILIO|42366667|10926111| |TF|0|0|0|0|0|0|1|10000|0|0|0|0|0

P|OST7Z|15|KONUT|0|7
S| |91000000|181000000| |CA|0|15100|0|0|0|0|1|830|0|0|0|0|0
S|RA604|41743189|12518517|OST|CF|2|28300|1310|10300|200|210|1|2500|0|0|0|0|0
S|RA507|41766742|12408650| |TF|0|0|0|0|0|0|1|3500|0|0|0|0|0
S|OST|41803778|12237528| |TF|0|0|0|0|0|0|1|5000|0|0|0|0|0
S|OST|41803778|12237528| |IF|0|0|0|0|0|0|1|5000|0|0|0|0|0
S|TORLI|41596667|12018333| |TF|0|0|0|0|0|0|0|0|0|0|0|0|0
S|KONUT|41292778|12016667| |TF|0|0|0|0|0|0|1|10000|0|0|0|0|0

P|OST7Z|15|OKUNO|0|10
S| |91000000|181000000| |CA|0|15100|0|0|0|0|1|830|0|0|0|0|0
S|RA604|41743189|12518517|OST|CF|2|28300|1310|10300|200|210|1|2500|0|0|0|0|0
S|RA507|41766742|12408650| |TF|0|0|0|0|0|0|1|3500|0|0|0|0|0
S|OST|41803778|12237528| |TF|0|0|0|0|0|0|1|5000|0|0|0|0|0
S|OST|41803778|12237528| |IF|0|0|0|0|0|0|1|5000|0|0|0|0|0
S|XIBRI|41557778|12176944| |TF|0|0|0|0|0|0|0|0|0|1|0|0|0
S|DIBVI|41517222|12410000| |DF|1|0|0|0|0|0|1|6000|0|0|0|0|0
S|RMC|41804667|12588000| |TF|0|0|0|0|0|0|0|0|0|0|0|0|0
S|LELSU|42037778|12807500| |TF|0|0|0|0|0|0|1|11000|0|0|0|0|0
S|OKUNO|42107222|12972500| |TF|0|0|0|0|0|0|0|0|0|0|0|0|0

P|OST7Z|15|PEMAR|0|10
S| |91000000|181000000| |CA|0|15100|0|0|0|0|1|830|0|0|0|0|0
S|RA604|41743189|12518517|OST|CF|2|28300|1310|10300|200|210|1|2500|0|0|0|0|0
S|RA507|41766742|12408650| |TF|0|0|0|0|0|0|1|3500|0|0|0|0|0
S|OST|41803778|12237528| |TF|0|0|0|0|0|0|1|5000|0|0|0|0|0
S|OST|41803778|12237528| |IF|0|0|0|0|0|0|1|5000|0|0|0|0|0
S|XIBRI|41557778|12176944| |TF|0|0|0|0|0|0|0|0|0|1|0|0|0
S|DIBVI|41517222|12410000| |DF|1|0|0|0|0|0|1|6000|0|0|0|0|0
S|RMC|41804667|12588000| |TF|0|0|0|0|0|0|1|8000|0|0|0|0|0
S|RA536|41944917|12591194| |TF|0|0|0|0|0|0|0|0|0|0|0|0|0
S|PEMAR|42029725|12919444| |TF|0|0|0|0|0|0|1|11000|0|0|0|0|0

P|OST7Z|15|PEPIX|0|9
S| |91000000|181000000| |CA|0|15100|0|0|0|0|1|830|0|0|0|0|0
S|RA604|41743189|12518517|OST|CF|2|28300|1310|10300|200|210|1|2500|0|0|0|0|0
S|RA507|41766742|12408650| |TF|0|0|0|0|0|0|1|3500|0|0|0|0|0
S|OST|41803778|12237528| |TF|0|0|0|0|0|0|1|5000|0|0|0|0|0
S|OST|41803778|12237528| |IF|0|0|0|0|0|0|1|5000|0|0|0|0|0
S|XIBRI|41557778|12176944| |TF|0|0|0|0|0|0|0|0|0|0|0|0|0
S|ELVIN|41493889|12161389| |TF|0|0|0|0|0|0|0|0|0|0|0|0|0
S|ADMOP|41321944|12119444| |TF|0|0|0|0|0|0|0|0|0|0|0|0|0
S|PEPIX|41160000|12188611| |TF|0|0|0|0|0|0|1|10000|0|0|0|0|0

P|OST7Z|15|PODOX|0|8
S| |91000000|181000000| |CA|0|15100|0|0|0|0|1|830|0|0|0|0|0
S|RA604|41743189|12518517|OST|CF|2|28300|1310|10300|200|210|1|2500|0|0|0|0|0
S|RA507|41766742|12408650| |TF|0|0|0|0|0|0|1|3500|0|0|0|0|0
S|OST|41803778|12237528| |TF|0|0|0|0|0|0|1|5000|0|0|0|0|0
S|OST|41803778|12237528| |IF|0|0|0|0|0|0|1|5000|0|0|0|0|0
S|XENOL|41788333|11552222| |TF|0|0|0|0|0|0|0|0|0|0|0|0|0
S|GISPA|41805278|11342222| |TF|0|0|0|0|0|0|0|0|0|0|0|0|0
S|PODOX|42277222|10576944| |TF|0|0|0|0|0|0|1|10000|0|0|0|0|0

P|OST7Z|15|RIFFI|0|8
S| |91000000|181000000| |CA|0|15100|0|0|0|0|1|830|0|0|0|0|0
S|RA604|41743189|12518517|OST|CF|2|28300|1310|10300|200|210|1|2500|0|0|0|0|0
S|RA507|41766742|12408650| |TF|0|0|0|0|0|0|1|3500|0|0|0|0|0
S|OST|41803778|12237528| |TF|0|0|0|0|0|0|1|5000|0|0|0|0|0
S|OST|41803778|12237528| |IF|0|0|0|0|0|0|1|5000|0|0|0|0|0
S|XIBRI|41557778|12176944| |TF|0|0|0|0|0|0|0|0|0|0|0|0|0
S|ELVIN|41493889|12161389| |TF|0|0|0|0|0|0|0|0|0|0|0|0|0
S|RIFFI|41224444|12532222| |TF|0|0|0|0|0|0|1|9000|0|0|0|0|0

P|OST7Z|15|SIPRO|0|11
S| |91000000|181000000| |CA|0|15100|0|0|0|0|1|830|0|0|0|0|0
S|RA604|41743189|12518517|OST|CF|2|28300|1310|10300|200|210|1|2500|0|0|0|0|0
S|RA507|41766742|12408650| |TF|0|0|0|0|0|0|1|3500|0|0|0|0|0
S|OST|41803778|12237528| |TF|0|0|0|0|0|0|1|5000|0|0|0|0|0
S|OST|41803778|12237528| |IF|0|0|0|0|0|0|1|5000|0|0|0|0|0
S|XIBRI|41557778|12176944| |TF|0|0|0|0|0|0|0|0|0|1|0|0|0
S|DIBVI|41517222|12410000| |DF|1|0|0|0|0|0|1|6000|0|0|0|0|0
S|IPMUT|41670556|12504722| |TF|0|0|0|0|0|0|0|0|0|0|0|0|0
S|OTKUB|41661944|12760556| |TF|0|0|0|0|0|0|1|12000|0|0|0|0|0
S|FRS|41642528|13292361| |TF|0|0|0|0|0|0|0|0|0|0|0|0|0
S|SIPRO|41446019|13680528| |TF|0|0|0|0|0|0|0|0|0|0|0|0|0

P|OST7Z|15|SOVAN|0|7
S| |91000000|181000000| |CA|0|15100|0|0|0|0|1|830|0|0|0|0|0
S|RA604|41743189|12518517|OST|CF|2|28300|1310|10300|200|210|1|2500|0|0|0|0|0
S|RA507|41766742|12408650| |TF|0|0|0|0|0|0|1|3500|0|0|0|0|0
S|OST|41803778|12237528| |TF|0|0|0|0|0|0|1|5000|0|0|0|0|0
S|OST|41803778|12237528| |IF|0|0|0|0|0|0|1|5000|0|0|0|0|0
S|RA531|42192028|12109194| |TF|0|0|0|0|0|0|1|11000|0|0|0|0|0
S|SOVAN|42834722|11891667| |TF|0|0|0|0|0|0|0|0|0|0|0|0|0

P|OST7Z|15|TIBER|0|10
S| |91000000|181000000| |CA|0|15100|0|0|0|0|1|830|0|0|0|0|0
S|RA604|41743189|12518517|OST|CF|2|28300|1310|10300|200|210|1|2500|0|0|0|0|0
S|RA507|41766742|12408650| |TF|0|0|0|0|0|0|1|3500|0|0|0|0|0
S|OST|41803778|12237528| |TF|0|0|0|0|0|0|1|5000|0|0|0|0|0
S|OST|41803778|12237528| |IF|0|0|0|0|0|0|1|5000|0|0|0|0|0
S|XIBRI|41557778|12176944| |TF|0|0|0|0|0|0|0|0|0|1|0|0|0
S|DIBVI|41517222|12410000| |DF|1|0|0|0|0|0|1|6000|0|0|0|0|0
S|RMC|41804667|12588000| |TF|0|0|0|0|0|0|0|0|0|0|0|0|0
S|GEGDU|42021389|12593056| |TF|0|0|0|0|0|0|1|11000|0|0|0|0|0
S|TIBER|42248875|12599000| |TF|0|0|0|0|0|0|0|0|0|0|0|0|0

P|OST8A|15|ESINO|0|6
S| |91000000|181000000| |CA|0|14900|0|0|0|0|1|1000|0|0|0|0|0
S|D103H|41766881|12408806|OST|CF|2|28300|800|10300|700|210|1|3000|0|0|0|0|0
S|OST|41803778|12237528| |TF|0|0|0|0|0|0|1|5000|0|0|0|0|0
S|OST|41803778|12237528| |IF|0|0|0|0|0|0|1|5000|0|0|0|0|0
S|TORLI|41596667|12018333| |TF|0|0|0|0|0|0|0|0|0|0|0|0|0
S|ESINO|41384719|11794722| |TF|0|0|0|0|0|0|0|0|0|0|0|0|0

P|OST8A|15|GILIO|0|6
S| |91000000|181000000| |CA|0|14900|0|0|0|0|1|1000|0|0|0|0|0
S|D103H|41766881|12408806|OST|CF|2|28300|800|10300|700|210|1|3000|0|0|0|0|0
S|OST|41803778|12237528| |TF|0|0|0|0|0|0|1|5000|0|0|0|0|0
S|OST|41803778|12237528| |IF|0|0|0|0|0|0|1|5000|0|0|0|0|0
S|NENIG|41900000|11592778| |TF|0|0|0|0|0|0|0|0|0|0|0|0|0
S|GILIO|42366667|10926111| |TF|0|0|0|0|0|0|1|10000|0|0|0|0|0

P|OST8A|15|KONUT|0|6
S| |91000000|181000000| |CA|0|14900|0|0|0|0|1|1000|0|0|0|0|0
S|D103H|41766881|12408806|OST|CF|2|28300|800|10300|700|210|1|3000|0|0|0|0|0
S|OST|41803778|12237528| |TF|0|0|0|0|0|0|1|5000|0|0|0|0|0
S|OST|41803778|12237528| |IF|0|0|0|0|0|0|1|5000|0|0|0|0|0
S|TORLI|41596667|12018333| |TF|0|0|0|0|0|0|0|0|0|0|0|0|0
S|KONUT|41292778|12016667| |TF|0|0|0|0|0|0|1|10000|0|0|0|0|0

P|OST8A|15|OKUNO|0|9
S| |91000000|181000000| |CA|0|14900|0|0|0|0|1|1000|0|0|0|0|0
S|D103H|41766881|12408806|OST|CF|2|28300|800|10300|700|210|1|3000|0|0|0|0|0
S|OST|41803778|12237528| |TF|0|0|0|0|0|0|1|5000|0|0|0|0|0
S|OST|41803778|12237528| |IF|0|0|0|0|0|0|1|5000|0|0|0|0|0
S|XIBRI|41557778|12176944| |TF|0|0|0|0|0|0|0|0|0|1|0|0|0
S|DIBVI|41517222|12410000| |DF|1|0|0|0|0|0|1|6000|0|0|0|0|0
S|RMC|41804667|12588000| |TF|0|0|0|0|0|0|0|0|0|0|0|0|0
S|LELSU|42037778|12807500| |TF|0|0|0|0|0|0|1|11000|0|0|0|0|0
S|OKUNO|42107222|12972500| |TF|0|0|0|0|0|0|0|0|0|0|0|0|0

P|OST8A|15|PEMAR|0|9
S| |91000000|181000000| |CA|0|14900|0|0|0|0|1|1000|0|0|0|0|0
S|D103H|41766881|12408806|OST|CF|2|28300|800|10300|700|210|1|3000|0|0|0|0|0
S|OST|41803778|12237528| |TF|0|0|0|0|0|0|1|5000|0|0|0|0|0
S|OST|41803778|12237528| |IF|0|0|0|0|0|0|1|5000|0|0|0|0|0
S|XIBRI|41557778|12176944| |TF|0|0|0|0|0|0|0|0|0|1|0|0|0
S|DIBVI|41517222|12410000| |DF|1|0|0|0|0|0|1|6000|0|0|0|0|0
S|RMC|41804667|12588000| |TF|0|0|0|0|0|0|1|8000|0|0|0|0|0
S|RA536|41944917|12591194| |TF|0|0|0|0|0|0|0|0|0|0|0|0|0
S|PEMAR|42029725|12919444| |TF|0|0|0|0|0|0|1|11000|0|0|0|0|0

P|OST8A|15|PEPIX|0|8
S| |91000000|181000000| |CA|0|14900|0|0|0|0|1|1000|0|0|0|0|0
S|D103H|41766881|12408806|OST|CF|2|28300|800|10300|700|210|1|3000|0|0|0|0|0
S|OST|41803778|12237528| |TF|0|0|0|0|0|0|1|5000|0|0|0|0|0
S|OST|41803778|12237528| |IF|0|0|0|0|0|0|1|5000|0|0|0|0|0
S|XIBRI|41557778|12176944| |TF|0|0|0|0|0|0|0|0|0|0|0|0|0
S|ELVIN|41493889|12161389| |TF|0|0|0|0|0|0|0|0|0|0|0|0|0
S|ADMOP|41321944|12119444| |TF|0|0|0|0|0|0|0|0|0|0|0|0|0
S|PEPIX|41160000|12188611| |TF|0|0|0|0|0|0|1|10000|0|0|0|0|0

P|OST8A|15|PODOX|0|7
S| |91000000|181000000| |CA|0|14900|0|0|0|0|1|1000|0|0|0|0|0
S|D103H|41766881|12408806|OST|CF|2|28300|800|10300|700|210|1|3000|0|0|0|0|0
S|OST|41803778|12237528| |TF|0|0|0|0|0|0|1|5000|0|0|0|0|0
S|OST|41803778|12237528| |IF|0|0|0|0|0|0|1|5000|0|0|0|0|0
S|XENOL|41788333|11552222| |TF|0|0|0|0|0|0|0|0|0|0|0|0|0
S|GISPA|41805278|11342222| |TF|0|0|0|0|0|0|0|0|0|0|0|0|0
S|PODOX|42277222|10576944| |TF|0|0|0|0|0|0|1|10000|0|0|0|0|0

P|OST8A|15|RIFFI|0|7
S| |91000000|181000000| |CA|0|14900|0|0|0|0|1|1000|0|0|0|0|0
S|D103H|41766881|12408806|OST|CF|2|28300|800|10300|700|210|1|3000|0|0|0|0|0
S|OST|41803778|12237528| |TF|0|0|0|0|0|0|1|5000|0|0|0|0|0
S|OST|41803778|12237528| |IF|0|0|0|0|0|0|1|5000|0|0|0|0|0
S|XIBRI|41557778|12176944| |TF|0|0|0|0|0|0|0|0|0|0|0|0|0
S|ELVIN|41493889|12161389| |TF|0|0|0|0|0|0|0|0|0|0|0|0|0
S|RIFFI|41224444|12532222| |TF|0|0|0|0|0|0|1|9000|0|0|0|0|0

P|OST8A|15|SIPRO|0|10
S| |91000000|181000000| |CA|0|14900|0|0|0|0|1|1000|0|0|0|0|0
S|D103H|41766881|12408806|OST|CF|2|28300|800|10300|700|210|1|3000|0|0|0|0|0
S|OST|41803778|12237528| |TF|0|0|0|0|0|0|1|5000|0|0|0|0|0
S|OST|41803778|12237528| |IF|0|0|0|0|0|0|1|5000|0|0|0|0|0
S|XIBRI|41557778|12176944| |TF|0|0|0|0|0|0|0|0|0|1|0|0|0
S|DIBVI|41517222|12410000| |DF|1|0|0|0|0|0|1|6000|0|0|0|0|0
S|IPMUT|41670556|12504722| |TF|0|0|0|0|0|0|0|0|0|0|0|0|0
S|OTKUB|41661944|12760556| |TF|0|0|0|0|0|0|1|12000|0|0|0|0|0
S|FRS|41642528|13292361| |TF|0|0|0|0|0|0|0|0|0|0|0|0|0
S|SIPRO|41446019|13680528| |TF|0|0|0|0|0|0|0|0|0|0|0|0|0

P|OST8A|15|SOVAN|0|6
S| |91000000|181000000| |CA|0|14900|0|0|0|0|1|1000|0|0|0|0|0
S|D103H|41766881|12408806|OST|CF|2|28300|800|10300|700|210|1|3000|0|0|0|0|0
S|OST|41803778|12237528| |TF|0|0|0|0|0|0|1|5000|0|0|0|0|0
S|OST|41803778|12237528| |IF|0|0|0|0|0|0|1|5000|0|0|0|0|0
S|RA531|42192028|12109194| |TF|0|0|0|0|0|0|1|11000|0|0|0|0|0
S|SOVAN|42834722|11891667| |TF|0|0|0|0|0|0|0|0|0|0|0|0|0

P|OST8A|15|TIBER|0|9
S| |91000000|181000000| |CA|0|14900|0|0|0|0|1|1000|0|0|0|0|0
S|D103H|41766881|12408806|OST|CF|2|28300|800|10300|700|210|1|3000|0|0|0|0|0
S|OST|41803778|12237528| |TF|0|0|0|0|0|0|1|5000|0|0|0|0|0
S|OST|41803778|12237528| |IF|0|0|0|0|0|0|1|5000|0|0|0|0|0
S|XIBRI|41557778|12176944| |TF|0|0|0|0|0|0|0|0|0|1|0|0|0
S|DIBVI|41517222|12410000| |DF|1|0|0|0|0|0|1|6000|0|0|0|0|0
S|RMC|41804667|12588000| |TF|0|0|0|0|0|0|0|0|0|0|0|0|0
S|GEGDU|42021389|12593056| |TF|0|0|0|0|0|0|1|11000|0|0|0|0|0
S|TIBER|42248875|12599000| |TF|0|0|0|0|0|0|0|0|0|0|0|0|0

P|OST8B|15|ESINO|0|7
S| |91000000|181000000| |CA|0|14900|0|0|0|0|1|1000|0|0|0|0|0
S| |91000000|181000000|OST|CR|2|30600|0|8600|0|210|1|2000|0|0|0|0|0
S|D086G|41805708|12393506|OST|CF|0|26600|700|8600|300|0|1|3000|0|0|0|0|0
S|OST|41803778|12237528| |TF|0|0|0|0|0|0|1|5000|0|0|0|0|0
S|OST|41803778|12237528| |IF|0|0|0|0|0|0|1|5000|0|0|0|0|0
S|TORLI|41596667|12018333| |TF|0|0|0|0|0|0|0|0|0|0|0|0|0
S|ESINO|41384719|11794722| |TF|0|0|0|0|0|0|0|0|0|0|0|0|0

P|OST8B|15|GILIO|0|7
S| |91000000|181000000| |CA|0|14900|0|0|0|0|1|1000|0|0|0|0|0
S| |91000000|181000000|OST|CR|2|30600|0|8600|0|210|1|2000|0|0|0|0|0
S|D086G|41805708|12393506|OST|CF|0|26600|700|8600|300|0|1|3000|0|0|0|0|0
S|OST|41803778|12237528| |TF|0|0|0|0|0|0|1|5000|0|0|0|0|0
S|OST|41803778|12237528| |IF|0|0|0|0|0|0|1|5000|0|0|0|0|0
S|NENIG|41900000|11592778| |TF|0|0|0|0|0|0|0|0|0|0|0|0|0
S|GILIO|42366667|10926111| |TF|0|0|0|0|0|0|1|10000|0|0|0|0|0

P|OST8B|15|KONUT|0|7
S| |91000000|181000000| |CA|0|14900|0|0|0|0|1|1000|0|0|0|0|0
S| |91000000|181000000|OST|CR|2|30600|0|8600|0|210|1|2000|0|0|0|0|0
S|D086G|41805708|12393506|OST|CF|0|26600|700|8600|300|0|1|3000|0|0|0|0|0
S|OST|41803778|12237528| |TF|0|0|0|0|0|0|1|5000|0|0|0|0|0
S|OST|41803778|12237528| |IF|0|0|0|0|0|0|1|5000|0|0|0|0|0
S|TORLI|41596667|12018333| |TF|0|0|0|0|0|0|0|0|0|0|0|0|0
S|KONUT|41292778|12016667| |TF|0|0|0|0|0|0|1|10000|0|0|0|0|0

P|OST8B|15|OKUNO|0|10
S| |91000000|181000000| |CA|0|14900|0|0|0|0|1|1000|0|0|0|0|0
S| |91000000|181000000|OST|CR|2|30600|0|8600|0|210|1|2000|0|0|0|0|0
S|D086G|41805708|12393506|OST|CF|0|26600|700|8600|300|0|1|3000|0|0|0|0|0
S|OST|41803778|12237528| |TF|0|0|0|0|0|0|1|5000|0|0|0|0|0
S|OST|41803778|12237528| |IF|0|0|0|0|0|0|1|5000|0|0|0|0|0
S|XIBRI|41557778|12176944| |TF|0|0|0|0|0|0|0|0|0|1|0|0|0
S|DIBVI|41517222|12410000| |DF|1|0|0|0|0|0|1|6000|0|0|0|0|0
S|RMC|41804667|12588000| |TF|0|0|0|0|0|0|0|0|0|0|0|0|0
S|LELSU|42037778|12807500| |TF|0|0|0|0|0|0|1|11000|0|0|0|0|0
S|OKUNO|42107222|12972500| |TF|0|0|0|0|0|0|0|0|0|0|0|0|0

P|OST8B|15|PEMAR|0|10
S| |91000000|181000000| |CA|0|14900|0|0|0|0|1|1000|0|0|0|0|0
S| |91000000|181000000|OST|CR|2|30600|0|8600|0|210|1|2000|0|0|0|0|0
S|D086G|41805708|12393506|OST|CF|0|26600|700|8600|300|0|1|3000|0|0|0|0|0
S|OST|41803778|12237528| |TF|0|0|0|0|0|0|1|5000|0|0|0|0|0
S|OST|41803778|12237528| |IF|0|0|0|0|0|0|1|5000|0|0|0|0|0
S|XIBRI|41557778|12176944| |TF|0|0|0|0|0|0|0|0|0|1|0|0|0
S|DIBVI|41517222|12410000| |DF|1|0|0|0|0|0|1|6000|0|0|0|0|0
S|RMC|41804667|12588000| |TF|0|0|0|0|0|0|1|8000|0|0|0|0|0
S|RA536|41944917|12591194| |TF|0|0|0|0|0|0|0|0|0|0|0|0|0
S|PEMAR|42029725|12919444| |TF|0|0|0|0|0|0|1|11000|0|0|0|0|0

P|OST8B|15|PEPIX|0|9
S| |91000000|181000000| |CA|0|14900|0|0|0|0|1|1000|0|0|0|0|0
S| |91000000|181000000|OST|CR|2|30600|0|8600|0|210|1|2000|0|0|0|0|0
S|D086G|41805708|12393506|OST|CF|0|26600|700|8600|300|0|1|3000|0|0|0|0|0
S|OST|41803778|12237528| |TF|0|0|0|0|0|0|1|5000|0|0|0|0|0
S|OST|41803778|12237528| |IF|0|0|0|0|0|0|1|5000|0|0|0|0|0
S|XIBRI|41557778|12176944| |TF|0|0|0|0|0|0|0|0|0|0|0|0|0
S|ELVIN|41493889|12161389| |TF|0|0|0|0|0|0|0|0|0|0|0|0|0
S|ADMOP|41321944|12119444| |TF|0|0|0|0|0|0|0|0|0|0|0|0|0
S|PEPIX|41160000|12188611| |TF|0|0|0|0|0|0|1|10000|0|0|0|0|0

P|OST8B|15|PODOX|0|8
S| |91000000|181000000| |CA|0|14900|0|0|0|0|1|1000|0|0|0|0|0
S| |91000000|181000000|OST|CR|2|30600|0|8600|0|210|1|2000|0|0|0|0|0
S|D086G|41805708|12393506|OST|CF|0|26600|700|8600|300|0|1|3000|0|0|0|0|0
S|OST|41803778|12237528| |TF|0|0|0|0|0|0|1|5000|0|0|0|0|0
S|OST|41803778|12237528| |IF|0|0|0|0|0|0|1|5000|0|0|0|0|0
S|XENOL|41788333|11552222| |TF|0|0|0|0|0|0|0|0|0|0|0|0|0
S|GISPA|41805278|11342222| |TF|0|0|0|0|0|0|0|0|0|0|0|0|0
S|PODOX|42277222|10576944| |TF|0|0|0|0|0|0|1|10000|0|0|0|0|0

P|OST8B|15|RIFFI|0|8
S| |91000000|181000000| |CA|0|14900|0|0|0|0|1|1000|0|0|0|0|0
S| |91000000|181000000|OST|CR|2|30600|0|8600|0|210|1|2000|0|0|0|0|0
S|D086G|41805708|12393506|OST|CF|0|26600|700|8600|300|0|1|3000|0|0|0|0|0
S|OST|41803778|12237528| |TF|0|0|0|0|0|0|1|5000|0|0|0|0|0
S|OST|41803778|12237528| |IF|0|0|0|0|0|0|1|5000|0|0|0|0|0
S|XIBRI|41557778|12176944| |TF|0|0|0|0|0|0|0|0|0|0|0|0|0
S|ELVIN|41493889|12161389| |TF|0|0|0|0|0|0|0|0|0|0|0|0|0
S|RIFFI|41224444|12532222| |TF|0|0|0|0|0|0|1|9000|0|0|0|0|0

P|OST8B|15|SIPRO|0|11
S| |91000000|181000000| |CA|0|14900|0|0|0|0|1|1000|0|0|0|0|0
S| |91000000|181000000|OST|CR|2|30600|0|8600|0|210|1|2000|0|0|0|0|0
S|D086G|41805708|12393506|OST|CF|0|26600|700|8600|300|0|1|3000|0|0|0|0|0
S|OST|41803778|12237528| |TF|0|0|0|0|0|0|1|5000|0|0|0|0|0
S|OST|41803778|12237528| |IF|0|0|0|0|0|0|1|5000|0|0|0|0|0
S|XIBRI|41557778|12176944| |TF|0|0|0|0|0|0|0|0|0|1|0|0|0
S|DIBVI|41517222|12410000| |DF|1|0|0|0|0|0|1|6000|0|0|0|0|0
S|IPMUT|41670556|12504722| |TF|0|0|0|0|0|0|0|0|0|0|0|0|0
S|OTKUB|41661944|12760556| |TF|0|0|0|0|0|0|1|12000|0|0|0|0|0
S|FRS|41642528|13292361| |TF|0|0|0|0|0|0|0|0|0|0|0|0|0
S|SIPRO|41446019|13680528| |TF|0|0|0|0|0|0|0|0|0|0|0|0|0

P|OST8B|15|SOVAN|0|7
S| |91000000|181000000| |CA|0|14900|0|0|0|0|1|1000|0|0|0|0|0
S| |91000000|181000000|OST|CR|2|30600|0|8600|0|210|1|2000|0|0|0|0|0
S|D086G|41805708|12393506|OST|CF|0|26600|700|8600|300|0|1|3000|0|0|0|0|0
S|OST|41803778|12237528| |TF|0|0|0|0|0|0|1|5000|0|0|0|0|0
S|OST|41803778|12237528| |IF|0|0|0|0|0|0|1|5000|0|0|0|0|0
S|RA531|42192028|12109194| |TF|0|0|0|0|0|0|1|11000|0|0|0|0|0
S|SOVAN|42834722|11891667| |TF|0|0|0|0|0|0|0|0|0|0|0|0|0

P|OST8B|15|TIBER|0|10
S| |91000000|181000000| |CA|0|14900|0|0|0|0|1|1000|0|0|0|0|0
S| |91000000|181000000|OST|CR|2|30600|0|8600|0|210|1|2000|0|0|0|0|0
S|D086G|41805708|12393506|OST|CF|0|26600|700|8600|300|0|1|3000|0|0|0|0|0
S|OST|41803778|12237528| |TF|0|0|0|0|0|0|1|5000|0|0|0|0|0
S|OST|41803778|12237528| |IF|0|0|0|0|0|0|1|5000|0|0|0|0|0
S|XIBRI|41557778|12176944| |TF|0|0|0|0|0|0|0|0|0|1|0|0|0
S|DIBVI|41517222|12410000| |DF|1|0|0|0|0|0|1|6000|0|0|0|0|0
S|RMC|41804667|12588000| |TF|0|0|0|0|0|0|0|0|0|0|0|0|0
S|GEGDU|42021389|12593056| |TF|0|0|0|0|0|0|1|11000|0|0|0|0|0
S|TIBER|42248875|12599000| |TF|0|0|0|0|0|0|0|0|0|0|0|0|0

P|OST8C|15|ESINO|0|8
S| |91000000|181000000| |CA|0|14900|0|0|0|0|1|1000|0|0|0|0|0
S|D086L|41807022|12510958|OST|CF|2|34000|1230|8600|300|210|1|2000|0|0|0|0|0
S|D073L|41851119|12493022| |TF|0|0|0|0|0|0|1|3000|0|1|0|0|0
S|AKILI|41830556|12319444|OST|CF|1|24300|400|6340|600|0|1|4000|0|0|0|0|0
S|OST|41803778|12237528| |TF|0|0|0|0|0|0|1|5000|0|0|0|0|0
S|OST|41803778|12237528| |IF|0|0|0|0|0|0|1|5000|0|0|0|0|0
S|TORLI|41596667|12018333| |TF|0|0|0|0|0|0|0|0|0|0|0|0|0
S|ESINO|41384719|11794722| |TF|0|0|0|0|0|0|0|0|0|0|0|0|0

P|OST8C|15|GILIO|0|8
S| |91000000|181000000| |CA|0|14900|0|0|0|0|1|1000|0|0|0|0|0
S|D086L|41807022|12510958|OST|CF|2|34000|1230|8600|300|210|1|2000|0|0|0|0|0
S|D073L|41851119|12493022| |TF|0|0|0|0|0|0|1|3000|0|1|0|0|0
S|AKILI|41830556|12319444|OST|CF|1|24300|400|6340|600|0|1|4000|0|0|0|0|0
S|OST|41803778|12237528| |TF|0|0|0|0|0|0|1|5000|0|0|0|0|0
S|OST|41803778|12237528| |IF|0|0|0|0|0|0|1|5000|0|0|0|0|0
S|NENIG|41900000|11592778| |TF|0|0|0|0|0|0|0|0|0|0|0|0|0
S|GILIO|42366667|10926111| |TF|0|0|0|0|0|0|1|10000|0|0|0|0|0

P|OST8C|15|KONUT|0|8
S| |91000000|181000000| |CA|0|14900|0|0|0|0|1|1000|0|0|0|0|0
S|D086L|41807022|12510958|OST|CF|2|34000|1230|8600|300|210|1|2000|0|0|0|0|0
S|D073L|41851119|12493022| |TF|0|0|0|0|0|0|1|3000|0|1|0|0|0
S|AKILI|41830556|12319444|OST|CF|1|24300|400|6340|600|0|1|4000|0|0|0|0|0
S|OST|41803778|12237528| |TF|0|0|0|0|0|0|1|5000|0|0|0|0|0
S|OST|41803778|12237528| |IF|0|0|0|0|0|0|1|5000|0|0|0|0|0
S|TORLI|41596667|12018333| |TF|0|0|0|0|0|0|0|0|0|0|0|0|0
S|KONUT|41292778|12016667| |TF|0|0|0|0|0|0|1|10000|0|0|0|0|0

P|OST8C|15|OKUNO|0|11
S| |91000000|181000000| |CA|0|14900|0|0|0|0|1|1000|0|0|0|0|0
S|D086L|41807022|12510958|OST|CF|2|34000|1230|8600|300|210|1|2000|0|0|0|0|0
S|D073L|41851119|12493022| |TF|0|0|0|0|0|0|1|3000|0|1|0|0|0
S|AKILI|41830556|12319444|OST|CF|1|24300|400|6340|600|0|1|4000|0|0|0|0|0
S|OST|41803778|12237528| |TF|0|0|0|0|0|0|1|5000|0|0|0|0|0
S|OST|41803778|12237528| |IF|0|0|0|0|0|0|1|5000|0|0|0|0|0
S|XIBRI|41557778|12176944| |TF|0|0|0|0|0|0|0|0|0|1|0|0|0
S|DIBVI|41517222|12410000| |DF|1|0|0|0|0|0|1|6000|0|0|0|0|0
S|RMC|41804667|12588000| |TF|0|0|0|0|0|0|0|0|0|0|0|0|0
S|LELSU|42037778|12807500| |TF|0|0|0|0|0|0|1|11000|0|0|0|0|0
S|OKUNO|42107222|12972500| |TF|0|0|0|0|0|0|0|0|0|0|0|0|0

P|OST8C|15|PEMAR|0|11
S| |91000000|181000000| |CA|0|14900|0|0|0|0|1|1000|0|0|0|0|0
S|D086L|41807022|12510958|OST|CF|2|34000|1230|8600|300|210|1|2000|0|0|0|0|0
S|D073L|41851119|12493022| |TF|0|0|0|0|0|0|1|3000|0|1|0|0|0
S|AKILI|41830556|12319444|OST|CF|1|24300|400|6340|600|0|1|4000|0|0|0|0|0
S|OST|41803778|12237528| |TF|0|0|0|0|0|0|1|5000|0|0|0|0|0
S|OST|41803778|12237528| |IF|0|0|0|0|0|0|1|5000|0|0|0|0|0
S|XIBRI|41557778|12176944| |TF|0|0|0|0|0|0|0|0|0|1|0|0|0
S|DIBVI|41517222|12410000| |DF|1|0|0|0|0|0|1|6000|0|0|0|0|0
S|RMC|41804667|12588000| |TF|0|0|0|0|0|0|1|8000|0|0|0|0|0
S|RA536|41944917|12591194| |TF|0|0|0|0|0|0|0|0|0|0|0|0|0
S|PEMAR|42029725|12919444| |TF|0|0|0|0|0|0|1|11000|0|0|0|0|0

P|OST8C|15|PEPIX|0|10
S| |91000000|181000000| |CA|0|14900|0|0|0|0|1|1000|0|0|0|0|0
S|D086L|41807022|12510958|OST|CF|2|34000|1230|8600|300|210|1|2000|0|0|0|0|0
S|D073L|41851119|12493022| |TF|0|0|0|0|0|0|1|3000|0|1|0|0|0
S|AKILI|41830556|12319444|OST|CF|1|24300|400|6340|600|0|1|4000|0|0|0|0|0
S|OST|41803778|12237528| |TF|0|0|0|0|0|0|1|5000|0|0|0|0|0
S|OST|41803778|12237528| |IF|0|0|0|0|0|0|1|5000|0|0|0|0|0
S|XIBRI|41557778|12176944| |TF|0|0|0|0|0|0|0|0|0|0|0|0|0
S|ELVIN|41493889|12161389| |TF|0|0|0|0|0|0|0|0|0|0|0|0|0
S|ADMOP|41321944|12119444| |TF|0|0|0|0|0|0|0|0|0|0|0|0|0
S|PEPIX|41160000|12188611| |TF|0|0|0|0|0|0|1|10000|0|0|0|0|0

P|OST8C|15|PODOX|0|9
S| |91000000|181000000| |CA|0|14900|0|0|0|0|1|1000|0|0|0|0|0
S|D086L|41807022|12510958|OST|CF|2|34000|1230|8600|300|210|1|2000|0|0|0|0|0
S|D073L|41851119|12493022| |TF|0|0|0|0|0|0|1|3000|0|1|0|0|0
S|AKILI|41830556|12319444|OST|CF|1|24300|400|6340|600|0|1|4000|0|0|0|0|0
S|OST|41803778|12237528| |TF|0|0|0|0|0|0|1|5000|0|0|0|0|0
S|OST|41803778|12237528| |IF|0|0|0|0|0|0|1|5000|0|0|0|0|0
S|XENOL|41788333|11552222| |TF|0|0|0|0|0|0|0|0|0|0|0|0|0
S|GISPA|41805278|11342222| |TF|0|0|0|0|0|0|0|0|0|0|0|0|0
S|PODOX|42277222|10576944| |TF|0|0|0|0|0|0|1|10000|0|0|0|0|0

P|OST8C|15|RIFFI|0|9
S| |91000000|181000000| |CA|0|14900|0|0|0|0|1|1000|0|0|0|0|0
S|D086L|41807022|12510958|OST|CF|2|34000|1230|8600|300|210|1|2000|0|0|0|0|0
S|D073L|41851119|12493022| |TF|0|0|0|0|0|0|1|3000|0|1|0|0|0
S|AKILI|41830556|12319444|OST|CF|1|24300|400|6340|600|0|1|4000|0|0|0|0|0
S|OST|41803778|12237528| |TF|0|0|0|0|0|0|1|5000|0|0|0|0|0
S|OST|41803778|12237528| |IF|0|0|0|0|0|0|1|5000|0|0|0|0|0
S|XIBRI|41557778|12176944| |TF|0|0|0|0|0|0|0|0|0|0|0|0|0
S|ELVIN|41493889|12161389| |TF|0|0|0|0|0|0|0|0|0|0|0|0|0
S|RIFFI|41224444|12532222| |TF|0|0|0|0|0|0|1|9000|0|0|0|0|0

P|OST8C|15|SIPRO|0|12
S| |91000000|181000000| |CA|0|14900|0|0|0|0|1|1000|0|0|0|0|0
S|D086L|41807022|12510958|OST|CF|2|34000|1230|8600|300|210|1|2000|0|0|0|0|0
S|D073L|41851119|12493022| |TF|0|0|0|0|0|0|1|3000|0|1|0|0|0
S|AKILI|41830556|12319444|OST|CF|1|24300|400|6340|600|0|1|4000|0|0|0|0|0
S|OST|41803778|12237528| |TF|0|0|0|0|0|0|1|5000|0|0|0|0|0
S|OST|41803778|12237528| |IF|0|0|0|0|0|0|1|5000|0|0|0|0|0
S|XIBRI|41557778|12176944| |TF|0|0|0|0|0|0|0|0|0|1|0|0|0
S|DIBVI|41517222|12410000| |DF|1|0|0|0|0|0|1|6000|0|0|0|0|0
S|IPMUT|41670556|12504722| |TF|0|0|0|0|0|0|0|0|0|0|0|0|0
S|OTKUB|41661944|12760556| |TF|0|0|0|0|0|0|1|12000|0|0|0|0|0
S|FRS|41642528|13292361| |TF|0|0|0|0|0|0|0|0|0|0|0|0|0
S|SIPRO|41446019|13680528| |TF|0|0|0|0|0|0|0|0|0|0|0|0|0

P|OST8C|15|SOVAN|0|8
S| |91000000|181000000| |CA|0|14900|0|0|0|0|1|1000|0|0|0|0|0
S|D086L|41807022|12510958|OST|CF|2|34000|1230|8600|300|210|1|2000|0|0|0|0|0
S|D073L|41851119|12493022| |TF|0|0|0|0|0|0|1|3000|0|1|0|0|0
S|AKILI|41830556|12319444|OST|CF|1|24300|400|6340|600|0|1|4000|0|0|0|0|0
S|OST|41803778|12237528| |TF|0|0|0|0|0|0|1|5000|0|0|0|0|0
S|OST|41803778|12237528| |IF|0|0|0|0|0|0|1|5000|0|0|0|0|0
S|RA531|42192028|12109194| |TF|0|0|0|0|0|0|1|11000|0|0|0|0|0
S|SOVAN|42834722|11891667| |TF|0|0|0|0|0|0|0|0|0|0|0|0|0

P|OST8C|15|TIBER|0|11
S| |91000000|181000000| |CA|0|14900|0|0|0|0|1|1000|0|0|0|0|0
S|D086L|41807022|12510958|OST|CF|2|34000|1230|8600|300|210|1|2000|0|0|0|0|0
S|D073L|41851119|12493022| |TF|0|0|0|0|0|0|1|3000|0|1|0|0|0
S|AKILI|41830556|12319444|OST|CF|1|24300|400|6340|600|0|1|4000|0|0|0|0|0
S|OST|41803778|12237528| |TF|0|0|0|0|0|0|1|5000|0|0|0|0|0
S|OST|41803778|12237528| |IF|0|0|0|0|0|0|1|5000|0|0|0|0|0
S|XIBRI|41557778|12176944| |TF|0|0|0|0|0|0|0|0|0|1|0|0|0
S|DIBVI|41517222|12410000| |DF|1|0|0|0|0|0|1|6000|0|0|0|0|0
S|RMC|41804667|12588000| |TF|0|0|0|0|0|0|0|0|0|0|0|0|0
S|GEGDU|42021389|12593056| |TF|0|0|0|0|0|0|1|11000|0|0|0|0|0
S|TIBER|42248875|12599000| |TF|0|0|0|0|0|0|0|0|0|0|0|0|0

P|OST9E|33|ESINO|0|7
S|D329D|41863778|12546694|RMC|CF|0|32900|400|32940|400|0|1|2000|0|1|0|0|0
S|D063L|41882278|12474200|OST|CF|0|24300|1160|6300|200|210|1|3000|0|0|0|0|0
S|AKILI|41830556|12319444| |TF|0|0|0|0|0|0|1|4000|0|0|0|0|0
S|OST|41803778|12237528| |TF|0|0|0|0|0|0|1|5000|0|0|0|0|0
S|OST|41803778|12237528| |IF|0|0|0|0|0|0|1|5000|0|0|0|0|0
S|TORLI|41596667|12018333| |TF|0|0|0|0|0|0|0|0|0|0|0|0|0
S|ESINO|41384719|11794722| |TF|0|0|0|0|0|0|0|0|0|0|0|0|0

P|OST9E|33|GILIO|0|7
S|D329D|41863778|12546694|RMC|CF|0|32900|400|32940|400|0|1|2000|0|1|0|0|0
S|D063L|41882278|12474200|OST|CF|0|24300|1160|6300|200|210|1|3000|0|0|0|0|0
S|AKILI|41830556|12319444| |TF|0|0|0|0|0|0|1|4000|0|0|0|0|0
S|OST|41803778|12237528| |TF|0|0|0|0|0|0|1|5000|0|0|0|0|0
S|OST|41803778|12237528| |IF|0|0|0|0|0|0|1|5000|0|0|0|0|0
S|NENIG|41900000|11592778| |TF|0|0|0|0|0|0|0|0|0|0|0|0|0
S|GILIO|42366667|10926111| |TF|0|0|0|0|0|0|1|10000|0|0|0|0|0

P|OST9E|33|KONUT|0|7
S|D329D|41863778|12546694|RMC|CF|0|32900|400|32940|400|0|1|2000|0|1|0|0|0
S|D063L|41882278|12474200|OST|CF|0|24300|1160|6300|200|210|1|3000|0|0|0|0|0
S|AKILI|41830556|12319444| |TF|0|0|0|0|0|0|1|4000|0|0|0|0|0
S|OST|41803778|12237528| |TF|0|0|0|0|0|0|1|5000|0|0|0|0|0
S|OST|41803778|12237528| |IF|0|0|0|0|0|0|1|5000|0|0|0|0|0
S|TORLI|41596667|12018333| |TF|0|0|0|0|0|0|0|0|0|0|0|0|0
S|KONUT|41292778|12016667| |TF|0|0|0|0|0|0|1|10000|0|0|0|0|0

P|OST9E|33|OKUNO|0|10
S|D329D|41863778|12546694|RMC|CF|0|32900|400|32940|400|0|1|2000|0|1|0|0|0
S|D063L|41882278|12474200|OST|CF|0|24300|1160|6300|200|210|1|3000|0|0|0|0|0
S|AKILI|41830556|12319444| |TF|0|0|0|0|0|0|1|4000|0|0|0|0|0
S|OST|41803778|12237528| |TF|0|0|0|0|0|0|1|5000|0|0|0|0|0
S|OST|41803778|12237528| |IF|0|0|0|0|0|0|1|5000|0|0|0|0|0
S|XIBRI|41557778|12176944| |TF|0|0|0|0|0|0|0|0|0|1|0|0|0
S|DIBVI|41517222|12410000| |DF|1|0|0|0|0|0|1|6000|0|0|0|0|0
S|RMC|41804667|12588000| |TF|0|0|0|0|0|0|0|0|0|0|0|0|0
S|LELSU|42037778|12807500| |TF|0|0|0|0|0|0|1|11000|0|0|0|0|0
S|OKUNO|42107222|12972500| |TF|0|0|0|0|0|0|0|0|0|0|0|0|0

P|OST9E|33|PEMAR|0|10
S|D329D|41863778|12546694|RMC|CF|0|32900|400|32940|400|0|1|2000|0|1|0|0|0
S|D063L|41882278|12474200|OST|CF|0|24300|1160|6300|200|210|1|3000|0|0|0|0|0
S|AKILI|41830556|12319444| |TF|0|0|0|0|0|0|1|4000|0|0|0|0|0
S|OST|41803778|12237528| |TF|0|0|0|0|0|0|1|5000|0|0|0|0|0
S|OST|41803778|12237528| |IF|0|0|0|0|0|0|1|5000|0|0|0|0|0
S|XIBRI|41557778|12176944| |TF|0|0|0|0|0|0|0|0|0|1|0|0|0
S|DIBVI|41517222|12410000| |DF|1|0|0|0|0|0|1|6000|0|0|0|0|0
S|RMC|41804667|12588000| |TF|0|0|0|0|0|0|1|8000|0|0|0|0|0
S|RA536|41944917|12591194| |TF|0|0|0|0|0|0|0|0|0|0|0|0|0
S|PEMAR|42029725|12919444| |TF|0|0|0|0|0|0|1|11000|0|0|0|0|0

P|OST9E|33|PEPIX|0|9
S|D329D|41863778|12546694|RMC|CF|0|32900|400|32940|400|0|1|2000|0|1|0|0|0
S|D063L|41882278|12474200|OST|CF|0|24300|1160|6300|200|210|1|3000|0|0|0|0|0
S|AKILI|41830556|12319444| |TF|0|0|0|0|0|0|1|4000|0|0|0|0|0
S|OST|41803778|12237528| |TF|0|0|0|0|0|0|1|5000|0|0|0|0|0
S|OST|41803778|12237528| |IF|0|0|0|0|0|0|1|5000|0|0|0|0|0
S|XIBRI|41557778|12176944| |TF|0|0|0|0|0|0|0|0|0|0|0|0|0
S|ELVIN|41493889|12161389| |TF|0|0|0|0|0|0|0|0|0|0|0|0|0
S|ADMOP|41321944|12119444| |TF|0|0|0|0|0|0|0|0|0|0|0|0|0
S|PEPIX|41160000|12188611| |TF|0|0|0|0|0|0|1|10000|0|0|0|0|0

P|OST9E|33|PODOX|0|8
S|D329D|41863778|12546694|RMC|CF|0|32900|400|32940|400|0|1|2000|0|1|0|0|0
S|D063L|41882278|12474200|OST|CF|0|24300|1160|6300|200|210|1|3000|0|0|0|0|0
S|AKILI|41830556|12319444| |TF|0|0|0|0|0|0|1|4000|0|0|0|0|0
S|OST|41803778|12237528| |TF|0|0|0|0|0|0|1|5000|0|0|0|0|0
S|OST|41803778|12237528| |IF|0|0|0|0|0|0|1|5000|0|0|0|0|0
S|XENOL|41788333|11552222| |TF|0|0|0|0|0|0|0|0|0|0|0|0|0
S|GISPA|41805278|11342222| |TF|0|0|0|0|0|0|0|0|0|0|0|0|0
S|PODOX|42277222|10576944| |TF|0|0|0|0|0|0|1|10000|0|0|0|0|0

P|OST9E|33|RIFFI|0|8
S|D329D|41863778|12546694|RMC|CF|0|32900|400|32940|400|0|1|2000|0|1|0|0|0
S|D063L|41882278|12474200|OST|CF|0|24300|1160|6300|200|210|1|3000|0|0|0|0|0
S|AKILI|41830556|12319444| |TF|0|0|0|0|0|0|1|4000|0|0|0|0|0
S|OST|41803778|12237528| |TF|0|0|0|0|0|0|1|5000|0|0|0|0|0
S|OST|41803778|12237528| |IF|0|0|0|0|0|0|1|5000|0|0|0|0|0
S|XIBRI|41557778|12176944| |TF|0|0|0|0|0|0|0|0|0|0|0|0|0
S|ELVIN|41493889|12161389| |TF|0|0|0|0|0|0|0|0|0|0|0|0|0
S|RIFFI|41224444|12532222| |TF|0|0|0|0|0|0|1|9000|0|0|0|0|0

P|OST9E|33|SIPRO|0|11
S|D329D|41863778|12546694|RMC|CF|0|32900|400|32940|400|0|1|2000|0|1|0|0|0
S|D063L|41882278|12474200|OST|CF|0|24300|1160|6300|200|210|1|3000|0|0|0|0|0
S|AKILI|41830556|12319444| |TF|0|0|0|0|0|0|1|4000|0|0|0|0|0
S|OST|41803778|12237528| |TF|0|0|0|0|0|0|1|5000|0|0|0|0|0
S|OST|41803778|12237528| |IF|0|0|0|0|0|0|1|5000|0|0|0|0|0
S|XIBRI|41557778|12176944| |TF|0|0|0|0|0|0|0|0|0|1|0|0|0
S|DIBVI|41517222|12410000| |DF|1|0|0|0|0|0|1|6000|0|0|0|0|0
S|IPMUT|41670556|12504722| |TF|0|0|0|0|0|0|0|0|0|0|0|0|0
S|OTKUB|41661944|12760556| |TF|0|0|0|0|0|0|1|12000|0|0|0|0|0
S|FRS|41642528|13292361| |TF|0|0|0|0|0|0|0|0|0|0|0|0|0
S|SIPRO|41446019|13680528| |TF|0|0|0|0|0|0|0|0|0|0|0|0|0

P|OST9E|33|SOVAN|0|7
S|D329D|41863778|12546694|RMC|CF|0|32900|400|32940|400|0|1|2000|0|1|0|0|0
S|D063L|41882278|12474200|OST|CF|0|24300|1160|6300|200|210|1|3000|0|0|0|0|0
S|AKILI|41830556|12319444| |TF|0|0|0|0|0|0|1|4000|0|0|0|0|0
S|OST|41803778|12237528| |TF|0|0|0|0|0|0|1|5000|0|0|0|0|0
S|OST|41803778|12237528| |IF|0|0|0|0|0|0|1|5000|0|0|0|0|0
S|RA531|42192028|12109194| |TF|0|0|0|0|0|0|1|11000|0|0|0|0|0
S|SOVAN|42834722|11891667| |TF|0|0|0|0|0|0|0|0|0|0|0|0|0

P|OST9E|33|TIBER|0|10
S|D329D|41863778|12546694|RMC|CF|0|32900|400|32940|400|0|1|2000|0|1|0|0|0
S|D063L|41882278|12474200|OST|CF|0|24300|1160|6300|200|210|1|3000|0|0|0|0|0
S|AKILI|41830556|12319444| |TF|0|0|0|0|0|0|1|4000|0|0|0|0|0
S|OST|41803778|12237528| |TF|0|0|0|0|0|0|1|5000|0|0|0|0|0
S|OST|41803778|12237528| |IF|0|0|0|0|0|0|1|5000|0|0|0|0|0
S|XIBRI|41557778|12176944| |TF|0|0|0|0|0|0|0|0|0|1|0|0|0
S|DIBVI|41517222|12410000| |DF|1|0|0|0|0|0|1|6000|0|0|0|0|0
S|RMC|41804667|12588000| |TF|0|0|0|0|0|0|0|0|0|0|0|0|0
S|GEGDU|42021389|12593056| |TF|0|0|0|0|0|0|1|11000|0|0|0|0|0
S|TIBER|42248875|12599000| |TF|0|0|0|0|0|0|0|0|0|0|0|0|0

P|PEMA5W|15|PEMAR|0|6
S| |91000000|181000000| |CA|0|15100|0|0|0|0|1|1500|0|0|0|0|0
S|RA603|41719886|12492231|OST|CF|2|24700|1250|11070|400|210|1|2500|0|0|0|0|0
S|RATIR|41681667|12449167| |TF|0|0|0|0|0|0|1|3000|0|1|0|0|0
S|RA501|41693889|12637417| |DF|1|0|0|0|0|240|1|5000|0|0|0|0|0
S|RA502|41707811|12830561| |TF|0|0|0|0|0|0|0|8000|0|0|0|0|0
S|PEMAR|42029725|12919444| |TF|0|0|0|0|0|0|1|11000|0|0|0|0|0

P|PEMA7Z|15|PEMAR|0|6
S| |91000000|181000000| |CA|0|15100|0|0|0|0|1|830|0|0|0|0|0
S|RA603|41719886|12492231|OST|CF|2|24700|1250|11070|400|210|1|2500|0|0|0|0|0
S|RATIR|41681667|12449167| |TF|0|0|0|0|0|0|1|3000|0|1|0|0|0
S|RA501|41693889|12637417| |DF|1|0|0|0|0|240|1|5000|0|0|0|0|0
S|RA502|41707811|12830561| |TF|0|0|0|0|0|0|0|8000|0|0|0|0|0
S|PEMAR|42029725|12919444| |TF|0|0|0|0|0|0|1|11000|0|0|0|0|0

P|PEMA9A|15|PEMAR|0|6
S| |91000000|181000000| |CA|0|14900|0|0|0|0|1|1000|0|0|0|0|0
S| |91000000|181000000| |VI|2|24600|0|0|0|210|0|0|0|0|0|0|0
S|RATIR|41681667|12449167|RMC|CF|0|21600|970|21730|400|240|1|3000|0|1|0|0|0
S|RA501|41693889|12637417| |DF|1|0|0|0|0|0|1|5000|0|0|0|0|0
S|RA502|41707811|12830561| |TF|0|0|0|0|0|0|0|8000|0|0|0|0|0
S|PEMAR|42029725|12919444| |TF|0|0|0|0|0|0|1|11000|0|0|0|0|0

P|RATI2F|33|RIFFI|0|5
S|RA503|41864878|12549569|RMC|CF|0|32900|400|33150|370|0|1|2000|0|1|0|0|0
S|RA509|41776889|12462539|RMC|CF|1|18400|590|25060|500|210|0|3000|0|0|0|0|0
S|RATIR|41681667|12449167| |TF|0|0|0|0|0|0|0|0|0|0|0|0|0
S|RATIR|41681667|12449167| |IF|0|0|0|0|0|210|1|3000|0|0|0|0|0
S|RIFFI|41224444|12532222| |TF|0|0|0|0|0|0|1|9000|0|0|0|0|0

P|RATI2F|33|SIPRO|0|8
S|RA503|41864878|12549569|RMC|CF|0|32900|400|33150|370|0|1|2000|0|1|0|0|0
S|RA509|41776889|12462539|RMC|CF|1|18400|590|25060|500|210|0|3000|0|0|0|0|0
S|RATIR|41681667|12449167| |TF|0|0|0|0|0|0|0|0|0|0|0|0|0
S|RATIR|41681667|12449167| |IF|0|0|0|0|0|210|1|3000|0|0|0|0|0
S|RA501|41693889|12637417| |DF|1|0|0|0|0|240|1|5000|0|0|0|0|0
S|RA502|41707811|12830561| |TF|0|0|0|0|0|0|1|11000|0|0|0|0|0
S|FRS|41642528|13292361| |TF|0|0|0|0|0|0|0|0|0|0|0|0|0
S|SIPRO|41446019|13680528| |TF|0|0|0|0|0|0|0|0|0|0|0|0|0

P|RATI5W|15|RIFFI|0|5
S| |91000000|181000000| |CA|0|15100|0|0|0|0|1|1500|0|0|0|0|0
S|RA603|41719886|12492231|OST|CF|2|24700|1250|11070|400|210|1|2500|0|0|0|0|0
S|RATIR|41681667|12449167| |TF|0|0|0|0|0|0|0|0|0|0|0|0|0
S|RATIR|41681667|12449167| |IF|0|0|0|0|0|210|1|3000|0|0|0|0|0
S|RIFFI|41224444|12532222| |TF|0|0|0|0|0|0|1|9000|0|0|0|0|0

P|RATI5W|15|SIPRO|0|8
S| |91000000|181000000| |CA|0|15100|0|0|0|0|1|1500|0|0|0|0|0
S|RA603|41719886|12492231|OST|CF|2|24700|1250|11070|400|210|1|2500|0|0|0|0|0
S|RATIR|41681667|12449167| |TF|0|0|0|0|0|0|0|0|0|0|0|0|0
S|RATIR|41681667|12449167| |IF|0|0|0|0|0|210|1|3000|0|0|0|0|0
S|RA501|41693889|12637417| |DF|1|0|0|0|0|240|1|5000|0|0|0|0|0
S|RA502|41707811|12830561| |TF|0|0|0|0|0|0|1|11000|0|0|0|0|0
S|FRS|41642528|13292361| |TF|0|0|0|0|0|0|0|0|0|0|0|0|0
S|SIPRO|41446019|13680528| |TF|0|0|0|0|0|0|0|0|0|0|0|0|0

P|RATI7Z|15|RIFFI|0|5
S| |91000000|181000000| |CA|0|15100|0|0|0|0|1|830|0|0|0|0|0
S|RA603|41719886|12492231|OST|CF|2|24700|1250|11070|400|210|1|2500|0|0|0|0|0
S|RATIR|41681667|12449167| |TF|0|0|0|0|0|0|0|0|0|0|0|0|0
S|RATIR|41681667|12449167| |IF|0|0|0|0|0|210|1|3000|0|0|0|0|0
S|RIFFI|41224444|12532222| |TF|0|0|0|0|0|0|1|9000|0|0|0|0|0

P|RATI7Z|15|SIPRO|0|8
S| |91000000|181000000| |CA|0|15100|0|0|0|0|1|830|0|0|0|0|0
S|RA603|41719886|12492231|OST|CF|2|24700|1250|11070|400|210|1|2500|0|0|0|0|0
S|RATIR|41681667|12449167| |TF|0|0|0|0|0|0|0|0|0|0|0|0|0
S|RATIR|41681667|12449167| |IF|0|0|0|0|0|210|1|3000|0|0|0|0|0
S|RA501|41693889|12637417| |DF|1|0|0|0|0|240|1|5000|0|0|0|0|0
S|RA502|41707811|12830561| |TF|0|0|0|0|0|0|1|11000|0|0|0|0|0
S|FRS|41642528|13292361| |TF|0|0|0|0|0|0|0|0|0|0|0|0|0
S|SIPRO|41446019|13680528| |TF|0|0|0|0|0|0|0|0|0|0|0|0|0

P|RATI8A|15|RIFFI|0|5
S| |91000000|181000000| |CA|0|14900|0|0|0|0|1|1000|0|0|0|0|0
S| |91000000|181000000| |VI|2|24600|0|0|0|210|0|0|0|0|0|0|0
S|RATIR|41681667|12449167|RMC|CF|0|21600|970|21730|400|0|0|0|0|0|0|0|0
S|RATIR|41681667|12449167| |IF|0|0|0|0|0|210|1|3000|0|0|0|0|0
S|RIFFI|41224444|12532222| |TF|0|0|0|0|0|0|1|9000|0|0|0|0|0

P|RATI8A|15|SIPRO|0|8
S| |91000000|181000000| |CA|0|14900|0|0|0|0|1|1000|0|0|0|0|0
S| |91000000|181000000| |VI|2|24600|0|0|0|210|0|0|0|0|0|0|0
S|RATIR|41681667|12449167|RMC|CF|0|21600|970|21730|400|0|0|0|0|0|0|0|0
S|RATIR|41681667|12449167| |IF|0|0|0|0|0|210|1|3000|0|0|0|0|0
S|RA501|41693889|12637417| |DF|1|0|0|0|0|240|1|5000|0|0|0|0|0
S|RA502|41707811|12830561| |TF|0|0|0|0|0|0|1|11000|0|0|0|0|0
S|FRS|41642528|13292361| |TF|0|0|0|0|0|0|0|0|0|0|0|0|0
S|SIPRO|41446019|13680528| |TF|0|0|0|0|0|0|0|0|0|0|0|0|0

