P|GIMI1Z|30|GIMIX|0|4
S|DER30|46232492|14440392| |DF|0|0|0|0|0|0|0|0|0|1|0|0|0
S| |91000000|181000000| |CA|0|30200|0|0|0|210|1|1800|0|0|0|0|0
S|LJ711|46257417|14118278| |DF|0|0|0|0|0|210|1|10500|0|1|0|0|0
S|GIMIX|46522989|13714081| |DF|0|0|0|0|0|0|0|0|0|0|0|0|0

P|LUPI2D|12|LUPIX|0|3
S| |91000000|181000000| |CA|0|12200|0|0|0|0|1|1680|0|0|0|0|0
S|LUPIX|46068278|14759750|LBL|CF|0|12200|1720|12140|1500|0|0|0|0|0|0|0|0
S|LUPIX|46068278|14759750|LBL|FM|0|12200|1720|12140|0|0|0|0|0|0|0|0|0

P|LUPI2E|12|LUPIX|0|3
S| |91000000|181000000| |CA|0|12200|0|0|0|0|1|1800|0|0|0|0|0
S|LUPIX|46068278|14759750| |DF|0|0|0|0|0|0|1|6000|0|0|0|0|0
S|LUPIX|46068278|14759750| |VM|0|12200|0|0|0|0|0|0|0|0|0|0|0

P|MODR1W|30|MODRO|0|5
S|D124A|46233408|14438058|LBL|CF|0|30200|50|12270|100|0|0|0|0|0|0|0|0
S| |91000000|181000000| |CA|0|30200|0|0|0|0|1|1800|0|0|0|0|0
S| |91000000|181000000| |VI|1|15900|0|0|0|210|0|0|0|0|0|0|0
S|MODRO|46060433|14367631|LBL|CF|0|18900|1100|18840|300|0|1|6000|0|0|0|0|0
S|MODRO|46060433|14367631|LBL|FM|0|18900|1100|18840|0|0|0|0|0|0|0|0|0

P|MODR1Z|30|MODRO|0|4
S|DER30|46232492|14440392| |DF|0|0|0|0|0|0|0|0|0|1|0|0|0
S| |91000000|181000000| |CA|0|30200|0|0|0|210|1|1800|0|0|0|0|0
S|MODRO|46060433|14367631| |DF|1|0|0|0|0|210|1|6000|0|0|0|0|0
S|MODRO|46060433|14367631| |VM|0|18000|0|0|0|0|0|0|0|0|0|0|0

