P|NURI1F|01|NURIT|0|4
S| |91000000|181000000| |CA|0|900|0|0|0|0|1|800|0|0|0|0|0
S|ER160|29822167|35035417| |DF|0|0|0|0|0|0|2|4000|0|0|0|0|0
S|ER161|29891944|35043611| |TF|0|0|0|0|0|0|1|3200|0|0|0|0|0
S|NURIT|30069444|35065833| |TF|0|0|0|0|0|0|1|5000|0|0|0|0|0

P|NURI1J|19|NURIT|0|4
S| |91000000|181000000| |CA|0|18900|0|0|0|220|1|2300|0|0|0|0|0
S|ESHEL|29822222|35017778| |DF|2|0|0|0|0|220|1|7000|0|0|0|0|0
S|RASAF|29893056|35031389| |TF|0|0|0|0|0|0|1|7000|0|0|0|0|0
S|NURIT|30069444|35065833| |TF|0|0|0|0|0|0|1|7000|0|0|0|0|0

P|NURI1K|19|NURIT|0|4
S| |91000000|181000000| |CA|0|18900|0|0|0|180|1|2000|0|0|0|0|0
S|ESHEL|29822222|35017778| |DF|2|0|0|0|0|180|1|7000|0|0|0|0|0
S|RASAF|29893056|35031389| |TF|0|0|0|0|0|0|1|7000|0|0|0|0|0
S|NURIT|30069444|35065833| |TF|0|0|0|0|0|0|1|7000|0|0|0|0|0

P|NURI1M|19|NURIT|0|5
S|DER19|29711397|35009658| |DF|0|0|0|0|0|0|0|0|0|1|0|0|0
S| |91000000|181000000| |CA|0|18800|0|0|0|0|1|2000|0|0|0|0|0
S|RAM|29753083|35020528| |DF|2|0|0|0|0|180|0|0|0|0|0|0|0
S|D002D|29821208|35028739| |TF|0|0|0|0|0|0|1|7000|0|0|0|0|0
S|NURIT|30069444|35065833| |TF|0|0|0|0|0|0|1|7000|0|0|0|0|0

P|NURI1N|19|NURIT|0|5
S|DER19|29711397|35009658| |DF|0|0|0|0|0|0|0|0|0|1|0|0|0
S| |91000000|181000000| |CA|0|18800|0|0|0|0|1|2300|0|0|0|0|0
S|RAM|29753083|35020528| |DF|2|0|0|0|0|220|0|0|0|0|0|0|0
S|D002D|29821208|35028739| |TF|0|0|0|0|0|0|1|7000|0|0|0|0|0
S|NURIT|30069444|35065833| |TF|0|0|0|0|0|0|1|7000|0|0|0|0|0

P|NURI2H|01|NURIT|0|5
S|DER01|29742947|35018486| |DF|0|0|0|0|0|0|0|0|0|1|0|0|0
S| |91000000|181000000| |VA|0|900|0|0|0|0|1|800|0|0|0|0|0
S| |91000000|181000000|RAM|CD|0|200|0|0|420|0|2|4000|0|0|0|0|0
S| |91000000|181000000|RAM|CD|0|200|0|0|840|0|1|3200|0|0|0|0|0
S|NURIT|30069444|35065833|RAM|CF|0|200|1910|210|1100|0|1|5000|0|0|0|0|0

