P|AGAR2A|05|AGARI|0|3
S|D049E|35907103|14564417|GZO|CF|0|5200|1920|11090|500|0|1|2500|0|0|0|0|0
S| |91000000|181000000| |CI|0|5200|0|0|0|0|0|0|0|0|0|0|0
S|AGARI|35964722|15616667|GZO|CF|0|9100|6890|9020|4500|0|0|0|0|0|0|0|0

P|AGAR2B|13|AGARI|0|4
S|D130B|35833300|14507458|GZO|CF|0|13200|1910|12660|100|0|1|700|0|1|0|0|0
S|D161D|35786228|14503772| |TF|0|0|0|0|0|0|0|0|0|1|0|0|0
S| |91000000|181000000| |CI|1|4500|0|0|0|0|0|0|0|0|0|0|0
S|AGARI|35964722|15616667|GZO|CF|0|9100|6890|9020|3700|0|0|0|0|0|0|0|0

P|AGAR2D|31|AGARI|0|4
S|D315B|35858322|14476714|GZO|CF|0|31200|1700|12600|100|0|0|0|0|1|0|0|0
S|D308H|35925169|14373836|GZO|CF|0|30500|1060|12630|600|0|1|2500|0|1|0|0|0
S| |91000000|181000000| |CI|2|8000|0|0|0|0|0|0|0|0|0|0|0
S|AGARI|35964722|15616667|GZO|CF|0|9100|6890|9020|4600|0|0|0|0|0|0|0|0

P|AGAR3C|23|AGARI|0|3
S|D235E|35807533|14390089|GZO|CF|0|23200|1650|14380|400|0|1|2500|0|1|0|0|0
S| |91000000|181000000| |CI|1|6000|0|0|0|0|0|0|0|0|0|0|0
S|AGARI|35964722|15616667|GZO|CF|0|9100|6890|9020|3000|0|0|0|0|0|0|0|0

P|GODA2A|05|GODAK|0|3
S|D049E|35907103|14564417|GZO|CF|0|5200|1920|11090|500|0|1|2500|0|1|0|0|0
S| |91000000|181000000| |CI|0|13500|0|0|0|0|0|0|0|0|0|0|0
S|GODAK|35637778|15616389|GZO|CF|0|9900|7290|10580|4400|0|0|0|0|0|0|0|0

P|GODA2B|13|GODAK|0|4
S|D130B|35833300|14507458|GZO|CF|0|13200|1910|12660|100|0|1|700|0|1|0|0|0
S|D161D|35786228|14503772| |TF|0|0|0|0|0|0|0|0|0|1|0|0|0
S| |91000000|181000000| |CI|1|9000|0|0|0|0|0|0|0|0|0|0|0
S|GODAK|35637778|15616389|GZO|CF|0|9900|7290|10580|2800|0|0|0|0|0|0|0|0

P|GODA2D|31|GODAK|0|4
S|D315B|35858322|14476714|GZO|CF|0|31200|1700|12600|100|0|0|0|0|1|0|0|0
S|D308H|35925169|14373836|GZO|CF|0|30500|1060|12630|600|0|1|2500|0|1|0|0|0
S|MLT|35815492|14529150| |DF|1|0|0|0|0|0|0|0|0|0|0|0|0
S|GODAK|35637778|15616389| |TF|0|0|0|0|0|0|0|0|0|0|0|0|0

P|GODA3C|23|GODAK|0|3
S|D235E|35807533|14390089|GZO|CF|0|23200|1650|14380|400|0|1|2500|0|1|0|0|0
S| |91000000|181000000| |CI|1|9000|0|0|0|0|0|0|0|0|0|0|0
S|GODAK|35637778|15616389|GZO|CF|0|9900|7290|10580|2500|0|0|0|0|0|0|0|0

P|GZO3A|05|GZO|0|3
S|D049E|35907103|14564417|GZO|CF|0|5200|1920|11090|500|0|1|2500|0|1|0|0|0
S| |91000000|181000000| |CI|1|30500|0|0|0|0|0|0|0|0|0|0|0
S|GZO|36037342|14205264|GZO|CF|0|27500|0|0|1500|0|0|0|0|0|0|0|0

P|GZO3B|13|GZO|0|3
S|D130B|35833300|14507458|GZO|CF|0|13200|1910|12660|100|0|1|700|0|1|0|0|0
S| |91000000|181000000|GZO|CR|2|23500|0|14500|0|0|1|2500|0|0|0|0|0
S|GZO|36037342|14205264|GZO|CF|2|33500|0|0|1900|0|0|0|0|0|0|0|0

P|GZO3C|23|GZO|0|3
S|D235E|35807533|14390089|GZO|CF|0|23200|1650|14380|400|0|1|2500|0|1|0|0|0
S| |91000000|181000000| |CI|0|31500|0|0|0|0|0|0|0|0|0|0|0
S|GZO|36037342|14205264|GZO|CF|0|35600|0|0|800|0|0|0|0|0|0|0|0

P|GZO3D|31|GZO|0|3
S|D315B|35858322|14476714|GZO|CF|0|31200|1700|12600|100|0|0|0|0|1|0|0|0
S|D308H|35925169|14373836|GZO|CF|0|30500|1060|12630|600|0|1|2500|0|1|0|0|0
S|GZO|36037342|14205264| |TF|0|0|0|0|0|0|0|0|0|0|0|0|0

P|OBIT2A|05|OBITA|0|4
S|D049E|35907103|14564417|GZO|CF|0|5200|1920|11090|500|0|1|2500|0|1|0|0|0
S|MLT|35815492|14529150| |DF|2|0|0|0|0|0|0|0|0|1|0|0|0
S| |91000000|181000000| |CI|0|27500|0|0|0|0|0|0|0|0|0|0|0
S|OBITA|35813611|13539722|GZO|CF|0|24600|3510|24470|1400|0|0|0|0|0|0|0|0

P|OBIT2B|13|OBITA|0|4
S|D130B|35833300|14507458|GZO|CF|0|13200|1890|12760|100|0|1|700|0|1|0|0|0
S| |91000000|181000000|GZO|CR|2|23500|0|14500|0|0|1|2500|0|0|0|0|0
S| |91000000|181000000| |CI|0|27500|0|0|0|0|0|0|0|0|0|0|0
S|OBITA|35813611|13539722|GZO|CF|0|24600|3510|24470|400|0|0|0|0|0|0|0|0

P|OBIT2C|23|OBITA|0|3
S|D235E|35807533|14390089|GZO|CF|0|23200|1650|14380|400|0|1|2500|0|1|0|0|0
S| |91000000|181000000| |CI|0|27500|0|0|0|0|0|0|0|0|0|0|0
S|OBITA|35813611|13539722|GZO|CF|0|24600|3510|24470|1100|0|0|0|0|0|0|0|0

P|OBIT2D|31|OBITA|0|4
S|D315B|35858322|14476714|GZO|CF|0|31200|1700|12600|100|0|0|0|0|1|0|0|0
S|D308H|35925169|14373836|GZO|CF|0|30500|1060|12630|600|0|1|2500|0|1|0|0|0
S| |91000000|181000000| |CI|0|27000|0|0|0|0|0|0|0|0|0|0|0
S|OBITA|35813611|13539722|GZO|CF|0|24600|3510|24470|2400|0|0|0|0|0|0|0|0

P|SUDI2A|05|SUDIK|0|3
S|D049E|35907103|14564417|GZO|CF|0|5200|1920|11090|500|0|1|2500|0|1|0|0|0
S| |91000000|181000000| |CI|2|21000|0|0|0|0|0|0|0|0|0|0|0
S|SUDIK|35408056|14508056|GZO|CF|0|15700|4050|15550|1400|0|0|0|0|0|0|0|0

P|SUDI2B|13|SUDIK|0|3
S|D130B|35833300|14507458|GZO|CF|0|13200|1910|12660|100|0|1|700|0|1|0|0|0
S| |91000000|181000000| |CI|0|20000|0|0|0|0|0|0|0|0|0|0|0
S|SUDIK|35408056|14508056|GZO|CF|0|15700|4050|15550|1400|0|0|0|0|0|0|0|0

P|SUDI2C|23|SUDIK|0|2
S|D235E|35807533|14390089|GZO|CF|0|23200|1650|14380|400|0|1|2500|0|1|0|0|0
S|SUDIK|35408056|14508056|GZO|CF|0|15700|4050|15550|2400|0|0|0|0|0|0|0|0

P|SUDI2D|31|SUDIK|0|3
S|D315B|35858322|14476714|GZO|CF|0|31200|1700|12600|100|0|0|0|0|1|0|0|0
S|D308H|35925169|14373836|GZO|CF|0|30500|1060|12630|600|0|1|2500|0|1|0|0|0
S|SUDIK|35408056|14508056|GZO|CF|1|15700|4050|15550|3100|0|0|0|0|0|0|0|0

P|VESO1A|05|VESOD|0|3
S|D049E|35907103|14564417|GZO|CF|0|5200|1920|11090|500|0|1|2500|0|1|0|0|0
S| |91000000|181000000| |CI|0|36000|0|0|0|0|0|0|0|0|0|0|0
S|VESOD|36500000|15926944|GZO|CF|0|6800|8800|6810|7100|0|0|0|0|0|0|0|0

P|VESO1B|13|VESOD|0|4
S|D130B|35833300|14507458|GZO|CF|0|13200|1910|12660|100|0|1|700|0|1|0|0|0
S|D161D|35786228|14503772| |TF|0|0|0|0|0|0|0|0|0|1|0|0|0
S| |91000000|181000000| |CI|1|36000|0|0|0|0|0|0|0|0|0|0|0
S|VESOD|36500000|15926944|GZO|CF|0|6800|8800|6810|7100|0|0|0|0|0|0|0|0

P|VESO1C|23|VESOD|0|4
S|D235E|35807533|14390089|GZO|CF|0|23200|1650|14380|400|0|1|2500|0|1|0|0|0
S| |91000000|181000000|GZO|CR|1|6000|0|10500|0|0|0|0|0|0|0|0|0
S| |91000000|181000000| |CI|0|36000|0|0|0|0|0|0|0|0|0|0|0
S|VESOD|36500000|15926944|GZO|CF|0|6800|8800|6810|6000|0|0|0|0|0|0|0|0

P|VESO1D|31|VESOD|0|4
S|D315B|35858322|14476714|GZO|CF|0|31200|1700|12600|100|0|0|0|0|1|0|0|0
S|D308H|35925169|14373836|GZO|CF|0|30500|1060|12630|600|0|1|2500|0|1|0|0|0
S| |91000000|181000000| |CI|0|36000|0|0|0|0|0|0|0|0|0|0|0
S|VESOD|36500000|15926944|GZO|CF|0|6800|8800|6810|8200|0|0|0|0|0|0|0|0

