P|ALCR1W|29|ALCRO|0|5
S| |91000000|181000000| |VA|0|28600|0|0|0|0|1|500|0|0|0|0|0
S| |91000000|181000000| |VI|0|28600|0|0|0|0|0|0|0|0|0|0|0
S|CR673|39740178|-31209094|VFL|CF|0|36000|14120|31100|460|0|0|0|0|0|0|0|0
S|CR674|39781139|-31136239| |TF|0|0|0|0|0|0|0|0|0|0|0|0|0
S|ALCRO|39705000|-30846111| |TF|0|0|0|0|0|0|1|5000|0|0|0|0|0

P|ECLA1E|11|ECLAR|0|3
S| |91000000|181000000| |VA|0|10600|0|0|0|0|1|500|0|0|0|0|0
S|FL606|39535778|-31021417| |DF|0|0|0|0|0|0|0|0|0|0|0|0|0
S|ECLAR|39313889|-30960833| |TF|0|0|0|0|0|0|1|4100|0|0|0|0|0

P|ECLA1W|29|ECLAR|0|3
S| |91000000|181000000| |VA|0|28600|0|0|0|0|1|500|0|0|0|0|0
S|FL606|39535778|-31021417| |DF|1|0|0|0|0|0|0|0|0|0|0|0|0
S|ECLAR|39313889|-30960833| |TF|0|0|0|0|0|0|1|4100|0|0|0|0|0

P|ROFI1E|11|ROFIG|0|2
S|CR671|39656103|-30940286|VFL|CF|0|10600|12790|31190|800|0|0|0|0|0|0|0|0
S|ROFIG|39611111|-30777778| |TF|0|0|0|0|0|0|1|5000|0|0|0|0|0

P|XEMI1W|29|XEMIC|0|2
S| |91000000|181000000| |VA|0|28600|0|0|0|155|1|500|0|0|0|0|0
S|XEMIC|39619444|-30881667| |DF|1|0|0|0|0|155|1|5000|0|0|0|0|0

P|ZEDR1E|11|ZEDRE|0|3
S| |91000000|181000000| |VA|0|10600|0|0|0|155|1|500|0|0|0|0|0
S|CR672|39627422|-31118422| |DF|2|0|0|0|0|155|0|0|0|0|0|0|0
S|ZEDRE|39617778|-31176389| |TF|0|0|0|0|0|0|1|2000|0|0|0|0|0

P|ZEDR1W|29|ZEDRE|0|2
S| |91000000|181000000| |VA|0|28600|0|0|0|0|1|500|0|0|0|0|0
S|ZEDRE|39617778|-31176389| |DF|0|0|0|0|0|0|1|2000|0|0|0|0|0

