P|NIDO1N|36|NIDOF|0|3
S|FL622|39555917|-31159139|FRS|CF|0|100|660|3420|600|0|0|0|0|0|0|0|0
S|CR680|39588825|-31328350| |TF|0|0|0|0|0|0|0|0|0|0|0|0|0
S|NIDOF|39688333|-31314278| |TF|0|0|0|0|0|0|1|2000|0|0|0|0|0

P|NIDO1R|18|NIDOF|0|4
S|FL671|39346850|-31101556|FRS|CF|0|18100|820|15460|700|0|0|0|0|0|0|0|0
S|FL672|39322339|-31267075| |TF|2|0|0|0|0|0|0|0|0|0|0|0|0
S|CR680|39588825|-31328350| |TF|2|0|0|0|0|0|0|0|0|0|0|0|0
S|NIDOF|39688333|-31314278| |TF|0|0|0|0|0|0|1|2000|0|0|0|0|0

P|NIDO1S|18|NIDOF|0|4
S| |91000000|181000000| |VA|0|18100|0|0|0|0|1|600|0|0|0|0|0
S|FL670|39519625|-31062256| |DF|1|0|0|0|0|0|0|0|0|0|0|0|0
S|CR680|39588825|-31328350| |TF|0|0|0|0|0|0|0|0|0|0|0|0|0
S|NIDOF|39688333|-31314278| |TF|0|0|0|0|0|0|1|2000|0|0|0|0|0

P|VAPO1N|36|VAPOV|0|2
S| |91000000|181000000| |VA|0|100|0|0|0|0|1|600|0|0|0|0|0
S|VAPOV|39560278|-30867500| |DF|0|0|0|0|0|0|1|3500|0|0|0|0|0

P|VAPO1S|18|VAPOV|0|2
S| |91000000|181000000| |VA|0|18100|0|0|0|0|1|600|0|0|0|0|0
S|VAPOV|39560278|-30867500| |DF|1|0|0|0|0|0|1|3500|0|0|0|0|0

P|YARM1N|36|YARMA|0|2
S| |91000000|181000000| |VA|0|100|0|0|0|0|1|600|0|0|0|0|0
S|YARMA|39420278|-30931111| |DF|2|0|0|0|0|0|1|5000|0|0|0|0|0

P|YARM1S|18|YARMA|0|2
S| |91000000|181000000| |VA|0|18100|0|0|0|0|1|600|0|0|0|0|0
S|YARMA|39420278|-30931111| |DF|0|0|0|0|0|0|1|5000|0|0|0|0|0

