P|ASMO2R|17|ASMOV|0|3
S|XAPIM|41078056|-8636667|PRT|CF|0|17100|1190|17080|1000|0|1|3000|0|0|0|0|0
S|PR633|41058603|-8766219| |TF|0|0|0|0|0|0|1|4000|0|0|0|0|0
S|ASMOV|40969392|-9347036| |TF|0|0|0|0|0|0|1|10000|0|0|0|0|0

P|ASMO2W|35|ASMOV|0|3
S|UDRUB|41424167|-8727500|PRT|CF|0|35100|920|35080|1000|0|1|3000|0|0|0|0|0
S|PR613|41404772|-8857911| |TF|0|0|0|0|0|0|1|4000|0|0|0|0|0
S|ASMOV|40969392|-9347036| |TF|0|0|0|0|0|0|1|10000|0|0|0|0|0

P|BELD9E|35|BELDU|0|4
S|UDRUB|41424167|-8727500|PRT|CF|0|35100|920|35080|1000|0|1|3000|0|0|0|0|0
S|PR614|41443594|-8597103| |TF|0|0|0|0|0|0|1|4000|0|0|0|0|0
S|PR656|41411975|-8285542| |TF|0|0|0|0|0|0|1|7000|0|0|0|0|0
S|BELDU|41358611|-7777222| |TF|0|0|0|0|0|0|1|10000|0|0|0|0|0

P|BELD9L|17|BELDU|0|4
S|XAPIM|41078056|-8636667|PRT|CF|0|17100|1190|17080|1000|0|1|3000|0|0|0|0|0
S|PR634|41097428|-8506786| |TF|0|0|0|0|0|0|1|4000|0|0|0|0|0
S|PR658|41186014|-8261339| |TF|0|0|0|0|0|0|1|7000|0|0|0|0|0
S|BELDU|41358611|-7777222| |TF|0|0|0|0|0|0|1|10000|0|0|0|0|0

P|MANI2E|35|MANIK|0|4
S|UDRUB|41424167|-8727500|PRT|CF|0|35100|920|35080|1000|0|1|3000|0|0|0|0|0
S|PR614|41443594|-8597103| |TF|0|0|0|0|0|0|1|4000|0|0|0|0|0
S|PR634|41097428|-8506786| |TF|2|0|0|0|0|0|1|7000|0|0|0|0|0
S|MANIK|40691944|-8616111| |TF|0|0|0|0|0|0|1|10000|0|0|0|0|0

P|MANI2R|17|MANIK|0|3
S|XAPIM|41078056|-8636667|PRT|CF|0|17100|1190|17080|1000|0|1|3000|0|0|0|0|0
S|PR665|40942417|-8629358| |TF|0|0|0|0|0|0|1|6000|0|0|0|0|0
S|MANIK|40691944|-8616111| |TF|0|0|0|0|0|0|1|10000|0|0|0|0|0

P|MANI2W|35|MANIK|0|4
S|UDRUB|41424167|-8727500|PRT|CF|0|35100|920|35080|1000|0|1|3000|0|0|0|0|0
S|PR613|41404772|-8857911| |TF|0|0|0|0|0|0|1|4000|0|0|0|0|0
S|PR633|41058603|-8766219| |TF|0|0|0|0|0|0|1|7000|0|0|0|0|0
S|MANIK|40691944|-8616111| |TF|0|0|0|0|0|0|1|10000|0|0|0|0|0

P|MANI6S|17|MANIK|0|3
S| |91000000|181000000|PRT|CD|0|17100|0|0|1200|0|1|3000|0|0|0|0|0
S|D176T|40940925|-8646686|PRT|CF|0|17600|2000|17660|800|0|1|6000|0|0|0|0|0
S|MANIK|40691944|-8616111| |TF|0|0|0|0|0|0|0|0|0|0|0|0|0

P|PESU9E|35|PESUL|0|4
S|UDRUB|41424167|-8727500|PRT|CF|0|35100|920|35080|1000|0|1|3000|0|0|0|0|0
S|PR614|41443594|-8597103| |TF|0|0|0|0|0|0|1|4000|0|0|0|0|0
S|PR660|41105700|-8305883| |TF|0|0|0|0|0|0|1|7000|0|0|0|0|0
S|PESUL|40881944|-8115000| |TF|0|0|0|0|0|0|1|10000|0|0|0|0|0

P|PESU9L|17|PESUL|0|3
S|XAPIM|41078056|-8636667|PRT|CF|0|17100|1190|17080|1000|0|1|3000|0|0|0|0|0
S|PR664|41001469|-8431644| |TF|0|0|0|0|0|0|1|7000|0|0|0|0|0
S|PESUL|40881944|-8115000| |TF|0|0|0|0|0|0|1|10000|0|0|0|0|0

P|TURO6N|35|TURON|0|3
S| |91000000|181000000| |CA|0|35100|0|0|0|0|1|3000|0|0|0|0|0
S|D008T|41604253|-8636361|PRT|CF|0|800|2000|870|1700|0|1|6000|0|0|0|0|0
S|TURON|42067917|-8563417| |TF|0|0|0|0|0|0|0|0|0|0|0|0|0

P|TURO9E|35|TURON|0|3
S|UDRUB|41424167|-8727500|PRT|CF|0|35100|920|35080|1000|0|1|3000|0|0|0|0|0
S|PR674|41606464|-8681422| |TF|0|0|0|0|0|0|1|7000|0|0|0|0|0
S|TURON|42067917|-8563417| |TF|0|0|0|0|0|0|1|10000|0|0|0|0|0

P|TURO9L|17|TURON|0|4
S|XAPIM|41078056|-8636667|PRT|CF|0|17100|1190|17080|1000|0|1|3000|0|0|0|0|0
S|PR634|41097428|-8506786| |TF|0|0|0|0|0|0|1|4000|0|0|0|0|0
S|PR638|41582728|-8523517| |TF|0|0|0|0|0|0|1|7000|0|0|0|0|0
S|TURON|42067917|-8563417| |TF|0|0|0|0|0|0|1|10000|0|0|0|0|0

P|TURO9R|17|TURON|0|5
S|XAPIM|41078056|-8636667|PRT|CF|0|17100|1190|17080|1000|0|1|3000|0|0|0|0|0
S|PR633|41058603|-8766219| |TF|0|0|0|0|0|0|1|4000|0|0|0|0|0
S|PR613|41404772|-8857911| |TF|2|0|0|0|0|0|1|4000|0|0|0|0|0
S|PR641|41600483|-8771667| |TF|0|0|0|0|0|0|1|7000|0|0|0|0|0
S|TURON|42067917|-8563417| |TF|0|0|0|0|0|0|1|10000|0|0|0|0|0

P|UBAN2R|17|UBANI|0|3
S|XAPIM|41078056|-8636667|PRT|CF|0|17100|1190|17080|1000|0|1|3000|0|0|0|0|0
S|PR633|41058603|-8766219| |TF|0|0|0|0|0|0|1|4000|0|0|0|0|0
S|UBANI|41557853|-9239519| |TF|0|0|0|0|0|0|1|10000|0|0|0|0|0

P|UBAN2W|35|UBANI|0|2
S|UDRUB|41424167|-8727500|PRT|CF|0|35100|920|35080|1000|0|1|3000|0|0|0|0|0
S|UBANI|41557853|-9239519| |TF|0|0|0|0|0|0|1|10000|0|0|0|0|0

