P|DIRC1A|16|DIRCO|0|4
S|B|46501444|26918222| |DF|0|0|0|0|0|0|0|0|0|0|0|0|0
S|FQ34|46427389|26946917| |TF|0|0|0|0|0|0|0|0|0|1|0|0|0
S|BCU|46510917|26825556| |DF|2|0|0|0|0|230|0|0|0|0|0|0|0
S|DIRCO|46599444|27254722| |TF|0|0|0|0|0|0|1|7000|0|0|0|0|0

P|DIRC1B|34|DIRCO|0|3
S|D338G|46617278|26873167|BCU|CF|0|33800|670|1010|600|0|0|0|0|1|0|0|0
S|BCU|46510917|26825556| |DF|1|0|0|0|0|250|0|0|0|0|0|0|0
S|DIRCO|46599444|27254722| |TF|0|0|0|0|0|0|1|7000|0|0|0|0|0

P|GUXV1A|16|GUXVA|0|4
S|B|46501444|26918222| |DF|0|0|0|0|0|0|0|0|0|0|0|0|0
S|FQ34|46427389|26946917| |TF|0|0|0|0|0|0|0|0|0|1|0|0|0
S|BCU|46510917|26825556| |DF|2|0|0|0|0|230|0|0|0|0|0|0|0
S|GUXVA|46746667|27068611| |TF|0|0|0|0|0|0|1|5000|0|0|0|0|0

P|GUXV1B|34|GUXVA|0|3
S|D338G|46617278|26873167|BCU|CF|0|33800|670|1010|600|0|0|0|0|1|0|0|0
S| |91000000|181000000| |VI|0|5800|0|0|0|250|0|0|0|0|0|0|0
S|GUXVA|46746667|27068611|BCU|CF|0|2800|1740|2830|400|0|1|5000|0|0|0|0|0

P|KENU1A|16|KENUX|0|4
S|B|46501444|26918222| |DF|0|0|0|0|0|0|0|0|0|0|0|0|0
S|D158B|46474083|26928944| |TF|0|0|0|0|0|0|0|0|0|1|0|0|0
S| |91000000|181000000| |VI|0|22800|0|0|0|210|0|0|0|0|0|0|0
S|KENUX|46292222|26767778|BCU|CF|0|18300|1330|18340|600|0|1|7000|0|0|0|0|0

P|KENU1B|34|KENUX|0|3
S|D338G|46617278|26873167|BCU|CF|0|33800|670|1010|600|0|0|0|0|1|0|0|0
S|BCU|46510917|26825556| |DF|1|0|0|0|0|250|0|0|0|0|0|0|0
S|KENUX|46292222|26767778| |TF|0|0|0|0|0|0|1|7000|0|0|0|0|0

P|KENU1T|16|KENUX|0|4
S|B|46501444|26918222| |DF|0|0|0|0|0|0|0|0|0|0|0|0|0
S|D158C|46459583|26934444| |TF|0|0|0|0|0|0|0|0|0|1|0|0|0
S|BCU|46510917|26825556| |DF|1|0|0|0|0|210|0|0|0|0|0|0|0
S|KENUX|46292222|26767778| |TF|0|0|0|0|0|0|1|7000|0|0|0|0|0

P|REDK1A|16|REDKU|0|4
S|B|46501444|26918222| |DF|0|0|0|0|0|0|0|0|0|0|0|0|0
S|FQ34|46427389|26946917| |TF|0|0|0|0|0|0|0|0|0|1|0|0|0
S|BCU|46510917|26825556| |DF|2|0|0|0|0|230|0|0|0|0|0|0|0
S|REDKU|46506667|26548889| |TF|0|0|0|0|0|0|1|8000|0|0|0|0|0

P|REDK1B|34|REDKU|0|3
S|D338D|46562583|26894472|BCU|CF|0|33800|420|3560|200|0|0|0|0|1|0|0|0
S| |91000000|181000000| |VI|1|21700|0|0|0|210|0|0|0|0|0|0|0
S|REDKU|46506667|26548889|BCU|CF|0|26200|1150|26180|700|0|1|8000|0|0|0|0|0

P|REDK1R|34|REDKU|0|3
S|D338J|46665556|26854333|BCU|CF|0|33800|940|30|900|0|0|0|0|1|0|0|0
S|BCU|46510917|26825556| |DF|1|0|0|0|0|210|0|0|0|0|0|0|0
S|REDKU|46506667|26548889| |TF|2|0|0|0|0|0|1|8000|0|0|0|0|0

P|SALA1A|16|SALAC|0|4
S|B|46501444|26918222| |DF|0|0|0|0|0|0|0|0|0|0|0|0|0
S|D158C|46459583|26934444| |TF|0|0|0|0|0|0|0|0|0|1|0|0|0
S|BCU|46510917|26825556| |DF|2|0|0|0|0|210|0|0|0|0|0|0|0
S|SALAC|46740833|26735278| |TF|0|0|0|0|0|0|1|5000|0|0|0|0|0

P|SALA1B|34|SALAC|0|3
S|D338G|46617278|26873167|BCU|CF|0|33800|670|1010|600|0|0|0|0|1|0|0|0
S| |91000000|181000000| |VI|0|29300|0|0|0|250|0|0|0|0|0|0|0
S|SALAC|46740833|26735278|BCU|CF|0|33800|1430|33790|500|0|1|5000|0|0|0|0|0

P|TULN1A|16|TULNU|0|2
S|B|46501444|26918222| |DF|0|0|0|0|0|0|0|0|0|0|0|0|0
S|TULNU|46280556|27004444| |TF|0|0|0|0|0|0|1|5000|0|0|0|0|0

P|TULN1B|34|TULNU|0|3
S|D338G|46617278|26873167|BCU|CF|0|33800|670|1010|600|0|0|0|0|1|0|0|0
S|BCU|46510917|26825556| |DF|1|0|0|0|0|250|0|0|0|0|0|0|0
S|TULNU|46280556|27004444| |TF|0|0|0|0|0|0|1|5000|0|0|0|0|0

