P|DANU1C|16|DANUL|0|3
S|D162F|44989028|28736361|TLA|CF|0|16200|550|16200|400|0|0|0|0|1|0|0|0
S|TLA|45078694|28709500| |DF|1|0|0|0|0|220|0|0|0|0|0|0|0
S|DANUL|44906694|28456278| |TF|0|0|0|0|0|0|1|6000|0|0|0|0|0

P|DANU1D|34|DANUL|0|4
S|TLA|45078694|28709500|TLA|CF|0|34200|0|0|100|0|0|0|0|0|0|0|0
S|TL04B|45145528|28689444| |TF|0|0|0|0|0|0|0|0|0|1|0|0|0
S|TLA|45078694|28709500| |DF|2|0|0|0|0|220|0|0|0|0|0|0|0
S|DANUL|44906694|28456278| |TF|0|0|0|0|0|0|1|6000|0|0|0|0|0

P|DUNA1C|16|DUNAV|0|3
S|D162F|44989028|28736361|TLA|CF|0|16200|550|16200|400|0|0|0|0|1|0|0|0
S|TLA|45078694|28709500| |DF|1|0|0|0|0|220|0|0|0|0|0|0|0
S|DUNAV|45127167|28482000| |TF|0|0|0|0|0|0|1|6000|0|0|0|0|0

P|DUNA1D|34|DUNAV|0|4
S|TLA|45078694|28709500|TLA|CF|0|34200|0|0|100|0|0|0|0|0|0|0|0
S|TL04B|45145528|28689444| |TF|0|0|0|0|0|0|0|0|0|1|0|0|0
S|TLA|45078694|28709500| |DF|2|0|0|0|0|220|0|0|0|0|0|0|0
S|DUNAV|45127167|28482000| |TF|0|0|0|0|0|0|1|6000|0|0|0|0|0

P|LOBK1C|16|LOBKI|0|3
S|D162F|44989028|28736361|TLA|CF|0|16200|550|16200|400|0|0|0|0|1|0|0|0
S|TLA|45078694|28709500| |DF|2|0|0|0|0|220|0|0|0|0|0|0|0
S|LOBKI|45178056|28915833| |TF|0|0|0|0|0|0|1|6000|0|0|0|0|0

P|LOBK1D|34|LOBKI|0|4
S|TLA|45078694|28709500|TLA|CF|0|34200|0|0|100|0|0|0|0|0|0|0|0
S|TL04B|45145528|28689444| |TF|0|0|0|0|0|0|0|0|0|1|0|0|0
S|TLA|45078694|28709500| |DF|1|0|0|0|0|220|0|0|0|0|0|0|0
S|LOBKI|45178056|28915833| |TF|0|0|0|0|0|0|1|6000|0|0|0|0|0

P|REBD1C|16|REBDI|0|3
S|D162F|44989028|28736361|TLA|CF|0|16200|550|16200|400|0|0|0|0|1|0|0|0
S|TLA|45078694|28709500| |DF|1|0|0|0|0|220|0|0|0|0|0|0|0
S|REBDI|45056111|28473611| |TF|0|0|0|0|0|0|1|6000|0|0|0|0|0

P|REBD1D|34|REBDI|0|4
S|TLA|45078694|28709500|TLA|CF|0|34200|0|0|100|0|0|0|0|0|0|0|0
S|TL04B|45145528|28689444| |TF|0|0|0|0|0|0|0|0|0|1|0|0|0
S|TLA|45078694|28709500| |DF|2|0|0|0|0|220|0|0|0|0|0|0|0
S|REBDI|45056111|28473611| |TF|0|0|0|0|0|0|1|6000|0|0|0|0|0

P|TURI1C|16|TURIR|0|3
S|D162F|44989028|28736361|TLA|CF|0|16200|550|16200|400|0|0|0|0|0|0|0|0
S| |91000000|181000000| |VI|0|22800|0|0|0|220|0|0|0|0|0|0|0
S|TURIR|44832833|28656194|TLA|CF|0|18300|1490|18280|600|0|1|6000|0|0|0|0|0

P|TURI1D|34|TURIR|0|4
S|TLA|45078694|28709500|TLA|CF|0|34200|0|0|100|0|0|0|0|0|0|0|0
S|TL04B|45145528|28689444| |TF|0|0|0|0|0|0|0|0|0|1|0|0|0
S|TLA|45078694|28709500| |DF|2|0|0|0|0|220|0|0|0|0|0|0|0
S|TURIR|44832833|28656194| |TF|0|0|0|0|0|0|1|6000|0|0|0|0|0

