P|ASGE1L|04|ASGED|0|2
S|RONIX|47226250|8457000| |DF|0|0|0|0|0|0|1|5000|0|0|0|0|0
S|ASGED|47235778|8570500| |TF|0|0|0|0|0|0|1|10000|0|0|0|0|0

P|ASGE1R|22|ASGED|0|7
S|DER22|47083519|8295083| |DF|0|0|0|0|0|0|0|0|0|1|0|0|0
S| |91000000|181000000| |CA|0|22900|0|0|0|0|1|2200|0|0|0|0|0
S|D107M|47106781|8192403|WIL|CF|0|28700|1250|10700|300|185|1|5500|0|0|0|0|0
S|D107J|47121153|8135144| |TF|0|0|0|0|0|0|0|0|0|1|0|0|0
S| |91000000|181000000| |VI|2|4900|0|0|0|215|0|0|0|0|0|0|0
S|RONIX|47226250|8457000|WIL|CF|0|7900|2270|7950|1300|0|0|0|0|0|0|0|0
S|ASGED|47235778|8570500| |TF|0|0|0|0|0|0|1|10000|0|0|0|0|0

P|ELMU2L|04|ELMUR|0|4
S| |91000000|181000000| |CA|0|3400|0|0|0|0|1|1800|0|0|0|0|0
S|ME104|47148194|8368306| |DF|0|0|0|0|0|0|0|0|0|1|0|0|0
S|AGERI|47117139|8605028| |DF|2|0|0|0|0|205|0|0|0|0|0|0|0
S|ELMUR|47156778|8907611| |TF|0|0|0|0|0|0|1|10000|0|0|0|0|0

P|ELMU3R|22|ELMUR|0|6
S|DER22|47083519|8295083| |DF|0|0|0|0|0|0|0|0|0|1|0|0|0
S| |91000000|181000000| |CA|0|22900|0|0|0|0|1|2200|0|0|0|0|0
S| |91000000|181000000| |CI|2|3800|0|0|0|185|0|0|0|0|0|0|0
S|ME104|47148194|8368306|WIL|CF|0|9200|1900|9230|600|205|1|5000|0|1|0|0|0
S|AGERI|47117139|8605028| |TF|0|0|0|0|0|0|0|0|0|0|0|0|0
S|ELMUR|47156778|8907611| |TF|0|0|0|0|0|0|1|10000|0|0|0|0|0

P|FRIB2L|04|FRIBU|0|6
S| |91000000|181000000| |CA|0|3400|0|0|0|0|1|1800|0|0|0|0|0
S|ME102|47131803|8349736|WIL|CF|0|3400|1840|9560|200|205|0|0|0|1|0|0|0
S|ME103|47124428|8118078| |DF|1|0|0|0|0|205|0|0|0|0|0|0|0
S|NAXOL|46873667|7800889| |TF|0|0|0|0|0|0|0|0|0|0|0|0|0
S|GUDAX|46784722|7490278| |TF|0|0|0|0|0|0|1|8000|0|0|0|0|0
S|FRIBU|46777583|7223500| |TF|0|0|0|0|0|0|0|0|0|0|0|0|0

P|FRIB2R|22|FRIBU|0|6
S| |91000000|181000000| |CA|0|22900|0|0|0|0|1|2200|0|0|0|0|0
S|ME107|47105597|8191822| |DF|2|0|0|0|0|185|1|5500|0|0|0|0|0
S|ME103|47124428|8118078| |TF|0|0|0|0|0|205|0|0|0|1|0|0|0
S|NAXOL|46873667|7800889| |TF|0|0|0|0|0|0|0|0|0|0|0|0|0
S|GUDAX|46784722|7490278| |TF|0|0|0|0|0|0|1|8000|0|0|0|0|0
S|FRIBU|46777583|7223500| |TF|0|0|0|0|0|0|0|0|0|0|0|0|0

P|RWY04E|04| |0|2
S| |91000000|181000000| |CA|0|3400|0|0|0|0|1|1800|0|0|0|0|0
S| |91000000|181000000| |VM|0|7000|0|0|0|0|0|0|0|0|0|0|0

P|RWY04N|04| |0|2
S| |91000000|181000000| |CA|0|3400|0|0|0|0|1|1800|0|0|0|0|0
S| |91000000|181000000| |VM|0|36000|0|0|0|0|0|0|0|0|0|0|0

P|RWY04S|04| |0|2
S| |91000000|181000000| |CA|0|3400|0|0|0|0|1|1800|0|0|0|0|0
S| |91000000|181000000| |VM|1|24000|0|0|0|0|0|0|0|0|0|0|0

P|RWY04W|04| |0|2
S| |91000000|181000000| |CA|0|3400|0|0|0|0|1|1800|0|0|0|0|0
S| |91000000|181000000| |VM|0|31000|0|0|0|0|0|0|0|0|0|0|0

P|RWY22E|22| |0|2
S| |91000000|181000000| |CA|0|21400|0|0|0|0|1|1800|0|0|0|0|0
S| |91000000|181000000| |VM|2|7000|0|0|0|0|0|0|0|0|0|0|0

P|RWY22N|22| |0|2
S| |91000000|181000000| |CA|0|21400|0|0|0|0|1|1800|0|0|0|0|0
S| |91000000|181000000| |VM|2|36000|0|0|0|0|0|0|0|0|0|0|0

P|RWY22S|22| |0|2
S| |91000000|181000000| |CA|0|21400|0|0|0|0|1|1800|0|0|0|0|0
S| |91000000|181000000| |VM|0|25000|0|0|0|0|0|0|0|0|0|0|0

P|RWY22W|22| |0|2
S| |91000000|181000000| |CA|0|21400|0|0|0|0|1|1800|0|0|0|0|0
S| |91000000|181000000| |VM|2|31000|0|0|0|0|0|0|0|0|0|0|0

P|WIL1N|04|WIL|0|4
S| |91000000|181000000| |CA|0|3400|0|0|0|0|1|1800|0|0|0|0|0
S|ME102|47131803|8349736|WIL|CF|0|3400|1840|9560|200|0|0|0|0|1|0|0|0
S|ME106|47214483|8319061| |DF|1|0|0|0|0|205|1|5000|0|0|0|0|0
S|WIL|47178361|7905806| |TF|0|0|0|0|0|0|0|0|0|0|0|0|0

P|WIL1W|22|WIL|0|3
S| |91000000|181000000| |CA|0|22900|0|0|0|0|1|2200|0|0|0|0|0
S|ME107|47105597|8191822| |DF|2|0|0|0|0|185|1|5500|0|0|0|0|0
S|WIL|47178361|7905806| |TF|0|0|0|0|0|0|0|0|0|0|0|0|0

P|WIL6L|04|WIL|0|4
S| |91000000|181000000| |CA|0|3400|0|0|0|0|1|2300|0|0|0|0|0
S| |91000000|181000000|WIL|CR|1|30600|0|8400|0|215|1|5000|0|0|0|0|0
S| |91000000|181000000| |CI|0|30600|0|0|0|0|0|0|0|0|0|0|0
S|WIL|47178361|7905806|WIL|CF|0|25900|0|0|1400|0|0|0|0|0|0|0|0

P|WIL6R|22|WIL|0|4
S| |91000000|181000000| |CA|0|22900|0|0|0|0|1|2200|0|0|0|0|0
S| |91000000|181000000| |CI|2|33200|0|0|0|185|0|0|0|0|0|0|0
S|D107M|47106781|8192403|WIL|CF|0|28700|1250|10700|100|0|1|5500|0|0|0|0|0
S|WIL|47178361|7905806| |TF|0|0|0|0|0|0|0|0|0|0|0|0|0

