P|DEGE1J|34|DEGES|0|8
S|ZH570|47518000|8505583| |DF|0|0|0|0|0|0|1|3500|0|1|0|0|0
S|ZH571|47555722|8589389| |DF|2|0|0|0|0|210|0|0|0|0|0|0|0
S|ZH503|47575000|8709722| |TF|0|0|0|0|0|0|1|6000|0|0|0|0|0
S|ZH506|47507222|8780833| |TF|0|0|0|0|0|0|0|0|0|0|0|0|0
S|KOLUL|47467222|8822778| |TF|0|0|0|0|0|0|0|0|0|0|0|0|0
S|ZH504|47456389|8896944| |TF|0|0|0|0|0|0|0|0|0|0|0|0|0
S|ZH525|47440100|9011075| |TF|0|0|0|0|0|0|0|0|0|0|0|0|0
S|DEGES|47412500|9201944| |TF|0|0|0|0|0|0|1|8000|0|0|0|0|0

P|DEGE1P|32|DEGES|0|9
S|ZH579|47492472|8521917| |DF|0|0|0|0|0|0|0|0|0|0|0|0|0
S|ZH580|47515897|8502056| |TF|0|0|0|0|0|0|1|3500|0|1|0|0|0
S|ZH571|47555722|8589389| |DF|2|0|0|0|0|210|0|0|0|0|0|0|0
S|ZH503|47575000|8709722| |TF|0|0|0|0|0|0|1|6000|0|0|0|0|0
S|ZH506|47507222|8780833| |TF|0|0|0|0|0|0|0|0|0|0|0|0|0
S|KOLUL|47467222|8822778| |TF|0|0|0|0|0|0|0|0|0|0|0|0|0
S|ZH504|47456389|8896944| |TF|0|0|0|0|0|0|0|0|0|0|0|0|0
S|ZH525|47440100|9011075| |TF|0|0|0|0|0|0|0|0|0|0|0|0|0
S|DEGES|47412500|9201944| |TF|0|0|0|0|0|0|1|8000|0|0|0|0|0

P|DEGE1T|16|DEGES|0|8
S|ZH530|47442972|8558500| |DF|0|0|0|0|0|0|0|0|0|1|0|0|0
S| |91000000|181000000| |CA|0|15200|0|0|0|0|1|2000|0|0|0|0|0
S|ZH521|47461000|8649694| |DF|1|0|0|0|0|210|0|0|0|0|0|0|0
S|ZH502|47465217|8766339| |TF|0|0|0|0|0|0|1|4000|0|0|0|0|0
S|KOLUL|47467222|8822778| |TF|0|0|0|0|0|0|0|0|0|0|0|0|0
S|ZH504|47456389|8896944| |TF|0|0|0|0|0|0|1|5000|0|0|0|0|0
S|ZH525|47440100|9011075| |TF|0|0|0|0|0|0|1|7000|0|0|0|0|0
S|DEGES|47412500|9201944| |TF|0|0|0|0|0|0|1|8000|0|0|0|0|0

P|DEGE2R|16|DEGES|0|8
S|D147A|47442950|8558450|KLO|CF|0|15300|100|14640|100|0|0|0|0|1|0|0|0
S| |91000000|181000000| |CA|0|15300|0|0|0|0|1|2000|0|0|0|0|0
S| |91000000|181000000| |VI|1|4000|0|0|0|210|0|0|0|0|0|0|0
S|ZH502|47465217|8766339|KLO|CF|0|8500|900|8480|300|0|1|4000|0|0|0|0|0
S|KOLUL|47467222|8822778| |TF|0|0|0|0|0|0|0|0|0|0|0|0|0
S|ZH504|47456389|8896944| |TF|0|0|0|0|0|0|1|5000|0|0|0|0|0
S|ZH525|47440100|9011075| |TF|0|0|0|0|0|0|1|7000|0|0|0|0|0
S|DEGES|47412500|9201944| |TF|0|0|0|0|0|0|1|8000|0|1|0|0|0

P|DEGE2X|28|DEGES|0|10
S|ZH540|47462333|8489583| |DF|0|0|0|0|0|0|0|0|0|1|0|0|0
S|ZH541|47438694|8444889| |DF|0|0|0|0|0|0|0|0|0|0|0|0|0
S|ZH552|47428889|8391667| |TF|0|0|0|0|0|0|0|0|0|1|0|0|0
S|ZH553|47412889|8455944| |DF|1|0|0|0|0|210|0|0|0|0|0|0|0
S|ZH501|47457139|8545583| |TF|0|0|0|0|0|0|0|0|0|0|0|0|0
S|MOMOL|47461667|8671111| |TF|0|0|0|0|0|0|0|0|0|0|0|0|0
S|KOLUL|47467222|8822778| |TF|0|0|0|0|0|0|0|0|0|0|0|0|0
S|ZH504|47456389|8896944| |TF|0|0|0|0|0|0|0|0|0|0|0|0|0
S|ZH525|47440100|9011075| |TF|0|0|0|0|0|0|0|0|0|0|0|0|0
S|DEGES|47412500|9201944| |TF|0|0|0|0|0|0|0|0|0|0|0|0|0

P|DEGE2Y|28|DEGES|0|11
S|ZH540|47462333|8489583|WIL|CF|0|27300|2930|5120|330|0|0|0|0|0|0|0|0
S|ZH548|47454528|8462861| |RF|1|21410|0|0|120|0|0|0|0|0|0|0|0
S|ZH541|47438694|8444889| |TF|0|0|0|0|0|0|0|0|0|0|0|0|0
S|ZH552|47428889|8391667| |TF|0|0|0|0|0|0|0|0|0|1|0|0|0
S|ZH553|47412889|8455944| |DF|1|0|0|0|0|210|0|0|0|0|0|0|0
S|ZH501|47457139|8545583| |TF|0|0|0|0|0|0|0|0|0|0|0|0|0
S|MOMOL|47461667|8671111| |TF|0|0|0|0|0|0|0|0|0|0|0|0|0
S|KOLUL|47467222|8822778| |TF|0|0|0|0|0|0|0|0|0|0|0|0|0
S|ZH504|47456389|8896944| |TF|0|0|0|0|0|0|0|0|0|0|0|0|0
S|ZH525|47440100|9011075| |TF|0|0|0|0|0|0|0|0|0|0|0|0|0
S|DEGES|47412500|9201944| |TF|0|0|0|0|0|0|0|0|0|1|0|0|0

P|DEGE3E|10|DEGES|0|6
S|ZH510|47452083|8633722| |DF|0|0|0|0|0|0|0|0|0|1|0|0|0
S|ZH502|47465217|8766339| |TF|0|0|0|0|0|0|1|4000|0|1|0|0|0
S|KOLUL|47467222|8822778| |TF|0|0|0|0|0|0|0|0|0|0|0|0|0
S|ZH504|47456389|8896944| |TF|0|0|0|0|0|0|1|5000|0|0|0|0|0
S|ZH525|47440100|9011075| |TF|0|0|0|0|0|0|1|7000|0|0|0|0|0
S|DEGES|47412500|9201944| |TF|0|0|0|0|0|0|1|8000|0|0|0|0|0

P|DEGE3S|16|DEGES|0|8
S|D147A|47442950|8558450|KLO|CF|0|15300|100|14640|100|0|0|0|0|0|0|0|0
S|D147A|47442950|8558450|KLO|FA|0|15300|100|14640|0|0|1|2000|0|0|0|0|0
S| |91000000|181000000| |VI|1|3900|0|0|0|210|0|0|0|0|0|0|0
S|ZH502|47465217|8766339|KLO|CF|0|8400|900|8480|400|0|1|4000|0|0|0|0|0
S|KOLUL|47467222|8822778| |TF|0|0|0|0|0|0|0|0|0|0|0|0|0
S|ZH504|47456389|8896944| |TF|0|0|0|0|0|0|1|5000|0|0|0|0|0
S|ZH525|47440100|9011075| |TF|0|0|0|0|0|0|1|7000|0|0|0|0|0
S|DEGES|47412500|9201944| |TF|0|0|0|0|0|0|1|8000|0|0|0|0|0

P|DEGE3W|28|DEGES|0|8
S|KLO02|47462342|8489597|KLO|CF|0|27400|230|27580|200|0|0|0|0|1|0|0|0
S|ZH552|47428889|8391667|KLO|CF|0|25200|650|25290|400|0|0|0|0|1|0|0|0
S|KLO|47457139|8545583|ZUE|CF|1|5100|1370|23190|700|210|0|0|0|1|0|0|0
S|MOMOL|47461667|8671111| |TF|0|0|0|0|0|0|0|0|0|0|0|0|0
S|KOLUL|47467222|8822778| |TF|0|0|0|0|0|0|0|0|0|0|0|0|0
S|ZH504|47456389|8896944| |TF|0|0|0|0|0|0|0|0|0|0|0|0|0
S|ZH525|47440100|9011075| |TF|0|0|0|0|0|0|0|0|0|0|0|0|0
S|DEGES|47412500|9201944| |TF|0|0|0|0|0|0|0|0|0|0|0|0|0

P|DEGE4H|34|DEGES|0|7
S| |91000000|181000000|KLO|CD|0|33200|0|0|400|0|1|3500|0|0|0|0|0
S|ZH503|47575000|8709722|KLO|CF|2|7400|970|4030|700|210|1|6000|0|0|0|0|0
S|ZH506|47507222|8780833| |TF|0|0|0|0|0|0|0|0|0|0|0|0|0
S|KOLUL|47467222|8822778| |TF|0|0|0|0|0|0|0|0|0|0|0|0|0
S|ZH504|47456389|8896944| |TF|0|0|0|0|0|0|0|0|0|0|0|0|0
S|ZH525|47440100|9011075| |TF|0|0|0|0|0|0|0|0|0|0|0|0|0
S|DEGES|47412500|9201944| |TF|0|0|0|0|0|0|1|8000|0|0|0|0|0

P|DEGE4N|32|DEGES|0|8
S|D337B|47488086|8527586|KLO|CF|0|31500|200|33550|100|0|0|0|0|0|0|0|0
S|D335D|47517661|8504953| |TF|0|0|0|0|0|0|1|3500|0|1|0|0|0
S|ZH503|47575000|8709722|KLO|CF|2|7400|970|4030|700|210|1|6000|0|0|0|0|0
S|ZH506|47507222|8780833| |TF|0|0|0|0|0|0|0|0|0|0|0|0|0
S|KOLUL|47467222|8822778| |TF|0|0|0|0|0|0|0|0|0|0|0|0|0
S|ZH504|47456389|8896944| |TF|0|0|0|0|0|0|0|0|0|0|0|0|0
S|ZH525|47440100|9011075| |TF|0|0|0|0|0|0|0|0|0|0|0|0|0
S|DEGES|47412500|9201944| |TF|0|0|0|0|0|0|1|8000|0|0|0|0|0

P|DEGE5F|34|DEGES|0|10
S| |91000000|181000000| |CA|0|33200|0|0|0|0|1|1790|0|0|0|0|0
S|ZH570|47518000|8505583|KLO|CF|0|33100|400|33300|300|0|1|3500|0|1|0|0|0
S|ZH569|47520561|8394506|KLO|CF|0|24100|720|29880|300|0|0|0|0|1|0|0|0
S|ZH568|47457403|8427125| |DF|1|0|0|0|0|210|1|5000|0|0|0|0|0
S|ZH501|47457139|8545583| |TF|0|0|0|0|0|0|0|0|0|0|0|0|0
S|MOMOL|47461667|8671111| |TF|0|0|0|0|0|0|1|8000|0|0|0|0|0
S|KOLUL|47467222|8822778| |TF|0|0|0|0|0|0|0|0|0|0|0|0|0
S|ZH504|47456389|8896944| |TF|0|0|0|0|0|0|0|0|0|0|0|0|0
S|ZH525|47440100|9011075| |TF|0|0|0|0|0|0|0|0|0|0|0|0|0
S|DEGES|47412500|9201944| |TF|0|0|0|0|0|0|0|0|0|1|0|0|0

P|DEGE5L|32|DEGES|0|10
S| |91000000|181000000| |CA|0|31400|0|0|0|0|1|1810|0|0|0|0|0
S|ZH580|47515897|8502056|KLO|CF|0|32700|400|33040|200|0|1|3500|0|1|0|0|0
S|ZH569|47520561|8394506|KLO|CF|0|24100|720|29880|300|0|0|0|0|1|0|0|0
S|ZH568|47457403|8427125| |DF|1|0|0|0|0|210|1|5000|0|0|0|0|0
S|ZH501|47457139|8545583| |TF|0|0|0|0|0|0|0|0|0|0|0|0|0
S|MOMOL|47461667|8671111| |TF|0|0|0|0|0|0|1|8000|0|0|0|0|0
S|KOLUL|47467222|8822778| |TF|0|0|0|0|0|0|0|0|0|0|0|0|0
S|ZH504|47456389|8896944| |TF|0|0|0|0|0|0|0|0|0|0|0|0|0
S|ZH525|47440100|9011075| |TF|0|0|0|0|0|0|0|0|0|0|0|0|0
S|DEGES|47412500|9201944| |TF|0|0|0|0|0|0|0|0|0|0|0|0|0

P|GERS1D|10|GERSA|0|7
S|ZH510|47452083|8633722|WIL|CF|0|9300|3400|5780|390|0|0|0|0|0|0|0|0
S|ZH505|47514667|8610000| |RF|1|23170|0|0|800|210|1|5000|0|0|0|0|0
S|BREGO|47389722|8346111| |TF|0|0|0|0|0|0|0|0|0|0|0|0|0
S|ZH556|47338333|8384722| |TF|0|0|0|0|0|0|1|9000|0|0|0|0|0
S|ZH561|47259528|8443444| |TF|0|0|0|0|0|0|1|10000|0|0|0|0|0
S|ARTAG|47164575|8513972| |TF|0|0|0|0|0|0|0|0|0|0|0|0|0
S|GERSA|47039375|8532114| |TF|0|0|0|0|0|0|1|14000|0|0|0|0|0

P|GERS1H|34|GERSA|0|8
S|RW34|47449275|8554142|KLO|FD|0|33200|60|14060|400|0|1|3500|0|0|0|0|0
S| |91000000|181000000| |CI|0|24400|0|0|0|210|0|0|0|0|0|0|0
S|BREGO|47389722|8346111|KLO|CF|0|19000|910|24060|800|0|1|5000|0|0|0|0|0
S|ZH556|47338333|8384722| |TF|0|0|0|0|0|0|1|8000|0|0|0|0|0
S|ZH557|47313056|8403611| |TF|0|0|0|0|0|0|1|9000|0|0|0|0|0
S|AFOLT|47236389|8460556| |TF|0|0|0|0|0|0|1|10000|0|0|0|0|0
S|ARTAG|47164575|8513972| |TF|0|0|0|0|0|0|0|0|0|0|0|0|0
S|GERSA|47039375|8532114| |TF|0|0|0|0|0|0|1|14000|0|0|0|0|0

P|GERS1N|32|GERSA|0|9
S| |91000000|181000000|KLO|CD|0|31500|0|0|200|0|0|0|0|0|0|0|0
S| |91000000|181000000|KLO|CD|0|32900|0|0|400|0|1|3500|0|0|0|0|0
S| |91000000|181000000| |CI|0|24400|0|0|0|210|0|0|0|0|0|0|0
S|BREGO|47389722|8346111|KLO|CF|0|19000|910|24060|800|0|1|5000|0|0|0|0|0
S|ZH556|47338333|8384722| |TF|0|0|0|0|0|0|1|8000|0|0|0|0|0
S|ZH557|47313056|8403611| |TF|0|0|0|0|0|0|1|9000|0|0|0|0|0
S|AFOLT|47236389|8460556| |TF|0|0|0|0|0|0|1|10000|0|0|0|0|0
S|ARTAG|47164575|8513972| |TF|0|0|0|0|0|0|0|0|0|0|0|0|0
S|GERSA|47039375|8532114| |TF|0|0|0|0|0|0|1|14000|0|0|0|0|0

P|GERS2E|10|GERSA|0|7
S|ZH510|47452083|8633722| |DF|0|0|0|0|0|0|0|0|0|1|0|0|0
S|ZH505|47514667|8610000| |DF|1|0|0|0|0|210|1|5000|0|0|0|0|0
S|BREGO|47389722|8346111| |TF|0|0|0|0|0|0|0|0|0|0|0|0|0
S|ZH556|47338333|8384722| |TF|0|0|0|0|0|0|1|9000|0|0|0|0|0
S|ZH561|47259528|8443444| |TF|0|0|0|0|0|0|1|10000|0|0|0|0|0
S|ARTAG|47164575|8513972| |TF|0|0|0|0|0|0|0|0|0|0|0|0|0
S|GERSA|47039375|8532114| |TF|0|0|0|0|0|0|1|14000|0|0|0|0|0

P|GERS2S|16|GERSA|0|10
S|D147A|47442950|8558450|KLO|CF|0|15300|100|14640|100|0|0|0|0|0|0|0|0
S|D147A|47442950|8558450|KLO|FA|0|15300|100|14640|0|0|1|2000|0|0|0|0|0
S|KLO|47457139|8545583|KLO|CF|1|26200|0|0|300|210|1|4000|0|0|0|0|0
S| |91000000|181000000| |VI|0|26200|0|0|0|0|0|0|0|0|0|0|0
S|BREGO|47389722|8346111|KLO|CF|0|23200|910|24160|800|0|1|5000|0|0|0|0|0
S|ZH556|47338333|8384722| |TF|0|0|0|0|0|0|1|8000|0|0|0|0|0
S|ZH557|47313056|8403611| |TF|0|0|0|0|0|0|1|9000|0|0|0|0|0
S|AFOLT|47236389|8460556| |TF|0|0|0|0|0|0|1|10000|0|0|0|0|0
S|ARTAG|47164575|8513972| |TF|0|0|0|0|0|0|0|0|0|0|0|0|0
S|GERSA|47039375|8532114| |TF|0|0|0|0|0|0|1|14000|0|0|0|0|0

P|GERS2W|28|GERSA|0|7
S|KLO02|47462342|8489597|KLO|CF|0|27300|230|27580|200|0|0|0|0|1|0|0|0
S|BREGO|47389722|8346111|KLO|CF|0|23200|910|24160|700|0|1|5000|0|1|0|0|0
S|ZH556|47338333|8384722| |TF|0|0|0|0|0|0|1|8000|0|0|0|0|0
S|ZH557|47313056|8403611| |TF|0|0|0|0|0|0|1|9000|0|0|0|0|0
S|AFOLT|47236389|8460556| |TF|0|0|0|0|0|0|1|10000|0|0|0|0|0
S|ARTAG|47164575|8513972| |TF|0|0|0|0|0|0|0|0|0|0|0|0|0
S|GERSA|47039375|8532114| |TF|0|0|0|0|0|0|1|14000|0|0|0|0|0

P|GERS3C|10|GERSA|0|6
S|ZH510|47452083|8633722| |DF|0|0|0|0|0|0|0|0|0|1|0|0|0
S|ZH502|47465217|8766339| |TF|0|0|0|0|0|0|1|4000|0|1|0|0|0
S|ZH524|47420722|8805306| |DF|2|0|0|0|0|210|1|6000|0|0|0|0|0
S|ZH527|47281528|8646306| |TF|0|0|0|0|0|0|1|10000|0|0|0|0|0
S|ARTAG|47164575|8513972| |TF|0|0|0|0|0|0|0|0|0|0|0|0|0
S|GERSA|47039375|8532114| |TF|0|0|0|0|0|0|1|14000|0|0|0|0|0

P|SAT2E|10| |0|3
S|DER10|47456600|8570453| |DF|0|0|0|0|0|0|0|0|0|1|0|0|0
S| |91000000|181000000| |CA|0|9400|0|0|0|0|1|2500|0|0|0|0|0
S| |91000000|181000000| |VM|0|7800|0|0|0|210|0|0|0|0|0|0|0

P|SAT2F|34| |0|3
S|DER34|47475714|8535936| |DF|0|0|0|0|0|0|0|0|0|1|0|0|0
S| |91000000|181000000| |CA|0|33300|0|0|0|0|1|3500|0|0|0|0|0
S| |91000000|181000000| |VM|1|24100|0|0|0|210|0|0|0|0|0|0|0

P|SAT2H|34| |0|3
S|DER34|47475714|8535936| |DF|0|0|0|0|0|0|0|0|0|1|0|0|0
S| |91000000|181000000| |CA|0|33300|0|0|0|0|1|3500|0|0|0|0|0
S| |91000000|181000000| |VM|2|10400|0|0|0|210|0|0|0|0|0|0|0

P|SAT2S|16| |0|3
S|DER16|47445453|8556756| |DF|0|0|0|0|0|0|0|0|0|1|0|0|0
S| |91000000|181000000| |CA|0|15300|0|0|0|0|1|2000|0|0|0|0|0
S| |91000000|181000000| |VM|1|1300|0|0|0|210|0|0|0|0|0|0|0

P|SAT2W|28| |0|3
S|DER28|47458939|8537481| |DF|0|0|0|0|0|0|0|0|0|1|0|0|0
S| |91000000|181000000| |CA|0|27400|0|0|0|0|1|2200|0|0|0|0|0
S| |91000000|181000000| |VM|0|22500|0|0|0|210|0|0|0|0|0|0|0

P|VEBI1D|10|VEBIT|0|6
S|ZH510|47452083|8633722|WIL|CF|0|9300|3400|5780|390|0|0|0|0|0|0|0|0
S|ZH505|47514667|8610000| |RF|1|23170|0|0|800|210|1|5000|0|0|0|0|0
S|BREGO|47389722|8346111| |TF|0|0|0|0|0|0|0|0|0|0|0|0|0
S|ZH554|47355083|8248750| |TF|0|0|0|0|0|0|1|6000|0|0|0|0|0
S|ZH558|47318056|8144722| |TF|0|0|0|0|0|0|1|7000|0|0|0|0|0
S|VEBIT|47268611|8005833| |TF|0|0|0|0|0|0|0|0|0|0|0|0|0

P|VEBI1T|16|VEBIT|0|8
S|ZH530|47442972|8558500| |DF|0|0|0|0|0|0|0|0|0|1|0|0|0
S| |91000000|181000000| |CA|0|15200|0|0|0|0|1|2000|0|0|0|0|0
S|ZH531|47470611|8606889| |DF|1|0|0|0|0|0|0|0|0|0|0|0|0
S|ZH533|47466333|8545500| |TF|0|0|0|0|0|210|1|4000|0|0|0|0|0
S|BREGO|47389722|8346111| |TF|0|0|0|0|0|0|1|5000|0|0|0|0|0
S|ZH554|47355083|8248750| |TF|0|0|0|0|0|0|1|6000|0|0|0|0|0
S|ZH558|47318056|8144722| |TF|0|0|0|0|0|0|1|7000|0|0|0|0|0
S|VEBIT|47268611|8005833| |TF|0|0|0|0|0|0|0|0|0|0|0|0|0

P|VEBI1Y|28|VEBIT|0|7
S|ZH540|47462333|8489583|WIL|CF|0|27300|2930|5120|330|0|0|0|0|0|0|0|0
S|ZH544|47451056|8459694| |RF|1|20250|0|0|150|0|0|0|0|0|0|0|0
S|ZH546|47432417|8436194| |RF|2|23150|0|0|150|210|0|0|0|0|0|0|0
S|BREGO|47389722|8346111| |TF|0|0|0|0|0|0|1|5000|0|0|0|0|0
S|ZH554|47355083|8248750| |TF|0|0|0|0|0|0|1|6000|0|0|0|0|0
S|ZH558|47318056|8144722| |TF|0|0|0|0|0|0|1|7000|0|0|0|0|0
S|VEBIT|47268611|8005833| |TF|0|0|0|0|0|0|0|0|0|0|0|0|0

P|VEBI2K|34|VEBIT|0|8
S| |91000000|181000000| |CA|0|33200|0|0|0|0|1|1900|0|0|0|0|0
S|ZH570|47518000|8505583|KLO|CF|0|33100|400|33300|200|0|1|3500|0|0|0|0|0
S|ZH573|47534167|8436667| |RF|1|24060|0|0|330|210|0|0|0|0|0|0|0
S|ZH559|47517083|8384667| |TF|0|0|0|0|0|0|0|0|0|0|0|0|0
S|BREGO|47389722|8346111| |TF|0|0|0|0|0|0|1|5000|0|0|0|0|0
S|ZH554|47355083|8248750| |TF|0|0|0|0|0|0|1|6000|0|0|0|0|0
S|ZH558|47318056|8144722| |TF|0|0|0|0|0|0|1|7000|0|0|0|0|0
S|VEBIT|47268611|8005833| |TF|0|0|0|0|0|0|0|0|0|0|0|0|0

P|VEBI2X|28|VEBIT|0|6
S|ZH540|47462333|8489583| |DF|0|0|0|0|0|0|0|0|0|1|0|0|0
S|ZH542|47444583|8461861| |DF|0|0|0|0|0|210|0|0|0|0|0|0|0
S|BREGO|47389722|8346111| |TF|0|0|0|0|0|0|1|5000|0|0|0|0|0
S|ZH554|47355083|8248750| |TF|0|0|0|0|0|0|1|6000|0|0|0|0|0
S|ZH558|47318056|8144722| |TF|0|0|0|0|0|0|1|7000|0|0|0|0|0
S|VEBIT|47268611|8005833| |TF|0|0|0|0|0|0|0|0|0|0|0|0|0

P|VEBI4E|10|VEBIT|0|6
S|ZH510|47452083|8633722| |DF|0|0|0|0|0|0|0|0|0|1|0|0|0
S|ZH505|47514667|8610000| |DF|1|0|0|0|0|210|1|5000|0|0|0|0|0
S|BREGO|47389722|8346111| |TF|0|0|0|0|0|0|0|0|0|0|0|0|0
S|ZH554|47355083|8248750| |TF|0|0|0|0|0|0|1|6000|0|0|0|0|0
S|ZH558|47318056|8144722| |TF|0|0|0|0|0|0|1|7000|0|0|0|0|0
S|VEBIT|47268611|8005833| |TF|0|0|0|0|0|0|0|0|0|0|0|0|0

P|VEBI4H|34|VEBIT|0|7
S| |91000000|181000000| |CA|0|33200|0|0|0|0|1|1790|0|0|0|0|0
S|ZH570|47518000|8505583|KLO|CF|0|33100|400|33300|300|0|1|3500|0|1|0|0|0
S|ZH577|47518203|8388056|KLO|CF|0|24100|740|29680|300|210|0|0|0|0|0|0|0
S|BREGO|47389722|8346111| |TF|0|0|0|0|0|0|1|5000|0|0|0|0|0
S|ZH554|47355083|8248750| |TF|0|0|0|0|0|0|1|6000|0|0|0|0|0
S|ZH558|47318056|8144722| |TF|0|0|0|0|0|0|1|7000|0|0|0|0|0
S|VEBIT|47268611|8005833| |TF|0|0|0|0|0|0|0|0|0|0|0|0|0

P|VEBI4N|32|VEBIT|0|7
S| |91000000|181000000| |CA|0|31400|0|0|0|0|1|1810|0|0|0|0|0
S|ZH580|47515897|8502056|KLO|CF|0|32700|400|33040|200|0|1|3500|0|1|0|0|0
S|ZH577|47518203|8388056|KLO|CF|0|24100|740|29680|300|210|0|0|0|0|0|0|0
S|BREGO|47389722|8346111| |TF|0|0|0|0|0|0|1|5000|0|0|0|0|0
S|ZH554|47355083|8248750| |TF|0|0|0|0|0|0|1|6000|0|0|0|0|0
S|ZH558|47318056|8144722| |TF|0|0|0|0|0|0|1|7000|0|0|0|0|0
S|VEBIT|47268611|8005833| |TF|0|0|0|0|0|0|0|0|0|0|0|0|0

P|VEBI4S|16|VEBIT|0|8
S|D147A|47442950|8558450| |DF|0|0|0|0|0|0|0|0|0|1|0|0|0
S| |91000000|181000000| |CA|0|15300|0|0|0|0|1|2000|0|0|0|0|0
S|KLO|47457139|8545583|KLO|CF|1|26200|0|0|300|210|1|4000|0|0|0|0|0
S| |91000000|181000000| |VI|0|26200|0|0|0|0|0|0|0|0|0|0|0
S|BREGO|47389722|8346111|KLO|CF|0|23200|910|24160|800|0|1|5000|0|0|0|0|0
S|ZH554|47355083|8248750| |TF|0|0|0|0|0|0|1|6000|0|0|0|0|0
S|ZH558|47318056|8144722| |TF|0|0|0|0|0|0|1|7000|0|0|0|0|0
S|VEBIT|47268611|8005833| |TF|0|0|0|0|0|0|0|0|0|0|0|0|0

P|WIL3C|10|WIL|0|6
S| |91000000|181000000|KLO|CD|0|9400|0|0|210|0|1|1820|0|0|0|0|0
S| |91000000|181000000| |CI|2|26800|0|0|0|0|0|0|0|0|0|0|0
S|BREGO|47389722|8346111|WIL|CF|0|23200|2200|5160|300|0|1|5000|0|0|0|0|0
S|ZH555|47346889|8261267| |TF|0|0|0|0|0|0|1|6000|0|0|0|0|0
S|ZH551|47302222|8166667| |TF|0|0|0|0|0|0|1|7000|0|0|0|0|0
S|WIL|47178361|7905806| |TF|0|0|0|0|0|0|1|7000|0|0|0|0|0

P|WIL3Q|16|WIL|0|6
S|D147A|47442950|8558450|KLO|CF|0|15300|100|14640|100|0|0|0|0|1|0|0|0
S| |91000000|181000000| |CI|2|26800|0|0|0|0|0|0|0|0|0|0|0
S|BREGO|47389722|8346111|KLO|CF|0|23200|910|24160|200|0|1|5000|0|0|0|0|0
S|ZH555|47346889|8261267| |TF|0|0|0|0|0|0|1|6000|0|0|0|0|0
S|ZH551|47302222|8166667| |TF|0|0|0|0|0|0|1|7000|0|0|0|0|0
S|WIL|47178361|7905806| |TF|0|0|0|0|0|0|1|7000|0|0|0|0|0

P|ZUE1E|10|ZUE|0|4
S|ZH510|47452083|8633722| |DF|0|0|0|0|0|0|0|0|0|1|0|0|0
S|ZH507|47458222|8681417| |DF|0|0|0|0|0|0|0|0|0|0|0|0|0
S|ZH508|47542389|8717056| |TF|0|0|0|0|0|0|0|0|0|0|0|0|0
S|ZUE|47592167|8817667| |TF|0|0|0|0|0|0|1|6000|0|0|0|0|0

P|ZUE3V|28|ZUE|0|3
S|KLO02|47462342|8489597|KLO|CF|0|27400|230|27580|200|0|0|0|0|1|0|0|0
S|ZH552|47428889|8391667|KLO|CF|0|25200|650|25290|400|0|0|0|0|1|0|0|0
S|ZUE|47592167|8817667|KLO|CF|1|5100|1370|5170|2100|210|1|6000|0|0|0|0|0

P|ZUE5F|34|ZUE|0|6
S| |91000000|181000000| |CA|0|33200|0|0|0|0|1|1790|0|0|0|0|0
S|ZH570|47518000|8505583|KLO|CF|0|33100|400|33300|300|0|1|3500|0|1|0|0|0
S|ZH569|47520561|8394506|KLO|CF|0|24100|720|29880|300|0|0|0|0|1|0|0|0
S|ZH568|47457403|8427125| |DF|1|0|0|0|0|210|1|5000|0|0|0|0|0
S|ZH501|47457139|8545583| |TF|0|0|0|0|0|0|0|0|0|0|0|0|0
S|ZUE|47592167|8817667| |TF|0|0|0|0|0|0|1|6000|0|0|0|0|0

P|ZUE5L|32|ZUE|0|6
S| |91000000|181000000| |CA|0|31400|0|0|0|0|1|1810|0|0|0|0|0
S|ZH580|47515897|8502056|KLO|CF|0|32700|400|33040|200|0|1|3500|0|1|0|0|0
S|ZH569|47520561|8394506|KLO|CF|0|24100|720|29880|300|0|0|0|0|1|0|0|0
S|ZH568|47457403|8427125| |DF|1|0|0|0|0|210|1|5000|0|0|0|0|0
S|ZH501|47457139|8545583| |TF|0|0|0|0|0|0|0|0|0|0|0|0|0
S|ZUE|47592167|8817667| |TF|0|0|0|0|0|0|1|6000|0|0|0|0|0

