P|ASTA7A|11L|ASTAL|0|11
S|DE11L|39947886|32697883| |DF|0|0|0|0|0|0|0|0|0|1|0|0|0
S| |91000000|181000000| |VA|0|10800|0|0|0|0|1|3060|0|0|0|0|0
S|AD700|39910531|32758622|ETI|CF|0|12300|550|11650|360|0|0|0|0|0|0|0|0
S|AD701|39849761|32831444| |TF|0|0|0|0|0|250|0|0|0|0|0|0|0
S|AD705|39714392|32690950| |TF|0|0|0|0|0|0|0|0|0|0|0|0|0
S|AD707|39791714|32509300| |TF|0|0|0|0|0|0|0|0|0|0|0|0|0
S|AD709|39866936|32356117| |TF|0|0|0|0|0|0|0|0|0|0|0|0|0
S|AD711|39986586|32423392| |TF|0|0|0|0|0|0|0|0|0|0|0|0|0
S|AD713|40139747|32471817| |TF|0|0|0|0|0|0|0|0|0|0|0|0|0
S|AD715|40454497|32572047| |TF|0|0|0|0|0|0|0|0|0|0|0|0|0
S|ASTAL|40740556|33124444| |TF|0|0|0|0|0|0|0|0|0|0|0|0|0

P|ASTA7B|29R|ASTAL|0|6
S|DE29R|39958700|32665711| |DF|0|0|0|0|0|0|0|0|0|1|0|0|0
S| |91000000|181000000| |VA|0|28800|0|0|0|0|1|3060|0|0|0|0|0
S|AD802|39972706|32544575|ETI|CF|0|27300|530|27250|560|0|0|0|0|0|0|0|0
S|AD713|40139747|32471817| |TF|0|0|0|0|0|0|0|0|0|0|0|0|0
S|AD715|40454497|32572047| |TF|0|0|0|0|0|0|0|0|0|0|0|0|0
S|ASTAL|40740556|33124444| |TF|0|0|0|0|0|0|0|0|0|0|0|0|0

P|ASTA7C|29R|ASTAL|0|5
S|DE29R|39958700|32665711| |DF|0|0|0|0|0|0|0|0|0|1|0|0|0
S| |91000000|181000000| |CA|0|28800|0|0|0|0|1|3060|0|0|0|0|0
S| |91000000|181000000|ETI|CD|0|27400|0|0|600|0|0|0|0|0|0|0|0
S|ETI|39959611|32658833| |DF|1|0|0|0|0|210|0|0|0|0|0|0|0
S|ASTAL|40740556|33124444| |TF|0|0|0|0|0|0|0|0|0|0|0|0|0

P|ASTA7D|11L|ASTAL|0|5
S|DE11L|39947886|32697883| |DF|0|0|0|0|0|0|0|0|0|1|0|0|0
S| |91000000|181000000| |VA|0|10800|0|0|0|0|1|3060|0|0|0|0|0
S| |91000000|181000000|ETI|VD|0|12500|0|0|560|0|1|3800|0|0|0|0|0
S|ETI|39959611|32658833| |DF|2|0|0|0|0|185|0|0|0|0|0|0|0
S|ASTAL|40740556|33124444| |TF|0|0|0|0|0|0|0|0|0|0|0|0|0

P|AZBU7A|11L|AZBUL|0|8
S|DE11L|39947886|32697883| |DF|0|0|0|0|0|0|0|0|0|1|0|0|0
S| |91000000|181000000| |VA|0|10800|0|0|0|0|1|3060|0|0|0|0|0
S|AD700|39910531|32758622|ETI|CF|0|12300|550|11650|360|0|0|0|0|0|0|0|0
S|AD701|39849761|32831444| |TF|0|0|0|0|0|250|0|0|0|0|0|0|0
S|AD703|39769586|32994222| |TF|0|0|0|0|0|0|0|0|0|0|0|0|0
S|BUQIW|39701511|33131775| |TF|0|0|0|0|0|0|0|0|0|0|0|0|0
S|EFFAG|39570311|33389256| |TF|0|0|0|0|0|0|0|0|0|0|0|0|0
S|AZBUL|39382222|33361944| |TF|0|0|0|0|0|0|0|0|0|0|0|0|0

P|AZBU7B|29R|AZBUL|0|11
S|DE29R|39958700|32665711| |DF|0|0|0|0|0|0|0|0|0|1|0|0|0
S| |91000000|181000000| |VA|0|28800|0|0|0|0|1|3060|0|0|0|0|0
S|AD802|39972706|32544575|ETI|CF|0|27300|530|27250|560|0|0|0|0|0|0|0|0
S|AD711|39986586|32423392| |TF|0|0|0|0|0|250|0|0|0|0|0|0|0
S|AD709|39866936|32356117| |TF|0|0|0|0|0|0|0|0|0|0|0|0|0
S|AD707|39791714|32509300| |TF|0|0|0|0|0|0|0|0|0|0|0|0|0
S|AD701|39849761|32831444| |TF|0|0|0|0|0|0|0|0|0|0|0|0|0
S|AD703|39769586|32994222| |TF|0|0|0|0|0|0|0|0|0|0|0|0|0
S|BUQIW|39701511|33131775| |TF|0|0|0|0|0|0|0|0|0|0|0|0|0
S|EFFAG|39570311|33389256| |TF|0|0|0|0|0|0|0|0|0|0|0|0|0
S|AZBUL|39382222|33361944| |TF|0|0|0|0|0|0|0|0|0|0|0|0|0

P|AZBU7C|29R|AZBUL|0|5
S|DE29R|39958700|32665711| |DF|0|0|0|0|0|0|0|0|0|1|0|0|0
S| |91000000|181000000| |CA|0|28800|0|0|0|0|1|3060|0|0|0|0|0
S| |91000000|181000000|ETI|CD|0|27400|0|0|600|0|0|0|0|0|0|0|0
S|ETI|39959611|32658833| |DF|1|0|0|0|0|210|0|0|0|0|0|0|0
S|AZBUL|39382222|33361944| |TF|0|0|0|0|0|0|0|0|0|0|0|0|0

P|AZBU7D|11L|AZBUL|0|5
S|DE11L|39947886|32697883| |DF|0|0|0|0|0|0|0|0|0|1|0|0|0
S| |91000000|181000000| |VA|0|10800|0|0|0|0|1|3060|0|0|0|0|0
S| |91000000|181000000|ETI|VD|0|12500|0|0|560|0|1|3800|0|0|0|0|0
S| |91000000|181000000| |VI|0|17000|0|0|0|185|0|0|0|0|0|0|0
S|AZBUL|39382222|33361944|ETI|CF|0|13000|4750|13050|3900|0|0|0|0|0|0|0|0

P|BAG1F|11L|BAG|0|3
S| |91000000|181000000| |CA|0|10800|0|0|0|0|1|3060|0|0|0|0|0
S| |91000000|181000000|ETM|CD|0|10000|0|0|200|0|1|3400|0|0|0|0|0
S|BAG|40069944|32809889| |DF|1|0|0|0|0|230|1|5500|0|0|0|0|0

P|BAG1G|29R|BAG|0|3
S| |91000000|181000000|ETM|CD|0|29000|0|0|400|0|0|0|0|0|0|0|0
S| |91000000|181000000| |CA|0|29000|0|0|0|0|1|3400|0|0|0|0|0
S|BAG|40069944|32809889| |DF|2|0|0|0|0|230|1|5500|0|0|0|0|0

P|BENT7A|11L|BENTA|0|8
S|DE11L|39947886|32697883| |DF|0|0|0|0|0|0|0|0|0|1|0|0|0
S| |91000000|181000000| |VA|0|10800|0|0|0|0|1|3060|0|0|0|0|0
S|AD700|39910531|32758622|ETI|CF|0|12300|550|11650|360|0|0|0|0|0|0|0|0
S|AD701|39849761|32831444| |TF|0|0|0|0|0|250|0|0|0|0|0|0|0
S|AD703|39769586|32994222| |TF|0|0|0|0|0|0|0|0|0|0|0|0|0
S|BUQIW|39701511|33131775| |TF|0|0|0|0|0|0|0|0|0|0|0|0|0
S|IDSOH|39880283|33510544| |TF|0|0|0|0|0|0|0|0|0|0|0|0|0
S|BENTA|40151478|33955958| |TF|0|0|0|0|0|0|0|0|0|0|0|0|0

P|BENT7B|29R|BENTA|0|11
S|DE29R|39958700|32665711| |DF|0|0|0|0|0|0|0|0|0|1|0|0|0
S| |91000000|181000000| |VA|0|28800|0|0|0|0|1|3060|0|0|0|0|0
S|AD802|39972706|32544575|ETI|CF|0|27300|530|27250|560|0|0|0|0|0|0|0|0
S|AD711|39986586|32423392| |TF|0|0|0|0|0|250|0|0|0|0|0|0|0
S|AD709|39866936|32356117| |TF|0|0|0|0|0|0|0|0|0|0|0|0|0
S|AD707|39791714|32509300| |TF|0|0|0|0|0|0|0|0|0|0|0|0|0
S|AD701|39849761|32831444| |TF|0|0|0|0|0|0|0|0|0|0|0|0|0
S|AD703|39769586|32994222| |TF|0|0|0|0|0|0|0|0|0|0|0|0|0
S|BUQIW|39701511|33131775| |TF|0|0|0|0|0|0|0|0|0|0|0|0|0
S|IDSOH|39880283|33510544| |TF|0|0|0|0|0|0|0|0|0|0|0|0|0
S|BENTA|40151478|33955958| |TF|0|0|0|0|0|0|0|0|0|0|0|0|0

P|DERE7A|11L|DEREL|0|11
S|DE11L|39947886|32697883| |DF|0|0|0|0|0|0|0|0|0|1|0|0|0
S| |91000000|181000000| |VA|0|10800|0|0|0|0|1|3060|0|0|0|0|0
S|AD700|39910531|32758622|ETI|CF|0|12300|550|11650|360|0|0|0|0|0|0|0|0
S|AD701|39849761|32831444| |TF|0|0|0|0|0|250|0|0|0|0|0|0|0
S|AD705|39714392|32690950| |TF|0|0|0|0|0|0|0|0|0|0|0|0|0
S|AD707|39791714|32509300| |TF|0|0|0|0|0|0|0|0|0|0|0|0|0
S|AD709|39866936|32356117| |TF|0|0|0|0|0|0|0|0|0|0|0|0|0
S|AD711|39986586|32423392| |TF|0|0|0|0|0|0|0|0|0|0|0|0|0
S|AD713|40139747|32471817| |TF|0|0|0|0|0|0|0|0|0|0|0|0|0
S|AD715|40454497|32572047| |TF|0|0|0|0|0|0|0|0|0|0|0|0|0
S|DEREL|40713889|32193333| |TF|0|0|0|0|0|0|0|0|0|0|0|0|0

P|DERE7B|29R|DEREL|0|6
S|DE29R|39958700|32665711| |DF|0|0|0|0|0|0|0|0|0|1|0|0|0
S| |91000000|181000000| |VA|0|28800|0|0|0|0|1|3060|0|0|0|0|0
S|AD802|39972706|32544575|ETI|CF|0|27300|530|27250|560|0|0|0|0|0|0|0|0
S|AD713|40139747|32471817| |TF|0|0|0|0|0|0|0|0|0|0|0|0|0
S|AD715|40454497|32572047| |TF|0|0|0|0|0|0|0|0|0|0|0|0|0
S|DEREL|40713889|32193333| |TF|0|0|0|0|0|0|0|0|0|0|0|0|0

P|DERE7C|29R|DEREL|0|5
S|DE29R|39958700|32665711| |DF|0|0|0|0|0|0|0|0|0|1|0|0|0
S| |91000000|181000000| |CA|0|28800|0|0|0|0|1|3060|0|0|0|0|0
S| |91000000|181000000|ETI|CD|0|27400|0|0|600|0|0|0|0|0|0|0|0
S|ETI|39959611|32658833| |DF|1|0|0|0|0|210|0|0|0|0|0|0|0
S|DEREL|40713889|32193333| |TF|0|0|0|0|0|0|0|0|0|0|0|0|0

P|DERE7D|11L|DEREL|0|5
S|DE11L|39947886|32697883| |DF|0|0|0|0|0|0|0|0|0|1|0|0|0
S| |91000000|181000000| |VA|0|10800|0|0|0|0|1|3060|0|0|0|0|0
S| |91000000|181000000|ETI|VD|0|12500|0|0|560|0|1|3800|0|0|0|0|0
S|ETI|39959611|32658833| |DF|2|0|0|0|0|185|0|0|0|0|0|0|0
S|DEREL|40713889|32193333| |TF|0|0|0|0|0|0|0|0|0|0|0|0|0

P|EKME7A|11L|EKMEK|0|9
S|DE11L|39947886|32697883| |DF|0|0|0|0|0|0|0|0|0|1|0|0|0
S| |91000000|181000000| |VA|0|10800|0|0|0|0|1|3060|0|0|0|0|0
S|AD700|39910531|32758622|ETI|CF|0|12300|550|11650|360|0|0|0|0|0|0|0|0
S|AD701|39849761|32831444| |TF|0|0|0|0|0|250|0|0|0|0|0|0|0
S|AD703|39769586|32994222| |TF|0|0|0|0|0|0|0|0|0|0|0|0|0
S|BUQIW|39701511|33131775| |TF|0|0|0|0|0|0|0|0|0|0|0|0|0
S|IDSOH|39880283|33510544| |TF|0|0|0|0|0|0|0|0|0|0|0|0|0
S|BENTA|40151478|33955958| |TF|0|0|0|0|0|0|0|0|0|0|0|0|0
S|EKMEK|40503575|33943294| |TF|0|0|0|0|0|0|0|0|0|0|0|0|0

P|EKME7B|29R|EKMEK|0|12
S|DE29R|39958700|32665711| |DF|0|0|0|0|0|0|0|0|0|1|0|0|0
S| |91000000|181000000| |VA|0|28800|0|0|0|0|1|3060|0|0|0|0|0
S|AD802|39972706|32544575|ETI|CF|0|27300|530|27250|560|0|0|0|0|0|0|0|0
S|AD711|39986586|32423392| |TF|0|0|0|0|0|250|0|0|0|0|0|0|0
S|AD709|39866936|32356117| |TF|0|0|0|0|0|0|0|0|0|0|0|0|0
S|AD707|39791714|32509300| |TF|0|0|0|0|0|0|0|0|0|0|0|0|0
S|AD701|39849761|32831444| |TF|0|0|0|0|0|0|0|0|0|0|0|0|0
S|AD703|39769586|32994222| |TF|0|0|0|0|0|0|0|0|0|0|0|0|0
S|BUQIW|39701511|33131775| |TF|0|0|0|0|0|0|0|0|0|0|0|0|0
S|IDSOH|39880283|33510544| |TF|0|0|0|0|0|0|0|0|0|0|0|0|0
S|BENTA|40151478|33955958| |TF|0|0|0|0|0|0|0|0|0|0|0|0|0
S|EKMEK|40503575|33943294| |TF|0|0|0|0|0|0|0|0|0|0|0|0|0

P|ELQU7A|11L|ELQUL|0|9
S|DE11L|39947886|32697883| |DF|0|0|0|0|0|0|0|0|0|1|0|0|0
S| |91000000|181000000| |VA|0|10800|0|0|0|0|1|3060|0|0|0|0|0
S|AD700|39910531|32758622|ETI|CF|0|12300|550|11650|360|0|0|0|0|0|0|0|0
S|AD701|39849761|32831444| |TF|0|0|0|0|0|250|0|0|0|0|0|0|0
S|AD703|39769586|32994222| |TF|0|0|0|0|0|0|0|0|0|0|0|0|0
S|BUQIW|39701511|33131775| |TF|0|0|0|0|0|0|0|0|0|0|0|0|0
S|EFFAG|39570311|33389256| |TF|0|0|0|0|0|0|0|0|0|0|0|0|0
S|BALAX|39457547|33780772| |TF|0|0|0|0|0|0|0|0|0|0|0|0|0
S|ELQUL|39393178|33881019| |TF|0|0|0|0|0|0|0|0|0|0|0|0|0

P|ELQU7B|29R|ELQUL|0|12
S|DE29R|39958700|32665711| |DF|0|0|0|0|0|0|0|0|0|1|0|0|0
S| |91000000|181000000| |VA|0|28800|0|0|0|0|1|3060|0|0|0|0|0
S|AD802|39972706|32544575|ETI|CF|0|27300|530|27250|560|0|0|0|0|0|0|0|0
S|AD711|39986586|32423392| |TF|0|0|0|0|0|250|0|0|0|0|0|0|0
S|AD709|39866936|32356117| |TF|0|0|0|0|0|0|0|0|0|0|0|0|0
S|AD707|39791714|32509300| |TF|0|0|0|0|0|0|0|0|0|0|0|0|0
S|AD701|39849761|32831444| |TF|0|0|0|0|0|0|0|0|0|0|0|0|0
S|AD703|39769586|32994222| |TF|0|0|0|0|0|0|0|0|0|0|0|0|0
S|BUQIW|39701511|33131775| |TF|0|0|0|0|0|0|0|0|0|0|0|0|0
S|EFFAG|39570311|33389256| |TF|0|0|0|0|0|0|0|0|0|0|0|0|0
S|BALAX|39457547|33780772| |TF|0|0|0|0|0|0|0|0|0|0|0|0|0
S|ELQUL|39393178|33881019| |TF|0|0|0|0|0|0|0|0|0|0|0|0|0

P|ELQU7C|29R|ELQUL|0|6
S|DE29R|39958700|32665711| |DF|0|0|0|0|0|0|0|0|0|1|0|0|0
S| |91000000|181000000| |CA|0|28800|0|0|0|0|1|3060|0|0|0|0|0
S| |91000000|181000000|ETI|CD|0|27400|0|0|600|0|0|0|0|0|0|0|0
S|ETI|39959611|32658833| |DF|1|0|0|0|0|210|0|0|0|0|0|0|0
S|BAG|40069944|32809889| |TF|0|0|0|0|0|0|0|0|0|0|0|0|0
S|ELQUL|39393178|33881019| |TF|0|0|0|0|0|0|0|0|0|0|0|0|0

P|ELQU7D|11L|ELQUL|0|6
S|DE11L|39947886|32697883| |DF|0|0|0|0|0|0|0|0|0|1|0|0|0
S| |91000000|181000000| |VA|0|10800|0|0|0|0|1|3060|0|0|0|0|0
S| |91000000|181000000|ETI|VD|0|12500|0|0|560|0|1|3800|0|0|0|0|0
S|ETI|39959611|32658833| |DF|2|0|0|0|0|185|0|0|0|0|0|0|0
S|BAG|40069944|32809889| |TF|0|0|0|0|0|0|0|0|0|0|0|0|0
S|ELQUL|39393178|33881019| |TF|0|0|0|0|0|0|0|0|0|0|0|0|0

P|GOBI7A|11L|GOBIT|0|8
S|DE11L|39947886|32697883| |DF|0|0|0|0|0|0|0|0|0|1|0|0|0
S| |91000000|181000000| |VA|0|10800|0|0|0|0|1|3060|0|0|0|0|0
S|AD700|39910531|32758622|ETI|CF|0|12300|550|11650|360|0|0|0|0|0|0|0|0
S|AD701|39849761|32831444| |TF|0|0|0|0|0|250|0|0|0|0|0|0|0
S|AD703|39769586|32994222| |TF|0|0|0|0|0|0|0|0|0|0|0|0|0
S|BUQIW|39701511|33131775| |TF|0|0|0|0|0|0|0|0|0|0|0|0|0
S|IDSOH|39880283|33510544| |TF|0|0|0|0|0|0|0|0|0|0|0|0|0
S|GOBIT|39776131|33886931| |TF|0|0|0|0|0|0|0|0|0|0|0|0|0

P|GOBI7B|29R|GOBIT|0|11
S|DE29R|39958700|32665711| |DF|0|0|0|0|0|0|0|0|0|1|0|0|0
S| |91000000|181000000| |VA|0|28800|0|0|0|0|1|3060|0|0|0|0|0
S|AD802|39972706|32544575|ETI|CF|0|27300|530|27250|560|0|0|0|0|0|0|0|0
S|AD711|39986586|32423392| |TF|0|0|0|0|0|250|0|0|0|0|0|0|0
S|AD709|39866936|32356117| |TF|0|0|0|0|0|0|0|0|0|0|0|0|0
S|AD707|39791714|32509300| |TF|0|0|0|0|0|0|0|0|0|0|0|0|0
S|AD701|39849761|32831444| |TF|0|0|0|0|0|0|0|0|0|0|0|0|0
S|AD703|39769586|32994222| |TF|0|0|0|0|0|0|0|0|0|0|0|0|0
S|BUQIW|39701511|33131775| |TF|0|0|0|0|0|0|0|0|0|0|0|0|0
S|IDSOH|39880283|33510544| |TF|0|0|0|0|0|0|0|0|0|0|0|0|0
S|GOBIT|39776131|33886931| |TF|0|0|0|0|0|0|0|0|0|0|0|0|0

P|GOBI7C|29R|GOBIT|0|6
S|DE29R|39958700|32665711| |DF|0|0|0|0|0|0|0|0|0|1|0|0|0
S| |91000000|181000000| |CA|0|28800|0|0|0|0|1|3060|0|0|0|0|0
S| |91000000|181000000|ETI|CD|0|27400|0|0|600|0|0|0|0|0|0|0|0
S|ETI|39959611|32658833| |DF|1|0|0|0|0|210|0|0|0|0|0|0|0
S|BAG|40069944|32809889| |TF|0|0|0|0|0|0|0|0|0|0|0|0|0
S|GOBIT|39776131|33886931| |TF|0|0|0|0|0|0|0|0|0|0|0|0|0

P|GOBI7D|11L|GOBIT|0|6
S|DE11L|39947886|32697883| |DF|0|0|0|0|0|0|0|0|0|1|0|0|0
S| |91000000|181000000| |VA|0|10800|0|0|0|0|1|3060|0|0|0|0|0
S| |91000000|181000000|ETI|VD|0|12500|0|0|560|0|1|3800|0|0|0|0|0
S|ETI|39959611|32658833| |DF|2|0|0|0|0|185|0|0|0|0|0|0|0
S|BAG|40069944|32809889| |TF|0|0|0|0|0|0|0|0|0|0|0|0|0
S|GOBIT|39776131|33886931| |TF|0|0|0|0|0|0|0|0|0|0|0|0|0

P|GURB7C|29R|GURBU|0|6
S|DE29R|39958700|32665711| |DF|0|0|0|0|0|0|0|0|0|1|0|0|0
S| |91000000|181000000| |CA|0|28800|0|0|0|0|1|3060|0|0|0|0|0
S| |91000000|181000000|ETI|CD|0|27400|0|0|600|0|0|0|0|0|0|0|0
S|ETI|39959611|32658833| |DF|1|0|0|0|0|210|0|0|0|0|0|0|0
S|BAG|40069944|32809889| |TF|0|0|0|0|0|0|0|0|0|0|0|0|0
S|GURBU|40168494|33832778| |TF|0|0|0|0|0|0|0|0|0|0|0|0|0

P|GURB7D|11L|GURBU|0|6
S|DE11L|39947886|32697883| |DF|0|0|0|0|0|0|0|0|0|1|0|0|0
S| |91000000|181000000| |VA|0|10800|0|0|0|0|1|3060|0|0|0|0|0
S| |91000000|181000000|ETI|VD|0|12500|0|0|560|0|1|3800|0|0|0|0|0
S|ETI|39959611|32658833| |DF|2|0|0|0|0|185|0|0|0|0|0|0|0
S|BAG|40069944|32809889| |TF|0|0|0|0|0|0|0|0|0|0|0|0|0
S|GURBU|40168494|33832778| |TF|0|0|0|0|0|0|0|0|0|0|0|0|0

P|HALI7A|11L|HALIL|0|6
S|DE11L|39947886|32697883| |DF|0|0|0|0|0|0|0|0|0|1|0|0|0
S| |91000000|181000000| |VA|0|10800|0|0|0|0|1|3060|0|0|0|0|0
S|AD700|39910531|32758622|ETI|CF|0|12300|550|11650|360|0|0|0|0|0|0|0|0
S|AD701|39849761|32831444| |TF|0|0|0|0|0|250|0|0|0|0|0|0|0
S|AD705|39714392|32690950| |TF|0|0|0|0|0|0|0|0|0|0|0|0|0
S|HALIL|39390556|32357778| |TF|0|0|0|0|0|0|0|0|0|0|0|0|0

P|HALI7B|29R|HALIL|0|6
S|DE29R|39958700|32665711| |DF|0|0|0|0|0|0|0|0|0|1|0|0|0
S| |91000000|181000000| |VA|0|28800|0|0|0|0|1|3060|0|0|0|0|0
S|AD802|39972706|32544575|ETI|CF|0|27300|530|27250|560|0|0|0|0|0|0|0|0
S|AD711|39986586|32423392| |TF|0|0|0|0|0|250|0|0|0|0|0|0|0
S|AD709|39866936|32356117| |TF|0|0|0|0|0|0|0|0|0|0|0|0|0
S|HALIL|39390556|32357778| |TF|0|0|0|0|0|0|0|0|0|0|0|0|0

P|HALI7C|29R|HALIL|0|5
S|DE29R|39958700|32665711| |DF|0|0|0|0|0|0|0|0|0|1|0|0|0
S| |91000000|181000000| |CA|0|28800|0|0|0|0|1|3060|0|0|0|0|0
S| |91000000|181000000|ETI|CD|0|27400|0|0|600|0|0|0|0|0|0|0|0
S| |91000000|181000000| |VI|1|11000|0|0|0|210|0|0|0|0|0|0|0
S|HALIL|39390556|32357778|ETI|CF|0|19600|3690|19630|3200|0|0|0|0|0|0|0|0

P|HALI7D|11L|HALIL|0|5
S|DE11L|39947886|32697883| |DF|0|0|0|0|0|0|0|0|0|1|0|0|0
S| |91000000|181000000| |VA|0|10800|0|0|0|0|1|3060|0|0|0|0|0
S| |91000000|181000000|ETI|VD|0|12500|0|0|560|0|1|3800|0|0|0|0|0
S|ETI|39959611|32658833| |DF|2|0|0|0|0|185|0|0|0|0|0|0|0
S|HALIL|39390556|32357778| |TF|1|0|0|0|0|0|0|0|0|0|0|0|0

P|HAY1F|11L|HAY|0|4
S| |91000000|181000000| |CA|0|10800|0|0|0|0|1|3060|0|0|0|0|0
S| |91000000|181000000|ETM|CD|0|10000|0|0|200|0|1|3400|0|0|0|0|0
S|ETM|39949889|32696389| |DF|1|0|0|0|0|230|1|5000|0|0|0|0|0
S|HAY|39436639|32509500| |TF|0|0|0|0|0|0|0|0|0|0|0|0|0

P|HAY1G|29R|HAY|0|3
S| |91000000|181000000|ETM|CD|0|29000|0|0|400|0|0|0|0|0|0|0|0
S| |91000000|181000000| |CA|0|29000|0|0|0|0|1|3400|0|0|0|0|0
S|HAY|39436639|32509500|BAG|CF|1|17800|4040|19420|3100|230|1|5500|0|0|0|0|0

P|HAY1H|29R|HAY|0|4
S| |91000000|181000000|ETM|CD|0|29000|0|0|400|0|0|0|0|0|0|0|0
S| |91000000|181000000| |CA|0|29000|0|0|0|0|1|3400|0|0|0|0|0
S|ETM|39949889|32696389| |DF|2|0|0|0|0|230|1|5000|0|0|0|0|0
S|HAY|39436639|32509500| |TF|0|0|0|0|0|0|0|0|0|0|0|0|0

P|ILHA7C|29R|ILHAN|0|6
S|DE29R|39958700|32665711| |DF|0|0|0|0|0|0|0|0|0|1|0|0|0
S| |91000000|181000000| |CA|0|28800|0|0|0|0|1|3060|0|0|0|0|0
S| |91000000|181000000|ETI|CD|0|27400|0|0|600|0|0|0|0|0|0|0|0
S|ETI|39959611|32658833| |DF|1|0|0|0|0|210|0|0|0|0|0|0|0
S|BAG|40069944|32809889| |TF|0|0|0|0|0|0|0|0|0|0|0|0|0
S|ILHAN|40443889|33703611| |TF|0|0|0|0|0|0|0|0|0|0|0|0|0

P|ILHA7D|11L|ILHAN|0|6
S|DE11L|39947886|32697883| |DF|0|0|0|0|0|0|0|0|0|1|0|0|0
S| |91000000|181000000| |VA|0|10800|0|0|0|0|1|3060|0|0|0|0|0
S| |91000000|181000000|ETI|VD|0|12500|0|0|560|0|1|3800|0|0|0|0|0
S|ETI|39959611|32658833| |DF|2|0|0|0|0|185|0|0|0|0|0|0|0
S|BAG|40069944|32809889| |TF|0|0|0|0|0|0|0|0|0|0|0|0|0
S|ILHAN|40443889|33703611| |TF|0|0|0|0|0|0|0|0|0|0|0|0|0

P|KIZI7C|29R|KIZIK|0|5
S|DE29R|39958700|32665711| |DF|0|0|0|0|0|0|0|0|0|1|0|0|0
S| |91000000|181000000| |CA|0|28800|0|0|0|0|1|3060|0|0|0|0|0
S| |91000000|181000000|ETI|CD|0|27400|0|0|600|0|0|0|0|0|0|0|0
S| |91000000|181000000| |VI|0|36000|0|0|0|0|0|0|0|0|0|0|0
S|KIZIK|40418333|32149444|ETI|CF|0|31400|3610|31380|2600|0|0|0|0|0|0|0|0

P|KIZI7D|11L|KIZIK|0|5
S|DE11L|39947886|32697883| |DF|0|0|0|0|0|0|0|0|0|1|0|0|0
S| |91000000|181000000| |VA|0|10800|0|0|0|0|1|3060|0|0|0|0|0
S| |91000000|181000000|ETI|VD|0|12500|0|0|560|0|1|3800|0|0|0|0|0
S|ETI|39959611|32658833| |DF|2|0|0|0|0|185|0|0|0|0|0|0|0
S|KIZIK|40418333|32149444| |TF|0|0|0|0|0|0|0|0|0|0|0|0|0

P|PETA1P|11L|PETAR|0|4
S| |91000000|181000000| |CA|0|10800|0|0|0|0|1|3060|0|0|0|0|0
S| |91000000|181000000|ETM|CD|0|10000|0|0|200|0|1|3400|0|0|0|0|0
S|D289D|39978356|32617972| |DF|1|0|0|0|0|230|0|0|0|0|0|0|0
S|PETAR|40171111|32081389| |TF|0|0|0|0|0|0|0|0|0|0|0|0|0

P|PETA1R|29R|PETAR|0|3
S| |91000000|181000000|ETM|CD|0|29000|0|0|400|0|0|0|0|0|0|0|0
S| |91000000|181000000| |CA|0|29000|0|0|0|0|1|3400|0|0|0|0|0
S|PETAR|40171111|32081389|ETM|CF|0|28900|3130|28930|2600|230|0|0|0|0|0|0|0

P|TELV7A|11L|TELVO|0|6
S|DE11L|39947886|32697883| |DF|0|0|0|0|0|0|0|0|0|1|0|0|0
S| |91000000|181000000| |VA|0|10800|0|0|0|0|1|3060|0|0|0|0|0
S|AD700|39910531|32758622|ETI|CF|0|12300|550|11650|360|0|0|0|0|0|0|0|0
S|AD701|39849761|32831444| |TF|0|0|0|0|0|250|0|0|0|0|0|0|0
S|DODWE|39663425|32810094| |TF|0|0|0|0|0|0|0|0|0|0|0|0|0
S|TELVO|39371111|32921667| |TF|0|0|0|0|0|0|0|0|0|0|0|0|0

P|TELV7B|29R|TELVO|0|9
S|DE29R|39958700|32665711| |DF|0|0|0|0|0|0|0|0|0|1|0|0|0
S| |91000000|181000000| |VA|0|28800|0|0|0|0|1|3060|0|0|0|0|0
S|AD802|39972706|32544575|ETI|CF|0|27300|530|27250|560|0|0|0|0|0|0|0|0
S|AD711|39986586|32423392| |TF|0|0|0|0|0|250|0|0|0|0|0|0|0
S|AD709|39866936|32356117| |TF|0|0|0|0|0|0|0|0|0|0|0|0|0
S|AD707|39791714|32509300| |TF|0|0|0|0|0|0|0|0|0|0|0|0|0
S|AD705|39714392|32690950| |TF|0|0|0|0|0|0|0|0|0|0|0|0|0
S|DODWE|39663425|32810094| |TF|0|0|0|0|0|0|0|0|0|0|0|0|0
S|TELVO|39371111|32921667| |TF|0|0|0|0|0|0|0|0|0|0|0|0|0

P|TELV7C|29R|TELVO|0|5
S|DE29R|39958700|32665711| |DF|0|0|0|0|0|0|0|0|0|1|0|0|0
S| |91000000|181000000| |CA|0|28800|0|0|0|0|1|3060|0|0|0|0|0
S| |91000000|181000000|ETI|CD|0|27400|0|0|600|0|0|0|0|0|0|0|0
S|ETI|39959611|32658833| |DF|1|0|0|0|0|210|0|0|0|0|0|0|0
S|TELVO|39371111|32921667| |TF|2|0|0|0|0|0|0|0|0|0|0|0|0

P|TELV7D|11L|TELVO|0|5
S|DE11L|39947886|32697883| |DF|0|0|0|0|0|0|0|0|0|1|0|0|0
S| |91000000|181000000| |VA|0|10800|0|0|0|0|1|3060|0|0|0|0|0
S| |91000000|181000000|ETI|VD|0|12500|0|0|560|0|1|3800|0|0|0|0|0
S| |91000000|181000000| |VI|0|19500|0|0|0|185|0|0|0|0|0|0|0
S|TELVO|39371111|32921667|ETI|CF|0|15500|3730|15490|2700|0|0|0|0|0|0|0|0

P|UMRU7A|11L|UMRUN|0|8
S|DE11L|39947886|32697883| |DF|0|0|0|0|0|0|0|0|0|1|0|0|0
S| |91000000|181000000| |VA|0|10800|0|0|0|0|1|3060|0|0|0|0|0
S|AD700|39910531|32758622|ETI|CF|0|12300|550|11650|360|0|0|0|0|0|0|0|0
S|AD701|39849761|32831444| |TF|0|0|0|0|0|250|0|0|0|0|0|0|0
S|AD705|39714392|32690950| |TF|0|0|0|0|0|0|0|0|0|0|0|0|0
S|AD707|39791714|32509300| |TF|0|0|0|0|0|0|0|0|0|0|0|0|0
S|AD709|39866936|32356117| |TF|0|0|0|0|0|0|0|0|0|0|0|0|0
S|UMRUN|40186081|31877922| |TF|0|0|0|0|0|0|0|0|0|0|0|0|0

P|UMRU7B|29R|UMRUN|0|6
S|DE29R|39958700|32665711| |DF|0|0|0|0|0|0|0|0|0|1|0|0|0
S| |91000000|181000000| |VA|0|28800|0|0|0|0|1|3060|0|0|0|0|0
S|AD802|39972706|32544575|ETI|CF|0|27300|530|27250|560|0|0|0|0|0|0|0|0
S|AD711|39986586|32423392| |TF|0|0|0|0|0|250|0|0|0|0|0|0|0
S|AD717|40057114|32231719| |TF|0|0|0|0|0|0|0|0|0|0|0|0|0
S|UMRUN|40186081|31877922| |TF|0|0|0|0|0|0|0|0|0|0|0|0|0

P|UMRU7C|29R|UMRUN|0|5
S|DE29R|39958700|32665711| |DF|0|0|0|0|0|0|0|0|0|1|0|0|0
S| |91000000|181000000| |CA|0|28800|0|0|0|0|1|3060|0|0|0|0|0
S| |91000000|181000000|ETI|CD|0|27400|0|0|600|0|0|0|0|0|0|0|0
S| |91000000|181000000| |VI|0|30000|0|0|0|0|0|0|0|0|0|0|0
S|UMRUN|40186081|31877922|ETI|CF|0|28500|3850|28490|2900|0|0|0|0|0|0|0|0

P|UMRU7D|11L|UMRUN|0|5
S|DE11L|39947886|32697883| |DF|0|0|0|0|0|0|0|0|0|1|0|0|0
S| |91000000|181000000| |VA|0|10800|0|0|0|0|1|3060|0|0|0|0|0
S| |91000000|181000000|ETI|VD|0|12500|0|0|560|0|1|3800|0|0|0|0|0
S|ETI|39959611|32658833| |DF|2|0|0|0|0|185|0|0|0|0|0|0|0
S|UMRUN|40186081|31877922| |TF|0|0|0|0|0|0|0|0|0|0|0|0|0

P|YAVR7A|11L|YAVRU|0|10
S|DE11L|39947886|32697883| |DF|0|0|0|0|0|0|0|0|0|1|0|0|0
S| |91000000|181000000| |VA|0|10800|0|0|0|0|1|3060|0|0|0|0|0
S|AD700|39910531|32758622|ETI|CF|0|12300|550|11650|360|0|0|0|0|0|0|0|0
S|AD701|39849761|32831444| |TF|0|0|0|0|0|250|0|0|0|0|0|0|0
S|AD705|39714392|32690950| |TF|0|0|0|0|0|0|0|0|0|0|0|0|0
S|AD707|39791714|32509300| |TF|0|0|0|0|0|0|0|0|0|0|0|0|0
S|AD709|39866936|32356117| |TF|0|0|0|0|0|0|0|0|0|0|0|0|0
S|AD717|40057114|32231719| |TF|0|0|0|0|0|0|0|0|0|0|0|0|0
S|AD719|40331389|32092222| |TF|0|0|0|0|0|0|0|0|0|0|0|0|0
S|YAVRU|40582222|31832778| |TF|0|0|0|0|0|0|0|0|0|0|0|0|0

P|YAVR7B|29R|YAVRU|0|7
S|DE29R|39958700|32665711| |DF|0|0|0|0|0|0|0|0|0|1|0|0|0
S| |91000000|181000000| |VA|0|28800|0|0|0|0|1|3060|0|0|0|0|0
S|AD802|39972706|32544575|ETI|CF|0|27300|530|27250|560|0|0|0|0|0|0|0|0
S|AD711|39986586|32423392| |TF|0|0|0|0|0|250|0|0|0|0|0|0|0
S|AD717|40057114|32231719| |TF|0|0|0|0|0|0|0|0|0|0|0|0|0
S|AD719|40331389|32092222| |TF|0|0|0|0|0|0|0|0|0|0|0|0|0
S|YAVRU|40582222|31832778| |TF|0|0|0|0|0|0|0|0|0|0|0|0|0

