P|ASKE1R|04L|ASKER|0|4
S|DR04L|38358922|38260964| |DF|0|0|0|0|0|310|0|0|0|1|0|0|0
S|AO114|38426119|38353361| |TF|0|0|0|0|0|310|1|5600|0|0|0|0|0
S|AO115|38517472|38477142| |TF|0|0|0|0|0|310|1|9200|0|0|0|0|0
S|ASKER|38276944|38784722| |TF|0|0|0|0|0|310|1|14000|0|0|0|0|0

P|ASKE1S|04R|ASKER|0|4
S|DR04R|38357222|38261781| |DF|0|0|0|0|0|310|0|0|0|1|0|0|0
S|AO114|38426119|38353361| |TF|0|0|0|0|0|310|1|5600|0|0|0|0|0
S|AO115|38517472|38477142| |TF|0|0|0|0|0|310|1|9200|0|0|0|0|0
S|ASKER|38276944|38784722| |TF|0|0|0|0|0|310|1|14000|0|0|0|0|0

P|RASV2R|22L|RASVA|0|5
S|DR22L|38345844|38246103| |DF|0|0|0|0|0|310|0|0|0|1|0|0|0
S|AO117|38302536|38085164| |TF|0|0|0|0|0|310|1|6200|0|0|0|0|0
S|AO117|38302536|38085164| |IF|0|0|0|0|0|310|1|6200|0|0|0|0|0
S|AO118|38193769|37876289| |TF|0|0|0|0|0|310|1|12000|0|0|0|0|0
S|RASVA|37498056|38007778| |TF|0|0|0|0|0|310|1|12000|0|0|0|0|0

P|RASV2R|22R|RASVA|0|5
S|DR22R|38346628|38244025| |DF|0|0|0|0|0|310|0|0|0|1|0|0|0
S|AO117|38302536|38085164| |TF|0|0|0|0|0|310|1|6200|0|0|0|0|0
S|AO117|38302536|38085164| |IF|0|0|0|0|0|310|1|6200|0|0|0|0|0
S|AO118|38193769|37876289| |TF|0|0|0|0|0|310|1|12000|0|0|0|0|0
S|RASVA|37498056|38007778| |TF|0|0|0|0|0|310|1|12000|0|0|0|0|0

P|UREB1R|04L|UREBO|0|5
S|DR04L|38358922|38260964| |DF|0|0|0|0|0|310|0|0|0|1|0|0|0
S|AO114|38426119|38353361| |TF|0|0|0|0|0|310|1|5600|0|0|0|0|0
S|AO115|38517472|38477142| |TF|0|0|0|0|0|310|1|9200|0|0|0|0|0
S|AO116|38691633|38444075| |TF|0|0|0|0|0|310|1|13000|0|0|0|0|0
S|UREBO|38789444|37144167| |TF|0|0|0|0|0|310|1|19000|0|0|0|0|0

P|UREB1S|04R|UREBO|0|5
S|DR04R|38357222|38261781| |DF|0|0|0|0|0|310|0|0|0|1|0|0|0
S|AO114|38426119|38353361| |TF|0|0|0|0|0|0|1|5600|0|0|0|0|0
S|AO115|38517472|38477142| |TF|0|0|0|0|0|310|1|9200|0|0|0|0|0
S|AO116|38691633|38444075| |TF|0|0|0|0|0|310|1|13000|0|0|0|0|0
S|UREBO|38789444|37144167| |TF|0|0|0|0|0|310|1|19000|0|0|0|0|0

P|UREB2R|22L|UREBO|0|5
S|DR22L|38345844|38246103| |DF|0|0|0|0|0|310|0|0|0|1|0|0|0
S|AO117|38302536|38085164| |TF|0|0|0|0|0|310|1|6200|0|0|0|0|0
S|AO117|38302536|38085164| |IF|0|0|0|0|0|310|1|6200|0|0|0|0|0
S|AO118|38193769|37876289| |TF|0|0|0|0|0|310|1|12000|0|0|0|0|0
S|UREBO|38789444|37144167| |TF|0|0|0|0|0|310|1|12000|0|0|0|0|0

P|UREB2R|22R|UREBO|0|5
S|DR22R|38346628|38244025| |DF|0|0|0|0|0|310|0|0|0|1|0|0|0
S|AO117|38302536|38085164| |TF|0|0|0|0|0|310|1|6200|0|0|0|0|0
S|AO117|38302536|38085164| |IF|0|0|0|0|0|310|1|6200|0|0|0|0|0
S|AO118|38193769|37876289| |TF|0|0|0|0|0|310|1|12000|0|0|0|0|0
S|UREBO|38789444|37144167| |TF|0|0|0|0|0|310|1|12000|0|0|0|0|0

