P|ADVO1A|01|ADVOK|0|4
S| |91000000|181000000| |CA|0|1200|0|0|0|0|1|5640|0|0|0|0|0
S|D359G|39905758|36906628|SIV|CF|0|35900|700|35900|600|0|0|0|0|1|0|0|0
S|SIV|39789444|36893417| |DF|1|0|0|0|0|0|0|0|0|0|0|0|0
S|ADVOK|39503547|36501056| |TF|0|0|0|0|0|0|0|0|0|0|0|0|0

P|ADVO1B|19|ADVOK|0|4
S| |91000000|181000000| |CA|0|19200|0|0|0|0|1|5640|0|0|0|0|0
S|D195G|39680422|36839261|SIV|CF|0|19500|700|19500|800|0|0|0|0|1|0|0|0
S|D220G|39709489|36783178|SIV|AF|2|19500|700|22080|0|0|0|0|0|0|0|0|0
S|ADVOK|39503547|36501056| |TF|0|0|0|0|0|0|0|0|0|0|0|0|0

P|ADVO1C|01|ADVOK|0|4
S|ASRAK|39932539|36953300|SIV|CF|0|1200|900|1290|640|240|1|7100|0|0|0|0|0
S|AR016|39963281|36829625| |TF|0|0|0|0|0|0|0|0|0|0|0|0|0
S|NURVO|39708475|36597364| |TF|0|0|0|0|0|0|0|0|0|0|0|0|0
S|ADVOK|39503547|36501056| |TF|0|0|0|0|0|0|0|0|0|0|0|0|0

P|ADVO1F|19|ADVOK|0|2
S|AR190|39670678|36843600|SIV|CF|0|19200|750|19290|800|250|1|6850|0|0|0|0|0
S|ADVOK|39503547|36501056| |TF|0|0|0|0|0|0|0|0|0|0|0|0|0

P|NUNT1A|01|NUNTU|0|4
S| |91000000|181000000| |CA|0|1200|0|0|0|0|1|5640|0|0|0|0|0
S|D359G|39905758|36906628|SIV|CF|0|35900|700|35900|600|0|0|0|0|1|0|0|0
S|SIV|39789444|36893417| |DF|1|0|0|0|0|0|0|0|0|0|0|0|0
S|NUNTU|39579694|37359731| |TF|0|0|0|0|0|0|0|0|0|0|0|0|0

P|NUNT1B|19|NUNTU|0|4
S| |91000000|181000000| |CA|0|19200|0|0|0|0|1|5640|0|0|0|0|0
S|D195G|39680422|36839261|SIV|CF|0|19500|700|19500|800|0|0|0|0|1|0|0|0
S|SIV|39789444|36893417| |DF|2|0|0|0|0|0|0|0|0|0|0|0|0
S|NUNTU|39579694|37359731| |TF|0|0|0|0|0|0|0|0|0|0|0|0|0

P|NUNT1C|01|NUNTU|0|4
S|ASRAK|39932539|36953300|SIV|CF|0|1200|900|1290|640|240|1|7100|0|0|0|0|0
S|EBUVI|39881786|37198003| |TF|0|0|0|0|0|0|0|0|0|0|0|0|0
S|AGNOM|39750047|37268728| |TF|0|0|0|0|0|0|0|0|0|0|0|0|0
S|NUNTU|39579694|37359731| |TF|0|0|0|0|0|0|0|0|0|0|0|0|0

P|NUNT1F|19|NUNTU|0|3
S|AR190|39670678|36843600|SIV|CF|0|19200|750|19290|800|250|1|7650|0|0|0|0|0
S|AR192|39634750|36987314| |TF|0|0|0|0|0|0|0|0|0|0|0|0|0
S|NUNTU|39579694|37359731| |TF|0|0|0|0|0|0|0|0|0|0|0|0|0

P|OLPO1A|01|OLPOT|0|4
S| |91000000|181000000| |CA|0|1200|0|0|0|0|1|5640|0|0|0|0|0
S|D359G|39905758|36906628|SIV|CF|0|35900|700|35900|600|0|0|0|0|1|0|0|0
S|D274G|39809783|36744356|SIV|AF|1|35900|700|27410|0|0|0|0|0|0|0|0|0
S|OLPOT|39861206|36360642|SIV|CF|0|27400|2500|27410|1800|0|0|0|0|0|0|0|0

P|OLPO1B|19|OLPOT|0|4
S| |91000000|181000000| |CA|0|19200|0|0|0|0|1|5640|0|0|0|0|0
S|D195G|39680422|36839261|SIV|CF|0|19500|700|19500|800|0|0|0|0|1|0|0|0
S|D274G|39809783|36744356|SIV|AF|2|19500|700|27410|0|0|0|0|0|0|0|0|0
S|OLPOT|39861206|36360642| |TF|0|0|0|0|0|0|0|0|0|0|0|0|0

P|OLPO1C|01|OLPOT|0|4
S|ASRAK|39932539|36953300|SIV|CF|0|1200|900|1290|640|240|1|7100|0|0|0|0|0
S|AR016|39963281|36829625| |TF|0|0|0|0|0|0|0|0|0|0|0|0|0
S|VAGRO|39932936|36689161| |TF|0|0|0|0|0|0|0|0|0|0|0|0|0
S|OLPOT|39861206|36360642| |TF|0|0|0|0|0|0|0|0|0|0|0|0|0

P|OLPO1F|19|OLPOT|0|4
S|AR190|39670678|36843600|SIV|CF|0|19200|750|19290|800|250|1|6850|0|0|0|0|0
S|AR191|39706422|36699747| |TF|0|0|0|0|0|0|0|0|0|0|0|0|0
S|EVOSO|39740006|36626497| |TF|0|0|0|0|0|0|0|0|0|0|0|0|0
S|OLPOT|39861206|36360642| |TF|0|0|0|0|0|0|0|0|0|0|0|0|0

P|OTSO1A|01|OTSOV|0|4
S| |91000000|181000000| |CA|0|1200|0|0|0|0|1|5640|0|0|0|0|0
S|D359G|39905758|36906628|SIV|CF|0|35900|700|35900|600|0|0|0|0|1|0|0|0
S|SIV|39789444|36893417| |DF|1|0|0|0|0|0|0|0|0|0|0|0|0
S|OTSOV|39832856|37431244| |TF|0|0|0|0|0|0|0|0|0|0|0|0|0

P|OTSO1B|19|OTSOV|0|4
S| |91000000|181000000| |CA|0|19200|0|0|0|0|1|5640|0|0|0|0|0
S|D195G|39680422|36839261|SIV|CF|0|19500|700|19500|800|0|0|0|0|1|0|0|0
S|SIV|39789444|36893417| |DF|2|0|0|0|0|0|0|0|0|0|0|0|0
S|OTSOV|39832856|37431244| |TF|0|0|0|0|0|0|0|0|0|0|0|0|0

P|OTSO1C|01|OTSOV|0|3
S|ASRAK|39932539|36953300|SIV|CF|0|1200|900|1290|640|240|1|7100|0|0|0|0|0
S|EBUVI|39881786|37198003| |TF|0|0|0|0|0|0|0|0|0|0|0|0|0
S|OTSOV|39832856|37431244| |TF|0|0|0|0|0|0|0|0|0|0|0|0|0

P|OTSO1F|19|OTSOV|0|4
S|AR190|39670678|36843600|SIV|CF|0|19200|750|19290|800|250|1|7200|0|0|0|0|0
S|AR192|39634750|36987314| |TF|0|0|0|0|0|0|0|0|0|0|0|0|0
S|OKDOM|39764836|37278108| |TF|0|0|0|0|0|0|0|0|0|0|0|0|0
S|OTSOV|39832856|37431244| |TF|0|0|0|0|0|0|0|0|0|0|0|0|0

P|SOPO1A|01|SOPOV|0|4
S| |91000000|181000000| |CA|0|1200|0|0|0|0|1|5640|0|0|0|0|0
S|D359G|39905758|36906628|SIV|CF|0|35900|700|35900|600|0|0|0|0|1|0|0|0
S| |91000000|181000000| |CI|0|31400|0|0|0|0|0|0|0|0|0|0|0
S|SOPOV|40200347|36799303|SIV|CF|0|34400|2500|34400|1600|0|0|0|0|0|0|0|0

P|SOPO1B|19|SOPOV|0|4
S| |91000000|181000000| |CA|0|19200|0|0|0|0|1|5640|0|0|0|0|0
S|D195G|39680422|36839261|SIV|CF|0|19500|700|19500|800|0|0|0|0|1|0|0|0
S|SIV|39789444|36893417| |DF|2|0|0|0|0|0|0|0|0|0|0|0|0
S|SOPOV|40200347|36799303| |TF|0|0|0|0|0|0|0|0|0|0|0|0|0

P|SOPO1C|01|SOPOV|0|2
S|ASRAK|39932539|36953300|SIV|CF|0|1200|900|1290|640|240|1|7100|0|0|0|0|0
S|SOPOV|40200347|36799303| |TF|0|0|0|0|0|0|0|0|0|0|0|0|0

P|SOPO1F|19|SOPOV|0|4
S|AR190|39670678|36843600|SIV|CF|0|19200|750|19290|800|250|1|6850|0|0|0|0|0
S|AR191|39706422|36699747| |TF|0|0|0|0|0|0|0|0|0|0|0|0|0
S|ORVUK|39997586|36764158| |TF|0|0|0|0|0|0|0|0|0|0|0|0|0
S|SOPOV|40200347|36799303| |TF|0|0|0|0|0|0|0|0|0|0|0|0|0

