P|ATGI1L|23|ATGIT|0|5
S|AY205|37744125|29614747|CRD|CF|0|23400|510|23210|400|200|1|4100|0|0|0|0|0
S|AY206|37766692|29531506| |TF|0|0|0|0|0|220|0|0|0|0|0|0|0
S|AY207|37854922|29471925| |TF|0|0|0|0|0|0|0|0|0|0|0|0|0
S|TEBGA|38051153|29628439| |TF|0|0|0|0|0|0|0|0|0|0|0|0|0
S|ATGIT|38201503|29749069| |TF|0|0|0|0|0|0|0|0|0|0|0|0|0

P|ATGI1N|05|ATGIT|0|3
S|ETAPU|37878447|29896147|CRD|CF|0|5400|1060|5480|1000|0|0|0|0|0|0|0|0
S|AY303|37964372|29831297| |TF|0|0|0|0|0|0|0|0|0|0|0|0|0
S|ATGIT|38201503|29749069| |TF|0|0|0|0|0|0|2|15000|0|0|0|0|0

P|BAGL1K|23|BAGLU|0|6
S| |91000000|181000000| |CA|0|23400|0|0|0|0|1|3200|0|0|0|0|0
S|D234E|37746967|29613964|CRD|CF|0|23400|500|23400|400|0|1|3300|0|1|0|0|0
S|CRD|37789972|29704028| |DF|2|0|0|0|0|0|0|0|0|0|0|0|0
S|D061J|37857681|29896283| |TF|0|0|0|0|0|0|1|5500|0|1|0|0|0
S|CRD|37789972|29704028| |DF|1|0|0|0|0|0|1|8000|0|1|0|0|0
S|BAGLU|38071111|29325278| |TF|2|0|0|0|0|0|0|0|0|0|0|0|0

P|BAGL1L|23|BAGLU|0|4
S|AY205|37744125|29614747|CRD|CF|0|23400|510|23210|400|200|1|4100|0|0|0|0|0
S|AY206|37766692|29531506| |TF|0|0|0|0|0|220|0|0|0|0|0|0|0
S|AY207|37854922|29471925| |TF|0|0|0|0|0|0|0|0|0|0|0|0|0
S|BAGLU|38071111|29325278| |TF|0|0|0|0|0|0|0|0|0|0|0|0|0

P|BAGL1M|05|BAGLU|0|4
S| |91000000|181000000| |CA|0|5400|0|0|0|0|1|3200|0|0|0|0|0
S|D061J|37857681|29896283|CRD|CF|0|6100|1000|6100|900|0|1|5500|0|1|0|0|0
S|CRD|37789972|29704028| |DF|1|0|0|0|0|0|1|8000|0|1|0|0|0
S|BAGLU|38071111|29325278| |TF|2|0|0|0|0|0|0|0|0|0|0|0|0

P|BAGL1N|05|BAGLU|0|4
S|ETAPU|37878447|29896147|CRD|CF|0|5400|1060|5480|1000|0|0|0|0|0|0|0|0
S|AY303|37964372|29831297| |TF|0|0|0|0|0|0|0|0|0|0|0|0|0
S|AY305|37990353|29709200| |TF|0|0|0|0|0|0|0|0|0|0|0|0|0
S|BAGLU|38071111|29325278| |TF|0|0|0|0|0|0|0|0|0|0|0|0|0

P|BALS1K|23|BALSU|0|6
S| |91000000|181000000| |CA|0|23400|0|0|0|0|1|3200|0|0|0|0|0
S|D234E|37746967|29613964|CRD|CF|0|23400|500|23400|400|0|1|3300|0|1|0|0|0
S|CRD|37789972|29704028| |DF|2|0|0|0|0|0|0|0|0|0|0|0|0
S|D061J|37857681|29896283| |TF|0|0|0|0|0|0|1|5500|0|1|0|0|0
S|CRD|37789972|29704028| |DF|1|0|0|0|0|0|1|8000|0|0|0|0|0
S|BALSU|37458333|29423611| |TF|0|0|0|0|0|0|0|0|0|0|0|0|0

P|BALS1L|23|BALSU|0|3
S|AY205|37744125|29614747|CRD|CF|0|23400|510|23210|400|200|1|4100|0|0|0|0|0
S|AY208|37628750|29592092| |TF|0|0|0|0|0|220|0|0|0|0|0|0|0
S|BALSU|37458333|29423611| |TF|0|0|0|0|0|0|0|0|0|0|0|0|0

P|BALS1M|05|BALSU|0|4
S| |91000000|181000000| |CA|0|5400|0|0|0|0|1|3200|0|0|0|0|0
S|D061J|37857681|29896283|CRD|CF|0|6100|1000|6100|900|0|1|5500|0|1|0|0|0
S|CRD|37789972|29704028| |DF|1|0|0|0|0|0|1|8000|0|0|0|0|0
S|BALSU|37458333|29423611| |TF|0|0|0|0|0|0|0|0|0|0|0|0|0

P|BALS1N|05|BALSU|0|5
S|ETAPU|37878447|29896147|CRD|CF|0|5400|1060|5480|1000|0|0|0|0|0|0|0|0
S|AY302|37859408|30062736| |TF|0|0|0|0|0|0|0|0|0|0|0|0|0
S|ASNAB|37728428|30066969| |TF|0|0|0|0|0|0|0|0|0|0|0|0|0
S|EVPAN|37511089|29548231| |TF|0|0|0|0|0|0|0|0|0|0|0|0|0
S|BALSU|37458333|29423611| |TF|0|0|0|0|0|0|0|0|0|0|0|0|0

P|DESE1K|23|DESEM|0|6
S| |91000000|181000000| |CA|0|23400|0|0|0|0|1|3200|0|0|0|0|0
S|D234E|37746967|29613964|CRD|CF|0|23400|500|23400|400|0|1|3300|0|1|0|0|0
S|CRD|37789972|29704028| |DF|2|0|0|0|0|0|0|0|0|0|0|0|0
S|D061J|37857681|29896283| |TF|0|0|0|0|0|0|1|5500|0|0|0|0|0
S| |91000000|181000000| |VI|0|34300|0|0|0|0|0|0|0|0|0|0|0
S|DESEM|38152222|30001944|CRD|CF|0|2800|2590|2800|1100|0|0|0|0|0|0|0|0

P|DESE1M|05|DESEM|0|4
S| |91000000|181000000| |CA|0|5400|0|0|0|0|1|3200|0|0|0|0|0
S|D061J|37857681|29896283|CRD|CF|0|6100|1000|6100|900|0|1|5500|0|0|0|0|0
S| |91000000|181000000| |VI|0|34300|0|0|0|0|0|0|0|0|0|0|0
S|DESEM|38152222|30001944|CRD|CF|0|2800|2590|2800|1100|0|0|0|0|0|0|0|0

P|IPT1L|23|IPT|0|6
S|AY205|37744125|29614747|CRD|CF|0|23400|510|23210|400|200|1|4100|0|0|0|0|0
S|AY208|37628750|29592092| |TF|0|0|0|0|0|220|0|0|0|0|0|0|0
S|NOBTU|37606919|29672764| |TF|0|0|0|0|0|0|0|0|0|0|0|0|0
S|AY209|37556656|29857572| |TF|0|0|0|0|0|0|0|0|0|0|0|0|0
S|EKVOT|37691208|30085625| |TF|0|0|0|0|0|0|0|0|0|0|0|0|0
S|IPT|37842167|30344778| |TF|0|0|0|0|0|0|0|0|0|0|0|0|0

P|KOZL1D|05|KOZLU|0|4
S| |91000000|181000000| |CA|0|5400|0|0|0|0|1|3200|0|0|0|0|0
S|D061J|37857681|29896283|CRD|CF|0|6100|1000|6100|900|0|1|5500|0|1|0|0|0
S|CRD|37789972|29704028| |DF|1|0|0|0|0|0|1|8000|0|1|0|0|0
S|KOZLU|37497222|30074444| |TF|0|0|0|0|0|0|0|0|0|0|0|0|0

P|KOZL1K|23|KOZLU|0|6
S| |91000000|181000000| |CA|0|23400|0|0|0|0|1|3200|0|0|0|0|0
S|D234E|37746967|29613964|CRD|CF|0|23400|500|23400|400|0|1|3300|0|1|0|0|0
S|CRD|37789972|29704028| |DF|2|0|0|0|0|0|0|0|0|0|0|0|0
S|D061J|37857681|29896283| |TF|0|0|0|0|0|0|1|5500|0|1|0|0|0
S|CRD|37789972|29704028| |DF|1|0|0|0|0|0|1|8000|0|1|0|0|0
S|KOZLU|37497222|30074444| |TF|0|0|0|0|0|0|0|0|0|0|0|0|0

P|KOZL1L|23|KOZLU|0|5
S|AY205|37744125|29614747|CRD|CF|0|23400|510|23210|400|200|1|4100|0|0|0|0|0
S|AY208|37628750|29592092| |TF|0|0|0|0|0|220|0|0|0|0|0|0|0
S|NOBTU|37606919|29672764| |TF|0|0|0|0|0|0|0|0|0|0|0|0|0
S|AY209|37556656|29857572| |TF|0|0|0|0|0|0|0|0|0|0|0|0|0
S|KOZLU|37497222|30074444| |TF|0|0|0|0|0|0|0|0|0|0|0|0|0

P|KOZL1N|05|KOZLU|0|4
S|ETAPU|37878447|29896147|CRD|CF|0|5400|1060|5480|1000|0|0|0|0|0|0|0|0
S|AY302|37859408|30062736| |TF|0|0|0|0|0|0|0|0|0|0|0|0|0
S|ASNAB|37728428|30066969| |TF|0|0|0|0|0|0|0|0|0|0|0|0|0
S|KOZLU|37497222|30074444| |TF|0|0|0|0|0|0|0|0|0|0|0|0|0

P|PELI1J|05|PELIL|0|3
S|ETAPU|37878447|29896147|CRD|CF|0|5400|1060|5480|1000|0|0|0|0|0|0|0|0
S|AY302|37859408|30062736| |TF|0|0|0|0|0|0|0|0|0|0|0|0|0
S|PELIL|37839722|30232778| |TF|0|0|0|0|0|0|0|0|0|0|0|0|0

P|PELI1K|23|PELIL|0|5
S| |91000000|181000000| |CA|0|23400|0|0|0|0|1|3200|0|0|0|0|0
S|D234E|37746967|29613964|CRD|CF|0|23400|500|23400|400|0|1|3700|0|1|0|0|0
S|CRD|37789972|29704028| |DF|2|0|0|0|0|0|1|5300|0|1|0|0|0
S|D078H|37805950|29871042| |TF|0|0|0|0|0|0|1|7800|0|0|0|0|0
S|PELIL|37839722|30232778| |TF|0|0|0|0|0|0|0|0|0|0|0|0|0

P|PELI1M|05|PELIL|0|4
S| |91000000|181000000| |CA|0|5400|0|0|0|0|1|3200|0|0|0|0|0
S|D061J|37857681|29896283|CRD|CF|0|6100|1000|6100|900|0|1|5500|0|1|0|0|0
S|CRD|37789972|29704028| |DF|1|0|0|0|0|0|1|8000|0|1|0|0|0
S|PELIL|37839722|30232778| |TF|1|0|0|0|0|0|0|0|0|0|0|0|0

P|TAVA1K|23|TAVAS|0|6
S| |91000000|181000000| |CA|0|23400|0|0|0|0|1|3200|0|0|0|0|0
S|D234E|37746967|29613964|CRD|CF|0|23400|500|23400|400|0|1|3300|0|1|0|0|0
S|CRD|37789972|29704028| |DF|2|0|0|0|0|0|0|0|0|0|0|0|0
S|D061J|37857681|29896283| |TF|0|0|0|0|0|0|1|5500|0|1|0|0|0
S|CRD|37789972|29704028| |DF|1|0|0|0|0|0|1|8000|0|0|0|0|0
S|TAVAS|37588611|29243611| |TF|0|0|0|0|0|0|0|0|0|0|0|0|0

P|TAVA1L|23|TAVAS|0|3
S|AY205|37744125|29614747|CRD|CF|0|23400|510|23210|400|200|1|4100|0|0|0|0|0
S|AY208|37628750|29592092| |TF|0|0|0|0|0|220|0|0|0|0|0|0|0
S|TAVAS|37588611|29243611| |TF|0|0|0|0|0|0|0|0|0|0|0|0|0

P|TAVA1M|05|TAVAS|0|4
S| |91000000|181000000| |CA|0|5400|0|0|0|0|1|3200|0|0|0|0|0
S|D061J|37857681|29896283|CRD|CF|0|6100|1000|6100|900|0|1|5500|0|1|0|0|0
S|CRD|37789972|29704028| |DF|1|0|0|0|0|0|1|8000|0|0|0|0|0
S|TAVAS|37588611|29243611| |TF|0|0|0|0|0|0|0|0|0|0|0|0|0

P|TAVA1N|05|TAVAS|0|5
S|ETAPU|37878447|29896147|CRD|CF|0|5400|1060|5480|1000|0|0|0|0|0|0|0|0
S|AY303|37964372|29831297| |TF|0|0|0|0|0|0|0|0|0|0|0|0|0
S|AY305|37990353|29709200| |TF|0|0|0|0|0|0|0|0|0|0|0|0|0
S|OSGOM|37840606|29534783| |TF|0|0|0|0|0|0|0|0|0|0|0|0|0
S|TAVAS|37588611|29243611| |TF|0|0|0|0|0|0|0|0|0|0|0|0|0

