P|EKME2W|09|EKMEL|0|3
S|D088J|39801358|30728169|ESR|CF|0|8800|1000|8800|900|0|0|0|0|1|0|0|0
S|ESR|39813194|30512444| |DF|1|0|0|0|0|0|0|0|0|0|0|0|0
S|EKMEL|40376667|30182778| |TF|0|0|0|0|0|0|0|0|0|0|0|0|0

P|EKME2Y|27|EKMEL|0|4
S| |91000000|181000000| |CA|0|26700|0|0|0|0|1|3000|0|0|0|0|0
S|D263J|39810081|30296194|ESR|CF|0|26300|1000|26300|900|250|0|0|0|0|0|0|0
S|D330J|39965539|30424275|ESR|AF|2|26300|1000|33000|0|0|0|0|0|0|0|0|0
S|EKMEL|40376667|30182778| |TF|0|0|0|0|0|0|0|0|0|0|0|0|0

P|KARG2F|09|KARGI|0|3
S|D088J|39801358|30728169|ESR|CF|0|8800|1000|8800|900|0|0|0|0|1|0|0|0
S|ESR|39813194|30512444| |DF|1|0|0|0|0|0|0|0|0|0|0|0|0
S|KARGI|39429167|30054444| |TF|0|0|0|0|0|0|0|0|0|0|0|0|0

P|KARG2G|27|KARGI|0|2
S| |91000000|181000000| |CA|0|26300|0|0|0|0|1|3000|0|0|0|0|0
S|KARGI|39429167|30054444|ESR|CF|0|21700|3130|21680|2900|0|0|0|0|0|0|0|0

P|SULT2W|09|SULTA|0|3
S|D088J|39801358|30728169|ESR|CF|0|8800|1000|8800|900|0|0|0|0|1|0|0|0
S|ESR|39813194|30512444| |DF|1|0|0|0|0|0|0|0|0|0|0|0|0
S|SULTA|40045556|29739722| |TF|0|0|0|0|0|0|0|0|0|0|0|0|0

P|SULT2Y|27|SULTA|0|4
S| |91000000|181000000| |CA|0|26700|0|0|0|0|1|3000|0|0|0|0|0
S|D263J|39810081|30296194|ESR|CF|0|26300|1000|26300|900|250|0|0|0|0|0|0|0
S|D285J|39872794|30310342|ESR|AF|2|26300|1000|28500|0|0|0|0|0|0|0|0|0
S|SULTA|40045556|29739722| |TF|0|0|0|0|0|0|0|0|0|0|0|0|0

P|TOKE2B|09|TOKER|0|3
S|D088J|39801358|30728169|ESR|CF|0|8800|1000|8800|900|0|0|0|0|0|0|0|0
S|D016J|39968172|30592503|ESR|AF|1|8800|1000|1570|0|0|0|0|0|0|0|0|0
S|TOKER|40313333|30772222| |TF|0|0|0|0|0|0|0|0|0|0|0|0|0

P|TOKE2C|27|TOKER|0|4
S| |91000000|181000000| |CA|0|26700|0|0|0|0|1|3000|0|0|0|0|0
S|D263J|39810081|30296194|ESR|CF|0|26300|1000|26300|900|250|0|0|0|1|0|0|0
S|ESR|39813194|30512444| |DF|2|0|0|0|0|0|0|0|0|0|0|0|0
S|TOKER|40313333|30772222| |TF|0|0|0|0|0|0|0|0|0|0|0|0|0

