P|ARSU1U|10|ARSUG|0|5
S| |91000000|181000000| |CA|0|9700|0|0|0|0|1|420|0|0|0|0|0
S|CB710|40968603|38213578|ORI|CF|0|8200|580|8260|500|0|0|0|0|0|0|0|0
S|CB720|41063267|38484678| |TF|0|0|0|0|0|0|0|0|0|0|0|0|0
S|CB730|41181956|38412533| |TF|0|0|0|0|0|0|0|0|0|0|0|0|0
S|ARSUG|41133056|38272222| |TF|0|0|0|0|0|0|0|0|0|0|0|0|0

P|EMLA1L|28|EMLAD|0|3
S| |91000000|181000000| |CA|0|27700|0|0|0|0|1|420|0|0|0|0|0
S| |91000000|181000000|ORI|VD|0|29200|0|0|500|0|0|0|0|0|0|0|0
S|EMLAD|41186944|37618056|ORI|CF|0|29700|2510|29730|2100|0|0|0|0|0|0|0|0

P|EMLA1M|10|EMLAD|0|4
S| |91000000|181000000| |CA|0|9700|0|0|0|0|1|420|0|0|0|0|0
S| |91000000|181000000|ORI|VD|0|8200|0|0|500|0|0|0|0|0|0|0|0
S|ORI|40964556|38086139| |DF|1|0|0|0|0|250|0|0|0|0|0|0|0
S|EMLAD|41186944|37618056| |TF|0|0|0|0|0|0|0|0|0|0|0|0|0

P|EMLA1N|28|EMLAD|0|5
S| |91000000|181000000| |CA|0|27700|0|0|0|0|1|420|0|0|0|0|0
S|CB510|41007197|37970558|ORI|CF|0|29200|580|29100|500|0|0|0|0|0|0|0|0
S|CB520|41092192|37893050| |TF|0|0|0|0|0|0|0|0|0|0|0|0|0
S|CB530|41177247|37815231| |TF|0|0|0|0|0|0|3|11000|6000|0|0|0|0
S|EMLAD|41186944|37618056| |TF|0|0|0|0|0|0|0|0|0|0|0|0|0

P|IPSA1L|28|IPSAT|0|4
S| |91000000|181000000| |CA|0|27700|0|0|0|0|1|420|0|0|0|0|0
S| |91000000|181000000|ORI|VD|0|29200|0|0|500|0|0|0|0|0|0|0|0
S|ORI|40964556|38086139| |DF|2|0|0|0|0|250|0|0|0|0|0|0|0
S|IPSAT|41105278|38605833| |TF|0|0|0|0|0|0|0|0|0|0|0|0|0

P|IPSA1M|10|IPSAT|0|3
S| |91000000|181000000| |CA|0|9700|0|0|0|0|1|420|0|0|0|0|0
S| |91000000|181000000|ORI|VD|0|8200|0|0|500|0|0|0|0|0|0|0|0
S|IPSAT|41105278|38605833|ORI|CF|0|6500|2510|6520|2000|0|0|0|0|0|0|0|0

P|IPSA1N|28|IPSAT|0|6
S| |91000000|181000000| |CA|0|27700|0|0|0|0|1|420|0|0|0|0|0
S|CB510|41007197|37970558|ORI|CF|0|29200|580|29100|500|0|0|0|0|0|0|0|0
S|CB520|41092192|37893050| |TF|0|0|0|0|0|0|0|0|0|0|0|0|0
S|CB540|41156297|38015919| |TF|0|0|0|0|0|0|0|0|0|0|0|0|0
S|CB550|41180861|38200186| |TF|0|0|0|0|0|0|0|0|0|0|0|0|0
S|IPSAT|41105278|38605833| |TF|0|0|0|0|0|0|0|0|0|0|0|0|0

P|IPSA1U|10|IPSAT|0|4
S| |91000000|181000000| |CA|0|9700|0|0|0|0|1|420|0|0|0|0|0
S|CB710|40968603|38213578|ORI|CF|0|8200|580|8260|500|0|0|0|0|0|0|0|0
S|CB720|41063267|38484678| |TF|0|0|0|0|0|0|0|0|0|0|0|0|0
S|IPSAT|41105278|38605833| |TF|0|0|0|0|0|0|0|0|0|0|0|0|0

