P|DYB1F|02|DYB|0|4
S| |91000000|181000000| |CA|0|2000|0|0|0|0|1|2240|0|0|0|0|0
S|BAT|37937972|41119611|BAT|FA|0|1000|0|0|0|204|1|3000|0|0|0|0|0
S|BAT|37937972|41119611| |DF|1|0|0|0|0|0|1|4300|0|1|0|0|0
S|DYB|37873694|40208361| |TF|2|0|0|0|0|0|0|0|0|0|0|0|0

P|DYB1G|20|DYB|0|4
S| |91000000|181000000| |CA|0|20000|0|0|0|0|1|2240|0|0|0|0|0
S|BAT|37937972|41119611|BAT|FA|0|21000|0|0|0|0|1|2800|0|0|0|0|0
S| |91000000|181000000| |VI|0|28900|0|0|0|0|0|0|0|0|0|0|0
S|DYB|37873694|40208361|DYB|CF|0|25900|0|0|3800|0|0|0|0|0|0|0|0

P|DYB1H|20|DYB|0|4
S| |91000000|181000000| |CA|0|20000|0|0|0|0|1|2240|0|0|0|0|0
S|BAT|37937972|41119611|BAT|FA|0|21000|0|0|0|0|1|2800|0|0|0|0|0
S| |91000000|181000000| |VI|0|28900|0|0|0|0|0|0|0|0|0|0|0
S|DYB|37873694|40208361|DYB|CF|0|25900|0|0|3800|0|0|0|0|0|0|0|0

P|DYB1P|02|DYB|0|4
S| |91000000|181000000| |CA|0|2000|0|0|0|0|1|2240|0|0|0|0|0
S|BAT|37937972|41119611|BAT|FA|0|1000|0|0|0|204|1|3000|0|0|0|0|0
S|BAT|37937972|41119611| |DF|1|0|0|0|0|0|1|4300|0|1|0|0|0
S|DYB|37873694|40208361| |TF|2|0|0|0|0|0|0|0|0|0|0|0|0

P|LEKR1E|02|LEKRO|0|4
S| |91000000|181000000| |CA|0|2000|0|0|0|0|1|2240|0|0|0|0|0
S|BAT|37937972|41119611|BAT|FA|0|1000|0|0|0|204|1|3000|0|0|0|0|0
S|BAT|37937972|41119611| |DF|1|0|0|0|0|0|1|4300|0|1|0|0|0
S|LEKRO|37277444|40971472| |TF|0|0|0|0|0|0|0|0|0|0|0|0|0

P|LEKR1F|02|LEKRO|0|4
S| |91000000|181000000| |CA|0|2000|0|0|0|0|1|2240|0|0|0|0|0
S|BAT|37937972|41119611|BAT|FA|0|1000|0|0|0|204|1|3000|0|0|0|0|0
S|BAT|37937972|41119611| |DF|1|0|0|0|0|0|1|4300|0|1|0|0|0
S|LEKRO|37277444|40971472| |TF|0|0|0|0|0|0|0|0|0|0|0|0|0

P|LEKR1G|20|LEKRO|0|4
S| |91000000|181000000| |CA|0|20000|0|0|0|0|1|2240|0|0|0|0|0
S|BAT|37937972|41119611|BAT|FA|0|21000|0|0|0|0|1|3500|0|0|0|0|0
S| |91000000|181000000| |VI|0|15400|0|0|0|0|0|0|0|0|0|0|0
S|LEKRO|37277444|40971472|BAT|CF|0|18400|4020|18520|3500|0|0|0|0|0|0|0|0

P|LEKR1H|20|LEKRO|0|4
S| |91000000|181000000| |CA|0|20000|0|0|0|0|1|2240|0|0|0|0|0
S|BAT|37937972|41119611|BAT|FA|0|21000|0|0|0|0|1|3500|0|0|0|0|0
S| |91000000|181000000| |VI|0|15400|0|0|0|0|0|0|0|0|0|0|0
S|LEKRO|37277444|40971472|BAT|CF|0|18400|4020|18520|3500|0|0|0|0|0|0|0|0

P|SUMA1E|02|SUMAP|0|4
S| |91000000|181000000| |CA|0|2000|0|0|0|0|1|2240|0|0|0|0|0
S|BAT|37937972|41119611|BAT|FA|0|1000|0|0|0|204|1|3000|0|0|0|0|0
S|BAT|37937972|41119611| |DF|1|0|0|0|0|0|1|4300|0|1|0|0|0
S|SUMAP|38117194|40606583| |TF|2|0|0|0|0|0|0|0|0|0|0|0|0

P|SUMA1F|02|SUMAP|0|4
S| |91000000|181000000| |CA|0|2000|0|0|0|0|1|2240|0|0|0|0|0
S|BAT|37937972|41119611|BAT|FA|0|1000|0|0|0|204|1|3000|0|0|0|0|0
S|BAT|37937972|41119611| |DF|1|0|0|0|0|0|1|4300|0|1|0|0|0
S|SUMAP|38117194|40606583| |TF|2|0|0|0|0|0|0|0|0|0|0|0|0

P|SUMA1G|20|SUMAP|0|4
S| |91000000|181000000| |CA|0|20000|0|0|0|0|1|2240|0|0|0|0|0
S|BAT|37937972|41119611|BAT|FA|0|21000|0|0|0|0|1|2800|0|0|0|0|0
S|BAT|37937972|41119611| |DF|2|0|0|0|0|0|1|4000|0|1|0|0|0
S|SUMAP|38117194|40606583| |TF|1|0|0|0|0|0|0|0|0|0|0|0|0

P|SUMA1H|20|SUMAP|0|4
S| |91000000|181000000| |CA|0|20000|0|0|0|0|1|2240|0|0|0|0|0
S|BAT|37937972|41119611|BAT|FA|0|21000|0|0|0|0|1|2800|0|0|0|0|0
S|BAT|37937972|41119611| |DF|2|0|0|0|0|0|1|4000|0|1|0|0|0
S|SUMAP|38117194|40606583| |TF|1|0|0|0|0|0|0|0|0|0|0|0|0

