P|ABKA1M|24|ABKAL|0|5
S| |91000000|181000000| |CA|0|24200|0|0|0|0|1|2400|0|0|0|0|0
S|SIR|37976722|41836722|SRT|FA|0|25400|450|32550|0|0|1|4000|0|0|0|0|0
S|SIR|37976722|41836722| |DF|2|0|0|0|0|0|1|6200|0|0|0|0|0
S|SRT|37910667|41881972| |TF|0|0|0|0|0|0|0|0|0|0|0|0|0
S|ABKAL|38019444|41531944| |TF|2|0|0|0|0|0|0|0|0|0|0|0|0

P|ABKA1N|24|ABKAL|0|4
S| |91000000|181000000| |CA|0|24200|0|0|0|0|1|2400|0|0|0|0|0
S|SIR|37976722|41836722|SRT|FA|0|25400|450|32550|0|0|1|4000|0|0|0|0|0
S|SIR|37976722|41836722| |DF|2|0|0|0|0|0|1|6200|0|0|0|0|0
S|ABKAL|38019444|41531944| |TF|2|0|0|0|0|0|0|0|0|0|0|0|0

P|VAKU1M|24|VAKUL|0|5
S| |91000000|181000000| |CA|0|24200|0|0|0|0|1|2400|0|0|0|0|0
S|SIR|37976722|41836722|SRT|FA|0|25400|450|32550|0|0|1|5900|0|0|0|0|0
S|SIR|37976722|41836722| |DF|2|0|0|0|0|0|1|9800|0|0|0|0|0
S|SRT|37910667|41881972| |TF|0|0|0|0|0|0|0|0|0|0|0|0|0
S|VAKUL|37894167|42141667| |TF|0|0|0|0|0|0|0|0|0|0|0|0|0

P|VAKU1N|24|VAKUL|0|4
S| |91000000|181000000| |CA|0|24200|0|0|0|0|1|2400|0|0|0|0|0
S|SIR|37976722|41836722|SRT|FA|0|25400|450|32550|0|0|1|5900|0|0|0|0|0
S|SIR|37976722|41836722| |DF|2|0|0|0|0|0|1|9800|0|0|0|0|0
S|VAKUL|37894167|42141667| |TF|0|0|0|0|0|0|0|0|0|0|0|0|0

