P|ARTA1A|04|ARTAR|0|4
S| |91000000|181000000| |CA|0|3800|0|0|0|0|1|3110|0|0|0|0|0
S|GAP|37458083|38904694|GAP|FA|0|4200|0|0|0|0|1|3500|0|0|0|0|0
S|GAP|37458083|38904694| |DF|2|0|0|0|0|0|1|4300|0|0|0|0|0
S|ARTAR|37093889|38844722| |TF|0|0|0|0|0|0|0|0|0|0|0|0|0

P|ARTA1B|22|ARTAR|0|4
S| |91000000|181000000| |CA|0|21800|0|0|0|0|1|3110|0|0|0|0|0
S|GAP|37458083|38904694|GAP|FA|0|21400|0|0|0|0|1|3500|0|0|0|0|0
S| |91000000|181000000| |VI|0|15300|0|0|0|0|0|0|0|0|0|0|0
S|ARTAR|37093889|38844722|GAP|CF|0|18300|2200|18320|1700|0|0|0|0|0|0|0|0

P|ARTA1C|04|ARTAR|0|4
S| |91000000|181000000| |CA|0|3800|0|0|0|0|1|3110|0|0|0|0|0
S|GAP|37458083|38904694|KHD|FA|0|4200|2670|12270|0|0|1|3500|0|0|0|0|0
S|GAP|37458083|38904694| |DF|2|0|0|0|0|0|1|4300|0|0|0|0|0
S|ARTAR|37093889|38844722| |TF|0|0|0|0|0|0|0|0|0|0|0|0|0

P|ARTA1D|22|ARTAR|0|4
S| |91000000|181000000| |CA|0|21800|0|0|0|0|1|3110|0|0|0|0|0
S|GAP|37458083|38904694|KHD|FA|0|21400|2670|12270|0|0|1|3500|0|0|0|0|0
S| |91000000|181000000| |VI|0|15300|0|0|0|0|0|0|0|0|0|0|0
S|ARTAR|37093889|38844722|KHD|CF|0|18300|4210|14980|1700|0|0|0|0|0|0|0|0

P|BADE1A|04|BADEM|0|4
S| |91000000|181000000| |CA|0|3800|0|0|0|0|1|3110|0|0|0|0|0
S|GAP|37458083|38904694|GAP|FA|0|4200|0|0|0|0|1|3500|0|0|0|0|0
S|GAP|37458083|38904694| |DF|2|0|0|0|0|0|1|4300|0|0|0|0|0
S|BADEM|37604444|38660000| |TF|0|0|0|0|0|0|0|0|0|0|0|0|0

P|BADE1B|22|BADEM|0|4
S| |91000000|181000000| |CA|0|21800|0|0|0|0|1|3110|0|0|0|0|0
S|GAP|37458083|38904694|GAP|FA|0|21400|0|0|0|0|1|3500|0|0|0|0|0
S|GAP|37458083|38904694| |DF|2|0|0|0|0|0|1|4300|0|0|0|0|0
S|BADEM|37604444|38660000| |TF|1|0|0|0|0|0|0|0|0|0|0|0|0

P|BADE1C|04|BADEM|0|4
S| |91000000|181000000| |CA|0|3800|0|0|0|0|1|3110|0|0|0|0|0
S|GAP|37458083|38904694|KHD|FA|0|4200|2670|12270|0|0|1|3500|0|0|0|0|0
S|GAP|37458083|38904694| |DF|2|0|0|0|0|0|1|4300|0|0|0|0|0
S|BADEM|37604444|38660000| |TF|0|0|0|0|0|0|0|0|0|0|0|0|0

P|BADE1D|22|BADEM|0|4
S| |91000000|181000000| |CA|0|21800|0|0|0|0|1|3110|0|0|0|0|0
S|GAP|37458083|38904694|KHD|FA|0|21400|2670|12270|0|0|1|3500|0|0|0|0|0
S|GAP|37458083|38904694| |DF|2|0|0|0|0|0|1|4300|0|0|0|0|0
S|BADEM|37604444|38660000| |TF|1|0|0|0|0|0|0|0|0|0|0|0|0

P|EKTE1A|04|EKTEL|0|4
S| |91000000|181000000| |CA|0|3800|0|0|0|0|1|3110|0|0|0|0|0
S|GAP|37458083|38904694|GAP|FA|0|4200|0|0|0|0|1|4300|0|0|0|0|0
S|GAP|37458083|38904694| |DF|2|0|0|0|0|0|1|6100|0|0|0|0|0
S|EKTEL|37826667|38997778| |TF|2|0|0|0|0|0|0|0|0|0|0|0|0

P|EKTE1B|04|EKTEL|0|4
S| |91000000|181000000| |CA|0|3800|0|0|0|0|1|3110|0|0|0|0|0
S|GAP|37458083|38904694|GAP|FA|0|4200|0|0|0|0|1|4800|0|0|0|0|0
S|GAP|37458083|38904694| |DF|2|0|0|0|0|0|1|7100|0|0|0|0|0
S|EKTEL|37826667|38997778| |TF|2|0|0|0|0|0|0|0|0|0|0|0|0

P|EKTE1C|22|EKTEL|0|4
S| |91000000|181000000| |CA|0|21800|0|0|0|0|1|3110|0|0|0|0|0
S|GAP|37458083|38904694|GAP|FA|0|21400|0|0|0|0|1|4300|0|0|0|0|0
S|GAP|37458083|38904694| |DF|2|0|0|0|0|0|1|6100|0|0|0|0|0
S|EKTEL|37826667|38997778| |TF|0|0|0|0|0|0|0|0|0|0|0|0|0

P|EKTE1D|22|EKTEL|0|4
S| |91000000|181000000| |CA|0|21800|0|0|0|0|1|3110|0|0|0|0|0
S|GAP|37458083|38904694|GAP|FA|0|21400|0|0|0|0|1|4800|0|0|0|0|0
S|GAP|37458083|38904694| |DF|2|0|0|0|0|0|1|7100|0|0|0|0|0
S|EKTEL|37826667|38997778| |TF|0|0|0|0|0|0|0|0|0|0|0|0|0

P|EKTE1G|22|EKTEL|0|4
S| |91000000|181000000| |CA|0|21800|0|0|0|0|1|3110|0|0|0|0|0
S|GAP|37458083|38904694|KHD|FA|0|21400|2670|12270|0|0|1|4300|0|0|0|0|0
S|GAP|37458083|38904694| |DF|2|0|0|0|0|0|1|6100|0|0|0|0|0
S|EKTEL|37826667|38997778| |TF|0|0|0|0|0|0|0|0|0|0|0|0|0

P|EKTE1H|22|EKTEL|0|4
S| |91000000|181000000| |CA|0|21800|0|0|0|0|1|3110|0|0|0|0|0
S|GAP|37458083|38904694|KHD|FA|0|21400|2670|12270|0|0|1|4800|0|0|0|0|0
S|GAP|37458083|38904694| |DF|2|0|0|0|0|0|1|7100|0|0|0|0|0
S|EKTEL|37826667|38997778| |TF|0|0|0|0|0|0|0|0|0|0|0|0|0

P|EKTE1Y|04|EKTEL|0|4
S| |91000000|181000000| |CA|0|3800|0|0|0|0|1|3110|0|0|0|0|0
S|GAP|37458083|38904694|KHD|FA|0|4200|2670|12270|0|0|1|4300|0|0|0|0|0
S|GAP|37458083|38904694| |DF|2|0|0|0|0|0|1|6100|0|0|0|0|0
S|EKTEL|37826667|38997778| |TF|2|0|0|0|0|0|0|0|0|0|0|0|0

P|EKTE1Z|04|EKTEL|0|4
S| |91000000|181000000| |CA|0|3800|0|0|0|0|1|3110|0|0|0|0|0
S|GAP|37458083|38904694|KHD|FA|0|4200|2670|12270|0|0|1|4800|0|0|0|0|0
S|GAP|37458083|38904694| |DF|2|0|0|0|0|0|1|7100|0|0|0|0|0
S|EKTEL|37826667|38997778| |TF|2|0|0|0|0|0|0|0|0|0|0|0|0

P|LUTA1A|04|LUTAM|0|4
S| |91000000|181000000| |CA|0|3800|0|0|0|0|1|3110|0|0|0|0|0
S|GAP|37458083|38904694|GAP|FA|0|4200|0|0|0|0|1|3500|0|0|0|0|0
S|GAP|37458083|38904694| |DF|2|0|0|0|0|0|1|4300|0|0|0|0|0
S|LUTAM|37325000|38523056| |TF|0|0|0|0|0|0|0|0|0|0|0|0|0

P|LUTA1B|22|LUTAM|0|4
S| |91000000|181000000| |CA|0|21800|0|0|0|0|1|3110|0|0|0|0|0
S|GAP|37458083|38904694|GAP|FA|0|21400|0|0|0|0|1|3500|0|0|0|0|0
S| |91000000|181000000| |VI|0|27200|0|0|0|0|0|0|0|0|0|0|0
S|LUTAM|37325000|38523056|GAP|CF|0|24200|1990|24230|1400|0|0|0|0|0|0|0|0

P|LUTA1C|04|LUTAM|0|4
S| |91000000|181000000| |CA|0|3800|0|0|0|0|1|3110|0|0|0|0|0
S|GAP|37458083|38904694|KHD|FA|0|4200|2670|12270|0|0|1|3500|0|0|0|0|0
S|GAP|37458083|38904694| |DF|2|0|0|0|0|0|1|4300|0|0|0|0|0
S|LUTAM|37325000|38523056| |TF|0|0|0|0|0|0|0|0|0|0|0|0|0

P|LUTA1D|22|LUTAM|0|4
S| |91000000|181000000| |CA|0|21800|0|0|0|0|1|3110|0|0|0|0|0
S|GAP|37458083|38904694|KHD|FA|0|21400|2670|12270|0|0|1|3500|0|0|0|0|0
S| |91000000|181000000| |VI|0|27200|0|0|0|0|0|0|0|0|0|0|0
S|LUTAM|37325000|38523056|KHD|CF|0|24200|2420|16840|1400|0|0|0|0|0|0|0|0

P|MAVE1A|04|MAVES|0|3
S| |91000000|181000000| |CA|0|3800|0|0|0|0|1|3110|0|0|0|0|0
S|GAP|37458083|38904694|GAP|FA|0|4200|0|0|0|0|1|3500|0|0|0|0|0
S|MAVES|37562778|39227500|GAP|CF|0|6300|1670|6360|1300|0|0|0|0|0|0|0|0

P|MAVE1B|22|MAVES|0|4
S| |91000000|181000000| |CA|0|21800|0|0|0|0|1|3110|0|0|0|0|0
S|GAP|37458083|38904694|GAP|FA|0|21400|0|0|0|0|1|3500|0|0|0|0|0
S|GAP|37458083|38904694| |DF|2|0|0|0|0|0|1|4300|0|0|0|0|0
S|MAVES|37562778|39227500| |TF|0|0|0|0|0|0|0|0|0|0|0|0|0

P|MAVE1C|04|MAVES|0|3
S| |91000000|181000000| |CA|0|3800|0|0|0|0|1|3110|0|0|0|0|0
S|GAP|37458083|38904694|KHD|FA|0|4200|2670|12270|0|0|1|3500|0|0|0|0|0
S|MAVES|37562778|39227500|KHD|CF|0|6300|3800|10060|1300|0|0|0|0|0|0|0|0

P|MAVE1D|22|MAVES|0|4
S| |91000000|181000000| |CA|0|21800|0|0|0|0|1|3110|0|0|0|0|0
S|GAP|37458083|38904694|KHD|FA|0|21400|2670|12270|0|0|1|3500|0|0|0|0|0
S|GAP|37458083|38904694| |DF|2|0|0|0|0|0|1|4300|0|0|0|0|0
S|MAVES|37562778|39227500| |TF|0|0|0|0|0|0|0|0|0|0|0|0|0

