P|ALMU1A|31|ALMUS|0|4
S| |91000000|181000000| |CA|0|30900|0|0|0|0|1|420|0|0|0|0|0
S|D310E|41324222|36470386|CRM|CF|0|31000|500|31000|500|0|0|0|0|1|0|0|0
S|CRM|41265500|36548861| |DF|2|0|0|0|0|0|0|0|0|0|0|0|0
S|ALMUS|40774167|36665556| |TF|0|0|0|0|0|0|0|0|0|0|0|0|0

P|ALMU1B|13|ALMUS|0|4
S| |91000000|181000000| |CA|0|12900|0|0|0|0|1|420|0|0|0|0|0
S|D120G|41198806|36675778|CRM|CF|0|12000|700|12000|400|0|0|0|0|1|0|0|0
S|CRM|41265500|36548861| |DF|1|0|0|0|0|0|0|0|0|0|0|0|0
S|ALMUS|40774167|36665556| |TF|0|0|0|0|0|0|0|0|0|0|0|0|0

P|ALMU1F|13|ALMUS|0|4
S| |91000000|181000000| |CA|0|12900|0|0|0|0|1|420|0|0|0|0|0
S|D120G|41198806|36675778|CRM|CF|0|12000|700|12000|500|0|0|0|0|0|0|0|0
S|D165G|41150617|36576311|CRM|AF|2|12000|700|16500|0|0|0|0|0|0|0|0|0
S|ALMUS|40774167|36665556| |TF|0|0|0|0|0|0|0|0|0|0|0|0|0

P|ALMU1H|31|ALMUS|0|4
S| |91000000|181000000| |CA|0|30900|0|0|0|0|1|420|0|0|0|0|0
S|D310G|41347697|36438953|CRM|CF|0|31000|700|31000|700|0|0|0|0|0|0|0|0
S|D165G|41150617|36576311|CRM|AF|1|31000|700|16500|0|0|0|0|0|0|0|0|0
S|ALMUS|40774167|36665556| |TF|0|0|0|0|0|0|0|0|0|0|0|0|0

P|ALMU1J|31|ALMUS|0|5
S|FH801|41332606|36457853|CRM|CF|0|30900|580|30940|700|220|0|0|0|0|0|0|0
S|FH804|41247811|36351528| |TF|0|0|0|0|0|240|0|0|0|0|0|0|0
S|FH805|41160861|36473228| |TF|0|0|0|0|0|0|2|7000|0|0|0|0|0
S|FH806|41073650|36594775| |TF|0|0|0|0|0|0|0|0|0|0|0|0|0
S|ALMUS|40774167|36665556| |TF|0|0|0|0|0|0|0|0|0|0|0|0|0

P|ALMU1Y|13|ALMUS|0|2
S|FH710|41176250|36676100|CRM|CF|0|12900|790|12790|600|240|0|0|0|0|0|0|0
S|ALMUS|40774167|36665556| |TF|0|0|0|0|0|0|0|0|0|0|0|0|0

P|BAFR1A|31|BAFRA|0|4
S| |91000000|181000000| |CA|0|30900|0|0|0|0|1|420|0|0|0|0|0
S|D310E|41324222|36470386|CRM|CF|0|31000|500|31000|500|0|0|0|0|1|0|0|0
S|CRM|41265500|36548861| |DF|2|0|0|0|0|0|0|0|0|0|0|0|0
S|BAFRA|41508611|35966389| |TF|0|0|0|0|0|0|0|0|0|0|0|0|0

P|BAFR1B|13|BAFRA|0|4
S| |91000000|181000000| |CA|0|12900|0|0|0|0|1|420|0|0|0|0|0
S|D120G|41198806|36675778|CRM|CF|0|12000|700|12000|400|0|0|0|0|1|0|0|0
S|CRM|41265500|36548861| |DF|1|0|0|0|0|0|0|0|0|0|0|0|0
S|BAFRA|41508611|35966389| |TF|0|0|0|0|0|0|0|0|0|0|0|0|0

P|BAFR1F|13|BAFRA|0|4
S| |91000000|181000000| |CA|0|12900|0|0|0|0|1|420|0|0|0|0|0
S|D120G|41198806|36675778|CRM|CF|0|12000|700|12000|500|0|0|0|0|0|0|0|0
S|D294G|41322344|36413686|CRM|AF|2|12000|700|29440|0|0|0|0|0|0|0|0|0
S|BAFRA|41508611|35966389| |TF|0|0|0|0|0|0|0|0|0|0|0|0|0

P|BAFR1H|31|BAFRA|0|3
S| |91000000|181000000| |CA|0|30900|0|0|0|0|1|420|0|0|0|0|0
S|D310G|41347697|36438953|CRM|CF|0|31000|700|31000|700|0|0|0|0|1|0|0|0
S|BAFRA|41508611|35966389|CRM|CF|0|29400|3010|29440|2200|0|0|0|0|0|0|0|0

P|BAFR1Y|13|BAFRA|0|6
S|FH710|41176250|36676100|CRM|CF|0|12900|790|12790|600|240|0|0|0|0|0|0|0
S|FH711|41260750|36782747| |TF|0|0|0|0|0|260|0|0|0|0|0|0|0
S|FH712|41348394|36660744| |TF|0|0|0|0|0|0|0|0|0|0|0|0|0
S|FH713|41439594|36533239| |TF|0|0|0|0|0|0|1|8000|0|0|0|0|0
S|FH714|41577100|36339908| |TF|0|0|0|0|0|0|0|0|0|0|0|0|0
S|BAFRA|41508611|35966389| |TF|0|0|0|0|0|0|0|0|0|0|0|0|0

P|DETO1A|31|DETOS|0|4
S| |91000000|181000000| |CA|0|30900|0|0|0|0|1|420|0|0|0|0|0
S|D310E|41324222|36470386|CRM|CF|0|31000|500|31000|500|0|0|0|0|0|0|0|0
S|D006E|41347472|36569069|CRM|AF|2|31000|500|570|0|0|0|0|0|0|0|0|0
S|DETOS|41758333|36671111| |TF|0|0|0|0|0|0|0|0|0|0|0|0|0

P|DETO1B|13|DETOS|0|4
S| |91000000|181000000| |CA|0|12900|0|0|0|0|1|420|0|0|0|0|0
S|D120G|41198806|36675778|CRM|CF|0|12000|700|12000|400|0|0|0|0|0|0|0|0
S|D006G|41380261|36577164|CRM|AF|1|12000|700|570|0|0|0|0|0|0|0|0|0
S|DETOS|41758333|36671111| |TF|0|0|0|0|0|0|0|0|0|0|0|0|0

P|DETO1F|13|DETOS|0|4
S| |91000000|181000000| |CA|0|12900|0|0|0|0|1|420|0|0|0|0|0
S|D120G|41198806|36675778|CRM|CF|0|12000|700|12000|500|0|0|0|0|0|0|0|0
S|D006G|41380261|36577164|CRM|AF|1|12000|700|570|0|0|0|0|0|0|0|0|0
S|DETOS|41758333|36671111| |TF|0|0|0|0|0|0|0|0|0|0|0|0|0

P|DETO1H|31|DETOS|0|4
S| |91000000|181000000| |CA|0|30900|0|0|0|0|1|420|0|0|0|0|0
S|D310G|41347697|36438953|CRM|CF|0|31000|700|31000|700|0|0|0|0|0|0|0|0
S|D006G|41380261|36577164|CRM|AF|2|31000|700|570|0|0|0|0|0|0|0|0|0
S|DETOS|41758333|36671111| |TF|0|0|0|0|0|0|0|0|0|0|0|0|0

P|DETO1J|31|DETOS|0|3
S|FH801|41332606|36457853|CRM|CF|0|30900|580|30940|700|220|0|0|0|0|0|0|0
S|FH803|41492844|36537786| |TF|0|0|0|0|0|0|2|7000|0|0|0|0|0
S|DETOS|41758333|36671111| |TF|0|0|0|0|0|0|0|0|0|0|0|0|0

P|DETO1Y|13|DETOS|0|4
S|FH710|41176250|36676100|CRM|CF|0|12900|790|12790|600|240|0|0|0|0|0|0|0
S|FH711|41260750|36782747| |TF|0|0|0|0|0|260|0|0|0|0|0|0|0
S|EKREX|41472881|36735389| |TF|0|0|0|0|0|0|2|9000|0|0|0|0|0
S|DETOS|41758333|36671111| |TF|0|0|0|0|0|0|0|0|0|0|0|0|0

P|GERZ1J|31|GERZE|0|3
S|FH801|41332606|36457853|CRM|CF|0|30900|580|30940|700|220|0|0|0|0|0|0|0
S|EKNOX|41373611|35921214| |TF|0|0|0|0|0|0|0|0|0|0|0|0|0
S|GERZE|41832222|35166111| |TF|0|0|0|0|0|0|0|0|0|0|0|0|0

P|HAVZ1A|31|HAVZA|0|4
S| |91000000|181000000| |CA|0|30900|0|0|0|0|1|420|0|0|0|0|0
S|D310E|41324222|36470386|CRM|CF|0|31000|500|31000|500|0|0|0|0|1|0|0|0
S|CRM|41265500|36548861| |DF|2|0|0|0|0|0|0|0|0|0|0|0|0
S|HAVZA|41092500|35928611| |TF|0|0|0|0|0|0|0|0|0|0|0|0|0

P|HAVZ1B|13|HAVZA|0|4
S| |91000000|181000000| |CA|0|12900|0|0|0|0|1|420|0|0|0|0|0
S|D120G|41198806|36675778|CRM|CF|0|12000|700|12000|400|0|0|0|0|1|0|0|0
S|CRM|41265500|36548861| |DF|1|0|0|0|0|0|0|0|0|0|0|0|0
S|HAVZA|41092500|35928611| |TF|0|0|0|0|0|0|0|0|0|0|0|0|0

P|HAVZ1F|13|HAVZA|0|4
S| |91000000|181000000| |CA|0|12900|0|0|0|0|1|420|0|0|0|0|0
S|D120G|41198806|36675778|CRM|CF|0|12000|700|12000|500|0|0|0|0|0|0|0|0
S|D245G|41225369|36403631|CRM|AF|2|12000|700|24510|0|0|0|0|0|0|0|0|0
S|HAVZA|41092500|35928611| |TF|0|0|0|0|0|0|0|0|0|0|0|0|0

P|HAVZ1H|31|HAVZA|0|4
S| |91000000|181000000| |CA|0|30900|0|0|0|0|1|420|0|0|0|0|0
S|D310G|41347697|36438953|CRM|CF|0|31000|700|31000|700|0|0|0|0|0|0|0|0
S|D245G|41225369|36403631|CRM|AF|1|31000|700|24510|0|0|0|0|0|0|0|0|0
S|HAVZA|41092500|35928611| |TF|0|0|0|0|0|0|0|0|0|0|0|0|0

P|HAVZ1L|31|HAVZA|0|4
S| |91000000|181000000| |CA|0|30900|0|0|0|0|1|420|0|0|0|0|0
S|D310E|41324222|36470386|CRM|CF|0|31000|500|31000|500|0|1|1500|0|0|0|0|0
S|D245E|41236658|36445203|CRM|AF|1|31000|500|24500|0|0|1|2500|0|0|0|0|0
S|HAVZA|41092500|35928611| |TF|0|0|0|0|0|0|0|0|0|0|0|0|0

P|HAVZ1Y|13|HAVZA|0|6
S|FH710|41176250|36676100|CRM|CF|0|12900|790|12790|600|240|0|0|0|0|0|0|0
S|FH711|41260750|36782747| |TF|0|0|0|0|0|260|0|0|0|0|0|0|0
S|FH712|41348394|36660744| |TF|0|0|0|0|0|0|0|0|0|0|0|0|0
S|FH715|41263589|36416022| |TF|0|0|0|0|0|0|1|10000|0|0|0|0|0
S|FH716|41179547|36175561| |TF|0|0|0|0|0|0|0|0|0|0|0|0|0
S|HAVZA|41092500|35928611| |TF|0|0|0|0|0|0|0|0|0|0|0|0|0

P|ORVO1J|31|ORVOR|0|3
S|FH801|41332606|36457853|CRM|CF|0|30900|580|30940|700|220|0|0|0|0|0|0|0
S|BEPRU|41213392|35905278| |TF|0|0|0|0|0|0|0|0|0|0|0|0|0
S|ORVOR|41022500|35690278| |TF|0|0|0|0|0|0|0|0|0|0|0|0|0

P|TERM1A|31|TERME|0|4
S| |91000000|181000000| |CA|0|30900|0|0|0|0|1|420|0|0|0|0|0
S|D310E|41324222|36470386|CRM|CF|0|31000|500|31000|500|0|0|0|0|0|0|0|0
S|D090E|41258467|36658975|CRM|AF|2|31000|500|9000|0|0|0|0|0|0|0|0|0
S|TERME|41214444|37224722| |TF|0|0|0|0|0|0|0|0|0|0|0|0|0

P|TERM1B|13|TERME|0|4
S| |91000000|181000000| |CA|0|12900|0|0|0|0|1|420|0|0|0|0|0
S|D120G|41198806|36675778|CRM|CF|0|12000|700|12000|400|0|0|0|0|0|0|0|0
S|D090G|41255625|36703011|CRM|AF|1|12000|700|9000|0|0|0|0|0|0|0|0|0
S|TERME|41214444|37224722| |TF|0|0|0|0|0|0|0|0|0|0|0|0|0

P|TERM1F|13|TERME|0|4
S| |91000000|181000000| |CA|0|12900|0|0|0|0|1|420|0|0|0|0|0
S|D120G|41198806|36675778|CRM|CF|0|12000|700|12000|500|0|0|0|0|0|0|0|0
S| |91000000|181000000| |VI|0|4500|0|0|0|0|0|0|0|0|0|0|0
S|TERME|41214444|37224722|CRM|CF|0|9000|3070|9070|2000|0|0|0|0|0|0|0|0

P|TERM1H|31|TERME|0|4
S| |91000000|181000000| |CA|0|30900|0|0|0|0|1|420|0|0|0|0|0
S|D310G|41347697|36438953|CRM|CF|0|31000|700|31000|700|0|0|0|0|0|0|0|0
S|D090G|41255625|36703011|CRM|AF|2|31000|700|9000|0|0|0|0|0|0|0|0|0
S|TERME|41214444|37224722| |TF|0|0|0|0|0|0|0|0|0|0|0|0|0

P|TERM1J|31|TERME|0|4
S|FH801|41332606|36457853|CRM|CF|0|30900|580|30940|700|220|0|0|0|0|0|0|0
S|KERAB|41394578|36535808| |TF|0|0|0|0|0|0|0|0|0|0|0|0|0
S|FH802|41394389|36809531| |TF|0|0|0|0|0|0|2|7000|0|0|0|0|0
S|TERME|41214444|37224722| |TF|0|0|0|0|0|0|0|0|0|0|0|0|0

P|TERM1Y|13|TERME|0|2
S|FH710|41176250|36676100|CRM|CF|0|12900|790|12790|600|240|0|0|0|0|0|0|0
S|TERME|41214444|37224722| |TF|0|0|0|0|0|0|0|0|0|0|0|0|0

