P|ASFO1G|18| |0|5
S|DER18|41262244|28756700| |DF|0|0|0|0|0|250|0|0|0|1|0|0|0
S| |91000000|181000000| |CA|0|17300|0|0|0|250|1|1000|0|0|0|0|0
S| |91000000|181000000| |VI|0|11300|0|0|0|250|0|0|0|0|0|0|0
S|ASFON|41109803|28913961|UHN|CF|0|14300|1400|14320|700|0|1|4000|0|0|0|0|0
S| |91000000|181000000| |VM|0|14300|0|0|0|0|0|0|0|0|0|0|0

P|BARP1C|34L|BARPE|0|13
S|DE34L|41298603|28706753| |DF|0|0|0|0|0|0|0|0|0|1|0|0|0
S| |91000000|181000000| |VA|0|35300|0|0|0|0|1|760|0|0|0|0|0
S|FM017|41381314|28641064|BKZ|CF|0|32300|2740|29810|550|250|1|2000|0|0|0|0|0
S|FM017|41381314|28641064| |IF|0|0|0|0|0|250|1|2000|0|0|0|0|0
S|FM018|41379772|28515742| |TF|0|0|0|0|0|0|0|0|0|0|0|0|0
S|FM019|41248825|28518703| |TF|0|0|0|0|0|0|0|0|0|0|0|0|0
S|FM025|41063986|28460706| |TF|0|0|0|0|0|0|0|0|0|0|0|0|0
S|BIBAM|40872681|28401050| |TF|0|0|0|0|0|0|1|12000|0|0|0|0|0
S|NAHUM|40837231|28163936| |TF|0|0|0|0|0|0|0|0|0|0|0|0|0
S|RITGU|40794131|27880306| |TF|0|0|0|0|0|0|0|0|0|0|0|0|0
S|MIVDI|40795569|27741297| |TF|0|0|0|0|0|0|0|0|0|0|0|0|0
S|APSID|40796839|27602281| |TF|0|0|0|0|0|0|0|0|0|0|0|0|0
S|BARPE|40926111|26978056| |TF|0|0|0|0|0|0|0|0|0|0|0|0|0

P|BARP1C|34R|BARPE|0|13
S|DE34R|41298631|28709258| |DF|0|0|0|0|0|0|0|0|0|1|0|0|0
S| |91000000|181000000| |VA|0|35300|0|0|0|0|1|760|0|0|0|0|0
S|FM017|41381314|28641064|BKZ|CF|0|32200|2740|29810|550|250|1|2000|0|0|0|0|0
S|FM017|41381314|28641064| |IF|0|0|0|0|0|250|1|2000|0|0|0|0|0
S|FM018|41379772|28515742| |TF|0|0|0|0|0|0|0|0|0|0|0|0|0
S|FM019|41248825|28518703| |TF|0|0|0|0|0|0|0|0|0|0|0|0|0
S|FM025|41063986|28460706| |TF|0|0|0|0|0|0|0|0|0|0|0|0|0
S|BIBAM|40872681|28401050| |TF|0|0|0|0|0|0|1|12000|0|0|0|0|0
S|NAHUM|40837231|28163936| |TF|0|0|0|0|0|0|0|0|0|0|0|0|0
S|RITGU|40794131|27880306| |TF|0|0|0|0|0|0|0|0|0|0|0|0|0
S|MIVDI|40795569|27741297| |TF|0|0|0|0|0|0|0|0|0|0|0|0|0
S|APSID|40796839|27602281| |TF|0|0|0|0|0|0|0|0|0|0|0|0|0
S|BARPE|40926111|26978056| |TF|0|0|0|0|0|0|0|0|0|0|0|0|0

P|BARP1D|35L|BARPE|0|13
S|DE35L|41298803|28724536| |DF|0|0|0|0|0|0|0|0|0|1|0|0|0
S| |91000000|181000000| |VA|0|35300|0|0|0|0|1|760|0|0|0|0|0
S|FM026|41382272|28725342|BKZ|CF|0|35400|2430|30320|500|250|1|1750|0|0|0|0|0
S|FM026|41382272|28725342| |IF|0|0|0|0|0|250|1|1750|0|0|0|0|0
S|FM020|41380208|28550033| |TF|0|0|0|0|0|0|0|0|0|0|0|0|0
S|FM021|41249261|28552925| |TF|0|0|0|0|0|0|0|0|0|0|0|0|0
S|FM025|41063986|28460706| |TF|0|0|0|0|0|0|0|0|0|0|0|0|0
S|BIBAM|40872681|28401050| |TF|0|0|0|0|0|0|1|12000|0|0|0|0|0
S|NAHUM|40837231|28163936| |TF|0|0|0|0|0|0|0|0|0|0|0|0|0
S|RITGU|40794131|27880306| |TF|0|0|0|0|0|0|0|0|0|0|0|0|0
S|MIVDI|40795569|27741297| |TF|0|0|0|0|0|0|0|0|0|0|0|0|0
S|APSID|40796839|27602281| |TF|0|0|0|0|0|0|0|0|0|0|0|0|0
S|BARPE|40926111|26978056| |TF|0|0|0|0|0|0|0|0|0|0|0|0|0

P|BARP1D|35R|BARPE|0|13
S|DE35R|41298831|28727044| |DF|0|0|0|0|0|0|0|0|0|1|0|0|0
S| |91000000|181000000| |VA|0|35300|0|0|0|0|1|760|0|0|0|0|0
S|FM026|41382272|28725342|BKZ|CF|0|35300|2430|30320|500|250|1|1750|0|0|0|0|0
S|FM026|41382272|28725342| |IF|0|0|0|0|0|250|1|1750|0|0|0|0|0
S|FM020|41380208|28550033| |TF|0|0|0|0|0|0|0|0|0|0|0|0|0
S|FM021|41249261|28552925| |TF|0|0|0|0|0|0|0|0|0|0|0|0|0
S|FM025|41063986|28460706| |TF|0|0|0|0|0|0|0|0|0|0|0|0|0
S|BIBAM|40872681|28401050| |TF|0|0|0|0|0|0|1|12000|0|0|0|0|0
S|NAHUM|40837231|28163936| |TF|0|0|0|0|0|0|0|0|0|0|0|0|0
S|RITGU|40794131|27880306| |TF|0|0|0|0|0|0|0|0|0|0|0|0|0
S|MIVDI|40795569|27741297| |TF|0|0|0|0|0|0|0|0|0|0|0|0|0
S|APSID|40796839|27602281| |TF|0|0|0|0|0|0|0|0|0|0|0|0|0
S|BARPE|40926111|26978056| |TF|0|0|0|0|0|0|0|0|0|0|0|0|0

P|BARP1E|36|BARPE|0|13
S|DER36|41289792|28756178| |DF|0|0|0|0|0|0|0|0|0|1|0|0|0
S| |91000000|181000000| |VA|0|35300|0|0|0|0|1|760|0|0|0|0|0
S|FM032|41383331|28825458|BKZ|CF|0|2300|2100|31110|550|250|1|2200|0|0|0|0|0
S|FM033|41384497|28946708| |TF|0|0|0|0|0|0|0|0|0|0|0|0|0
S|FM034|41253558|28948806| |TF|0|0|0|0|0|0|0|0|0|0|0|0|0
S|MIKOC|41073142|28818675| |TF|0|0|0|0|0|0|0|0|0|0|0|0|0
S|KRASO|40910131|28655444| |TF|0|0|0|0|0|0|0|0|0|0|0|0|0
S|BIBAM|40872681|28401050| |TF|0|0|0|0|0|0|1|12000|0|0|0|0|0
S|NAHUM|40837231|28163936| |TF|0|0|0|0|0|0|0|0|0|0|0|0|0
S|RITGU|40794131|27880306| |TF|0|0|0|0|0|0|0|0|0|0|0|0|0
S|MIVDI|40795569|27741297| |TF|0|0|0|0|0|0|0|0|0|0|0|0|0
S|APSID|40796839|27602281| |TF|0|0|0|0|0|0|0|0|0|0|0|0|0
S|BARPE|40926111|26978056| |TF|0|0|0|0|0|0|0|0|0|0|0|0|0

P|BARP1F|16L|BARPE|0|8
S|DE16L|41264875|28709925| |DF|0|0|0|0|0|0|0|0|0|1|0|0|0
S| |91000000|181000000| |VA|0|17300|0|0|0|0|1|900|0|0|0|0|0
S|FM047|41180828|28645161|BKZ|CF|0|20400|2280|27230|500|250|1|2100|0|0|0|0|0
S|FM047|41180828|28645161| |IF|0|0|0|0|0|250|1|2100|0|0|0|0|0
S|FM056|41075256|28392783| |TF|0|0|0|0|0|0|0|0|0|0|0|0|0
S|FM057|40975586|27832653| |TF|0|0|0|0|0|0|0|0|0|0|0|0|0
S|ORIAC|40884794|27336672| |TF|0|0|0|0|0|0|0|0|0|0|0|0|0
S|BARPE|40926111|26978056| |TF|0|0|0|0|0|0|0|0|0|0|0|0|0

P|BARP1F|16R|BARPE|0|8
S|DE16R|41264847|28707419| |DF|0|0|0|0|0|0|0|0|0|1|0|0|0
S| |91000000|181000000| |VA|0|17300|0|0|0|0|1|900|0|0|0|0|0
S|FM047|41180828|28645161|BKZ|CF|0|20300|2280|27230|500|250|1|2100|0|0|0|0|0
S|FM047|41180828|28645161| |IF|0|0|0|0|0|250|1|2100|0|0|0|0|0
S|FM056|41075256|28392783| |TF|0|0|0|0|0|0|0|0|0|0|0|0|0
S|FM057|40975586|27832653| |TF|0|0|0|0|0|0|0|0|0|0|0|0|0
S|ORIAC|40884794|27336672| |TF|0|0|0|0|0|0|0|0|0|0|0|0|0
S|BARPE|40926111|26978056| |TF|0|0|0|0|0|0|0|0|0|0|0|0|0

P|BARP1G|17L|BARPE|0|9
S|DE17L|41261922|28727761| |DF|0|0|0|0|0|0|0|0|0|1|0|0|0
S| |91000000|181000000| |VA|0|17300|0|0|0|0|1|760|0|0|0|0|0
S|FM051|41181756|28729314|BKZ|CF|0|17300|1900|27410|400|250|1|1800|0|0|0|0|0
S|FM051|41181756|28729314| |IF|0|0|0|0|0|250|1|1800|0|0|0|0|0
S|FM054|41121000|28655753| |TF|0|0|0|0|0|0|0|0|0|0|0|0|0
S|FM056|41075256|28392783| |TF|0|0|0|0|0|0|0|0|0|0|0|0|0
S|FM057|40975586|27832653| |TF|0|0|0|0|0|0|0|0|0|0|0|0|0
S|ORIAC|40884794|27336672| |TF|0|0|0|0|0|0|0|0|0|0|0|0|0
S|BARPE|40926111|26978056| |TF|0|0|0|0|0|0|0|0|0|0|0|0|0

P|BARP1G|17R|BARPE|0|9
S|DE17R|41261894|28725256| |DF|0|0|0|0|0|0|0|0|0|1|0|0|0
S| |91000000|181000000| |VA|0|17300|0|0|0|0|1|760|0|0|0|0|0
S|FM051|41181756|28729314|BKZ|CF|0|17200|1900|27410|400|250|1|1800|0|0|0|0|0
S|FM051|41181756|28729314| |IF|0|0|0|0|0|250|1|1800|0|0|0|0|0
S|FM054|41121000|28655753| |TF|0|0|0|0|0|0|0|0|0|0|0|0|0
S|FM056|41075256|28392783| |TF|0|0|0|0|0|0|0|0|0|0|0|0|0
S|FM057|40975586|27832653| |TF|0|0|0|0|0|0|0|0|0|0|0|0|0
S|ORIAC|40884794|27336672| |TF|0|0|0|0|0|0|0|0|0|0|0|0|0
S|BARPE|40926111|26978056| |TF|0|0|0|0|0|0|0|0|0|0|0|0|0

P|BARP1H|18|BARPE|0|12
S|DER18|41262244|28756700| |DF|0|0|0|0|0|0|0|0|0|1|0|0|0
S| |91000000|181000000| |VA|0|17300|0|0|0|0|1|760|0|0|0|0|0
S|FM072|41182817|28823403|BKZ|CF|0|14100|1490|27710|500|250|1|2030|0|0|0|0|0
S|FM074|41102564|28818269| |TF|0|0|0|0|0|0|0|0|0|0|0|0|0
S|TIBNU|40965439|28809533| |TF|0|0|0|0|0|0|1|6000|0|0|0|0|0
S|ASGAX|40911233|28692744| |TF|0|0|0|0|0|0|0|0|0|0|0|0|0
S|TETPU|40836850|28489950| |TF|0|0|0|0|0|0|0|0|0|0|0|0|0
S|INPIK|40793825|27965956| |TF|0|0|0|0|0|0|0|0|0|0|0|0|0
S|ADMIV|40771419|27704236| |TF|0|0|0|0|0|0|0|0|0|0|0|0|0
S|GUEME|40758286|27554008| |TF|0|0|0|0|0|0|0|0|0|0|0|0|0
S|ORIAC|40884794|27336672| |TF|0|0|0|0|0|0|0|0|0|0|0|0|0
S|BARPE|40926111|26978056| |TF|0|0|0|0|0|0|0|0|0|0|0|0|0

P|BARP1V|18|BARPE|0|10
S|DER18|41262244|28756700| |DF|0|0|0|0|0|0|0|0|0|1|0|0|0
S| |91000000|181000000| |VA|0|17300|0|0|0|0|1|760|0|0|0|0|0
S|FM072|41182817|28823403|BKZ|CF|0|14100|1490|27710|500|250|1|2030|0|0|0|0|0
S|FM074|41102564|28818269| |TF|0|0|0|0|0|0|0|0|0|0|0|0|0
S|TIBNU|40965439|28809533| |TF|0|0|0|0|0|0|1|6000|0|0|0|0|0
S|ASGAX|40911233|28692744| |TF|0|0|0|0|0|0|0|0|0|0|0|0|0
S|UMBEM|40869050|28337783| |TF|0|0|0|0|0|0|0|0|0|0|0|0|0
S|MIVDI|40795569|27741297| |TF|0|0|0|0|0|0|0|0|0|0|0|0|0
S|APSID|40796839|27602281| |TF|0|0|0|0|0|0|0|0|0|0|0|0|0
S|BARPE|40926111|26978056| |TF|0|0|0|0|0|0|0|0|0|0|0|0|0

P|CEK1S|34L| |0|6
S|DE34L|41298603|28706753| |DF|0|0|0|0|0|220|0|0|0|1|0|0|0
S| |91000000|181000000| |CA|0|35300|0|0|0|220|1|760|0|0|0|0|0
S|YAQZI|41427144|28617317|UHL|CF|0|32300|800|32340|900|0|1|3000|0|1|0|0|0
S| |91000000|181000000| |VI|1|19500|0|0|0|0|0|0|0|0|0|0|0
S|CEK|41006556|28528611|CEK|CF|0|16500|0|0|1800|0|0|0|0|0|0|0|0
S| |91000000|181000000| |VM|0|16500|0|0|0|0|0|0|0|0|0|0|0

P|CEK1S|34R| |0|6
S|DE34R|41298631|28709258| |DF|0|0|0|0|0|220|0|0|0|1|0|0|0
S| |91000000|181000000| |CA|0|35300|0|0|0|220|1|760|0|0|0|0|0
S|YAQZI|41427144|28617317|UHL|CF|0|32300|800|32340|900|0|1|3000|0|1|0|0|0
S| |91000000|181000000| |VI|1|19500|0|0|0|0|0|0|0|0|0|0|0
S|CEK|41006556|28528611|CEK|CF|0|16500|0|0|1800|0|0|0|0|0|0|0|0
S| |91000000|181000000| |VM|0|16500|0|0|0|0|0|0|0|0|0|0|0

P|EKAW1C|34L|EKAWE|0|9
S|DE34L|41298603|28706753| |DF|0|0|0|0|0|0|0|0|0|1|0|0|0
S| |91000000|181000000| |VA|0|35300|0|0|0|0|1|760|0|0|0|0|0
S|FM017|41381314|28641064|IST|CF|0|32300|2630|33710|580|250|1|2000|0|0|0|0|0
S|FM017|41381314|28641064| |IF|0|0|0|0|0|250|1|2000|0|0|0|0|0
S|FM090|41575192|28601972| |TF|0|0|0|0|0|0|0|0|0|0|0|0|0
S|MUTBE|41733517|28931325| |TF|0|0|0|0|0|0|2|14000|0|0|0|0|0
S|OZZAW|41906800|29435269| |TF|0|0|0|0|0|0|0|0|0|0|0|0|0
S|SAFHU|42062556|29674025| |TF|0|0|0|0|0|0|0|0|0|0|0|0|0
S|EKAWE|42031039|30123128| |TF|0|0|0|0|0|0|0|0|0|0|0|0|0

P|EKAW1C|34R|EKAWE|0|9
S|DE34R|41298631|28709258| |DF|0|0|0|0|0|0|0|0|0|1|0|0|0
S| |91000000|181000000| |VA|0|35300|0|0|0|0|1|760|0|0|0|0|0
S|FM017|41381314|28641064|IST|CF|0|32200|2630|33710|580|250|1|2000|0|0|0|0|0
S|FM017|41381314|28641064| |IF|0|0|0|0|0|250|1|2000|0|0|0|0|0
S|FM090|41575192|28601972| |TF|0|0|0|0|0|0|0|0|0|0|0|0|0
S|MUTBE|41733517|28931325| |TF|0|0|0|0|0|0|2|14000|0|0|0|0|0
S|OZZAW|41906800|29435269| |TF|0|0|0|0|0|0|0|0|0|0|0|0|0
S|SAFHU|42062556|29674025| |TF|0|0|0|0|0|0|0|0|0|0|0|0|0
S|EKAWE|42031039|30123128| |TF|0|0|0|0|0|0|0|0|0|0|0|0|0

P|EKAW1D|35L|EKAWE|0|9
S|DE35L|41298803|28724536| |DF|0|0|0|0|0|0|0|0|0|1|0|0|0
S| |91000000|181000000| |VA|0|35300|0|0|0|0|1|760|0|0|0|0|0
S|FM026|41382272|28725342|IST|CF|0|35400|2550|34530|500|250|1|1750|0|0|0|0|0
S|FM026|41382272|28725342| |IF|0|0|0|0|0|250|1|1750|0|0|0|0|0
S|FM090|41575192|28601972| |TF|0|0|0|0|0|0|0|0|0|0|0|0|0
S|MUTBE|41733517|28931325| |TF|0|0|0|0|0|0|2|14000|0|0|0|0|0
S|OZZAW|41906800|29435269| |TF|0|0|0|0|0|0|0|0|0|0|0|0|0
S|SAFHU|42062556|29674025| |TF|0|0|0|0|0|0|0|0|0|0|0|0|0
S|EKAWE|42031039|30123128| |TF|0|0|0|0|0|0|0|0|0|0|0|0|0

P|EKAW1D|35R|EKAWE|0|9
S|DE35R|41298831|28727044| |DF|0|0|0|0|0|0|0|0|0|1|0|0|0
S| |91000000|181000000| |VA|0|35300|0|0|0|0|1|760|0|0|0|0|0
S|FM026|41382272|28725342|IST|CF|0|35300|2550|34530|500|250|1|1750|0|0|0|0|0
S|FM026|41382272|28725342| |IF|0|0|0|0|0|250|1|1750|0|0|0|0|0
S|FM090|41575192|28601972| |TF|0|0|0|0|0|0|0|0|0|0|0|0|0
S|MUTBE|41733517|28931325| |TF|0|0|0|0|0|0|2|14000|0|0|0|0|0
S|OZZAW|41906800|29435269| |TF|0|0|0|0|0|0|0|0|0|0|0|0|0
S|SAFHU|42062556|29674025| |TF|0|0|0|0|0|0|0|0|0|0|0|0|0
S|EKAWE|42031039|30123128| |TF|0|0|0|0|0|0|0|0|0|0|0|0|0

P|EKAW1E|36|EKAWE|0|8
S|DER36|41289792|28756178| |DF|0|0|0|0|0|0|0|0|0|1|0|0|0
S| |91000000|181000000| |VA|0|35300|0|0|0|0|1|760|0|0|0|0|0
S|FM032|41383331|28825458|IST|CF|0|2300|2530|35550|640|250|1|2200|0|0|0|0|0
S|QUNTE|41614519|28797003| |TF|0|0|0|0|0|0|1|6400|0|0|0|0|0
S|MUTBE|41733517|28931325| |TF|0|0|0|0|0|0|2|14000|0|0|0|0|0
S|OZZAW|41906800|29435269| |TF|0|0|0|0|0|0|0|0|0|0|0|0|0
S|SAFHU|42062556|29674025| |TF|0|0|0|0|0|0|0|0|0|0|0|0|0
S|EKAWE|42031039|30123128| |TF|0|0|0|0|0|0|0|0|0|0|0|0|0

P|EKAW1F|16L|EKAWE|0|13
S|DE16L|41264875|28709925| |DF|0|0|0|0|0|0|0|0|0|1|0|0|0
S| |91000000|181000000| |VA|0|17300|0|0|0|0|1|900|0|0|0|0|0
S|FM047|41180828|28645161|BKZ|CF|0|20400|2280|27230|500|250|1|2100|0|0|0|0|0
S|FM047|41180828|28645161| |IF|0|0|0|0|0|250|1|2100|0|0|0|0|0
S|FM048|41179367|28519300| |TF|0|0|0|0|0|0|0|0|0|0|0|0|0
S|FM049|41296106|28516811| |TF|0|0|0|0|0|0|0|0|0|0|0|0|0
S|FM061|41437900|28571344| |TF|0|0|0|0|0|0|0|0|0|0|0|0|0
S|FM082|41764672|28851658| |TF|0|0|0|0|0|0|0|0|0|0|0|0|0
S|FM083|41776439|29052656| |TF|0|0|0|0|0|0|0|0|0|0|0|0|0
S|FM084|41787853|29253700| |TF|0|0|0|0|0|0|0|0|0|0|0|0|0
S|OZZAW|41906800|29435269| |TF|0|0|0|0|0|0|0|0|0|0|0|0|0
S|SAFHU|42062556|29674025| |TF|0|0|0|0|0|0|0|0|0|0|0|0|0
S|EKAWE|42031039|30123128| |TF|0|0|0|0|0|0|0|0|0|0|0|0|0

P|EKAW1F|16R|EKAWE|0|13
S|DE16R|41264847|28707419| |DF|0|0|0|0|0|0|0|0|0|1|0|0|0
S| |91000000|181000000| |VA|0|17300|0|0|0|0|1|900|0|0|0|0|0
S|FM047|41180828|28645161|BKZ|CF|0|20300|2280|27230|500|250|1|2100|0|0|0|0|0
S|FM047|41180828|28645161| |IF|0|0|0|0|0|250|1|2100|0|0|0|0|0
S|FM048|41179367|28519300| |TF|0|0|0|0|0|0|0|0|0|0|0|0|0
S|FM049|41296106|28516811| |TF|0|0|0|0|0|0|0|0|0|0|0|0|0
S|FM061|41437900|28571344| |TF|0|0|0|0|0|0|0|0|0|0|0|0|0
S|FM082|41764672|28851658| |TF|0|0|0|0|0|0|0|0|0|0|0|0|0
S|FM083|41776439|29052656| |TF|0|0|0|0|0|0|0|0|0|0|0|0|0
S|FM084|41787853|29253700| |TF|0|0|0|0|0|0|0|0|0|0|0|0|0
S|OZZAW|41906800|29435269| |TF|0|0|0|0|0|0|0|0|0|0|0|0|0
S|SAFHU|42062556|29674025| |TF|0|0|0|0|0|0|0|0|0|0|0|0|0
S|EKAWE|42031039|30123128| |TF|0|0|0|0|0|0|0|0|0|0|0|0|0

P|EKAW1G|17L|EKAWE|0|13
S|DE17L|41261922|28727761| |DF|0|0|0|0|0|0|0|0|0|1|0|0|0
S| |91000000|181000000| |VA|0|17300|0|0|0|0|1|760|0|0|0|0|0
S|FM051|41181756|28729314|BKZ|CF|0|17300|1900|27410|400|250|1|1800|0|0|0|0|0
S|FM051|41181756|28729314| |IF|0|0|0|0|0|250|1|1800|0|0|0|0|0
S|FM060|41179786|28554331| |TF|0|0|0|0|0|0|0|0|0|0|0|0|0
S|REDGI|41307600|28551675| |TF|0|0|0|0|0|0|0|0|0|0|0|0|0
S|FM061|41437900|28571344| |TF|0|0|0|0|0|0|0|0|0|0|0|0|0
S|FM082|41764672|28851658| |TF|0|0|0|0|0|0|0|0|0|0|0|0|0
S|FM083|41776439|29052656| |TF|0|0|0|0|0|0|0|0|0|0|0|0|0
S|FM084|41787853|29253700| |TF|0|0|0|0|0|0|0|0|0|0|0|0|0
S|OZZAW|41906800|29435269| |TF|0|0|0|0|0|0|0|0|0|0|0|0|0
S|SAFHU|42062556|29674025| |TF|0|0|0|0|0|0|0|0|0|0|0|0|0
S|EKAWE|42031039|30123128| |TF|0|0|0|0|0|0|0|0|0|0|0|0|0

P|EKAW1G|17R|EKAWE|0|13
S|DE17R|41261894|28725256| |DF|0|0|0|0|0|0|0|0|0|1|0|0|0
S| |91000000|181000000| |VA|0|17300|0|0|0|0|1|760|0|0|0|0|0
S|FM051|41181756|28729314|BKZ|CF|0|17200|1900|27410|400|250|1|1800|0|0|0|0|0
S|FM051|41181756|28729314| |IF|0|0|0|0|0|250|1|1800|0|0|0|0|0
S|FM060|41179786|28554331| |TF|0|0|0|0|0|0|0|0|0|0|0|0|0
S|REDGI|41307600|28551675| |TF|0|0|0|0|0|0|0|0|0|0|0|0|0
S|FM061|41437900|28571344| |TF|0|0|0|0|0|0|0|0|0|0|0|0|0
S|FM082|41764672|28851658| |TF|0|0|0|0|0|0|0|0|0|0|0|0|0
S|FM083|41776439|29052656| |TF|0|0|0|0|0|0|0|0|0|0|0|0|0
S|FM084|41787853|29253700| |TF|0|0|0|0|0|0|0|0|0|0|0|0|0
S|OZZAW|41906800|29435269| |TF|0|0|0|0|0|0|0|0|0|0|0|0|0
S|SAFHU|42062556|29674025| |TF|0|0|0|0|0|0|0|0|0|0|0|0|0
S|EKAWE|42031039|30123128| |TF|0|0|0|0|0|0|0|0|0|0|0|0|0

P|EKAW1H|18|EKAWE|0|12
S|DER18|41262244|28756700| |DF|0|0|0|0|0|0|0|0|0|1|0|0|0
S| |91000000|181000000| |VA|0|17300|0|0|0|0|1|760|0|0|0|0|0
S|FM072|41182817|28823403|BKZ|CF|0|14100|1490|27710|500|250|1|2030|0|0|0|0|0
S|FM073|41184086|28944808| |TF|0|0|0|0|0|0|0|0|0|0|0|0|0
S|HANCI|41307847|28942975| |TF|0|0|0|0|0|0|0|0|0|0|0|0|0
S|FM081|41459633|28834778| |TF|0|0|0|0|0|0|0|0|0|0|0|0|0
S|FM082|41764672|28851658| |TF|0|0|0|0|0|0|0|0|0|0|0|0|0
S|FM083|41776439|29052656| |TF|0|0|0|0|0|0|0|0|0|0|0|0|0
S|FM084|41787853|29253700| |TF|0|0|0|0|0|0|0|0|0|0|0|0|0
S|OZZAW|41906800|29435269| |TF|0|0|0|0|0|0|0|0|0|0|0|0|0
S|SAFHU|42062556|29674025| |TF|0|0|0|0|0|0|0|0|0|0|0|0|0
S|EKAWE|42031039|30123128| |TF|0|0|0|0|0|0|0|0|0|0|0|0|0

P|ELCA1K|36| |0|4
S|DER36|41289792|28756178| |DF|0|0|0|0|0|220|0|0|0|1|0|0|0
S| |91000000|181000000| |CA|0|35300|0|0|0|220|1|760|0|0|0|0|0
S|ELCAH|41426619|28842800|UHN|CF|0|2300|800|2340|900|0|1|3000|0|0|0|0|0
S| |91000000|181000000| |VM|0|2300|0|0|0|0|0|0|0|0|0|0|0

P|ELNI1K|35L| |0|3
S|DE35L|41298803|28724536| |DF|0|0|0|0|0|0|0|0|0|1|0|0|0
S|ELNIN|41495606|28723217|UHM|CF|0|35300|1120|35350|1200|0|1|4000|0|0|0|0|0
S| |91000000|181000000| |VM|0|35300|0|0|0|0|0|0|0|0|0|0|0

P|ELNI1K|35R| |0|3
S|DE35R|41298831|28727044| |DF|0|0|0|0|0|0|0|0|0|1|0|0|0
S|ELNIN|41495606|28723217|UHM|CF|0|35300|1120|35350|1200|0|1|4000|0|0|0|0|0
S| |91000000|181000000| |VM|0|35300|0|0|0|0|0|0|0|0|0|0|0

P|GAPD1G|17L| |0|3
S|DE17L|41261922|28727761| |DF|0|0|0|0|0|0|0|0|0|1|0|0|0
S|GAPDI|41028444|28732292|UHM|CF|0|17300|1690|17300|1400|0|1|5000|0|0|0|0|0
S| |91000000|181000000| |VM|0|17300|0|0|0|0|0|0|0|0|0|0|0

P|GAPD1G|17R| |0|3
S|DE17R|41261894|28725256| |DF|0|0|0|0|0|0|0|0|0|1|0|0|0
S|GAPDI|41028444|28732292|UHM|CF|0|17300|1690|17300|1400|0|1|5000|0|0|0|0|0
S| |91000000|181000000| |VM|0|17300|0|0|0|0|0|0|0|0|0|0|0

P|IBLA1C|34L|IBLAL|0|7
S|DE34L|41298603|28706753| |DF|0|0|0|0|0|0|0|0|0|1|0|0|0
S| |91000000|181000000| |VA|0|35300|0|0|0|0|1|760|0|0|0|0|0
S|FM017|41381314|28641064|IST|CF|0|32300|2630|33710|500|250|1|2000|0|0|0|0|0
S|FM017|41381314|28641064| |IF|0|0|0|0|0|250|1|2000|0|0|0|0|0
S|FM090|41575192|28601972| |TF|0|0|0|0|0|0|0|0|0|0|0|0|0
S|GOVGU|41671617|28460722| |TF|0|0|0|0|0|0|0|0|0|0|0|0|0
S|IBLAL|41987500|28337500| |TF|0|0|0|0|0|0|0|0|0|0|0|0|0

P|IBLA1C|34R|IBLAL|0|7
S|DE34R|41298631|28709258| |DF|0|0|0|0|0|0|0|0|0|1|0|0|0
S| |91000000|181000000| |VA|0|35300|0|0|0|0|1|760|0|0|0|0|0
S|FM017|41381314|28641064|IST|CF|0|32200|2630|33710|500|250|1|2000|0|0|0|0|0
S|FM017|41381314|28641064| |IF|0|0|0|0|0|250|1|2000|0|0|0|0|0
S|FM090|41575192|28601972| |TF|0|0|0|0|0|0|0|0|0|0|0|0|0
S|GOVGU|41671617|28460722| |TF|0|0|0|0|0|0|0|0|0|0|0|0|0
S|IBLAL|41987500|28337500| |TF|0|0|0|0|0|0|0|0|0|0|0|0|0

P|IBLA1D|35L|IBLAL|0|7
S|DE35L|41298803|28724536| |DF|0|0|0|0|0|0|0|0|0|1|0|0|0
S| |91000000|181000000| |VA|0|35300|0|0|0|0|1|760|0|0|0|0|0
S|FM026|41382272|28725342|IST|CF|0|35400|2550|34530|500|250|1|1750|0|0|0|0|0
S|FM026|41382272|28725342| |IF|0|0|0|0|0|250|1|1750|0|0|0|0|0
S|FM090|41575192|28601972| |TF|0|0|0|0|0|0|0|0|0|0|0|0|0
S|GOVGU|41671617|28460722| |TF|0|0|0|0|0|0|0|0|0|0|0|0|0
S|IBLAL|41987500|28337500| |TF|0|0|0|0|0|0|0|0|0|0|0|0|0

P|IBLA1D|35R|IBLAL|0|7
S|DE35R|41298831|28727044| |DF|0|0|0|0|0|0|0|0|0|1|0|0|0
S| |91000000|181000000| |VA|0|35300|0|0|0|0|1|760|0|0|0|0|0
S|FM026|41382272|28725342|IST|CF|0|35300|2550|34530|500|250|1|1750|0|0|0|0|0
S|FM026|41382272|28725342| |IF|0|0|0|0|0|250|1|1750|0|0|0|0|0
S|FM090|41575192|28601972| |TF|0|0|0|0|0|0|0|0|0|0|0|0|0
S|GOVGU|41671617|28460722| |TF|0|0|0|0|0|0|0|0|0|0|0|0|0
S|IBLAL|41987500|28337500| |TF|0|0|0|0|0|0|0|0|0|0|0|0|0

P|IBLA1E|36|IBLAL|0|5
S|DER36|41289792|28756178| |DF|0|0|0|0|0|0|0|0|0|1|0|0|0
S| |91000000|181000000| |VA|0|35300|0|0|0|0|1|760|0|0|0|0|0
S|FM032|41383331|28825458|IST|CF|0|2300|2530|35550|550|250|1|2200|0|0|0|0|0
S|QUNTE|41614519|28797003| |TF|0|0|0|0|0|0|1|6400|0|0|0|0|0
S|IBLAL|41987500|28337500| |TF|0|0|0|0|0|0|0|0|0|0|0|0|0

P|IBLA1F|16L|IBLAL|0|10
S|DE16L|41264875|28709925| |DF|0|0|0|0|0|0|0|0|0|1|0|0|0
S| |91000000|181000000| |VA|0|17300|0|0|0|0|1|900|0|0|0|0|0
S|FM047|41180828|28645161|BKZ|CF|0|20400|2280|27230|500|250|1|2100|0|0|0|0|0
S|FM047|41180828|28645161| |IF|0|0|0|0|0|250|1|2100|0|0|0|0|0
S|FM048|41179367|28519300| |TF|0|0|0|0|0|0|0|0|0|0|0|0|0
S|FM049|41296106|28516811| |TF|0|0|0|0|0|0|0|0|0|0|0|0|0
S|FM061|41437900|28571344| |TF|0|0|0|0|0|0|0|0|0|0|0|0|0
S|FM062|41761519|28564711| |TF|0|0|0|0|0|0|0|0|0|0|0|0|0
S|FM063|41771653|28379356| |TF|0|0|0|0|0|0|0|0|0|0|0|0|0
S|IBLAL|41987500|28337500| |TF|0|0|0|0|0|0|0|0|0|0|0|0|0

P|IBLA1F|16R|IBLAL|0|10
S|DE16R|41264847|28707419| |DF|0|0|0|0|0|0|0|0|0|1|0|0|0
S| |91000000|181000000| |VA|0|17300|0|0|0|0|1|900|0|0|0|0|0
S|FM047|41180828|28645161|BKZ|CF|0|20300|2280|27230|500|250|1|2100|0|0|0|0|0
S|FM047|41180828|28645161| |IF|0|0|0|0|0|250|1|2100|0|0|0|0|0
S|FM048|41179367|28519300| |TF|0|0|0|0|0|0|0|0|0|0|0|0|0
S|FM049|41296106|28516811| |TF|0|0|0|0|0|0|0|0|0|0|0|0|0
S|FM061|41437900|28571344| |TF|0|0|0|0|0|0|0|0|0|0|0|0|0
S|FM062|41761519|28564711| |TF|0|0|0|0|0|0|0|0|0|0|0|0|0
S|FM063|41771653|28379356| |TF|0|0|0|0|0|0|0|0|0|0|0|0|0
S|IBLAL|41987500|28337500| |TF|0|0|0|0|0|0|0|0|0|0|0|0|0

P|IBLA1G|17L|IBLAL|0|10
S|DE17L|41261922|28727761| |DF|0|0|0|0|0|0|0|0|0|1|0|0|0
S| |91000000|181000000| |VA|0|17300|0|0|0|0|1|760|0|0|0|0|0
S|FM051|41181756|28729314|BKZ|CF|0|17300|1900|27410|400|250|1|1800|0|0|0|0|0
S|FM051|41181756|28729314| |IF|0|0|0|0|0|250|1|1800|0|0|0|0|0
S|FM060|41179786|28554331| |TF|0|0|0|0|0|0|0|0|0|0|0|0|0
S|REDGI|41307600|28551675| |TF|0|0|0|0|0|0|0|0|0|0|0|0|0
S|FM061|41437900|28571344| |TF|0|0|0|0|0|0|0|0|0|0|0|0|0
S|FM062|41761519|28564711| |TF|0|0|0|0|0|0|0|0|0|0|0|0|0
S|FM063|41771653|28379356| |TF|0|0|0|0|0|0|0|0|0|0|0|0|0
S|IBLAL|41987500|28337500| |TF|0|0|0|0|0|0|0|0|0|0|0|0|0

P|IBLA1G|17R|IBLAL|0|10
S|DE17R|41261894|28725256| |DF|0|0|0|0|0|0|0|0|0|1|0|0|0
S| |91000000|181000000| |VA|0|17300|0|0|0|0|1|760|0|0|0|0|0
S|FM051|41181756|28729314|BKZ|CF|0|17200|1900|27410|400|250|1|1800|0|0|0|0|0
S|FM051|41181756|28729314| |IF|0|0|0|0|0|250|1|1800|0|0|0|0|0
S|FM060|41179786|28554331| |TF|0|0|0|0|0|0|0|0|0|0|0|0|0
S|REDGI|41307600|28551675| |TF|0|0|0|0|0|0|0|0|0|0|0|0|0
S|FM061|41437900|28571344| |TF|0|0|0|0|0|0|0|0|0|0|0|0|0
S|FM062|41761519|28564711| |TF|0|0|0|0|0|0|0|0|0|0|0|0|0
S|FM063|41771653|28379356| |TF|0|0|0|0|0|0|0|0|0|0|0|0|0
S|IBLAL|41987500|28337500| |TF|0|0|0|0|0|0|0|0|0|0|0|0|0

P|IBLA1H|18|IBLAL|0|9
S|DER18|41262244|28756700| |DF|0|0|0|0|0|0|0|0|0|1|0|0|0
S| |91000000|181000000| |VA|0|17300|0|0|0|0|1|760|0|0|0|0|0
S|FM072|41182817|28823403|BKZ|CF|0|14100|1490|27710|500|250|1|2030|0|0|0|0|0
S|FM073|41184086|28944808| |TF|0|0|0|0|0|0|0|0|0|0|0|0|0
S|HANCI|41307847|28942975| |TF|0|0|0|0|0|0|0|0|0|0|0|0|0
S|FM061|41437900|28571344| |TF|0|0|0|0|0|0|0|0|0|0|0|0|0
S|FM062|41761519|28564711| |TF|0|0|0|0|0|0|0|0|0|0|0|0|0
S|FM063|41771653|28379356| |TF|0|0|0|0|0|0|0|0|0|0|0|0|0
S|IBLAL|41987500|28337500| |TF|0|0|0|0|0|0|0|0|0|0|0|0|0

P|IST1N|35L|IST|0|3
S|LADUX|41442239|28724256|UHM|CF|0|35300|800|35360|1000|0|1|3000|0|1|0|0|0
S|D004O|41253244|28582467|CEK|CF|1|18400|1500|340|1200|0|0|0|0|0|0|0|0
S|IST|40961472|28810694| |TF|0|0|0|0|0|0|0|0|0|0|0|0|0

P|IST1N|35R|IST|0|3
S|LADUX|41442239|28724256|UHM|CF|0|35300|800|35360|1000|0|1|3000|0|1|0|0|0
S|D004O|41253244|28582467|CEK|CF|1|18400|1500|340|1200|0|0|0|0|0|0|0|0
S|IST|40961472|28810694| |TF|0|0|0|0|0|0|0|0|0|0|0|0|0

P|IST1P|17L|IST|0|2
S|GAPDI|41028444|28732292|UHM|CF|0|17300|1690|17300|1600|0|0|0|0|0|0|0|0
S|IST|40961472|28810694| |TF|0|0|0|0|0|0|0|0|0|0|0|0|0

P|IST1P|17R|IST|0|2
S|GAPDI|41028444|28732292|UHM|CF|0|17300|1690|17300|1600|0|0|0|0|0|0|0|0
S|IST|40961472|28810694| |TF|0|0|0|0|0|0|0|0|0|0|0|0|0

P|IST1S|36| |0|6
S|DER36|41289792|28756178| |DF|0|0|0|0|0|220|0|0|0|1|0|0|0
S| |91000000|181000000| |CA|0|35300|0|0|0|220|1|760|0|0|0|0|0
S|ELCAH|41426619|28842800|UHN|CF|0|2300|800|2340|900|0|1|3000|0|1|0|0|0
S| |91000000|181000000| |VI|2|16300|0|0|0|0|0|0|0|0|0|0|0
S|IST|40961472|28810694|IST|CF|0|19300|0|0|2100|0|0|0|0|0|0|0|0
S| |91000000|181000000| |VM|0|19300|0|0|0|0|0|0|0|0|0|0|0

P|IVGU1C|34L|IVGUS|0|12
S|DE34L|41298603|28706753| |DF|0|0|0|0|0|0|0|0|0|1|0|0|0
S| |91000000|181000000| |VA|0|35300|0|0|0|0|1|760|0|0|0|0|0
S|FM017|41381314|28641064|BKZ|CF|0|32300|2740|29810|550|250|1|2000|0|0|0|0|0
S|FM017|41381314|28641064| |IF|0|0|0|0|0|250|1|2000|0|0|0|0|0
S|FM018|41379772|28515742| |TF|0|0|0|0|0|0|0|0|0|0|0|0|0
S|FM019|41248825|28518703| |TF|0|0|0|0|0|0|0|0|0|0|0|0|0
S|FM025|41063986|28460706| |TF|0|0|0|0|0|0|0|0|0|0|0|0|0
S|BIBAM|40872681|28401050| |TF|0|0|0|0|0|0|1|12000|0|0|0|0|0
S|NAHUM|40837231|28163936| |TF|0|0|0|0|0|0|0|0|0|0|0|0|0
S|RITGU|40794131|27880306| |TF|0|0|0|0|0|0|0|0|0|0|0|0|0
S|MIVDI|40795569|27741297| |TF|0|0|0|0|0|0|0|0|0|0|0|0|0
S|IVGUS|40568889|27577778| |TF|0|0|0|0|0|0|0|0|0|0|0|0|0

P|IVGU1C|34R|IVGUS|0|12
S|DE34R|41298631|28709258| |DF|0|0|0|0|0|0|0|0|0|1|0|0|0
S| |91000000|181000000| |VA|0|35300|0|0|0|0|1|760|0|0|0|0|0
S|FM017|41381314|28641064|BKZ|CF|0|32200|2740|29810|550|250|1|2000|0|0|0|0|0
S|FM017|41381314|28641064| |IF|0|0|0|0|0|250|1|2000|0|0|0|0|0
S|FM018|41379772|28515742| |TF|0|0|0|0|0|0|0|0|0|0|0|0|0
S|FM019|41248825|28518703| |TF|0|0|0|0|0|0|0|0|0|0|0|0|0
S|FM025|41063986|28460706| |TF|0|0|0|0|0|0|0|0|0|0|0|0|0
S|BIBAM|40872681|28401050| |TF|0|0|0|0|0|0|1|12000|0|0|0|0|0
S|NAHUM|40837231|28163936| |TF|0|0|0|0|0|0|0|0|0|0|0|0|0
S|RITGU|40794131|27880306| |TF|0|0|0|0|0|0|0|0|0|0|0|0|0
S|MIVDI|40795569|27741297| |TF|0|0|0|0|0|0|0|0|0|0|0|0|0
S|IVGUS|40568889|27577778| |TF|0|0|0|0|0|0|0|0|0|0|0|0|0

P|IVGU1D|35L|IVGUS|0|12
S|DE35L|41298803|28724536| |DF|0|0|0|0|0|0|0|0|0|1|0|0|0
S| |91000000|181000000| |VA|0|35300|0|0|0|0|1|760|0|0|0|0|0
S|FM026|41382272|28725342|BKZ|CF|0|35400|2430|30320|500|250|1|1750|0|0|0|0|0
S|FM026|41382272|28725342| |IF|0|0|0|0|0|250|1|1750|0|0|0|0|0
S|FM020|41380208|28550033| |TF|0|0|0|0|0|0|0|0|0|0|0|0|0
S|FM021|41249261|28552925| |TF|0|0|0|0|0|0|0|0|0|0|0|0|0
S|FM025|41063986|28460706| |TF|0|0|0|0|0|0|0|0|0|0|0|0|0
S|BIBAM|40872681|28401050| |TF|0|0|0|0|0|0|1|12000|0|0|0|0|0
S|NAHUM|40837231|28163936| |TF|0|0|0|0|0|0|0|0|0|0|0|0|0
S|RITGU|40794131|27880306| |TF|0|0|0|0|0|0|0|0|0|0|0|0|0
S|MIVDI|40795569|27741297| |TF|0|0|0|0|0|0|0|0|0|0|0|0|0
S|IVGUS|40568889|27577778| |TF|0|0|0|0|0|0|0|0|0|0|0|0|0

P|IVGU1D|35R|IVGUS|0|12
S|DE35R|41298831|28727044| |DF|0|0|0|0|0|0|0|0|0|1|0|0|0
S| |91000000|181000000| |VA|0|35300|0|0|0|0|1|760|0|0|0|0|0
S|FM026|41382272|28725342|BKZ|CF|0|35300|2430|30320|500|250|1|1750|0|0|0|0|0
S|FM026|41382272|28725342| |IF|0|0|0|0|0|250|1|1750|0|0|0|0|0
S|FM020|41380208|28550033| |TF|0|0|0|0|0|0|0|0|0|0|0|0|0
S|FM021|41249261|28552925| |TF|0|0|0|0|0|0|0|0|0|0|0|0|0
S|FM025|41063986|28460706| |TF|0|0|0|0|0|0|0|0|0|0|0|0|0
S|BIBAM|40872681|28401050| |TF|0|0|0|0|0|0|1|12000|0|0|0|0|0
S|NAHUM|40837231|28163936| |TF|0|0|0|0|0|0|0|0|0|0|0|0|0
S|RITGU|40794131|27880306| |TF|0|0|0|0|0|0|0|0|0|0|0|0|0
S|MIVDI|40795569|27741297| |TF|0|0|0|0|0|0|0|0|0|0|0|0|0
S|IVGUS|40568889|27577778| |TF|0|0|0|0|0|0|0|0|0|0|0|0|0

P|IVGU1E|36|IVGUS|0|12
S|DER36|41289792|28756178| |DF|0|0|0|0|0|0|0|0|0|1|0|0|0
S| |91000000|181000000| |VA|0|35300|0|0|0|0|1|760|0|0|0|0|0
S|FM032|41383331|28825458|BKZ|CF|0|2300|2100|31110|550|250|1|2200|0|0|0|0|0
S|FM033|41384497|28946708| |TF|0|0|0|0|0|0|0|0|0|0|0|0|0
S|FM034|41253558|28948806| |TF|0|0|0|0|0|0|0|0|0|0|0|0|0
S|MIKOC|41073142|28818675| |TF|0|0|0|0|0|0|0|0|0|0|0|0|0
S|KRASO|40910131|28655444| |TF|0|0|0|0|0|0|0|0|0|0|0|0|0
S|BIBAM|40872681|28401050| |TF|0|0|0|0|0|0|1|12000|0|0|0|0|0
S|NAHUM|40837231|28163936| |TF|0|0|0|0|0|0|0|0|0|0|0|0|0
S|RITGU|40794131|27880306| |TF|0|0|0|0|0|0|0|0|0|0|0|0|0
S|MIVDI|40795569|27741297| |TF|0|0|0|0|0|0|0|0|0|0|0|0|0
S|IVGUS|40568889|27577778| |TF|0|0|0|0|0|0|0|0|0|0|0|0|0

P|IVGU1F|16L|IVGUS|0|8
S|DE16L|41264875|28709925| |DF|0|0|0|0|0|0|0|0|0|1|0|0|0
S| |91000000|181000000| |VA|0|17300|0|0|0|0|1|900|0|0|0|0|0
S|FM047|41180828|28645161|BKZ|CF|0|20400|2280|27230|500|250|1|2100|0|0|0|0|0
S|FM047|41180828|28645161| |IF|0|0|0|0|0|250|1|2100|0|0|0|0|0
S|FM056|41075256|28392783| |TF|0|0|0|0|0|0|0|0|0|0|0|0|0
S|FM057|40975586|27832653| |TF|0|0|0|0|0|0|0|0|0|0|0|0|0
S|ADMIV|40771419|27704236| |TF|0|0|0|0|0|0|0|0|0|0|0|0|0
S|IVGUS|40568889|27577778| |TF|0|0|0|0|0|0|0|0|0|0|0|0|0

P|IVGU1F|16R|IVGUS|0|8
S|DE16R|41264847|28707419| |DF|0|0|0|0|0|0|0|0|0|1|0|0|0
S| |91000000|181000000| |VA|0|17300|0|0|0|0|1|900|0|0|0|0|0
S|FM047|41180828|28645161|BKZ|CF|0|20300|2280|27230|500|250|1|2100|0|0|0|0|0
S|FM047|41180828|28645161| |IF|0|0|0|0|0|250|1|2100|0|0|0|0|0
S|FM056|41075256|28392783| |TF|0|0|0|0|0|0|0|0|0|0|0|0|0
S|FM057|40975586|27832653| |TF|0|0|0|0|0|0|0|0|0|0|0|0|0
S|ADMIV|40771419|27704236| |TF|0|0|0|0|0|0|0|0|0|0|0|0|0
S|IVGUS|40568889|27577778| |TF|0|0|0|0|0|0|0|0|0|0|0|0|0

P|IVGU1G|17L|IVGUS|0|9
S|DE17L|41261922|28727761| |DF|0|0|0|0|0|0|0|0|0|1|0|0|0
S| |91000000|181000000| |VA|0|17300|0|0|0|0|1|760|0|0|0|0|0
S|FM051|41181756|28729314|BKZ|CF|0|17300|1900|27410|400|250|1|1800|0|0|0|0|0
S|FM051|41181756|28729314| |IF|0|0|0|0|0|250|1|1800|0|0|0|0|0
S|FM054|41121000|28655753| |TF|0|0|0|0|0|0|0|0|0|0|0|0|0
S|FM056|41075256|28392783| |TF|0|0|0|0|0|0|0|0|0|0|0|0|0
S|FM057|40975586|27832653| |TF|0|0|0|0|0|0|0|0|0|0|0|0|0
S|ADMIV|40771419|27704236| |TF|0|0|0|0|0|0|0|0|0|0|0|0|0
S|IVGUS|40568889|27577778| |TF|0|0|0|0|0|0|0|0|0|0|0|0|0

P|IVGU1G|17R|IVGUS|0|9
S|DE17R|41261894|28725256| |DF|0|0|0|0|0|0|0|0|0|1|0|0|0
S| |91000000|181000000| |VA|0|17300|0|0|0|0|1|760|0|0|0|0|0
S|FM051|41181756|28729314|BKZ|CF|0|17200|1900|27410|400|250|1|1800|0|0|0|0|0
S|FM051|41181756|28729314| |IF|0|0|0|0|0|250|1|1800|0|0|0|0|0
S|FM054|41121000|28655753| |TF|0|0|0|0|0|0|0|0|0|0|0|0|0
S|FM056|41075256|28392783| |TF|0|0|0|0|0|0|0|0|0|0|0|0|0
S|FM057|40975586|27832653| |TF|0|0|0|0|0|0|0|0|0|0|0|0|0
S|ADMIV|40771419|27704236| |TF|0|0|0|0|0|0|0|0|0|0|0|0|0
S|IVGUS|40568889|27577778| |TF|0|0|0|0|0|0|0|0|0|0|0|0|0

P|IVGU1H|18|IVGUS|0|10
S|DER18|41262244|28756700| |DF|0|0|0|0|0|0|0|0|0|1|0|0|0
S| |91000000|181000000| |VA|0|17300|0|0|0|0|1|760|0|0|0|0|0
S|FM072|41182817|28823403|BKZ|CF|0|14100|1490|27710|500|250|1|2030|0|0|0|0|0
S|FM074|41102564|28818269| |TF|0|0|0|0|0|0|0|0|0|0|0|0|0
S|TIBNU|40965439|28809533| |TF|0|0|0|0|0|0|1|6000|0|0|0|0|0
S|ASGAX|40911233|28692744| |TF|0|0|0|0|0|0|0|0|0|0|0|0|0
S|TETPU|40836850|28489950| |TF|0|0|0|0|0|0|0|0|0|0|0|0|0
S|INPIK|40793825|27965956| |TF|0|0|0|0|0|0|0|0|0|0|0|0|0
S|ADMIV|40771419|27704236| |TF|0|0|0|0|0|0|0|0|0|0|0|0|0
S|IVGUS|40568889|27577778| |TF|0|0|0|0|0|0|0|0|0|0|0|0|0

P|IVGU1V|18|IVGUS|0|9
S|DER18|41262244|28756700| |DF|0|0|0|0|0|0|0|0|0|1|0|0|0
S| |91000000|181000000| |VA|0|17300|0|0|0|0|1|760|0|0|0|0|0
S|FM072|41182817|28823403|BKZ|CF|0|14100|1490|27710|500|250|1|2030|0|0|0|0|0
S|FM074|41102564|28818269| |TF|0|0|0|0|0|0|0|0|0|0|0|0|0
S|TIBNU|40965439|28809533| |TF|0|0|0|0|0|0|1|6000|0|0|0|0|0
S|ASGAX|40911233|28692744| |TF|0|0|0|0|0|0|0|0|0|0|0|0|0
S|UMBEM|40869050|28337783| |TF|0|0|0|0|0|0|0|0|0|0|0|0|0
S|MIVDI|40795569|27741297| |TF|0|0|0|0|0|0|0|0|0|0|0|0|0
S|IVGUS|40568889|27577778| |TF|0|0|0|0|0|0|0|0|0|0|0|0|0

P|LESQ1G|16L| |0|5
S|DE16L|41264875|28709925| |DF|0|0|0|0|0|250|0|0|0|1|0|0|0
S| |91000000|181000000| |CA|0|17300|0|0|0|250|1|1000|0|0|0|0|0
S| |91000000|181000000| |VI|0|23300|0|0|0|250|0|0|0|0|0|0|0
S|LESQE|41108131|28557192|UHL|CF|0|20300|1400|20320|700|0|1|4000|0|0|0|0|0
S| |91000000|181000000| |VM|0|20300|0|0|0|0|0|0|0|0|0|0|0

P|LESQ1G|16R| |0|5
S|DE16R|41264847|28707419| |DF|0|0|0|0|0|250|0|0|0|1|0|0|0
S| |91000000|181000000| |CA|0|17300|0|0|0|250|1|1000|0|0|0|0|0
S| |91000000|181000000| |VI|0|23300|0|0|0|250|0|0|0|0|0|0|0
S|LESQE|41108131|28557192|UHL|CF|0|20300|1400|20320|700|0|1|4000|0|0|0|0|0
S| |91000000|181000000| |VM|0|20300|0|0|0|0|0|0|0|0|0|0|0

P|MAKO1C|34L|MAKOL|0|7
S|DE34L|41298603|28706753| |DF|0|0|0|0|0|0|0|0|0|1|0|0|0
S| |91000000|181000000| |VA|0|35300|0|0|0|0|1|760|0|0|0|0|0
S|FM017|41381314|28641064|IST|CF|0|32300|2630|33710|580|250|1|2000|0|0|0|0|0
S|FM017|41381314|28641064| |IF|0|0|0|0|0|250|1|2000|0|0|0|0|0
S|FM090|41575192|28601972| |TF|0|0|0|0|0|0|0|0|0|0|0|0|0
S|MUTBE|41733517|28931325| |TF|0|0|0|0|0|0|2|14000|0|0|0|0|0
S|MAKOL|42170556|29142778| |TF|0|0|0|0|0|0|0|0|0|0|0|0|0

P|MAKO1C|34R|MAKOL|0|7
S|DE34R|41298631|28709258| |DF|0|0|0|0|0|0|0|0|0|1|0|0|0
S| |91000000|181000000| |VA|0|35300|0|0|0|0|1|760|0|0|0|0|0
S|FM017|41381314|28641064|IST|CF|0|32200|2630|33710|580|250|1|2000|0|0|0|0|0
S|FM017|41381314|28641064| |IF|0|0|0|0|0|250|1|2000|0|0|0|0|0
S|FM090|41575192|28601972| |TF|0|0|0|0|0|0|0|0|0|0|0|0|0
S|MUTBE|41733517|28931325| |TF|0|0|0|0|0|0|2|14000|0|0|0|0|0
S|MAKOL|42170556|29142778| |TF|0|0|0|0|0|0|0|0|0|0|0|0|0

P|MAKO1D|35L|MAKOL|0|7
S|DE35L|41298803|28724536| |DF|0|0|0|0|0|0|0|0|0|1|0|0|0
S| |91000000|181000000| |VA|0|35300|0|0|0|0|1|760|0|0|0|0|0
S|FM026|41382272|28725342|IST|CF|0|35400|2550|34530|500|250|1|1750|0|0|0|0|0
S|FM026|41382272|28725342| |IF|0|0|0|0|0|250|1|1750|0|0|0|0|0
S|FM090|41575192|28601972| |TF|0|0|0|0|0|0|0|0|0|0|0|0|0
S|MUTBE|41733517|28931325| |TF|0|0|0|0|0|0|2|14000|0|0|0|0|0
S|MAKOL|42170556|29142778| |TF|0|0|0|0|0|0|0|0|0|0|0|0|0

P|MAKO1D|35R|MAKOL|0|7
S|DE35R|41298831|28727044| |DF|0|0|0|0|0|0|0|0|0|1|0|0|0
S| |91000000|181000000| |VA|0|35300|0|0|0|0|1|760|0|0|0|0|0
S|FM026|41382272|28725342|IST|CF|0|35300|2550|34530|500|250|1|1750|0|0|0|0|0
S|FM026|41382272|28725342| |IF|0|0|0|0|0|250|1|1750|0|0|0|0|0
S|FM090|41575192|28601972| |TF|0|0|0|0|0|0|0|0|0|0|0|0|0
S|MUTBE|41733517|28931325| |TF|0|0|0|0|0|0|2|14000|0|0|0|0|0
S|MAKOL|42170556|29142778| |TF|0|0|0|0|0|0|0|0|0|0|0|0|0

P|MAKO1E|36|MAKOL|0|6
S|DER36|41289792|28756178| |DF|0|0|0|0|0|0|0|0|0|1|0|0|0
S| |91000000|181000000| |VA|0|35300|0|0|0|0|1|760|0|0|0|0|0
S|FM032|41383331|28825458|IST|CF|0|2300|2530|35550|640|250|1|2200|0|0|0|0|0
S|QUNTE|41614519|28797003| |TF|0|0|0|0|0|0|1|6400|0|0|0|0|0
S|MUTBE|41733517|28931325| |TF|0|0|0|0|0|0|2|14000|0|0|0|0|0
S|MAKOL|42170556|29142778| |TF|0|0|0|0|0|0|0|0|0|0|0|0|0

P|MAKO1F|16L|MAKOL|0|12
S|DE16L|41264875|28709925| |DF|0|0|0|0|0|0|0|0|0|1|0|0|0
S| |91000000|181000000| |VA|0|17300|0|0|0|0|1|900|0|0|0|0|0
S|FM047|41180828|28645161|BKZ|CF|0|20400|2280|27230|500|250|1|2100|0|0|0|0|0
S|FM047|41180828|28645161| |IF|0|0|0|0|0|250|1|2100|0|0|0|0|0
S|FM048|41179367|28519300| |TF|0|0|0|0|0|0|0|0|0|0|0|0|0
S|FM049|41296106|28516811| |TF|0|0|0|0|0|0|0|0|0|0|0|0|0
S|FM061|41437900|28571344| |TF|0|0|0|0|0|0|0|0|0|0|0|0|0
S|FM082|41764672|28851658| |TF|0|0|0|0|0|0|0|0|0|0|0|0|0
S|FM083|41776439|29052656| |TF|0|0|0|0|0|0|0|0|0|0|0|0|0
S|FM084|41787853|29253700| |TF|0|0|0|0|0|0|0|0|0|0|0|0|0
S|OZZAW|41906800|29435269| |TF|0|0|0|0|0|0|0|0|0|0|0|0|0
S|MAKOL|42170556|29142778| |TF|0|0|0|0|0|0|0|0|0|0|0|0|0

P|MAKO1F|16R|MAKOL|0|12
S|DE16R|41264847|28707419| |DF|0|0|0|0|0|0|0|0|0|1|0|0|0
S| |91000000|181000000| |VA|0|17300|0|0|0|0|1|900|0|0|0|0|0
S|FM047|41180828|28645161|BKZ|CF|0|20300|2280|27230|500|250|1|2100|0|0|0|0|0
S|FM047|41180828|28645161| |IF|0|0|0|0|0|250|1|2100|0|0|0|0|0
S|FM048|41179367|28519300| |TF|0|0|0|0|0|0|0|0|0|0|0|0|0
S|FM049|41296106|28516811| |TF|0|0|0|0|0|0|0|0|0|0|0|0|0
S|FM061|41437900|28571344| |TF|0|0|0|0|0|0|0|0|0|0|0|0|0
S|FM082|41764672|28851658| |TF|0|0|0|0|0|0|0|0|0|0|0|0|0
S|FM083|41776439|29052656| |TF|0|0|0|0|0|0|0|0|0|0|0|0|0
S|FM084|41787853|29253700| |TF|0|0|0|0|0|0|0|0|0|0|0|0|0
S|OZZAW|41906800|29435269| |TF|0|0|0|0|0|0|0|0|0|0|0|0|0
S|MAKOL|42170556|29142778| |TF|0|0|0|0|0|0|0|0|0|0|0|0|0

P|MAKO1G|17L|MAKOL|0|12
S|DE17L|41261922|28727761| |DF|0|0|0|0|0|0|0|0|0|1|0|0|0
S| |91000000|181000000| |VA|0|17300|0|0|0|0|1|760|0|0|0|0|0
S|FM051|41181756|28729314|BKZ|CF|0|17300|1900|27410|400|250|1|1800|0|0|0|0|0
S|FM051|41181756|28729314| |IF|0|0|0|0|0|250|1|1800|0|0|0|0|0
S|FM060|41179786|28554331| |TF|0|0|0|0|0|0|0|0|0|0|0|0|0
S|REDGI|41307600|28551675| |TF|0|0|0|0|0|0|0|0|0|0|0|0|0
S|FM061|41437900|28571344| |TF|0|0|0|0|0|0|0|0|0|0|0|0|0
S|FM082|41764672|28851658| |TF|0|0|0|0|0|0|0|0|0|0|0|0|0
S|FM083|41776439|29052656| |TF|0|0|0|0|0|0|0|0|0|0|0|0|0
S|FM084|41787853|29253700| |TF|0|0|0|0|0|0|0|0|0|0|0|0|0
S|OZZAW|41906800|29435269| |TF|0|0|0|0|0|0|0|0|0|0|0|0|0
S|MAKOL|42170556|29142778| |TF|0|0|0|0|0|0|0|0|0|0|0|0|0

P|MAKO1G|17R|MAKOL|0|12
S|DE17R|41261894|28725256| |DF|0|0|0|0|0|0|0|0|0|1|0|0|0
S| |91000000|181000000| |VA|0|17300|0|0|0|0|1|760|0|0|0|0|0
S|FM051|41181756|28729314|BKZ|CF|0|17200|1900|27410|400|250|1|1800|0|0|0|0|0
S|FM051|41181756|28729314| |IF|0|0|0|0|0|250|1|1800|0|0|0|0|0
S|FM060|41179786|28554331| |TF|0|0|0|0|0|0|0|0|0|0|0|0|0
S|REDGI|41307600|28551675| |TF|0|0|0|0|0|0|0|0|0|0|0|0|0
S|FM061|41437900|28571344| |TF|0|0|0|0|0|0|0|0|0|0|0|0|0
S|FM082|41764672|28851658| |TF|0|0|0|0|0|0|0|0|0|0|0|0|0
S|FM083|41776439|29052656| |TF|0|0|0|0|0|0|0|0|0|0|0|0|0
S|FM084|41787853|29253700| |TF|0|0|0|0|0|0|0|0|0|0|0|0|0
S|OZZAW|41906800|29435269| |TF|0|0|0|0|0|0|0|0|0|0|0|0|0
S|MAKOL|42170556|29142778| |TF|0|0|0|0|0|0|0|0|0|0|0|0|0

P|MAKO1H|18|MAKOL|0|11
S|DER18|41262244|28756700| |DF|0|0|0|0|0|0|0|0|0|1|0|0|0
S| |91000000|181000000| |VA|0|17300|0|0|0|0|1|760|0|0|0|0|0
S|FM072|41182817|28823403|BKZ|CF|0|14100|1490|27710|500|250|1|2030|0|0|0|0|0
S|FM073|41184086|28944808| |TF|0|0|0|0|0|0|0|0|0|0|0|0|0
S|HANCI|41307847|28942975| |TF|0|0|0|0|0|0|0|0|0|0|0|0|0
S|FM081|41459633|28834778| |TF|0|0|0|0|0|0|0|0|0|0|0|0|0
S|FM082|41764672|28851658| |TF|0|0|0|0|0|0|0|0|0|0|0|0|0
S|FM083|41776439|29052656| |TF|0|0|0|0|0|0|0|0|0|0|0|0|0
S|FM084|41787853|29253700| |TF|0|0|0|0|0|0|0|0|0|0|0|0|0
S|OZZAW|41906800|29435269| |TF|0|0|0|0|0|0|0|0|0|0|0|0|0
S|MAKOL|42170556|29142778| |TF|0|0|0|0|0|0|0|0|0|0|0|0|0

P|RATV1C|34L|RATVU|0|13
S|DE34L|41298603|28706753| |DF|0|0|0|0|0|0|0|0|0|1|0|0|0
S| |91000000|181000000| |VA|0|35300|0|0|0|0|1|760|0|0|0|0|0
S|FM017|41381314|28641064|BKZ|CF|0|32300|2740|29810|550|250|1|2000|0|0|0|0|0
S|FM017|41381314|28641064| |IF|0|0|0|0|0|250|1|2000|0|0|0|0|0
S|FM018|41379772|28515742| |TF|0|0|0|0|0|0|0|0|0|0|0|0|0
S|FM019|41248825|28518703| |TF|0|0|0|0|0|0|0|0|0|0|0|0|0
S|ELNUG|41126425|28710142| |TF|0|0|0|0|0|0|0|0|0|0|0|0|0
S|MIKOC|41073142|28818675| |TF|0|0|0|0|0|0|0|0|0|0|0|0|0
S|FILFU|41019761|28927028| |TF|0|0|0|0|0|0|0|0|0|0|0|0|0
S|FM043|40874817|28908814| |TF|0|0|0|0|0|0|0|0|0|0|0|0|0
S|ROCHE|40551886|28934783| |TF|0|0|0|0|0|0|0|0|0|0|0|0|0
S|FM045|40186014|29245708| |TF|0|0|0|0|0|0|0|0|0|0|0|0|0
S|RATVU|39906667|29378333| |TF|0|0|0|0|0|0|0|0|0|0|0|0|0

P|RATV1C|34R|RATVU|0|13
S|DE34R|41298631|28709258| |DF|0|0|0|0|0|0|0|0|0|1|0|0|0
S| |91000000|181000000| |VA|0|35300|0|0|0|0|1|760|0|0|0|0|0
S|FM017|41381314|28641064|BKZ|CF|0|32200|2740|29810|550|250|1|2000|0|0|0|0|0
S|FM017|41381314|28641064| |IF|0|0|0|0|0|250|1|2000|0|0|0|0|0
S|FM018|41379772|28515742| |TF|0|0|0|0|0|0|0|0|0|0|0|0|0
S|FM019|41248825|28518703| |TF|0|0|0|0|0|0|0|0|0|0|0|0|0
S|ELNUG|41126425|28710142| |TF|0|0|0|0|0|0|0|0|0|0|0|0|0
S|MIKOC|41073142|28818675| |TF|0|0|0|0|0|0|0|0|0|0|0|0|0
S|FILFU|41019761|28927028| |TF|0|0|0|0|0|0|0|0|0|0|0|0|0
S|FM043|40874817|28908814| |TF|0|0|0|0|0|0|0|0|0|0|0|0|0
S|ROCHE|40551886|28934783| |TF|0|0|0|0|0|0|0|0|0|0|0|0|0
S|FM045|40186014|29245708| |TF|0|0|0|0|0|0|0|0|0|0|0|0|0
S|RATVU|39906667|29378333| |TF|0|0|0|0|0|0|0|0|0|0|0|0|0

P|RATV1D|35L|RATVU|0|13
S|DE35L|41298803|28724536| |DF|0|0|0|0|0|0|0|0|0|1|0|0|0
S| |91000000|181000000| |VA|0|35300|0|0|0|0|1|760|0|0|0|0|0
S|FM026|41382272|28725342|BKZ|CF|0|35400|2430|30320|500|250|1|1750|0|0|0|0|0
S|FM026|41382272|28725342| |IF|0|0|0|0|0|250|1|1750|0|0|0|0|0
S|FM020|41380208|28550033| |TF|0|0|0|0|0|0|0|0|0|0|0|0|0
S|FM021|41249261|28552925| |TF|0|0|0|0|0|0|0|0|0|0|0|0|0
S|ELNUG|41126425|28710142| |TF|0|0|0|0|0|0|0|0|0|0|0|0|0
S|MIKOC|41073142|28818675| |TF|0|0|0|0|0|0|0|0|0|0|0|0|0
S|FILFU|41019761|28927028| |TF|0|0|0|0|0|0|0|0|0|0|0|0|0
S|FM043|40874817|28908814| |TF|0|0|0|0|0|0|0|0|0|0|0|0|0
S|ROCHE|40551886|28934783| |TF|0|0|0|0|0|0|0|0|0|0|0|0|0
S|FM045|40186014|29245708| |TF|0|0|0|0|0|0|0|0|0|0|0|0|0
S|RATVU|39906667|29378333| |TF|0|0|0|0|0|0|0|0|0|0|0|0|0

P|RATV1D|35R|RATVU|0|13
S|DE35R|41298831|28727044| |DF|0|0|0|0|0|0|0|0|0|1|0|0|0
S| |91000000|181000000| |VA|0|35300|0|0|0|0|1|760|0|0|0|0|0
S|FM026|41382272|28725342|BKZ|CF|0|35300|2430|30320|500|250|1|1750|0|0|0|0|0
S|FM026|41382272|28725342| |IF|0|0|0|0|0|250|1|1750|0|0|0|0|0
S|FM020|41380208|28550033| |TF|0|0|0|0|0|0|0|0|0|0|0|0|0
S|FM021|41249261|28552925| |TF|0|0|0|0|0|0|0|0|0|0|0|0|0
S|ELNUG|41126425|28710142| |TF|0|0|0|0|0|0|0|0|0|0|0|0|0
S|MIKOC|41073142|28818675| |TF|0|0|0|0|0|0|0|0|0|0|0|0|0
S|FILFU|41019761|28927028| |TF|0|0|0|0|0|0|0|0|0|0|0|0|0
S|FM043|40874817|28908814| |TF|0|0|0|0|0|0|0|0|0|0|0|0|0
S|ROCHE|40551886|28934783| |TF|0|0|0|0|0|0|0|0|0|0|0|0|0
S|FM045|40186014|29245708| |TF|0|0|0|0|0|0|0|0|0|0|0|0|0
S|RATVU|39906667|29378333| |TF|0|0|0|0|0|0|0|0|0|0|0|0|0

P|RATV1E|36|RATVU|0|10
S|DER36|41289792|28756178| |DF|0|0|0|0|0|0|0|0|0|1|0|0|0
S| |91000000|181000000| |VA|0|35300|0|0|0|0|1|760|0|0|0|0|0
S|FM032|41383331|28825458|BKZ|CF|0|2300|2100|31110|550|250|1|2200|0|0|0|0|0
S|FM033|41384497|28946708| |TF|0|0|0|0|0|0|0|0|0|0|0|0|0
S|FM034|41253558|28948806| |TF|0|0|0|0|0|0|0|0|0|0|0|0|0
S|FILFU|41019761|28927028| |TF|0|0|0|0|0|0|0|0|0|0|0|0|0
S|FM043|40874817|28908814| |TF|0|0|0|0|0|0|0|0|0|0|0|0|0
S|ROCHE|40551886|28934783| |TF|0|0|0|0|0|0|0|0|0|0|0|0|0
S|FM045|40186014|29245708| |TF|0|0|0|0|0|0|0|0|0|0|0|0|0
S|RATVU|39906667|29378333| |TF|0|0|0|0|0|0|0|0|0|0|0|0|0

P|RATV1F|16L|RATVU|0|11
S|DE16L|41264875|28709925| |DF|0|0|0|0|0|0|0|0|0|1|0|0|0
S| |91000000|181000000| |VA|0|17300|0|0|0|0|1|900|0|0|0|0|0
S|FM047|41180828|28645161|BKZ|CF|0|20400|2280|27230|500|250|1|2100|0|0|0|0|0
S|FM047|41180828|28645161| |IF|0|0|0|0|0|250|1|2100|0|0|0|0|0
S|FM054|41121000|28655753| |TF|0|0|0|0|0|0|0|0|0|0|0|0|0
S|ASGAX|40911233|28692744| |TF|0|0|0|0|0|0|0|0|0|0|0|0|0
S|VRACA|40668619|28730975| |TF|0|0|0|0|0|0|0|0|0|0|0|0|0
S|EVMOG|40543286|28750628| |TF|0|0|0|0|0|0|0|0|0|0|0|0|0
S|GUPTU|40310281|29022378| |TF|0|0|0|0|0|0|0|0|0|0|0|0|0
S|XESRA|40185819|29067258| |TF|0|0|0|0|0|0|0|0|0|0|0|0|0
S|RATVU|39906667|29378333| |TF|0|0|0|0|0|0|0|0|0|0|0|0|0

P|RATV1F|16R|RATVU|0|11
S|DE16R|41264847|28707419| |DF|0|0|0|0|0|0|0|0|0|1|0|0|0
S| |91000000|181000000| |VA|0|17300|0|0|0|0|1|900|0|0|0|0|0
S|FM047|41180828|28645161|BKZ|CF|0|20300|2280|27230|500|250|1|2100|0|0|0|0|0
S|FM047|41180828|28645161| |IF|0|0|0|0|0|250|1|2100|0|0|0|0|0
S|FM054|41121000|28655753| |TF|0|0|0|0|0|0|0|0|0|0|0|0|0
S|ASGAX|40911233|28692744| |TF|0|0|0|0|0|0|0|0|0|0|0|0|0
S|VRACA|40668619|28730975| |TF|0|0|0|0|0|0|0|0|0|0|0|0|0
S|EVMOG|40543286|28750628| |TF|0|0|0|0|0|0|0|0|0|0|0|0|0
S|GUPTU|40310281|29022378| |TF|0|0|0|0|0|0|0|0|0|0|0|0|0
S|XESRA|40185819|29067258| |TF|0|0|0|0|0|0|0|0|0|0|0|0|0
S|RATVU|39906667|29378333| |TF|0|0|0|0|0|0|0|0|0|0|0|0|0

P|RATV1G|17L|RATVU|0|11
S|DE17L|41261922|28727761| |DF|0|0|0|0|0|0|0|0|0|1|0|0|0
S| |91000000|181000000| |VA|0|17300|0|0|0|0|1|760|0|0|0|0|0
S|FM051|41181756|28729314|BKZ|CF|0|17300|1900|27410|400|250|1|1800|0|0|0|0|0
S|FM051|41181756|28729314| |IF|0|0|0|0|0|250|1|1800|0|0|0|0|0
S|FM054|41121000|28655753| |TF|0|0|0|0|0|0|0|0|0|0|0|0|0
S|ASGAX|40911233|28692744| |TF|0|0|0|0|0|0|0|0|0|0|0|0|0
S|VRACA|40668619|28730975| |TF|0|0|0|0|0|0|0|0|0|0|0|0|0
S|EVMOG|40543286|28750628| |TF|0|0|0|0|0|0|0|0|0|0|0|0|0
S|GUPTU|40310281|29022378| |TF|0|0|0|0|0|0|0|0|0|0|0|0|0
S|XESRA|40185819|29067258| |TF|0|0|0|0|0|0|0|0|0|0|0|0|0
S|RATVU|39906667|29378333| |TF|0|0|0|0|0|0|0|0|0|0|0|0|0

P|RATV1G|17R|RATVU|0|11
S|DE17R|41261894|28725256| |DF|0|0|0|0|0|0|0|0|0|1|0|0|0
S| |91000000|181000000| |VA|0|17300|0|0|0|0|1|760|0|0|0|0|0
S|FM051|41181756|28729314|BKZ|CF|0|17200|1900|27410|400|250|1|1800|0|0|0|0|0
S|FM051|41181756|28729314| |IF|0|0|0|0|0|250|1|1800|0|0|0|0|0
S|FM054|41121000|28655753| |TF|0|0|0|0|0|0|0|0|0|0|0|0|0
S|ASGAX|40911233|28692744| |TF|0|0|0|0|0|0|0|0|0|0|0|0|0
S|VRACA|40668619|28730975| |TF|0|0|0|0|0|0|0|0|0|0|0|0|0
S|EVMOG|40543286|28750628| |TF|0|0|0|0|0|0|0|0|0|0|0|0|0
S|GUPTU|40310281|29022378| |TF|0|0|0|0|0|0|0|0|0|0|0|0|0
S|XESRA|40185819|29067258| |TF|0|0|0|0|0|0|0|0|0|0|0|0|0
S|RATVU|39906667|29378333| |TF|0|0|0|0|0|0|0|0|0|0|0|0|0

P|RATV1H|18|RATVU|0|10
S|DER18|41262244|28756700| |DF|0|0|0|0|0|0|0|0|0|1|0|0|0
S| |91000000|181000000| |VA|0|17300|0|0|0|0|1|760|0|0|0|0|0
S|FM072|41182817|28823403|BKZ|CF|0|14100|1490|27710|500|250|1|2030|0|0|0|0|0
S|FM074|41102564|28818269| |TF|0|0|0|0|0|0|0|0|0|0|0|0|0
S|TIBNU|40965439|28809533| |TF|0|0|0|0|0|0|1|6000|0|0|0|0|0
S|FM076|40664825|28856236| |TF|0|0|0|0|0|0|0|0|0|0|0|0|0
S|ROCHE|40551886|28934783| |TF|0|0|0|0|0|0|0|0|0|0|0|0|0
S|GUPTU|40310281|29022378| |TF|0|0|0|0|0|0|0|0|0|0|0|0|0
S|XESRA|40185819|29067258| |TF|0|0|0|0|0|0|0|0|0|0|0|0|0
S|RATVU|39906667|29378333| |TF|0|0|0|0|0|0|0|0|0|0|0|0|0

P|RATV1T|16L|RATVU|0|11
S|DE16L|41264875|28709925| |DF|0|0|0|0|0|0|0|0|0|1|0|0|0
S| |91000000|181000000| |VA|0|17300|0|0|0|0|1|900|0|0|0|0|0
S|FM047|41180828|28645161|BKZ|CF|0|20400|2280|27230|500|250|1|2100|0|0|0|0|0
S|FM047|41180828|28645161| |IF|0|0|0|0|0|250|1|2100|0|0|0|0|0
S|FM054|41121000|28655753| |TF|0|0|0|0|0|0|0|0|0|0|0|0|0
S|ASGAX|40911233|28692744| |TF|0|0|0|0|0|0|0|0|0|0|0|0|0
S|FM077|40908583|28859350| |TF|0|0|0|0|0|0|0|0|0|0|0|0|0
S|FM078|40809503|29271064| |TF|0|0|0|0|0|0|0|0|0|0|0|0|0
S|PEPAK|40696000|29321656| |TF|0|0|0|0|0|0|0|0|0|0|0|0|0
S|FM079|40349308|29163453| |TF|0|0|0|0|0|0|0|0|0|0|0|0|0
S|RATVU|39906667|29378333| |TF|0|0|0|0|0|0|0|0|0|0|0|0|0

P|RATV1T|16R|RATVU|0|11
S|DE16R|41264847|28707419| |DF|0|0|0|0|0|0|0|0|0|1|0|0|0
S| |91000000|181000000| |VA|0|17300|0|0|0|0|1|900|0|0|0|0|0
S|FM047|41180828|28645161|BKZ|CF|0|20300|2280|27230|500|250|1|2100|0|0|0|0|0
S|FM047|41180828|28645161| |IF|0|0|0|0|0|250|1|2100|0|0|0|0|0
S|FM054|41121000|28655753| |TF|0|0|0|0|0|0|0|0|0|0|0|0|0
S|ASGAX|40911233|28692744| |TF|0|0|0|0|0|0|0|0|0|0|0|0|0
S|FM077|40908583|28859350| |TF|0|0|0|0|0|0|0|0|0|0|0|0|0
S|FM078|40809503|29271064| |TF|0|0|0|0|0|0|0|0|0|0|0|0|0
S|PEPAK|40696000|29321656| |TF|0|0|0|0|0|0|0|0|0|0|0|0|0
S|FM079|40349308|29163453| |TF|0|0|0|0|0|0|0|0|0|0|0|0|0
S|RATVU|39906667|29378333| |TF|0|0|0|0|0|0|0|0|0|0|0|0|0

P|RATV1U|17L|RATVU|0|11
S|DE17L|41261922|28727761| |DF|0|0|0|0|0|0|0|0|0|1|0|0|0
S| |91000000|181000000| |VA|0|17300|0|0|0|0|1|760|0|0|0|0|0
S|FM051|41181756|28729314|BKZ|CF|0|17300|1900|27410|400|250|1|1800|0|0|0|0|0
S|FM051|41181756|28729314| |IF|0|0|0|0|0|250|1|1800|0|0|0|0|0
S|FM054|41121000|28655753| |TF|0|0|0|0|0|0|0|0|0|0|0|0|0
S|ASGAX|40911233|28692744| |TF|0|0|0|0|0|0|0|0|0|0|0|0|0
S|FM077|40908583|28859350| |TF|0|0|0|0|0|0|0|0|0|0|0|0|0
S|FM078|40809503|29271064| |TF|0|0|0|0|0|0|0|0|0|0|0|0|0
S|PEPAK|40696000|29321656| |TF|0|0|0|0|0|0|0|0|0|0|0|0|0
S|FM079|40349308|29163453| |TF|0|0|0|0|0|0|0|0|0|0|0|0|0
S|RATVU|39906667|29378333| |TF|0|0|0|0|0|0|0|0|0|0|0|0|0

P|RATV1U|17R|RATVU|0|11
S|DE17R|41261894|28725256| |DF|0|0|0|0|0|0|0|0|0|1|0|0|0
S| |91000000|181000000| |VA|0|17300|0|0|0|0|1|760|0|0|0|0|0
S|FM051|41181756|28729314|BKZ|CF|0|17200|1900|27410|400|250|1|1800|0|0|0|0|0
S|FM051|41181756|28729314| |IF|0|0|0|0|0|250|1|1800|0|0|0|0|0
S|FM054|41121000|28655753| |TF|0|0|0|0|0|0|0|0|0|0|0|0|0
S|ASGAX|40911233|28692744| |TF|0|0|0|0|0|0|0|0|0|0|0|0|0
S|FM077|40908583|28859350| |TF|0|0|0|0|0|0|0|0|0|0|0|0|0
S|FM078|40809503|29271064| |TF|0|0|0|0|0|0|0|0|0|0|0|0|0
S|PEPAK|40696000|29321656| |TF|0|0|0|0|0|0|0|0|0|0|0|0|0
S|FM079|40349308|29163453| |TF|0|0|0|0|0|0|0|0|0|0|0|0|0
S|RATVU|39906667|29378333| |TF|0|0|0|0|0|0|0|0|0|0|0|0|0

P|RATV1V|18|RATVU|0|9
S|DER18|41262244|28756700| |DF|0|0|0|0|0|0|0|0|0|1|0|0|0
S| |91000000|181000000| |VA|0|17300|0|0|0|0|1|760|0|0|0|0|0
S|FM072|41182817|28823403|BKZ|CF|0|14100|1490|27710|500|250|1|2030|0|0|0|0|0
S|FM074|41102564|28818269| |TF|0|0|0|0|0|0|0|0|0|0|0|0|0
S|FM077|40908583|28859350| |TF|0|0|0|0|0|0|0|0|0|0|0|0|0
S|FM078|40809503|29271064| |TF|0|0|0|0|0|0|0|0|0|0|0|0|0
S|PEPAK|40696000|29321656| |TF|0|0|0|0|0|0|0|0|0|0|0|0|0
S|FM079|40349308|29163453| |TF|0|0|0|0|0|0|0|0|0|0|0|0|0
S|RATVU|39906667|29378333| |TF|0|0|0|0|0|0|0|0|0|0|0|0|0

P|REZO1C|34L|REZOV|0|7
S|DE34L|41298603|28706753| |DF|0|0|0|0|0|0|0|0|0|1|0|0|0
S| |91000000|181000000| |VA|0|35300|0|0|0|0|1|760|0|0|0|0|0
S|FM017|41381314|28641064|IST|CF|0|32300|2630|33710|500|250|1|2000|0|0|0|0|0
S|FM017|41381314|28641064| |IF|0|0|0|0|0|250|1|2000|0|0|0|0|0
S|FM090|41575192|28601972| |TF|0|0|0|0|0|0|0|0|0|0|0|0|0
S|GOVGU|41671617|28460722| |TF|0|0|0|0|0|0|0|0|0|0|0|0|0
S|REZOV|41983333|28110556| |TF|0|0|0|0|0|0|0|0|0|0|0|0|0

P|REZO1C|34R|REZOV|0|7
S|DE34R|41298631|28709258| |DF|0|0|0|0|0|0|0|0|0|1|0|0|0
S| |91000000|181000000| |VA|0|35300|0|0|0|0|1|760|0|0|0|0|0
S|FM017|41381314|28641064|IST|CF|0|32200|2630|33710|500|250|1|2000|0|0|0|0|0
S|FM017|41381314|28641064| |IF|0|0|0|0|0|250|1|2000|0|0|0|0|0
S|FM090|41575192|28601972| |TF|0|0|0|0|0|0|0|0|0|0|0|0|0
S|GOVGU|41671617|28460722| |TF|0|0|0|0|0|0|0|0|0|0|0|0|0
S|REZOV|41983333|28110556| |TF|0|0|0|0|0|0|0|0|0|0|0|0|0

P|REZO1D|35L|REZOV|0|7
S|DE35L|41298803|28724536| |DF|0|0|0|0|0|0|0|0|0|1|0|0|0
S| |91000000|181000000| |VA|0|35300|0|0|0|0|1|760|0|0|0|0|0
S|FM026|41382272|28725342|IST|CF|0|35400|2550|34530|500|250|1|1750|0|0|0|0|0
S|FM026|41382272|28725342| |IF|0|0|0|0|0|250|1|1750|0|0|0|0|0
S|FM090|41575192|28601972| |TF|0|0|0|0|0|0|0|0|0|0|0|0|0
S|GOVGU|41671617|28460722| |TF|0|0|0|0|0|0|0|0|0|0|0|0|0
S|REZOV|41983333|28110556| |TF|0|0|0|0|0|0|0|0|0|0|0|0|0

P|REZO1D|35R|REZOV|0|7
S|DE35R|41298831|28727044| |DF|0|0|0|0|0|0|0|0|0|1|0|0|0
S| |91000000|181000000| |VA|0|35300|0|0|0|0|1|760|0|0|0|0|0
S|FM026|41382272|28725342|IST|CF|0|35300|2550|34530|500|250|1|1750|0|0|0|0|0
S|FM026|41382272|28725342| |IF|0|0|0|0|0|250|1|1750|0|0|0|0|0
S|FM090|41575192|28601972| |TF|0|0|0|0|0|0|0|0|0|0|0|0|0
S|GOVGU|41671617|28460722| |TF|0|0|0|0|0|0|0|0|0|0|0|0|0
S|REZOV|41983333|28110556| |TF|0|0|0|0|0|0|0|0|0|0|0|0|0

P|REZO1E|36|REZOV|0|7
S|DER36|41289792|28756178| |DF|0|0|0|0|0|0|0|0|0|1|0|0|0
S| |91000000|181000000| |VA|0|35300|0|0|0|0|1|760|0|0|0|0|0
S|FM032|41383331|28825458|IST|CF|0|2300|2530|35550|550|250|1|2200|0|0|0|0|0
S|QUNTE|41614519|28797003| |TF|0|0|0|0|0|0|1|6400|0|0|0|0|0
S|GITVO|41669872|28608456| |TF|0|0|0|0|0|0|0|0|0|0|0|0|0
S|GOVGU|41671617|28460722| |TF|0|0|0|0|0|0|0|0|0|0|0|0|0
S|REZOV|41983333|28110556| |TF|0|0|0|0|0|0|0|0|0|0|0|0|0

P|REZO1F|16L|REZOV|0|10
S|DE16L|41264875|28709925| |DF|0|0|0|0|0|0|0|0|0|1|0|0|0
S| |91000000|181000000| |VA|0|17300|0|0|0|0|1|900|0|0|0|0|0
S|FM047|41180828|28645161|BKZ|CF|0|20400|2280|27230|500|250|1|2100|0|0|0|0|0
S|FM047|41180828|28645161| |IF|0|0|0|0|0|250|1|2100|0|0|0|0|0
S|FM048|41179367|28519300| |TF|0|0|0|0|0|0|0|0|0|0|0|0|0
S|FM049|41296106|28516811| |TF|0|0|0|0|0|0|0|0|0|0|0|0|0
S|FM061|41437900|28571344| |TF|0|0|0|0|0|0|0|0|0|0|0|0|0
S|FM062|41761519|28564711| |TF|0|0|0|0|0|0|0|0|0|0|0|0|0
S|FM063|41771653|28379356| |TF|0|0|0|0|0|0|0|0|0|0|0|0|0
S|REZOV|41983333|28110556| |TF|0|0|0|0|0|0|0|0|0|0|0|0|0

P|REZO1F|16R|REZOV|0|10
S|DE16R|41264847|28707419| |DF|0|0|0|0|0|0|0|0|0|1|0|0|0
S| |91000000|181000000| |VA|0|17300|0|0|0|0|1|900|0|0|0|0|0
S|FM047|41180828|28645161|BKZ|CF|0|20300|2280|27230|500|250|1|2100|0|0|0|0|0
S|FM047|41180828|28645161| |IF|0|0|0|0|0|250|1|2100|0|0|0|0|0
S|FM048|41179367|28519300| |TF|0|0|0|0|0|0|0|0|0|0|0|0|0
S|FM049|41296106|28516811| |TF|0|0|0|0|0|0|0|0|0|0|0|0|0
S|FM061|41437900|28571344| |TF|0|0|0|0|0|0|0|0|0|0|0|0|0
S|FM062|41761519|28564711| |TF|0|0|0|0|0|0|0|0|0|0|0|0|0
S|FM063|41771653|28379356| |TF|0|0|0|0|0|0|0|0|0|0|0|0|0
S|REZOV|41983333|28110556| |TF|0|0|0|0|0|0|0|0|0|0|0|0|0

P|REZO1G|17L|REZOV|0|10
S|DE17L|41261922|28727761| |DF|0|0|0|0|0|0|0|0|0|1|0|0|0
S| |91000000|181000000| |VA|0|17300|0|0|0|0|1|760|0|0|0|0|0
S|FM051|41181756|28729314|BKZ|CF|0|17300|1900|27410|400|250|1|1800|0|0|0|0|0
S|FM051|41181756|28729314| |IF|0|0|0|0|0|250|1|1800|0|0|0|0|0
S|FM060|41179786|28554331| |TF|0|0|0|0|0|0|0|0|0|0|0|0|0
S|REDGI|41307600|28551675| |TF|0|0|0|0|0|0|0|0|0|0|0|0|0
S|FM061|41437900|28571344| |TF|0|0|0|0|0|0|0|0|0|0|0|0|0
S|FM062|41761519|28564711| |TF|0|0|0|0|0|0|0|0|0|0|0|0|0
S|FM063|41771653|28379356| |TF|0|0|0|0|0|0|0|0|0|0|0|0|0
S|REZOV|41983333|28110556| |TF|0|0|0|0|0|0|0|0|0|0|0|0|0

P|REZO1G|17R|REZOV|0|10
S|DE17R|41261894|28725256| |DF|0|0|0|0|0|0|0|0|0|1|0|0|0
S| |91000000|181000000| |VA|0|17300|0|0|0|0|1|760|0|0|0|0|0
S|FM051|41181756|28729314|BKZ|CF|0|17200|1900|27410|400|250|1|1800|0|0|0|0|0
S|FM051|41181756|28729314| |IF|0|0|0|0|0|250|1|1800|0|0|0|0|0
S|FM060|41179786|28554331| |TF|0|0|0|0|0|0|0|0|0|0|0|0|0
S|REDGI|41307600|28551675| |TF|0|0|0|0|0|0|0|0|0|0|0|0|0
S|FM061|41437900|28571344| |TF|0|0|0|0|0|0|0|0|0|0|0|0|0
S|FM062|41761519|28564711| |TF|0|0|0|0|0|0|0|0|0|0|0|0|0
S|FM063|41771653|28379356| |TF|0|0|0|0|0|0|0|0|0|0|0|0|0
S|REZOV|41983333|28110556| |TF|0|0|0|0|0|0|0|0|0|0|0|0|0

P|REZO1H|18|REZOV|0|9
S|DER18|41262244|28756700| |DF|0|0|0|0|0|0|0|0|0|1|0|0|0
S| |91000000|181000000| |VA|0|17300|0|0|0|0|1|760|0|0|0|0|0
S|FM072|41182817|28823403|BKZ|CF|0|14100|1490|27710|500|250|1|2030|0|0|0|0|0
S|FM073|41184086|28944808| |TF|0|0|0|0|0|0|0|0|0|0|0|0|0
S|HANCI|41307847|28942975| |TF|0|0|0|0|0|0|0|0|0|0|0|0|0
S|FM061|41437900|28571344| |TF|0|0|0|0|0|0|0|0|0|0|0|0|0
S|FM062|41761519|28564711| |TF|0|0|0|0|0|0|0|0|0|0|0|0|0
S|FM063|41771653|28379356| |TF|0|0|0|0|0|0|0|0|0|0|0|0|0
S|REZOV|41983333|28110556| |TF|0|0|0|0|0|0|0|0|0|0|0|0|0

P|TUDB1C|34L|TUDBU|0|8
S|DE34L|41298603|28706753| |DF|0|0|0|0|0|0|0|0|0|1|0|0|0
S| |91000000|181000000| |VA|0|35300|0|0|0|0|1|760|0|0|0|0|0
S|FM017|41381314|28641064|IST|CF|0|32300|2630|33710|500|250|1|2000|0|0|0|0|0
S|FM017|41381314|28641064| |IF|0|0|0|0|0|250|1|2000|0|0|0|0|0
S|FM090|41575192|28601972| |TF|0|0|0|0|0|0|0|0|0|0|0|0|0
S|GOVGU|41671617|28460722| |TF|0|0|0|0|0|0|0|0|0|0|0|0|0
S|UNLIR|41794047|28085047| |TF|0|0|0|0|0|0|0|0|0|0|0|0|0
S|TUDBU|41966667|27776944| |TF|0|0|0|0|0|0|0|0|0|0|0|0|0

P|TUDB1C|34R|TUDBU|0|8
S|DE34R|41298631|28709258| |DF|0|0|0|0|0|0|0|0|0|1|0|0|0
S| |91000000|181000000| |VA|0|35300|0|0|0|0|1|760|0|0|0|0|0
S|FM017|41381314|28641064|IST|CF|0|32200|2630|33710|500|250|1|2000|0|0|0|0|0
S|FM017|41381314|28641064| |IF|0|0|0|0|0|250|1|2000|0|0|0|0|0
S|FM090|41575192|28601972| |TF|0|0|0|0|0|0|0|0|0|0|0|0|0
S|GOVGU|41671617|28460722| |TF|0|0|0|0|0|0|0|0|0|0|0|0|0
S|UNLIR|41794047|28085047| |TF|0|0|0|0|0|0|0|0|0|0|0|0|0
S|TUDBU|41966667|27776944| |TF|0|0|0|0|0|0|0|0|0|0|0|0|0

P|TUDB1D|35L|TUDBU|0|8
S|DE35L|41298803|28724536| |DF|0|0|0|0|0|0|0|0|0|1|0|0|0
S| |91000000|181000000| |VA|0|35300|0|0|0|0|1|760|0|0|0|0|0
S|FM026|41382272|28725342|IST|CF|0|35400|2550|34530|500|250|1|1750|0|0|0|0|0
S|FM026|41382272|28725342| |IF|0|0|0|0|0|250|1|1750|0|0|0|0|0
S|FM090|41575192|28601972| |TF|0|0|0|0|0|0|0|0|0|0|0|0|0
S|GOVGU|41671617|28460722| |TF|0|0|0|0|0|0|0|0|0|0|0|0|0
S|UNLIR|41794047|28085047| |TF|0|0|0|0|0|0|0|0|0|0|0|0|0
S|TUDBU|41966667|27776944| |TF|0|0|0|0|0|0|0|0|0|0|0|0|0

P|TUDB1D|35R|TUDBU|0|8
S|DE35R|41298831|28727044| |DF|0|0|0|0|0|0|0|0|0|1|0|0|0
S| |91000000|181000000| |VA|0|35300|0|0|0|0|1|760|0|0|0|0|0
S|FM026|41382272|28725342|IST|CF|0|35300|2550|34530|500|250|1|1750|0|0|0|0|0
S|FM026|41382272|28725342| |IF|0|0|0|0|0|250|1|1750|0|0|0|0|0
S|FM090|41575192|28601972| |TF|0|0|0|0|0|0|0|0|0|0|0|0|0
S|GOVGU|41671617|28460722| |TF|0|0|0|0|0|0|0|0|0|0|0|0|0
S|UNLIR|41794047|28085047| |TF|0|0|0|0|0|0|0|0|0|0|0|0|0
S|TUDBU|41966667|27776944| |TF|0|0|0|0|0|0|0|0|0|0|0|0|0

P|TUDB1E|36|TUDBU|0|8
S|DER36|41289792|28756178| |DF|0|0|0|0|0|0|0|0|0|1|0|0|0
S| |91000000|181000000| |VA|0|35300|0|0|0|0|1|760|0|0|0|0|0
S|FM032|41383331|28825458|IST|CF|0|2300|2530|35550|550|250|1|2200|0|0|0|0|0
S|QUNTE|41614519|28797003| |TF|0|0|0|0|0|0|1|6400|0|0|0|0|0
S|GITVO|41669872|28608456| |TF|0|0|0|0|0|0|0|0|0|0|0|0|0
S|GOVGU|41671617|28460722| |TF|0|0|0|0|0|0|0|0|0|0|0|0|0
S|UNLIR|41794047|28085047| |TF|0|0|0|0|0|0|0|0|0|0|0|0|0
S|TUDBU|41966667|27776944| |TF|0|0|0|0|0|0|0|0|0|0|0|0|0

P|TUDB1F|16L|TUDBU|0|12
S|DE16L|41264875|28709925| |DF|0|0|0|0|0|0|0|0|0|1|0|0|0
S| |91000000|181000000| |VA|0|17300|0|0|0|0|1|900|0|0|0|0|0
S|FM047|41180828|28645161|BKZ|CF|0|20400|2280|27230|500|250|1|2100|0|0|0|0|0
S|FM047|41180828|28645161| |IF|0|0|0|0|0|250|1|2100|0|0|0|0|0
S|FM048|41179367|28519300| |TF|0|0|0|0|0|0|0|0|0|0|0|0|0
S|FM049|41296106|28516811| |TF|0|0|0|0|0|0|0|0|0|0|0|0|0
S|FM061|41437900|28571344| |TF|0|0|0|0|0|0|0|0|0|0|0|0|0
S|FM062|41761519|28564711| |TF|0|0|0|0|0|0|0|0|0|0|0|0|0
S|FM063|41771653|28379356| |TF|0|0|0|0|0|0|0|0|0|0|0|0|0
S|FM064|41781483|28193936| |TF|0|0|0|0|0|0|0|0|0|0|0|0|0
S|FM065|41859575|28018797| |TF|0|0|0|0|0|0|0|0|0|0|0|0|0
S|TUDBU|41966667|27776944| |TF|0|0|0|0|0|0|0|0|0|0|0|0|0

P|TUDB1F|16R|TUDBU|0|12
S|DE16R|41264847|28707419| |DF|0|0|0|0|0|0|0|0|0|1|0|0|0
S| |91000000|181000000| |VA|0|17300|0|0|0|0|1|900|0|0|0|0|0
S|FM047|41180828|28645161|BKZ|CF|0|20300|2280|27230|500|250|1|2100|0|0|0|0|0
S|FM047|41180828|28645161| |IF|0|0|0|0|0|250|1|2100|0|0|0|0|0
S|FM048|41179367|28519300| |TF|0|0|0|0|0|0|0|0|0|0|0|0|0
S|FM049|41296106|28516811| |TF|0|0|0|0|0|0|0|0|0|0|0|0|0
S|FM061|41437900|28571344| |TF|0|0|0|0|0|0|0|0|0|0|0|0|0
S|FM062|41761519|28564711| |TF|0|0|0|0|0|0|0|0|0|0|0|0|0
S|FM063|41771653|28379356| |TF|0|0|0|0|0|0|0|0|0|0|0|0|0
S|FM064|41781483|28193936| |TF|0|0|0|0|0|0|0|0|0|0|0|0|0
S|FM065|41859575|28018797| |TF|0|0|0|0|0|0|0|0|0|0|0|0|0
S|TUDBU|41966667|27776944| |TF|0|0|0|0|0|0|0|0|0|0|0|0|0

P|TUDB1G|17L|TUDBU|0|12
S|DE17L|41261922|28727761| |DF|0|0|0|0|0|0|0|0|0|1|0|0|0
S| |91000000|181000000| |VA|0|17300|0|0|0|0|1|760|0|0|0|0|0
S|FM051|41181756|28729314|BKZ|CF|0|17300|1900|27410|400|250|1|1800|0|0|0|0|0
S|FM051|41181756|28729314| |IF|0|0|0|0|0|250|1|1800|0|0|0|0|0
S|FM060|41179786|28554331| |TF|0|0|0|0|0|0|0|0|0|0|0|0|0
S|REDGI|41307600|28551675| |TF|0|0|0|0|0|0|0|0|0|0|0|0|0
S|FM061|41437900|28571344| |TF|0|0|0|0|0|0|0|0|0|0|0|0|0
S|FM062|41761519|28564711| |TF|0|0|0|0|0|0|0|0|0|0|0|0|0
S|FM063|41771653|28379356| |TF|0|0|0|0|0|0|0|0|0|0|0|0|0
S|FM064|41781483|28193936| |TF|0|0|0|0|0|0|0|0|0|0|0|0|0
S|FM065|41859575|28018797| |TF|0|0|0|0|0|0|0|0|0|0|0|0|0
S|TUDBU|41966667|27776944| |TF|0|0|0|0|0|0|0|0|0|0|0|0|0

P|TUDB1G|17R|TUDBU|0|12
S|DE17R|41261894|28725256| |DF|0|0|0|0|0|0|0|0|0|1|0|0|0
S| |91000000|181000000| |VA|0|17300|0|0|0|0|1|760|0|0|0|0|0
S|FM051|41181756|28729314|BKZ|CF|0|17200|1900|27410|400|250|1|1800|0|0|0|0|0
S|FM051|41181756|28729314| |IF|0|0|0|0|0|250|1|1800|0|0|0|0|0
S|FM060|41179786|28554331| |TF|0|0|0|0|0|0|0|0|0|0|0|0|0
S|REDGI|41307600|28551675| |TF|0|0|0|0|0|0|0|0|0|0|0|0|0
S|FM061|41437900|28571344| |TF|0|0|0|0|0|0|0|0|0|0|0|0|0
S|FM062|41761519|28564711| |TF|0|0|0|0|0|0|0|0|0|0|0|0|0
S|FM063|41771653|28379356| |TF|0|0|0|0|0|0|0|0|0|0|0|0|0
S|FM064|41781483|28193936| |TF|0|0|0|0|0|0|0|0|0|0|0|0|0
S|FM065|41859575|28018797| |TF|0|0|0|0|0|0|0|0|0|0|0|0|0
S|TUDBU|41966667|27776944| |TF|0|0|0|0|0|0|0|0|0|0|0|0|0

P|TUDB1H|18|TUDBU|0|11
S|DER18|41262244|28756700| |DF|0|0|0|0|0|0|0|0|0|1|0|0|0
S| |91000000|181000000| |VA|0|17300|0|0|0|0|1|760|0|0|0|0|0
S|FM072|41182817|28823403|BKZ|CF|0|14100|1490|27710|500|250|1|2030|0|0|0|0|0
S|FM073|41184086|28944808| |TF|0|0|0|0|0|0|0|0|0|0|0|0|0
S|HANCI|41307847|28942975| |TF|0|0|0|0|0|0|0|0|0|0|0|0|0
S|FM061|41437900|28571344| |TF|0|0|0|0|0|0|0|0|0|0|0|0|0
S|FM062|41761519|28564711| |TF|0|0|0|0|0|0|0|0|0|0|0|0|0
S|FM063|41771653|28379356| |TF|0|0|0|0|0|0|0|0|0|0|0|0|0
S|FM064|41781483|28193936| |TF|0|0|0|0|0|0|0|0|0|0|0|0|0
S|FM065|41859575|28018797| |TF|0|0|0|0|0|0|0|0|0|0|0|0|0
S|TUDBU|41966667|27776944| |TF|0|0|0|0|0|0|0|0|0|0|0|0|0

P|VADE1C|34L|VADEN|0|7
S|DE34L|41298603|28706753| |DF|0|0|0|0|0|0|0|0|0|1|0|0|0
S| |91000000|181000000| |VA|0|35300|0|0|0|0|1|760|0|0|0|0|0
S|FM017|41381314|28641064|IST|CF|0|32300|2630|33710|500|250|1|2000|0|0|0|0|0
S|FM017|41381314|28641064| |IF|0|0|0|0|0|250|1|2000|0|0|0|0|0
S|FM011|41577872|28290225| |TF|0|0|0|0|0|0|0|0|0|0|0|0|0
S|ACCUA|41675597|28031372| |TF|0|0|0|0|0|0|0|0|0|0|0|0|0
S|VADEN|42065556|27216111| |TF|0|0|0|0|0|0|0|0|0|0|0|0|0

P|VADE1C|34R|VADEN|0|7
S|DE34R|41298631|28709258| |DF|0|0|0|0|0|0|0|0|0|1|0|0|0
S| |91000000|181000000| |VA|0|35300|0|0|0|0|1|760|0|0|0|0|0
S|FM017|41381314|28641064|IST|CF|0|32200|2630|33710|500|250|1|2000|0|0|0|0|0
S|FM017|41381314|28641064| |IF|0|0|0|0|0|250|1|2000|0|0|0|0|0
S|FM011|41577872|28290225| |TF|0|0|0|0|0|0|0|0|0|0|0|0|0
S|ACCUA|41675597|28031372| |TF|0|0|0|0|0|0|0|0|0|0|0|0|0
S|VADEN|42065556|27216111| |TF|0|0|0|0|0|0|0|0|0|0|0|0|0

P|VADE1D|35L|VADEN|0|7
S|DE35L|41298803|28724536| |DF|0|0|0|0|0|0|0|0|0|1|0|0|0
S| |91000000|181000000| |VA|0|35300|0|0|0|0|1|760|0|0|0|0|0
S|FM026|41382272|28725342|IST|CF|0|35400|2550|34530|500|250|1|1750|0|0|0|0|0
S|FM026|41382272|28725342| |IF|0|0|0|0|0|250|1|1750|0|0|0|0|0
S|FM011|41577872|28290225| |TF|0|0|0|0|0|0|0|0|0|0|0|0|0
S|ACCUA|41675597|28031372| |TF|0|0|0|0|0|0|0|0|0|0|0|0|0
S|VADEN|42065556|27216111| |TF|0|0|0|0|0|0|0|0|0|0|0|0|0

P|VADE1D|35R|VADEN|0|7
S|DE35R|41298831|28727044| |DF|0|0|0|0|0|0|0|0|0|1|0|0|0
S| |91000000|181000000| |VA|0|35300|0|0|0|0|1|760|0|0|0|0|0
S|FM026|41382272|28725342|IST|CF|0|35300|2550|34530|500|250|1|1750|0|0|0|0|0
S|FM026|41382272|28725342| |IF|0|0|0|0|0|250|1|1750|0|0|0|0|0
S|FM011|41577872|28290225| |TF|0|0|0|0|0|0|0|0|0|0|0|0|0
S|ACCUA|41675597|28031372| |TF|0|0|0|0|0|0|0|0|0|0|0|0|0
S|VADEN|42065556|27216111| |TF|0|0|0|0|0|0|0|0|0|0|0|0|0

P|VADE1E|36|VADEN|0|8
S|DER36|41289792|28756178| |DF|0|0|0|0|0|0|0|0|0|1|0|0|0
S| |91000000|181000000| |VA|0|35300|0|0|0|0|1|760|0|0|0|0|0
S|FM032|41383331|28825458|IST|CF|0|2300|2530|35550|550|250|1|2200|0|0|0|0|0
S|QUNTE|41614519|28797003| |TF|0|0|0|0|0|0|1|6400|0|0|0|0|0
S|GITVO|41669872|28608456| |TF|0|0|0|0|0|0|0|0|0|0|0|0|0
S|GOVGU|41671617|28460722| |TF|0|0|0|0|0|0|0|0|0|0|0|0|0
S|ACCUA|41675597|28031372| |TF|0|0|0|0|0|0|0|0|0|0|0|0|0
S|VADEN|42065556|27216111| |TF|0|0|0|0|0|0|0|0|0|0|0|0|0

P|VADE1F|16L|VADEN|0|13
S|DE16L|41264875|28709925| |DF|0|0|0|0|0|0|0|0|0|1|0|0|0
S| |91000000|181000000| |VA|0|17300|0|0|0|0|1|900|0|0|0|0|0
S|FM047|41180828|28645161|BKZ|CF|0|20400|2280|27230|500|250|1|2100|0|0|0|0|0
S|FM047|41180828|28645161| |IF|0|0|0|0|0|250|1|2100|0|0|0|0|0
S|FM048|41179367|28519300| |TF|0|0|0|0|0|0|0|0|0|0|0|0|0
S|FM049|41296106|28516811| |TF|0|0|0|0|0|0|0|0|0|0|0|0|0
S|FM061|41437900|28571344| |TF|0|0|0|0|0|0|0|0|0|0|0|0|0
S|FM062|41761519|28564711| |TF|0|0|0|0|0|0|0|0|0|0|0|0|0
S|FM063|41771653|28379356| |TF|0|0|0|0|0|0|0|0|0|0|0|0|0
S|FM064|41781483|28193936| |TF|0|0|0|0|0|0|0|0|0|0|0|0|0
S|FM065|41859575|28018797| |TF|0|0|0|0|0|0|0|0|0|0|0|0|0
S|FM066|41875825|27489244| |TF|0|0|0|0|0|0|0|0|0|0|0|0|0
S|VADEN|42065556|27216111| |TF|0|0|0|0|0|0|0|0|0|0|0|0|0

P|VADE1F|16R|VADEN|0|13
S|DE16R|41264847|28707419| |DF|0|0|0|0|0|0|0|0|0|1|0|0|0
S| |91000000|181000000| |VA|0|17300|0|0|0|0|1|900|0|0|0|0|0
S|FM047|41180828|28645161|BKZ|CF|0|20300|2280|27230|500|250|1|2100|0|0|0|0|0
S|FM047|41180828|28645161| |IF|0|0|0|0|0|250|1|2100|0|0|0|0|0
S|FM048|41179367|28519300| |TF|0|0|0|0|0|0|0|0|0|0|0|0|0
S|FM049|41296106|28516811| |TF|0|0|0|0|0|0|0|0|0|0|0|0|0
S|FM061|41437900|28571344| |TF|0|0|0|0|0|0|0|0|0|0|0|0|0
S|FM062|41761519|28564711| |TF|0|0|0|0|0|0|0|0|0|0|0|0|0
S|FM063|41771653|28379356| |TF|0|0|0|0|0|0|0|0|0|0|0|0|0
S|FM064|41781483|28193936| |TF|0|0|0|0|0|0|0|0|0|0|0|0|0
S|FM065|41859575|28018797| |TF|0|0|0|0|0|0|0|0|0|0|0|0|0
S|FM066|41875825|27489244| |TF|0|0|0|0|0|0|0|0|0|0|0|0|0
S|VADEN|42065556|27216111| |TF|0|0|0|0|0|0|0|0|0|0|0|0|0

P|VADE1G|17L|VADEN|0|13
S|DE17L|41261922|28727761| |DF|0|0|0|0|0|0|0|0|0|1|0|0|0
S| |91000000|181000000| |VA|0|17300|0|0|0|0|1|760|0|0|0|0|0
S|FM051|41181756|28729314|BKZ|CF|0|17300|1900|27410|400|250|1|1800|0|0|0|0|0
S|FM051|41181756|28729314| |IF|0|0|0|0|0|250|1|1800|0|0|0|0|0
S|FM060|41179786|28554331| |TF|0|0|0|0|0|0|0|0|0|0|0|0|0
S|REDGI|41307600|28551675| |TF|0|0|0|0|0|0|0|0|0|0|0|0|0
S|FM061|41437900|28571344| |TF|0|0|0|0|0|0|0|0|0|0|0|0|0
S|FM062|41761519|28564711| |TF|0|0|0|0|0|0|0|0|0|0|0|0|0
S|FM063|41771653|28379356| |TF|0|0|0|0|0|0|0|0|0|0|0|0|0
S|FM064|41781483|28193936| |TF|0|0|0|0|0|0|0|0|0|0|0|0|0
S|FM065|41859575|28018797| |TF|0|0|0|0|0|0|0|0|0|0|0|0|0
S|FM066|41875825|27489244| |TF|0|0|0|0|0|0|0|0|0|0|0|0|0
S|VADEN|42065556|27216111| |TF|0|0|0|0|0|0|0|0|0|0|0|0|0

P|VADE1G|17R|VADEN|0|13
S|DE17R|41261894|28725256| |DF|0|0|0|0|0|0|0|0|0|1|0|0|0
S| |91000000|181000000| |VA|0|17300|0|0|0|0|1|760|0|0|0|0|0
S|FM051|41181756|28729314|BKZ|CF|0|17200|1900|27410|400|250|1|1800|0|0|0|0|0
S|FM051|41181756|28729314| |IF|0|0|0|0|0|250|1|1800|0|0|0|0|0
S|FM060|41179786|28554331| |TF|0|0|0|0|0|0|0|0|0|0|0|0|0
S|REDGI|41307600|28551675| |TF|0|0|0|0|0|0|0|0|0|0|0|0|0
S|FM061|41437900|28571344| |TF|0|0|0|0|0|0|0|0|0|0|0|0|0
S|FM062|41761519|28564711| |TF|0|0|0|0|0|0|0|0|0|0|0|0|0
S|FM063|41771653|28379356| |TF|0|0|0|0|0|0|0|0|0|0|0|0|0
S|FM064|41781483|28193936| |TF|0|0|0|0|0|0|0|0|0|0|0|0|0
S|FM065|41859575|28018797| |TF|0|0|0|0|0|0|0|0|0|0|0|0|0
S|FM066|41875825|27489244| |TF|0|0|0|0|0|0|0|0|0|0|0|0|0
S|VADEN|42065556|27216111| |TF|0|0|0|0|0|0|0|0|0|0|0|0|0

P|VADE1H|18|VADEN|0|12
S|DER18|41262244|28756700| |DF|0|0|0|0|0|0|0|0|0|1|0|0|0
S| |91000000|181000000| |VA|0|17300|0|0|0|0|1|760|0|0|0|0|0
S|FM072|41182817|28823403|BKZ|CF|0|14100|1490|27710|500|250|1|2030|0|0|0|0|0
S|FM073|41184086|28944808| |TF|0|0|0|0|0|0|0|0|0|0|0|0|0
S|HANCI|41307847|28942975| |TF|0|0|0|0|0|0|0|0|0|0|0|0|0
S|FM061|41437900|28571344| |TF|0|0|0|0|0|0|0|0|0|0|0|0|0
S|FM062|41761519|28564711| |TF|0|0|0|0|0|0|0|0|0|0|0|0|0
S|FM063|41771653|28379356| |TF|0|0|0|0|0|0|0|0|0|0|0|0|0
S|FM064|41781483|28193936| |TF|0|0|0|0|0|0|0|0|0|0|0|0|0
S|FM065|41859575|28018797| |TF|0|0|0|0|0|0|0|0|0|0|0|0|0
S|FM066|41875825|27489244| |TF|0|0|0|0|0|0|0|0|0|0|0|0|0
S|VADEN|42065556|27216111| |TF|0|0|0|0|0|0|0|0|0|0|0|0|0

P|VICE1C|34L|VICEN|0|15
S|DE34L|41298603|28706753| |DF|0|0|0|0|0|0|0|0|0|1|0|0|0
S| |91000000|181000000| |VA|0|35300|0|0|0|0|1|760|0|0|0|0|0
S|FM017|41381314|28641064|IST|CF|0|32300|2630|33710|580|250|1|2000|0|0|0|0|0
S|FM017|41381314|28641064| |IF|0|0|0|0|0|250|1|2000|0|0|0|0|0
S|FM018|41379772|28515742| |TF|0|0|0|0|0|0|0|0|0|0|0|0|0
S|FM019|41248825|28518703| |TF|0|0|0|0|0|0|0|0|0|0|0|0|0
S|ELNUG|41126425|28710142| |TF|0|0|0|0|0|0|0|0|0|0|0|0|0
S|MIKOC|41073142|28818675| |TF|0|0|0|0|0|0|0|0|0|0|0|0|0
S|FILFU|41019761|28927028| |TF|0|0|0|0|0|0|0|0|0|0|0|0|0
S|FM044|40843983|29155417| |TF|0|0|0|0|0|0|0|0|0|0|0|0|0
S|FM046|40814394|29305189| |TF|0|0|0|0|0|0|0|0|0|0|0|0|0
S|INRUV|40768861|29533550| |TF|0|0|0|0|0|0|0|0|0|0|0|0|0
S|LIDMU|40734464|29704364| |TF|0|0|0|0|0|0|0|0|0|0|0|0|0
S|NOTVI|40727717|30066114| |TF|0|0|0|0|0|0|0|0|0|0|0|0|0
S|VICEN|40665697|30300950| |TF|0|0|0|0|0|0|0|0|0|0|0|0|0

P|VICE1C|34R|VICEN|0|15
S|DE34R|41298631|28709258| |DF|0|0|0|0|0|0|0|0|0|1|0|0|0
S| |91000000|181000000| |VA|0|35300|0|0|0|0|1|760|0|0|0|0|0
S|FM017|41381314|28641064|IST|CF|0|32200|2630|33710|580|250|1|2000|0|0|0|0|0
S|FM017|41381314|28641064| |IF|0|0|0|0|0|250|1|2000|0|0|0|0|0
S|FM018|41379772|28515742| |TF|0|0|0|0|0|0|0|0|0|0|0|0|0
S|FM019|41248825|28518703| |TF|0|0|0|0|0|0|0|0|0|0|0|0|0
S|ELNUG|41126425|28710142| |TF|0|0|0|0|0|0|0|0|0|0|0|0|0
S|MIKOC|41073142|28818675| |TF|0|0|0|0|0|0|0|0|0|0|0|0|0
S|FILFU|41019761|28927028| |TF|0|0|0|0|0|0|0|0|0|0|0|0|0
S|FM044|40843983|29155417| |TF|0|0|0|0|0|0|0|0|0|0|0|0|0
S|FM046|40814394|29305189| |TF|0|0|0|0|0|0|0|0|0|0|0|0|0
S|INRUV|40768861|29533550| |TF|0|0|0|0|0|0|0|0|0|0|0|0|0
S|LIDMU|40734464|29704364| |TF|0|0|0|0|0|0|0|0|0|0|0|0|0
S|NOTVI|40727717|30066114| |TF|0|0|0|0|0|0|0|0|0|0|0|0|0
S|VICEN|40665697|30300950| |TF|0|0|0|0|0|0|0|0|0|0|0|0|0

P|VICE1D|35L|VICEN|0|15
S|DE35L|41298803|28724536| |DF|0|0|0|0|0|0|0|0|0|1|0|0|0
S| |91000000|181000000| |VA|0|35300|0|0|0|0|1|760|0|0|0|0|0
S|FM026|41382272|28725342|IST|CF|0|35400|2550|34530|500|250|1|1750|0|0|0|0|0
S|FM026|41382272|28725342| |IF|0|0|0|0|0|250|1|1750|0|0|0|0|0
S|FM020|41380208|28550033| |TF|0|0|0|0|0|0|0|0|0|0|0|0|0
S|FM021|41249261|28552925| |TF|0|0|0|0|0|0|0|0|0|0|0|0|0
S|ELNUG|41126425|28710142| |TF|0|0|0|0|0|0|0|0|0|0|0|0|0
S|MIKOC|41073142|28818675| |TF|0|0|0|0|0|0|0|0|0|0|0|0|0
S|FILFU|41019761|28927028| |TF|0|0|0|0|0|0|0|0|0|0|0|0|0
S|FM044|40843983|29155417| |TF|0|0|0|0|0|0|0|0|0|0|0|0|0
S|FM046|40814394|29305189| |TF|0|0|0|0|0|0|0|0|0|0|0|0|0
S|INRUV|40768861|29533550| |TF|0|0|0|0|0|0|0|0|0|0|0|0|0
S|LIDMU|40734464|29704364| |TF|0|0|0|0|0|0|0|0|0|0|0|0|0
S|NOTVI|40727717|30066114| |TF|0|0|0|0|0|0|0|0|0|0|0|0|0
S|VICEN|40665697|30300950| |TF|0|0|0|0|0|0|0|0|0|0|0|0|0

P|VICE1D|35R|VICEN|0|15
S|DE35R|41298831|28727044| |DF|0|0|0|0|0|0|0|0|0|1|0|0|0
S| |91000000|181000000| |VA|0|35300|0|0|0|0|1|760|0|0|0|0|0
S|FM026|41382272|28725342|IST|CF|0|35300|2550|34530|500|250|1|1750|0|0|0|0|0
S|FM026|41382272|28725342| |IF|0|0|0|0|0|250|1|1750|0|0|0|0|0
S|FM020|41380208|28550033| |TF|0|0|0|0|0|0|0|0|0|0|0|0|0
S|FM021|41249261|28552925| |TF|0|0|0|0|0|0|0|0|0|0|0|0|0
S|ELNUG|41126425|28710142| |TF|0|0|0|0|0|0|0|0|0|0|0|0|0
S|MIKOC|41073142|28818675| |TF|0|0|0|0|0|0|0|0|0|0|0|0|0
S|FILFU|41019761|28927028| |TF|0|0|0|0|0|0|0|0|0|0|0|0|0
S|FM044|40843983|29155417| |TF|0|0|0|0|0|0|0|0|0|0|0|0|0
S|FM046|40814394|29305189| |TF|0|0|0|0|0|0|0|0|0|0|0|0|0
S|INRUV|40768861|29533550| |TF|0|0|0|0|0|0|0|0|0|0|0|0|0
S|LIDMU|40734464|29704364| |TF|0|0|0|0|0|0|0|0|0|0|0|0|0
S|NOTVI|40727717|30066114| |TF|0|0|0|0|0|0|0|0|0|0|0|0|0
S|VICEN|40665697|30300950| |TF|0|0|0|0|0|0|0|0|0|0|0|0|0

P|VICE1E|36|VICEN|0|12
S|DER36|41289792|28756178| |DF|0|0|0|0|0|0|0|0|0|1|0|0|0
S| |91000000|181000000| |VA|0|35300|0|0|0|0|1|760|0|0|0|0|0
S|FM032|41383331|28825458|IST|CF|0|2300|2530|35550|640|250|1|2200|0|0|0|0|0
S|FM033|41384497|28946708| |TF|0|0|0|0|0|0|0|0|0|0|0|0|0
S|FM034|41253558|28948806| |TF|0|0|0|0|0|0|0|0|0|0|0|0|0
S|FILFU|41019761|28927028| |TF|0|0|0|0|0|0|0|0|0|0|0|0|0
S|FM044|40843983|29155417| |TF|0|0|0|0|0|0|0|0|0|0|0|0|0
S|FM046|40814394|29305189| |TF|0|0|0|0|0|0|0|0|0|0|0|0|0
S|INRUV|40768861|29533550| |TF|0|0|0|0|0|0|0|0|0|0|0|0|0
S|LIDMU|40734464|29704364| |TF|0|0|0|0|0|0|0|0|0|0|0|0|0
S|NOTVI|40727717|30066114| |TF|0|0|0|0|0|0|0|0|0|0|0|0|0
S|VICEN|40665697|30300950| |TF|0|0|0|0|0|0|0|0|0|0|0|0|0

P|VICE1F|16L|VICEN|0|13
S|DE16L|41264875|28709925| |DF|0|0|0|0|0|0|0|0|0|1|0|0|0
S| |91000000|181000000| |VA|0|17300|0|0|0|0|1|900|0|0|0|0|0
S|FM047|41180828|28645161|BKZ|CF|0|20400|2280|27230|500|250|1|2100|0|0|0|0|0
S|FM047|41180828|28645161| |IF|0|0|0|0|0|250|1|2100|0|0|0|0|0
S|FM054|41121000|28655753| |TF|0|0|0|0|0|0|0|0|0|0|0|0|0
S|ASGAX|40911233|28692744| |TF|0|0|0|0|0|0|0|0|0|0|0|0|0
S|VRACA|40668619|28730975| |TF|0|0|0|0|0|0|0|0|0|0|0|0|0
S|ROCHE|40551886|28934783| |TF|0|0|0|0|0|0|0|0|0|0|0|0|0
S|NASNA|40562311|29167019| |TF|0|0|0|0|0|0|0|0|0|0|0|0|0
S|NENVI|40586922|29425828| |TF|0|0|0|0|0|0|0|0|0|0|0|0|0
S|IBSIN|40611175|29687258| |TF|0|0|0|0|0|0|0|0|0|0|0|0|0
S|LECKI|40628083|29873578| |TF|0|0|0|0|0|0|0|0|0|0|0|0|0
S|VICEN|40665697|30300950| |TF|0|0|0|0|0|0|0|0|0|0|0|0|0

P|VICE1F|16R|VICEN|0|13
S|DE16R|41264847|28707419| |DF|0|0|0|0|0|0|0|0|0|1|0|0|0
S| |91000000|181000000| |VA|0|17300|0|0|0|0|1|900|0|0|0|0|0
S|FM047|41180828|28645161|BKZ|CF|0|20300|2280|27230|500|250|1|2100|0|0|0|0|0
S|FM047|41180828|28645161| |IF|0|0|0|0|0|250|1|2100|0|0|0|0|0
S|FM054|41121000|28655753| |TF|0|0|0|0|0|0|0|0|0|0|0|0|0
S|ASGAX|40911233|28692744| |TF|0|0|0|0|0|0|0|0|0|0|0|0|0
S|VRACA|40668619|28730975| |TF|0|0|0|0|0|0|0|0|0|0|0|0|0
S|ROCHE|40551886|28934783| |TF|0|0|0|0|0|0|0|0|0|0|0|0|0
S|NASNA|40562311|29167019| |TF|0|0|0|0|0|0|0|0|0|0|0|0|0
S|NENVI|40586922|29425828| |TF|0|0|0|0|0|0|0|0|0|0|0|0|0
S|IBSIN|40611175|29687258| |TF|0|0|0|0|0|0|0|0|0|0|0|0|0
S|LECKI|40628083|29873578| |TF|0|0|0|0|0|0|0|0|0|0|0|0|0
S|VICEN|40665697|30300950| |TF|0|0|0|0|0|0|0|0|0|0|0|0|0

P|VICE1G|17L|VICEN|0|13
S|DE17L|41261922|28727761| |DF|0|0|0|0|0|0|0|0|0|1|0|0|0
S| |91000000|181000000| |VA|0|17300|0|0|0|0|1|760|0|0|0|0|0
S|FM051|41181756|28729314|BKZ|CF|0|17300|1900|27410|400|250|1|1800|0|0|0|0|0
S|FM051|41181756|28729314| |IF|0|0|0|0|0|250|1|1800|0|0|0|0|0
S|FM054|41121000|28655753| |TF|0|0|0|0|0|0|0|0|0|0|0|0|0
S|ASGAX|40911233|28692744| |TF|0|0|0|0|0|0|0|0|0|0|0|0|0
S|VRACA|40668619|28730975| |TF|0|0|0|0|0|0|0|0|0|0|0|0|0
S|ROCHE|40551886|28934783| |TF|0|0|0|0|0|0|0|0|0|0|0|0|0
S|NASNA|40562311|29167019| |TF|0|0|0|0|0|0|0|0|0|0|0|0|0
S|NENVI|40586922|29425828| |TF|0|0|0|0|0|0|0|0|0|0|0|0|0
S|IBSIN|40611175|29687258| |TF|0|0|0|0|0|0|0|0|0|0|0|0|0
S|LECKI|40628083|29873578| |TF|0|0|0|0|0|0|0|0|0|0|0|0|0
S|VICEN|40665697|30300950| |TF|0|0|0|0|0|0|0|0|0|0|0|0|0

P|VICE1G|17R|VICEN|0|13
S|DE17R|41261894|28725256| |DF|0|0|0|0|0|0|0|0|0|1|0|0|0
S| |91000000|181000000| |VA|0|17300|0|0|0|0|1|760|0|0|0|0|0
S|FM051|41181756|28729314|BKZ|CF|0|17200|1900|27410|400|250|1|1800|0|0|0|0|0
S|FM051|41181756|28729314| |IF|0|0|0|0|0|250|1|1800|0|0|0|0|0
S|FM054|41121000|28655753| |TF|0|0|0|0|0|0|0|0|0|0|0|0|0
S|ASGAX|40911233|28692744| |TF|0|0|0|0|0|0|0|0|0|0|0|0|0
S|VRACA|40668619|28730975| |TF|0|0|0|0|0|0|0|0|0|0|0|0|0
S|ROCHE|40551886|28934783| |TF|0|0|0|0|0|0|0|0|0|0|0|0|0
S|NASNA|40562311|29167019| |TF|0|0|0|0|0|0|0|0|0|0|0|0|0
S|NENVI|40586922|29425828| |TF|0|0|0|0|0|0|0|0|0|0|0|0|0
S|IBSIN|40611175|29687258| |TF|0|0|0|0|0|0|0|0|0|0|0|0|0
S|LECKI|40628083|29873578| |TF|0|0|0|0|0|0|0|0|0|0|0|0|0
S|VICEN|40665697|30300950| |TF|0|0|0|0|0|0|0|0|0|0|0|0|0

P|VICE1H|18|VICEN|0|12
S|DER18|41262244|28756700| |DF|0|0|0|0|0|0|0|0|0|1|0|0|0
S| |91000000|181000000| |VA|0|17300|0|0|0|0|1|760|0|0|0|0|0
S|FM072|41182817|28823403|BKZ|CF|0|14100|1490|27710|500|250|1|2030|0|0|0|0|0
S|FM074|41102564|28818269| |TF|0|0|0|0|0|0|0|0|0|0|0|0|0
S|TIBNU|40965439|28809533| |TF|0|0|0|0|0|0|1|6000|0|0|0|0|0
S|FM076|40664825|28856236| |TF|0|0|0|0|0|0|0|0|0|0|0|0|0
S|ROCHE|40551886|28934783| |TF|0|0|0|0|0|0|0|0|0|0|0|0|0
S|NASNA|40562311|29167019| |TF|0|0|0|0|0|0|0|0|0|0|0|0|0
S|NENVI|40586922|29425828| |TF|0|0|0|0|0|0|0|0|0|0|0|0|0
S|IBSIN|40611175|29687258| |TF|0|0|0|0|0|0|0|0|0|0|0|0|0
S|LECKI|40628083|29873578| |TF|0|0|0|0|0|0|0|0|0|0|0|0|0
S|VICEN|40665697|30300950| |TF|0|0|0|0|0|0|0|0|0|0|0|0|0

P|VICE1Q|34L|VICEN|0|15
S|DE34L|41298603|28706753| |DF|0|0|0|0|0|0|0|0|0|1|0|0|0
S| |91000000|181000000| |VA|0|35300|0|0|0|0|1|760|0|0|0|0|0
S|FM017|41381314|28641064|BKZ|CF|0|32300|2740|29810|500|250|1|2000|0|0|0|0|0
S|FM017|41381314|28641064| |IF|0|0|0|0|0|250|1|2000|0|0|0|0|0
S|FM018|41379772|28515742| |TF|0|0|0|0|0|0|0|0|0|0|0|0|0
S|FM019|41248825|28518703| |TF|0|0|0|0|0|0|0|0|0|0|0|0|0
S|ELNUG|41126425|28710142| |TF|0|0|0|0|0|0|0|0|0|0|0|0|0
S|MIKOC|41073142|28818675| |TF|0|0|0|0|0|0|0|0|0|0|0|0|0
S|FILFU|41019761|28927028| |TF|0|0|0|0|0|0|0|0|0|0|0|0|0
S|FM043|40874817|28908814| |TF|0|0|0|0|0|0|0|0|0|0|0|0|0
S|ROCHE|40551886|28934783| |TF|0|0|0|0|0|0|0|0|0|0|0|0|0
S|NENVI|40586922|29425828| |TF|1|0|0|0|0|0|0|0|0|0|0|0|0
S|IBSIN|40611175|29687258| |TF|0|0|0|0|0|0|0|0|0|0|0|0|0
S|LECKI|40628083|29873578| |TF|0|0|0|0|0|0|0|0|0|0|0|0|0
S|VICEN|40665697|30300950| |TF|0|0|0|0|0|0|0|0|0|0|0|0|0

P|VICE1Q|34R|VICEN|0|15
S|DE34R|41298631|28709258| |DF|0|0|0|0|0|0|0|0|0|1|0|0|0
S| |91000000|181000000| |VA|0|35300|0|0|0|0|1|760|0|0|0|0|0
S|FM017|41381314|28641064|BKZ|CF|0|32200|2740|29810|500|250|1|2000|0|0|0|0|0
S|FM017|41381314|28641064| |IF|0|0|0|0|0|250|1|2000|0|0|0|0|0
S|FM018|41379772|28515742| |TF|0|0|0|0|0|0|0|0|0|0|0|0|0
S|FM019|41248825|28518703| |TF|0|0|0|0|0|0|0|0|0|0|0|0|0
S|ELNUG|41126425|28710142| |TF|0|0|0|0|0|0|0|0|0|0|0|0|0
S|MIKOC|41073142|28818675| |TF|0|0|0|0|0|0|0|0|0|0|0|0|0
S|FILFU|41019761|28927028| |TF|0|0|0|0|0|0|0|0|0|0|0|0|0
S|FM043|40874817|28908814| |TF|0|0|0|0|0|0|0|0|0|0|0|0|0
S|ROCHE|40551886|28934783| |TF|0|0|0|0|0|0|0|0|0|0|0|0|0
S|NENVI|40586922|29425828| |TF|1|0|0|0|0|0|0|0|0|0|0|0|0
S|IBSIN|40611175|29687258| |TF|0|0|0|0|0|0|0|0|0|0|0|0|0
S|LECKI|40628083|29873578| |TF|0|0|0|0|0|0|0|0|0|0|0|0|0
S|VICEN|40665697|30300950| |TF|0|0|0|0|0|0|0|0|0|0|0|0|0

P|VICE1R|35L|VICEN|0|15
S|DE35L|41298803|28724536| |DF|0|0|0|0|0|0|0|0|0|1|0|0|0
S| |91000000|181000000| |VA|0|35300|0|0|0|0|1|760|0|0|0|0|0
S|FM026|41382272|28725342|BKZ|CF|0|35400|2430|30320|500|250|1|1750|0|0|0|0|0
S|FM026|41382272|28725342| |IF|0|0|0|0|0|250|1|1750|0|0|0|0|0
S|FM020|41380208|28550033| |TF|0|0|0|0|0|0|0|0|0|0|0|0|0
S|FM021|41249261|28552925| |TF|0|0|0|0|0|0|0|0|0|0|0|0|0
S|ELNUG|41126425|28710142| |TF|0|0|0|0|0|0|0|0|0|0|0|0|0
S|MIKOC|41073142|28818675| |TF|0|0|0|0|0|0|0|0|0|0|0|0|0
S|FILFU|41019761|28927028| |TF|0|0|0|0|0|0|0|0|0|0|0|0|0
S|FM043|40874817|28908814| |TF|0|0|0|0|0|0|0|0|0|0|0|0|0
S|ROCHE|40551886|28934783| |TF|0|0|0|0|0|0|0|0|0|0|0|0|0
S|NENVI|40586922|29425828| |TF|1|0|0|0|0|0|0|0|0|0|0|0|0
S|IBSIN|40611175|29687258| |TF|0|0|0|0|0|0|0|0|0|0|0|0|0
S|LECKI|40628083|29873578| |TF|0|0|0|0|0|0|0|0|0|0|0|0|0
S|VICEN|40665697|30300950| |TF|0|0|0|0|0|0|0|0|0|0|0|0|0

P|VICE1R|35R|VICEN|0|15
S|DE35R|41298831|28727044| |DF|0|0|0|0|0|0|0|0|0|1|0|0|0
S| |91000000|181000000| |VA|0|35300|0|0|0|0|1|760|0|0|0|0|0
S|FM026|41382272|28725342|BKZ|CF|0|35300|2430|30320|500|250|1|1750|0|0|0|0|0
S|FM026|41382272|28725342| |IF|0|0|0|0|0|250|1|1750|0|0|0|0|0
S|FM020|41380208|28550033| |TF|0|0|0|0|0|0|0|0|0|0|0|0|0
S|FM021|41249261|28552925| |TF|0|0|0|0|0|0|0|0|0|0|0|0|0
S|ELNUG|41126425|28710142| |TF|0|0|0|0|0|0|0|0|0|0|0|0|0
S|MIKOC|41073142|28818675| |TF|0|0|0|0|0|0|0|0|0|0|0|0|0
S|FILFU|41019761|28927028| |TF|0|0|0|0|0|0|0|0|0|0|0|0|0
S|FM043|40874817|28908814| |TF|0|0|0|0|0|0|0|0|0|0|0|0|0
S|ROCHE|40551886|28934783| |TF|0|0|0|0|0|0|0|0|0|0|0|0|0
S|NENVI|40586922|29425828| |TF|1|0|0|0|0|0|0|0|0|0|0|0|0
S|IBSIN|40611175|29687258| |TF|0|0|0|0|0|0|0|0|0|0|0|0|0
S|LECKI|40628083|29873578| |TF|0|0|0|0|0|0|0|0|0|0|0|0|0
S|VICEN|40665697|30300950| |TF|0|0|0|0|0|0|0|0|0|0|0|0|0

P|VICE1S|36|VICEN|0|12
S|DER36|41289792|28756178| |DF|0|0|0|0|0|0|0|0|0|1|0|0|0
S| |91000000|181000000| |VA|0|35300|0|0|0|0|1|760|0|0|0|0|0
S|FM032|41383331|28825458|BKZ|CF|0|2300|2100|31110|600|250|1|2200|0|0|0|0|0
S|FM033|41384497|28946708| |TF|0|0|0|0|0|0|0|0|0|0|0|0|0
S|FM034|41253558|28948806| |TF|0|0|0|0|0|0|0|0|0|0|0|0|0
S|FILFU|41019761|28927028| |TF|0|0|0|0|0|0|0|0|0|0|0|0|0
S|FM043|40874817|28908814| |TF|0|0|0|0|0|0|0|0|0|0|0|0|0
S|ROCHE|40551886|28934783| |TF|0|0|0|0|0|0|0|0|0|0|0|0|0
S|NENVI|40586922|29425828| |TF|1|0|0|0|0|0|0|0|0|0|0|0|0
S|IBSIN|40611175|29687258| |TF|0|0|0|0|0|0|0|0|0|0|0|0|0
S|LECKI|40628083|29873578| |TF|0|0|0|0|0|0|0|0|0|0|0|0|0
S|VICEN|40665697|30300950| |TF|0|0|0|0|0|0|0|0|0|0|0|0|0

P|VICE1T|16L|VICEN|0|13
S|DE16L|41264875|28709925| |DF|0|0|0|0|0|0|0|0|0|1|0|0|0
S| |91000000|181000000| |VA|0|17300|0|0|0|0|1|900|0|0|0|0|0
S|FM047|41180828|28645161|BKZ|CF|0|20400|2280|27230|500|250|1|2100|0|0|0|0|0
S|FM047|41180828|28645161| |IF|0|0|0|0|0|250|1|2100|0|0|0|0|0
S|FM054|41121000|28655753| |TF|0|0|0|0|0|0|0|0|0|0|0|0|0
S|ASGAX|40911233|28692744| |TF|0|0|0|0|0|0|0|0|0|0|0|0|0
S|FM077|40908583|28859350| |TF|0|0|0|0|0|0|0|0|0|0|0|0|0
S|FM078|40809503|29271064| |TF|0|0|0|0|0|0|0|0|0|0|0|0|0
S|PEPAK|40696000|29321656| |TF|0|0|0|0|0|0|0|0|0|0|0|0|0
S|NENVI|40586922|29425828| |TF|0|0|0|0|0|0|0|0|0|0|0|0|0
S|IBSIN|40611175|29687258| |TF|0|0|0|0|0|0|0|0|0|0|0|0|0
S|LECKI|40628083|29873578| |TF|0|0|0|0|0|0|0|0|0|0|0|0|0
S|VICEN|40665697|30300950| |TF|0|0|0|0|0|0|0|0|0|0|0|0|0

P|VICE1T|16R|VICEN|0|13
S|DE16R|41264847|28707419| |DF|0|0|0|0|0|0|0|0|0|1|0|0|0
S| |91000000|181000000| |VA|0|17300|0|0|0|0|1|900|0|0|0|0|0
S|FM047|41180828|28645161|BKZ|CF|0|20300|2280|27230|500|250|1|2100|0|0|0|0|0
S|FM047|41180828|28645161| |IF|0|0|0|0|0|250|1|2100|0|0|0|0|0
S|FM054|41121000|28655753| |TF|0|0|0|0|0|0|0|0|0|0|0|0|0
S|ASGAX|40911233|28692744| |TF|0|0|0|0|0|0|0|0|0|0|0|0|0
S|FM077|40908583|28859350| |TF|0|0|0|0|0|0|0|0|0|0|0|0|0
S|FM078|40809503|29271064| |TF|0|0|0|0|0|0|0|0|0|0|0|0|0
S|PEPAK|40696000|29321656| |TF|0|0|0|0|0|0|0|0|0|0|0|0|0
S|NENVI|40586922|29425828| |TF|0|0|0|0|0|0|0|0|0|0|0|0|0
S|IBSIN|40611175|29687258| |TF|0|0|0|0|0|0|0|0|0|0|0|0|0
S|LECKI|40628083|29873578| |TF|0|0|0|0|0|0|0|0|0|0|0|0|0
S|VICEN|40665697|30300950| |TF|0|0|0|0|0|0|0|0|0|0|0|0|0

P|VICE1U|17L|VICEN|0|13
S|DE17L|41261922|28727761| |DF|0|0|0|0|0|0|0|0|0|1|0|0|0
S| |91000000|181000000| |VA|0|17300|0|0|0|0|1|760|0|0|0|0|0
S|FM051|41181756|28729314|BKZ|CF|0|17300|1900|27410|400|250|1|1800|0|0|0|0|0
S|FM051|41181756|28729314| |IF|0|0|0|0|0|250|1|1800|0|0|0|0|0
S|FM054|41121000|28655753| |TF|0|0|0|0|0|0|0|0|0|0|0|0|0
S|ASGAX|40911233|28692744| |TF|0|0|0|0|0|0|0|0|0|0|0|0|0
S|FM077|40908583|28859350| |TF|0|0|0|0|0|0|0|0|0|0|0|0|0
S|FM078|40809503|29271064| |TF|0|0|0|0|0|0|0|0|0|0|0|0|0
S|PEPAK|40696000|29321656| |TF|0|0|0|0|0|0|0|0|0|0|0|0|0
S|NENVI|40586922|29425828| |TF|0|0|0|0|0|0|0|0|0|0|0|0|0
S|IBSIN|40611175|29687258| |TF|0|0|0|0|0|0|0|0|0|0|0|0|0
S|LECKI|40628083|29873578| |TF|0|0|0|0|0|0|0|0|0|0|0|0|0
S|VICEN|40665697|30300950| |TF|0|0|0|0|0|0|0|0|0|0|0|0|0

P|VICE1U|17R|VICEN|0|13
S|DE17R|41261894|28725256| |DF|0|0|0|0|0|0|0|0|0|1|0|0|0
S| |91000000|181000000| |VA|0|17300|0|0|0|0|1|760|0|0|0|0|0
S|FM051|41181756|28729314|BKZ|CF|0|17200|1900|27410|400|250|1|1800|0|0|0|0|0
S|FM051|41181756|28729314| |IF|0|0|0|0|0|250|1|1800|0|0|0|0|0
S|FM054|41121000|28655753| |TF|0|0|0|0|0|0|0|0|0|0|0|0|0
S|ASGAX|40911233|28692744| |TF|0|0|0|0|0|0|0|0|0|0|0|0|0
S|FM077|40908583|28859350| |TF|0|0|0|0|0|0|0|0|0|0|0|0|0
S|FM078|40809503|29271064| |TF|0|0|0|0|0|0|0|0|0|0|0|0|0
S|PEPAK|40696000|29321656| |TF|0|0|0|0|0|0|0|0|0|0|0|0|0
S|NENVI|40586922|29425828| |TF|0|0|0|0|0|0|0|0|0|0|0|0|0
S|IBSIN|40611175|29687258| |TF|0|0|0|0|0|0|0|0|0|0|0|0|0
S|LECKI|40628083|29873578| |TF|0|0|0|0|0|0|0|0|0|0|0|0|0
S|VICEN|40665697|30300950| |TF|0|0|0|0|0|0|0|0|0|0|0|0|0

P|VICE1V|18|VICEN|0|11
S|DER18|41262244|28756700| |DF|0|0|0|0|0|0|0|0|0|1|0|0|0
S| |91000000|181000000| |VA|0|17300|0|0|0|0|1|760|0|0|0|0|0
S|FM072|41182817|28823403|BKZ|CF|0|14100|1490|27710|500|250|1|2030|0|0|0|0|0
S|FM074|41102564|28818269| |TF|0|0|0|0|0|0|0|0|0|0|0|0|0
S|FM077|40908583|28859350| |TF|0|0|0|0|0|0|0|0|0|0|0|0|0
S|FM078|40809503|29271064| |TF|0|0|0|0|0|0|0|0|0|0|0|0|0
S|PEPAK|40696000|29321656| |TF|0|0|0|0|0|0|0|0|0|0|0|0|0
S|NENVI|40586922|29425828| |TF|0|0|0|0|0|0|0|0|0|0|0|0|0
S|IBSIN|40611175|29687258| |TF|0|0|0|0|0|0|0|0|0|0|0|0|0
S|LECKI|40628083|29873578| |TF|0|0|0|0|0|0|0|0|0|0|0|0|0
S|VICEN|40665697|30300950| |TF|0|0|0|0|0|0|0|0|0|0|0|0|0

P|YAQZ1K|34L| |0|4
S|DE34L|41298603|28706753| |DF|0|0|0|0|0|220|0|0|0|1|0|0|0
S| |91000000|181000000| |CA|0|35300|0|0|0|220|1|760|0|0|0|0|0
S|YAQZI|41427144|28617317|UHL|CF|0|32300|800|32340|900|0|1|3000|0|0|0|0|0
S| |91000000|181000000| |VM|0|32300|0|0|0|0|0|0|0|0|0|0|0

P|YAQZ1K|34R| |0|4
S|DE34R|41298631|28709258| |DF|0|0|0|0|0|220|0|0|0|1|0|0|0
S| |91000000|181000000| |CA|0|35300|0|0|0|220|1|760|0|0|0|0|0
S|YAQZI|41427144|28617317|UHL|CF|0|32300|800|32340|900|0|1|3000|0|0|0|0|0
S| |91000000|181000000| |VM|0|32300|0|0|0|0|0|0|0|0|0|0|0

