P|DONI2M|12L|DONIV|0|3
S| |91000000|181000000| |CA|0|11900|0|0|0|230|1|700|0|0|0|0|0
S|PA|44891722|20641111| |DF|0|0|0|0|0|230|3|6000|3000|1|0|0|0
S|DONIV|44748861|21169556| |TF|0|0|0|0|0|250|1|6000|0|0|0|0|0

P|DONI2M|12R|DONIV|0|3
S| |91000000|181000000| |CA|0|11900|0|0|0|230|1|700|0|0|0|0|0
S|PA|44891722|20641111| |DF|0|0|0|0|0|230|3|6000|3000|1|0|0|0
S|DONIV|44748861|21169556| |TF|0|0|0|0|0|250|1|6000|0|0|0|0|0

P|DONI2Z|30L|DONIV|0|3
S| |91000000|181000000| |CA|0|29900|0|0|0|230|1|700|0|0|0|0|0
S|PA|44891722|20641111| |DF|2|0|0|0|0|230|3|6000|3000|1|0|0|0
S|DONIV|44748861|21169556| |TF|0|0|0|0|0|250|1|6000|0|0|0|0|0

P|DONI2Z|30R|DONIV|0|3
S| |91000000|181000000| |CA|0|29900|0|0|0|230|1|700|0|0|0|0|0
S|PA|44891722|20641111| |DF|2|0|0|0|0|230|3|6000|3000|1|0|0|0
S|DONIV|44748861|21169556| |TF|0|0|0|0|0|250|1|6000|0|0|0|0|0

P|DONI4K|12L|DONIV|0|3
S| |91000000|181000000| |CA|0|11900|0|0|0|0|1|700|0|0|0|0|0
S|PA|44891722|20641111| |DF|0|0|0|0|0|200|3|6000|3500|0|0|0|0
S|DONIV|44748861|21169556| |TF|0|0|0|0|0|0|1|6000|0|0|0|0|0

P|DONI4K|12R|DONIV|0|3
S| |91000000|181000000| |CA|0|11900|0|0|0|0|1|700|0|0|0|0|0
S|PA|44891722|20641111| |DF|0|0|0|0|0|200|3|6000|3500|0|0|0|0
S|DONIV|44748861|21169556| |TF|0|0|0|0|0|0|1|6000|0|0|0|0|0

P|DONI4L|30L|DONIV|0|3
S| |91000000|181000000| |CA|0|29900|0|0|0|0|1|700|0|0|0|0|0
S|PA|44891722|20641111| |DF|2|0|0|0|0|200|3|6000|5000|0|0|0|0
S|DONIV|44748861|21169556| |TF|0|0|0|0|0|0|1|6000|0|0|0|0|0

P|DONI4L|30R|DONIV|0|3
S| |91000000|181000000| |CA|0|29900|0|0|0|0|1|700|0|0|0|0|0
S|PA|44891722|20641111| |DF|2|0|0|0|0|200|3|6000|5000|0|0|0|0
S|DONIV|44748861|21169556| |TF|0|0|0|0|0|0|1|6000|0|0|0|0|0

P|LULI2A|12L|LULIK|0|3
S| |91000000|181000000| |CA|0|11900|0|0|0|0|1|700|0|0|0|0|0
S|IA|45043083|20073111| |DF|1|0|0|0|0|200|3|6000|5000|0|0|0|0
S|LULIK|45526639|19444278| |TF|0|0|0|0|0|0|1|6000|0|0|0|0|0

P|LULI2A|12R|LULIK|0|3
S| |91000000|181000000| |CA|0|11900|0|0|0|0|1|700|0|0|0|0|0
S|IA|45043083|20073111| |DF|1|0|0|0|0|200|3|6000|5000|0|0|0|0
S|LULIK|45526639|19444278| |TF|0|0|0|0|0|0|1|6000|0|0|0|0|0

P|LULI2B|30L|LULIK|0|3
S| |91000000|181000000| |CA|0|29900|0|0|0|0|1|700|0|0|0|0|0
S|IA|45043083|20073111| |DF|0|0|0|0|0|0|1|2100|0|0|0|0|0
S|LULIK|45526639|19444278| |TF|0|0|0|0|0|0|1|6000|0|0|0|0|0

P|LULI2B|30R|LULIK|0|3
S| |91000000|181000000| |CA|0|29900|0|0|0|0|1|700|0|0|0|0|0
S|IA|45043083|20073111| |DF|0|0|0|0|0|0|1|2100|0|0|0|0|0
S|LULIK|45526639|19444278| |TF|0|0|0|0|0|0|1|6000|0|0|0|0|0

P|LULI2C|12L|LULIK|0|3
S| |91000000|181000000| |CA|0|11900|0|0|0|230|1|700|0|0|0|0|0
S|IA|45043083|20073111| |DF|1|0|0|0|0|230|3|6000|3000|1|0|0|0
S|LULIK|45526639|19444278| |TF|0|0|0|0|0|250|1|6000|0|0|0|0|0

P|LULI2C|12R|LULIK|0|3
S| |91000000|181000000| |CA|0|11900|0|0|0|230|1|700|0|0|0|0|0
S|IA|45043083|20073111| |DF|1|0|0|0|0|230|3|6000|3000|1|0|0|0
S|LULIK|45526639|19444278| |TF|0|0|0|0|0|250|1|6000|0|0|0|0|0

P|LULI2D|30L|LULIK|0|4
S| |91000000|181000000| |CA|0|29900|0|0|0|230|1|700|0|0|0|0|0
S|IA|45043083|20073111| |DF|0|0|0|0|0|230|3|6000|2100|1|0|0|0
S|BT401|45278583|19818472| |TF|0|0|0|0|0|250|0|0|0|0|0|0|0
S|LULIK|45526639|19444278| |TF|0|0|0|0|0|250|1|6000|0|0|0|0|0

P|LULI2D|30R|LULIK|0|4
S| |91000000|181000000| |CA|0|29900|0|0|0|230|1|700|0|0|0|0|0
S|IA|45043083|20073111| |DF|0|0|0|0|0|230|3|6000|2100|1|0|0|0
S|BT401|45278583|19818472| |TF|0|0|0|0|0|250|0|0|0|0|0|0|0
S|LULIK|45526639|19444278| |TF|0|0|0|0|0|250|1|6000|0|0|0|0|0

P|OKTA2A|12L|OKTAS|0|5
S| |91000000|181000000| |CA|0|11900|0|0|0|0|1|700|0|0|0|0|0
S|IA|45043083|20073111| |DF|1|0|0|0|0|200|3|6000|5000|0|0|0|0
S|IA|45043083|20073111|SMI|FD|0|26000|2740|8060|1360|0|0|0|0|0|0|0|0
S| |91000000|181000000| |VI|0|20500|0|0|0|0|0|0|0|0|0|0|0
S|OKTAS|44909556|19667500|VAL|CF|0|16000|3630|34090|300|0|1|6000|0|0|0|0|0

P|OKTA2A|12R|OKTAS|0|5
S| |91000000|181000000| |CA|0|11900|0|0|0|0|1|700|0|0|0|0|0
S|IA|45043083|20073111| |DF|1|0|0|0|0|200|3|6000|5000|0|0|0|0
S|IA|45043083|20073111|SMI|FD|0|26000|2740|8060|1360|0|0|0|0|0|0|0|0
S| |91000000|181000000| |VI|0|20500|0|0|0|0|0|0|0|0|0|0|0
S|OKTAS|44909556|19667500|VAL|CF|0|16000|3630|34090|300|0|1|6000|0|0|0|0|0

P|OKTA2B|30L|OKTAS|0|4
S| |91000000|181000000| |CA|0|29900|0|0|0|0|1|700|0|0|0|0|0
S|IA|45043083|20073111| |DF|0|0|0|0|0|0|1|2100|0|1|0|0|0
S|IA|45043083|20073111|SMI|FD|0|26000|2740|8060|1230|0|0|0|0|0|0|0|0
S|OKTAS|44909556|19667500|VAL|CF|1|16000|3630|34090|500|0|1|6000|0|0|0|0|0

P|OKTA2B|30R|OKTAS|0|4
S| |91000000|181000000| |CA|0|29900|0|0|0|0|1|700|0|0|0|0|0
S|IA|45043083|20073111| |DF|0|0|0|0|0|0|1|2100|0|1|0|0|0
S|IA|45043083|20073111|SMI|FD|0|26000|2740|8060|1230|0|0|0|0|0|0|0|0
S|OKTAS|44909556|19667500|VAL|CF|1|16000|3630|34090|500|0|1|6000|0|0|0|0|0

P|OKTA2C|12L|OKTAS|0|4
S| |91000000|181000000| |CA|0|11900|0|0|0|230|1|700|0|0|0|0|0
S|IA|45043083|20073111| |DF|1|0|0|0|0|230|3|6000|3000|1|0|0|0
S|BT202|45020167|19627889| |TF|0|0|0|0|0|250|0|0|0|0|0|0|0
S|OKTAS|44909556|19667500| |TF|1|0|0|0|0|250|1|6000|0|0|0|0|0

P|OKTA2C|12R|OKTAS|0|4
S| |91000000|181000000| |CA|0|11900|0|0|0|230|1|700|0|0|0|0|0
S|IA|45043083|20073111| |DF|1|0|0|0|0|230|3|6000|3000|1|0|0|0
S|BT202|45020167|19627889| |TF|0|0|0|0|0|250|0|0|0|0|0|0|0
S|OKTAS|44909556|19667500| |TF|1|0|0|0|0|250|1|6000|0|0|0|0|0

P|OKTA2D|30L|OKTAS|0|4
S| |91000000|181000000| |CA|0|29900|0|0|0|230|1|700|0|0|0|0|0
S|IA|45043083|20073111| |DF|0|0|0|0|0|230|3|6000|2100|1|0|0|0
S|BT202|45020167|19627889| |TF|0|0|0|0|0|250|0|0|0|0|0|0|0
S|OKTAS|44909556|19667500| |TF|1|0|0|0|0|250|1|6000|0|0|0|0|0

P|OKTA2D|30R|OKTAS|0|4
S| |91000000|181000000| |CA|0|29900|0|0|0|230|1|700|0|0|0|0|0
S|IA|45043083|20073111| |DF|0|0|0|0|0|230|3|6000|2100|1|0|0|0
S|BT202|45020167|19627889| |TF|0|0|0|0|0|250|0|0|0|0|0|0|0
S|OKTAS|44909556|19667500| |TF|1|0|0|0|0|250|1|6000|0|0|0|0|0

P|TISA2J|12L|TISAK|0|4
S| |91000000|181000000| |CA|0|11900|0|0|0|0|1|700|0|0|0|0|0
S|PA|44891722|20641111| |DF|0|0|0|0|0|200|3|6000|3500|1|0|0|0
S| |91000000|181000000| |CI|1|29400|0|0|0|0|0|0|0|0|0|0|0
S|TISAK|45422056|20227306|BGD|CF|0|32500|3630|34840|3000|0|1|6000|0|0|0|0|0

P|TISA2J|12R|TISAK|0|4
S| |91000000|181000000| |CA|0|11900|0|0|0|0|1|700|0|0|0|0|0
S|PA|44891722|20641111| |DF|0|0|0|0|0|200|3|6000|3500|1|0|0|0
S| |91000000|181000000| |CI|1|29400|0|0|0|0|0|0|0|0|0|0|0
S|TISAK|45422056|20227306|BGD|CF|0|32500|3630|34840|3000|0|1|6000|0|0|0|0|0

P|TISA2K|12L|TISAK|0|3
S| |91000000|181000000| |CA|0|11900|0|0|0|0|1|700|0|0|0|0|0
S| |91000000|181000000| |CI|1|28300|0|0|0|200|0|0|0|0|0|0|0
S|TISAK|45422056|20227306|BGD|CF|0|34800|3630|34840|2600|0|1|6000|0|0|0|0|0

P|TISA2K|12R|TISAK|0|3
S| |91000000|181000000| |CA|0|11900|0|0|0|0|1|700|0|0|0|0|0
S| |91000000|181000000| |CI|1|28300|0|0|0|200|0|0|0|0|0|0|0
S|TISAK|45422056|20227306|BGD|CF|0|34800|3630|34840|2600|0|1|6000|0|0|0|0|0

P|TISA2M|12L|TISAK|0|3
S| |91000000|181000000| |CA|0|11900|0|0|0|230|1|700|0|0|0|0|0
S|BT201|45123444|20269083| |DF|1|0|0|0|0|230|3|6000|3000|0|0|0|0
S|TISAK|45422056|20227306| |TF|0|0|0|0|0|250|1|6000|0|0|0|0|0

P|TISA2M|12R|TISAK|0|3
S| |91000000|181000000| |CA|0|11900|0|0|0|230|1|700|0|0|0|0|0
S|BT201|45123444|20269083| |DF|1|0|0|0|0|230|3|6000|3000|0|0|0|0
S|TISAK|45422056|20227306| |TF|0|0|0|0|0|250|1|6000|0|0|0|0|0

P|TISA2N|12L|TISAK|0|3
S| |91000000|181000000| |CA|0|11900|0|0|0|230|1|700|0|0|0|0|0
S|PA|44891722|20641111| |DF|0|0|0|0|0|230|3|6000|3000|1|0|0|0
S|TISAK|45422056|20227306| |TF|1|0|0|0|0|250|1|6000|0|0|0|0|0

P|TISA2N|12R|TISAK|0|3
S| |91000000|181000000| |CA|0|11900|0|0|0|230|1|700|0|0|0|0|0
S|PA|44891722|20641111| |DF|0|0|0|0|0|230|3|6000|3000|1|0|0|0
S|TISAK|45422056|20227306| |TF|1|0|0|0|0|250|1|6000|0|0|0|0|0

P|TISA2R|30L|TISAK|0|3
S| |91000000|181000000| |CA|0|29900|0|0|0|230|1|700|0|0|0|0|0
S|IA|45043083|20073111| |DF|0|0|0|0|0|230|3|6000|2100|1|0|0|0
S|TISAK|45422056|20227306| |TF|0|0|0|0|0|250|1|6000|0|0|0|0|0

P|TISA2R|30R|TISAK|0|3
S| |91000000|181000000| |CA|0|29900|0|0|0|230|1|700|0|0|0|0|0
S|IA|45043083|20073111| |DF|0|0|0|0|0|230|3|6000|2100|1|0|0|0
S|TISAK|45422056|20227306| |TF|0|0|0|0|0|250|1|6000|0|0|0|0|0

P|TISA4Y|30L|TISAK|0|4
S| |91000000|181000000| |CA|0|29900|0|0|0|0|1|700|0|0|0|0|0
S|IA|45043083|20073111| |DF|0|0|0|0|0|0|1|2100|0|1|0|0|0
S| |91000000|181000000| |CI|2|4000|0|0|0|0|0|0|0|0|0|0|0
S|TISAK|45422056|20227306|BGD|CF|0|1000|3630|34840|2000|0|1|6000|0|0|0|0|0

P|TISA4Y|30R|TISAK|0|4
S| |91000000|181000000| |CA|0|29900|0|0|0|0|1|700|0|0|0|0|0
S|IA|45043083|20073111| |DF|0|0|0|0|0|0|1|2100|0|1|0|0|0
S| |91000000|181000000| |CI|2|4000|0|0|0|0|0|0|0|0|0|0|0
S|TISAK|45422056|20227306|BGD|CF|0|1000|3630|34840|2000|0|1|6000|0|0|0|0|0

