P|ADSEL3|07|ADSEL|0|3
S| |91000000|181000000|SIA|VD|0|7300|0|0|180|0|0|0|0|0|0|0|0
S| |91000000|181000000| |VI|1|29000|0|0|0|0|0|0|0|0|0|0|0
S|ADSEL|18952222|-78434722|SIA|CF|0|32000|3970|31990|3100|0|0|0|0|0|0|0|0

P|ADSEL3|25|ADSEL|0|3
S|RW25|18510194|-77898417|SIA|FC|0|25300|130|7750|150|0|0|0|0|1|0|0|0
S| |91000000|181000000| |VI|2|35000|0|0|0|0|0|0|0|0|0|0|0
S|ADSEL|18952222|-78434722|SIA|CF|0|32000|3970|31990|3500|0|0|0|0|0|0|0|0

P|BOSOM7|07|BOSOM|0|7
S| |91000000|181000000|SIA|VD|0|7300|0|0|180|0|0|0|0|0|0|0|0
S| |91000000|181000000| |VI|0|35800|0|0|0|0|0|0|0|0|0|0|0
S|SIA|18501022|-77924119|SIA|FD|0|2800|0|0|1000|0|0|0|0|0|0|0|0
S| |91000000|181000000| |CI|0|2800|0|0|0|0|0|0|0|0|0|0|0
S|D195L|18303050|-77959147|SIA|AF|2|2800|1200|19660|0|0|0|0|0|0|0|0|0
S|D197T|18171056|-77982544| |TF|0|0|0|0|0|0|1|13000|0|0|0|0|0
S|BOSOM|17856389|-78038056| |TF|0|0|0|0|0|0|0|0|0|0|0|0|0

P|BOSOM7|25|BOSOM|0|6
S| |91000000|181000000| |CA|0|25300|0|0|0|0|1|410|0|0|0|0|0
S|SIA|18501022|-77924119|SIA|FD|0|26600|0|0|800|0|0|0|0|0|0|0|0
S| |91000000|181000000| |VI|2|10000|0|0|0|0|0|0|0|0|0|0|0
S|SIA|18501022|-77924119|SIA|CF|0|13000|0|0|600|0|1|7600|0|0|0|0|0
S|D197T|18171056|-77982544| |TF|0|0|0|0|0|0|1|13000|0|0|0|0|0
S|BOSOM|17856389|-78038056| |TF|0|0|0|0|0|0|0|0|0|0|0|0|0

P|ELUTU5|07|ADSEL|0|5
S|OTESU|18511833|-77894611| |DF|0|0|0|0|0|0|0|0|0|1|0|0|0
S|ELUTU|18576667|-77813333| |TF|0|0|0|0|0|0|1|1300|0|0|0|0|0
S|ELUTU|18576667|-77813333| |IF|0|0|0|0|0|0|1|1300|0|0|0|0|0
S|GOTES|18666389|-77892222| |TF|0|0|0|0|0|0|1|3000|0|0|0|0|0
S|ADSEL|18952222|-78434722| |TF|0|0|0|0|0|0|1|5000|0|0|0|0|0

P|ELUTU5|07|ALMUS|0|4
S|OTESU|18511833|-77894611| |DF|0|0|0|0|0|0|0|0|0|1|0|0|0
S|ELUTU|18576667|-77813333| |TF|0|0|0|0|0|0|1|1300|0|0|0|0|0
S|ELUTU|18576667|-77813333| |IF|0|0|0|0|0|0|1|1300|0|0|0|0|0
S|ALMUS|18476389|-77574444| |TF|0|0|0|0|0|0|1|5000|0|0|0|0|0

P|ELUTU5|07|HAWLS|0|4
S|OTESU|18511833|-77894611| |DF|0|0|0|0|0|0|0|0|0|1|0|0|0
S|ELUTU|18576667|-77813333| |TF|0|0|0|0|0|0|1|1300|0|0|0|0|0
S|ELUTU|18576667|-77813333| |IF|0|0|0|0|0|0|1|1300|0|0|0|0|0
S|HAWLS|19168611|-77972500| |TF|0|0|0|0|0|0|1|5000|0|0|0|0|0

P|ELUTU5|07|IMADI|0|4
S|OTESU|18511833|-77894611| |DF|0|0|0|0|0|0|0|0|0|1|0|0|0
S|ELUTU|18576667|-77813333| |TF|0|0|0|0|0|0|1|1300|0|0|0|0|0
S|ELUTU|18576667|-77813333| |IF|0|0|0|0|0|0|1|1300|0|0|0|0|0
S|IMADI|18958889|-77280278| |TF|0|0|0|0|0|0|1|5000|0|0|0|0|0

P|ELUTU5|07|KEMBO|0|4
S|OTESU|18511833|-77894611| |DF|0|0|0|0|0|0|0|0|0|1|0|0|0
S|ELUTU|18576667|-77813333| |TF|0|0|0|0|0|0|1|1300|0|0|0|0|0
S|ELUTU|18576667|-77813333| |IF|0|0|0|0|0|0|1|1300|0|0|0|0|0
S|KEMBO|18218889|-77354722| |TF|0|0|0|0|0|0|1|5000|0|0|0|0|0

P|ELUTU5|07|NUBOX|0|5
S|OTESU|18511833|-77894611| |DF|0|0|0|0|0|0|0|0|0|1|0|0|0
S|ELUTU|18576667|-77813333| |TF|0|0|0|0|0|0|1|1300|0|0|0|0|0
S|ELUTU|18576667|-77813333| |IF|0|0|0|0|0|0|1|1300|0|0|0|0|0
S|GOTES|18666389|-77892222| |TF|0|0|0|0|0|0|1|3000|0|0|0|0|0
S|NUBOX|18862778|-78505833| |TF|0|0|0|0|0|0|1|5000|0|0|0|0|0

P|ELUTU5|07|PETSI|0|5
S|OTESU|18511833|-77894611| |DF|0|0|0|0|0|0|0|0|0|1|0|0|0
S|ELUTU|18576667|-77813333| |TF|0|0|0|0|0|0|1|1300|0|0|0|0|0
S|ELUTU|18576667|-77813333| |IF|0|0|0|0|0|0|1|1300|0|0|0|0|0
S|GOTES|18666389|-77892222| |TF|0|0|0|0|0|0|1|3000|0|0|0|0|0
S|PETSI|18660278|-78595833| |TF|0|0|0|0|0|0|1|5000|0|0|0|0|0

P|ELUTU5|07|TILUP|0|4
S|OTESU|18511833|-77894611| |DF|0|0|0|0|0|0|0|0|0|1|0|0|0
S|ELUTU|18576667|-77813333| |TF|0|0|0|0|0|0|1|1300|0|0|0|0|0
S|ELUTU|18576667|-77813333| |IF|0|0|0|0|0|0|1|1300|0|0|0|0|0
S|TILUP|19137222|-77706111| |TF|0|0|0|0|0|0|1|5000|0|0|0|0|0

P|IMADI2|07|IMADI|0|2
S| |91000000|181000000|SIA|VD|0|7300|0|0|180|0|0|0|0|0|0|0|0
S|IMADI|18958889|-77280278|SIA|CF|0|5800|4580|6020|4500|0|0|0|0|0|0|0|0

P|IMADI2|25|IMADI|0|3
S|RW25|18510194|-77898417|SIA|FC|0|25300|130|7750|150|0|0|0|0|1|0|0|0
S| |91000000|181000000| |VI|2|8800|0|0|0|0|0|0|0|0|0|0|0
S|IMADI|18958889|-77280278|SIA|CF|0|5800|4580|6020|3900|0|0|0|0|0|0|0|0

P|KEMBO3|07|KEMBO|0|6
S| |91000000|181000000|SIA|VD|0|7300|0|0|180|0|0|0|0|0|0|0|0
S| |91000000|181000000| |VA|0|3500|0|0|0|0|1|2500|0|0|0|0|0
S| |91000000|181000000|SIA|VR|2|14500|0|7500|0|0|1|3000|0|0|0|0|0
S| |91000000|181000000|SIA|VD|0|14500|0|0|1500|0|1|4500|0|0|0|0|0
S| |91000000|181000000| |VI|0|14500|0|0|0|0|0|0|0|0|0|0|0
S|KEMBO|18218889|-77354722|SIA|CF|0|12400|3660|12430|700|0|0|0|0|0|0|0|0

P|KEMBO3|25|KEMBO|0|6
S| |91000000|181000000| |CA|0|25300|0|0|0|0|1|410|0|0|0|0|0
S|SIA|18501022|-77924119|SIA|FD|0|26700|0|0|800|0|0|0|0|0|0|0|0
S| |91000000|181000000| |VI|2|10000|0|0|0|0|0|0|0|0|0|0|0
S|SIA|18501022|-77924119|SIA|CF|0|13000|0|0|500|0|1|3000|0|0|0|0|0
S|SIA|18501022|-77924119|SIA|FD|0|12400|0|0|1500|0|1|4500|0|0|0|0|0
S|KEMBO|18218889|-77354722|SIA|CF|0|12400|3660|12430|2200|0|0|0|0|0|0|0|0

P|KESPA2|07|KESPA|0|6
S| |91000000|181000000|SIA|VD|0|7300|0|0|180|0|0|0|0|0|0|0|0
S|SIA|18501022|-77924119|SIA|FD|0|2800|0|0|1000|0|0|0|0|0|0|0|0
S| |91000000|181000000| |CI|0|2800|0|0|0|0|0|0|0|0|0|0|0
S|D137L|18372792|-77762156|SIA|AF|2|2800|1200|13670|0|0|0|0|0|0|0|0|0
S|D137O|18340725|-77721786| |TF|0|0|0|0|0|0|1|15000|0|0|0|0|0
S|KESPA|18048611|-77354722| |TF|0|0|0|0|0|0|0|0|0|0|0|0|0

P|KESPA2|25|KESPA|0|6
S| |91000000|181000000| |CA|0|25300|0|0|0|0|1|410|0|0|0|0|0
S|SIA|18501022|-77924119|SIA|FD|0|26600|0|0|800|0|0|0|0|0|0|0|0
S| |91000000|181000000| |VI|2|10000|0|0|0|0|0|0|0|0|0|0|0
S|SIA|18501022|-77924119|SIA|CF|0|13000|0|0|400|0|1|9800|0|0|0|0|0
S|D137O|18340725|-77721786| |TF|0|0|0|0|0|0|1|15000|0|0|0|0|0
S|KESPA|18048611|-77354722| |TF|0|0|0|0|0|0|0|0|0|0|0|0|0

P|LIBEX2|07|LIBEX|0|6
S| |91000000|181000000|SIA|VD|0|7300|0|0|180|0|0|0|0|0|0|0|0
S|SIA|18501022|-77924119|SIA|FD|0|2800|0|0|1000|0|0|0|0|0|0|0|0
S| |91000000|181000000| |CI|0|2800|0|0|0|0|0|0|0|0|0|0|0
S|D109L|18460733|-77717892|SIA|AF|2|2800|1200|10850|0|0|0|0|0|0|0|0|0
S|D109O|18450633|-77666444| |TF|0|0|0|0|0|0|1|15000|0|0|0|0|0
S|LIBEX|18389167|-77354722| |TF|0|0|0|0|0|0|0|0|0|0|0|0|0

P|LIBEX2|25|LIBEX|0|6
S| |91000000|181000000| |CA|0|25300|0|0|0|0|1|410|0|0|0|0|0
S|SIA|18501022|-77924119|SIA|FD|0|26600|0|0|800|0|0|0|0|0|0|0|0
S| |91000000|181000000| |VI|2|10000|0|0|0|0|0|0|0|0|0|0|0
S|SIA|18501022|-77924119|SIA|CF|0|13000|0|0|400|0|1|9800|0|0|0|0|0
S|D109O|18450633|-77666444| |TF|0|0|0|0|0|0|1|15000|0|0|0|0|0
S|LIBEX|18389167|-77354722| |TF|0|0|0|0|0|0|0|0|0|0|0|0|0

P|NUBOX2|07|NUBOX|0|3
S| |91000000|181000000|SIA|VD|0|7300|0|0|180|0|0|0|0|0|0|0|0
S| |91000000|181000000| |VI|1|28000|0|0|0|0|0|0|0|0|0|0|0
S|NUBOX|18862778|-78505833|SIA|CF|0|31000|3960|31020|3100|0|0|0|0|0|0|0|0

P|NUBOX2|25|NUBOX|0|3
S|RW25|18510194|-77898417|SIA|FC|0|25300|130|7750|150|0|0|0|0|1|0|0|0
S| |91000000|181000000| |VI|0|34000|0|0|0|0|0|0|0|0|0|0|0
S|NUBOX|18862778|-78505833|SIA|CF|0|31000|3960|31020|3500|0|0|0|0|0|0|0|0

P|PETSI2|07|PETSI|0|3
S| |91000000|181000000|SIA|VD|0|7300|0|0|180|0|0|0|0|0|0|0|0
S| |91000000|181000000| |VI|1|26000|0|0|0|0|0|0|0|0|0|0|0
S|PETSI|18660278|-78595833|SIA|CF|0|29000|3950|29110|3300|0|0|0|0|0|0|0|0

P|PETSI2|25|PETSI|0|3
S|RW25|18510194|-77898417|SIA|FC|0|25300|130|7750|150|0|0|0|0|1|0|0|0
S| |91000000|181000000| |VI|0|32000|0|0|0|0|0|0|0|0|0|0|0
S|PETSI|18660278|-78595833|SIA|CF|0|29000|3950|29110|3600|0|0|0|0|0|0|0|0

P|ROSTO2|07|ROSTO|0|2
S| |91000000|181000000|SIA|VD|0|7300|0|0|180|0|0|0|0|0|0|0|0
S|ROSTO|18584444|-77854722|SIA|CF|0|3000|640|4540|500|0|0|0|0|0|0|0|0

P|TEXUS3|25|TEXUS|0|2
S| |91000000|181000000| |CA|0|25300|0|0|0|0|1|410|0|0|0|0|0
S|TEXUS|18491111|-78018056|SIA|CF|0|27200|540|27070|550|0|0|0|0|0|0|0|0

P|TILUP1|07|TILUP|0|3
S| |91000000|181000000|SIA|VD|0|7300|0|0|180|0|0|0|0|0|0|0|0
S| |91000000|181000000| |VI|0|35500|0|0|0|0|0|0|0|0|0|0|0
S|TILUP|19137222|-77706111|SIA|CF|0|2500|4000|2500|3400|0|0|0|0|0|0|0|0

P|TILUP1|25|TILUP|0|4
S|RW25|18510194|-77898417|SIA|FC|0|25300|130|7750|150|0|0|0|0|1|0|0|0
S| |91000000|181000000| |VI|2|5500|0|0|0|0|0|0|0|0|0|0|0
S|D025Q|18771472|-77831611|SIA|CF|0|2500|1700|2500|1000|0|1|4000|0|0|0|0|0
S|TILUP|19137222|-77706111| |TF|0|0|0|0|0|0|0|0|0|0|0|0|0

