P|AGU1A|18|AGU|0|3
S| |91000000|181000000| |CA|0|17700|0|0|0|0|1|6520|0|0|0|0|0
S|AGU|21711400|-102319047|AGU|FD|0|17700|0|0|700|0|0|0|0|0|0|0|0
S|AGU|21711400|-102319047| |DF|2|0|0|0|0|0|0|0|0|0|0|0|0

P|AGU1B|36|AGU|0|3
S| |91000000|181000000| |CA|0|35700|0|0|0|0|1|6520|0|0|0|0|0
S|AGU|21711400|-102319047|AGU|FD|0|35700|0|0|700|0|0|0|0|0|0|0|0
S|AGU|21711400|-102319047| |DF|2|0|0|0|0|0|0|0|0|0|0|0|0

P|ALIPA1|18|ALIPA|0|5
S| |91000000|181000000| |CA|0|17700|0|0|0|0|1|6520|0|0|0|0|0
S|AGU|21711400|-102319047|AGU|FD|0|17700|0|0|700|0|0|0|0|0|0|0|0
S| |91000000|181000000| |CI|0|17700|0|0|0|0|0|0|0|0|0|0|0
S|D141J|21571189|-102221494|AGU|AF|1|17700|1000|14090|0|0|0|0|0|0|0|0|0
S|ALIPA|21291389|-102027500| |TF|0|0|0|0|0|0|0|0|0|0|0|0|0

P|ANIL1A|18|ANILA|0|5
S| |91000000|181000000| |CA|0|17700|0|0|0|0|1|6520|0|0|0|0|0
S|AGU|21711400|-102319047|AGU|FD|0|17700|0|0|700|0|0|0|0|0|0|0|0
S| |91000000|181000000| |CI|0|17700|0|0|0|0|0|0|0|0|0|0|0
S|D108J|21643492|-102155508|AGU|AF|1|17700|1000|10790|0|0|0|0|0|0|0|0|0
S|ANILA|21507778|-101830278| |TF|0|0|0|0|0|0|0|0|0|0|0|0|0

P|ANIL1B|36|ANILA|0|5
S| |91000000|181000000| |CA|0|35700|0|0|0|0|1|6520|0|0|0|0|0
S|AGU|21711400|-102319047|AGU|FD|0|35700|0|0|700|0|0|0|0|0|0|0|0
S| |91000000|181000000| |CI|0|35700|0|0|0|0|0|0|0|0|0|0|0
S|D108J|21643492|-102155508|AGU|AF|2|35700|1000|10790|0|0|0|0|0|0|0|0|0
S|ANILA|21507778|-101830278| |TF|0|0|0|0|0|0|0|0|0|0|0|0|0

P|DANGO1|36|DANGO|0|5
S| |91000000|181000000| |CA|0|35700|0|0|0|0|1|6520|0|0|0|0|0
S|AGU|21711400|-102319047|AGU|FD|0|35700|0|0|700|0|0|0|0|0|0|0|0
S| |91000000|181000000| |CI|0|35700|0|0|0|0|0|0|0|0|0|0|0
S|D314J|21840300|-102433156|AGU|AF|1|35700|1000|31440|0|0|0|0|0|0|0|0|0
S|DANGO|22097500|-102661667| |TF|0|0|0|0|0|0|0|0|0|0|0|0|0

P|HORT1A|18|HORTA|0|4
S|AS801|21620583|-102322056|AGU|CF|0|17700|540|17580|500|0|1|7500|0|0|0|0|0
S|AS805|21613250|-102152306| |TF|0|0|0|0|0|0|2|12500|0|0|0|0|0
S|AS810|21720722|-101846361| |TF|0|0|0|0|0|0|1|17000|0|0|0|0|0
S|HORTA|21835000|-101519167| |TF|0|0|0|0|0|0|1|20000|0|0|0|0|0

P|HORT1B|36|HORTA|0|4
S| |91000000|181000000| |CA|0|35700|0|0|0|0|1|7300|0|0|0|0|0
S|AS613|21730417|-102055333| |DF|2|0|0|0|0|0|2|13000|0|0|0|0|0
S|AS614|21660944|-101831083| |TF|0|0|0|0|0|0|1|17000|0|0|0|0|0
S|HORTA|21835000|-101519167| |TF|0|0|0|0|0|0|1|20000|0|0|0|0|0

P|LIVR1E|18|LIVRI|0|2
S|AS801|21620583|-102322056|AGU|CF|0|17700|540|17580|500|0|1|7500|0|0|0|0|0
S|LIVRI|21182500|-102763611| |TF|0|0|0|0|0|0|0|0|0|0|0|0|0

P|LIVR1F|36|LIVRI|0|4
S| |91000000|181000000| |CA|0|35700|0|0|0|0|1|7300|0|0|0|0|0
S|AS610|21587944|-102478639| |DF|1|0|0|0|0|0|1|13000|0|0|0|0|0
S|AS611|21340528|-102555167| |TF|0|0|0|0|0|0|1|17000|0|0|0|0|0
S|LIVRI|21182500|-102763611| |TF|0|0|0|0|0|0|1|20000|0|0|0|0|0

P|MEZCA1|18|MEZCA|0|5
S| |91000000|181000000| |CA|0|17700|0|0|0|0|1|6520|0|0|0|0|0
S|AGU|21711400|-102319047|AGU|FD|0|17700|0|0|700|0|0|0|0|0|0|0|0
S| |91000000|181000000| |CI|0|17700|0|0|0|0|0|0|0|0|0|0|0
S|D212J|21580061|-102429828|AGU|AF|2|17700|1000|21230|0|0|0|0|0|0|0|0|0
S|MEZCA|21317778|-102650278| |TF|0|0|0|0|0|0|0|0|0|0|0|0|0

P|MITI1A|18|MITIN|0|6
S|AS801|21620583|-102322056|AGU|CF|0|17700|540|17580|500|0|1|7500|0|0|0|0|0
S|AS802|21625167|-102429278| |TF|0|0|0|0|0|0|1|9500|0|0|0|0|0
S|AS803|21834000|-102419000| |TF|0|0|0|0|0|0|1|14000|0|0|0|0|0
S|AS804|21943000|-102413750| |TF|0|0|0|0|0|0|1|16000|0|0|0|0|0
S|TEDZI|22191111|-102470833| |TF|0|0|0|0|0|0|1|20000|0|0|0|0|0
S|MITIN|22305556|-102847500| |TF|0|0|0|0|0|0|0|0|0|0|0|0|0

P|MITI1B|36|MITIN|0|3
S| |91000000|181000000| |CA|0|35700|0|0|0|0|1|7300|0|0|0|0|0
S|TEDZI|22191111|-102470833| |DF|0|0|0|0|0|0|1|16000|0|0|0|0|0
S|MITIN|22305556|-102847500| |TF|0|0|0|0|0|0|1|20000|0|0|0|0|0

P|RABIL1|36|RABIL|0|5
S| |91000000|181000000| |CA|0|35700|0|0|0|0|1|6520|0|0|0|0|0
S|AGU|21711400|-102319047|AGU|FD|0|35700|0|0|700|0|0|0|0|0|0|0|0
S| |91000000|181000000| |CI|0|35700|0|0|0|0|0|0|0|0|0|0|0
S|D286J|21774717|-102484753|AGU|AF|1|35700|1000|28630|0|0|0|0|0|0|0|0|0
S|RABIL|21948056|-102941389| |TF|0|0|0|0|0|0|0|0|0|0|0|0|0

P|SETOS1|18|SETOS|0|5
S| |91000000|181000000| |CA|0|17700|0|0|0|0|1|6520|0|0|0|0|0
S|AGU|21711400|-102319047|AGU|FD|0|17700|0|0|700|0|0|0|0|0|0|0|0
S| |91000000|181000000| |CI|0|17700|0|0|0|0|0|0|0|0|0|0|0
S|D126J|21598986|-102186556|AGU|AF|1|17700|1000|12620|0|0|0|0|0|0|0|0|0
S|SETOS|21430278|-101988333| |TF|0|0|0|0|0|0|0|0|0|0|0|0|0

P|TEDZ1B|18|TEDZI|0|5
S|AS801|21620583|-102322056|AGU|CF|0|17700|540|17580|500|0|1|7500|0|0|0|0|0
S|AS802|21625167|-102429278| |TF|0|0|0|0|0|0|1|9500|0|0|0|0|0
S|AS803|21834000|-102419000| |TF|0|0|0|0|0|0|1|14000|0|0|0|0|0
S|AS804|21943000|-102413750| |TF|0|0|0|0|0|0|1|16000|0|0|0|0|0
S|TEDZI|22191111|-102470833| |TF|0|0|0|0|0|0|1|20000|0|0|0|0|0

P|TEDZ1C|36|TEDZI|0|2
S| |91000000|181000000| |CA|0|35700|0|0|0|0|1|7300|0|0|0|0|0
S|TEDZI|22191111|-102470833| |DF|0|0|0|0|0|0|1|16000|0|0|0|0|0

P|TEDZI1|36|TEDZI|0|4
S| |91000000|181000000| |CA|0|35700|0|0|0|0|1|6520|0|0|0|0|0
S|AGU|21711400|-102319047|AGU|FD|0|35700|0|0|1000|0|0|0|0|0|0|0|0
S|D338O|21952039|-102395053|AGU|CF|0|30700|1500|33760|640|0|0|0|0|0|0|0|0
S|TEDZI|22191111|-102470833| |TF|0|0|0|0|0|0|0|0|0|0|0|0|0

P|TIDI1A|18|TIDIL|0|4
S|AS801|21620583|-102322056|AGU|CF|0|17700|540|17580|500|0|1|7500|0|0|0|0|0
S|AS808|21174806|-102343861| |TF|0|0|0|0|0|0|2|17000|0|0|0|0|0
S|AS618|21018306|-102145000| |TF|0|0|0|0|0|0|1|20000|0|0|0|0|0
S|TIDIL|20485333|-101473139| |TF|0|0|0|0|0|0|0|0|0|0|0|0|0

P|TIDI1B|36|TIDIL|0|5
S| |91000000|181000000| |CA|0|35700|0|0|0|0|1|7300|0|0|0|0|0
S|AS610|21587944|-102478639| |DF|1|0|0|0|0|0|1|13000|0|0|0|0|0
S|AS611|21340528|-102555167| |TF|0|0|0|0|0|0|1|17000|0|0|0|0|0
S|AS618|21018306|-102145000| |TF|0|0|0|0|0|0|1|20000|0|0|0|0|0
S|TIDIL|20485333|-101473139| |TF|0|0|0|0|0|0|0|0|0|0|0|0|0

P|UKIR1A|18|UKIRO|0|7
S|AS801|21620583|-102322056|AGU|CF|0|17700|540|17580|500|0|1|7500|0|0|0|0|0
S|AS805|21613250|-102152306| |TF|0|0|0|0|0|0|2|12500|0|0|0|0|0
S|AS810|21720722|-101846361| |TF|0|0|0|0|0|0|1|17000|0|0|0|0|0
S|AS807|21592444|-101692167| |TF|0|0|0|0|0|0|1|19000|0|0|0|0|0
S|AS809|21454722|-101527139| |TF|0|0|0|0|0|0|1|20000|0|0|0|0|0
S|MANTA|21305278|-101348611| |TF|0|0|0|0|0|0|1|21000|0|0|0|0|0
S|UKIRO|21071861|-100953972| |TF|0|0|0|0|0|0|0|0|0|0|0|0|0

P|UKIR1B|36|UKIRO|0|7
S| |91000000|181000000| |CA|0|35700|0|0|0|0|1|7300|0|0|0|0|0
S|AS613|21730417|-102055333| |DF|2|0|0|0|0|0|2|13000|0|0|0|0|0
S|AS614|21660944|-101831083| |TF|0|0|0|0|0|0|1|17000|0|0|0|0|0
S|AS615|21632806|-101740639| |TF|0|0|0|0|0|0|2|19000|0|0|0|0|0
S|AS620|21577194|-101673861| |TF|0|0|0|0|0|0|1|20000|0|0|0|0|0
S|MANTA|21305278|-101348611| |TF|0|0|0|0|0|0|1|21000|0|0|0|0|0
S|UKIRO|21071861|-100953972| |TF|0|0|0|0|0|0|0|0|0|0|0|0|0

P|XOTOL1|36|XOTOL|0|5
S| |91000000|181000000| |CA|0|35700|0|0|0|0|1|6520|0|0|0|0|0
S|AGU|21711400|-102319047|AGU|FD|0|35700|0|0|700|0|0|0|0|0|0|0|0
S| |91000000|181000000| |CI|0|35700|0|0|0|0|0|0|0|0|0|0|0
S|D061J|21776839|-102154286|AGU|AF|2|35700|1000|6090|0|0|0|0|0|0|0|0|0
S|XOTOL|21907500|-101823611| |TF|0|0|0|0|0|0|0|0|0|0|0|0|0

