P|ANEG1A|18L|ANEGI|0|2
S|CU700|28527500|-106001694|CUU|CF|0|18300|1150|18340|1000|0|0|0|0|1|0|0|0
S|ANEGI|27586861|-105615306| |DF|0|0|0|0|0|0|1|20000|0|0|0|0|0

P|ANEG2B|36R|ANEGI|0|5
S|CU600|28880778|-105924750|CUU|CF|0|300|1000|230|1000|0|0|0|0|1|0|0|0
S|CU601|28708500|-105716750| |DF|2|0|0|0|0|0|1|16000|0|0|0|0|0
S|CU602|28559889|-105630194| |TF|0|0|0|0|0|0|0|0|0|0|0|0|0
S|CU603|28476333|-105628889| |TF|0|0|0|0|0|0|1|21000|0|0|0|0|0
S|ANEGI|27586861|-105615306| |TF|0|0|0|0|0|0|1|21000|0|0|0|0|0

P|AXEP1A|18L|AXEPA|0|4
S|CU700|28527500|-106001694|CUU|CF|0|18300|1150|18340|1000|0|0|0|0|1|0|0|0
S|CU706|28433806|-105733139| |DF|0|0|0|0|0|0|0|0|0|0|0|0|0
S|CU707|28382500|-105438111| |TF|0|0|0|0|0|0|2|16500|0|0|0|0|0
S|AXEPA|28258417|-104740417| |TF|0|0|0|0|0|0|1|20000|0|0|0|0|0

P|AXEP1B|36R|AXEPA|0|5
S|CU600|28880778|-105924750|CUU|CF|0|300|1000|230|1000|0|0|0|0|1|0|0|0
S|CU601|28708500|-105716750| |DF|2|0|0|0|0|0|1|16000|0|0|0|0|0
S|CU602|28559889|-105630194| |TF|0|0|0|0|0|0|0|0|0|0|0|0|0
S|CU611|28390389|-105087444| |TF|0|0|0|0|0|0|0|0|0|0|0|0|0
S|AXEPA|28258417|-104740417| |TF|0|0|0|0|0|0|1|20000|0|0|0|0|0

P|BOKM1A|18L|BOKMO|0|3
S|CU700|28527500|-106001694|CUU|CF|0|18300|1150|18340|1000|0|0|0|0|1|0|0|0
S|CU705|27994056|-106116917| |TF|0|0|0|0|0|0|0|0|0|0|0|0|0
S|BOKMO|27612167|-106394556| |TF|0|0|0|0|0|0|1|20000|0|0|0|0|0

P|BOKM1B|36R|BOKMO|0|5
S|CU600|28880778|-105924750|CUU|CF|0|300|1000|230|1000|0|0|0|0|1|0|0|0
S|CU604|28772139|-106081083| |DF|1|0|0|0|0|0|1|15500|0|0|0|0|0
S|CU605|28538417|-106175389| |TF|0|0|0|0|0|0|0|0|0|0|0|0|0
S|CU606|27927833|-106270944| |TF|0|0|0|0|0|0|0|0|0|0|0|0|0
S|BOKMO|27612167|-106394556| |TF|0|0|0|0|0|0|1|20000|0|0|0|0|0

P|CUU4A|18L|CUU|0|3
S| |91000000|181000000| |CA|0|18300|0|0|0|0|1|4870|0|0|0|0|0
S|CUU|28716383|-105958733|CUU|FD|0|18300|0|0|1100|0|0|0|0|0|0|0|0
S|CUU|28716383|-105958733| |DF|1|0|0|0|0|0|0|0|0|0|0|0|0

P|CUU6B|36R|CUU|0|3
S| |91000000|181000000| |CA|0|300|0|0|0|0|1|4870|0|0|0|0|0
S|CUU|28716383|-105958733|CUU|FD|0|36000|0|0|1000|0|0|0|0|0|0|0|0
S|CUU|28716383|-105958733| |DF|2|0|0|0|0|0|0|0|0|0|0|0|0

P|IMIN1A|18L|IMINO|0|5
S| |91000000|181000000| |CA|0|18300|0|0|0|0|1|4870|0|0|0|0|0
S|CUU|28716383|-105958733|CUU|FD|0|18300|0|0|1100|0|0|0|0|0|0|0|0
S| |91000000|181000000| |CI|0|18300|0|0|0|0|0|0|0|0|0|0|0
S|D105N|28625692|-105714214|CUU|AF|1|18300|1400|10480|0|0|0|0|0|0|0|0|0
S|IMINO|28554167|-105522500| |TF|0|0|0|0|0|0|0|0|0|0|0|0|0

P|IMIN1B|36R|IMINO|0|5
S| |91000000|181000000| |CA|0|300|0|0|0|0|1|4870|0|0|0|0|0
S|CUU|28716383|-105958733|CUU|FD|0|36000|0|0|1000|0|0|0|0|0|0|0|0
S| |91000000|181000000| |CI|0|36000|0|0|0|0|0|0|0|0|0|0|0
S|D105M|28632183|-105731664|CUU|AF|2|36000|1300|10480|0|0|0|0|0|0|0|0|0
S|IMINO|28554167|-105522500| |TF|0|0|0|0|0|0|0|0|0|0|0|0|0

P|KIPA1A|18L|KIPAL|0|4
S|CU700|28527500|-106001694|CUU|CF|0|18300|1150|18340|1000|0|0|0|0|1|0|0|0
S|CU710|28612306|-105757778| |DF|1|0|0|0|0|0|1|15500|0|0|0|0|0
S|CU801|29130639|-105134056| |TF|0|0|0|0|0|0|0|0|0|0|0|0|0
S|KIPAL|29503833|-104973889| |TF|0|0|0|0|0|0|0|0|0|0|0|0|0

P|KIPA1B|36R|KIPAL|0|3
S|CU600|28880778|-105924750|CUU|CF|0|300|1000|230|1000|0|0|0|0|1|0|0|0
S|CU803|29279583|-105256806| |DF|0|0|0|0|0|0|0|0|0|0|0|0|0
S|KIPAL|29503833|-104973889| |TF|0|0|0|0|0|0|1|14000|0|0|0|0|0

P|OKOMA1|18L|OKOMA|0|5
S| |91000000|181000000| |CA|0|18300|0|0|0|0|1|4870|0|0|0|0|0
S|CUU|28716383|-105958733|CUU|FD|0|18300|0|0|1100|0|0|0|0|0|0|0|0
S| |91000000|181000000| |CI|0|18300|0|0|0|0|0|0|0|0|0|0|0
S|D157N|28490556|-105889489|CUU|AF|1|18300|1400|15680|0|0|0|0|0|0|0|0|0
S|OKOMA|28313056|-105835278| |TF|0|0|0|0|0|0|0|0|0|0|0|0|0

P|ONGIV3|36R|ONGIV|0|5
S| |91000000|181000000| |CA|0|300|0|0|0|0|1|4870|0|0|0|0|0
S|CUU|28716383|-105958733|CUU|FD|0|36000|0|0|1000|0|0|0|0|0|0|0|0
S| |91000000|181000000| |CI|0|36000|0|0|0|0|0|0|0|0|0|0|0
S|D329M|28916606|-106054403|CUU|AF|1|36000|1300|32920|0|0|0|0|0|0|0|0|0
S|ONGIV|29101389|-106143056| |TF|0|0|0|0|0|0|0|0|0|0|0|0|0

P|OTOS1A|18L|OTOSO|0|5
S|CU700|28527500|-106001694|CUU|CF|0|18300|1150|18340|1000|0|0|0|0|1|0|0|0
S|CU703|28467667|-106333528| |DF|0|0|0|0|0|0|2|15000|0|0|0|0|0
S|CU704|28440639|-106672500| |TF|0|0|0|0|0|0|0|0|0|0|0|0|0
S|CU802|28426444|-106846389| |TF|0|0|0|0|0|0|0|0|0|0|0|0|0
S|OTOSO|28308861|-107200083| |TF|0|0|0|0|0|0|1|20000|0|0|0|0|0

P|OTOS1B|36R|OTOSO|0|5
S|CU600|28880778|-105924750|CUU|CF|0|300|1000|230|1000|0|0|0|0|1|0|0|0
S|CU604|28772139|-106081083| |DF|1|0|0|0|0|0|1|15500|0|0|0|0|0
S|CU605|28538417|-106175389| |TF|0|0|0|0|0|0|0|0|0|0|0|0|0
S|CU802|28426444|-106846389| |TF|0|0|0|0|0|0|0|0|0|0|0|0|0
S|OTOSO|28308861|-107200083| |TF|0|0|0|0|0|0|1|20000|0|0|0|0|0

P|OVEKO1|18L|OVEKO|0|5
S| |91000000|181000000| |CA|0|18300|0|0|0|0|1|4870|0|0|0|0|0
S|CUU|28716383|-105958733|CUU|FD|0|18300|0|0|1100|0|0|0|0|0|0|0|0
S| |91000000|181000000| |CI|0|18300|0|0|0|0|0|0|0|0|0|0|0
S|D216N|28545878|-106140289|CUU|AF|2|18300|1400|21530|0|0|0|0|0|0|0|0|0
S|OVEKO|28350833|-106346944| |TF|0|0|0|0|0|0|0|0|0|0|0|0|0

P|OVOGI2|18L|OVOGI|0|5
S| |91000000|181000000| |CA|0|18300|0|0|0|0|1|4870|0|0|0|0|0
S|CUU|28716383|-105958733|CUU|FD|0|18300|0|0|1100|0|0|0|0|0|0|0|0
S| |91000000|181000000| |CI|0|18300|0|0|0|0|0|0|0|0|0|0|0
S|D268N|28740847|-106222683|CUU|AF|2|18300|1400|26810|0|0|0|0|0|0|0|0|0
S|OVOGI|28759722|-106430278| |TF|0|0|0|0|0|0|0|0|0|0|0|0|0

P|OXAL1A|18L|OXALA|0|5
S|CU700|28527500|-106001694|CUU|CF|0|18300|1150|18340|1000|0|0|0|0|1|0|0|0
S|CU701|28584861|-106284806| |DF|2|0|0|0|0|0|2|15000|0|0|0|0|0
S|CU702|28663000|-106467528| |TF|0|0|0|0|0|0|1|19000|0|0|0|0|0
S|OMISI|28789417|-106764917| |TF|0|0|0|0|0|0|0|0|0|0|0|0|0
S|OXALA|28995972|-107248861| |TF|0|0|0|0|0|0|1|20000|0|0|0|0|0

P|OXAL1B|36R|OXALA|0|5
S|CU600|28880778|-105924750|CUU|CF|0|300|1000|230|1000|0|0|0|0|1|0|0|0
S|CU607|28933111|-106310861| |DF|1|0|0|0|0|0|2|15000|0|0|0|0|0
S|CU608|28913861|-106503694| |TF|0|0|0|0|0|0|1|19000|0|0|0|0|0
S|CU609|28874417|-106890083| |TF|0|0|0|0|0|0|0|0|0|0|0|0|0
S|OXALA|28995972|-107248861| |TF|0|0|0|0|0|0|1|20000|0|0|0|0|0

P|ROKBI2|18L|ROKBI|0|4
S| |91000000|181000000| |CA|0|18300|0|0|0|0|1|4870|0|0|0|0|0
S|CUU|28716383|-105958733|CUU|FD|0|18300|0|0|1400|0|0|0|0|0|0|0|0
S|D192U|28385256|-106090339|CUU|CF|0|20800|2100|19140|740|0|0|0|0|0|0|0|0
S|ROKBI|28331389|-106111667| |TF|0|0|0|0|0|0|0|0|0|0|0|0|0

P|SETMA1|36R|SETMA|0|4
S| |91000000|181000000| |CA|0|300|0|0|0|0|1|4870|0|0|0|0|0
S|CUU|28716383|-105958733|CUU|FD|0|36000|0|0|1300|0|0|0|0|0|0|0|0
S|D340R|29010739|-106028953|CUU|CF|0|30300|1800|34020|730|0|0|0|0|0|0|0|0
S|SETMA|29125278|-106056389| |TF|0|0|0|0|0|0|0|0|0|0|0|0|0

P|SUTA1A|18L|SUTAR|0|4
S|CU700|28527500|-106001694|CUU|CF|0|18300|1150|18340|1000|0|0|0|0|1|0|0|0
S|CU710|28612306|-105757778| |DF|1|0|0|0|0|0|1|15500|0|0|0|0|0
S|CU711|28826167|-105763306| |TF|0|0|0|0|0|0|1|18000|0|0|0|0|0
S|SUTAR|29876694|-105790861| |TF|0|0|0|0|0|0|1|20000|0|0|0|0|0

P|SUTA1B|36R|SUTAR|0|3
S|CU600|28880778|-105924750|CUU|CF|0|300|1000|230|1000|0|0|0|0|1|0|0|0
S|CU610|29545222|-105839222| |TF|0|0|0|0|0|0|0|0|0|0|0|0|0
S|SUTAR|29876694|-105790861| |TF|0|0|0|0|0|0|1|20000|0|0|0|0|0

P|TAST1A|18L|TASTO|0|5
S| |91000000|181000000| |CA|0|18300|0|0|0|0|1|4870|0|0|0|0|0
S|CUU|28716383|-105958733|CUU|FD|0|18300|0|0|1100|0|0|0|0|0|0|0|0
S| |91000000|181000000| |CI|0|18300|0|0|0|0|0|0|0|0|0|0|0
S|D116N|28585406|-105738981|CUU|AF|1|18300|1400|11600|0|0|0|0|0|0|0|0|0
S|TASTO|28482222|-105566667| |TF|0|0|0|0|0|0|0|0|0|0|0|0|0

P|TAST1B|36R|TASTO|0|5
S| |91000000|181000000| |CA|0|300|0|0|0|0|1|4870|0|0|0|0|0
S|CUU|28716383|-105958733|CUU|FD|0|36000|0|0|1000|0|0|0|0|0|0|0|0
S| |91000000|181000000| |CI|0|36000|0|0|0|0|0|0|0|0|0|0|0
S|D116M|28594772|-105754658|CUU|AF|2|36000|1300|11600|0|0|0|0|0|0|0|0|0
S|TASTO|28482222|-105566667| |TF|0|0|0|0|0|0|0|0|0|0|0|0|0

P|TATG1A|18L|TATGA|0|5
S|CU700|28527500|-106001694|CUU|CF|0|18300|1150|18340|1000|0|0|0|0|1|0|0|0
S|CU701|28584861|-106284806| |DF|2|0|0|0|0|0|2|15000|0|0|0|0|0
S|CU702|28663000|-106467528| |TF|0|0|0|0|0|0|1|19000|0|0|0|0|0
S|OMISI|28789417|-106764917| |TF|0|0|0|0|0|0|0|0|0|0|0|0|0
S|TATGA|28833500|-107279667| |TF|0|0|0|0|0|0|1|20000|0|0|0|0|0

P|TATG1B|36R|TATGA|0|5
S|CU600|28880778|-105924750|CUU|CF|0|300|1000|230|1000|0|0|0|0|1|0|0|0
S|CU607|28933111|-106310861| |DF|1|0|0|0|0|0|2|15000|0|0|0|0|0
S|CU608|28913861|-106503694| |TF|0|0|0|0|0|0|1|19000|0|0|0|0|0
S|CU609|28874417|-106890083| |TF|0|0|0|0|0|0|0|0|0|0|0|0|0
S|TATGA|28833500|-107279667| |TF|0|0|0|0|0|0|1|20000|0|0|0|0|0

P|ULURO3|36R|ULURO|0|4
S| |91000000|181000000| |CA|0|300|0|0|0|0|1|4870|0|0|0|0|0
S|CUU|28716383|-105958733|CUU|FD|0|36000|0|0|1300|0|0|0|0|0|0|0|0
S|D344R|29014367|-106005189|CUU|CF|0|31100|1800|34420|650|0|0|0|0|0|0|0|0
S|ULURO|29130278|-106023333| |TF|0|0|0|0|0|0|0|0|0|0|0|0|0

P|URPAV3|36R|URPAV|0|4
S| |91000000|181000000| |CA|0|300|0|0|0|0|1|4870|0|0|0|0|0
S|CUU|28716383|-105958733|CUU|FD|0|36000|0|0|1300|0|0|0|0|0|0|0|0
S|D359R|29014794|-105915950|CUU|CF|0|35700|1800|35920|500|0|0|0|0|0|0|0|0
S|URPAV|29588056|-105833056| |TF|0|0|0|0|0|0|0|0|0|0|0|0|0

P|VIKMU3|36R|VIKMU|0|5
S| |91000000|181000000| |CA|0|300|0|0|0|0|1|4870|0|0|0|0|0
S|CUU|28716383|-105958733|CUU|FD|0|36000|0|0|1000|0|0|0|0|0|0|0|0
S| |91000000|181000000| |CI|0|36000|0|0|0|0|0|0|0|0|0|0|0
S|D040M|28863117|-105776897|CUU|AF|2|36000|1300|3950|0|0|0|0|0|0|0|0|0
S|VIKMU|28998333|-105608611| |TF|0|0|0|0|0|0|0|0|0|0|0|0|0

P|VILPO1|18L|VILPO|0|5
S| |91000000|181000000| |CA|0|18300|0|0|0|0|1|4870|0|0|0|0|0
S|CUU|28716383|-105958733|CUU|FD|0|18300|0|0|1100|0|0|0|0|0|0|0|0
S| |91000000|181000000| |CI|0|18300|0|0|0|0|0|0|0|0|0|0|0
S|D242N|28635808|-106207778|CUU|AF|2|18300|1400|24190|0|0|0|0|0|0|0|0|0
S|VILPO|28572222|-106403056| |TF|0|0|0|0|0|0|0|0|0|0|0|0|0

