P|AMAR2B|18|AMARI|0|5
S| |91000000|181000000| |CA|0|17800|0|0|0|0|1|480|0|0|0|0|0
S|LAP|24085603|-110358661|LAP|FD|0|18000|0|0|800|0|0|0|0|0|0|0|0
S| |91000000|181000000| |CI|0|18000|0|0|0|0|0|0|0|0|0|0|0
S|D138K|23929800|-110252236|LAP|AF|1|18000|1100|13790|0|0|0|0|0|0|0|0|0
S|AMARI|23616111|-110038889| |TF|0|0|0|0|0|0|0|0|0|0|0|0|0

P|DAPIS1|18|DAPIS|0|5
S| |91000000|181000000| |CA|0|17800|0|0|0|0|1|480|0|0|0|0|0
S|LAP|24085603|-110358661|LAP|FD|0|18000|0|0|800|0|0|0|0|0|0|0|0
S| |91000000|181000000| |CI|0|18000|0|0|0|0|0|0|0|0|0|0|0
S|D123K|23960464|-110211897|LAP|AF|1|18000|1100|12280|0|0|0|0|0|0|0|0|0
S|DAPIS|23694444|-109901389| |TF|0|0|0|0|0|0|0|0|0|0|0|0|0

P|DURTU2|36|DURTU|0|4
S| |91000000|181000000| |CA|0|35800|0|0|0|0|1|480|0|0|0|0|0
S|D355K|24268831|-110341172|LAP|CF|0|35500|1100|35500|1100|0|0|0|0|0|0|0|0
S|D358O|24333969|-110320567| |TF|0|0|0|0|0|0|0|0|0|0|0|0|0
S|DURTU|24498333|-110295278| |TF|0|0|0|0|0|0|0|0|0|0|0|0|0

P|LAP3B|36|LAP|0|3
S| |91000000|181000000| |CA|0|35800|0|0|0|0|1|480|0|0|0|0|0
S|LAP|24085603|-110358661|LAP|FD|0|35500|0|0|800|0|0|0|0|0|0|0|0
S|LAP|24085603|-110358661| |DF|1|0|0|0|0|0|0|0|0|0|0|0|0

P|LAP4A|18|LAP|0|3
S| |91000000|181000000| |CA|0|17800|0|0|0|0|1|480|0|0|0|0|0
S|LAP|24085603|-110358661|LAP|FD|0|18000|0|0|800|0|0|0|0|0|0|0|0
S|LAP|24085603|-110358661| |DF|2|0|0|0|0|0|0|0|0|0|0|0|0

P|MANU2A|18|MANUS|0|5
S| |91000000|181000000| |CA|0|17800|0|0|0|0|1|480|0|0|0|0|0
S|LAP|24085603|-110358661|LAP|FD|0|18000|0|0|800|0|0|0|0|0|0|0|0
S| |91000000|181000000| |CI|0|18000|0|0|0|0|0|0|0|0|0|0|0
S|D065K|24133244|-110165114|LAP|AF|1|18000|1100|6500|0|0|0|0|0|0|0|0|0
S|MANUS|24231389|-109762778| |TF|0|0|0|0|0|0|0|0|0|0|0|0|0

P|MANU2B|36|MANUS|0|5
S| |91000000|181000000| |CA|0|35800|0|0|0|0|1|480|0|0|0|0|0
S|LAP|24085603|-110358661|LAP|FD|0|35500|0|0|800|0|0|0|0|0|0|0|0
S| |91000000|181000000| |CI|0|35500|0|0|0|0|0|0|0|0|0|0|0
S|D065K|24133244|-110165114|LAP|AF|2|35500|1100|6500|0|0|0|0|0|0|0|0|0
S|MANUS|24231389|-109762778| |TF|0|0|0|0|0|0|0|0|0|0|0|0|0

P|MORS2A|18|MORSA|0|5
S| |91000000|181000000| |CA|0|17800|0|0|0|0|1|480|0|0|0|0|0
S|LAP|24085603|-110358661|LAP|FD|0|18000|0|0|800|0|0|0|0|0|0|0|0
S| |91000000|181000000| |CI|0|18000|0|0|0|0|0|0|0|0|0|0|0
S|D106K|24003839|-110179250|LAP|AF|1|18000|1100|10640|0|0|0|0|0|0|0|0|0
S|MORSA|23805278|-109746389| |TF|0|0|0|0|0|0|0|0|0|0|0|0|0

P|MORS2B|36|MORSA|0|5
S| |91000000|181000000| |CA|0|35800|0|0|0|0|1|480|0|0|0|0|0
S|LAP|24085603|-110358661|LAP|FD|0|35500|0|0|800|0|0|0|0|0|0|0|0
S| |91000000|181000000| |CI|0|35500|0|0|0|0|0|0|0|0|0|0|0
S|D106K|24003839|-110179250|LAP|AF|2|35500|1100|10640|0|0|0|0|0|0|0|0|0
S|MORSA|23805278|-109746389| |TF|0|0|0|0|0|0|0|0|0|0|0|0|0

P|ONGE2A|18|ONGEX|0|5
S| |91000000|181000000| |CA|0|17800|0|0|0|0|1|480|0|0|0|0|0
S|LAP|24085603|-110358661|LAP|FD|0|18000|0|0|800|0|0|0|0|0|0|0|0
S| |91000000|181000000| |CI|0|18000|0|0|0|0|0|0|0|0|0|0|0
S|D093K|24044131|-110163503|LAP|AF|1|18000|1100|9300|0|0|0|0|0|0|0|0|0
S|ONGEX|23955833|-109752222| |TF|0|0|0|0|0|0|0|0|0|0|0|0|0

P|ONGE2B|36|ONGEX|0|5
S| |91000000|181000000| |CA|0|35800|0|0|0|0|1|480|0|0|0|0|0
S|LAP|24085603|-110358661|LAP|FD|0|35500|0|0|800|0|0|0|0|0|0|0|0
S| |91000000|181000000| |CI|0|35500|0|0|0|0|0|0|0|0|0|0|0
S|D093K|24044131|-110163503|LAP|AF|2|35500|1100|9300|0|0|0|0|0|0|0|0|0
S|ONGEX|23955833|-109752222| |TF|0|0|0|0|0|0|0|0|0|0|0|0|0

P|ORCAS2|36|ORCAS|0|5
S| |91000000|181000000| |CA|0|35800|0|0|0|0|1|480|0|0|0|0|0
S|LAP|24085603|-110358661|LAP|FD|0|35500|0|0|800|0|0|0|0|0|0|0|0
S| |91000000|181000000| |CI|0|35500|0|0|0|0|0|0|0|0|0|0|0
S|D310K|24225839|-110488367|LAP|AF|1|35500|1100|30970|0|0|0|0|0|0|0|0|0
S|ORCAS|24403889|-110653611| |TF|0|0|0|0|0|0|0|0|0|0|0|0|0

P|PISET1|36|PISET|0|4
S| |91000000|181000000| |CA|0|35800|0|0|0|0|1|480|0|0|0|0|0
S|D355K|24268831|-110341172|LAP|CF|0|35500|1100|35500|1100|0|0|0|0|0|0|0|0
S|D342O|24334014|-110396403| |TF|0|0|0|0|0|0|0|0|0|0|0|0|0
S|PISET|24499722|-110421667| |TF|0|0|0|0|0|0|0|0|0|0|0|0|0

P|TULES2|36|TULES|0|5
S| |91000000|181000000| |CA|0|35800|0|0|0|0|1|480|0|0|0|0|0
S|LAP|24085603|-110358661|LAP|FD|0|35500|0|0|800|0|0|0|0|0|0|0|0
S| |91000000|181000000| |CI|0|35500|0|0|0|0|0|0|0|0|0|0|0
S|D325K|24251936|-110444228|LAP|AF|1|35500|1100|32480|0|0|0|0|0|0|0|0|0
S|TULES|24462778|-110553056| |TF|0|0|0|0|0|0|0|0|0|0|0|0|0

P|XOMS2B|36|XOMSA|0|5
S| |91000000|181000000| |CA|0|35800|0|0|0|0|1|480|0|0|0|0|0
S|LAP|24085603|-110358661|LAP|FD|0|35500|0|0|800|0|0|0|0|0|0|0|0
S| |91000000|181000000| |CI|0|35500|0|0|0|0|0|0|0|0|0|0|0
S|D026K|24234233|-110240575|LAP|AF|2|35500|1100|2610|0|0|0|0|0|0|0|0|0
S|XOMSA|24422778|-110090278| |TF|0|0|0|0|0|0|0|0|0|0|0|0|0

