P|ANIDA4|05|ANIDA|0|5
S| |91000000|181000000| |CA|0|4900|0|0|0|0|1|6440|0|0|0|0|0
S|MLM|19843778|-101037042|MLM|FD|0|5000|0|0|1100|0|0|0|0|0|0|0|0
S| |91000000|181000000| |CI|0|5000|0|0|0|0|0|0|0|0|0|0|0
S|D335N|20063906|-101121636|MLM|AF|1|5000|1400|33500|0|0|0|0|0|0|0|0|0
S|ANIDA|20235556|-101187778| |TF|0|0|0|0|0|0|0|0|0|0|0|0|0

P|AXOB3A|05|AXOBI|0|5
S| |91000000|181000000| |CA|0|4900|0|0|0|0|1|6440|0|0|0|0|0
S|MLM|19843778|-101037042|MLM|FD|0|5000|0|0|1100|0|0|0|0|0|0|0|0
S| |91000000|181000000| |CI|0|5000|0|0|0|0|0|0|0|0|0|0|0
S|D323N|20041033|-101170578|MLM|AF|1|5000|1400|32240|0|0|0|0|0|0|0|0|0
S|AXOBI|20195278|-101275278| |TF|0|0|0|0|0|0|0|0|0|0|0|0|0

P|AXOB3B|23|AXOBI|0|5
S| |91000000|181000000| |CA|0|22700|0|0|0|0|1|6440|0|0|0|0|0
S|MLM|19843778|-101037042|MLM|FD|0|23000|0|0|900|0|0|0|0|0|0|0|0
S| |91000000|181000000| |CI|0|23000|0|0|0|0|0|0|0|0|0|0|0
S|D323L|20012861|-101151481|MLM|AF|2|23000|1200|32240|0|0|0|0|0|0|0|0|0
S|AXOBI|20195278|-101275278| |TF|0|0|0|0|0|0|0|0|0|0|0|0|0

P|GADET4|05|GADET|0|5
S| |91000000|181000000| |CA|0|4900|0|0|0|0|1|6440|0|0|0|0|0
S|MLM|19843778|-101037042|MLM|FD|0|5000|0|0|1100|0|0|0|0|0|0|0|0
S| |91000000|181000000| |CI|0|5000|0|0|0|0|0|0|0|0|0|0|0
S|D094N|19805467|-100792878|MLM|AF|2|5000|1400|9440|0|0|0|0|0|0|0|0|0
S|GADET|19775000|-100600278| |TF|0|0|0|0|0|0|0|0|0|0|0|0|0

P|MLM5A|05|MLM|0|3
S| |91000000|181000000| |CA|0|4900|0|0|0|0|1|6440|0|0|0|0|0
S|MLM|19843778|-101037042|MLM|FD|0|5000|0|0|800|0|0|0|0|0|0|0|0
S|MLM|19843778|-101037042| |DF|2|0|0|0|0|0|0|0|0|0|0|0|0

P|MLM5B|23|MLM|0|3
S| |91000000|181000000| |CA|0|22700|0|0|0|0|1|6440|0|0|0|0|0
S|MLM|19843778|-101037042|MLM|FD|0|23000|0|0|700|0|0|0|0|0|0|0|0
S|MLM|19843778|-101037042| |DF|2|0|0|0|0|0|0|0|0|0|0|0|0

P|PAMAB3|05|PAMAB|0|5
S| |91000000|181000000| |CA|0|4900|0|0|0|0|1|6440|0|0|0|0|0
S|MLM|19843778|-101037042|MLM|FD|0|5000|0|0|1100|0|0|0|0|0|0|0|0
S| |91000000|181000000| |CI|0|5000|0|0|0|0|0|0|0|0|0|0|0
S|D105N|19764292|-100804261|MLM|AF|2|5000|1400|10480|0|0|0|0|0|0|0|0|0
S|PAMAB|19701389|-100620833| |TF|0|0|0|0|0|0|0|0|0|0|0|0|0

P|PIVAN4|05|PIVAN|0|4
S| |91000000|181000000| |CA|0|4900|0|0|0|0|1|6440|0|0|0|0|0
S|MLM|19843778|-101037042|MLM|FD|0|5000|0|0|1400|0|0|0|0|0|0|0|0
S|D041R|20054078|-100809108|MLM|CF|0|1300|1800|4070|500|0|0|0|0|0|0|0|0
S|PIVAN|20135556|-100720556| |TF|0|0|0|0|0|0|0|0|0|0|0|0|0

P|REMIL4|23|REMIL|0|5
S| |91000000|181000000| |CA|0|22700|0|0|0|0|1|6440|0|0|0|0|0
S|MLM|19843778|-101037042|MLM|FD|0|23000|0|0|900|0|0|0|0|0|0|0|0
S| |91000000|181000000| |CI|0|23000|0|0|0|0|0|0|0|0|0|0|0
S|D283L|19905575|-101238942|MLM|AF|2|23000|1200|28300|0|0|0|0|0|0|0|0|0
S|REMIL|19972500|-101458611| |TF|0|0|0|0|0|0|0|0|0|0|0|0|0

P|SUVSU4|23|SUVSU|0|4
S| |91000000|181000000| |CA|0|22700|0|0|0|0|1|6440|0|0|0|0|0
S|MLM|19843778|-101037042|MLM|FD|0|23000|0|0|1200|0|0|0|0|0|0|0|0
S|D240Q|19723192|-101309153|MLM|CF|0|26300|1700|24000|560|0|0|0|0|0|0|0|0
S|SUVSU|19666111|-101437500| |TF|0|0|0|0|0|0|0|0|0|0|0|0|0

P|TUZAS4|23|TUZAS|0|5
S| |91000000|181000000| |CA|0|22700|0|0|0|0|1|6440|0|0|0|0|0
S|MLM|19843778|-101037042|MLM|FD|0|23000|0|0|900|0|0|0|0|0|0|0|0
S| |91000000|181000000| |CI|0|23000|0|0|0|0|0|0|0|0|0|0|0
S|D186L|19646481|-101076253|MLM|AF|1|23000|1200|18570|0|0|0|0|0|0|0|0|0
S|TUZAS|19376667|-101129722| |TF|0|0|0|0|0|0|0|0|0|0|0|0|0

P|VERBA5|05|VERBA|0|5
S| |91000000|181000000| |CA|0|4900|0|0|0|0|1|6440|0|0|0|0|0
S|MLM|19843778|-101037042|MLM|FD|0|5000|0|0|1100|0|0|0|0|0|0|0|0
S| |91000000|181000000| |CI|0|5000|0|0|0|0|0|0|0|0|0|0|0
S|D129N|19676150|-100864253|MLM|AF|2|5000|1400|13070|0|0|0|0|0|0|0|0|0
S|VERBA|19545278|-100729722| |TF|0|0|0|0|0|0|0|0|0|0|0|0|0

