P|ATUR2A|05L|ATURO|0|8
S|MX800|19491983|-98975864|MEX|CF|0|5500|620|5460|700|0|1|9000|0|0|0|0|0
S|MX800|19491983|-98975864| |IF|0|0|0|0|0|0|1|9000|0|0|0|0|0
S|MX802|19532500|-98903556| |TF|0|0|0|0|0|0|2|14000|0|0|0|0|0
S|MX803|19708806|-98700000| |TF|0|0|0|0|0|0|1|16000|0|0|0|0|0
S|MX804|19969472|-98682472| |TF|0|0|0|0|0|0|0|0|0|0|0|0|0
S|MX805|20147139|-98819694| |TF|0|0|0|0|0|0|3|26000|22000|0|0|0|0
S|OTMAL|20240972|-98893222| |TF|0|0|0|0|0|0|0|0|0|0|0|0|0
S|ATURO|20445681|-99251311| |TF|0|0|0|0|0|0|2|29000|0|0|0|0|0

P|ATUR2A|05R|ATURO|0|8
S|MX800|19491983|-98975864|MEX|CF|0|5400|620|5460|700|0|1|9000|0|0|0|0|0
S|MX800|19491983|-98975864| |IF|0|0|0|0|0|0|1|9000|0|0|0|0|0
S|MX802|19532500|-98903556| |TF|0|0|0|0|0|0|2|14000|0|0|0|0|0
S|MX803|19708806|-98700000| |TF|0|0|0|0|0|0|1|16000|0|0|0|0|0
S|MX804|19969472|-98682472| |TF|0|0|0|0|0|0|0|0|0|0|0|0|0
S|MX805|20147139|-98819694| |TF|0|0|0|0|0|0|3|26000|22000|0|0|0|0
S|OTMAL|20240972|-98893222| |TF|0|0|0|0|0|0|0|0|0|0|0|0|0
S|ATURO|20445681|-99251311| |TF|0|0|0|0|0|0|2|29000|0|0|0|0|0

P|ATUR3B|23L|ATURO|0|7
S|MX503|19359786|-99211042|MEX|CF|0|23600|930|23590|900|0|1|10000|0|0|0|0|0
S|MX503|19359786|-99211042| |IF|0|0|0|0|0|0|1|10000|0|0|0|0|0
S|MX520|19485656|-99316525| |TF|0|0|0|0|0|220|1|13000|0|0|0|0|0
S|SEGUM|19646417|-99319583| |TF|0|0|0|0|0|0|2|18000|0|0|0|0|0
S|MX550|20127794|-99169442| |TF|0|0|0|0|0|0|2|21000|0|0|0|0|0
S|MX527|20248639|-99131583| |TF|0|0|0|0|0|0|0|0|0|0|0|0|0
S|ATURO|20445681|-99251311| |TF|0|0|0|0|0|0|2|29000|0|0|0|0|0

P|ATUR3B|23R|ATURO|0|7
S|MX503|19359786|-99211042|MEX|CF|0|23500|930|23590|900|0|1|10000|0|0|0|0|0
S|MX503|19359786|-99211042| |IF|0|0|0|0|0|0|1|10000|0|0|0|0|0
S|MX520|19485656|-99316525| |TF|0|0|0|0|0|220|1|13000|0|0|0|0|0
S|SEGUM|19646417|-99319583| |TF|0|0|0|0|0|0|2|18000|0|0|0|0|0
S|MX550|20127794|-99169442| |TF|0|0|0|0|0|0|2|21000|0|0|0|0|0
S|MX527|20248639|-99131583| |TF|0|0|0|0|0|0|0|0|0|0|0|0|0
S|ATURO|20445681|-99251311| |TF|0|0|0|0|0|0|2|29000|0|0|0|0|0

P|AXIR2A|05L|AXIRI|0|8
S|MX800|19491983|-98975864|MEX|CF|0|5500|620|5460|700|0|1|9000|0|0|0|0|0
S|MX800|19491983|-98975864| |IF|0|0|0|0|0|0|1|9000|0|0|0|0|0
S|MX802|19532500|-98903556| |TF|0|0|0|0|0|0|2|14000|0|0|0|0|0
S|MX803|19708806|-98700000| |TF|0|0|0|0|0|0|1|16000|0|0|0|0|0
S|MX804|19969472|-98682472| |TF|0|0|0|0|0|0|0|0|0|0|0|0|0
S|MX805|20147139|-98819694| |TF|0|0|0|0|0|0|3|26000|22000|0|0|0|0
S|OTMAL|20240972|-98893222| |TF|0|0|0|0|0|0|0|0|0|0|0|0|0
S|AXIRI|20439944|-99072817| |TF|0|0|0|0|0|0|2|29000|0|0|0|0|0

P|AXIR2A|05R|AXIRI|0|8
S|MX800|19491983|-98975864|MEX|CF|0|5400|620|5460|700|0|1|9000|0|0|0|0|0
S|MX800|19491983|-98975864| |IF|0|0|0|0|0|0|1|9000|0|0|0|0|0
S|MX802|19532500|-98903556| |TF|0|0|0|0|0|0|2|14000|0|0|0|0|0
S|MX803|19708806|-98700000| |TF|0|0|0|0|0|0|1|16000|0|0|0|0|0
S|MX804|19969472|-98682472| |TF|0|0|0|0|0|0|0|0|0|0|0|0|0
S|MX805|20147139|-98819694| |TF|0|0|0|0|0|0|3|26000|22000|0|0|0|0
S|OTMAL|20240972|-98893222| |TF|0|0|0|0|0|0|0|0|0|0|0|0|0
S|AXIRI|20439944|-99072817| |TF|0|0|0|0|0|0|2|29000|0|0|0|0|0

P|AXIR3B|23L|AXIRI|0|7
S|MX503|19359786|-99211042|MEX|CF|0|23600|930|23590|900|0|1|10000|0|0|0|0|0
S|MX503|19359786|-99211042| |IF|0|0|0|0|0|0|1|10000|0|0|0|0|0
S|MX520|19485656|-99316525| |TF|0|0|0|0|0|220|1|13000|0|0|0|0|0
S|SEGUM|19646417|-99319583| |TF|0|0|0|0|0|0|2|18000|0|0|0|0|0
S|MX550|20127794|-99169442| |TF|0|0|0|0|0|0|2|21000|0|0|0|0|0
S|MX527|20248639|-99131583| |TF|0|0|0|0|0|0|0|0|0|0|0|0|0
S|AXIRI|20439944|-99072817| |TF|0|0|0|0|0|0|2|29000|0|0|0|0|0

P|AXIR3B|23R|AXIRI|0|7
S|MX503|19359786|-99211042|MEX|CF|0|23500|930|23590|900|0|1|10000|0|0|0|0|0
S|MX503|19359786|-99211042| |IF|0|0|0|0|0|0|1|10000|0|0|0|0|0
S|MX520|19485656|-99316525| |TF|0|0|0|0|0|220|1|13000|0|0|0|0|0
S|SEGUM|19646417|-99319583| |TF|0|0|0|0|0|0|2|18000|0|0|0|0|0
S|MX550|20127794|-99169442| |TF|0|0|0|0|0|0|2|21000|0|0|0|0|0
S|MX527|20248639|-99131583| |TF|0|0|0|0|0|0|0|0|0|0|0|0|0
S|AXIRI|20439944|-99072817| |TF|0|0|0|0|0|0|2|29000|0|0|0|0|0

P|IKLA2A|05L|IKLAN|0|8
S|MX800|19491983|-98975864|MEX|CF|0|5500|620|5460|700|0|1|9000|0|0|0|0|0
S|MX800|19491983|-98975864| |IF|0|0|0|0|0|0|1|9000|0|0|0|0|0
S|MX802|19532500|-98903556| |TF|0|0|0|0|0|0|2|14000|0|0|0|0|0
S|MX803|19708806|-98700000| |TF|0|0|0|0|0|0|1|16000|0|0|0|0|0
S|MX804|19969472|-98682472| |TF|0|0|0|0|0|0|0|0|0|0|0|0|0
S|MX805|20147139|-98819694| |TF|0|0|0|0|0|0|3|26000|22000|0|0|0|0
S|OTMAL|20240972|-98893222| |TF|0|0|0|0|0|0|0|0|0|0|0|0|0
S|IKLAN|20433936|-98890617| |TF|0|0|0|0|0|0|2|29000|0|0|0|0|0

P|IKLA2A|05R|IKLAN|0|8
S|MX800|19491983|-98975864|MEX|CF|0|5400|620|5460|700|0|1|9000|0|0|0|0|0
S|MX800|19491983|-98975864| |IF|0|0|0|0|0|0|1|9000|0|0|0|0|0
S|MX802|19532500|-98903556| |TF|0|0|0|0|0|0|2|14000|0|0|0|0|0
S|MX803|19708806|-98700000| |TF|0|0|0|0|0|0|1|16000|0|0|0|0|0
S|MX804|19969472|-98682472| |TF|0|0|0|0|0|0|0|0|0|0|0|0|0
S|MX805|20147139|-98819694| |TF|0|0|0|0|0|0|3|26000|22000|0|0|0|0
S|OTMAL|20240972|-98893222| |TF|0|0|0|0|0|0|0|0|0|0|0|0|0
S|IKLAN|20433936|-98890617| |TF|0|0|0|0|0|0|2|29000|0|0|0|0|0

P|IKLA3B|23L|IKLAN|0|7
S|MX503|19359786|-99211042|MEX|CF|0|23600|930|23590|900|0|1|10000|0|0|0|0|0
S|MX503|19359786|-99211042| |IF|0|0|0|0|0|0|1|10000|0|0|0|0|0
S|MX520|19485656|-99316525| |TF|0|0|0|0|0|220|1|13000|0|0|0|0|0
S|SEGUM|19646417|-99319583| |TF|0|0|0|0|0|0|2|18000|0|0|0|0|0
S|MX550|20127794|-99169442| |TF|0|0|0|0|0|0|2|21000|0|0|0|0|0
S|MX527|20248639|-99131583| |TF|0|0|0|0|0|0|0|0|0|0|0|0|0
S|IKLAN|20433936|-98890617| |TF|0|0|0|0|0|0|2|29000|0|0|0|0|0

P|IKLA3B|23R|IKLAN|0|7
S|MX503|19359786|-99211042|MEX|CF|0|23500|930|23590|900|0|1|10000|0|0|0|0|0
S|MX503|19359786|-99211042| |IF|0|0|0|0|0|0|1|10000|0|0|0|0|0
S|MX520|19485656|-99316525| |TF|0|0|0|0|0|220|1|13000|0|0|0|0|0
S|SEGUM|19646417|-99319583| |TF|0|0|0|0|0|0|2|18000|0|0|0|0|0
S|MX550|20127794|-99169442| |TF|0|0|0|0|0|0|2|21000|0|0|0|0|0
S|MX527|20248639|-99131583| |TF|0|0|0|0|0|0|0|0|0|0|0|0|0
S|IKLAN|20433936|-98890617| |TF|0|0|0|0|0|0|2|29000|0|0|0|0|0

P|ILET2B|23L|ILETO|0|9
S|MX504|19387083|-99162500|MEX|CF|0|23700|610|23610|600|0|1|9000|0|0|0|0|0
S|MX504|19387083|-99162500| |IF|0|0|0|0|0|0|1|9000|0|0|0|0|0
S|MX540|19263981|-99036650| |DF|0|0|0|0|0|210|2|15000|0|0|0|0|0
S|MX541|19299181|-98937647| |TF|0|0|0|0|0|0|2|18500|0|0|0|0|0
S|MUXAN|19441417|-98808750| |TF|0|0|0|0|0|0|2|20000|0|0|0|0|0
S|MX501|19478506|-98704678| |TF|0|0|0|0|0|250|0|0|0|0|0|0|0
S|MX505|19471139|-98526028| |TF|0|0|0|0|0|0|3|23000|20000|0|0|0|0
S|OVATI|19465056|-98381639| |TF|0|0|0|0|0|0|3|25000|23000|0|0|0|0
S|ILETO|19263853|-98020356| |TF|0|0|0|0|0|0|2|29000|0|0|0|0|0

P|ILET2B|23R|ILETO|0|9
S|MX504|19387083|-99162500|MEX|CF|0|23500|610|23610|600|0|1|9000|0|0|0|0|0
S|MX504|19387083|-99162500| |IF|0|0|0|0|0|0|1|9000|0|0|0|0|0
S|MX540|19263981|-99036650| |DF|0|0|0|0|0|210|2|15000|0|0|0|0|0
S|MX541|19299181|-98937647| |TF|0|0|0|0|0|0|2|18500|0|0|0|0|0
S|MUXAN|19441417|-98808750| |TF|0|0|0|0|0|0|2|20000|0|0|0|0|0
S|MX501|19478506|-98704678| |TF|0|0|0|0|0|250|0|0|0|0|0|0|0
S|MX505|19471139|-98526028| |TF|0|0|0|0|0|0|3|23000|20000|0|0|0|0
S|OVATI|19465056|-98381639| |TF|0|0|0|0|0|0|3|25000|23000|0|0|0|0
S|ILETO|19263853|-98020356| |TF|0|0|0|0|0|0|2|29000|0|0|0|0|0

P|ILET3A|05L|ILETO|0|6
S|MX800|19491983|-98975864|MEX|CF|0|5500|620|5460|700|0|1|9000|0|0|0|0|0
S|MX800|19491983|-98975864| |IF|0|0|0|0|0|0|1|9000|0|0|0|0|0
S|MX802|19532500|-98903556| |TF|0|0|0|0|0|0|2|14000|0|0|0|0|0
S|MX811|19577861|-98731222| |TF|0|0|0|0|0|250|0|0|0|0|0|0|0
S|MX815|19422861|-98379194| |TF|0|0|0|0|0|0|3|25000|18000|0|0|0|0
S|ILETO|19263853|-98020356| |TF|0|0|0|0|0|0|3|29000|20000|0|0|0|0

P|ILET3A|05R|ILETO|0|6
S|MX800|19491983|-98975864|MEX|CF|0|5400|620|5460|700|0|1|9000|0|0|0|0|0
S|MX800|19491983|-98975864| |IF|0|0|0|0|0|0|1|9000|0|0|0|0|0
S|MX802|19532500|-98903556| |TF|0|0|0|0|0|0|2|14000|0|0|0|0|0
S|MX811|19577861|-98731222| |TF|0|0|0|0|0|250|0|0|0|0|0|0|0
S|MX815|19422861|-98379194| |TF|0|0|0|0|0|0|3|25000|18000|0|0|0|0
S|ILETO|19263853|-98020356| |TF|0|0|0|0|0|0|3|29000|20000|0|0|0|0

P|NOXO2B|23L|NOXOS|0|9
S|MX504|19387083|-99162500|MEX|CF|0|23700|610|23610|600|0|1|9000|0|1|0|0|0
S|MX504|19387083|-99162500| |IF|0|0|0|0|0|0|1|9000|0|0|0|0|0
S|MX540|19263981|-99036650| |DF|0|0|0|0|0|210|2|15000|0|0|0|0|0
S|MX541|19299181|-98937647| |TF|0|0|0|0|0|0|2|18500|0|0|0|0|0
S|MUXAN|19441417|-98808750| |TF|0|0|0|0|0|0|2|20000|0|0|0|0|0
S|MX501|19478506|-98704678| |TF|0|0|0|0|0|250|0|0|0|0|0|0|0
S|MX505|19471139|-98526028| |TF|0|0|0|0|0|0|3|23000|20000|0|0|0|0
S|OVATI|19465056|-98381639| |TF|0|0|0|0|0|0|3|25000|23000|0|0|0|0
S|NOXOS|19602319|-98008033| |TF|0|0|0|0|0|0|2|29000|0|0|0|0|0

P|NOXO2B|23R|NOXOS|0|9
S|MX504|19387083|-99162500|MEX|CF|0|23500|610|23610|600|0|1|9000|0|1|0|0|0
S|MX504|19387083|-99162500| |IF|0|0|0|0|0|0|1|9000|0|0|0|0|0
S|MX540|19263981|-99036650| |DF|0|0|0|0|0|210|2|15000|0|0|0|0|0
S|MX541|19299181|-98937647| |TF|0|0|0|0|0|0|2|18500|0|0|0|0|0
S|MUXAN|19441417|-98808750| |TF|0|0|0|0|0|0|2|20000|0|0|0|0|0
S|MX501|19478506|-98704678| |TF|0|0|0|0|0|250|0|0|0|0|0|0|0
S|MX505|19471139|-98526028| |TF|0|0|0|0|0|0|3|23000|20000|0|0|0|0
S|OVATI|19465056|-98381639| |TF|0|0|0|0|0|0|3|25000|23000|0|0|0|0
S|NOXOS|19602319|-98008033| |TF|0|0|0|0|0|0|2|29000|0|0|0|0|0

P|NOXO3A|05L|NOXOS|0|7
S|MX800|19491983|-98975864|MEX|CF|0|5500|620|5460|700|0|1|9000|0|0|0|0|0
S|MX800|19491983|-98975864| |IF|0|0|0|0|0|0|1|9000|0|0|0|0|0
S|MX802|19532500|-98903556| |TF|0|0|0|0|0|0|2|14000|0|0|0|0|0
S|MX811|19577861|-98731222| |TF|0|0|0|0|0|250|0|0|0|0|0|0|0
S|MX812|19615861|-98513500| |TF|0|0|0|0|0|0|0|0|0|0|0|0|0
S|SELOX|19613194|-98404667| |TF|0|0|0|0|0|0|3|25000|18000|0|0|0|0
S|NOXOS|19602319|-98008033| |TF|0|0|0|0|0|0|3|29000|20000|0|0|0|0

P|NOXO3A|05R|NOXOS|0|7
S|MX800|19491983|-98975864|MEX|CF|0|5400|620|5460|700|0|1|9000|0|0|0|0|0
S|MX800|19491983|-98975864| |IF|0|0|0|0|0|0|1|9000|0|0|0|0|0
S|MX802|19532500|-98903556| |TF|0|0|0|0|0|0|2|14000|0|0|0|0|0
S|MX811|19577861|-98731222| |TF|0|0|0|0|0|250|0|0|0|0|0|0|0
S|MX812|19615861|-98513500| |TF|0|0|0|0|0|0|0|0|0|0|0|0|0
S|SELOX|19613194|-98404667| |TF|0|0|0|0|0|0|3|25000|18000|0|0|0|0
S|NOXOS|19602319|-98008033| |TF|0|0|0|0|0|0|3|29000|20000|0|0|0|0

P|OVAG3A|05L|OVAGO|0|6
S|MX800|19491983|-98975864|MEX|CF|0|5500|620|5460|700|0|1|9000|0|1|0|0|0
S|MX800|19491983|-98975864| |IF|0|0|0|0|0|0|1|9000|0|0|0|0|0
S|MX851|19371222|-99060611| |DF|2|0|0|0|0|230|3|17000|15000|0|0|0|0
S|MX852|19322594|-99391811| |TF|0|0|0|0|0|250|1|17000|0|0|0|0|0
S|SERNU|19243111|-99803111| |TF|0|0|0|0|0|0|3|24000|21000|0|0|0|0
S|OVAGO|19181833|-100139306| |TF|0|0|0|0|0|0|2|29000|0|0|0|0|0

P|OVAG3A|05R|OVAGO|0|6
S|MX800|19491983|-98975864|MEX|CF|0|5400|620|5460|700|0|1|9000|0|1|0|0|0
S|MX800|19491983|-98975864| |IF|0|0|0|0|0|0|1|9000|0|0|0|0|0
S|MX851|19371222|-99060611| |DF|2|0|0|0|0|230|3|17000|15000|0|0|0|0
S|MX852|19322594|-99391811| |TF|0|0|0|0|0|250|1|17000|0|0|0|0|0
S|SERNU|19243111|-99803111| |TF|0|0|0|0|0|0|3|24000|21000|0|0|0|0
S|OVAGO|19181833|-100139306| |TF|0|0|0|0|0|0|2|29000|0|0|0|0|0

P|OVAG3B|23L|OVAGO|0|7
S|MX503|19359786|-99211042|MEX|CF|0|23600|930|23590|900|0|1|10000|0|0|0|0|0
S|MX503|19359786|-99211042| |IF|0|0|0|0|0|0|1|10000|0|0|0|0|0
S|MX520|19485656|-99316525| |TF|0|0|0|0|0|220|1|13000|0|0|0|0|0
S|MX521|19436569|-99452783| |TF|0|0|0|0|0|0|1|15000|0|0|0|0|0
S|RAKEM|19382361|-99602722| |TF|0|0|0|0|0|250|3|22000|18000|0|0|0|0
S|ESVOR|19305139|-99810167| |TF|0|0|0|0|0|0|3|24000|21000|0|0|0|0
S|OVAGO|19181833|-100139306| |TF|0|0|0|0|0|0|2|29000|0|0|0|0|0

P|OVAG3B|23R|OVAGO|0|7
S|MX503|19359786|-99211042|MEX|CF|0|23500|930|23590|900|0|1|10000|0|0|0|0|0
S|MX503|19359786|-99211042| |IF|0|0|0|0|0|0|1|10000|0|0|0|0|0
S|MX520|19485656|-99316525| |TF|0|0|0|0|0|220|1|13000|0|0|0|0|0
S|MX521|19436569|-99452783| |TF|0|0|0|0|0|0|1|15000|0|0|0|0|0
S|RAKEM|19382361|-99602722| |TF|0|0|0|0|0|250|3|22000|18000|0|0|0|0
S|ESVOR|19305139|-99810167| |TF|0|0|0|0|0|0|3|24000|21000|0|0|0|0
S|OVAGO|19181833|-100139306| |TF|0|0|0|0|0|0|2|29000|0|0|0|0|0

P|SEBO3A|05L|SEBON|0|7
S|MX800|19491983|-98975864|MEX|CF|0|5500|620|5460|700|0|1|9000|0|1|0|0|0
S|MX800|19491983|-98975864| |IF|0|0|0|0|0|0|1|9000|0|0|0|0|0
S|MX851|19371222|-99060611| |DF|2|0|0|0|0|230|3|17000|15000|0|0|0|0
S|MX852|19322594|-99391811| |TF|0|0|0|0|0|250|1|17000|0|0|0|0|0
S|RAKEM|19382361|-99602722| |TF|0|0|0|0|0|0|3|21000|18000|0|0|0|0
S|MASAP|19369111|-99817444| |TF|0|0|0|0|0|0|3|23000|21000|0|0|0|0
S|SEBON|19349028|-100133250| |TF|0|0|0|0|0|0|2|29000|0|0|0|0|0

P|SEBO3A|05R|SEBON|0|7
S|MX800|19491983|-98975864|MEX|CF|0|5400|620|5460|700|0|1|9000|0|1|0|0|0
S|MX800|19491983|-98975864| |IF|0|0|0|0|0|0|1|9000|0|0|0|0|0
S|MX851|19371222|-99060611| |DF|2|0|0|0|0|230|3|17000|15000|0|0|0|0
S|MX852|19322594|-99391811| |TF|0|0|0|0|0|250|1|17000|0|0|0|0|0
S|RAKEM|19382361|-99602722| |TF|0|0|0|0|0|0|3|21000|18000|0|0|0|0
S|MASAP|19369111|-99817444| |TF|0|0|0|0|0|0|3|23000|21000|0|0|0|0
S|SEBON|19349028|-100133250| |TF|0|0|0|0|0|0|2|29000|0|0|0|0|0

P|SEBO3B|23L|SEBON|0|7
S|MX503|19359786|-99211042|MEX|CF|0|23600|930|23590|900|0|1|10000|0|0|0|0|0
S|MX503|19359786|-99211042| |IF|0|0|0|0|0|0|1|10000|0|0|0|0|0
S|MX520|19485656|-99316525| |TF|0|0|0|0|0|220|1|13000|0|0|0|0|0
S|MX521|19436569|-99452783| |TF|0|0|0|0|0|0|1|15000|0|0|0|0|0
S|RAKEM|19382361|-99602722| |TF|0|0|0|0|0|250|3|22000|18000|0|0|0|0
S|MASAP|19369111|-99817444| |TF|0|0|0|0|0|0|3|24000|21000|0|0|0|0
S|SEBON|19349028|-100133250| |TF|0|0|0|0|0|0|2|29000|0|0|0|0|0

P|SEBO3B|23R|SEBON|0|7
S|MX503|19359786|-99211042|MEX|CF|0|23500|930|23590|900|0|1|10000|0|0|0|0|0
S|MX503|19359786|-99211042| |IF|0|0|0|0|0|0|1|10000|0|0|0|0|0
S|MX520|19485656|-99316525| |TF|0|0|0|0|0|220|1|13000|0|0|0|0|0
S|MX521|19436569|-99452783| |TF|0|0|0|0|0|0|1|15000|0|0|0|0|0
S|RAKEM|19382361|-99602722| |TF|0|0|0|0|0|250|3|22000|18000|0|0|0|0
S|MASAP|19369111|-99817444| |TF|0|0|0|0|0|0|3|24000|21000|0|0|0|0
S|SEBON|19349028|-100133250| |TF|0|0|0|0|0|0|2|29000|0|0|0|0|0

P|TEVO2A|05L|TEVOS|0|7
S|MX800|19491983|-98975864|MEX|CF|0|5500|620|5460|700|0|1|9000|0|1|0|0|0
S|MX800|19491983|-98975864| |IF|0|0|0|0|0|0|1|9000|0|0|0|0|0
S|MX839|19332353|-98818536| |DF|0|0|0|0|0|230|2|18500|0|0|0|0|0
S|MX840|19177900|-98827697| |TF|0|0|0|0|0|0|0|0|0|0|0|0|0
S|USBAN|18941253|-98841700| |TF|0|0|0|0|0|0|1|21000|0|0|0|0|0
S|ULOTO|18620889|-98892833| |TF|0|0|0|0|0|0|0|0|0|0|0|0|0
S|TEVOS|18427611|-98923583| |TF|0|0|0|0|0|0|2|29000|0|0|0|0|0

P|TEVO2A|05R|TEVOS|0|7
S|MX800|19491983|-98975864|MEX|CF|0|5400|620|5460|700|0|1|9000|0|1|0|0|0
S|MX800|19491983|-98975864| |IF|0|0|0|0|0|0|1|9000|0|0|0|0|0
S|MX839|19332353|-98818536| |DF|0|0|0|0|0|230|2|18500|0|0|0|0|0
S|MX840|19177900|-98827697| |TF|0|0|0|0|0|0|0|0|0|0|0|0|0
S|USBAN|18941253|-98841700| |TF|0|0|0|0|0|0|1|21000|0|0|0|0|0
S|ULOTO|18620889|-98892833| |TF|0|0|0|0|0|0|0|0|0|0|0|0|0
S|TEVOS|18427611|-98923583| |TF|0|0|0|0|0|0|2|29000|0|0|0|0|0

P|TEVO2B|23L|TEVOS|0|8
S|MX504|19387083|-99162500|MEX|CF|0|23700|610|23610|600|0|1|9000|0|0|0|0|0
S|MX504|19387083|-99162500| |IF|0|0|0|0|0|0|1|9000|0|0|0|0|0
S|MX540|19263981|-99036650| |DF|0|0|0|0|0|210|2|15000|0|0|0|0|0
S|MX533|19040139|-98901028| |TF|0|0|0|0|0|0|2|22000|0|0|0|0|0
S|USBAN|18941253|-98841700| |TF|0|0|0|0|0|0|0|0|0|0|0|0|0
S|PEMSA|18752528|-98871861| |TF|0|0|0|0|0|0|0|0|0|0|0|0|0
S|ULOTO|18620889|-98892833| |TF|0|0|0|0|0|0|0|0|0|0|0|0|0
S|TEVOS|18427611|-98923583| |TF|0|0|0|0|0|0|2|29000|0|0|0|0|0

P|TEVO2B|23R|TEVOS|0|8
S|MX504|19387083|-99162500|MEX|CF|0|23500|610|23610|600|0|1|9000|0|0|0|0|0
S|MX504|19387083|-99162500| |IF|0|0|0|0|0|0|1|9000|0|0|0|0|0
S|MX540|19263981|-99036650| |DF|0|0|0|0|0|210|2|15000|0|0|0|0|0
S|MX533|19040139|-98901028| |TF|0|0|0|0|0|0|2|22000|0|0|0|0|0
S|USBAN|18941253|-98841700| |TF|0|0|0|0|0|0|0|0|0|0|0|0|0
S|PEMSA|18752528|-98871861| |TF|0|0|0|0|0|0|0|0|0|0|0|0|0
S|ULOTO|18620889|-98892833| |TF|0|0|0|0|0|0|0|0|0|0|0|0|0
S|TEVOS|18427611|-98923583| |TF|0|0|0|0|0|0|2|29000|0|0|0|0|0

P|UKUN2B|23L|UKUNO|0|9
S|MX504|19387083|-99162500|MEX|CF|0|23700|610|23610|600|0|1|9000|0|0|0|0|0
S|MX504|19387083|-99162500| |IF|0|0|0|0|0|0|1|9000|0|0|0|0|0
S|MX540|19263981|-99036650| |DF|0|0|0|0|0|210|2|15000|0|0|0|0|0
S|MX541|19299181|-98937647| |TF|0|0|0|0|0|0|2|18500|0|0|0|0|0
S|MUXAN|19441417|-98808750| |TF|0|0|0|0|0|0|2|20000|0|0|0|0|0
S|MX501|19478506|-98704678| |TF|0|0|0|0|0|250|0|0|0|0|0|0|0
S|MX505|19471139|-98526028| |TF|0|0|0|0|0|0|3|23000|20000|0|0|0|0
S|OVATI|19465056|-98381639| |TF|0|0|0|0|0|0|3|25000|23000|0|0|0|0
S|UKUNO|19433767|-98014175| |TF|0|0|0|0|0|0|2|29000|0|0|0|0|0

P|UKUN2B|23R|UKUNO|0|9
S|MX504|19387083|-99162500|MEX|CF|0|23500|610|23610|600|0|1|9000|0|0|0|0|0
S|MX504|19387083|-99162500| |IF|0|0|0|0|0|0|1|9000|0|0|0|0|0
S|MX540|19263981|-99036650| |DF|0|0|0|0|0|210|2|15000|0|0|0|0|0
S|MX541|19299181|-98937647| |TF|0|0|0|0|0|0|2|18500|0|0|0|0|0
S|MUXAN|19441417|-98808750| |TF|0|0|0|0|0|0|2|20000|0|0|0|0|0
S|MX501|19478506|-98704678| |TF|0|0|0|0|0|250|0|0|0|0|0|0|0
S|MX505|19471139|-98526028| |TF|0|0|0|0|0|0|3|23000|20000|0|0|0|0
S|OVATI|19465056|-98381639| |TF|0|0|0|0|0|0|3|25000|23000|0|0|0|0
S|UKUNO|19433767|-98014175| |TF|0|0|0|0|0|0|2|29000|0|0|0|0|0

P|UKUN3A|05L|UKUNO|0|6
S|MX800|19491983|-98975864|MEX|CF|0|5500|620|5460|700|0|1|9000|0|0|0|0|0
S|MX800|19491983|-98975864| |IF|0|0|0|0|0|0|1|9000|0|0|0|0|0
S|MX802|19532500|-98903556| |TF|0|0|0|0|0|0|2|14000|0|0|0|0|0
S|MX811|19577861|-98731222| |TF|0|0|0|0|0|250|0|0|0|0|0|0|0
S|MX814|19508833|-98385861| |TF|0|0|0|0|0|0|3|25000|18000|0|0|0|0
S|UKUNO|19433767|-98014175| |TF|0|0|0|0|0|0|3|29000|20000|0|0|0|0

P|UKUN3A|05R|UKUNO|0|6
S|MX800|19491983|-98975864|MEX|CF|0|5400|620|5460|700|0|1|9000|0|0|0|0|0
S|MX800|19491983|-98975864| |IF|0|0|0|0|0|0|1|9000|0|0|0|0|0
S|MX802|19532500|-98903556| |TF|0|0|0|0|0|0|2|14000|0|0|0|0|0
S|MX811|19577861|-98731222| |TF|0|0|0|0|0|250|0|0|0|0|0|0|0
S|MX814|19508833|-98385861| |TF|0|0|0|0|0|0|3|25000|18000|0|0|0|0
S|UKUNO|19433767|-98014175| |TF|0|0|0|0|0|0|3|29000|20000|0|0|0|0

P|ULEB3A|05L|ULEBA|0|6
S|MX800|19491983|-98975864|MEX|CF|0|5500|620|5460|700|0|1|9000|0|1|0|0|0
S|MX800|19491983|-98975864| |IF|0|0|0|0|0|0|1|9000|0|0|0|0|0
S|MX851|19371222|-99060611| |DF|2|0|0|0|0|230|3|17000|15000|0|0|0|0
S|MX852|19322594|-99391811| |TF|0|0|0|0|0|250|1|17000|0|0|0|0|0
S|MX865|19159036|-99793547| |TF|0|0|0|0|0|0|3|24000|21000|0|0|0|0
S|ULEBA|19014611|-100145389| |TF|0|0|0|0|0|0|2|29000|0|0|0|0|0

P|ULEB3A|05R|ULEBA|0|6
S|MX800|19491983|-98975864|MEX|CF|0|5400|620|5460|700|0|1|9000|0|1|0|0|0
S|MX800|19491983|-98975864| |IF|0|0|0|0|0|0|1|9000|0|0|0|0|0
S|MX851|19371222|-99060611| |DF|2|0|0|0|0|230|3|17000|15000|0|0|0|0
S|MX852|19322594|-99391811| |TF|0|0|0|0|0|250|1|17000|0|0|0|0|0
S|MX865|19159036|-99793547| |TF|0|0|0|0|0|0|3|24000|21000|0|0|0|0
S|ULEBA|19014611|-100145389| |TF|0|0|0|0|0|0|2|29000|0|0|0|0|0

P|ULEB3B|23L|ULEBA|0|7
S|MX503|19359786|-99211042|MEX|CF|0|23600|930|23590|900|0|1|10000|0|0|0|0|0
S|MX503|19359786|-99211042| |IF|0|0|0|0|0|0|1|10000|0|0|0|0|0
S|MX520|19485656|-99316525| |TF|0|0|0|0|0|220|1|13000|0|0|0|0|0
S|MX521|19436569|-99452783| |TF|0|0|0|0|0|0|1|15000|0|0|0|0|0
S|RAKEM|19382361|-99602722| |TF|0|0|0|0|0|250|3|22000|18000|0|0|0|0
S|SERNU|19243111|-99803111| |TF|0|0|0|0|0|0|3|24000|21000|0|0|0|0
S|ULEBA|19014611|-100145389| |TF|0|0|0|0|0|0|2|29000|0|0|0|0|0

P|ULEB3B|23R|ULEBA|0|7
S|MX503|19359786|-99211042|MEX|CF|0|23500|930|23590|900|0|1|10000|0|0|0|0|0
S|MX503|19359786|-99211042| |IF|0|0|0|0|0|0|1|10000|0|0|0|0|0
S|MX520|19485656|-99316525| |TF|0|0|0|0|0|220|1|13000|0|0|0|0|0
S|MX521|19436569|-99452783| |TF|0|0|0|0|0|0|1|15000|0|0|0|0|0
S|RAKEM|19382361|-99602722| |TF|0|0|0|0|0|250|3|22000|18000|0|0|0|0
S|SERNU|19243111|-99803111| |TF|0|0|0|0|0|0|3|24000|21000|0|0|0|0
S|ULEBA|19014611|-100145389| |TF|0|0|0|0|0|0|2|29000|0|0|0|0|0

