P|ALRI1D|29|ALRIN|0|11
S| |91000000|181000000| |CA|0|29100|0|0|0|0|1|1100|0|0|0|0|0
S| |91000000|181000000| |CA|0|27600|0|0|0|0|1|1200|0|0|0|0|0
S|SL500|22967278|-110056361| |DF|0|0|0|0|0|185|0|0|0|1|0|0|0
S|SL503|22773306|-109892861|CSL|CF|1|11100|1060|16020|1300|0|1|8000|0|0|0|0|0
S|SL502|22716917|-109781500| |TF|0|0|0|0|0|0|0|0|0|0|0|0|0
S|SL504|22903583|-109500667| |TF|0|0|0|0|0|0|1|15000|0|0|0|0|0
S|AVAVU|23152333|-109268444| |TF|0|0|0|0|0|0|1|20000|0|0|0|0|0
S|SD507|23541861|-109210056| |TF|0|0|0|0|0|0|1|21000|0|0|0|0|0
S|SD508|23808250|-109169194| |TF|0|0|0|0|0|0|0|0|0|0|0|0|0
S|SD403|23994583|-109140528| |TF|0|0|0|0|0|0|0|0|0|0|0|0|0
S|ALRIN|24135778|-109042944| |TF|0|0|0|0|0|0|0|0|0|0|0|0|0

P|ALRI2C|11|ALRIN|0|10
S|SL805|22911944|-109868639|CSL|CF|0|11100|410|11280|200|200|0|0|0|0|0|0|0
S|SL510|22728861|-109821611| |TF|0|0|0|0|0|0|2|7000|0|0|0|0|0
S|SL512|22638583|-109740917| |TF|0|0|0|0|0|0|0|0|0|0|0|0|0
S|SL514|22732667|-109655750| |TF|1|0|0|0|0|0|1|11000|0|0|0|0|0
S|SL504|22903583|-109500667| |TF|0|0|0|0|0|0|1|15000|0|0|0|0|0
S|AVAVU|23152333|-109268444| |TF|0|0|0|0|0|0|1|20000|0|0|0|0|0
S|SD507|23541861|-109210056| |TF|0|0|0|0|0|0|1|21000|0|0|0|0|0
S|SD508|23808250|-109169194| |TF|0|0|0|0|0|0|0|0|0|0|0|0|0
S|SD403|23994583|-109140528| |TF|0|0|0|0|0|0|0|0|0|0|0|0|0
S|ALRIN|24135778|-109042944| |TF|0|0|0|0|0|0|0|0|0|0|0|0|0

P|ATUMI2|29|ATUMI|0|5
S| |91000000|181000000| |CA|0|29100|0|0|0|0|1|1100|0|0|0|0|0
S|CSL|22946936|-109931889|CSL|FD|0|27200|0|0|700|0|0|0|0|0|0|0|0
S| |91000000|181000000| |CI|0|27200|0|0|0|0|0|0|0|0|0|0|0
S|D331J|23103228|-109996164|CSL|AF|2|27200|1000|33120|0|0|0|0|0|0|0|0|0
S|ATUMI|23326667|-110088333| |TF|0|0|0|0|0|0|0|0|0|0|0|0|0

P|AVAV1D|11|AVAVU|0|6
S|SL805|22911944|-109868639|CSL|CF|0|11100|410|11280|200|200|0|0|0|0|0|0|0
S|SL510|22728861|-109821611| |TF|0|0|0|0|0|0|2|7000|0|0|0|0|0
S|SL512|22638583|-109740917| |TF|0|0|0|0|0|0|0|0|0|0|0|0|0
S|SL514|22732667|-109655750| |TF|1|0|0|0|0|0|1|11000|0|0|0|0|0
S|SL504|22903583|-109500667| |TF|0|0|0|0|0|0|1|15000|0|0|0|0|0
S|AVAVU|23152333|-109268444| |TF|0|0|0|0|0|0|1|20000|0|0|0|0|0

P|AVAV1E|29|AVAVU|0|7
S| |91000000|181000000| |CA|0|29100|0|0|0|0|1|1100|0|0|0|0|0
S| |91000000|181000000| |CA|0|27600|0|0|0|0|1|1200|0|0|0|0|0
S|SL500|22967278|-110056361| |DF|0|0|0|0|0|185|0|0|0|1|0|0|0
S|SL503|22773306|-109892861|CSL|CF|1|11100|1060|16020|1300|0|1|8000|0|0|0|0|0
S|SL502|22716917|-109781500| |TF|0|0|0|0|0|0|0|0|0|0|0|0|0
S|SL504|22903583|-109500667| |TF|0|0|0|0|0|0|1|15000|0|0|0|0|0
S|AVAVU|23152333|-109268444| |TF|0|0|0|0|0|0|1|20000|0|0|0|0|0

P|CSL3A|11|CSL|0|3
S| |91000000|181000000| |CA|0|11100|0|0|0|0|1|1100|0|0|0|0|0
S|CSL|22946936|-109931889|CSL|FD|0|12600|0|0|700|0|0|0|0|0|0|0|0
S|CSL|22946936|-109931889| |DF|2|0|0|0|0|0|0|0|0|0|0|0|0

P|CSL3B|29|CSL|0|3
S| |91000000|181000000| |CA|0|29100|0|0|0|0|1|1100|0|0|0|0|0
S|CSL|22946936|-109931889|CSL|FD|0|27200|0|0|700|0|0|0|0|0|0|0|0
S|CSL|22946936|-109931889| |DF|1|0|0|0|0|0|0|0|0|0|0|0|0

P|DUVIT2|11|DUVIT|0|5
S| |91000000|181000000| |CA|0|11100|0|0|0|0|1|1100|0|0|0|0|0
S|CSL|22946936|-109931889|CSL|FD|0|12600|0|0|700|0|0|0|0|0|0|0|0
S|D126J|22830708|-109802103|CSL|CF|0|12600|1000|12600|300|0|0|0|0|0|0|0|0
S|D108O|22835428|-109689356| |TF|0|0|0|0|0|0|0|0|0|0|0|0|0
S|DUVIT|22760833|-109527778| |TF|0|0|0|0|0|0|0|0|0|0|0|0|0

P|ILIG2C|11|ILIGA|0|5
S|SL805|22911944|-109868639|CSL|CF|0|11100|410|11280|200|200|0|0|0|0|0|0|0
S|SL510|22728861|-109821611| |TF|0|0|0|0|0|0|2|7000|0|0|0|0|0
S|SL512|22638583|-109740917| |TF|0|0|0|0|0|0|0|0|0|0|0|0|0
S|SL520|22317306|-108978694| |TF|0|0|0|0|0|0|1|21000|0|0|0|0|0
S|ILIGA|22360778|-108670111| |TF|0|0|0|0|0|0|0|0|0|0|0|0|0

P|ILIG2D|29|ILIGA|0|8
S| |91000000|181000000| |CA|0|29100|0|0|0|0|1|1100|0|0|0|0|0
S| |91000000|181000000| |CA|0|27600|0|0|0|0|1|1200|0|0|0|0|0
S|SL500|22967278|-110056361| |DF|0|0|0|0|0|185|0|0|0|1|0|0|0
S|SL503|22773306|-109892861|CSL|CF|1|11100|1060|16020|1300|0|1|8000|0|0|0|0|0
S|SL502|22716917|-109781500| |TF|0|0|0|0|0|0|0|0|0|0|0|0|0
S|SL512|22638583|-109740917| |TF|0|0|0|0|0|0|0|0|0|0|0|0|0
S|SL520|22317306|-108978694| |TF|0|0|0|0|0|0|1|21000|0|0|0|0|0
S|ILIGA|22360778|-108670111| |TF|0|0|0|0|0|0|0|0|0|0|0|0|0

P|LETAT2|29|LETAT|0|5
S| |91000000|181000000| |CA|0|29100|0|0|0|0|1|1100|0|0|0|0|0
S|CSL|22946936|-109931889|CSL|FD|0|27200|0|0|700|0|0|0|0|0|0|0|0
S| |91000000|181000000| |CI|0|27200|0|0|0|0|0|0|0|0|0|0|0
S|D304J|23057194|-110067711|CSL|AF|2|27200|1000|30330|0|0|0|0|0|0|0|0|0
S|LETAT|23277361|-110340028| |TF|0|0|0|0|0|0|0|0|0|0|0|0|0

P|URLE1A|11|URLET|0|6
S|SL805|22911944|-109868639|CSL|CF|0|11100|410|11280|200|200|0|0|0|0|0|0|0
S|SL540|22835333|-109915278| |RF|2|29160|0|0|530|0|0|0|0|0|0|0|0
S|SL530|22876972|-109978556| |TF|0|0|0|0|0|0|1|5000|0|0|0|0|0
S|SL531|22918611|-110041889| |TF|0|0|0|0|0|0|0|0|0|0|0|0|0
S|LETAT|23277361|-110340028| |TF|0|0|0|0|0|0|0|0|0|0|0|0|0
S|URLET|23714722|-110885556| |TF|0|0|0|0|0|0|0|0|0|0|0|0|0

P|URLE1B|29|URLET|0|5
S| |91000000|181000000| |CA|0|29100|0|0|0|0|1|1100|0|0|0|0|0
S| |91000000|181000000| |CA|0|27600|0|0|0|0|1|1200|0|0|0|0|0
S|SL500|22967278|-110056361| |DF|0|0|0|0|0|185|0|0|0|1|0|0|0
S|LETAT|23277361|-110340028|CSL|CF|0|31300|3000|30330|2500|0|0|0|0|0|0|0|0
S|URLET|23714722|-110885556| |TF|0|0|0|0|0|0|0|0|0|0|0|0|0

