P|ALOM3A|14|ALOMA|0|5
S| |91000000|181000000| |CA|0|14400|0|0|0|0|1|6440|0|0|0|0|0
S|SLP|22256389|-100930425|SLP|FD|0|14400|0|0|900|0|0|0|0|0|0|0|0
S| |91000000|181000000| |CI|0|14400|0|0|0|0|0|0|0|0|0|0|0
S|D228L|22134378|-101101544|SLP|AF|2|14400|1200|22760|0|0|0|0|0|0|0|0|0
S|ALOMA|22001944|-101286667| |TF|0|0|0|0|0|0|0|0|0|0|0|0|0

P|ALOM3B|32|ALOMA|0|5
S| |91000000|181000000| |CA|0|32400|0|0|0|0|1|6440|0|0|0|0|0
S|SLP|22256389|-100930425|SLP|FD|0|32400|0|0|700|0|0|0|0|0|0|0|0
S| |91000000|181000000| |CI|0|32400|0|0|0|0|0|0|0|0|0|0|0
S|D228J|22154725|-101073044|SLP|AF|1|32400|1000|22760|0|0|0|0|0|0|0|0|0
S|ALOMA|22001944|-101286667| |TF|0|0|0|0|0|0|0|0|0|0|0|0|0

P|AVPUS3|14|AVPUS|0|5
S| |91000000|181000000| |CA|0|14400|0|0|0|0|1|6440|0|0|0|0|0
S|SLP|22256389|-100930425|SLP|FD|0|14400|0|0|900|0|0|0|0|0|0|0|0
S| |91000000|181000000| |CI|0|14400|0|0|0|0|0|0|0|0|0|0|0
S|D115L|22155364|-100744186|SLP|AF|1|14400|1200|11520|0|0|0|0|0|0|0|0|0
S|AVPUS|22045556|-100542500| |TF|0|0|0|0|0|0|0|0|0|0|0|0|0

P|COYO3A|14|COYOL|0|5
S| |91000000|181000000| |CA|0|14400|0|0|0|0|1|6440|0|0|0|0|0
S|SLP|22256389|-100930425|SLP|FD|0|14400|0|0|900|0|0|0|0|0|0|0|0
S| |91000000|181000000| |CI|0|14400|0|0|0|0|0|0|0|0|0|0|0
S|D090L|22235653|-100715983|SLP|AF|1|14400|1200|9090|0|0|0|0|0|0|0|0|0
S|COYOL|22212778|-100482778| |TF|0|0|0|0|0|0|0|0|0|0|0|0|0

P|COYO3B|32|COYOL|0|5
S| |91000000|181000000| |CA|0|32400|0|0|0|0|1|6440|0|0|0|0|0
S|SLP|22256389|-100930425|SLP|FD|0|32400|0|0|700|0|0|0|0|0|0|0|0
S| |91000000|181000000| |CI|0|32400|0|0|0|0|0|0|0|0|0|0|0
S|D090J|22239128|-100751717|SLP|AF|2|32400|1000|9090|0|0|0|0|0|0|0|0|0
S|COYOL|22212778|-100482778| |TF|0|0|0|0|0|0|0|0|0|0|0|0|0

P|DUPMI2|32|DUPMI|0|4
S| |91000000|181000000| |CA|0|32400|0|0|0|0|1|6440|0|0|0|0|0
S|SLP|22256389|-100930425|SLP|FD|0|32400|0|0|1000|0|0|0|0|0|0|0|0
S| |91000000|181000000| |CI|0|600|0|0|0|0|0|0|0|0|0|0|0
S|DUPMI|22658889|-101046944|SLP|CF|0|34000|2490|34000|1000|0|0|0|0|0|0|0|0

P|ESPO2A|14|ESPOT|0|5
S| |91000000|181000000| |CA|0|14400|0|0|0|0|1|6440|0|0|0|0|0
S|SLP|22256389|-100930425|SLP|FD|0|14400|0|0|900|0|0|0|0|0|0|0|0
S| |91000000|181000000| |CI|0|14400|0|0|0|0|0|0|0|0|0|0|0
S|D052L|22367683|-100750931|SLP|AF|1|14400|1200|5130|0|0|0|0|0|0|0|0|0
S|ESPOT|22488056|-100556111| |TF|0|0|0|0|0|0|0|0|0|0|0|0|0

P|ESPO2B|32|ESPOT|0|5
S| |91000000|181000000| |CA|0|32400|0|0|0|0|1|6440|0|0|0|0|0
S|SLP|22256389|-100930425|SLP|FD|0|32400|0|0|700|0|0|0|0|0|0|0|0
S| |91000000|181000000| |CI|0|32400|0|0|0|0|0|0|0|0|0|0|0
S|D052J|22349147|-100780867|SLP|AF|2|32400|1000|5130|0|0|0|0|0|0|0|0|0
S|ESPOT|22488056|-100556111| |TF|0|0|0|0|0|0|0|0|0|0|0|0|0

P|ILARI2|32|ILARI|0|5
S| |91000000|181000000| |CA|0|32400|0|0|0|0|1|6440|0|0|0|0|0
S|SLP|22256389|-100930425|SLP|FD|0|32400|0|0|700|0|0|0|0|0|0|0|0
S| |91000000|181000000| |CI|0|32400|0|0|0|0|0|0|0|0|0|0|0
S|D286J|22317317|-101097789|SLP|AF|1|32400|1000|28640|0|0|0|0|0|0|0|0|0
S|ILARI|22408611|-101349722| |TF|0|0|0|0|0|0|0|0|0|0|0|0|0

P|KEPLU2|32|KEPLU|0|4
S| |91000000|181000000| |CA|0|32400|0|0|0|0|1|6440|0|0|0|0|0
S|SLP|22256389|-100930425|SLP|FD|0|32400|0|0|1000|0|0|0|0|0|0|0|0
S| |91000000|181000000| |CI|0|31400|0|0|0|0|0|0|0|0|0|0|0
S|KEPLU|22601944|-101182222|SLP|CF|0|32000|2500|32090|1200|0|0|0|0|0|0|0|0

P|LENIM2|32|LENIM|0|5
S| |91000000|181000000| |CA|0|32400|0|0|0|0|1|6440|0|0|0|0|0
S|SLP|22256389|-100930425|SLP|FD|0|32400|0|0|700|0|0|0|0|0|0|0|0
S| |91000000|181000000| |CI|0|32400|0|0|0|0|0|0|0|0|0|0|0
S|D355J|22423636|-100930364|SLP|AF|2|32400|1000|35500|0|0|0|0|0|0|0|0|0
S|LENIM|22673056|-100930278| |TF|0|0|0|0|0|0|0|0|0|0|0|0|0

P|LIDO3A|14|LIDOX|0|5
S| |91000000|181000000| |CA|0|14400|0|0|0|0|1|6440|0|0|0|0|0
S|SLP|22256389|-100930425|SLP|FD|0|14400|0|0|900|0|0|0|0|0|0|0|0
S| |91000000|181000000| |CI|0|14400|0|0|0|0|0|0|0|0|0|0|0
S|D242L|22179278|-101129433|SLP|AF|2|14400|1200|24240|0|0|0|0|0|0|0|0|0
S|LIDOX|22095278|-101345278| |TF|0|0|0|0|0|0|0|0|0|0|0|0|0

P|LIDO3B|32|LIDOX|0|5
S| |91000000|181000000| |CA|0|32400|0|0|0|0|1|6440|0|0|0|0|0
S|SLP|22256389|-100930425|SLP|FD|0|32400|0|0|700|0|0|0|0|0|0|0|0
S| |91000000|181000000| |CI|0|32400|0|0|0|0|0|0|0|0|0|0|0
S|D242J|22192147|-101096281|SLP|AF|1|32400|1000|24240|0|0|0|0|0|0|0|0|0
S|LIDOX|22095278|-101345278| |TF|0|0|0|0|0|0|0|0|0|0|0|0|0

P|LIRNU2|32|LIRNU|0|5
S| |91000000|181000000| |CA|0|32400|0|0|0|0|1|6440|0|0|0|0|0
S|SLP|22256389|-100930425|SLP|FD|0|32400|0|0|700|0|0|0|0|0|0|0|0
S| |91000000|181000000| |CI|0|32400|0|0|0|0|0|0|0|0|0|0|0
S|D007J|22419964|-100892967|SLP|AF|2|32400|1000|700|0|0|0|0|0|0|0|0|0
S|LIRNU|22663889|-100836944| |TF|0|0|0|0|0|0|0|0|0|0|0|0|0

P|MERGO2|14|MERGO|0|5
S| |91000000|181000000| |CA|0|14400|0|0|0|0|1|6440|0|0|0|0|0
S|SLP|22256389|-100930425|SLP|FD|0|14400|0|0|900|0|0|0|0|0|0|0|0
S| |91000000|181000000| |CI|0|14400|0|0|0|0|0|0|0|0|0|0|0
S|D197L|22070794|-101012444|SLP|AF|2|14400|1200|19740|0|0|0|0|0|0|0|0|0
S|MERGO|21870833|-101100556| |TF|0|0|0|0|0|0|0|0|0|0|0|0|0

P|SLP4A|14|SLP|0|3
S| |91000000|181000000| |CA|0|14400|0|0|0|0|1|6440|0|0|0|0|0
S|SLP|22256389|-100930425|SLP|FD|0|14400|0|0|700|0|0|0|0|0|0|0|0
S|SLP|22256389|-100930425| |DF|1|0|0|0|0|0|0|0|0|0|0|0|0

P|SLP4B|32|SLP|0|3
S| |91000000|181000000| |CA|0|32400|0|0|0|0|1|6440|0|0|0|0|0
S|SLP|22256389|-100930425|SLP|FD|0|32400|0|0|700|0|0|0|0|0|0|0|0
S|SLP|22256389|-100930425| |DF|2|0|0|0|0|0|0|0|0|0|0|0|0

P|TAMSA3|14|TAMSA|0|4
S| |91000000|181000000| |CA|0|14400|0|0|0|0|1|6440|0|0|0|0|0
S|SLP|22256389|-100930425|SLP|FD|0|14400|0|0|1200|0|0|0|0|0|0|0|0
S| |91000000|181000000| |CI|0|17300|0|0|0|0|0|0|0|0|0|0|0
S|TAMSA|21872222|-100756111|SLP|CF|0|15200|2490|15200|800|0|0|0|0|0|0|0|0

