P|ATENA4|07|COTOS|0|8
S| |91000000|181000000|TIO|VD|0|7100|0|0|400|0|1|5500|0|0|0|0|0
S|TIO|9983667|-84236161| |DF|2|0|0|0|0|0|1|7000|0|0|0|0|0
S|TIO|9983667|-84236161| |IF|0|0|0|0|0|0|0|0|0|0|0|0|0
S|BURGO|9878028|-84366111| |TF|0|0|0|0|0|0|0|0|0|0|0|0|0
S|TEREL|9737583|-84280139| |TF|0|0|0|0|0|0|0|0|0|0|0|0|0
S|TEREL|9737583|-84280139| |IF|0|0|0|0|0|0|0|0|0|0|0|0|0
S|DOTAS|9689639|-84234389| |TF|0|0|0|0|0|0|1|12000|0|0|0|0|0
S|COTOS|8608583|-82971528| |TF|0|0|0|0|0|0|0|0|0|0|0|0|0

P|ATENA4|07|DRAKE|0|9
S| |91000000|181000000|TIO|VD|0|7100|0|0|400|0|1|5500|0|0|0|0|0
S|TIO|9983667|-84236161| |DF|2|0|0|0|0|0|1|7000|0|0|0|0|0
S|TIO|9983667|-84236161| |IF|0|0|0|0|0|0|0|0|0|0|0|0|0
S|BURGO|9878028|-84366111| |TF|0|0|0|0|0|0|0|0|0|0|0|0|0
S|TEREL|9737583|-84280139| |TF|0|0|0|0|0|0|0|0|0|0|0|0|0
S|TEREL|9737583|-84280139| |IF|0|0|0|0|0|0|0|0|0|0|0|0|0
S|SANIG|9655139|-84294750| |TF|0|0|0|0|0|0|0|0|0|0|0|0|0
S|PARRI|9523306|-84318139| |TF|0|0|0|0|0|0|0|0|0|0|0|0|0
S|DRAKE|8680167|-84000306| |TF|0|0|0|0|0|0|0|0|0|0|0|0|0

P|ATENA4|07|ERABA|0|9
S| |91000000|181000000|TIO|VD|0|7100|0|0|400|0|1|5500|0|0|0|0|0
S|TIO|9983667|-84236161| |DF|2|0|0|0|0|0|1|7000|0|0|0|0|0
S|TIO|9983667|-84236161| |IF|0|0|0|0|0|0|0|0|0|0|0|0|0
S|BURGO|9878028|-84366111| |TF|0|0|0|0|0|0|0|0|0|0|0|0|0
S|TEREL|9737583|-84280139| |TF|0|0|0|0|0|0|0|0|0|0|0|0|0
S|TEREL|9737583|-84280139| |IF|0|0|0|0|0|0|0|0|0|0|0|0|0
S|SANIG|9655139|-84294750| |TF|0|0|0|0|0|0|0|0|0|0|0|0|0
S|PARRI|9523306|-84318139| |TF|0|0|0|0|0|0|0|0|0|0|0|0|0
S|ERABA|8801611|-84195333| |TF|0|0|0|0|0|0|0|0|0|0|0|0|0

P|ATENA4|07|ISEBA|0|8
S| |91000000|181000000|TIO|VD|0|7100|0|0|400|0|1|5500|0|0|0|0|0
S|TIO|9983667|-84236161| |DF|2|0|0|0|0|0|1|7000|0|0|0|0|0
S|TIO|9983667|-84236161| |IF|0|0|0|0|0|0|0|0|0|0|0|0|0
S|BURGO|9878028|-84366111| |TF|0|0|0|0|0|0|0|0|0|0|0|0|0
S|TEREL|9737583|-84280139| |TF|0|0|0|0|0|0|0|0|0|0|0|0|0
S|TEREL|9737583|-84280139| |IF|0|0|0|0|0|0|0|0|0|0|0|0|0
S|DOTAS|9689639|-84234389| |TF|0|0|0|0|0|0|1|12000|0|0|0|0|0
S|ISEBA|9541389|-82870000| |TF|0|0|0|0|0|0|0|0|0|0|0|0|0

P|ATENA4|07|LIO|0|8
S| |91000000|181000000|TIO|VD|0|7100|0|0|400|0|1|5500|0|0|0|0|0
S|TIO|9983667|-84236161| |DF|2|0|0|0|0|0|1|7000|0|0|0|0|0
S|TIO|9983667|-84236161| |IF|0|0|0|0|0|0|0|0|0|0|0|0|0
S|BURGO|9878028|-84366111| |TF|0|0|0|0|0|0|0|0|0|0|0|0|0
S|TEREL|9737583|-84280139| |TF|0|0|0|0|0|0|0|0|0|0|0|0|0
S|TEREL|9737583|-84280139| |IF|0|0|0|0|0|0|0|0|0|0|0|0|0
S|DOTAS|9689639|-84234389| |TF|0|0|0|0|0|0|1|12000|0|0|0|0|0
S|LIO|9963142|-83027169| |TF|0|0|0|0|0|0|0|0|0|0|0|0|0

P|ATENA4|07|PARRI|0|8
S| |91000000|181000000|TIO|VD|0|7100|0|0|400|0|1|5500|0|0|0|0|0
S|TIO|9983667|-84236161| |DF|2|0|0|0|0|0|1|7000|0|0|0|0|0
S|TIO|9983667|-84236161| |IF|0|0|0|0|0|0|0|0|0|0|0|0|0
S|BURGO|9878028|-84366111| |TF|0|0|0|0|0|0|0|0|0|0|0|0|0
S|TEREL|9737583|-84280139| |TF|0|0|0|0|0|0|0|0|0|0|0|0|0
S|TEREL|9737583|-84280139| |IF|0|0|0|0|0|0|0|0|0|0|0|0|0
S|SANIG|9655139|-84294750| |TF|0|0|0|0|0|0|0|0|0|0|0|0|0
S|PARRI|9523306|-84318139| |TF|0|0|0|0|0|0|0|0|0|0|0|0|0

P|ATENA4|25|COTOS|0|8
S| |91000000|181000000| |CA|0|25100|0|0|0|0|1|3450|0|0|0|0|0
S|TIO|9983667|-84236161| |DF|0|0|0|0|0|0|0|0|0|0|0|0|0
S|TIO|9983667|-84236161| |IF|0|0|0|0|0|0|0|0|0|0|0|0|0
S|BURGO|9878028|-84366111| |TF|0|0|0|0|0|0|0|0|0|0|0|0|0
S|TEREL|9737583|-84280139| |TF|0|0|0|0|0|0|0|0|0|0|0|0|0
S|TEREL|9737583|-84280139| |IF|0|0|0|0|0|0|0|0|0|0|0|0|0
S|DOTAS|9689639|-84234389| |TF|0|0|0|0|0|0|1|12000|0|0|0|0|0
S|COTOS|8608583|-82971528| |TF|0|0|0|0|0|0|0|0|0|0|0|0|0

P|ATENA4|25|DRAKE|0|9
S| |91000000|181000000| |CA|0|25100|0|0|0|0|1|3450|0|0|0|0|0
S|TIO|9983667|-84236161| |DF|0|0|0|0|0|0|0|0|0|0|0|0|0
S|TIO|9983667|-84236161| |IF|0|0|0|0|0|0|0|0|0|0|0|0|0
S|BURGO|9878028|-84366111| |TF|0|0|0|0|0|0|0|0|0|0|0|0|0
S|TEREL|9737583|-84280139| |TF|0|0|0|0|0|0|0|0|0|0|0|0|0
S|TEREL|9737583|-84280139| |IF|0|0|0|0|0|0|0|0|0|0|0|0|0
S|SANIG|9655139|-84294750| |TF|0|0|0|0|0|0|0|0|0|0|0|0|0
S|PARRI|9523306|-84318139| |TF|0|0|0|0|0|0|0|0|0|0|0|0|0
S|DRAKE|8680167|-84000306| |TF|0|0|0|0|0|0|0|0|0|0|0|0|0

P|ATENA4|25|ERABA|0|9
S| |91000000|181000000| |CA|0|25100|0|0|0|0|1|3450|0|0|0|0|0
S|TIO|9983667|-84236161| |DF|0|0|0|0|0|0|0|0|0|0|0|0|0
S|TIO|9983667|-84236161| |IF|0|0|0|0|0|0|0|0|0|0|0|0|0
S|BURGO|9878028|-84366111| |TF|0|0|0|0|0|0|0|0|0|0|0|0|0
S|TEREL|9737583|-84280139| |TF|0|0|0|0|0|0|0|0|0|0|0|0|0
S|TEREL|9737583|-84280139| |IF|0|0|0|0|0|0|0|0|0|0|0|0|0
S|SANIG|9655139|-84294750| |TF|0|0|0|0|0|0|0|0|0|0|0|0|0
S|PARRI|9523306|-84318139| |TF|0|0|0|0|0|0|0|0|0|0|0|0|0
S|ERABA|8801611|-84195333| |TF|0|0|0|0|0|0|0|0|0|0|0|0|0

P|ATENA4|25|ISEBA|0|8
S| |91000000|181000000| |CA|0|25100|0|0|0|0|1|3450|0|0|0|0|0
S|TIO|9983667|-84236161| |DF|0|0|0|0|0|0|0|0|0|0|0|0|0
S|TIO|9983667|-84236161| |IF|0|0|0|0|0|0|0|0|0|0|0|0|0
S|BURGO|9878028|-84366111| |TF|0|0|0|0|0|0|0|0|0|0|0|0|0
S|TEREL|9737583|-84280139| |TF|0|0|0|0|0|0|0|0|0|0|0|0|0
S|TEREL|9737583|-84280139| |IF|0|0|0|0|0|0|0|0|0|0|0|0|0
S|DOTAS|9689639|-84234389| |TF|0|0|0|0|0|0|1|12000|0|0|0|0|0
S|ISEBA|9541389|-82870000| |TF|0|0|0|0|0|0|0|0|0|0|0|0|0

P|ATENA4|25|LIO|0|8
S| |91000000|181000000| |CA|0|25100|0|0|0|0|1|3450|0|0|0|0|0
S|TIO|9983667|-84236161| |DF|0|0|0|0|0|0|0|0|0|0|0|0|0
S|TIO|9983667|-84236161| |IF|0|0|0|0|0|0|0|0|0|0|0|0|0
S|BURGO|9878028|-84366111| |TF|0|0|0|0|0|0|0|0|0|0|0|0|0
S|TEREL|9737583|-84280139| |TF|0|0|0|0|0|0|0|0|0|0|0|0|0
S|TEREL|9737583|-84280139| |IF|0|0|0|0|0|0|0|0|0|0|0|0|0
S|DOTAS|9689639|-84234389| |TF|0|0|0|0|0|0|1|12000|0|0|0|0|0
S|LIO|9963142|-83027169| |TF|0|0|0|0|0|0|0|0|0|0|0|0|0

P|ATENA4|25|PARRI|0|8
S| |91000000|181000000| |CA|0|25100|0|0|0|0|1|3450|0|0|0|0|0
S|TIO|9983667|-84236161| |DF|0|0|0|0|0|0|0|0|0|0|0|0|0
S|TIO|9983667|-84236161| |IF|0|0|0|0|0|0|0|0|0|0|0|0|0
S|BURGO|9878028|-84366111| |TF|0|0|0|0|0|0|0|0|0|0|0|0|0
S|TEREL|9737583|-84280139| |TF|0|0|0|0|0|0|0|0|0|0|0|0|0
S|TEREL|9737583|-84280139| |IF|0|0|0|0|0|0|0|0|0|0|0|0|0
S|SANIG|9655139|-84294750| |TF|0|0|0|0|0|0|0|0|0|0|0|0|0
S|PARRI|9523306|-84318139| |TF|0|0|0|0|0|0|0|0|0|0|0|0|0

P|DOTA3D|07|DRAKE|0|7
S| |91000000|181000000| |VI|0|7100|0|0|0|210|1|5500|0|0|0|0|0
S|OC224|9915111|-84027778|LIB|CF|0|14400|9860|11620|860|0|1|9000|0|0|0|0|0
S|OC225|9791194|-84141361| |TF|0|0|0|0|0|0|1|13000|0|0|0|0|0
S|DOTAS|9689639|-84234389| |TF|0|0|0|0|0|0|0|0|0|0|0|0|0
S|DOTAS|9689639|-84234389| |IF|0|0|0|0|0|0|0|0|0|0|0|0|0
S|OC227|9606444|-84224944| |TF|0|0|0|0|0|0|0|0|0|0|0|0|0
S|DRAKE|8680167|-84000306| |TF|0|0|0|0|0|0|0|0|0|0|0|0|0

P|DOTA3E|07|ERABA|0|7
S| |91000000|181000000| |VI|0|7100|0|0|0|210|1|5500|0|0|0|0|0
S|OC224|9915111|-84027778|LIB|CF|0|14400|9860|11620|860|0|1|9000|0|0|0|0|0
S|OC225|9791194|-84141361| |TF|0|0|0|0|0|0|1|13000|0|0|0|0|0
S|DOTAS|9689639|-84234389| |TF|0|0|0|0|0|0|0|0|0|0|0|0|0
S|DOTAS|9689639|-84234389| |IF|0|0|0|0|0|0|0|0|0|0|0|0|0
S|OC227|9606444|-84224944| |TF|0|0|0|0|0|0|0|0|0|0|0|0|0
S|ERABA|8801611|-84195333| |TF|0|0|0|0|0|0|0|0|0|0|0|0|0

P|DOTA4D|25|DRAKE|0|7
S| |91000000|181000000| |VI|0|25100|0|0|0|0|0|0|0|0|0|0|0
S|OC265|9886333|-84259333|LIB|CF|0|17500|8710|12090|510|0|0|0|0|0|0|0|0
S|OC266|9757722|-84243222| |TF|0|0|0|0|0|0|1|10000|0|0|0|0|0
S|DOTAS|9689639|-84234389| |TF|0|0|0|0|0|0|0|0|0|0|0|0|0
S|DOTAS|9689639|-84234389| |IF|0|0|0|0|0|0|0|0|0|0|0|0|0
S|OC227|9606444|-84224944| |TF|0|0|0|0|0|0|0|0|0|0|0|0|0
S|DRAKE|8680167|-84000306| |TF|0|0|0|0|0|0|0|0|0|0|0|0|0

P|DOTA4E|25|ERABA|0|7
S| |91000000|181000000| |VI|0|25100|0|0|0|0|0|0|0|0|0|0|0
S|OC265|9886333|-84259333|LIB|CF|0|17500|8710|12090|510|0|0|0|0|0|0|0|0
S|OC266|9757722|-84243222| |TF|0|0|0|0|0|0|1|10000|0|0|0|0|0
S|DOTAS|9689639|-84234389| |TF|0|0|0|0|0|0|0|0|0|0|0|0|0
S|DOTAS|9689639|-84234389| |IF|0|0|0|0|0|0|0|0|0|0|0|0|0
S|OC227|9606444|-84224944| |TF|0|0|0|0|0|0|0|0|0|0|0|0|0
S|ERABA|8801611|-84195333| |TF|0|0|0|0|0|0|0|0|0|0|0|0|0

P|NANJ3C|07|COLOR|0|6
S| |91000000|181000000| |VA|0|7100|0|0|0|190|1|3460|0|0|0|0|0
S|OC275|10053806|-84213222| |DF|0|0|0|0|0|220|1|5000|0|0|0|0|0
S|NANJO|10105722|-84353639| |TF|0|0|0|0|0|0|1|9000|0|0|0|0|0
S|NANJO|10105722|-84353639| |IF|0|0|0|0|0|0|1|9000|0|0|0|0|0
S|OC153|10280194|-84277000| |TF|0|0|0|0|0|0|0|0|0|0|0|0|0
S|COLOR|10752806|-83583194| |TF|0|0|0|0|0|0|0|0|0|0|0|0|0

P|NANJ3L|07|LIB|0|7
S| |91000000|181000000| |VA|0|7100|0|0|0|190|1|3460|0|0|0|0|0
S|OC275|10053806|-84213222| |DF|0|0|0|0|0|220|1|5000|0|0|0|0|0
S|NANJO|10105722|-84353639| |TF|0|0|0|0|0|0|1|9000|0|0|0|0|0
S|NANJO|10105722|-84353639| |IF|0|0|0|0|0|0|1|9000|0|0|0|0|0
S|OC307|10266194|-84743889| |TF|0|0|0|0|0|0|0|0|0|0|0|0|0
S|OC308|10426194|-85134528| |TF|0|0|0|0|0|0|0|0|0|0|0|0|0
S|LIB|10594183|-85546353| |TF|0|0|0|0|0|0|0|0|0|0|0|0|0

P|NANJ3R|07|RADON|0|6
S| |91000000|181000000| |VA|0|7100|0|0|0|190|1|3460|0|0|0|0|0
S|OC275|10053806|-84213222| |DF|0|0|0|0|0|220|1|5000|0|0|0|0|0
S|NANJO|10105722|-84353639| |TF|0|0|0|0|0|0|1|9000|0|0|0|0|0
S|NANJO|10105722|-84353639| |IF|0|0|0|0|0|0|1|9000|0|0|0|0|0
S|OC153|10280194|-84277000| |TF|0|0|0|0|0|0|0|0|0|0|0|0|0
S|RADON|10702667|-84068556| |TF|0|0|0|0|0|0|0|0|0|0|0|0|0

P|NANJ3U|07|ULAPO|0|7
S| |91000000|181000000| |VA|0|7100|0|0|0|190|1|3460|0|0|0|0|0
S|OC275|10053806|-84213222| |DF|0|0|0|0|0|220|1|5000|0|0|0|0|0
S|NANJO|10105722|-84353639| |TF|0|0|0|0|0|0|1|9000|0|0|0|0|0
S|NANJO|10105722|-84353639| |IF|0|0|0|0|0|0|1|9000|0|0|0|0|0
S|OC150|10341139|-84541000| |TF|0|0|0|0|0|0|2|13000|0|0|0|0|0
S|OC151|10677778|-84809417| |TF|0|0|0|0|0|0|0|0|0|0|0|0|0
S|ULAPO|11049083|-85173750| |TF|0|0|0|0|0|0|0|0|0|0|0|0|0

P|NANJ4C|25|COLOR|0|5
S| |91000000|181000000| |VA|0|25100|0|0|0|0|1|4500|0|0|0|0|0
S|NANJO|10105722|-84353639| |DF|0|0|0|0|0|0|1|9000|0|0|0|0|0
S|NANJO|10105722|-84353639| |IF|0|0|0|0|0|0|1|9000|0|0|0|0|0
S|OC153|10280194|-84277000| |TF|0|0|0|0|0|0|0|0|0|0|0|0|0
S|COLOR|10752806|-83583194| |TF|0|0|0|0|0|0|0|0|0|0|0|0|0

P|NANJ4L|25|LIB|0|6
S| |91000000|181000000| |VA|0|25100|0|0|0|0|1|4500|0|0|0|0|0
S|NANJO|10105722|-84353639| |DF|0|0|0|0|0|0|1|9000|0|0|0|0|0
S|NANJO|10105722|-84353639| |IF|0|0|0|0|0|0|1|9000|0|0|0|0|0
S|OC307|10266194|-84743889| |TF|0|0|0|0|0|0|0|0|0|0|0|0|0
S|OC308|10426194|-85134528| |TF|0|0|0|0|0|0|0|0|0|0|0|0|0
S|LIB|10594183|-85546353| |TF|0|0|0|0|0|0|0|0|0|0|0|0|0

P|NANJ4R|25|RADON|0|5
S| |91000000|181000000| |VA|0|25100|0|0|0|0|1|4500|0|0|0|0|0
S|NANJO|10105722|-84353639| |DF|0|0|0|0|0|0|1|9000|0|0|0|0|0
S|NANJO|10105722|-84353639| |IF|0|0|0|0|0|0|1|9000|0|0|0|0|0
S|OC153|10280194|-84277000| |TF|0|0|0|0|0|0|0|0|0|0|0|0|0
S|RADON|10702667|-84068556| |TF|0|0|0|0|0|0|0|0|0|0|0|0|0

P|NANJ4U|25|ULAPO|0|6
S| |91000000|181000000| |VA|0|25100|0|0|0|0|1|4500|0|0|0|0|0
S|NANJO|10105722|-84353639| |DF|0|0|0|0|0|0|1|9000|0|0|0|0|0
S|NANJO|10105722|-84353639| |IF|0|0|0|0|0|0|1|9000|0|0|0|0|0
S|OC150|10341139|-84541000| |TF|0|0|0|0|0|0|2|13000|0|0|0|0|0
S|OC151|10677778|-84809417| |TF|0|0|0|0|0|0|0|0|0|0|0|0|0
S|ULAPO|11049083|-85173750| |TF|0|0|0|0|0|0|0|0|0|0|0|0|0

P|PARAI3|07|ISEBA|0|6
S| |91000000|181000000|TIO|VD|0|7100|0|0|400|0|1|5500|0|0|0|0|0
S| |91000000|181000000| |VI|0|14000|0|0|0|0|0|0|0|0|0|0|0
S|ESRIO|9930417|-84076444|TIO|CF|0|10800|1000|10760|100|0|0|0|0|0|0|0|0
S|PARAI|9848472|-83837000| |TF|0|0|0|0|0|0|0|0|0|0|0|0|0
S|PARAI|9848472|-83837000| |IF|0|0|0|0|0|0|0|15000|0|0|0|0|0
S|ISEBA|9541389|-82870000| |TF|0|0|0|0|0|0|0|0|0|0|0|0|0

P|PARAI3|07|ISEBA|0|7
S| |91000000|181000000|TIO|VD|0|7100|0|0|400|0|1|5500|0|0|0|0|0
S| |91000000|181000000| |VI|0|14000|0|0|0|0|0|0|0|0|0|0|0
S|ESRIO|9930417|-84076444|TIO|CF|0|10800|1000|10760|100|0|0|0|0|0|0|0|0
S|PARAI|9848472|-83837000| |TF|0|0|0|0|0|0|0|0|0|0|0|0|0
S|PARAI|9848472|-83837000| |IF|0|0|0|0|0|0|1|9000|0|0|0|0|0
S|LIO|9963142|-83027169| |TF|0|0|0|0|0|0|0|0|0|0|0|0|0
S|ISEBA|9541389|-82870000| |TF|0|0|0|0|0|0|0|0|0|0|0|0|0

P|POAS4|07|ULAPO|0|7
S| |91000000|181000000|TIO|VD|0|7100|0|0|400|0|1|5500|0|0|0|0|0
S|TIO|9983667|-84236161| |DF|2|0|0|0|0|0|1|7000|0|0|0|0|0
S|TIO|9983667|-84236161| |IF|0|0|0|0|0|0|1|7000|0|0|0|0|0
S|D318E|10046969|-84291433| |TF|0|0|0|0|0|0|1|9500|0|0|0|0|0
S|VILLA|10271472|-84487722| |TF|0|0|0|0|0|0|0|0|0|0|0|0|0
S|ARENA|10363861|-84568972| |TF|0|0|0|0|0|0|0|0|0|0|0|0|0
S|ULAPO|11049083|-85173750| |TF|0|0|0|0|0|0|0|0|0|0|0|0|0

P|POAS4|07|COLOR|0|6
S| |91000000|181000000|TIO|VD|0|7100|0|0|400|0|1|5500|0|0|0|0|0
S|TIO|9983667|-84236161| |DF|2|0|0|0|0|0|1|7000|0|0|0|0|0
S|TIO|9983667|-84236161| |IF|0|0|0|0|0|0|1|7000|0|0|0|0|0
S|D039E|10047947|-84182039| |TF|0|0|0|0|0|0|1|9500|0|0|0|0|0
S|BARVA|10198611|-84055083| |TF|0|0|0|0|0|0|0|0|0|0|0|0|0
S|COLOR|10752806|-83583194| |TF|0|0|0|0|0|0|0|0|0|0|0|0|0

P|POAS4|07|RADON|0|7
S| |91000000|181000000|TIO|VD|0|7100|0|0|400|0|1|5500|0|0|0|0|0
S|TIO|9983667|-84236161| |DF|2|0|0|0|0|0|1|7000|0|0|0|0|0
S|TIO|9983667|-84236161| |IF|0|0|0|0|0|0|1|7000|0|0|0|0|0
S|D012E|10065269|-84217272| |TF|0|0|0|0|0|0|1|9500|0|0|0|0|0
S|JANES|10148500|-84198000| |TF|0|0|0|0|0|0|0|0|0|0|0|0|0
S|SASAY|10398028|-84139611| |TF|0|0|0|0|0|0|0|0|0|0|0|0|0
S|RADON|10702667|-84068556| |TF|0|0|0|0|0|0|0|0|0|0|0|0|0

P|RAMON4|07|ULAPO|0|7
S| |91000000|181000000|TIO|VD|0|7100|0|0|400|0|1|5500|0|0|0|0|0
S|TIO|9983667|-84236161| |DF|2|0|0|0|0|0|1|7000|0|0|0|0|0
S|RAMON|10070667|-84419472| |TF|0|0|0|0|0|0|1|9000|0|0|0|0|0
S|RAMON|10070667|-84419472| |IF|0|0|0|0|0|0|1|9000|0|0|0|0|0
S|VILLA|10271472|-84487722| |TF|0|0|0|0|0|0|0|0|0|0|0|0|0
S|ARENA|10363861|-84568972| |TF|0|0|0|0|0|0|0|0|0|0|0|0|0
S|ULAPO|11049083|-85173750| |TF|0|0|0|0|0|0|0|0|0|0|0|0|0

P|RAMON4|07|COLOR|0|8
S| |91000000|181000000|TIO|VD|0|7100|0|0|400|0|1|5500|0|0|0|0|0
S|TIO|9983667|-84236161| |DF|2|0|0|0|0|0|1|7000|0|0|0|0|0
S|RAMON|10070667|-84419472| |TF|0|0|0|0|0|0|1|9000|0|0|0|0|0
S|RAMON|10070667|-84419472| |IF|0|0|0|0|0|0|1|9000|0|0|0|0|0
S|JANES|10148500|-84198000| |TF|0|0|0|0|0|0|0|0|0|0|0|0|0
S|BARVA|10198611|-84055083| |TF|0|0|0|0|0|0|0|0|0|0|0|0|0
S|TIGRE|10486500|-83810611| |TF|0|0|0|0|0|0|0|0|0|0|0|0|0
S|COLOR|10752806|-83583194| |TF|0|0|0|0|0|0|0|0|0|0|0|0|0

P|RAMON4|07|LIB|0|6
S| |91000000|181000000|TIO|VD|0|7100|0|0|400|0|1|5500|0|0|0|0|0
S|TIO|9983667|-84236161| |DF|2|0|0|0|0|0|1|7000|0|0|0|0|0
S|RAMON|10070667|-84419472| |TF|0|0|0|0|0|0|1|9000|0|0|0|0|0
S|RAMON|10070667|-84419472| |IF|0|0|0|0|0|0|1|9000|0|0|0|0|0
S|RIOBA|10111306|-84506417| |TF|0|0|0|0|0|0|0|0|0|0|0|0|0
S|LIB|10594183|-85546353| |TF|0|0|0|0|0|0|0|0|0|0|0|0|0

P|RAMON4|07|RADON|0|6
S| |91000000|181000000|TIO|VD|0|7100|0|0|400|0|1|5500|0|0|0|0|0
S|TIO|9983667|-84236161| |DF|2|0|0|0|0|0|1|7000|0|0|0|0|0
S|RAMON|10070667|-84419472| |TF|0|0|0|0|0|0|1|9000|0|0|0|0|0
S|RAMON|10070667|-84419472| |IF|0|0|0|0|0|0|1|9000|0|0|0|0|0
S|SASAY|10398028|-84139611| |TF|0|0|0|0|0|0|0|0|0|0|0|0|0
S|RADON|10702667|-84068556| |TF|0|0|0|0|0|0|0|0|0|0|0|0|0

P|RAMON4|25|ULAPO|0|7
S| |91000000|181000000| |CA|0|25100|0|0|0|0|1|3430|0|0|0|0|0
S|TIO|9983667|-84236161| |DF|0|0|0|0|0|0|0|0|0|0|0|0|0
S|RAMON|10070667|-84419472| |TF|0|0|0|0|0|0|1|9000|0|0|0|0|0
S|RAMON|10070667|-84419472| |IF|0|0|0|0|0|0|1|9000|0|0|0|0|0
S|VILLA|10271472|-84487722| |TF|0|0|0|0|0|0|0|0|0|0|0|0|0
S|ARENA|10363861|-84568972| |TF|0|0|0|0|0|0|0|0|0|0|0|0|0
S|ULAPO|11049083|-85173750| |TF|0|0|0|0|0|0|0|0|0|0|0|0|0

P|RAMON4|25|COLOR|0|8
S| |91000000|181000000| |CA|0|25100|0|0|0|0|1|3430|0|0|0|0|0
S|TIO|9983667|-84236161| |DF|0|0|0|0|0|0|0|0|0|0|0|0|0
S|RAMON|10070667|-84419472| |TF|0|0|0|0|0|0|1|9000|0|0|0|0|0
S|RAMON|10070667|-84419472| |IF|0|0|0|0|0|0|1|9000|0|0|0|0|0
S|JANES|10148500|-84198000| |TF|0|0|0|0|0|0|0|0|0|0|0|0|0
S|BARVA|10198611|-84055083| |TF|0|0|0|0|0|0|0|0|0|0|0|0|0
S|TIGRE|10486500|-83810611| |TF|0|0|0|0|0|0|0|0|0|0|0|0|0
S|COLOR|10752806|-83583194| |TF|0|0|0|0|0|0|0|0|0|0|0|0|0

P|RAMON4|25|LIB|0|6
S| |91000000|181000000| |CA|0|25100|0|0|0|0|1|3430|0|0|0|0|0
S|TIO|9983667|-84236161| |DF|0|0|0|0|0|0|0|0|0|0|0|0|0
S|RAMON|10070667|-84419472| |TF|0|0|0|0|0|0|1|9000|0|0|0|0|0
S|RAMON|10070667|-84419472| |IF|0|0|0|0|0|0|1|9000|0|0|0|0|0
S|RIOBA|10111306|-84506417| |TF|0|0|0|0|0|0|0|0|0|0|0|0|0
S|LIB|10594183|-85546353| |TF|0|0|0|0|0|0|0|0|0|0|0|0|0

P|RAMON4|25|RADON|0|6
S| |91000000|181000000| |CA|0|25100|0|0|0|0|1|3430|0|0|0|0|0
S|TIO|9983667|-84236161| |DF|0|0|0|0|0|0|0|0|0|0|0|0|0
S|RAMON|10070667|-84419472| |TF|0|0|0|0|0|0|1|9000|0|0|0|0|0
S|RAMON|10070667|-84419472| |IF|0|0|0|0|0|0|1|9000|0|0|0|0|0
S|SASAY|10398028|-84139611| |TF|0|0|0|0|0|0|0|0|0|0|0|0|0
S|RADON|10702667|-84068556| |TF|0|0|0|0|0|0|0|0|0|0|0|0|0

P|TEJA3M|07|LIO|0|7
S| |91000000|181000000| |VI|0|7100|0|0|0|210|1|5500|0|0|0|0|0
S|OC224|9915111|-84027778|LIB|CF|0|14400|9860|11620|860|0|1|9000|0|0|0|0|0
S|TEJAR|9821056|-83952944| |TF|0|0|0|0|0|0|1|13000|0|0|0|0|0
S|TEJAR|9821056|-83952944| |IF|0|0|0|0|0|0|1|13000|0|0|0|0|0
S|OC215|9834944|-83774306| |TF|0|0|0|0|0|0|1|14000|0|0|0|0|0
S|OC250|9846667|-83605500| |TF|0|0|0|0|0|0|0|0|0|0|0|0|0
S|LIO|9963142|-83027169| |TF|0|0|0|0|0|0|0|0|0|0|0|0|0

P|TEJA3T|07|COTOS|0|5
S| |91000000|181000000| |VI|0|7100|0|0|0|210|1|5500|0|0|0|0|0
S|OC224|9915111|-84027778|LIB|CF|0|14400|9860|11620|860|0|1|9000|0|0|0|0|0
S|TEJAR|9821056|-83952944| |TF|0|0|0|0|0|0|1|13000|0|0|0|0|0
S|TEJAR|9821056|-83952944| |IF|0|0|0|0|0|0|1|13000|0|0|0|0|0
S|COTOS|8608583|-82971528| |TF|0|0|0|0|0|0|0|0|0|0|0|0|0

P|TEJA4M|25|LIO|0|8
S| |91000000|181000000| |VI|0|25100|0|0|0|0|0|0|0|0|0|0|0
S|OC265|9886333|-84259333|LIB|CF|0|17500|8710|12090|510|0|0|0|0|0|0|0|0
S|OC212|9802139|-84198944| |TF|0|0|0|0|0|0|1|10000|0|0|0|0|0
S|TEJAR|9821056|-83952944| |TF|0|0|0|0|0|0|1|13000|0|0|0|0|0
S|TEJAR|9821056|-83952944| |IF|0|0|0|0|0|0|1|13000|0|0|0|0|0
S|OC215|9834944|-83774306| |TF|0|0|0|0|0|0|1|14000|0|0|0|0|0
S|OC250|9846667|-83605500| |TF|0|0|0|0|0|0|0|0|0|0|0|0|0
S|LIO|9963142|-83027169| |TF|0|0|0|0|0|0|0|0|0|0|0|0|0

P|TEJA4T|25|COTOS|0|6
S| |91000000|181000000| |VI|0|25100|0|0|0|0|0|0|0|0|0|0|0
S|OC265|9886333|-84259333|LIB|CF|0|17500|8710|12090|510|0|0|0|0|0|0|0|0
S|OC212|9802139|-84198944| |TF|0|0|0|0|0|0|1|10000|0|0|0|0|0
S|TEJAR|9821056|-83952944| |TF|0|0|0|0|0|0|1|13000|0|0|0|0|0
S|TEJAR|9821056|-83952944| |IF|0|0|0|0|0|0|1|13000|0|0|0|0|0
S|COTOS|8608583|-82971528| |TF|0|0|0|0|0|0|0|0|0|0|0|0|0

