P|AMES2A|15|AMESA|0|8
S| |91000000|181000000| |VA|0|15500|0|0|0|0|1|2500|0|0|0|0|0
S| |91000000|181000000| |VI|1|27000|0|0|0|0|0|0|0|0|0|0|0
S|FF15|13812692|-89174903|YSV|CF|0|33500|800|33500|500|0|1|4500|0|0|0|0|0
S|FF15|13812692|-89174903| |IF|0|0|0|0|0|0|1|4500|0|0|0|0|0
S|CF15|13918872|-89225625| |TF|0|0|0|0|0|0|0|0|0|0|0|0|0
S|D303O|13826836|-89333250|YSV|AF|1|33500|1500|30260|0|0|1|8000|0|0|0|0|0
S|D264O|13662750|-89372111|YSV|AF|1|30300|1500|26350|0|0|0|0|0|0|0|0|0
S|AMESA|13621425|-89736881| |TF|0|0|0|0|0|0|1|10000|0|0|0|0|0

P|AMES2A|33|AMESA|0|7
S| |91000000|181000000| |VA|0|33500|0|0|0|0|1|2430|0|0|0|0|0
S|FF15|13812692|-89174903|YSV|CF|0|33500|800|33500|700|0|1|4500|0|0|0|0|0
S|FF15|13812692|-89174903| |IF|0|0|0|0|0|0|1|4500|0|0|0|0|0
S|CF15|13918872|-89225625| |TF|0|0|0|0|0|0|0|0|0|0|0|0|0
S|D303O|13826836|-89333250|YSV|AF|1|33500|1500|30260|0|0|1|8000|0|0|0|0|0
S|D264O|13662750|-89372111|YSV|AF|1|30300|1500|26350|0|0|0|0|0|0|0|0|0
S|AMESA|13621425|-89736881| |TF|0|0|0|0|0|0|1|10000|0|0|0|0|0

P|AMES2C|15|AMESA|0|9
S| |91000000|181000000| |VA|0|15500|0|0|0|0|1|2500|0|0|0|0|0
S| |91000000|181000000| |VI|1|36000|0|0|0|0|0|0|0|0|0|0|0
S|D048G|13769719|-89027900|YSV|CF|0|4800|700|4800|200|0|0|5000|0|0|0|0|0
S|D048G|13769719|-89027900| |IF|0|0|0|0|0|0|0|5000|0|0|0|0|0
S|D048O|13859675|-88926386| |TF|0|0|0|0|0|0|0|0|0|0|0|0|0
S|D357O|13941844|-89134378|YSV|AF|1|4800|1500|35610|0|0|1|8000|0|0|0|0|0
S|D303O|13826836|-89333250|YSV|AF|1|35700|1500|30270|0|0|1|9000|0|0|0|0|0
S|D264O|13662750|-89372111|YSV|AF|1|30300|1500|26350|0|0|0|0|0|0|0|0|0
S|AMESA|13621425|-89736881| |TF|0|0|0|0|0|0|1|10000|0|0|0|0|0

P|AMES2C|33|AMESA|0|9
S| |91000000|181000000| |VA|0|33500|0|0|0|0|1|2500|0|0|0|0|0
S| |91000000|181000000| |VI|2|12000|0|0|0|0|0|0|0|0|0|0|0
S|D048G|13769719|-89027900|YSV|CF|0|4800|700|4800|300|0|0|5000|0|0|0|0|0
S|D048G|13769719|-89027900| |IF|0|0|0|0|0|0|0|5000|0|0|0|0|0
S|D048O|13859675|-88926386| |TF|0|0|0|0|0|0|0|0|0|0|0|0|0
S|D357O|13941844|-89134378|YSV|AF|1|4800|1500|35610|0|0|1|8000|0|0|0|0|0
S|D303O|13826836|-89333250|YSV|AF|1|35700|1500|30270|0|0|1|9000|0|0|0|0|0
S|D264O|13662750|-89372111|YSV|AF|1|30300|1500|26350|0|0|0|0|0|0|0|0|0
S|AMESA|13621425|-89736881| |TF|0|0|0|0|0|0|1|10000|0|0|0|0|0

P|AMUV2C|15|AMUVO|0|8
S| |91000000|181000000| |VA|0|15500|0|0|0|0|1|2500|0|0|0|0|0
S| |91000000|181000000| |VI|1|36000|0|0|0|0|0|0|0|0|0|0|0
S|D048G|13769719|-89027900|YSV|CF|0|4800|700|4800|200|0|0|5000|0|0|0|0|0
S|D048G|13769719|-89027900| |IF|0|0|0|0|0|0|0|5000|0|0|0|0|0
S|D048J|13801117|-88987719| |TF|0|0|0|0|0|0|0|0|0|0|0|0|0
S|D129J|13585089|-88984714|YSV|AF|2|4800|1000|12940|0|0|0|0|0|0|0|0|0
S|D141J|13561967|-89008361|YSV|AF|2|12900|1000|14060|0|0|0|0|0|0|0|0|0
S|AMUVO|13011975|-88548269| |TF|0|0|0|0|0|0|1|8000|0|0|0|0|0

P|AMUV2C|33|AMUVO|0|8
S| |91000000|181000000| |VA|0|33500|0|0|0|0|1|2500|0|0|0|0|0
S| |91000000|181000000| |VI|2|12000|0|0|0|0|0|0|0|0|0|0|0
S|D048G|13769719|-89027900|YSV|CF|0|4800|700|4800|300|0|0|5000|0|0|0|0|0
S|D048G|13769719|-89027900| |IF|0|0|0|0|0|0|0|5000|0|0|0|0|0
S|D048J|13801117|-88987719| |TF|0|0|0|0|0|0|0|0|0|0|0|0|0
S|D129J|13585089|-88984714|YSV|AF|2|4800|1000|12940|0|0|0|0|0|0|0|0|0
S|D141J|13561967|-89008361|YSV|AF|2|12900|1000|14060|0|0|0|0|0|0|0|0|0
S|AMUVO|13011975|-88548269| |TF|0|0|0|0|0|0|1|8000|0|0|0|0|0

P|ATUM2D|15|ATUMA|0|5
S| |91000000|181000000| |VA|0|15500|0|0|0|0|1|2500|0|0|0|0|0
S| |91000000|181000000| |VI|1|36000|0|0|0|0|0|0|0|0|0|0|0
S|D048G|13769719|-89027900|YSV|CF|0|4800|700|4800|200|0|0|5000|0|0|0|0|0
S|D048G|13769719|-89027900| |IF|0|0|0|0|0|0|0|5000|0|0|0|0|0
S|ATUMA|14017203|-88747631| |TF|0|0|0|0|0|0|1|12000|0|0|0|0|0

P|ATUM2D|33|ATUMA|0|5
S| |91000000|181000000| |VA|0|33500|0|0|0|0|1|2500|0|0|0|0|0
S| |91000000|181000000| |VI|2|12000|0|0|0|0|0|0|0|0|0|0|0
S|D048G|13769719|-89027900|YSV|CF|0|4800|700|4800|260|0|0|5000|0|0|0|0|0
S|D048G|13769719|-89027900| |IF|0|0|0|0|0|0|0|5000|0|0|0|0|0
S|ATUMA|14017203|-88747631| |TF|0|0|0|0|0|0|1|12000|0|0|0|0|0

P|ILOT2C|15|ILOTI|0|9
S| |91000000|181000000| |VA|0|15500|0|0|0|0|1|2500|0|0|0|0|0
S| |91000000|181000000| |VI|1|36000|0|0|0|0|0|0|0|0|0|0|0
S|D048G|13769719|-89027900|YSV|CF|0|4800|700|4800|200|0|0|5000|0|0|0|0|0
S|D048G|13769719|-89027900| |IF|0|0|0|0|0|0|0|5000|0|0|0|0|0
S|D048J|13801117|-88987719| |TF|0|0|0|0|0|0|0|0|0|0|0|0|0
S|D129J|13585089|-88984714|YSV|AF|2|4800|1000|12940|0|0|0|0|0|0|0|0|0
S|D141J|13561967|-89008361|YSV|AF|2|12900|1000|14060|0|0|0|0|0|0|0|0|0
S|D152J|13544519|-89034756|YSV|AF|2|14100|1000|15130|0|0|0|0|0|0|0|0|0
S|ILOTI|12895128|-88672381| |TF|0|0|0|0|0|0|1|8000|0|0|0|0|0

P|ILOT2C|33|ILOTI|0|9
S| |91000000|181000000| |VA|0|33500|0|0|0|0|1|2500|0|0|0|0|0
S| |91000000|181000000| |VI|2|12000|0|0|0|0|0|0|0|0|0|0|0
S|D048G|13769719|-89027900|YSV|CF|0|4800|700|4800|300|0|0|5000|0|0|0|0|0
S|D048G|13769719|-89027900| |IF|0|0|0|0|0|0|0|5000|0|0|0|0|0
S|D048J|13801117|-88987719| |TF|0|0|0|0|0|0|0|0|0|0|0|0|0
S|D129J|13585089|-88984714|YSV|AF|2|4800|1000|12940|0|0|0|0|0|0|0|0|0
S|D141J|13561967|-89008361|YSV|AF|2|12900|1000|14060|0|0|0|0|0|0|0|0|0
S|D152J|13544519|-89034756|YSV|AF|2|14100|1000|15130|0|0|0|0|0|0|0|0|0
S|ILOTI|12895128|-88672381| |TF|0|0|0|0|0|0|1|8000|0|0|0|0|0

P|IMAL2A|15|IMALU|0|7
S| |91000000|181000000| |VA|0|15500|0|0|0|0|1|2500|0|0|0|0|0
S| |91000000|181000000| |VI|1|27000|0|0|0|0|0|0|0|0|0|0|0
S|FF15|13812692|-89174903|YSV|CF|0|33500|800|33500|500|0|1|4500|0|0|0|0|0
S|FF15|13812692|-89174903| |IF|0|0|0|0|0|0|1|4500|0|0|0|0|0
S|CF15|13918872|-89225625| |TF|0|0|0|0|0|0|0|0|0|0|0|0|0
S|D303O|13826836|-89333250|YSV|AF|1|33500|1500|30260|0|0|1|8000|0|0|0|0|0
S|IMALU|13944297|-89521161| |TF|0|0|0|0|0|0|1|11000|0|0|0|0|0

P|IMAL2A|33|IMALU|0|6
S| |91000000|181000000| |VA|0|33500|0|0|0|0|1|2430|0|0|0|0|0
S|FF15|13812692|-89174903|YSV|CF|0|33500|800|33500|700|0|1|4500|0|0|0|0|0
S|FF15|13812692|-89174903| |IF|0|0|0|0|0|0|1|4500|0|0|0|0|0
S|CF15|13918872|-89225625| |TF|0|0|0|0|0|0|0|0|0|0|0|0|0
S|D303O|13826836|-89333250|YSV|AF|1|33500|1500|30260|0|0|1|8000|0|0|0|0|0
S|IMALU|13944297|-89521161| |TF|0|0|0|0|0|0|1|11000|0|0|0|0|0

P|IMAL2B|15|IMALU|0|9
S| |91000000|181000000| |VA|0|15500|0|0|0|0|1|2500|0|0|0|0|0
S| |91000000|181000000| |VI|1|36000|0|0|0|0|0|0|0|0|0|0|0
S|D048G|13769719|-89027900|YSV|CF|0|4800|700|4800|300|0|0|5000|0|0|0|0|0
S|D048G|13769719|-89027900| |IF|0|0|0|0|0|0|0|5000|0|0|0|0|0
S|D048O|13859675|-88926386| |TF|0|0|0|0|0|0|0|0|0|0|0|0|0
S|D015O|13934881|-89054494|YSV|AF|1|4800|1500|1410|0|0|1|8000|0|0|0|0|0
S|D357O|13941844|-89134378|YSV|AF|1|1500|1500|35610|0|0|1|8000|0|0|0|0|0
S|D303O|13826836|-89333250|YSV|AF|1|35700|1500|30260|0|0|0|0|0|0|0|0|0
S|IMALU|13944297|-89521161| |TF|0|0|0|0|0|0|1|11000|0|0|0|0|0

P|IMAL2B|33|IMALU|0|9
S| |91000000|181000000| |VA|0|33500|0|0|0|0|1|2500|0|0|0|0|0
S| |91000000|181000000| |VI|2|12000|0|0|0|0|0|0|0|0|0|0|0
S|D048G|13769719|-89027900|YSV|CF|0|4800|700|4800|300|0|0|5000|0|0|0|0|0
S|D048G|13769719|-89027900| |IF|0|0|0|0|0|0|0|5000|0|0|0|0|0
S|D048O|13859675|-88926386| |TF|0|0|0|0|0|0|0|0|0|0|0|0|0
S|D015O|13934881|-89054494|YSV|AF|1|4800|1500|1410|0|0|1|8000|0|0|0|0|0
S|D357O|13941844|-89134378|YSV|AF|1|1500|1500|35610|0|0|1|8000|0|0|0|0|0
S|D303O|13826836|-89333250|YSV|AF|1|35700|1500|30260|0|0|0|0|0|0|0|0|0
S|IMALU|13944297|-89521161| |TF|0|0|0|0|0|0|1|11000|0|0|0|0|0

P|IMIM2B|15|IMIMO|0|7
S| |91000000|181000000| |VA|0|15500|0|0|0|0|1|2500|0|0|0|0|0
S| |91000000|181000000| |VI|1|36000|0|0|0|0|0|0|0|0|0|0|0
S|D048G|13769719|-89027900|YSV|CF|0|4800|700|4800|300|0|0|5000|0|0|0|0|0
S|D048G|13769719|-89027900| |IF|0|0|0|0|0|0|0|5000|0|0|0|0|0
S|D048O|13859675|-88926386| |TF|0|0|0|0|0|0|0|0|0|0|0|0|0
S|D080O|13737364|-88864514|YSV|AF|2|4800|1500|7940|0|0|0|0|0|0|0|0|0
S|IMIMO|13801611|-88509614| |TF|0|0|0|0|0|0|1|10000|0|0|0|0|0

P|IMIM2B|33|IMIMO|0|7
S| |91000000|181000000| |VA|0|33500|0|0|0|0|1|2500|0|0|0|0|0
S| |91000000|181000000| |VI|2|12000|0|0|0|0|0|0|0|0|0|0|0
S|D048G|13769719|-89027900|YSV|CF|0|4800|700|4800|300|0|0|5000|0|0|0|0|0
S|D048G|13769719|-89027900| |IF|0|0|0|0|0|0|0|5000|0|0|0|0|0
S|D048O|13859675|-88926386| |TF|0|0|0|0|0|0|0|0|0|0|0|0|0
S|D080O|13737364|-88864514|YSV|AF|2|4800|1500|7940|0|0|0|0|0|0|0|0|0
S|IMIMO|13801611|-88509614| |TF|0|0|0|0|0|0|1|10000|0|0|0|0|0

P|MORA2A|15|MORAM|0|8
S| |91000000|181000000| |VA|0|15500|0|0|0|0|1|2500|0|0|0|0|0
S| |91000000|181000000| |VI|1|27000|0|0|0|0|0|0|0|0|0|0|0
S|FF15|13812692|-89174903|YSV|CF|0|33500|800|33500|500|0|1|4500|0|0|0|0|0
S|FF15|13812692|-89174903| |IF|0|0|0|0|0|0|1|4500|0|0|0|0|0
S|CF15|13918872|-89225625| |TF|0|0|0|0|0|0|0|0|0|0|0|0|0
S|D357O|13941844|-89134378|YSV|AF|2|33500|1500|35610|0|0|1|8000|0|0|0|0|0
S|D015O|13934881|-89054494|YSV|AF|2|35700|1500|1410|0|0|0|0|0|0|0|0|0
S|MORAM|14098242|-89012503| |TF|0|0|0|0|0|0|1|12000|0|0|0|0|0

P|MORA2A|33|MORAM|0|7
S| |91000000|181000000| |VA|0|33500|0|0|0|0|1|2430|0|0|0|0|0
S|FF15|13812692|-89174903|YSV|CF|0|33500|800|33500|700|0|1|4500|0|0|0|0|0
S|FF15|13812692|-89174903| |IF|0|0|0|0|0|0|1|4500|0|0|0|0|0
S|CF15|13918872|-89225625| |TF|0|0|0|0|0|0|0|0|0|0|0|0|0
S|D357O|13941844|-89134378|YSV|AF|2|33500|1500|35610|0|0|1|8000|0|0|0|0|0
S|D015O|13934881|-89054494|YSV|AF|2|35700|1500|1410|0|0|0|0|0|0|0|0|0
S|MORAM|14098242|-89012503| |TF|0|0|0|0|0|0|1|12000|0|0|0|0|0

P|MORA2B|15|MORAM|0|7
S| |91000000|181000000| |VA|0|15500|0|0|0|0|1|2500|0|0|0|0|0
S| |91000000|181000000| |VI|1|36000|0|0|0|0|0|0|0|0|0|0|0
S|D048G|13769719|-89027900|YSV|CF|0|4800|700|4800|300|0|0|5000|0|0|0|0|0
S|D048G|13769719|-89027900| |IF|0|0|0|0|0|0|0|5000|0|0|0|0|0
S|D048O|13859675|-88926386| |TF|0|0|0|0|0|0|0|0|0|0|0|0|0
S|D015O|13934881|-89054494|YSV|AF|1|4800|1500|1410|0|0|1|8000|0|0|0|0|0
S|MORAM|14098242|-89012503| |TF|0|0|0|0|0|0|1|12000|0|0|0|0|0

P|MORA2B|33|MORAM|0|7
S| |91000000|181000000| |VA|0|33500|0|0|0|0|1|2500|0|0|0|0|0
S| |91000000|181000000| |VI|2|12000|0|0|0|0|0|0|0|0|0|0|0
S|D048G|13769719|-89027900|YSV|CF|0|4800|700|4800|300|0|0|5000|0|0|0|0|0
S|D048G|13769719|-89027900| |IF|0|0|0|0|0|0|0|5000|0|0|0|0|0
S|D048O|13859675|-88926386| |TF|0|0|0|0|0|0|0|0|0|0|0|0|0
S|D015O|13934881|-89054494|YSV|AF|1|4800|1500|1410|0|0|1|8000|0|0|0|0|0
S|MORAM|14098242|-89012503| |TF|0|0|0|0|0|0|1|12000|0|0|0|0|0

P|RELT2A|15|RELTA|0|7
S| |91000000|181000000| |VA|0|15500|0|0|0|0|1|2500|0|0|0|0|0
S| |91000000|181000000| |VI|1|27000|0|0|0|0|0|0|0|0|0|0|0
S|FF15|13812692|-89174903|YSV|CF|0|33500|800|33500|500|0|1|4500|0|0|0|0|0
S|FF15|13812692|-89174903| |IF|0|0|0|0|0|0|1|4500|0|0|0|0|0
S|CF15|13918872|-89225625| |TF|0|0|0|0|0|0|0|0|0|0|0|0|0
S|D357O|13941844|-89134378|YSV|AF|2|33500|1500|35610|0|0|1|8000|0|0|0|0|0
S|RELTA|14098517|-89145275| |TF|0|0|0|0|0|0|1|12000|0|0|0|0|0

P|RELT2A|33|RELTA|0|6
S| |91000000|181000000| |VA|0|33500|0|0|0|0|1|2430|0|0|0|0|0
S|FF15|13812692|-89174903|YSV|CF|0|33500|800|33500|700|0|1|4500|0|0|0|0|0
S|FF15|13812692|-89174903| |IF|0|0|0|0|0|0|1|4500|0|0|0|0|0
S|CF15|13918872|-89225625| |TF|0|0|0|0|0|0|0|0|0|0|0|0|0
S|D357O|13941844|-89134378|YSV|AF|2|33500|1500|35610|0|0|1|8000|0|0|0|0|0
S|RELTA|14098517|-89145275| |TF|0|0|0|0|0|0|1|12000|0|0|0|0|0

P|RELT2B|15|RELTA|0|8
S| |91000000|181000000| |VA|0|15500|0|0|0|0|1|2500|0|0|0|0|0
S| |91000000|181000000| |VI|1|36000|0|0|0|0|0|0|0|0|0|0|0
S|D048G|13769719|-89027900|YSV|CF|0|4800|700|4800|300|0|0|5000|0|0|0|0|0
S|D048G|13769719|-89027900| |IF|0|0|0|0|0|0|0|5000|0|0|0|0|0
S|D048O|13859675|-88926386| |TF|0|0|0|0|0|0|0|0|0|0|0|0|0
S|D015O|13934881|-89054494|YSV|AF|1|4800|1500|1410|0|0|1|8000|0|0|0|0|0
S|D357O|13941844|-89134378|YSV|AF|1|1500|1500|35610|0|0|1|8000|0|0|0|0|0
S|RELTA|14098517|-89145275| |TF|0|0|0|0|0|0|1|12000|0|0|0|0|0

P|RELT2B|33|RELTA|0|8
S| |91000000|181000000| |VA|0|33500|0|0|0|0|1|2500|0|0|0|0|0
S| |91000000|181000000| |VI|2|12000|0|0|0|0|0|0|0|0|0|0|0
S|D048G|13769719|-89027900|YSV|CF|0|4800|700|4800|300|0|0|5000|0|0|0|0|0
S|D048G|13769719|-89027900| |IF|0|0|0|0|0|0|0|5000|0|0|0|0|0
S|D048O|13859675|-88926386| |TF|0|0|0|0|0|0|0|0|0|0|0|0|0
S|D015O|13934881|-89054494|YSV|AF|1|4800|1500|1410|0|0|1|8000|0|0|0|0|0
S|D357O|13941844|-89134378|YSV|AF|1|1500|1500|35610|0|0|1|8000|0|0|0|0|0
S|RELTA|14098517|-89145275| |TF|0|0|0|0|0|0|1|12000|0|0|0|0|0

P|UMIP2C|15|UMIPI|0|7
S| |91000000|181000000| |VA|0|15500|0|0|0|0|1|2500|0|0|0|0|0
S| |91000000|181000000| |VI|1|36000|0|0|0|0|0|0|0|0|0|0|0
S|D048G|13769719|-89027900|YSV|CF|0|4800|700|4800|200|0|0|5000|0|0|0|0|0
S|D048G|13769719|-89027900| |IF|0|0|0|0|0|0|0|5000|0|0|0|0|0
S|D048J|13801117|-88987719| |TF|0|0|0|0|0|0|0|0|0|0|0|0|0
S|D129J|13585089|-88984714|YSV|AF|2|4800|1000|12940|0|0|0|0|0|0|0|0|0
S|UMIPI|13158994|-88456250| |TF|0|0|0|0|0|0|1|10000|0|0|0|0|0

P|UMIP2C|33|UMIPI|0|7
S| |91000000|181000000| |VA|0|33500|0|0|0|0|1|2500|0|0|0|0|0
S| |91000000|181000000| |VI|2|12000|0|0|0|0|0|0|0|0|0|0|0
S|D048G|13769719|-89027900|YSV|CF|0|4800|700|4800|300|0|0|5000|0|0|0|0|0
S|D048G|13769719|-89027900| |IF|0|0|0|0|0|0|0|5000|0|0|0|0|0
S|D048J|13801117|-88987719| |TF|0|0|0|0|0|0|0|0|0|0|0|0|0
S|D129J|13585089|-88984714|YSV|AF|2|4800|1000|12940|0|0|0|0|0|0|0|0|0
S|UMIPI|13158994|-88456250| |TF|0|0|0|0|0|0|1|10000|0|0|0|0|0

P|YSV2E|15|YSV|0|5
S| |91000000|181000000|YSV|VD|0|15500|0|0|300|0|1|2500|0|0|0|0|0
S| |91000000|181000000| |VI|1|31500|0|0|0|0|0|0|0|0|0|0|0
S|YSV|13691331|-89116992|YSV|FD|0|35300|0|0|300|0|1|3500|0|0|0|0|0
S|YSV|13691331|-89116992|YSV|CF|1|15500|0|0|300|0|0|0|0|0|0|0|0
S|YSV|13691331|-89116992| |HA|2|35300|0|0|0|0|1|5000|0|0|0|0|0

P|YSV2F|33|YSV|0|3
S| |91000000|181000000|YSV|VD|0|33500|0|0|300|0|1|3500|0|0|0|0|0
S|YSV|13691331|-89116992|YSV|CF|2|17300|0|0|500|0|0|0|0|0|0|0|0
S|YSV|13691331|-89116992| |HA|2|35300|0|0|0|0|1|5000|0|0|0|0|0

