P|CHOIE2|25|HEKOP|0|4
S|CHOIE|25453953|-76741139| |DF|0|0|0|0|0|0|1|640|0|1|0|0|0
S|CHOIE|25453953|-76741139| |IF|0|0|0|0|0|0|1|640|0|0|0|0|0
S|FEGIG|25347858|-77298911| |TF|0|0|0|0|0|0|1|3000|0|0|0|0|0
S|HEKOP|25237486|-77551425| |TF|0|0|0|0|0|0|0|0|0|0|0|0|0

P|CHOIE2|25|ZUTUN|0|4
S|CHOIE|25453953|-76741139| |DF|0|0|0|0|0|0|1|640|0|1|0|0|0
S|CHOIE|25453953|-76741139| |IF|0|0|0|0|0|0|1|640|0|0|0|0|0
S|HODOD|25205992|-76945186| |TF|0|0|0|0|0|0|1|3000|0|0|0|0|0
S|ZUTUN|24963311|-77247172| |TF|0|0|0|0|0|0|0|0|0|0|0|0|0

P|LENKY2|07|HEKOP|0|5
S|LENKY|25497303|-76621572| |DF|0|0|0|0|0|0|1|650|0|1|0|0|0
S|LENKY|25497303|-76621572| |IF|0|0|0|0|0|0|1|650|0|0|0|0|0
S|JATEX|25534536|-76915686| |DF|1|0|0|0|0|0|1|3000|0|0|0|0|0
S|FEGIG|25347858|-77298911| |TF|0|0|0|0|0|0|0|0|0|0|0|0|0
S|HEKOP|25237486|-77551425| |TF|0|0|0|0|0|0|0|0|0|0|0|0|0

P|LENKY2|07|ZUTUN|0|4
S|LENKY|25497303|-76621572| |DF|0|0|0|0|0|0|1|650|0|1|0|0|0
S|LENKY|25497303|-76621572| |IF|0|0|0|0|0|0|1|650|0|0|0|0|0
S|HODOD|25205992|-76945186| |DF|2|0|0|0|0|0|1|3000|0|0|0|0|0
S|ZUTUN|24963311|-77247172| |TF|0|0|0|0|0|0|0|0|0|0|0|0|0

