P|FREDY2|14|EXIGE|0|5
S|FREDY|24994933|-77412469| |DF|0|0|0|0|0|0|0|0|0|1|0|0|0
S|FREDY|24994933|-77412469| |IF|0|0|0|0|0|0|0|0|0|0|0|0|0
S|DOBNS|24663408|-77074492| |TF|0|0|0|0|0|0|0|0|0|0|0|0|0
S|SHOKO|23767278|-76170833| |TF|0|0|0|0|0|0|0|0|0|0|0|0|0
S|EXIGE|23645086|-76050167| |TF|0|0|0|0|0|0|0|0|0|0|0|0|0

P|FREDY2|14|JEDIK|0|5
S|FREDY|24994933|-77412469| |DF|0|0|0|0|0|0|0|0|0|1|0|0|0
S|FREDY|24994933|-77412469| |IF|0|0|0|0|0|0|0|0|0|0|0|0|0
S|POLBE|25117886|-77242686| |TF|0|0|0|0|0|0|0|0|0|0|0|0|0
S|FILAB|25265142|-77038569| |TF|0|0|0|0|0|0|0|0|0|0|0|0|0
S|JEDIK|25404444|-76878056| |TF|0|0|0|0|0|0|0|0|0|0|0|0|0

P|FREDY2|14|MAJUR|0|5
S|FREDY|24994933|-77412469| |DF|0|0|0|0|0|0|0|0|0|1|0|0|0
S|FREDY|24994933|-77412469| |IF|0|0|0|0|0|0|0|0|0|0|0|0|0
S|JUTED|24852139|-77567017| |TF|0|0|0|0|0|210|0|0|0|0|0|0|0
S|HEROM|24896775|-77762586| |TF|0|0|0|0|0|0|0|0|0|0|0|0|0
S|MAJUR|25330056|-77861003| |TF|0|0|0|0|0|0|0|0|0|0|0|0|0

P|FREDY2|14|NICKO|0|5
S|FREDY|24994933|-77412469| |DF|0|0|0|0|0|0|0|0|0|1|0|0|0
S|FREDY|24994933|-77412469| |IF|0|0|0|0|0|0|0|0|0|0|0|0|0
S|JUTED|24852139|-77567017| |TF|0|0|0|0|0|210|0|0|0|0|0|0|0
S|HEROM|24896775|-77762586| |TF|0|0|0|0|0|0|0|0|0|0|0|0|0
S|NICKO|24990925|-78179322| |TF|0|0|0|0|0|0|0|0|0|0|0|0|0

P|FREDY2|14|SYDNY|0|5
S|FREDY|24994933|-77412469| |DF|0|0|0|0|0|0|0|0|0|1|0|0|0
S|FREDY|24994933|-77412469| |IF|0|0|0|0|0|0|0|0|0|0|0|0|0
S|JUTED|24852139|-77567017| |TF|0|0|0|0|0|210|0|0|0|0|0|0|0
S|HEROM|24896775|-77762586| |TF|0|0|0|0|0|0|0|0|0|0|0|0|0
S|SYDNY|25562592|-77881075| |TF|0|0|0|0|0|0|0|0|0|0|0|0|0

P|INGRA2|14|INGRA|0|4
S|FREDY|24994933|-77412469| |DF|0|0|0|0|0|0|0|0|0|1|0|0|0
S|FREDY|24994933|-77412469| |IF|0|0|0|0|0|0|0|0|0|0|0|0|0
S|POLBE|25117886|-77242686| |TF|0|0|0|0|0|0|0|0|0|0|0|0|0
S|INGRA|25465431|-77222333| |TF|0|0|0|0|0|0|0|0|0|0|0|0|0

P|JAVIS2|32|JEDIK|0|4
S|JAVIS|25087408|-77515172| |DF|0|0|0|0|0|0|0|0|0|1|0|0|0
S|JAVIS|25087408|-77515172| |IF|0|0|0|0|0|0|0|0|0|0|0|0|0
S|HABDO|25206250|-77385981| |TF|0|0|0|0|0|210|0|0|0|0|0|0|0
S|JEDIK|25404444|-76878056| |TF|0|0|0|0|0|0|0|0|0|0|0|0|0

P|JAVIS2|32|MAJUR|0|3
S|JAVIS|25087408|-77515172| |DF|0|0|0|0|0|0|0|0|0|1|0|0|0
S|JAVIS|25087408|-77515172| |IF|0|0|0|0|0|0|0|0|0|0|0|0|0
S|MAJUR|25330056|-77861003| |TF|0|0|0|0|0|0|0|0|0|0|0|0|0

P|JAVIS2|32|NICKO|0|3
S|JAVIS|25087408|-77515172| |DF|0|0|0|0|0|0|0|0|0|1|0|0|0
S|JAVIS|25087408|-77515172| |IF|0|0|0|0|0|0|0|0|0|0|0|0|0
S|NICKO|24990925|-78179322| |TF|0|0|0|0|0|0|0|0|0|0|0|0|0

P|JAVIS2|32|SYDNY|0|3
S|JAVIS|25087408|-77515172| |DF|0|0|0|0|0|0|0|0|0|1|0|0|0
S|JAVIS|25087408|-77515172| |IF|0|0|0|0|0|0|0|0|0|0|0|0|0
S|SYDNY|25562592|-77881075| |TF|0|0|0|0|0|0|0|0|0|0|0|0|0

