P|IP1C|17|IP|0|6
S| |91000000|181000000| |CA|0|16600|0|0|0|0|1|600|0|0|0|0|0
S| |91000000|181000000| |CI|0|13500|0|0|0|0|0|0|0|0|0|0|0
S|MGA|-22315389|166473167|MGA|FD|0|9400|0|0|700|0|2|1800|0|0|0|0|0
S|NORAC|-22395833|166762500|MGA|CF|0|9400|1680|9500|1000|0|0|0|0|0|0|0|0
S|MISGA|-22464167|167000000| |TF|0|0|0|0|0|0|0|0|0|0|0|0|0
S|IP|-22590000|167451083| |TF|0|0|0|0|0|0|0|0|0|0|0|0|0

P|IP2F|35|IP|0|5
S| |91000000|181000000| |CA|0|34600|0|0|0|0|1|600|0|0|0|0|0
S| |91000000|181000000| |CI|2|14000|0|0|0|0|0|0|0|0|0|0|0
S|NORAC|-22395833|166762500|MGA|CF|0|9400|1680|9500|900|0|0|0|0|0|0|0|0
S|MISGA|-22464167|167000000| |TF|0|0|0|0|0|0|0|0|0|0|0|0|0
S|IP|-22590000|167451083| |TF|0|0|0|0|0|0|0|0|0|0|0|0|0

P|LTO3A|17|LTO|0|4
S| |91000000|181000000| |CA|0|16600|0|0|0|0|1|600|0|0|0|0|0
S|MGA|-22315389|166473167|MGA|CF|0|16700|0|0|300|0|0|0|0|1|0|0|0
S| |91000000|181000000|MGA|VD|2|28500|0|0|600|0|2|1800|0|0|0|0|0
S|LTO|-22005444|166211667|LTO|CF|0|32100|0|0|2100|0|0|0|0|0|0|0|0

P|LTO4B|35|LTO|0|3
S| |91000000|181000000| |CA|0|34600|0|0|0|0|1|600|0|0|0|0|0
S| |91000000|181000000|LTO|CR|1|25600|0|13800|0|0|0|0|0|0|0|0|0
S|LTO|-22005444|166211667|LTO|CF|0|32100|0|0|1400|0|0|0|0|0|0|0|0

P|MG1|17| |0|4
S| |91000000|181000000| |CA|0|16600|0|0|0|0|1|600|0|0|0|0|0
S| |91000000|181000000| |CI|1|7400|0|0|0|0|0|0|0|0|0|0|0
S|MG|-22269889|166473083|LTO|FD|0|10400|2150|12440|2900|0|2|3600|0|0|0|0|0
S| |91000000|181000000| |VM|0|10400|0|0|0|0|0|0|0|0|0|0|0

P|MR1C|17|MR|0|6
S| |91000000|181000000| |CA|0|16600|0|0|0|0|1|600|0|0|0|0|0
S| |91000000|181000000| |CI|0|13500|0|0|0|0|0|0|0|0|0|0|0
S|MGA|-22315389|166473167|MGA|FD|0|9400|0|0|700|0|2|1800|0|0|0|0|0
S|NORAC|-22395833|166762500|MGA|CF|0|9400|1680|9500|1000|0|0|0|0|1|0|0|0
S|OUANA|-22096111|166888611|MGA|CF|0|500|2660|4850|1900|0|0|0|0|0|0|0|0
S|MR|-21481611|168035806| |TF|0|0|0|0|0|0|0|0|0|0|0|0|0

P|MR2F|35|MR|0|5
S| |91000000|181000000| |CA|0|34600|0|0|0|0|1|600|0|0|0|0|0
S| |91000000|181000000| |CI|2|14000|0|0|0|0|0|0|0|0|0|0|0
S|NORAC|-22395833|166762500|MGA|CF|0|9400|1680|9500|900|0|0|0|0|1|0|0|0
S|OUANA|-22096111|166888611|MGA|CF|0|500|2660|4850|1900|0|0|0|0|0|0|0|0
S|MR|-21481611|168035806| |TF|0|0|0|0|0|0|0|0|0|0|0|0|0

P|SEP1A|17| |0|4
S| |91000000|181000000| |CA|0|16600|0|0|0|0|1|600|0|0|0|0|0
S| |91000000|181000000| |CI|0|11500|0|0|0|0|0|0|0|0|0|0|0
S|MGA|-22315389|166473167|MGA|FD|0|8000|0|0|700|0|2|1800|0|0|0|0|0
S| |91000000|181000000| |VM|0|8000|0|0|0|0|1|3100|0|0|0|0|0

