P|AKEL2Q|05R|GULUT|0|7
S|EMRAG|-36942011|175038428|AA|CF|0|5100|1140|5090|1200|0|0|0|0|0|0|0|0
S|POLIS|-37061314|175090183| |TF|0|0|0|0|0|250|1|5000|0|0|0|0|0
S|IDEMA|-37093833|174973425| |TF|0|0|0|0|0|0|1|6000|0|0|0|0|0
S|BROOK|-37138050|174813847| |TF|0|0|0|0|0|0|0|0|0|0|0|0|0
S|AKELA|-37274636|174416372| |TF|0|0|0|0|0|0|0|0|0|0|0|0|0
S|AKELA|-37274636|174416372| |IF|0|0|0|0|0|0|0|0|0|0|0|0|0
S|GULUT|-39476453|171194683| |TF|0|0|0|0|0|0|0|0|0|0|0|0|0

P|AKEL2Q|05R|PEBLU|0|7
S|EMRAG|-36942011|175038428|AA|CF|0|5100|1140|5090|1200|0|0|0|0|0|0|0|0
S|POLIS|-37061314|175090183| |TF|0|0|0|0|0|250|1|5000|0|0|0|0|0
S|IDEMA|-37093833|174973425| |TF|0|0|0|0|0|0|1|6000|0|0|0|0|0
S|BROOK|-37138050|174813847| |TF|0|0|0|0|0|0|0|0|0|0|0|0|0
S|AKELA|-37274636|174416372| |TF|0|0|0|0|0|0|0|0|0|0|0|0|0
S|AKELA|-37274636|174416372| |IF|0|0|0|0|0|0|0|0|0|0|0|0|0
S|PEBLU|-38109831|170857672| |TF|0|0|0|0|0|0|0|0|0|0|0|0|0

P|AKEL2Q|05R|VELMO|0|7
S|EMRAG|-36942011|175038428|AA|CF|0|5100|1140|5090|1200|0|0|0|0|0|0|0|0
S|POLIS|-37061314|175090183| |TF|0|0|0|0|0|250|1|5000|0|0|0|0|0
S|IDEMA|-37093833|174973425| |TF|0|0|0|0|0|0|1|6000|0|0|0|0|0
S|BROOK|-37138050|174813847| |TF|0|0|0|0|0|0|0|0|0|0|0|0|0
S|AKELA|-37274636|174416372| |TF|0|0|0|0|0|0|0|0|0|0|0|0|0
S|AKELA|-37274636|174416372| |IF|0|0|0|0|0|0|0|0|0|0|0|0|0
S|VELMO|-38271622|170930750| |TF|0|0|0|0|0|0|0|0|0|0|0|0|0

P|AVNA2Q|05R|IGBAT|0|8
S| |91000000|181000000| |CA|0|5100|0|0|0|0|1|430|0|0|0|0|0
S|ADKUM|-36975736|174917314|AA|CF|0|5100|530|5090|600|0|0|0|0|0|0|0|0
S|TAVEB|-37043417|174946539| |TF|0|0|0|0|0|0|0|0|0|0|0|0|0
S|OLBUM|-37054200|174907694| |TF|0|0|0|0|0|210|1|5000|0|0|0|0|0
S|AVNAR|-37093336|174766256| |TF|0|0|0|0|0|0|0|0|0|1|0|0|0
S|AVNAR|-37093336|174766256|AA|FA|0|23100|580|18320|0|0|1|10000|0|0|0|0|0
S|LIMES|-37571669|174638706| |DF|1|0|0|0|0|0|0|0|0|0|0|0|0
S|IGBAT|-37976728|174512161| |TF|0|0|0|0|0|0|0|0|0|0|0|0|0

P|AVNA2Q|05R|KAPAI|0|7
S| |91000000|181000000| |CA|0|5100|0|0|0|0|1|430|0|0|0|0|0
S|ADKUM|-36975736|174917314|AA|CF|0|5100|530|5090|600|0|0|0|0|0|0|0|0
S|TAVEB|-37043417|174946539| |TF|0|0|0|0|0|0|0|0|0|0|0|0|0
S|OLBUM|-37054200|174907694| |TF|0|0|0|0|0|210|1|5000|0|0|0|0|0
S|AVNAR|-37093336|174766256| |TF|0|0|0|0|0|0|0|0|0|1|0|0|0
S|AVNAR|-37093336|174766256|AA|FA|0|23100|580|18320|0|0|1|10000|0|0|0|0|0
S|KAPAI|-37541167|174525028| |DF|1|0|0|0|0|0|0|0|0|0|0|0|0

P|AVNA2Q|05R|NUTRA|0|8
S| |91000000|181000000| |CA|0|5100|0|0|0|0|1|430|0|0|0|0|0
S|ADKUM|-36975736|174917314|AA|CF|0|5100|530|5090|600|0|0|0|0|0|0|0|0
S|TAVEB|-37043417|174946539| |TF|0|0|0|0|0|0|0|0|0|0|0|0|0
S|OLBUM|-37054200|174907694| |TF|0|0|0|0|0|210|1|5000|0|0|0|0|0
S|AVNAR|-37093336|174766256| |TF|0|0|0|0|0|0|0|0|0|1|0|0|0
S|AVNAR|-37093336|174766256|AA|FA|0|23100|580|18320|0|0|1|10000|0|0|0|0|0
S|IPDIN|-37473944|174083458| |DF|0|0|0|0|0|0|0|0|0|0|0|0|0
S|NUTRA|-37800000|173800000| |TF|0|0|0|0|0|0|0|0|0|0|0|0|0

P|AVNA2Q|05R|PEBLU|0|8
S| |91000000|181000000| |CA|0|5100|0|0|0|0|1|430|0|0|0|0|0
S|ADKUM|-36975736|174917314|AA|CF|0|5100|530|5090|600|0|0|0|0|0|0|0|0
S|TAVEB|-37043417|174946539| |TF|0|0|0|0|0|0|0|0|0|0|0|0|0
S|OLBUM|-37054200|174907694| |TF|0|0|0|0|0|210|1|5000|0|0|0|0|0
S|AVNAR|-37093336|174766256| |TF|0|0|0|0|0|0|0|0|0|1|0|0|0
S|AVNAR|-37093336|174766256|AA|FA|0|23100|580|18320|0|0|1|10000|0|0|0|0|0
S|LESDI|-37327636|174205600| |DF|0|0|0|0|0|0|0|0|0|0|0|0|0
S|PEBLU|-38109831|170857672| |TF|0|0|0|0|0|0|0|0|0|0|0|0|0

P|AVNA2Q|05R|VELMO|0|8
S| |91000000|181000000| |CA|0|5100|0|0|0|0|1|430|0|0|0|0|0
S|ADKUM|-36975736|174917314|AA|CF|0|5100|530|5090|600|0|0|0|0|0|0|0|0
S|TAVEB|-37043417|174946539| |TF|0|0|0|0|0|0|0|0|0|0|0|0|0
S|OLBUM|-37054200|174907694| |TF|0|0|0|0|0|210|1|5000|0|0|0|0|0
S|AVNAR|-37093336|174766256| |TF|0|0|0|0|0|0|0|0|0|1|0|0|0
S|AVNAR|-37093336|174766256|AA|FA|0|23100|580|18320|0|0|1|10000|0|0|0|0|0
S|LESDI|-37327636|174205600| |DF|0|0|0|0|0|0|0|0|0|0|0|0|0
S|VELMO|-38271622|170930750| |TF|0|0|0|0|0|0|0|0|0|0|0|0|0

P|BATO4Q|05R|MADEP|0|8
S| |91000000|181000000| |CA|0|5100|0|0|0|0|1|430|0|0|0|0|0
S|EMRAG|-36942011|175038428|AA|CF|0|5100|1140|5090|1200|0|0|0|0|0|0|0|0
S|XELAN|-36834903|174920819| |TF|1|0|0|0|0|250|1|5000|0|0|0|0|0
S|URBIG|-36852775|174638594| |TF|0|0|0|0|0|0|0|0|0|0|0|0|0
S|BATOS|-36891053|173994072| |TF|0|0|0|0|0|0|0|0|0|0|0|0|0
S|BATOS|-36891053|173994072| |IF|0|0|0|0|0|0|0|0|0|0|0|0|0
S|BOGUN|-36802167|173381028| |TF|0|0|0|0|0|0|0|0|0|0|0|0|0
S|MADEP|-36384619|170740672| |TF|0|0|0|0|0|0|0|0|0|0|0|0|0

P|BATO4Q|05R|UPLAR|0|8
S| |91000000|181000000| |CA|0|5100|0|0|0|0|1|430|0|0|0|0|0
S|EMRAG|-36942011|175038428|AA|CF|0|5100|1140|5090|1200|0|0|0|0|0|0|0|0
S|XELAN|-36834903|174920819| |TF|1|0|0|0|0|250|1|5000|0|0|0|0|0
S|URBIG|-36852775|174638594| |TF|0|0|0|0|0|0|0|0|0|0|0|0|0
S|BATOS|-36891053|173994072| |TF|0|0|0|0|0|0|0|0|0|0|0|0|0
S|BATOS|-36891053|173994072| |IF|0|0|0|0|0|0|0|0|0|0|0|0|0
S|TAPAT|-36642939|173431522| |TF|0|0|0|0|0|0|0|0|0|0|0|0|0
S|UPLAR|-35565339|171093136| |TF|0|0|0|0|0|0|0|0|0|0|0|0|0

P|BELR2P|23L|DUGAN|0|5
S|LENGU|-37080464|174537517|AA|CF|0|23100|1400|23100|1200|250|0|0|0|0|0|0|0
S|WYTAK|-36908156|174433008| |TF|0|0|0|0|0|0|1|5000|0|0|0|0|0
S|BELRA|-36705431|174314117| |TF|0|0|0|0|0|0|0|0|0|0|0|0|0
S|BELRA|-36705431|174314117| |IF|0|0|0|0|0|0|0|0|0|0|0|0|0
S|DUGAN|-33879478|173390172| |TF|0|0|0|0|0|0|0|0|0|0|0|0|0

P|BELR2P|23L|ELNOS|0|5
S|LENGU|-37080464|174537517|AA|CF|0|23100|1400|23100|1200|250|0|0|0|0|0|0|0
S|WYTAK|-36908156|174433008| |TF|0|0|0|0|0|0|1|5000|0|0|0|0|0
S|BELRA|-36705431|174314117| |TF|0|0|0|0|0|0|0|0|0|0|0|0|0
S|BELRA|-36705431|174314117| |IF|0|0|0|0|0|0|0|0|0|0|0|0|0
S|ELNOS|-34251983|172499494| |TF|0|0|0|0|0|0|0|0|0|0|0|0|0

P|BELR2P|23L|SALAG|0|6
S|LENGU|-37080464|174537517|AA|CF|0|23100|1400|23100|1200|250|0|0|0|0|0|0|0
S|WYTAK|-36908156|174433008| |TF|0|0|0|0|0|0|1|5000|0|0|0|0|0
S|BELRA|-36705431|174314117| |TF|0|0|0|0|0|0|0|0|0|0|0|0|0
S|BELRA|-36705431|174314117| |IF|0|0|0|0|0|0|0|0|0|0|0|0|0
S|DADLA|-36180611|173786647| |TF|0|0|0|0|0|0|0|0|0|0|0|0|0
S|SALAG|-34845050|171683364| |TF|0|0|0|0|0|0|0|0|0|0|0|0|0

P|BELR2Q|05R|SALAG|0|6
S|EMRAG|-36942011|175038428|AA|CF|0|5100|1140|5090|1200|0|0|0|0|0|0|0|0
S|XELAN|-36834903|174920819| |TF|1|0|0|0|0|250|1|5000|0|0|0|0|0
S|BELRA|-36705431|174314117| |TF|0|0|0|0|0|0|0|0|0|0|0|0|0
S|BELRA|-36705431|174314117| |IF|0|0|0|0|0|0|0|0|0|0|0|0|0
S|DADLA|-36180611|173786647| |TF|0|0|0|0|0|0|0|0|0|0|0|0|0
S|SALAG|-34845050|171683364| |TF|0|0|0|0|0|0|0|0|0|0|0|0|0

P|BROK4Q|05R|IGBAT|0|5
S| |91000000|181000000| |CA|0|5100|0|0|0|0|1|500|0|0|0|0|0
S|BROOK|-37138050|174813847| |DF|2|0|0|0|0|210|3|4000|2500|0|0|0|0
S|BROOK|-37138050|174813847| |IF|0|0|0|0|0|210|3|4000|2500|0|0|0|0
S|LIMES|-37571669|174638706| |TF|0|0|0|0|0|0|0|0|0|0|0|0|0
S|IGBAT|-37976728|174512161| |TF|0|0|0|0|0|0|0|0|0|0|0|0|0

P|BROK4Q|05R|KAPAI|0|4
S| |91000000|181000000| |CA|0|5100|0|0|0|0|1|500|0|0|0|0|0
S|BROOK|-37138050|174813847| |DF|2|0|0|0|0|210|3|4000|2500|0|0|0|0
S|BROOK|-37138050|174813847| |IF|0|0|0|0|0|210|3|4000|2500|0|0|0|0
S|KAPAI|-37541167|174525028| |TF|0|0|0|0|0|0|0|0|0|0|0|0|0

P|BROK4Q|05R|PEBLU|0|4
S| |91000000|181000000| |CA|0|5100|0|0|0|0|1|500|0|0|0|0|0
S|BROOK|-37138050|174813847| |DF|2|0|0|0|0|210|3|4000|2500|0|0|0|0
S|BROOK|-37138050|174813847| |IF|0|0|0|0|0|210|3|4000|2500|0|0|0|0
S|PEBLU|-38109831|170857672| |TF|0|0|0|0|0|0|0|0|0|0|0|0|0

P|BROK4Q|05R|VELMO|0|4
S| |91000000|181000000| |CA|0|5100|0|0|0|0|1|500|0|0|0|0|0
S|BROOK|-37138050|174813847| |DF|2|0|0|0|0|210|3|4000|2500|0|0|0|0
S|BROOK|-37138050|174813847| |IF|0|0|0|0|0|210|3|4000|2500|0|0|0|0
S|VELMO|-38271622|170930750| |TF|0|0|0|0|0|0|0|0|0|0|0|0|0

P|EMRA1Q|05R|EMRAG|0|2
S| |91000000|181000000| |CA|0|5100|0|0|0|0|1|430|0|0|0|0|0
S|EMRAG|-36942011|175038428|AA|CF|0|5100|1140|5090|1200|0|0|0|0|1|0|0|0

P|FIRT3P|23L|AGEDU|0|7
S| |91000000|181000000| |CA|0|23100|0|0|0|0|1|430|0|0|0|0|0
S|LENGU|-37080464|174537517|AA|CF|0|23100|1400|23100|1200|0|0|0|0|0|0|0|0
S|MAGLO|-37198447|174586114| |TF|0|0|0|0|0|250|1|4000|0|0|0|0|0
S|BROOK|-37138050|174813847| |TF|0|0|0|0|0|0|1|6000|0|0|0|0|0
S|FIRTH|-36992572|175354386| |TF|0|0|0|0|0|0|0|0|0|0|0|0|0
S|FIRTH|-36992572|175354386| |IF|0|0|0|0|0|0|0|0|0|0|0|0|0
S|AGEDU|-34478917|177491800| |TF|0|0|0|0|0|0|0|0|0|0|0|0|0

P|FIRT3P|23L|AKLOM|0|7
S| |91000000|181000000| |CA|0|23100|0|0|0|0|1|430|0|0|0|0|0
S|LENGU|-37080464|174537517|AA|CF|0|23100|1400|23100|1200|0|0|0|0|0|0|0|0
S|MAGLO|-37198447|174586114| |TF|0|0|0|0|0|250|1|4000|0|0|0|0|0
S|BROOK|-37138050|174813847| |TF|0|0|0|0|0|0|1|6000|0|0|0|0|0
S|FIRTH|-36992572|175354386| |TF|0|0|0|0|0|0|0|0|0|0|0|0|0
S|FIRTH|-36992572|175354386| |IF|0|0|0|0|0|0|0|0|0|0|0|0|0
S|AKLOM|-35357856|178394161| |TF|0|0|0|0|0|0|0|0|0|0|0|0|0

P|FIRT3P|23L|DABAS|0|7
S| |91000000|181000000| |CA|0|23100|0|0|0|0|1|430|0|0|0|0|0
S|LENGU|-37080464|174537517|AA|CF|0|23100|1400|23100|1200|0|0|0|0|0|0|0|0
S|MAGLO|-37198447|174586114| |TF|0|0|0|0|0|250|1|4000|0|0|0|0|0
S|BROOK|-37138050|174813847| |TF|0|0|0|0|0|0|1|6000|0|0|0|0|0
S|FIRTH|-36992572|175354386| |TF|0|0|0|0|0|0|0|0|0|0|0|0|0
S|FIRTH|-36992572|175354386| |IF|0|0|0|0|0|0|0|0|0|0|0|0|0
S|DABAS|-34845333|177944183| |TF|0|0|0|0|0|0|0|0|0|0|0|0|0

P|FIRT3P|23L|IBESO|0|7
S| |91000000|181000000| |CA|0|23100|0|0|0|0|1|430|0|0|0|0|0
S|LENGU|-37080464|174537517|AA|CF|0|23100|1400|23100|1200|0|0|0|0|0|0|0|0
S|MAGLO|-37198447|174586114| |TF|0|0|0|0|0|250|1|4000|0|0|0|0|0
S|BROOK|-37138050|174813847| |TF|0|0|0|0|0|0|1|6000|0|0|0|0|0
S|FIRTH|-36992572|175354386| |TF|0|0|0|0|0|0|0|0|0|0|0|0|0
S|FIRTH|-36992572|175354386| |IF|0|0|0|0|0|0|0|0|0|0|0|0|0
S|IBESO|-36990292|178967481| |TF|0|0|0|0|0|0|0|0|0|0|0|0|0

P|FIRT3P|23L|IDSEM|0|7
S| |91000000|181000000| |CA|0|23100|0|0|0|0|1|430|0|0|0|0|0
S|LENGU|-37080464|174537517|AA|CF|0|23100|1400|23100|1200|0|0|0|0|0|0|0|0
S|MAGLO|-37198447|174586114| |TF|0|0|0|0|0|250|1|4000|0|0|0|0|0
S|BROOK|-37138050|174813847| |TF|0|0|0|0|0|0|1|6000|0|0|0|0|0
S|FIRTH|-36992572|175354386| |TF|0|0|0|0|0|0|0|0|0|0|0|0|0
S|FIRTH|-36992572|175354386| |IF|0|0|0|0|0|0|0|0|0|0|0|0|0
S|IDSEM|-34672406|177747519| |TF|0|0|0|0|0|0|0|0|0|0|0|0|0

P|FIRT3P|23L|OLBEX|0|7
S| |91000000|181000000| |CA|0|23100|0|0|0|0|1|430|0|0|0|0|0
S|LENGU|-37080464|174537517|AA|CF|0|23100|1400|23100|1200|0|0|0|0|0|0|0|0
S|MAGLO|-37198447|174586114| |TF|0|0|0|0|0|250|1|4000|0|0|0|0|0
S|BROOK|-37138050|174813847| |TF|0|0|0|0|0|0|1|6000|0|0|0|0|0
S|FIRTH|-36992572|175354386| |TF|0|0|0|0|0|0|0|0|0|0|0|0|0
S|FIRTH|-36992572|175354386| |IF|0|0|0|0|0|0|0|0|0|0|0|0|0
S|OLBEX|-35693419|178607472| |TF|0|0|0|0|0|0|0|0|0|0|0|0|0

P|IDUG1Q|05R|BOVRU|0|5
S|DE05R|-37006656|174805742| |DF|0|0|0|0|0|0|0|0|0|1|0|0|0
S| |91000000|181000000| |CA|0|5100|0|0|0|0|1|500|0|0|0|0|0
S|IDUGU|-36810036|174853172|AA|CF|0|35100|1180|34930|1200|210|2|4000|0|0|0|0|0
S|IDUGU|-36810036|174853172| |IF|0|0|0|0|0|210|2|4000|0|0|0|0|0
S|BOVRU|-36550908|175201947| |TF|0|0|0|0|0|0|0|0|0|0|0|0|0

P|IDUG1Q|05R|HOOKS|0|5
S|DE05R|-37006656|174805742| |DF|0|0|0|0|0|0|0|0|0|1|0|0|0
S| |91000000|181000000| |CA|0|5100|0|0|0|0|1|500|0|0|0|0|0
S|IDUGU|-36810036|174853172|AA|CF|0|35100|1180|34930|1200|210|2|4000|0|0|0|0|0
S|IDUGU|-36810036|174853172| |IF|0|0|0|0|0|210|2|4000|0|0|0|0|0
S|HOOKS|-36740133|175241764| |TF|0|0|0|0|0|0|0|0|0|0|0|0|0

P|IDUG1Q|05R|KAWAU|0|5
S|DE05R|-37006656|174805742| |DF|0|0|0|0|0|0|0|0|0|1|0|0|0
S| |91000000|181000000| |CA|0|5100|0|0|0|0|1|500|0|0|0|0|0
S|IDUGU|-36810036|174853172|AA|CF|0|35100|1180|34930|1200|210|2|4000|0|0|0|0|0
S|IDUGU|-36810036|174853172| |IF|0|0|0|0|0|210|2|4000|0|0|0|0|0
S|KAWAU|-36438206|174635747| |TF|0|0|0|0|0|0|0|0|0|0|0|0|0

P|IDUG1Q|05R|PUHOI|0|5
S|DE05R|-37006656|174805742| |DF|0|0|0|0|0|0|0|0|0|1|0|0|0
S| |91000000|181000000| |CA|0|5100|0|0|0|0|1|500|0|0|0|0|0
S|IDUGU|-36810036|174853172|AA|CF|0|35100|1180|34930|1200|210|2|4000|0|0|0|0|0
S|IDUGU|-36810036|174853172| |IF|0|0|0|0|0|210|2|4000|0|0|0|0|0
S|PUHOI|-36449956|174585661| |TF|0|0|0|0|0|0|0|0|0|0|0|0|0

P|KADM2Q|05R|DUGAN|0|5
S|EMRAG|-36942011|175038428|AA|CF|0|5100|1140|5090|1200|250|0|0|0|0|0|0|0
S|XELAN|-36834903|174920819| |TF|1|0|0|0|0|0|1|5000|0|0|0|0|0
S|KADMA|-36476800|174502819| |TF|0|0|0|0|0|0|0|0|0|0|0|0|0
S|KADMA|-36476800|174502819| |IF|0|0|0|0|0|0|0|0|0|0|0|0|0
S|DUGAN|-33879478|173390172| |TF|0|0|0|0|0|0|0|0|0|0|0|0|0

P|KADM2Q|05R|ELNOS|0|5
S|EMRAG|-36942011|175038428|AA|CF|0|5100|1140|5090|1200|250|0|0|0|0|0|0|0
S|XELAN|-36834903|174920819| |TF|1|0|0|0|0|0|1|5000|0|0|0|0|0
S|KADMA|-36476800|174502819| |TF|0|0|0|0|0|0|0|0|0|0|0|0|0
S|KADMA|-36476800|174502819| |IF|0|0|0|0|0|0|0|0|0|0|0|0|0
S|ELNOS|-34251983|172499494| |TF|0|0|0|0|0|0|0|0|0|0|0|0|0

P|LENG5P|23L|NUTRA|0|6
S| |91000000|181000000| |CA|0|23100|0|0|0|0|1|430|0|0|0|0|0
S|LENGU|-37080464|174537517|AA|CF|0|23100|1400|23100|1200|0|0|0|0|0|0|0|0
S|LENGU|-37080464|174537517| |IF|0|0|0|0|0|0|0|0|0|0|0|0|0
S|ENSAX|-37241775|174387494| |TF|0|0|0|0|0|0|0|0|0|0|0|0|0
S|IPDIN|-37473944|174083458| |TF|0|0|0|0|0|0|0|0|0|0|0|0|0
S|NUTRA|-37800000|173800000| |TF|0|0|0|0|0|0|0|0|0|0|0|0|0

P|LEVR2P|23L|IGBAT|0|6
S| |91000000|181000000| |CA|0|23100|0|0|0|0|1|430|0|0|0|0|0
S|IRSIP|-37050628|174646253|AA|CF|0|23100|850|23100|600|0|0|0|0|0|0|0|0
S|LEVRA|-37234894|174583017| |TF|0|0|0|0|0|0|0|0|0|0|0|0|0
S|LEVRA|-37234894|174583017| |IF|0|0|0|0|0|0|0|0|0|0|0|0|0
S|KAPAI|-37541167|174525028| |TF|0|0|0|0|0|0|0|0|0|0|0|0|0
S|IGBAT|-37976728|174512161| |TF|0|0|0|0|0|0|0|0|0|0|0|0|0

P|LEVR2P|23L|KAPAI|0|5
S| |91000000|181000000| |CA|0|23100|0|0|0|0|1|430|0|0|0|0|0
S|IRSIP|-37050628|174646253|AA|CF|0|23100|850|23100|600|0|0|0|0|0|0|0|0
S|LEVRA|-37234894|174583017| |TF|0|0|0|0|0|0|0|0|0|0|0|0|0
S|LEVRA|-37234894|174583017| |IF|0|0|0|0|0|0|0|0|0|0|0|0|0
S|KAPAI|-37541167|174525028| |TF|0|0|0|0|0|0|0|0|0|0|0|0|0

P|LEVR2P|23L|ORIDI|0|7
S| |91000000|181000000| |CA|0|23100|0|0|0|0|1|430|0|0|0|0|0
S|IRSIP|-37050628|174646253|AA|CF|0|23100|850|23100|600|0|0|0|0|0|0|0|0
S|LEVRA|-37234894|174583017| |TF|0|0|0|0|0|0|0|0|0|0|0|0|0
S|LEVRA|-37234894|174583017| |IF|0|0|0|0|0|0|0|0|0|0|0|0|0
S|GULED|-37396067|174630844| |TF|0|0|0|0|0|0|0|0|0|0|0|0|0
S|OSAKU|-37425636|174857897| |TF|0|0|0|0|0|0|0|0|0|0|0|0|0
S|ORIDI|-37453522|175090875| |TF|0|0|0|0|0|0|0|0|0|0|0|0|0

P|LEVR2P|23L|TULMI|0|8
S| |91000000|181000000| |CA|0|23100|0|0|0|0|1|430|0|0|0|0|0
S|IRSIP|-37050628|174646253|AA|CF|0|23100|850|23100|600|0|0|0|0|0|0|0|0
S|LEVRA|-37234894|174583017| |TF|0|0|0|0|0|0|0|0|0|0|0|0|0
S|LEVRA|-37234894|174583017| |IF|0|0|0|0|0|0|0|0|0|0|0|0|0
S|GULED|-37396067|174630844| |TF|0|0|0|0|0|0|0|0|0|0|0|0|0
S|OSAKU|-37425636|174857897| |TF|0|0|0|0|0|0|0|0|0|0|0|0|0
S|ORIDI|-37453522|175090875| |TF|0|0|0|0|0|0|0|0|0|0|0|0|0
S|TULMI|-37446267|175405681| |TF|0|0|0|0|0|0|0|0|0|0|0|0|0

P|MEMO3P|23L|AGREX|0|5
S|LENGU|-37080464|174537517|AA|CF|0|23100|1400|23100|1200|0|0|0|0|0|0|0|0
S|WYTAK|-36908156|174433008| |TF|0|0|0|0|0|250|1|5000|0|0|0|0|0
S|MEMOR|-36421636|174858383| |TF|0|0|0|0|0|0|0|0|0|0|0|0|0
S|MEMOR|-36421636|174858383| |IF|0|0|0|0|0|0|0|0|0|0|0|0|0
S|AGREX|-33725117|175564372| |TF|0|0|0|0|0|0|0|0|0|0|0|0|0

P|MEMO3P|23L|ELPAK|0|5
S|LENGU|-37080464|174537517|AA|CF|0|23100|1400|23100|1200|0|0|0|0|0|0|0|0
S|WYTAK|-36908156|174433008| |TF|0|0|0|0|0|250|1|5000|0|0|0|0|0
S|MEMOR|-36421636|174858383| |TF|0|0|0|0|0|0|0|0|0|0|0|0|0
S|MEMOR|-36421636|174858383| |IF|0|0|0|0|0|0|0|0|0|0|0|0|0
S|ELPAK|-34149336|176927556| |TF|0|0|0|0|0|0|0|0|0|0|0|0|0

P|MEMO3P|23L|KALAG|0|5
S|LENGU|-37080464|174537517|AA|CF|0|23100|1400|23100|1200|0|0|0|0|0|0|0|0
S|WYTAK|-36908156|174433008| |TF|0|0|0|0|0|250|1|5000|0|0|0|0|0
S|MEMOR|-36421636|174858383| |TF|0|0|0|0|0|0|0|0|0|0|0|0|0
S|MEMOR|-36421636|174858383| |IF|0|0|0|0|0|0|0|0|0|0|0|0|0
S|KALAG|-33694261|175323831| |TF|0|0|0|0|0|0|0|0|0|0|0|0|0

P|MEMO3P|23L|TARIB|0|5
S|LENGU|-37080464|174537517|AA|CF|0|23100|1400|23100|1200|0|0|0|0|0|0|0|0
S|WYTAK|-36908156|174433008| |TF|0|0|0|0|0|250|1|5000|0|0|0|0|0
S|MEMOR|-36421636|174858383| |TF|0|0|0|0|0|0|0|0|0|0|0|0|0
S|MEMOR|-36421636|174858383| |IF|0|0|0|0|0|0|0|0|0|0|0|0|0
S|TARIB|-34066142|176748078| |TF|0|0|0|0|0|0|0|0|0|0|0|0|0

P|NZAA4A|23L| |0|2
S| |91000000|181000000| |VA|0|23100|0|0|0|0|1|530|0|0|0|0|0
S| |91000000|181000000| |VM|0|23100|0|0|0|0|2|3000|0|0|0|0|0

P|NZAA4B|05R| |0|2
S| |91000000|181000000| |VA|0|5100|0|0|0|0|1|530|0|0|0|0|0
S| |91000000|181000000| |VM|0|5100|0|0|0|0|2|3000|0|0|0|0|0

P|ONOD1P|23L|BOVRU|0|7
S|DE23L|-37017031|174768186| |DF|0|0|0|0|0|0|0|0|0|1|0|0|0
S| |91000000|181000000| |CA|0|23100|0|0|0|0|1|500|0|0|0|0|0
S|NOLUM|-36906719|174613922|AA|CF|0|29100|1130|28140|1000|0|2|4000|0|0|0|0|0
S|ONODA|-36882486|174579339| |TF|0|0|0|0|0|210|2|5000|0|0|0|0|0
S|ONODA|-36882486|174579339| |IF|0|0|0|0|0|210|2|5000|0|0|0|0|0
S|DOGDA|-36833756|174636211| |TF|0|0|0|0|0|0|0|0|0|0|0|0|0
S|BOVRU|-36550908|175201947| |TF|0|0|0|0|0|0|0|0|0|0|0|0|0

P|ONOD1P|23L|HOOKS|0|7
S|DE23L|-37017031|174768186| |DF|0|0|0|0|0|0|0|0|0|1|0|0|0
S| |91000000|181000000| |CA|0|23100|0|0|0|0|1|500|0|0|0|0|0
S|NOLUM|-36906719|174613922|AA|CF|0|29100|1130|28140|1000|0|2|4000|0|0|0|0|0
S|ONODA|-36882486|174579339| |TF|0|0|0|0|0|210|2|5000|0|0|0|0|0
S|ONODA|-36882486|174579339| |IF|0|0|0|0|0|210|2|5000|0|0|0|0|0
S|DOGDA|-36833756|174636211| |TF|0|0|0|0|0|0|0|0|0|0|0|0|0
S|HOOKS|-36740133|175241764| |TF|0|0|0|0|0|0|0|0|0|0|0|0|0

P|ONOD1P|23L|KAWAU|0|6
S|DE23L|-37017031|174768186| |DF|0|0|0|0|0|0|0|0|0|1|0|0|0
S| |91000000|181000000| |CA|0|23100|0|0|0|0|1|500|0|0|0|0|0
S|NOLUM|-36906719|174613922|AA|CF|0|29100|1130|28140|1000|0|2|4000|0|0|0|0|0
S|ONODA|-36882486|174579339| |TF|0|0|0|0|0|210|2|5000|0|0|0|0|0
S|ONODA|-36882486|174579339| |IF|0|0|0|0|0|210|2|5000|0|0|0|0|0
S|KAWAU|-36438206|174635747| |TF|0|0|0|0|0|0|0|0|0|0|0|0|0

P|ONOD1P|23L|KOPPA|0|6
S|DE23L|-37017031|174768186| |DF|0|0|0|0|0|0|0|0|0|1|0|0|0
S| |91000000|181000000| |CA|0|23100|0|0|0|0|1|500|0|0|0|0|0
S|NOLUM|-36906719|174613922|AA|CF|0|29100|1130|28140|1000|0|2|4000|0|0|0|0|0
S|ONODA|-36882486|174579339| |TF|0|0|0|0|0|210|2|5000|0|0|0|0|0
S|ONODA|-36882486|174579339| |IF|0|0|0|0|0|210|2|5000|0|0|0|0|0
S|KOPPA|-36480456|174537356| |TF|0|0|0|0|0|0|0|0|0|0|0|0|0

P|ONOD1P|23L|KYPRA|0|6
S|DE23L|-37017031|174768186| |DF|0|0|0|0|0|0|0|0|0|1|0|0|0
S| |91000000|181000000| |CA|0|23100|0|0|0|0|1|500|0|0|0|0|0
S|NOLUM|-36906719|174613922|AA|CF|0|29100|1130|28140|1000|0|2|4000|0|0|0|0|0
S|ONODA|-36882486|174579339| |TF|0|0|0|0|0|210|2|5000|0|0|0|0|0
S|ONODA|-36882486|174579339| |IF|0|0|0|0|0|210|2|5000|0|0|0|0|0
S|KYPRA|-36515822|174415947| |TF|0|0|0|0|0|0|0|0|0|0|0|0|0

P|ONOD1P|23L|OTATA|0|7
S|DE23L|-37017031|174768186| |DF|0|0|0|0|0|0|0|0|0|1|0|0|0
S| |91000000|181000000| |CA|0|23100|0|0|0|0|1|500|0|0|0|0|0
S|NOLUM|-36906719|174613922|AA|CF|0|29100|1130|28140|1000|0|2|4000|0|0|0|0|0
S|ONODA|-36882486|174579339| |TF|0|0|0|0|0|210|2|5000|0|0|0|0|0
S|ONODA|-36882486|174579339| |IF|0|0|0|0|0|210|2|5000|0|0|0|0|0
S|DOGDA|-36833756|174636211| |TF|0|0|0|0|0|0|0|0|0|0|0|0|0
S|OTATA|-36647564|174852569| |TF|0|0|0|0|0|0|0|0|0|0|0|0|0

P|ONOD1P|23L|PUHOI|0|6
S|DE23L|-37017031|174768186| |DF|0|0|0|0|0|0|0|0|0|1|0|0|0
S| |91000000|181000000| |CA|0|23100|0|0|0|0|1|500|0|0|0|0|0
S|NOLUM|-36906719|174613922|AA|CF|0|29100|1130|28140|1000|0|2|4000|0|0|0|0|0
S|ONODA|-36882486|174579339| |TF|0|0|0|0|0|210|2|5000|0|0|0|0|0
S|ONODA|-36882486|174579339| |IF|0|0|0|0|0|210|2|5000|0|0|0|0|0
S|PUHOI|-36449956|174585661| |TF|0|0|0|0|0|0|0|0|0|0|0|0|0

P|ONOD1P|23L|WP|0|6
S|DE23L|-37017031|174768186| |DF|0|0|0|0|0|0|0|0|0|1|0|0|0
S| |91000000|181000000| |CA|0|23100|0|0|0|0|1|500|0|0|0|0|0
S|NOLUM|-36906719|174613922|AA|CF|0|29100|1130|28140|1000|0|2|4000|0|0|0|0|0
S|ONODA|-36882486|174579339| |TF|0|0|0|0|0|210|2|5000|0|0|0|0|0
S|ONODA|-36882486|174579339| |IF|0|0|0|0|0|210|2|5000|0|0|0|0|0
S|WP|-36786792|174631236| |TF|0|0|0|0|0|0|0|0|0|0|0|0|0

P|OSRA2P|23L|GULUT|0|7
S| |91000000|181000000| |CA|0|23100|0|0|0|0|1|430|0|0|0|0|0
S|IRSIP|-37050628|174646253|AA|CF|0|23100|850|23100|600|0|0|0|0|0|0|0|0
S|LENGU|-37080464|174537517| |TF|0|0|0|0|0|0|0|0|0|0|0|0|0
S|OSRAP|-37107311|174439281| |TF|0|0|0|0|0|0|0|0|0|0|0|0|0
S|OSRAP|-37107311|174439281| |IF|0|0|0|0|0|0|0|0|0|0|0|0|0
S|POSUX|-37347450|173749356| |TF|0|0|0|0|0|0|0|0|0|0|0|0|0
S|GULUT|-39476453|171194683| |TF|0|0|0|0|0|0|0|0|0|0|0|0|0

P|OSRA2P|23L|MADEP|0|8
S| |91000000|181000000| |CA|0|23100|0|0|0|0|1|430|0|0|0|0|0
S|IRSIP|-37050628|174646253|AA|CF|0|23100|850|23100|600|0|0|0|0|0|0|0|0
S|LENGU|-37080464|174537517| |TF|0|0|0|0|0|0|0|0|0|0|0|0|0
S|OSRAP|-37107311|174439281| |TF|0|0|0|0|0|0|0|0|0|0|0|0|0
S|OSRAP|-37107311|174439281| |IF|0|0|0|0|0|0|0|0|0|0|0|0|0
S|BATOS|-36891053|173994072| |TF|0|0|0|0|0|0|0|0|0|0|0|0|0
S|BOGUN|-36802167|173381028| |TF|0|0|0|0|0|0|0|0|0|0|0|0|0
S|MADEP|-36384619|170740672| |TF|0|0|0|0|0|0|0|0|0|0|0|0|0

P|OSRA2P|23L|PEBLU|0|6
S| |91000000|181000000| |CA|0|23100|0|0|0|0|1|430|0|0|0|0|0
S|IRSIP|-37050628|174646253|AA|CF|0|23100|850|23100|600|0|0|0|0|0|0|0|0
S|LENGU|-37080464|174537517| |TF|0|0|0|0|0|0|0|0|0|0|0|0|0
S|OSRAP|-37107311|174439281| |TF|0|0|0|0|0|0|0|0|0|0|0|0|0
S|OSRAP|-37107311|174439281| |IF|0|0|0|0|0|0|0|0|0|0|0|0|0
S|PEBLU|-38109831|170857672| |TF|0|0|0|0|0|0|0|0|0|0|0|0|0

P|OSRA2P|23L|UPLAR|0|8
S| |91000000|181000000| |CA|0|23100|0|0|0|0|1|430|0|0|0|0|0
S|IRSIP|-37050628|174646253|AA|CF|0|23100|850|23100|600|0|0|0|0|0|0|0|0
S|LENGU|-37080464|174537517| |TF|0|0|0|0|0|0|0|0|0|0|0|0|0
S|OSRAP|-37107311|174439281| |TF|0|0|0|0|0|0|0|0|0|0|0|0|0
S|OSRAP|-37107311|174439281| |IF|0|0|0|0|0|0|0|0|0|0|0|0|0
S|BATOS|-36891053|173994072| |TF|0|0|0|0|0|0|0|0|0|0|0|0|0
S|TAPAT|-36642939|173431522| |TF|0|0|0|0|0|0|0|0|0|0|0|0|0
S|UPLAR|-35565339|171093136| |TF|0|0|0|0|0|0|0|0|0|0|0|0|0

P|OSRA2P|23L|VELMO|0|7
S| |91000000|181000000| |CA|0|23100|0|0|0|0|1|430|0|0|0|0|0
S|IRSIP|-37050628|174646253|AA|CF|0|23100|850|23100|600|0|0|0|0|0|0|0|0
S|LENGU|-37080464|174537517| |TF|0|0|0|0|0|0|0|0|0|0|0|0|0
S|OSRAP|-37107311|174439281| |TF|0|0|0|0|0|0|0|0|0|0|0|0|0
S|OSRAP|-37107311|174439281| |IF|0|0|0|0|0|0|0|0|0|0|0|0|0
S|POSUX|-37347450|173749356| |TF|0|0|0|0|0|0|0|0|0|0|0|0|0
S|VELMO|-38271622|170930750| |TF|0|0|0|0|0|0|0|0|0|0|0|0|0

P|POLI3Q|05R|IGBAT|0|6
S| |91000000|181000000| |CA|0|5100|0|0|0|0|1|430|0|0|0|0|0
S|EMRAG|-36942011|175038428|AA|CF|0|5100|1140|5090|1200|0|0|0|0|0|0|0|0
S|POLIS|-37061314|175090183| |TF|0|0|0|0|0|0|1|5000|0|0|0|0|0
S|POLIS|-37061314|175090183| |IF|0|0|0|0|0|0|1|5000|0|0|0|0|0
S|LIMES|-37571669|174638706| |TF|0|0|0|0|0|0|0|0|0|0|0|0|0
S|IGBAT|-37976728|174512161| |TF|0|0|0|0|0|0|0|0|0|0|0|0|0

P|POLI3Q|05R|KAPAI|0|5
S| |91000000|181000000| |CA|0|5100|0|0|0|0|1|430|0|0|0|0|0
S|EMRAG|-36942011|175038428|AA|CF|0|5100|1140|5090|1200|0|0|0|0|0|0|0|0
S|POLIS|-37061314|175090183| |TF|0|0|0|0|0|0|1|5000|0|0|0|0|0
S|POLIS|-37061314|175090183| |IF|0|0|0|0|0|0|1|5000|0|0|0|0|0
S|KAPAI|-37541167|174525028| |TF|0|0|0|0|0|0|0|0|0|0|0|0|0

P|POLI3Q|05R|ORIDI|0|5
S| |91000000|181000000| |CA|0|5100|0|0|0|0|1|430|0|0|0|0|0
S|EMRAG|-36942011|175038428|AA|CF|0|5100|1140|5090|1200|0|0|0|0|0|0|0|0
S|POLIS|-37061314|175090183| |TF|0|0|0|0|0|0|1|5000|0|0|0|0|0
S|POLIS|-37061314|175090183| |IF|0|0|0|0|0|0|1|5000|0|0|0|0|0
S|ORIDI|-37453522|175090875| |TF|0|0|0|0|0|0|0|0|0|0|0|0|0

P|POLI3Q|05R|TULMI|0|5
S| |91000000|181000000| |CA|0|5100|0|0|0|0|1|430|0|0|0|0|0
S|EMRAG|-36942011|175038428|AA|CF|0|5100|1140|5090|1200|0|0|0|0|0|0|0|0
S|POLIS|-37061314|175090183| |TF|0|0|0|0|0|0|1|5000|0|0|0|0|0
S|POLIS|-37061314|175090183| |IF|0|0|0|0|0|0|1|5000|0|0|0|0|0
S|TULMI|-37446267|175405681| |TF|0|0|0|0|0|0|0|0|0|0|0|0|0

P|RAXI3Q|05R|AGREX|0|4
S|EMRAG|-36942011|175038428|AA|CF|0|5100|1140|5090|1200|0|0|0|0|0|0|0|0
S|RAXIN|-36460553|175013731| |TF|0|0|0|0|0|0|0|0|0|0|0|0|0
S|RAXIN|-36460553|175013731| |IF|0|0|0|0|0|0|0|0|0|0|0|0|0
S|AGREX|-33725117|175564372| |TF|0|0|0|0|0|0|0|0|0|0|0|0|0

P|RAXI3Q|05R|ELPAK|0|4
S|EMRAG|-36942011|175038428|AA|CF|0|5100|1140|5090|1200|0|0|0|0|0|0|0|0
S|RAXIN|-36460553|175013731| |TF|0|0|0|0|0|0|0|0|0|0|0|0|0
S|RAXIN|-36460553|175013731| |IF|0|0|0|0|0|0|0|0|0|0|0|0|0
S|ELPAK|-34149336|176927556| |TF|0|0|0|0|0|0|0|0|0|0|0|0|0

P|RAXI3Q|05R|KALAG|0|4
S|EMRAG|-36942011|175038428|AA|CF|0|5100|1140|5090|1200|0|0|0|0|0|0|0|0
S|RAXIN|-36460553|175013731| |TF|0|0|0|0|0|0|0|0|0|0|0|0|0
S|RAXIN|-36460553|175013731| |IF|0|0|0|0|0|0|0|0|0|0|0|0|0
S|KALAG|-33694261|175323831| |TF|0|0|0|0|0|0|0|0|0|0|0|0|0

P|RAXI3Q|05R|TARIB|0|4
S|EMRAG|-36942011|175038428|AA|CF|0|5100|1140|5090|1200|0|0|0|0|0|0|0|0
S|RAXIN|-36460553|175013731| |TF|0|0|0|0|0|0|0|0|0|0|0|0|0
S|RAXIN|-36460553|175013731| |IF|0|0|0|0|0|0|0|0|0|0|0|0|0
S|TARIB|-34066142|176748078| |TF|0|0|0|0|0|0|0|0|0|0|0|0|0

P|REKI5Q|05R|IGBAT|0|9
S|DE05R|-37006656|174805742| |DF|0|0|0|0|0|0|0|0|0|1|0|0|0
S| |91000000|181000000| |CA|0|5100|0|0|0|0|1|500|0|0|0|0|0
S|GOGOS|-37072856|174840367| |DF|2|0|0|0|0|180|0|0|0|0|0|0|0
S|AKPIS|-37132406|174878297| |TF|0|0|0|0|0|0|0|4000|0|0|0|0|0
S|BUDLU|-37197700|174929939| |TF|0|0|0|0|0|0|0|5000|0|0|0|0|0
S|REKIS|-37307667|174998961| |TF|0|0|0|0|0|0|0|5000|0|0|0|0|0
S|REKIS|-37307667|174998961| |IF|0|0|0|0|0|0|0|5000|0|0|0|0|0
S|LIMES|-37571669|174638706| |TF|0|0|0|0|0|0|0|0|0|0|0|0|0
S|IGBAT|-37976728|174512161| |TF|0|0|0|0|0|0|0|0|0|0|0|0|0

P|REKI5Q|05R|KAPAI|0|8
S|DE05R|-37006656|174805742| |DF|0|0|0|0|0|0|0|0|0|1|0|0|0
S| |91000000|181000000| |CA|0|5100|0|0|0|0|1|500|0|0|0|0|0
S|GOGOS|-37072856|174840367| |DF|2|0|0|0|0|180|0|0|0|0|0|0|0
S|AKPIS|-37132406|174878297| |TF|0|0|0|0|0|0|0|4000|0|0|0|0|0
S|BUDLU|-37197700|174929939| |TF|0|0|0|0|0|0|0|5000|0|0|0|0|0
S|REKIS|-37307667|174998961| |TF|0|0|0|0|0|0|0|5000|0|0|0|0|0
S|REKIS|-37307667|174998961| |IF|0|0|0|0|0|0|0|5000|0|0|0|0|0
S|KAPAI|-37541167|174525028| |TF|0|0|0|0|0|0|0|0|0|0|0|0|0

P|REKI5Q|05R|NUTRA|0|9
S|DE05R|-37006656|174805742| |DF|0|0|0|0|0|0|0|0|0|1|0|0|0
S| |91000000|181000000| |CA|0|5100|0|0|0|0|1|500|0|0|0|0|0
S|GOGOS|-37072856|174840367| |DF|2|0|0|0|0|180|0|0|0|0|0|0|0
S|AKPIS|-37132406|174878297| |TF|0|0|0|0|0|0|0|4000|0|0|0|0|0
S|BUDLU|-37197700|174929939| |TF|0|0|0|0|0|0|0|5000|0|0|0|0|0
S|REKIS|-37307667|174998961| |TF|0|0|0|0|0|0|0|5000|0|0|0|0|0
S|REKIS|-37307667|174998961| |IF|0|0|0|0|0|0|0|5000|0|0|0|0|0
S|IPDIN|-37473944|174083458| |TF|0|0|0|0|0|0|0|0|0|0|0|0|0
S|NUTRA|-37800000|173800000| |TF|0|0|0|0|0|0|0|0|0|0|0|0|0

P|REKI5Q|05R|ORIDI|0|8
S|DE05R|-37006656|174805742| |DF|0|0|0|0|0|0|0|0|0|1|0|0|0
S| |91000000|181000000| |CA|0|5100|0|0|0|0|1|500|0|0|0|0|0
S|GOGOS|-37072856|174840367| |DF|2|0|0|0|0|180|0|0|0|0|0|0|0
S|AKPIS|-37132406|174878297| |TF|0|0|0|0|0|0|0|4000|0|0|0|0|0
S|BUDLU|-37197700|174929939| |TF|0|0|0|0|0|0|0|5000|0|0|0|0|0
S|REKIS|-37307667|174998961| |TF|0|0|0|0|0|0|0|5000|0|0|0|0|0
S|REKIS|-37307667|174998961| |IF|0|0|0|0|0|0|0|5000|0|0|0|0|0
S|ORIDI|-37453522|175090875| |TF|0|0|0|0|0|0|0|0|0|0|0|0|0

P|REKI5Q|05R|TULMI|0|8
S|DE05R|-37006656|174805742| |DF|0|0|0|0|0|0|0|0|0|1|0|0|0
S| |91000000|181000000| |CA|0|5100|0|0|0|0|1|500|0|0|0|0|0
S|GOGOS|-37072856|174840367| |DF|2|0|0|0|0|180|0|0|0|0|0|0|0
S|AKPIS|-37132406|174878297| |TF|0|0|0|0|0|0|0|4000|0|0|0|0|0
S|BUDLU|-37197700|174929939| |TF|0|0|0|0|0|0|0|5000|0|0|0|0|0
S|REKIS|-37307667|174998961| |TF|0|0|0|0|0|0|0|5000|0|0|0|0|0
S|REKIS|-37307667|174998961| |IF|0|0|0|0|0|0|0|5000|0|0|0|0|0
S|TULMI|-37446267|175405681| |TF|0|0|0|0|0|0|0|0|0|0|0|0|0

P|SATL3Q|05R|AGEDU|0|5
S| |91000000|181000000| |CA|0|5100|0|0|0|0|1|430|0|0|0|0|0
S|EMRAG|-36942011|175038428|AA|CF|0|5100|1140|5090|1200|0|0|0|0|0|0|0|0
S|SATLA|-36859200|175322861| |TF|0|0|0|0|0|0|0|0|0|0|0|0|0
S|SATLA|-36859200|175322861| |IF|0|0|0|0|0|0|0|0|0|0|0|0|0
S|AGEDU|-34478917|177491800| |TF|0|0|0|0|0|0|0|0|0|0|0|0|0

P|SATL3Q|05R|AKLOM|0|5
S| |91000000|181000000| |CA|0|5100|0|0|0|0|1|430|0|0|0|0|0
S|EMRAG|-36942011|175038428|AA|CF|0|5100|1140|5090|1200|0|0|0|0|0|0|0|0
S|SATLA|-36859200|175322861| |TF|0|0|0|0|0|0|0|0|0|0|0|0|0
S|SATLA|-36859200|175322861| |IF|0|0|0|0|0|0|0|0|0|0|0|0|0
S|AKLOM|-35357856|178394161| |TF|0|0|0|0|0|0|0|0|0|0|0|0|0

P|SATL3Q|05R|DABAS|0|5
S| |91000000|181000000| |CA|0|5100|0|0|0|0|1|430|0|0|0|0|0
S|EMRAG|-36942011|175038428|AA|CF|0|5100|1140|5090|1200|0|0|0|0|0|0|0|0
S|SATLA|-36859200|175322861| |TF|0|0|0|0|0|0|0|0|0|0|0|0|0
S|SATLA|-36859200|175322861| |IF|0|0|0|0|0|0|0|0|0|0|0|0|0
S|DABAS|-34845333|177944183| |TF|0|0|0|0|0|0|0|0|0|0|0|0|0

P|SATL3Q|05R|IBESO|0|5
S| |91000000|181000000| |CA|0|5100|0|0|0|0|1|430|0|0|0|0|0
S|EMRAG|-36942011|175038428|AA|CF|0|5100|1140|5090|1200|0|0|0|0|0|0|0|0
S|SATLA|-36859200|175322861| |TF|0|0|0|0|0|0|0|0|0|0|0|0|0
S|SATLA|-36859200|175322861| |IF|0|0|0|0|0|0|0|0|0|0|0|0|0
S|IBESO|-36990292|178967481| |TF|0|0|0|0|0|0|0|0|0|0|0|0|0

P|SATL3Q|05R|IDSEM|0|5
S| |91000000|181000000| |CA|0|5100|0|0|0|0|1|430|0|0|0|0|0
S|EMRAG|-36942011|175038428|AA|CF|0|5100|1140|5090|1200|0|0|0|0|0|0|0|0
S|SATLA|-36859200|175322861| |TF|0|0|0|0|0|0|0|0|0|0|0|0|0
S|SATLA|-36859200|175322861| |IF|0|0|0|0|0|0|0|0|0|0|0|0|0
S|IDSEM|-34672406|177747519| |TF|0|0|0|0|0|0|0|0|0|0|0|0|0

P|SATL3Q|05R|OLBEX|0|5
S| |91000000|181000000| |CA|0|5100|0|0|0|0|1|430|0|0|0|0|0
S|EMRAG|-36942011|175038428|AA|CF|0|5100|1140|5090|1200|0|0|0|0|0|0|0|0
S|SATLA|-36859200|175322861| |TF|0|0|0|0|0|0|0|0|0|0|0|0|0
S|SATLA|-36859200|175322861| |IF|0|0|0|0|0|0|0|0|0|0|0|0|0
S|OLBEX|-35693419|178607472| |TF|0|0|0|0|0|0|0|0|0|0|0|0|0

P|STEA3P|23L|IGBAT|0|6
S|DE23L|-37017031|174768186| |DF|0|0|0|0|0|0|0|0|0|1|0|0|0
S| |91000000|181000000| |CA|0|23100|0|0|0|0|1|500|0|0|0|0|0
S|STEAL|-37203861|174719144| |DF|0|0|0|0|0|0|2|5000|0|0|0|0|0
S|STEAL|-37203861|174719144| |IF|0|0|0|0|0|0|2|5000|0|0|0|0|0
S|LIMES|-37571669|174638706| |TF|0|0|0|0|0|0|0|0|0|0|0|0|0
S|IGBAT|-37976728|174512161| |TF|0|0|0|0|0|0|0|0|0|0|0|0|0

P|STEA3P|23L|NUTRA|0|6
S|DE23L|-37017031|174768186| |DF|0|0|0|0|0|0|0|0|0|1|0|0|0
S| |91000000|181000000| |CA|0|23100|0|0|0|0|1|500|0|0|0|0|0
S|STEAL|-37203861|174719144| |DF|0|0|0|0|0|0|2|5000|0|0|0|0|0
S|STEAL|-37203861|174719144| |IF|0|0|0|0|0|0|2|5000|0|0|0|0|0
S|IPDIN|-37473944|174083458| |TF|0|0|0|0|0|0|0|0|0|0|0|0|0
S|NUTRA|-37800000|173800000| |TF|0|0|0|0|0|0|0|0|0|0|0|0|0

P|STEA3P|23L|ORIDI|0|8
S|DE23L|-37017031|174768186| |DF|0|0|0|0|0|0|0|0|0|1|0|0|0
S| |91000000|181000000| |CA|0|23100|0|0|0|0|1|500|0|0|0|0|0
S|STEAL|-37203861|174719144| |DF|0|0|0|0|0|0|2|5000|0|0|0|0|0
S|STEAL|-37203861|174719144| |IF|0|0|0|0|0|0|2|5000|0|0|0|0|0
S|LAMOG|-37407636|174802528| |TF|0|0|0|0|0|0|0|0|0|0|0|0|0
S|ONISU|-37417183|174946333| |TF|0|0|0|0|0|0|2|7000|0|0|0|0|0
S|OVSIT|-37422556|175029750| |TF|0|0|0|0|0|0|2|8000|0|0|0|0|0
S|ORIDI|-37453522|175090875| |TF|0|0|0|0|0|0|0|0|0|0|0|0|0

P|STEA3P|23L|TULMI|0|8
S|DE23L|-37017031|174768186| |DF|0|0|0|0|0|0|0|0|0|1|0|0|0
S| |91000000|181000000| |CA|0|23100|0|0|0|0|1|500|0|0|0|0|0
S|STEAL|-37203861|174719144| |DF|0|0|0|0|0|0|2|5000|0|0|0|0|0
S|STEAL|-37203861|174719144| |IF|0|0|0|0|0|0|2|5000|0|0|0|0|0
S|LAMOG|-37407636|174802528| |TF|0|0|0|0|0|0|0|0|0|0|0|0|0
S|ONISU|-37417183|174946333| |TF|0|0|0|0|0|0|2|7000|0|0|0|0|0
S|OVSIT|-37422556|175029750| |TF|0|0|0|0|0|0|2|8000|0|0|0|0|0
S|TULMI|-37446267|175405681| |TF|0|0|0|0|0|0|0|0|0|0|0|0|0

