P|BAY8|17|SULFA|0|6
S| |91000000|181000000| |CA|0|17400|0|0|0|0|1|1800|0|0|0|0|0
S| |91000000|181000000| |VI|0|24500|0|0|0|180|0|0|0|0|0|0|0
S|AP|-38743214|176074286|RO|FA|0|21500|3970|17650|0|0|1|3500|0|0|0|0|0
S|AP|-38743214|176074286| |DF|2|0|0|0|0|0|0|0|0|0|0|0|0
S|AP|-38743214|176074286| |IF|0|0|0|0|0|0|0|0|0|0|0|0|0
S|SULFA|-39073675|175690647| |TF|0|0|0|0|0|0|0|0|0|0|0|0|0

P|BAY8|17|TARUA|0|6
S| |91000000|181000000| |CA|0|17400|0|0|0|0|1|1800|0|0|0|0|0
S| |91000000|181000000| |VI|0|24500|0|0|0|180|0|0|0|0|0|0|0
S|AP|-38743214|176074286|RO|FA|0|21500|3970|17650|0|0|1|3500|0|0|0|0|0
S|AP|-38743214|176074286| |DF|2|0|0|0|0|0|0|0|0|0|0|0|0
S|AP|-38743214|176074286| |IF|0|0|0|0|0|0|0|0|0|0|0|0|0
S|TARUA|-39454981|176159672| |TF|0|0|0|0|0|0|0|0|0|0|0|0|0

P|LAKE6|17|ELMER|0|6
S| |91000000|181000000| |CA|0|17400|0|0|0|0|1|1800|0|0|0|0|0
S| |91000000|181000000| |VI|0|24500|0|0|0|180|0|0|0|0|0|0|0
S|AP|-38743214|176074286|RO|FA|0|21500|3970|17650|0|0|1|3500|0|0|0|0|0
S|AP|-38743214|176074286| |DF|2|0|0|0|0|0|0|0|0|0|0|0|0
S|AP|-38743214|176074286| |IF|0|0|0|0|0|0|0|0|0|0|0|0|0
S|ELMER|-38679625|177595286| |TF|0|0|0|0|0|0|0|0|0|0|0|0|0

P|LAKE6|17|GUMAN|0|6
S| |91000000|181000000| |CA|0|17400|0|0|0|0|1|1800|0|0|0|0|0
S| |91000000|181000000| |VI|0|24500|0|0|0|180|0|0|0|0|0|0|0
S|AP|-38743214|176074286|RO|FA|0|21500|3970|17650|0|0|1|3500|0|0|0|0|0
S|AP|-38743214|176074286| |DF|2|0|0|0|0|0|0|0|0|0|0|0|0
S|AP|-38743214|176074286| |IF|0|0|0|0|0|0|0|0|0|0|0|0|0
S|GUMAN|-38535347|176153194| |TF|0|0|0|0|0|0|0|0|0|0|0|0|0

P|LAKE6|17|MOOSE|0|6
S| |91000000|181000000| |CA|0|17400|0|0|0|0|1|1800|0|0|0|0|0
S| |91000000|181000000| |VI|0|24500|0|0|0|180|0|0|0|0|0|0|0
S|AP|-38743214|176074286|RO|FA|0|21500|3970|17650|0|0|1|3500|0|0|0|0|0
S|AP|-38743214|176074286| |DF|2|0|0|0|0|0|0|0|0|0|0|0|0
S|AP|-38743214|176074286| |IF|0|0|0|0|0|0|0|0|0|0|0|0|0
S|MOOSE|-38877128|176628392| |TF|0|0|0|0|0|0|0|0|0|0|0|0|0

P|LAKE6|17|OBDEV|0|6
S| |91000000|181000000| |CA|0|17400|0|0|0|0|1|1800|0|0|0|0|0
S| |91000000|181000000| |VI|0|24500|0|0|0|180|0|0|0|0|0|0|0
S|AP|-38743214|176074286|RO|FA|0|21500|3970|17650|0|0|1|3500|0|0|0|0|0
S|AP|-38743214|176074286| |DF|2|0|0|0|0|0|0|0|0|0|0|0|0
S|AP|-38743214|176074286| |IF|0|0|0|0|0|0|0|0|0|0|0|0|0
S|OBDEV|-39040778|176404389| |TF|0|0|0|0|0|0|0|0|0|0|0|0|0

P|LAKE6|17|TG|0|6
S| |91000000|181000000| |CA|0|17400|0|0|0|0|1|1800|0|0|0|0|0
S| |91000000|181000000| |VI|0|24500|0|0|0|180|0|0|0|0|0|0|0
S|AP|-38743214|176074286|RO|FA|0|21500|3970|17650|0|0|1|3500|0|0|0|0|0
S|AP|-38743214|176074286| |DF|2|0|0|0|0|0|0|0|0|0|0|0|0
S|AP|-38743214|176074286| |IF|0|0|0|0|0|0|0|0|0|0|0|0|0
S|TG|-37677567|176191222| |TF|0|0|0|0|0|0|0|0|0|0|0|0|0

P|LAKE6|17|WK|0|6
S| |91000000|181000000| |CA|0|17400|0|0|0|0|1|1800|0|0|0|0|0
S| |91000000|181000000| |VI|0|24500|0|0|0|180|0|0|0|0|0|0|0
S|AP|-38743214|176074286|RO|FA|0|21500|3970|17650|0|0|1|3500|0|0|0|0|0
S|AP|-38743214|176074286| |DF|2|0|0|0|0|0|0|0|0|0|0|0|0
S|AP|-38743214|176074286| |IF|0|0|0|0|0|0|0|0|0|0|0|0|0
S|WK|-37924658|176915456| |TF|0|0|0|0|0|0|0|0|0|0|0|0|0

P|MINEK3|17|AKNES|0|4
S| |91000000|181000000| |CA|0|17400|0|0|0|0|1|1800|0|0|0|0|0
S|MINEK|-38836981|175897964|RO|CF|0|22500|4790|18300|1000|165|0|0|0|1|0|0|0
S|MINEK|-38836981|175897964| |IF|0|0|0|0|0|165|0|0|0|0|0|0|0
S|AKNES|-39158481|176123889| |TF|0|0|0|0|0|210|2|10000|0|0|0|0|0

P|MINEK3|17|DOGMO|0|5
S| |91000000|181000000| |CA|0|17400|0|0|0|0|1|1800|0|0|0|0|0
S|MINEK|-38836981|175897964|RO|CF|0|22500|4790|18300|1000|165|0|0|0|1|0|0|0
S|MINEK|-38836981|175897964| |IF|0|0|0|0|0|165|0|0|0|0|0|0|0
S|RUNUP|-39016297|176053919| |TF|0|0|0|0|0|210|0|0|0|1|0|0|0
S|DOGMO|-38723244|176606153| |TF|0|0|0|0|0|0|2|10000|0|0|0|0|0

P|MINEK3|17|DUDUS|0|5
S| |91000000|181000000| |CA|0|17400|0|0|0|0|1|1800|0|0|0|0|0
S|MINEK|-38836981|175897964|RO|CF|0|22500|4790|18300|1000|165|0|0|0|1|0|0|0
S|MINEK|-38836981|175897964| |IF|0|0|0|0|0|165|0|0|0|0|0|0|0
S|PEBSO|-38657425|175742806| |TF|0|0|0|0|0|210|0|0|0|1|0|0|0
S|DUDUS|-38444272|175703683| |TF|0|0|0|0|0|0|2|10000|0|0|0|0|0

P|MINEK3|17|GOSTI|0|5
S| |91000000|181000000| |CA|0|17400|0|0|0|0|1|1800|0|0|0|0|0
S|MINEK|-38836981|175897964|RO|CF|0|22500|4790|18300|1000|165|0|0|0|1|0|0|0
S|MINEK|-38836981|175897964| |IF|0|0|0|0|0|165|0|0|0|0|0|0|0
S|PEBSO|-38657425|175742806| |TF|0|0|0|0|0|210|0|0|0|1|0|0|0
S|GOSTI|-38477753|175853497| |TF|0|0|0|0|0|0|2|10000|0|0|0|0|0

P|MINEK3|17|ISGIT|0|5
S| |91000000|181000000| |CA|0|17400|0|0|0|0|1|1800|0|0|0|0|0
S|MINEK|-38836981|175897964|RO|CF|0|22500|4790|18300|1000|165|0|0|0|1|0|0|0
S|MINEK|-38836981|175897964| |IF|0|0|0|0|0|165|0|0|0|0|0|0|0
S|PEBSO|-38657425|175742806| |TF|0|0|0|0|0|210|0|0|0|1|0|0|0
S|ISGIT|-38384539|176210136| |TF|0|0|0|0|0|0|2|10000|0|0|0|0|0

P|MINEK3|17|OBDEV|0|5
S| |91000000|181000000| |CA|0|17400|0|0|0|0|1|1800|0|0|0|0|0
S|MINEK|-38836981|175897964|RO|CF|0|22500|4790|18300|1000|165|0|0|0|1|0|0|0
S|MINEK|-38836981|175897964| |IF|0|0|0|0|0|165|0|0|0|0|0|0|0
S|RUNUP|-39016297|176053919| |TF|0|0|0|0|0|210|0|0|0|1|0|0|0
S|OBDEV|-39040778|176404389| |DF|0|0|0|0|0|0|2|10000|0|0|0|0|0

P|MINEK3|17|ONAGO|0|4
S| |91000000|181000000| |CA|0|17400|0|0|0|0|1|1800|0|0|0|0|0
S|MINEK|-38836981|175897964|RO|CF|0|22500|4790|18300|1000|165|0|0|0|1|0|0|0
S|MINEK|-38836981|175897964| |IF|0|0|0|0|0|165|0|0|0|0|0|0|0
S|ONAGO|-38875622|175511908| |TF|0|0|0|0|0|210|2|10000|0|0|0|0|0

P|MINEK3|17|SULFA|0|4
S| |91000000|181000000| |CA|0|17400|0|0|0|0|1|1800|0|0|0|0|0
S|MINEK|-38836981|175897964|RO|CF|0|22500|4790|18300|1000|165|0|0|0|1|0|0|0
S|MINEK|-38836981|175897964| |IF|0|0|0|0|0|165|0|0|0|0|0|0|0
S|SULFA|-39073675|175690647| |DF|0|0|0|0|0|210|2|12000|0|0|0|0|0

P|PEAK8|35|AKNES|0|4
S| |91000000|181000000| |CA|0|35400|0|0|0|0|1|3500|0|0|0|0|0
S|AP|-38743214|176074286| |DF|1|0|0|0|0|0|0|0|0|0|0|0|0
S|AP|-38743214|176074286| |IF|0|0|0|0|0|0|0|0|0|0|0|0|0
S|AKNES|-39158481|176123889| |TF|0|0|0|0|0|0|0|0|0|0|0|0|0

P|PEAK8|35|OBDEV|0|4
S| |91000000|181000000| |CA|0|35400|0|0|0|0|1|3500|0|0|0|0|0
S|AP|-38743214|176074286| |DF|1|0|0|0|0|0|0|0|0|0|0|0|0
S|AP|-38743214|176074286| |IF|0|0|0|0|0|0|0|0|0|0|0|0|0
S|OBDEV|-39040778|176404389| |TF|0|0|0|0|0|0|0|0|0|0|0|0|0

P|PEAK8|35|SULFA|0|4
S| |91000000|181000000| |CA|0|35400|0|0|0|0|1|3500|0|0|0|0|0
S|AP|-38743214|176074286| |DF|1|0|0|0|0|0|0|0|0|0|0|0|0
S|AP|-38743214|176074286| |IF|0|0|0|0|0|0|0|0|0|0|0|0|0
S|SULFA|-39073675|175690647| |TF|0|0|0|0|0|0|0|0|0|0|0|0|0

P|TEREG3|35|AKNES|0|5
S| |91000000|181000000| |CA|0|35400|0|0|0|0|1|1740|0|0|0|0|0
S|TEREG|-38584642|176086556|RO|CF|0|33900|3050|17950|900|0|0|0|0|1|0|0|0
S|TEREG|-38584642|176086556| |IF|0|0|0|0|0|0|0|0|0|0|0|0|0
S|VEKPO|-38583875|176362714| |TF|0|0|0|0|0|210|0|0|0|1|0|0|0
S|AKNES|-39158481|176123889| |TF|2|0|0|0|0|0|2|10000|0|0|0|0|0

P|TEREG3|35|DOGMO|0|5
S| |91000000|181000000| |CA|0|35400|0|0|0|0|1|1740|0|0|0|0|0
S|TEREG|-38584642|176086556|RO|CF|0|33900|3050|17950|900|0|0|0|0|1|0|0|0
S|TEREG|-38584642|176086556| |IF|0|0|0|0|0|0|0|0|0|0|0|0|0
S|VEKPO|-38583875|176362714| |TF|0|0|0|0|0|210|0|0|0|1|0|0|0
S|DOGMO|-38723244|176606153| |TF|0|0|0|0|0|0|2|10000|0|0|0|0|0

P|TEREG3|35|DUDUS|0|4
S| |91000000|181000000| |CA|0|35400|0|0|0|0|1|1740|0|0|0|0|0
S|TEREG|-38584642|176086556|RO|CF|0|33900|3050|17950|900|0|0|0|0|1|0|0|0
S|TEREG|-38584642|176086556| |IF|0|0|0|0|0|0|0|0|0|0|0|0|0
S|DUDUS|-38444272|175703683| |TF|0|0|0|0|0|210|2|10000|0|0|0|0|0

P|TEREG3|35|GOSTI|0|4
S| |91000000|181000000| |CA|0|35400|0|0|0|0|1|1740|0|0|0|0|0
S|TEREG|-38584642|176086556|RO|CF|0|33900|3050|17950|900|0|0|0|0|1|0|0|0
S|TEREG|-38584642|176086556| |IF|0|0|0|0|0|0|0|0|0|0|0|0|0
S|GOSTI|-38477753|175853497| |TF|0|0|0|0|0|210|2|10000|0|0|0|0|0

P|TEREG3|35|ISGIT|0|4
S| |91000000|181000000| |CA|0|35400|0|0|0|0|1|1740|0|0|0|0|0
S|TEREG|-38584642|176086556|RO|CF|0|33900|3050|17950|900|0|0|0|0|1|0|0|0
S|TEREG|-38584642|176086556| |IF|0|0|0|0|0|0|0|0|0|0|0|0|0
S|ISGIT|-38384539|176210136| |TF|0|0|0|0|0|210|2|10000|0|0|0|0|0

P|TEREG3|35|OBDEV|0|5
S| |91000000|181000000| |CA|0|35400|0|0|0|0|1|1740|0|0|0|0|0
S|TEREG|-38584642|176086556|RO|CF|0|33900|3050|17950|900|0|0|0|0|1|0|0|0
S|TEREG|-38584642|176086556| |IF|0|0|0|0|0|0|0|0|0|0|0|0|0
S|VEKPO|-38583875|176362714| |TF|0|0|0|0|0|210|0|0|0|1|0|0|0
S|OBDEV|-39040778|176404389| |DF|2|0|0|0|0|0|2|10000|0|0|0|0|0

P|TEREG3|35|ONAGO|0|5
S| |91000000|181000000| |CA|0|35400|0|0|0|0|1|1740|0|0|0|0|0
S|TEREG|-38584642|176086556|RO|CF|0|33900|3050|17950|900|0|0|0|0|1|0|0|0
S|TEREG|-38584642|176086556| |IF|0|0|0|0|0|0|0|0|0|0|0|0|0
S|PEBSO|-38657425|175742806| |TF|0|0|0|0|0|210|0|0|0|1|0|0|0
S|ONAGO|-38875622|175511908| |TF|0|0|0|0|0|0|2|10000|0|0|0|0|0

P|TEREG3|35|SULFA|0|5
S| |91000000|181000000| |CA|0|35400|0|0|0|0|1|1740|0|0|0|0|0
S|TEREG|-38584642|176086556|RO|CF|0|33900|3050|17950|900|0|0|0|0|1|0|0|0
S|TEREG|-38584642|176086556| |IF|0|0|0|0|0|0|0|0|0|0|0|0|0
S|PEBSO|-38657425|175742806| |TF|0|0|0|0|0|210|0|0|0|1|0|0|0
S|SULFA|-39073675|175690647| |TF|0|0|0|0|0|0|2|12000|0|0|0|0|0

