P|BYRRD9|15|BYRRD|0|3
S| |91000000|181000000| |VA|0|5080|0|0|0|0|1|432|0|0|0|0|0
S| |91000000|181000000| |VI|0|4570|0|0|0|270|0|0|0|0|0|0|0
S|BYRRD|-77500000|165000000|ZFX|CF|0|4870|3500|31960|3410|0|1|6000|0|1|0|0|0

P|BYRRD9|33|BYRRD|0|3
S| |91000000|181000000| |VA|0|3280|0|0|0|0|1|435|0|0|0|0|0
S| |91000000|181000000| |VI|2|1720|0|0|0|270|0|0|0|0|0|0|0
S|BYRRD|-77500000|165000000|ZFX|CF|0|4870|3500|31960|3040|0|1|6000|0|1|0|0|0

P|NOBEY9|15|NOBEY|0|3
S| |91000000|181000000| |VA|0|5080|0|0|0|0|1|600|0|0|0|0|0
S|NOBEY|-77750000|165700000| |DF|0|0|0|0|0|0|2|16000|0|1|0|0|0
S|NOBEY|-77750000|165700000| |HA|1|4920|0|0|400|230|1|3000|0|0|0|0|0

P|NOBEY9|33|NOBEY|0|3
S| |91000000|181000000| |VA|0|3280|0|0|0|0|1|600|0|0|0|0|0
S|NOBEY|-77750000|165700000| |DF|2|0|0|0|0|0|2|16000|0|1|0|0|0
S|NOBEY|-77750000|165700000| |HA|1|4920|0|0|400|230|1|3000|0|0|0|0|0

P|ZELBA9|15|ZELBA|0|5
S| |91000000|181000000| |VA|0|5080|0|0|0|0|1|432|0|0|0|0|0
S| |91000000|181000000| |VI|2|3090|0|0|0|270|0|0|0|0|0|0|0
S|JELOT|-77968831|167522519|ZFX|CF|0|2650|1000|9780|450|0|2|14900|0|0|0|0|0
S|ZELBA|-77991942|168488239|ZFX|CF|0|2650|2220|9780|1220|0|2|16000|0|1|0|0|0
S|ZELBA|-77991942|168488239| |HA|2|4450|0|0|700|230|1|3400|0|0|0|0|0

P|ZELBA9|33|ZELBA|0|5
S| |91000000|181000000| |VA|0|3280|0|0|0|0|1|435|0|0|0|0|0
S| |91000000|181000000| |VI|1|2190|0|0|0|270|0|0|0|0|0|0|0
S|JELOT|-77968831|167522519|ZFX|CF|0|2650|1000|9780|350|0|2|14900|0|0|0|0|0
S|ZELBA|-77991942|168488239|ZFX|CF|0|2650|2220|9780|1210|0|2|16000|0|1|0|0|0
S|ZELBA|-77991942|168488239| |HA|2|4450|0|0|700|230|1|3400|0|0|0|0|0

