P|DANP3Q|09|ABTOL|0|5
S| |91000000|181000000| |CA|0|7600|0|0|0|0|1|560|0|0|0|0|0
S|DANPO|-40227367|175549356|PM|CF|0|7600|690|30190|700|0|1|3000|0|1|0|0|0
S|DANPO|-40227367|175549356| |IF|0|0|0|0|0|0|1|3000|0|0|0|0|0
S|SOTVO|-40368778|175562025| |TF|0|0|0|0|0|210|0|0|0|0|0|0|0
S|ABTOL|-40586689|175657203| |TF|0|0|0|0|0|0|2|10000|0|0|0|0|0

P|DANP3Q|09|ENTIM|0|7
S| |91000000|181000000| |CA|0|7600|0|0|0|0|1|560|0|0|0|0|0
S|DANPO|-40227367|175549356|PM|CF|0|7600|690|30190|700|0|1|3000|0|1|0|0|0
S|DANPO|-40227367|175549356| |IF|0|0|0|0|0|0|1|3000|0|0|0|0|0
S|OH401|-40085569|175485153| |DF|1|0|0|0|0|210|0|0|0|0|0|0|0
S|IGNUT|-40004133|175409500| |TF|0|0|0|0|0|0|0|0|0|0|0|0|0
S|PONER|-39941986|175285486| |TF|0|0|0|0|0|0|0|0|0|0|0|0|0
S|ENTIM|-39832169|175001403| |TF|0|0|0|0|0|0|2|6000|0|0|0|0|0

P|DANP3Q|09|ESMUK|0|5
S| |91000000|181000000| |CA|0|7600|0|0|0|0|1|560|0|0|0|0|0
S|DANPO|-40227367|175549356|PM|CF|0|7600|690|30190|700|0|1|3000|0|1|0|0|0
S|DANPO|-40227367|175549356| |IF|0|0|0|0|0|0|1|3000|0|0|0|0|0
S|SOTVO|-40368778|175562025| |TF|0|0|0|0|0|210|0|0|0|0|0|0|0
S|ESMUK|-40693086|175376861| |TF|0|0|0|0|0|0|2|10000|0|0|0|0|0

P|DANP3Q|09|PORIG|0|5
S| |91000000|181000000| |CA|0|7600|0|0|0|0|1|560|0|0|0|0|0
S|DANPO|-40227367|175549356|PM|CF|0|7600|690|30190|700|0|1|3000|0|1|0|0|0
S|DANPO|-40227367|175549356| |IF|0|0|0|0|0|0|1|3000|0|0|0|0|0
S|SOTVO|-40368778|175562025| |TF|0|0|0|0|0|210|0|0|0|0|0|0|0
S|PORIG|-40563886|175060503| |TF|0|0|0|0|0|0|2|10000|0|0|0|0|0

P|ENGO3P|27|ABTOL|0|5
S| |91000000|181000000| |CA|0|26600|0|0|0|0|1|570|0|0|0|0|0
S|ENGOK|-40169528|175248989|PM|CF|0|26600|2000|27470|600|0|0|0|0|1|0|0|0
S|ENGOK|-40169528|175248989| |IF|0|0|0|0|0|0|0|0|0|0|0|0|0
S|IDSEN|-40335889|175233553| |TF|1|0|0|0|0|210|2|5000|0|0|0|0|0
S|ABTOL|-40586689|175657203| |TF|0|0|0|0|0|240|2|10000|0|0|0|0|0

P|ENGO3P|27|ENTIM|0|6
S| |91000000|181000000| |CA|0|26600|0|0|0|0|1|570|0|0|0|0|0
S|ENGOK|-40169528|175248989|PM|CF|0|26600|2000|27470|600|0|0|0|0|1|0|0|0
S|ENGOK|-40169528|175248989| |IF|0|0|0|0|0|0|0|0|0|0|0|0|0
S|SANUB|-40135144|175119631| |TF|0|0|0|0|0|0|2|5000|0|0|0|0|0
S|AGUPI|-40118714|175058061| |TF|0|0|0|0|0|0|0|0|0|0|0|0|0
S|ENTIM|-39832169|175001403| |TF|0|0|0|0|0|0|2|7000|0|0|0|0|0

P|ENGO3P|27|ESMUK|0|5
S| |91000000|181000000| |CA|0|26600|0|0|0|0|1|570|0|0|0|0|0
S|ENGOK|-40169528|175248989|PM|CF|0|26600|2000|27470|600|0|0|0|0|1|0|0|0
S|ENGOK|-40169528|175248989| |IF|0|0|0|0|0|0|0|0|0|0|0|0|0
S|IDSEN|-40335889|175233553| |TF|1|0|0|0|0|210|2|5000|0|0|0|0|0
S|ESMUK|-40693086|175376861| |TF|0|0|0|0|0|240|2|10000|0|0|0|0|0

P|ENGO3P|27|PORIG|0|5
S| |91000000|181000000| |CA|0|26600|0|0|0|0|1|570|0|0|0|0|0
S|ENGOK|-40169528|175248989|PM|CF|0|26600|2000|27470|600|0|0|0|0|1|0|0|0
S|ENGOK|-40169528|175248989| |IF|0|0|0|0|0|0|0|0|0|0|0|0|0
S|IDSEN|-40335889|175233553| |TF|1|0|0|0|0|210|2|5000|0|0|0|0|0
S|PORIG|-40563886|175060503| |TF|0|0|0|0|0|240|2|10000|0|0|0|0|0

P|IGBU1T|09|IGBUD|0|7
S| |91000000|181000000| |CA|0|8600|0|0|0|0|1|800|0|0|0|0|0
S|IGLAM|-40147650|175424189| |DF|1|0|0|0|0|150|0|0|0|0|0|0|0
S|IGLAM|-40147650|175424189| |IF|0|0|0|0|0|150|0|0|0|0|0|0|0
S|PATBI|-40101175|175448325| |TF|0|0|0|0|0|0|0|0|0|0|0|0|0
S|POSOL|-40144883|175708881| |TF|0|0|0|0|0|0|2|7000|0|0|0|0|0
S|IGBUD|-40439736|175965211| |TF|0|0|0|0|0|0|2|10000|0|0|0|0|0
S|IGBUD|-40439736|175965211|OH|FM|0|9500|2970|9590|0|0|0|0|0|0|0|0|0

P|IGBU1T|15|IGBUD|0|7
S| |91000000|181000000| |CA|0|14600|0|0|0|0|1|800|0|0|0|0|0
S|IGLAM|-40147650|175424189| |DF|1|0|0|0|0|150|0|0|0|0|0|0|0
S|IGLAM|-40147650|175424189| |IF|0|0|0|0|0|150|0|0|0|0|0|0|0
S|PATBI|-40101175|175448325| |TF|0|0|0|0|0|0|0|0|0|0|0|0|0
S|POSOL|-40144883|175708881| |TF|0|0|0|0|0|0|2|7000|0|0|0|0|0
S|IGBUD|-40439736|175965211| |TF|0|0|0|0|0|0|2|10000|0|0|0|0|0
S|IGBUD|-40439736|175965211|OH|FM|0|9500|2970|9590|0|0|0|0|0|0|0|0|0

P|IGBU1T|27|IGBUD|0|7
S| |91000000|181000000| |CA|0|26700|0|0|0|0|1|800|0|0|0|0|0
S|IGLAM|-40147650|175424189| |DF|2|0|0|0|0|150|0|0|0|0|0|0|0
S|IGLAM|-40147650|175424189| |IF|0|0|0|0|0|150|0|0|0|0|0|0|0
S|PATBI|-40101175|175448325| |TF|0|0|0|0|0|0|0|0|0|0|0|0|0
S|POSOL|-40144883|175708881| |TF|0|0|0|0|0|0|2|7000|0|0|0|0|0
S|IGBUD|-40439736|175965211| |TF|0|0|0|0|0|0|2|10000|0|0|0|0|0
S|IGBUD|-40439736|175965211|OH|FM|0|9500|2970|9590|0|0|0|0|0|0|0|0|0

P|IGBU1T|33|IGBUD|0|7
S| |91000000|181000000| |CA|0|32600|0|0|0|0|1|800|0|0|0|0|0
S|IGLAM|-40147650|175424189| |DF|0|0|0|0|0|150|0|0|0|0|0|0|0
S|IGLAM|-40147650|175424189| |IF|0|0|0|0|0|150|0|0|0|0|0|0|0
S|PATBI|-40101175|175448325| |TF|0|0|0|0|0|0|0|0|0|0|0|0|0
S|POSOL|-40144883|175708881| |TF|0|0|0|0|0|0|2|7000|0|0|0|0|0
S|IGBUD|-40439736|175965211| |TF|0|0|0|0|0|0|2|10000|0|0|0|0|0
S|IGBUD|-40439736|175965211|OH|FM|0|9500|2970|9590|0|0|0|0|0|0|0|0|0

P|OH1R|09| |0|2
S| |91000000|181000000| |VA|0|8700|0|0|0|0|1|800|0|0|0|0|0
S| |91000000|181000000| |VM|0|8700|0|0|0|0|0|0|0|0|0|0|0

P|OH1S|15| |0|2
S| |91000000|181000000| |VA|0|14700|0|0|0|0|1|800|0|0|0|0|0
S| |91000000|181000000| |VM|0|14700|0|0|0|0|0|0|0|0|0|0|0

P|OH1S|27| |0|2
S| |91000000|181000000| |VA|0|26700|0|0|0|0|1|800|0|0|0|0|0
S| |91000000|181000000| |VM|0|26700|0|0|0|0|0|0|0|0|0|0|0

P|OH1S|33| |0|2
S| |91000000|181000000| |VA|0|32700|0|0|0|0|1|800|0|0|0|0|0
S| |91000000|181000000| |VM|0|32700|0|0|0|0|0|0|0|0|0|0|0

P|RIML1T|09|RIMLU|0|6
S| |91000000|181000000| |CA|0|8600|0|0|0|0|1|800|0|0|0|0|0
S|IGLAM|-40147650|175424189| |DF|1|0|0|0|0|150|0|0|0|0|0|0|0
S|IGLAM|-40147650|175424189| |IF|0|0|0|0|0|150|0|0|0|0|0|0|0
S|MABEK|-40039203|175480458| |TF|0|0|0|0|0|0|2|7000|0|0|0|0|0
S|RIMLU|-39670164|175438081| |TF|0|0|0|0|0|0|2|10000|0|0|0|0|0
S|RIMLU|-39670164|175438081|OH|FM|0|31500|3240|34180|0|0|0|0|0|0|0|0|0

P|RIML1T|15|RIMLU|0|6
S| |91000000|181000000| |CA|0|14600|0|0|0|0|1|800|0|0|0|0|0
S|IGLAM|-40147650|175424189| |DF|1|0|0|0|0|150|0|0|0|0|0|0|0
S|IGLAM|-40147650|175424189| |IF|0|0|0|0|0|150|0|0|0|0|0|0|0
S|MABEK|-40039203|175480458| |TF|0|0|0|0|0|0|2|7000|0|0|0|0|0
S|RIMLU|-39670164|175438081| |TF|0|0|0|0|0|0|2|10000|0|0|0|0|0
S|RIMLU|-39670164|175438081|OH|FM|0|31500|3240|34180|0|0|0|0|0|0|0|0|0

P|RIML1T|27|RIMLU|0|6
S| |91000000|181000000| |CA|0|26700|0|0|0|0|1|800|0|0|0|0|0
S|IGLAM|-40147650|175424189| |DF|2|0|0|0|0|150|0|0|0|0|0|0|0
S|IGLAM|-40147650|175424189| |IF|0|0|0|0|0|150|0|0|0|0|0|0|0
S|MABEK|-40039203|175480458| |TF|0|0|0|0|0|0|2|7000|0|0|0|0|0
S|RIMLU|-39670164|175438081| |TF|0|0|0|0|0|0|2|10000|0|0|0|0|0
S|RIMLU|-39670164|175438081|OH|FM|0|31500|3240|34180|0|0|0|0|0|0|0|0|0

P|RIML1T|33|RIMLU|0|6
S| |91000000|181000000| |CA|0|32600|0|0|0|0|1|800|0|0|0|0|0
S|IGLAM|-40147650|175424189| |DF|0|0|0|0|0|150|0|0|0|0|0|0|0
S|IGLAM|-40147650|175424189| |IF|0|0|0|0|0|150|0|0|0|0|0|0|0
S|MABEK|-40039203|175480458| |TF|0|0|0|0|0|0|2|7000|0|0|0|0|0
S|RIMLU|-39670164|175438081| |TF|0|0|0|0|0|0|2|10000|0|0|0|0|0
S|RIMLU|-39670164|175438081|OH|FM|0|31500|3240|34180|0|0|0|0|0|0|0|0|0

