P|EMUS1A|34L|EMUSA|0|5
S|D343B|26529922|49769428|KFA|CF|0|34200|200|34270|300|0|0|4000|0|1|0|0|0
S| |91000000|181000000| |VI|0|25300|0|0|0|0|0|0|0|0|0|0|0
S|KF35B|26654786|49151906|KFA|CF|0|28300|3500|28270|2700|0|0|0|0|0|0|0|0
S|KF35A|26315392|49161197|KFA|AF|1|28300|3500|24900|0|0|0|0|0|0|0|0|0
S|EMUSA|26183611|48721389|KFA|CF|0|24900|6000|24900|2500|0|0|0|0|0|0|0|0

P|EMUS1B|34R|EMUSA|0|5
S|D018B|26528664|49792139|KFA|CF|0|34200|200|1840|300|0|0|4000|0|1|0|0|0
S| |91000000|181000000| |VI|0|25300|0|0|0|0|0|0|0|0|0|0|0
S|KF35B|26654786|49151906|KFA|CF|0|28300|3500|28270|2800|0|0|0|0|0|0|0|0
S|KF35A|26315392|49161197|KFA|AF|1|28300|3500|24900|0|0|0|0|0|0|0|0|0
S|EMUSA|26183611|48721389|KFA|CF|0|24900|6000|24900|2500|0|0|0|0|0|0|0|0

P|EMUS1C|16R|EMUSA|0|3
S|D162G|26384519|49812314|KFA|CF|0|16200|700|16200|600|0|0|4000|0|1|0|0|0
S|D249G|26461314|49654972|KFA|AF|2|16200|700|24900|0|0|0|0|0|0|0|0|0
S|EMUSA|26183611|48721389|KFA|CF|0|24900|6000|24900|5300|0|0|0|0|0|0|0|0

P|EMUS1D|16L|EMUSA|0|3
S|D152G|26391125|49832692|KFA|CF|0|16200|700|15240|500|0|0|4000|0|1|0|0|0
S|D249G|26461314|49654972|KFA|AF|2|15200|700|24900|0|0|0|0|0|0|0|0|0
S|EMUSA|26183611|48721389|KFA|CF|0|24900|6000|24900|5300|0|0|0|0|0|0|0|0

P|EMUS2E|34L|EMUSA|0|6
S|DF502|26569167|49756389|KFA|CF|0|34100|450|34140|500|0|0|0|0|1|0|0|0
S|DF504|26613889|49520000| |TF|0|0|0|0|0|0|1|4000|0|0|0|0|0
S|DF506|26488333|49315833| |TF|0|0|0|0|0|0|2|8000|0|0|0|0|0
S|DF507|26416111|49174444| |TF|0|0|0|0|0|0|2|9000|0|0|0|0|0
S|DF514|26325278|48996944| |TF|0|0|0|0|0|0|2|10000|0|0|0|0|0
S|EMUSA|26183611|48721389| |TF|0|0|0|0|0|0|2|16000|0|0|0|0|0

P|EMUS2F|34R|EMUSA|0|6
S|DF501|26569167|49778889|KFA|CF|0|34100|430|35720|500|0|0|0|0|1|0|0|0
S|DF504|26613889|49520000| |TF|0|0|0|0|0|0|1|4000|0|0|0|0|0
S|DF506|26488333|49315833| |TF|0|0|0|0|0|0|2|8000|0|0|0|0|0
S|DF507|26416111|49174444| |TF|0|0|0|0|0|0|2|9000|0|0|0|0|0
S|DF514|26325278|48996944| |TF|0|0|0|0|0|0|2|10000|0|0|0|0|0
S|EMUSA|26183611|48721389| |TF|0|0|0|0|0|0|2|16000|0|0|0|0|0

P|EMUS2G|16R|EMUSA|0|4
S|DF520|26373333|49816944|KFA|CF|0|16100|770|16150|500|230|0|0|0|1|0|0|0
S|DF523|26307222|49619444| |TF|0|0|0|0|0|0|2|5000|0|0|0|0|0
S|DF524|26219167|48974444| |TF|0|0|0|0|0|0|2|12000|0|0|0|0|0
S|EMUSA|26183611|48721389| |TF|0|0|0|0|0|0|2|16000|0|0|0|0|0

P|EMUS2H|16L|EMUSA|0|4
S|DF530|26373333|49839444|KFA|CF|0|16100|810|15320|500|230|0|0|0|1|0|0|0
S|DF523|26307222|49619444| |TF|0|0|0|0|0|0|2|5000|0|0|0|0|0
S|DF524|26219167|48974444| |TF|0|0|0|0|0|0|2|12000|0|0|0|0|0
S|EMUSA|26183611|48721389| |TF|0|0|0|0|0|0|2|16000|0|0|0|0|0

P|LADN1E|34L|LADNA|0|3
S|DF502|26569167|49756389|KFA|CF|0|34100|450|34140|500|0|0|0|0|1|0|0|0
S|DF516|26635833|50161111| |TF|2|0|0|0|0|0|0|0|0|0|0|0|0
S|LADNA|26463706|50379064| |TF|0|0|0|0|0|0|2|7000|0|0|0|0|0

P|LADN1F|34R|LADNA|0|3
S|DF501|26569167|49778889|KFA|CF|0|34100|430|35720|500|0|0|0|0|1|0|0|0
S|DF516|26635833|50161111| |TF|2|0|0|0|0|0|0|0|0|0|0|0|0
S|LADNA|26463706|50379064| |TF|0|0|0|0|0|0|2|7000|0|0|0|0|0

P|LADN1G|16R|LADNA|0|2
S|DF520|26373333|49816944|KFA|CF|0|16100|770|16150|500|0|0|0|0|1|0|0|0
S|LADNA|26463706|50379064| |TF|0|0|0|0|0|0|2|7000|0|0|0|0|0

P|LADN1H|16L|LADNA|0|2
S|DF530|26373333|49839444|KFA|CF|0|16100|810|15320|500|0|0|0|0|1|0|0|0
S|LADNA|26463706|50379064| |TF|0|0|0|0|0|0|2|7000|0|0|0|0|0

P|LADN2A|34L|LADNA|0|3
S|D342G|26610647|49745347|KFA|CF|0|34200|700|34220|800|0|0|4000|0|1|0|0|0
S|D090G|26490431|49908408|KFA|AF|2|34200|700|9050|0|0|0|0|0|0|0|0|0
S|LADNA|26463706|50379064|KFA|CF|0|9000|3240|9050|2500|0|0|0|0|0|0|0|0

P|LADN2B|34R|LADNA|0|3
S|D352G|26614042|49766669|KFA|CF|0|34200|700|35170|800|0|0|4000|0|1|0|0|0
S|D090G|26490431|49908408|KFA|AF|2|35200|700|9050|0|0|0|0|0|0|0|0|0
S|LADNA|26463706|50379064|KFA|CF|0|9000|3240|9050|2500|0|0|0|0|0|0|0|0

P|LADN2C|16R|LADNA|0|3
S|D162G|26384519|49812314|KFA|CF|0|16200|700|16200|600|0|0|4000|0|1|0|0|0
S|D090G|26490431|49908408|KFA|AF|1|16200|700|9050|0|0|0|0|0|0|0|0|0
S|LADNA|26463706|50379064|KFA|CF|0|9000|3240|9050|2500|0|0|0|0|0|0|0|0

P|LADN2D|16L|LADNA|0|3
S|D152G|26391125|49832692|KFA|CF|0|16200|700|15240|500|0|0|4000|0|1|0|0|0
S|D090G|26490431|49908408|KFA|AF|1|15200|700|9050|0|0|0|0|0|0|0|0|0
S|LADNA|26463706|50379064|KFA|CF|0|9000|3240|9050|2500|0|0|0|0|0|0|0|0

P|METL1E|34L|METLA|0|2
S|DF502|26569167|49756389|KFA|CF|0|34100|450|34140|500|0|1|1300|0|1|0|0|0
S|METLA|26945892|50075719| |TF|0|0|0|0|0|0|1|9000|0|0|0|0|0

P|METL1F|34R|METLA|0|2
S|DF501|26569167|49778889|KFA|CF|0|34100|430|35720|500|0|1|1300|0|1|0|0|0
S|METLA|26945892|50075719| |TF|0|0|0|0|0|0|1|9000|0|0|0|0|0

P|METL1G|16R|METLA|0|3
S|DF520|26373333|49816944|KFA|CF|0|16100|770|16150|500|230|0|0|0|1|0|0|0
S|DF522|26535556|50017778| |TF|1|0|0|0|0|0|2|7000|0|0|0|0|0
S|METLA|26945892|50075719| |TF|0|0|0|0|0|0|1|9000|0|0|0|0|0

P|METL1H|16L|METLA|0|3
S|DF530|26373333|49839444|KFA|CF|0|16100|810|15320|500|230|0|0|0|1|0|0|0
S|DF522|26535556|50017778| |TF|1|0|0|0|0|0|2|7000|0|0|0|0|0
S|METLA|26945892|50075719| |TF|0|0|0|0|0|0|1|9000|0|0|0|0|0

P|METL2A|34L|METLA|0|3
S|D342G|26610647|49745347|KFA|CF|0|34200|700|34220|800|0|0|4000|0|1|0|0|0
S|D028G|26598133|49845036|KFA|AF|2|34200|700|2770|0|0|0|0|0|0|0|0|0
S|METLA|26945892|50075719|KFA|CF|0|2800|3120|2770|2400|0|0|0|0|0|0|0|0

P|METL2B|34R|METLA|0|3
S|D352G|26614042|49766669|KFA|CF|0|34200|700|35170|800|0|0|4000|0|1|0|0|0
S|D028G|26598133|49845036|KFA|AF|2|35200|700|2770|0|0|0|0|0|0|0|0|0
S|METLA|26945892|50075719|KFA|CF|0|2800|3120|2770|2400|0|0|0|0|0|0|0|0

P|METL2C|16R|METLA|0|3
S|D162G|26384519|49812314|KFA|CF|0|16200|700|16200|600|0|0|4000|0|1|0|0|0
S|D028G|26598133|49845036|KFA|AF|1|16200|700|2770|0|0|0|0|0|0|0|0|0
S|METLA|26945892|50075719|KFA|CF|0|2800|3120|2770|2400|0|0|0|0|0|0|0|0

P|METL2D|16L|METLA|0|3
S|D152G|26391125|49832692|KFA|CF|0|16200|700|15240|500|0|0|4000|0|1|0|0|0
S|D028G|26598133|49845036|KFA|AF|1|15200|700|2770|0|0|0|0|0|0|0|0|0
S|METLA|26945892|50075719|KFA|CF|0|2800|3120|2770|2400|0|0|0|0|0|0|0|0

P|MIBR1A|34L|MIBRA|0|3
S|D342G|26610647|49745347|KFA|CF|0|34200|700|34220|800|0|0|4000|0|1|0|0|0
S|KFA|26497528|49778611| |DF|2|0|0|0|0|0|0|4000|0|1|0|0|0
S|MIBRA|25948333|48848056| |TF|0|0|0|0|0|0|0|0|0|0|0|0|0

P|MIBR1B|34R|MIBRA|0|3
S|D352G|26614042|49766669|KFA|CF|0|34200|700|35170|800|0|0|4000|0|1|0|0|0
S|KFA|26497528|49778611| |DF|2|0|0|0|0|0|0|4000|0|1|0|0|0
S|MIBRA|25948333|48848056| |TF|0|0|0|0|0|0|0|0|0|0|0|0|0

P|MIBR1C|16R|MIBRA|0|3
S|D162G|26384519|49812314|KFA|CF|0|16200|700|16200|600|0|0|4000|0|1|0|0|0
S|D234G|26433756|49669608|KFA|AF|2|16200|700|23400|0|0|0|0|0|0|0|0|0
S|MIBRA|25948333|48848056|KFA|CF|0|23400|6000|23400|5300|0|0|0|0|0|0|0|0

P|MIBR1D|16L|MIBRA|0|3
S|D152G|26391125|49832692|KFA|CF|0|16200|700|15240|500|0|0|4000|0|1|0|0|0
S|D234G|26433756|49669608|KFA|AF|2|15200|700|23400|0|0|0|0|0|0|0|0|0
S|MIBRA|25948333|48848056|KFA|CF|0|23400|6000|23400|5300|0|0|0|0|0|0|0|0

P|MIBR2E|34L|MIBRA|0|7
S|DF502|26569167|49756389|KFA|CF|0|34100|450|34140|500|0|0|0|0|1|0|0|0
S|DF504|26613889|49520000| |TF|0|0|0|0|0|0|1|4000|0|0|0|0|0
S|DF506|26488333|49315833| |TF|0|0|0|0|0|0|2|8000|0|0|0|0|0
S|DF507|26416111|49174444| |TF|0|0|0|0|0|0|2|9000|0|0|0|0|0
S|DF515|26260556|49065556| |TF|0|0|0|0|0|0|2|10000|0|0|0|0|0
S|DF511|26061667|48926944| |TF|0|0|0|0|0|0|2|16000|0|0|0|0|0
S|MIBRA|25948333|48848056| |TF|0|0|0|0|0|0|0|0|0|0|0|0|0

P|MIBR2F|34R|MIBRA|0|7
S|DF501|26569167|49778889|KFA|CF|0|34100|430|35720|500|0|0|0|0|1|0|0|0
S|DF504|26613889|49520000| |TF|0|0|0|0|0|0|1|4000|0|0|0|0|0
S|DF506|26488333|49315833| |TF|0|0|0|0|0|0|2|8000|0|0|0|0|0
S|DF507|26416111|49174444| |TF|0|0|0|0|0|0|2|9000|0|0|0|0|0
S|DF515|26260556|49065556| |TF|0|0|0|0|0|0|2|10000|0|0|0|0|0
S|DF511|26061667|48926944| |TF|0|0|0|0|0|0|2|16000|0|0|0|0|0
S|MIBRA|25948333|48848056| |TF|0|0|0|0|0|0|0|0|0|0|0|0|0

P|MIBR2G|16R|MIBRA|0|4
S|DF520|26373333|49816944|KFA|CF|0|16100|770|16150|500|230|0|0|0|1|0|0|0
S|DF523|26307222|49619444| |TF|0|0|0|0|0|0|2|5000|0|0|0|0|0
S|DF527|26027778|49010833| |TF|0|0|0|0|0|0|2|16000|0|0|0|0|0
S|MIBRA|25948333|48848056| |TF|0|0|0|0|0|0|0|0|0|0|0|0|0

P|MIBR2H|16L|MIBRA|0|4
S|DF530|26373333|49839444|KFA|CF|0|16100|810|15320|500|230|0|0|0|1|0|0|0
S|DF523|26307222|49619444| |TF|0|0|0|0|0|0|2|5000|0|0|0|0|0
S|DF527|26027778|49010833| |TF|0|0|0|0|0|0|2|16000|0|0|0|0|0
S|MIBRA|25948333|48848056| |TF|0|0|0|0|0|0|0|0|0|0|0|0|0

P|PUSR1A|34L|PUSRA|0|2
S|D342G|26610647|49745347|KFA|CF|0|34200|700|34220|800|0|0|4000|0|1|0|0|0
S|PUSRA|27341944|49175000|KFA|CF|0|32400|6000|32450|5300|0|0|0|0|0|0|0|0

P|PUSR1B|34R|PUSRA|0|3
S|D352G|26614042|49766669|KFA|CF|0|34200|700|35170|800|0|0|4000|0|1|0|0|0
S| |91000000|181000000| |VI|0|29400|0|0|0|0|0|0|0|0|0|0|0
S|PUSRA|27341944|49175000|KFA|CF|0|32400|6000|32450|4700|0|0|0|0|0|0|0|0

P|PUSR1C|16R|PUSRA|0|5
S|D162G|26384519|49812314|KFA|CF|0|16200|700|16200|600|0|0|4000|0|1|0|0|0
S|D028G|26598133|49845036|KFA|AF|1|16200|700|2770|0|0|0|0|0|0|0|0|0
S|D028Z|26871044|50025928|KFA|CF|0|2800|2600|2770|1900|0|0|0|0|0|0|0|0
S|D324Z|26863728|49518094|KFA|AF|1|2800|2600|32450|0|0|0|0|0|0|0|0|0
S|PUSRA|27341944|49175000|KFA|CF|0|32400|6000|32450|3400|0|0|0|0|0|0|0|0

P|PUSR1D|16L|PUSRA|0|5
S|D152G|26391125|49832692|KFA|CF|0|16200|700|15240|500|0|0|4000|0|1|0|0|0
S|D028G|26598133|49845036|KFA|AF|1|15200|700|2770|0|0|0|0|0|0|0|0|0
S|D028Z|26871044|50025928|KFA|CF|0|2800|2600|2770|1900|0|0|0|0|0|0|0|0
S|D324Z|26863728|49518094|KFA|AF|1|2800|2600|32450|0|0|0|0|0|0|0|0|0
S|PUSRA|27341944|49175000|KFA|CF|0|32400|6000|32450|3400|0|0|0|0|0|0|0|0

P|PUSR2E|34L|PUSRA|0|5
S|DF502|26569167|49756389|KFA|CF|0|34100|450|34140|500|0|1|1300|0|1|0|0|0
S|DF518|26747222|49639722| |TF|0|0|0|0|0|0|1|4000|0|0|0|0|0
S|DF519|26838056|49568611| |TF|0|0|0|0|0|0|1|6000|0|0|0|0|0
S|DF510|27231111|49258889| |TF|0|0|0|0|0|0|2|16000|0|0|0|0|0
S|PUSRA|27341944|49175000| |TF|0|0|0|0|0|0|0|0|0|0|0|0|0

P|PUSR2F|34R|PUSRA|0|5
S|DF501|26569167|49778889|KFA|CF|0|34100|430|35720|500|0|1|1300|0|1|0|0|0
S|DF518|26747222|49639722| |TF|0|0|0|0|0|0|1|4000|0|0|0|0|0
S|DF519|26838056|49568611| |TF|0|0|0|0|0|0|1|6000|0|0|0|0|0
S|DF510|27231111|49258889| |TF|0|0|0|0|0|0|2|16000|0|0|0|0|0
S|PUSRA|27341944|49175000| |TF|0|0|0|0|0|0|0|0|0|0|0|0|0

P|PUSR2G|16R|PUSRA|0|5
S|DF520|26373333|49816944|KFA|CF|0|16100|770|16150|500|220|0|0|0|1|0|0|0
S|DF522|26535556|50017778| |TF|1|0|0|0|0|0|2|7000|0|0|0|0|0
S|DF531|26781111|49765556| |TF|1|0|0|0|0|0|1|8000|0|0|0|0|0
S|DF526|27260556|49268889| |TF|0|0|0|0|0|0|2|16000|0|0|0|0|0
S|PUSRA|27341944|49175000| |TF|0|0|0|0|0|0|0|0|0|0|0|0|0

P|PUSR2H|16L|PUSRA|0|5
S|DF530|26373333|49839444|KFA|CF|0|16100|810|15320|500|210|0|0|0|1|0|0|0
S|DF522|26535556|50017778| |TF|1|0|0|0|0|0|2|7000|0|0|0|0|0
S|DF531|26781111|49765556| |TF|0|0|0|0|0|0|1|8000|0|0|0|0|0
S|DF526|27260556|49268889| |TF|0|0|0|0|0|0|2|16000|0|0|0|0|0
S|PUSRA|27341944|49175000| |TF|0|0|0|0|0|0|0|0|0|0|0|0|0

P|ROTE1A|34L|ROTEL|0|3
S|D342G|26610647|49745347|KFA|CF|0|34200|700|34220|800|0|0|4000|0|1|0|0|0
S|D069G|26534344|49902067|KFA|AF|2|34200|700|6860|0|0|0|0|0|0|0|0|0
S|ROTEL|26670836|50363633|KFA|CF|0|6900|3310|6860|2600|0|0|0|0|0|0|0|0

P|ROTE1B|34R|ROTEL|0|3
S|D352G|26614042|49766669|KFA|CF|0|34200|700|35170|800|0|0|4000|0|1|0|0|0
S|D069G|26534344|49902067|KFA|AF|2|35200|700|6860|0|0|0|0|0|0|0|0|0
S|ROTEL|26670836|50363633|KFA|CF|0|6900|3310|6860|2600|0|0|0|0|0|0|0|0

P|ROTE1C|16R|ROTEL|0|3
S|D162G|26384519|49812314|KFA|CF|0|16200|700|16200|600|0|0|4000|0|1|0|0|0
S|D069G|26534344|49902067|KFA|AF|1|16200|700|6860|0|0|0|0|0|0|0|0|0
S|ROTEL|26670836|50363633|KFA|CF|0|6900|3310|6860|2600|0|0|0|0|0|0|0|0

P|ROTE1D|16L|ROTEL|0|3
S|D152G|26391125|49832692|KFA|CF|0|16200|700|15240|500|0|0|4000|0|1|0|0|0
S|D069G|26534344|49902067|KFA|AF|1|15200|700|6860|0|0|0|0|0|0|0|0|0
S|ROTEL|26670836|50363633|KFA|CF|0|6900|3310|6860|2600|0|0|0|0|0|0|0|0

P|ROTE1E|34L|ROTEL|0|3
S|DF502|26569167|49756389|KFA|CF|0|34100|450|34140|500|0|0|0|0|1|0|0|0
S|DF516|26635833|50161111| |TF|2|0|0|0|0|0|0|0|0|0|0|0|0
S|ROTEL|26670836|50363633| |TF|0|0|0|0|0|0|2|7000|0|0|0|0|0

P|ROTE1F|34R|ROTEL|0|3
S|DF501|26569167|49778889|KFA|CF|0|34100|430|35720|500|0|0|0|0|1|0|0|0
S|DF516|26635833|50161111| |TF|2|0|0|0|0|0|0|0|0|0|0|0|0
S|ROTEL|26670836|50363633| |TF|0|0|0|0|0|0|2|7000|0|0|0|0|0

P|ROTE2G|16R|ROTEL|0|2
S|DF520|26373333|49816944|KFA|CF|0|16100|770|16150|500|0|0|0|0|1|0|0|0
S|ROTEL|26670836|50363633| |TF|1|0|0|0|0|0|2|7000|0|0|0|0|0

P|ROTE2H|16L|ROTEL|0|2
S|DF530|26373333|49839444|KFA|CF|0|16100|810|15320|500|0|0|0|0|1|0|0|0
S|ROTEL|26670836|50363633| |TF|1|0|0|0|0|0|2|7000|0|0|0|0|0

P|RYDA1A|34L|RYDAN|0|3
S|D342G|26610647|49745347|KFA|CF|0|34200|700|34220|800|0|0|4000|0|1|0|0|0
S|KFA|26497528|49778611| |DF|2|0|0|0|0|0|0|4000|0|1|0|0|0
S|RYDAN|25726667|49704167| |TF|0|0|0|0|0|0|0|0|0|0|0|0|0

P|RYDA1B|34R|RYDAN|0|3
S|D352G|26614042|49766669|KFA|CF|0|34200|700|35170|800|0|0|4000|0|1|0|0|0
S|KFA|26497528|49778611| |DF|2|0|0|0|0|0|0|4000|0|1|0|0|0
S|RYDAN|25726667|49704167| |TF|0|0|0|0|0|0|0|0|0|0|0|0|0

P|RYDA1C|16R|RYDAN|0|2
S|D162G|26384519|49812314|KFA|CF|0|16200|700|16200|600|0|0|4000|0|1|0|0|0
S|RYDAN|25726667|49704167|KFA|CF|0|18200|4630|18200|4000|0|0|0|0|0|0|0|0

P|RYDA1D|16L|RYDAN|0|3
S|D152G|26391125|49832692|KFA|CF|0|16200|700|15240|500|0|0|4000|0|1|0|0|0
S| |91000000|181000000| |VI|0|21200|0|0|0|0|0|0|0|0|0|0|0
S|RYDAN|25726667|49704167|KFA|CF|0|18200|4630|18200|3300|0|0|0|0|0|0|0|0

P|RYDA2E|34L|RYDAN|0|7
S|DF502|26569167|49756389|KFA|CF|0|34100|450|34140|500|210|1|1300|0|1|0|0|0
S|DF503|26579167|49964444| |TF|2|0|0|0|0|210|1|4000|0|0|0|0|0
S|DF508|26432222|49975278| |TF|0|0|0|0|0|0|1|6000|0|0|0|0|0
S|DF513|26240556|49838889| |TF|0|0|0|0|0|0|2|7000|0|0|0|0|0
S|DF509|26083889|49728056| |TF|0|0|0|0|0|0|0|0|0|0|0|0|0
S|DF512|25860278|49713056| |TF|0|0|0|0|0|0|2|16000|0|0|0|0|0
S|RYDAN|25726667|49704167| |TF|0|0|0|0|0|0|0|0|0|0|0|0|0

P|RYDA2F|34R|RYDAN|0|7
S|DF501|26569167|49778889|KFA|CF|0|34100|430|35720|500|200|1|1300|0|1|0|0|0
S|DF503|26579167|49964444| |TF|2|0|0|0|0|200|1|4000|0|0|0|0|0
S|DF508|26432222|49975278| |TF|0|0|0|0|0|0|1|6000|0|0|0|0|0
S|DF513|26240556|49838889| |TF|0|0|0|0|0|0|2|7000|0|0|0|0|0
S|DF509|26083889|49728056| |TF|0|0|0|0|0|0|0|0|0|0|0|0|0
S|DF512|25860278|49713056| |TF|0|0|0|0|0|0|2|16000|0|0|0|0|0
S|RYDAN|25726667|49704167| |TF|0|0|0|0|0|0|0|0|0|0|0|0|0

P|RYDA2G|16R|RYDAN|0|3
S|DF520|26373333|49816944|KFA|CF|0|16100|770|16150|500|0|0|0|0|1|0|0|0
S|DF528|25891944|49732778| |TF|0|0|0|0|0|0|2|13000|0|0|0|0|0
S|RYDAN|25726667|49704167| |TF|0|0|0|0|0|0|0|0|0|0|0|0|0

P|RYDA2H|16L|RYDAN|0|3
S|DF530|26373333|49839444|KFA|CF|0|16100|810|15320|500|0|0|0|0|1|0|0|0
S|DF528|25891944|49732778| |TF|0|0|0|0|0|0|2|13000|0|0|0|0|0
S|RYDAN|25726667|49704167| |TF|0|0|0|0|0|0|0|0|0|0|0|0|0

P|TAYM1A|34L|TAYMA|0|3
S|D343B|26529922|49769428|KFA|CF|0|34200|200|34270|300|0|0|4000|0|1|0|0|0
S| |91000000|181000000| |VI|0|25300|0|0|0|0|0|0|0|0|0|0|0
S|TAYMA|26765556|48703333|KFA|CF|0|28300|6000|28270|5200|0|0|0|0|0|0|0|0

P|TAYM1B|34R|TAYMA|0|3
S|D018B|26528664|49792139|KFA|CF|0|34200|200|1840|300|0|0|4000|0|1|0|0|0
S| |91000000|181000000| |VI|0|25300|0|0|0|0|0|0|0|0|0|0|0
S|TAYMA|26765556|48703333|KFA|CF|0|28300|6000|28270|5200|0|0|0|0|0|0|0|0

P|TAYM1C|16R|TAYMA|0|5
S|D162G|26384519|49812314|KFA|CF|0|16200|700|16200|600|0|0|4000|0|1|0|0|0
S|D249G|26461314|49654972|KFA|AF|2|16200|700|24900|0|0|0|0|0|0|0|0|0
S|KF35A|26315392|49161197|KFA|CF|0|24900|3500|24900|2800|0|0|0|0|0|0|0|0
S|KF35B|26654786|49151906|KFA|AF|2|24900|3500|28270|0|0|0|0|0|0|0|0|0
S|TAYMA|26765556|48703333|KFA|CF|0|28300|6000|28270|2500|0|0|0|0|0|0|0|0

P|TAYM1D|16L|TAYMA|0|5
S|D152G|26391125|49832692|KFA|CF|0|16200|700|15240|500|0|0|4000|0|1|0|0|0
S|D249G|26461314|49654972|KFA|AF|2|15200|700|24900|0|0|0|0|0|0|0|0|0
S|KF35A|26315392|49161197|KFA|CF|0|24900|3500|24900|2800|0|0|0|0|0|0|0|0
S|KF35B|26654786|49151906|KFA|AF|2|24900|3500|28270|0|0|0|0|0|0|0|0|0
S|TAYMA|26765556|48703333|KFA|CF|0|28300|6000|28270|2500|0|0|0|0|0|0|0|0

P|TAYM2E|34L|TAYMA|0|4
S|DF502|26569167|49756389|KFA|CF|0|34100|450|34140|500|0|0|0|0|1|0|0|0
S|DF504|26613889|49520000| |TF|0|0|0|0|0|0|1|4000|0|0|0|0|0
S|DF505|26689722|49114444| |TF|0|0|0|0|0|0|2|10000|0|0|0|0|0
S|TAYMA|26765556|48703333| |TF|0|0|0|0|0|0|2|16000|0|0|0|0|0

P|TAYM2F|34R|TAYMA|0|4
S|DF501|26569167|49778889|KFA|CF|0|34100|430|35720|500|0|0|0|0|1|0|0|0
S|DF504|26613889|49520000| |TF|0|0|0|0|0|0|1|4000|0|0|0|0|0
S|DF505|26689722|49114444| |TF|0|0|0|0|0|0|2|10000|0|0|0|0|0
S|TAYMA|26765556|48703333| |TF|0|0|0|0|0|0|2|16000|0|0|0|0|0

P|TAYM2G|16R|TAYMA|0|5
S|DF520|26373333|49816944|KFA|CF|0|16100|770|16150|500|230|0|0|0|1|0|0|0
S|DF523|26307222|49619444| |TF|0|0|0|0|0|0|2|5000|0|0|0|0|0
S|DF525|26500000|49245833| |TF|0|0|0|0|0|0|2|8000|0|0|0|0|0
S|DF529|26611944|49017500| |TF|0|0|0|0|0|0|2|9000|0|0|0|0|0
S|TAYMA|26765556|48703333| |TF|0|0|0|0|0|0|2|16000|0|0|0|0|0

P|TAYM2H|16L|TAYMA|0|5
S|DF530|26373333|49839444|KFA|CF|0|16100|810|15320|500|230|0|0|0|1|0|0|0
S|DF523|26307222|49619444| |TF|0|0|0|0|0|0|2|5000|0|0|0|0|0
S|DF525|26500000|49245833| |TF|0|0|0|0|0|0|2|8000|0|0|0|0|0
S|DF529|26611944|49017500| |TF|0|0|0|0|0|0|2|9000|0|0|0|0|0
S|TAYMA|26765556|48703333| |TF|0|0|0|0|0|0|2|16000|0|0|0|0|0

