P|ALTE1C|18|ALTEP|0|5
S|MA840|24333083|39687222|PMA|CF|0|18000|1290|18040|1200|0|1|6200|0|0|0|0|0
S|MA880|24293306|39381167|PMA|CF|0|25800|2340|22550|1690|0|0|0|0|0|0|0|0
S|MA885|24584222|39338750| |TF|0|0|0|0|0|0|1|13000|0|0|0|0|0
S|MA886|24930000|39288111| |TF|0|0|0|0|0|0|0|0|0|0|0|0|0
S|ALTEP|25365861|39517611| |TF|0|0|0|0|0|0|1|15000|0|0|0|0|0

P|ALTE1D|36|ALTEP|0|2
S| |91000000|181000000|PMA|CD|0|36000|0|0|500|0|0|0|0|0|0|0|0
S|ALTEP|25365861|39517611|PMA|CF|0|34400|5000|34420|4500|0|1|15000|0|0|0|0|0

P|ALTE1J|17|ALTEP|0|5
S|MA870|24338333|39753583|PMA|CF|0|16500|1280|16410|1200|0|1|6300|0|0|0|0|0
S|MA880|24293306|39381167|PMA|CF|2|25900|2340|22550|2060|0|0|0|0|0|0|0|0
S|MA885|24584222|39338750| |TF|0|0|0|0|0|0|1|13000|0|0|0|0|0
S|MA886|24930000|39288111| |TF|0|0|0|0|0|0|0|0|0|0|0|0|0
S|ALTEP|25365861|39517611| |TF|0|0|0|0|0|0|1|15000|0|0|0|0|0

P|ALTE1K|35|ALTEP|0|4
S|MA800|24680833|39681111|PMA|CF|0|34500|810|34660|620|0|1|4500|0|0|0|0|0
S|MA726|24854917|39644000| |TF|0|0|0|0|0|0|0|0|0|0|0|0|0
S|MA811|24954444|39619444| |TF|0|0|0|0|0|0|2|10000|0|0|0|0|0
S|ALTEP|25365861|39517611| |TF|0|0|0|0|0|0|1|15000|0|0|0|0|0

P|ALTE1L|36|ALTEP|0|3
S|MA991|24721278|39715417|PMA|CF|0|36000|1040|35910|930|0|1|5600|0|0|0|0|0
S|MA811|24954444|39619444| |TF|0|0|0|0|0|0|2|10000|0|0|0|0|0
S|ALTEP|25365861|39517611| |TF|0|0|0|0|0|0|1|15000|0|0|0|0|0

P|ALTE1M|18|ALTEP|0|7
S| |91000000|181000000|PMA|CD|0|18000|0|0|700|0|0|0|0|0|0|0|0
S| |91000000|181000000| |CI|1|4800|0|0|0|0|0|0|0|0|0|0|0
S|D092T|24512481|40068808|PMA|CF|0|9200|2000|9190|800|0|0|0|0|0|0|0|0
S|D034T|24810808|39930828|PMA|AF|1|9200|2000|3400|0|0|0|0|0|1|0|0|0
S|PM35B|25046467|40040150|PMA|CF|0|2800|3500|2740|1600|0|0|0|0|0|0|0|0
S|PM35A|25126931|39615822|PMA|AF|1|2800|3500|34800|0|0|0|0|0|1|0|0|0
S|ALTEP|25365861|39517611|PMA|CF|0|34400|5000|34420|1500|0|1|15000|0|0|0|0|0

P|ALTE1N|17|ALTEP|0|7
S| |91000000|181000000|PMA|CD|0|16500|0|0|700|0|0|0|0|0|0|0|0
S| |91000000|181000000| |CI|1|4200|0|0|0|0|0|0|0|0|0|0|0
S|D092T|24512481|40068808|PMA|CF|0|9200|2000|9190|800|0|0|0|0|0|0|0|0
S|D034T|24810808|39930828|PMA|AF|1|9200|2000|3400|0|0|0|0|0|1|0|0|0
S|PM35B|25046467|40040150|PMA|CF|0|2800|3500|2740|1600|0|0|0|0|0|0|0|0
S|PM35A|25126931|39615822|PMA|AF|1|2800|3500|34800|0|0|0|0|0|1|0|0|0
S|ALTEP|25365861|39517611|PMA|CF|0|34400|5000|34420|1500|0|1|15000|0|0|0|0|0

P|ALTE1P|35|ALTEP|0|2
S| |91000000|181000000|PMA|CD|0|34500|0|0|500|0|0|0|0|0|0|0|0
S|ALTEP|25365861|39517611|PMA|CF|0|34400|5000|34420|4500|0|1|15000|0|0|0|0|0

P|MEDR1C|18|MEDRO|0|4
S|MA840|24333083|39687222|PMA|CF|0|18000|1290|18040|1200|0|1|6200|0|0|0|0|0
S|MA890|24369028|39970222| |TF|1|0|0|0|0|0|2|10000|0|0|0|0|0
S|MA895|24413500|40288000| |TF|0|0|0|0|0|0|1|13000|0|0|0|0|0
S|MEDRO|24458361|40613694| |TF|0|0|0|0|0|0|1|15000|0|0|0|0|0

P|MEDR1D|36|MEDRO|0|5
S| |91000000|181000000|PMA|CD|0|36000|0|0|500|0|0|0|0|0|0|0|0
S| |91000000|181000000| |CI|2|9700|0|0|0|0|0|0|0|0|0|0|0
S|D067T|24655944|40051247|PMA|CF|0|6700|2000|6700|500|0|0|0|0|0|0|0|0
S|D086T|24547028|40070867|PMA|AF|2|6700|2000|8600|0|0|0|0|0|1|0|0|0
S|MEDRO|24458361|40613694|PMA|CF|0|9200|5000|9190|3000|0|1|15000|0|0|0|0|0

P|MEDR1J|17|MEDRO|0|4
S|MA870|24338333|39753583|PMA|CF|0|16500|1280|16410|1200|0|1|6300|0|0|0|0|0
S|MA890|24369028|39970222| |TF|0|0|0|0|0|0|2|10000|0|0|0|0|0
S|MA895|24413500|40288000| |TF|0|0|0|0|0|0|1|13000|0|0|0|0|0
S|MEDRO|24458361|40613694| |TF|0|0|0|0|0|0|1|15000|0|0|0|0|0

P|MEDR1K|35|MEDRO|0|6
S|MA800|24680833|39681111|PMA|CF|0|34500|810|34660|620|0|1|4500|0|0|0|0|0
S|MA726|24854917|39644000| |TF|0|0|0|0|0|0|0|0|0|0|0|0|0
S|MA802|24895278|39859056| |TF|0|0|0|0|0|0|2|10000|0|0|0|0|0
S|MA804|24893917|40114472| |TF|0|0|0|0|0|0|1|13000|0|0|0|0|0
S|MA805|24720694|40311944| |TF|0|0|0|0|0|0|1|16000|0|0|0|0|0
S|MEDRO|24458361|40613694| |TF|0|0|0|0|0|0|0|0|0|0|0|0|0

P|MEDR1L|36|MEDRO|0|6
S|MA991|24721278|39715417|PMA|CF|0|36000|1040|35910|930|0|1|5600|0|0|0|0|0
S|MA901|24870556|39726306| |TF|0|0|0|0|0|0|0|0|0|0|0|0|0
S|MA803|24934083|40068556| |TF|0|0|0|0|0|0|2|10000|0|0|0|0|0
S|MA998|24900667|40242583| |TF|0|0|0|0|0|0|1|13000|0|0|0|0|0
S|MA997|24773167|40377333| |TF|0|0|0|0|0|0|1|16000|0|0|0|0|0
S|MEDRO|24458361|40613694| |TF|0|0|0|0|0|0|0|0|0|0|0|0|0

P|MEDR1M|18|MEDRO|0|3
S| |91000000|181000000|PMA|CD|0|18000|0|0|700|0|0|0|0|0|0|0|0
S| |91000000|181000000| |CI|1|4800|0|0|0|0|0|0|0|0|0|0|0
S|MEDRO|24458361|40613694|PMA|CF|0|9200|5000|9190|3800|0|1|15000|0|0|0|0|0

P|MEDR1N|17|MEDRO|0|3
S| |91000000|181000000|PMA|CD|0|16500|0|0|700|0|0|0|0|0|0|0|0
S| |91000000|181000000| |CI|1|4200|0|0|0|0|0|0|0|0|0|0|0
S|MEDRO|24458361|40613694|PMA|CF|0|9200|5000|9190|3800|0|1|15000|0|0|0|0|0

P|MEDR1P|35|MEDRO|0|5
S| |91000000|181000000|PMA|CD|0|34500|0|0|500|0|0|0|0|0|0|0|0
S| |91000000|181000000| |CI|2|9700|0|0|0|0|0|0|0|0|0|0|0
S|D067T|24655944|40051247|PMA|CF|0|6700|2000|6700|500|0|0|0|0|0|0|0|0
S|D086T|24547028|40070867|PMA|AF|2|6700|2000|8600|0|0|0|0|0|1|0|0|0
S|MEDRO|24458361|40613694|PMA|CF|0|9200|5000|9190|3000|0|1|15000|0|0|0|0|0

P|MIXU1C|18|MIXUG|0|4
S|MA840|24333083|39687222|PMA|CF|0|18000|1290|18040|1200|0|1|6200|0|0|0|0|0
S|MA890|24369028|39970222| |TF|1|0|0|0|0|0|2|10000|0|0|0|0|0
S|MA895|24413500|40288000| |TF|0|0|0|0|0|0|1|13000|0|0|0|0|0
S|MIXUG|25260167|40184556| |TF|0|0|0|0|0|0|1|15000|0|0|0|0|0

P|MIXU1D|36|MIXUG|0|3
S| |91000000|181000000|PMA|CD|0|36000|0|0|500|0|0|0|0|0|0|0|0
S| |91000000|181000000| |CI|0|5800|0|0|0|0|0|0|0|0|0|0|0
S|MIXUG|25260167|40184556|PMA|CF|0|2800|5000|2740|4100|0|1|15000|0|0|0|0|0

P|MIXU1J|17|MIXUG|0|4
S|MA870|24338333|39753583|PMA|CF|0|16500|1280|16410|1200|0|1|6300|0|0|0|0|0
S|MA890|24369028|39970222| |TF|0|0|0|0|0|0|2|10000|0|0|0|0|0
S|MA895|24413500|40288000| |TF|0|0|0|0|0|0|1|13000|0|0|0|0|0
S|MIXUG|25260167|40184556| |TF|0|0|0|0|0|0|1|15000|0|0|0|0|0

P|MIXU1K|35|MIXUG|0|4
S|MA800|24680833|39681111|PMA|CF|0|34500|810|34660|620|0|1|4500|0|0|0|0|0
S|MA726|24854917|39644000| |TF|0|0|0|0|0|0|0|0|0|0|0|0|0
S|MA802|24895278|39859056| |TF|0|0|0|0|0|0|2|10000|0|0|0|0|0
S|MIXUG|25260167|40184556| |TF|0|0|0|0|0|0|1|15000|0|0|0|0|0

P|MIXU1L|36|MIXUG|0|4
S|MA991|24721278|39715417|PMA|CF|0|36000|1040|35910|930|0|1|5600|0|0|0|0|0
S|MA901|24870556|39726306| |TF|0|0|0|0|0|0|0|0|0|0|0|0|0
S|MA803|24934083|40068556| |TF|0|0|0|0|0|0|2|10000|0|0|0|0|0
S|MIXUG|25260167|40184556| |TF|0|0|0|0|0|0|1|15000|0|0|0|0|0

P|MIXU1M|18|MIXUG|0|5
S| |91000000|181000000|PMA|CD|0|18000|0|0|700|0|0|0|0|0|0|0|0
S| |91000000|181000000| |CI|1|4800|0|0|0|0|0|0|0|0|0|0|0
S|D092T|24512481|40068808|PMA|CF|0|9200|2000|9190|800|0|0|0|0|0|0|0|0
S|D034T|24810808|39930828|PMA|AF|1|9200|2000|3400|0|0|0|0|0|1|0|0|0
S|MIXUG|25260167|40184556|PMA|CF|0|2800|5000|2740|3000|0|1|15000|0|0|0|0|0

P|MIXU1N|17|MIXUG|0|5
S| |91000000|181000000|PMA|CD|0|16500|0|0|700|0|0|0|0|0|0|0|0
S| |91000000|181000000| |CI|1|4200|0|0|0|0|0|0|0|0|0|0|0
S|D092T|24512481|40068808|PMA|CF|0|9200|2000|9190|800|0|0|0|0|0|0|0|0
S|D034T|24810808|39930828|PMA|AF|1|9200|2000|3400|0|0|0|0|0|1|0|0|0
S|MIXUG|25260167|40184556|PMA|CF|0|2800|5000|2740|3000|0|1|15000|0|0|0|0|0

P|MIXU1P|35|MIXUG|0|3
S| |91000000|181000000|PMA|CD|0|34500|0|0|500|0|0|0|0|0|0|0|0
S| |91000000|181000000| |CI|0|5800|0|0|0|0|0|0|0|0|0|0|0
S|MIXUG|25260167|40184556|PMA|CF|0|2800|5000|2740|3900|0|1|15000|0|0|0|0|0

P|PEGU1C|18|PEGUR|0|5
S|MA840|24333083|39687222|PMA|CF|0|18000|1290|18040|1200|0|1|6200|0|0|0|0|0
S|MA880|24293306|39381167|PMA|CF|0|25800|2340|22550|1690|0|0|0|0|0|0|0|0
S|MA885|24584222|39338750| |TF|0|0|0|0|0|0|1|13000|0|0|0|0|0
S|MA886|24930000|39288111| |TF|0|0|0|0|0|0|0|0|0|0|0|0|0
S|PEGUR|25222194|39164028| |TF|0|0|0|0|0|0|1|15000|0|0|0|0|0

P|PEGU1D|36|PEGUR|0|3
S| |91000000|181000000|PMA|CD|0|36000|0|0|500|0|0|0|0|0|0|0|0
S| |91000000|181000000| |CI|0|29000|0|0|0|0|0|0|0|0|0|0|0
S|PEGUR|25222194|39164028|PMA|CF|0|32000|5000|31990|3900|0|1|15000|0|0|0|0|0

P|PEGU1J|17|PEGUR|0|5
S|MA870|24338333|39753583|PMA|CF|0|16500|1280|16410|1200|0|1|6300|0|0|0|0|0
S|MA880|24293306|39381167|PMA|CF|2|25900|2340|22550|2060|0|0|0|0|0|0|0|0
S|MA885|24584222|39338750| |TF|0|0|0|0|0|0|1|13000|0|0|0|0|0
S|MA886|24930000|39288111| |TF|0|0|0|0|0|0|0|0|0|0|0|0|0
S|PEGUR|25222194|39164028| |TF|0|0|0|0|0|0|1|15000|0|0|0|0|0

P|PEGU1K|35|PEGUR|0|4
S|MA800|24680833|39681111|PMA|CF|0|34500|810|34660|620|0|1|4500|0|0|0|0|0
S|MA726|24854917|39644000| |TF|0|0|0|0|0|0|0|0|0|0|0|0|0
S|MA811|24954444|39619444| |TF|0|0|0|0|0|0|2|10000|0|0|0|0|0
S|PEGUR|25222194|39164028| |TF|0|0|0|0|0|0|1|15000|0|0|0|0|0

P|PEGU1L|36|PEGUR|0|3
S|MA991|24721278|39715417|PMA|CF|0|36000|1040|35910|930|0|1|5600|0|0|0|0|0
S|MA811|24954444|39619444| |TF|0|0|0|0|0|0|2|10000|0|0|0|0|0
S|PEGUR|25222194|39164028| |TF|0|0|0|0|0|0|1|15000|0|0|0|0|0

P|PEGU1M|18|PEGUR|0|4
S| |91000000|181000000|PMA|CD|0|18000|0|0|700|0|0|0|0|0|0|0|0
S|D194T|24229078|39593636|PMA|CF|0|19400|2000|19380|1300|0|0|0|0|0|0|0|0
S|D314T|24795775|39460164|PMA|AF|2|19400|2000|31400|0|0|0|0|0|1|0|0|0
S|PEGUR|25222194|39164028|PMA|CF|0|32000|5000|31990|3000|0|1|15000|0|0|0|0|0

P|PEGU1N|17|PEGUR|0|5
S| |91000000|181000000|PMA|CD|0|16500|0|0|700|0|0|0|0|0|0|0|0
S| |91000000|181000000| |CI|0|22400|0|0|0|0|0|0|0|0|0|0|0
S|D194T|24229078|39593636|PMA|CF|0|19400|2000|19380|600|0|0|0|0|0|0|0|0
S|D314T|24795775|39460164|PMA|AF|2|19400|2000|31400|0|0|0|0|0|1|0|0|0
S|PEGUR|25222194|39164028|PMA|CF|0|32000|5000|31990|3000|0|1|15000|0|0|0|0|0

P|PEGU1P|35|PEGUR|0|3
S| |91000000|181000000|PMA|CD|0|34500|0|0|500|0|0|0|0|0|0|0|0
S| |91000000|181000000| |CI|0|29000|0|0|0|0|0|0|0|0|0|0|0
S|PEGUR|25222194|39164028|PMA|CF|0|32000|5000|31990|4000|0|1|15000|0|0|0|0|0

P|PMA1T|35| |0|2
S| |91000000|181000000| |VA|0|34500|0|0|0|0|1|2540|0|0|0|0|0
S| |91000000|181000000| |VM|0|34500|0|0|0|0|0|0|0|0|0|0|0

P|PMA1T|36| |0|2
S| |91000000|181000000| |VA|0|36000|0|0|0|0|1|2540|0|0|0|0|0
S| |91000000|181000000| |VM|0|36000|0|0|0|0|0|0|0|0|0|0|0

P|PMA1Z|17| |0|2
S| |91000000|181000000| |VA|0|16500|0|0|0|0|1|2540|0|0|0|0|0
S| |91000000|181000000| |VM|0|16500|0|0|0|0|0|0|0|0|0|0|0

P|SISU1C|18|SISUD|0|2
S|MA840|24333083|39687222|PMA|CF|0|18000|1290|18040|1200|0|1|6200|0|0|0|0|0
S|SISUD|23751417|39427250|PMA|CF|0|19900|5000|19380|3760|0|1|15000|0|0|0|0|0

P|SISU1D|36|SISUD|0|6
S| |91000000|181000000|PMA|CD|0|36000|0|0|500|0|0|0|0|0|0|0|0
S| |91000000|181000000| |CI|1|26200|0|0|0|0|0|0|0|0|0|0|0
S|D292T|24693703|39376303|PMA|CF|0|29200|2000|29200|600|0|0|0|0|0|0|0|0
S|D215T|24287414|39475675|PMA|AF|1|29200|2000|21500|0|0|1|13000|0|0|0|0|0
S|D200T|24241900|39556936|PMA|AF|1|21500|2000|20000|0|0|0|0|0|1|0|0|0
S|SISUD|23751417|39427250|PMA|CF|0|19400|5000|19380|3000|0|1|15000|0|0|0|0|0

P|SISU1J|17|SISUD|0|2
S|MA870|24338333|39753583|PMA|CF|0|16500|1280|16410|1200|0|1|6300|0|0|0|0|0
S|SISUD|23751417|39427250|PMA|CF|0|20300|5000|19380|3940|0|1|15000|0|0|0|0|0

P|SISU1K|35|SISUD|0|3
S|MA800|24680833|39681111|PMA|CF|0|34500|810|34660|620|230|1|4500|0|0|0|0|0
S|MA812|24629694|39318083| |TF|0|0|0|0|0|0|2|10000|0|0|0|0|0
S|SISUD|23751417|39427250| |TF|0|0|0|0|0|0|1|15000|0|0|0|0|0

P|SISU1L|36|SISUD|0|4
S|MA900|24673111|39711917|PMA|CF|0|36000|750|35880|640|230|1|4500|0|0|0|0|0
S|MA999|24659722|39594889| |TF|1|0|0|0|0|230|0|0|0|0|0|0|0
S|MA812|24629694|39318083| |TF|0|0|0|0|0|0|2|10000|0|0|0|0|0
S|SISUD|23751417|39427250| |TF|0|0|0|0|0|0|1|15000|0|0|0|0|0

P|SISU1M|18|SISUD|0|2
S| |91000000|181000000|PMA|CD|0|18000|0|0|700|0|0|0|0|0|0|0|0
S|SISUD|23751417|39427250|PMA|CF|0|19400|5000|19380|4300|0|1|15000|0|0|0|0|0

P|SISU1N|17|SISUD|0|3
S| |91000000|181000000|PMA|CD|0|16500|0|0|700|0|0|0|0|0|0|0|0
S| |91000000|181000000| |CI|0|22400|0|0|0|0|0|0|0|0|0|0|0
S|SISUD|23751417|39427250|PMA|CF|0|19400|5000|19380|3700|0|1|15000|0|0|0|0|0

P|SISU1P|35|SISUD|0|6
S| |91000000|181000000|PMA|CD|0|34500|0|0|500|0|0|0|0|0|0|0|0
S| |91000000|181000000| |CI|1|26200|0|0|0|0|0|0|0|0|0|0|0
S|D292T|24693703|39376303|PMA|CF|0|29200|2000|29200|600|0|0|0|0|0|0|0|0
S|D215T|24287414|39475675|PMA|AF|1|29200|2000|21500|0|0|1|13000|0|0|0|0|0
S|D200T|24241900|39556936|PMA|AF|1|21500|2000|20000|0|0|0|0|0|1|0|0|0
S|SISUD|23751417|39427250|PMA|CF|0|19400|5000|19380|3000|0|1|15000|0|0|0|0|0

P|UKTO1C|18|UKTOM|0|3
S|MA840|24333083|39687222|PMA|CF|0|18000|1290|18040|1200|0|1|6200|0|0|0|0|0
S|MA880|24293306|39381167|PMA|CF|0|25800|2340|22550|1690|0|0|0|0|0|0|0|0
S|UKTOM|24338972|38820944| |TF|0|0|0|0|0|0|1|15000|0|0|0|0|0

P|UKTO1D|36|UKTOM|0|5
S| |91000000|181000000|PMA|CD|0|36000|0|0|500|0|0|0|0|0|0|0|0
S| |91000000|181000000| |CI|1|26200|0|0|0|0|0|0|0|0|0|0|0
S|D292T|24693703|39376303|PMA|CF|0|29200|2000|29200|600|0|0|0|0|0|0|0|0
S|D258T|24500497|39343378|PMA|AF|1|29200|2000|25800|0|0|0|0|0|1|0|0|0
S|UKTOM|24338972|38820944|PMA|CF|0|25200|5000|25170|3000|0|1|15000|0|0|0|0|0

P|UKTO1J|17|UKTOM|0|3
S|MA870|24338333|39753583|PMA|CF|0|16500|1280|16410|1200|0|1|6300|0|0|0|0|0
S|MA880|24293306|39381167|PMA|CF|2|25900|2340|22550|2060|0|0|0|0|0|0|0|0
S|UKTOM|24338972|38820944| |TF|0|0|0|0|0|0|1|15000|0|0|0|0|0

P|UKTO1K|35|UKTOM|0|3
S|MA800|24680833|39681111|PMA|CF|0|34500|810|34660|620|230|1|4500|0|0|0|0|0
S|MA812|24629694|39318083| |TF|0|0|0|0|0|0|2|10000|0|0|0|0|0
S|UKTOM|24338972|38820944| |TF|0|0|0|0|0|0|1|15000|0|0|0|0|0

P|UKTO1L|36|UKTOM|0|4
S|MA900|24673111|39711917|PMA|CF|0|36000|750|35880|640|230|1|4500|0|0|0|0|0
S|MA999|24659722|39594889| |TF|1|0|0|0|0|230|0|0|0|0|0|0|0
S|MA812|24629694|39318083| |TF|0|0|0|0|0|0|2|10000|0|0|0|0|0
S|UKTOM|24338972|38820944| |TF|0|0|0|0|0|0|1|15000|0|0|0|0|0

P|UKTO1M|18|UKTOM|0|4
S| |91000000|181000000|PMA|CD|0|18000|0|0|700|0|0|0|0|0|0|0|0
S|D194T|24229078|39593636|PMA|CF|0|19400|2000|19380|1300|0|0|0|0|0|0|0|0
S|D246T|24432708|39362044|PMA|AF|2|19400|2000|24600|0|0|0|0|0|1|0|0|0
S|UKTOM|24338972|38820944|PMA|CF|0|25200|5000|25170|3000|0|1|15000|0|0|0|0|0

P|UKTO1N|17|UKTOM|0|5
S| |91000000|181000000|PMA|CD|0|16500|0|0|700|0|0|0|0|0|0|0|0
S| |91000000|181000000| |CI|0|22400|0|0|0|0|0|0|0|0|0|0|0
S|D194T|24229078|39593636|PMA|CF|0|19400|2000|19380|600|0|0|0|0|0|0|0|0
S|D246T|24432708|39362044|PMA|AF|2|19400|2000|24600|0|0|0|0|0|1|0|0|0
S|UKTOM|24338972|38820944|PMA|CF|0|25200|5000|25170|3000|0|1|15000|0|0|0|0|0

P|UKTO1P|35|UKTOM|0|5
S| |91000000|181000000|PMA|CD|0|34500|0|0|500|0|0|0|0|0|0|0|0
S| |91000000|181000000| |CI|1|26200|0|0|0|0|0|0|0|0|0|0|0
S|D292T|24693703|39376303|PMA|CF|0|29200|2000|29200|600|0|0|0|0|0|0|0|0
S|D258T|24500497|39343378|PMA|AF|1|29200|2000|25800|0|0|0|0|0|1|0|0|0
S|UKTOM|24338972|38820944|PMA|CF|0|25200|5000|25170|3000|0|1|15000|0|0|0|0|0

