P|MAH1A|31|MAH|0|3
S| |91000000|181000000| |CA|0|31300|0|0|0|0|1|460|0|0|0|0|0
S| |91000000|181000000| |CI|1|21400|0|0|0|0|0|0|0|0|0|0|0
S|MAH|30556361|49149472|MAH|CF|0|24400|0|0|2600|0|0|0|0|0|0|0|0

P|MAH1B|13|MAH|0|3
S| |91000000|181000000| |CA|0|13300|0|0|0|0|1|460|0|0|0|0|0
S| |91000000|181000000| |CI|2|27400|0|0|0|0|0|0|0|0|0|0|0
S|MAH|30556361|49149472|MAH|CF|0|24400|0|0|2400|0|0|0|0|0|0|0|0

P|MAH1E|31|MAH|0|3
S| |91000000|181000000| |CA|0|31300|0|0|0|0|1|460|0|0|0|0|0
S| |91000000|181000000| |CI|1|21500|0|0|0|0|0|0|0|0|0|0|0
S|MAH|30556361|49149472|MAH|CF|0|24500|0|0|2600|0|0|0|0|0|0|0|0

P|MAH1F|13|MAH|0|3
S| |91000000|181000000| |CA|0|13300|0|0|0|0|1|460|0|0|0|0|0
S| |91000000|181000000| |CI|2|27500|0|0|0|0|0|0|0|0|0|0|0
S|MAH|30556361|49149472|MAH|CF|0|24500|0|0|2500|0|0|0|0|0|0|0|0

