P|EGVA1A|30|EGVAX|0|3
S|RW30|31328836|48776722|AWZ|FA|0|30000|80|12600|0|0|1|1000|0|0|0|0|0
S| |91000000|181000000| |VI|2|6600|0|0|0|0|0|0|0|0|0|0|0
S|EGVAX|31726944|49133889|AWZ|CF|0|3600|3000|3500|2500|0|1|14000|0|0|0|0|0

P|EGVA1B|12|EGVAX|0|3
S|RW12|31344067|48750528|AWZ|FA|0|12000|100|29550|0|0|1|1000|0|0|0|0|0
S| |91000000|181000000| |VI|1|600|0|0|0|0|0|0|0|0|0|0|0
S|EGVAX|31726944|49133889|AWZ|CF|0|3600|3000|3500|2500|0|1|14000|0|0|0|0|0

P|EGVA1C|30|EGVAX|0|5
S|RW30|31328836|48776722|AWZ|FA|0|30000|80|12600|0|0|1|1000|0|0|0|0|0
S| |91000000|181000000| |VI|0|24000|0|0|0|0|0|0|0|0|0|0|0
S|AWZ|31337583|48764583|AWZ|FA|0|27000|0|0|0|0|1|4000|0|0|0|0|0
S|AWZ|31337583|48764583| |DF|1|0|0|0|0|0|1|8000|0|0|0|0|0
S|EGVAX|31726944|49133889| |TF|0|0|0|0|0|0|1|14000|0|0|0|0|0

P|EGVA1D|12|EGVAX|0|4
S| |91000000|181000000| |VA|0|12000|0|0|0|0|1|470|0|0|0|0|0
S|AWZ|31337583|48764583|AWZ|FA|0|15000|0|0|0|0|1|4000|0|0|0|0|0
S|AWZ|31337583|48764583| |DF|2|0|0|0|0|0|1|8000|0|0|0|0|0
S|EGVAX|31726944|49133889| |TF|0|0|0|0|0|0|1|14000|0|0|0|0|0

P|EGVA1E|30|EGVAX|0|5
S|RW30|31328836|48776722|AWZ|FA|0|30000|80|12600|0|0|1|1000|0|0|0|0|0
S| |91000000|181000000| |VI|0|24000|0|0|0|0|0|0|0|0|0|0|0
S|AWZ|31344139|48744639|AWZ|FA|0|27000|110|28700|0|0|1|4000|0|0|0|0|0
S|AWZ|31344139|48744639| |DF|1|0|0|0|0|0|1|8000|0|0|0|0|0
S|EGVAX|31726944|49133889| |TF|0|0|0|0|0|0|1|14000|0|0|0|0|0

P|EGVA1F|12|EGVAX|0|5
S| |91000000|181000000| |VA|0|12000|0|0|0|0|1|470|0|0|0|0|0
S| |91000000|181000000| |VI|0|18000|0|0|0|0|0|0|0|0|0|0|0
S|AWZ|31344139|48744639|AWZ|FA|0|15000|110|28700|0|0|1|4000|0|0|0|0|0
S|AWZ|31344139|48744639| |DF|2|0|0|0|0|0|1|8000|0|0|0|0|0
S|EGVAX|31726944|49133889| |TF|0|0|0|0|0|0|1|14000|0|0|0|0|0

P|EGVA1G|30|EGVAX|0|3
S|RW30|31328836|48776722|AWZ|FA|0|30000|80|12600|0|0|1|1000|0|0|0|0|0
S| |91000000|181000000| |VI|2|6700|0|0|0|0|0|0|0|0|0|0|0
S|EGVAX|31726944|49133889|AWZ|CF|0|3700|3000|3500|2500|0|1|14000|0|0|0|0|0

P|EGVA1H|12|EGVAX|0|3
S|RW12|31344067|48750528|AWZ|FA|0|12000|100|29550|0|0|1|1000|0|0|0|0|0
S| |91000000|181000000| |VI|1|700|0|0|0|0|0|0|0|0|0|0|0
S|EGVAX|31726944|49133889|AWZ|CF|0|3700|3000|3500|2500|0|1|14000|0|0|0|0|0

P|GABS1A|30|GABSU|0|3
S|RW30|31328836|48776722|AWZ|FA|0|30000|80|12600|0|0|1|1100|0|0|0|0|0
S| |91000000|181000000| |VI|1|17400|0|0|0|0|0|0|0|0|0|0|0
S|GABSU|30888611|48509722|AWZ|CF|0|20400|2990|20210|2100|0|0|0|0|0|0|0|0

P|GABS1B|12|GABSU|0|3
S|RW12|31344067|48750528|AWZ|FA|0|12000|100|29550|0|0|1|1100|0|0|0|0|0
S| |91000000|181000000| |VI|2|23400|0|0|0|0|0|0|0|0|0|0|0
S|GABSU|30888611|48509722|AWZ|CF|0|20400|2990|20210|2500|0|0|0|0|0|0|0|0

P|GABS1G|30|GABSU|0|3
S|RW30|31328836|48776722|AWZ|FA|0|30000|80|12600|0|0|1|1100|0|0|0|0|0
S| |91000000|181000000| |VI|1|17100|0|0|0|0|0|0|0|0|0|0|0
S|GABSU|30888611|48509722|AWZ|CF|0|20100|2990|20210|2300|0|0|0|0|0|0|0|0

P|GABS1H|12|GABSU|0|3
S|RW12|31344067|48750528|AWZ|FA|0|12000|80|29430|0|0|1|1100|0|0|0|0|0
S| |91000000|181000000| |VI|2|23100|0|0|0|0|0|0|0|0|0|0|0
S|GABSU|30888611|48509722|AWZ|CF|0|20100|2990|20210|2200|0|0|0|0|0|0|0|0

P|GODM1A|30|GODMO|0|3
S|RW30|31328836|48776722|AWZ|FA|0|30000|80|12600|0|0|1|1100|0|0|0|0|0
S| |91000000|181000000| |VI|1|12400|0|0|0|0|0|0|0|0|0|0|0
S|GODMO|30907222|48976111|AWZ|CF|0|15400|2800|15300|2100|0|0|0|0|0|0|0|0

P|GODM1B|12|GODMO|0|3
S|RW12|31344067|48750528|AWZ|FA|0|12000|100|29550|0|0|1|1100|0|0|0|0|0
S| |91000000|181000000| |VI|0|18400|0|0|0|0|0|0|0|0|0|0|0
S|GODMO|30907222|48976111|AWZ|CF|0|15400|2800|15300|2500|0|0|0|0|0|0|0|0

P|GODM1G|30|GODMO|0|3
S|RW30|31328836|48776722|AWZ|FA|0|30000|80|12600|0|0|1|1100|0|0|0|0|0
S| |91000000|181000000| |VI|1|12200|0|0|0|0|0|0|0|0|0|0|0
S|GODMO|30907222|48976111|AWZ|CF|0|15200|2800|15300|2200|0|0|0|0|0|0|0|0

P|GODM1H|12|GODMO|0|3
S|RW12|31344067|48750528|AWZ|FA|0|12000|80|29430|0|0|1|1100|0|0|0|0|0
S| |91000000|181000000| |VI|0|18200|0|0|0|0|0|0|0|0|0|0|0
S|GODMO|30907222|48976111|AWZ|CF|0|15200|2800|15300|2400|0|0|0|0|0|0|0|0

P|ITIB1A|30|ITIBI|0|4
S| |91000000|181000000| |CA|0|30000|0|0|0|0|1|470|0|0|0|0|0
S|AWZ|31337583|48764583|AWZ|FA|0|30000|0|0|0|0|1|1000|0|0|0|0|0
S| |91000000|181000000| |VI|2|8800|0|0|0|0|0|0|0|0|0|0|0
S|ITIBI|31580833|49275278|AWZ|CF|0|5800|3000|5680|2300|0|1|11000|0|0|0|0|0

P|ITIB1B|12|ITIBI|0|4
S| |91000000|181000000| |CA|0|12000|0|0|0|0|1|470|0|0|0|0|0
S|AWZ|31337583|48764583|AWZ|FA|0|12000|0|0|0|0|1|1000|0|0|0|0|0
S| |91000000|181000000| |VI|1|2800|0|0|0|0|0|0|0|0|0|0|0
S|ITIBI|31580833|49275278|AWZ|CF|0|5800|3000|5680|2500|0|1|11000|0|0|0|0|0

P|ITIB1C|30|ITIBI|0|6
S| |91000000|181000000| |CA|0|30000|0|0|0|0|1|470|0|0|0|0|0
S|AWZ|31337583|48764583|AWZ|FA|0|30000|0|0|0|0|1|1000|0|0|0|0|0
S| |91000000|181000000| |VI|0|24000|0|0|0|0|0|0|0|0|0|0|0
S|AWZ|31337583|48764583|AWZ|FA|0|27000|0|0|0|0|1|3000|0|0|0|0|0
S|AWZ|31337583|48764583| |DF|1|0|0|0|0|0|1|6000|0|0|0|0|0
S|ITIBI|31580833|49275278| |TF|0|0|0|0|0|0|0|0|0|0|0|0|0

P|ITIB1D|12|ITIBI|0|4
S| |91000000|181000000| |CA|0|12000|0|0|0|0|1|470|0|0|0|0|0
S|AWZ|31337583|48764583|AWZ|FA|0|15000|0|0|0|0|1|3000|0|0|0|0|0
S|AWZ|31337583|48764583| |DF|2|0|0|0|0|0|1|6000|0|0|0|0|0
S|ITIBI|31580833|49275278| |TF|0|0|0|0|0|0|0|0|0|0|0|0|0

P|ITIB1E|30|ITIBI|0|5
S| |91000000|181000000| |CA|0|30000|0|0|0|0|1|1000|0|0|0|0|0
S| |91000000|181000000| |VI|0|24000|0|0|0|0|0|0|0|0|0|0|0
S|AWZ|31344139|48744639|AWZ|FA|0|27000|110|28700|0|0|1|3000|0|0|0|0|0
S|AWZ|31344139|48744639| |DF|1|0|0|0|0|0|1|6000|0|0|0|0|0
S|ITIBI|31580833|49275278| |TF|0|0|0|0|0|0|0|0|0|0|0|0|0

P|ITIB1F|12|ITIBI|0|5
S| |91000000|181000000| |CA|0|12000|0|0|0|0|1|470|0|0|0|0|0
S| |91000000|181000000| |VI|0|18000|0|0|0|0|0|0|0|0|0|0|0
S|AWZ|31344139|48744639|AWZ|FA|0|15000|110|28700|0|0|1|3000|0|0|0|0|0
S|AWZ|31344139|48744639| |DF|2|0|0|0|0|0|1|6000|0|0|0|0|0
S|ITIBI|31580833|49275278| |TF|0|0|0|0|0|0|0|0|0|0|0|0|0

P|ITIB1G|30|ITIBI|0|3
S| |91000000|181000000| |CA|0|30000|0|0|0|0|1|1000|0|0|0|0|0
S| |91000000|181000000| |VI|2|8900|0|0|0|0|0|0|0|0|0|0|0
S|ITIBI|31580833|49275278|AWZ|CF|0|5900|3000|5680|2400|0|1|11000|0|0|0|0|0

P|ITIB1H|12|ITIBI|0|3
S| |91000000|181000000| |CA|0|12000|0|0|0|0|1|1000|0|0|0|0|0
S| |91000000|181000000| |VI|1|2900|0|0|0|0|0|0|0|0|0|0|0
S|ITIBI|31580833|49275278|AWZ|CF|0|5900|3000|5680|2400|0|1|11000|0|0|0|0|0

