P|DELB1E|09L|DELBU|0|3
S| |91000000|181000000| |CA|0|9200|0|0|0|0|1|500|0|0|0|0|0
S| |91000000|181000000| |VI|1|34700|0|0|0|0|0|0|0|0|0|0|0
S|DELBU|26843056|54081111|KIS|CF|0|1700|2000|1700|1100|0|0|0|0|0|0|0|0

P|DELB1E|09R|DELBU|0|3
S| |91000000|181000000| |CA|0|9200|0|0|0|0|1|500|0|0|0|0|0
S| |91000000|181000000| |VI|1|34700|0|0|0|0|0|0|0|0|0|0|0
S|DELBU|26843056|54081111|KIS|CF|0|1700|2000|1700|1100|0|0|0|0|0|0|0|0

P|DELB1F|09L|DELBU|0|3
S| |91000000|181000000| |CA|0|9000|0|0|0|0|1|3000|0|0|0|0|0
S|KIS|26528889|53953861| |DF|2|0|0|0|0|0|1|6000|0|0|0|0|0
S|DELBU|26843056|54081111|KIS|CF|0|1700|2000|1700|2000|0|0|0|0|0|0|0|0

P|DELB1F|09R|DELBU|0|3
S| |91000000|181000000| |CA|0|9000|0|0|0|0|1|3000|0|0|0|0|0
S|KIS|26528889|53953861| |DF|2|0|0|0|0|0|1|6000|0|0|0|0|0
S|DELBU|26843056|54081111|KIS|CF|0|1700|2000|1700|2000|0|0|0|0|0|0|0|0

P|DELB1G|27L|DELBU|0|3
S| |91000000|181000000| |CA|0|27200|0|0|0|0|1|500|0|0|0|0|0
S| |91000000|181000000| |VI|2|4700|0|0|0|0|0|0|0|0|0|0|0
S|DELBU|26843056|54081111|KIS|CF|0|1700|2000|1700|1300|0|0|0|0|0|0|0|0

P|DELB1G|27R|DELBU|0|3
S| |91000000|181000000| |CA|0|27200|0|0|0|0|1|500|0|0|0|0|0
S| |91000000|181000000| |VI|2|4700|0|0|0|0|0|0|0|0|0|0|0
S|DELBU|26843056|54081111|KIS|CF|0|1700|2000|1700|1300|0|0|0|0|0|0|0|0

P|DELB1H|27L|DELBU|0|3
S| |91000000|181000000| |CA|0|27000|0|0|0|0|1|3000|0|0|0|0|0
S|KIS|26528889|53953861| |DF|1|0|0|0|0|0|1|6000|0|0|0|0|0
S|DELBU|26843056|54081111|KIS|CF|0|1700|2000|1700|2000|0|0|0|0|0|0|0|0

P|DELB1H|27R|DELBU|0|3
S| |91000000|181000000| |CA|0|27000|0|0|0|0|1|3000|0|0|0|0|0
S|KIS|26528889|53953861| |DF|1|0|0|0|0|0|1|6000|0|0|0|0|0
S|DELBU|26843056|54081111|KIS|CF|0|1700|2000|1700|2000|0|0|0|0|0|0|0|0

P|IBNU1E|09L|IBNUX|0|3
S| |91000000|181000000| |CA|0|9200|0|0|0|0|1|500|0|0|0|0|0
S| |91000000|181000000| |VI|0|16700|0|0|0|0|0|0|0|0|0|0|0
S|IBNUX|26274722|54195278|KIS|CF|0|13700|2000|13640|1300|0|0|0|0|0|0|0|0

P|IBNU1E|09R|IBNUX|0|3
S| |91000000|181000000| |CA|0|9200|0|0|0|0|1|500|0|0|0|0|0
S| |91000000|181000000| |VI|0|16700|0|0|0|0|0|0|0|0|0|0|0
S|IBNUX|26274722|54195278|KIS|CF|0|13700|2000|13640|1300|0|0|0|0|0|0|0|0

P|IBNU1G|27L|IBNUX|0|3
S| |91000000|181000000| |CA|0|27200|0|0|0|0|1|500|0|0|0|0|0
S| |91000000|181000000| |VI|1|10700|0|0|0|0|0|0|0|0|0|0|0
S|IBNUX|26274722|54195278|KIS|CF|0|13700|2000|13640|1300|0|0|0|0|0|0|0|0

P|IBNU1G|27R|IBNUX|0|3
S| |91000000|181000000| |CA|0|27200|0|0|0|0|1|500|0|0|0|0|0
S| |91000000|181000000| |VI|1|10700|0|0|0|0|0|0|0|0|0|0|0
S|IBNUX|26274722|54195278|KIS|CF|0|13700|2000|13640|1300|0|0|0|0|0|0|0|0

P|MIVU1E|09L|MIVUN|0|2
S| |91000000|181000000| |CA|0|9200|0|0|0|0|1|500|0|0|0|0|0
S|MIVUN|26531667|54325556|KIS|CF|0|8700|2000|8640|1700|0|0|0|0|0|0|0|0

P|MIVU1E|09R|MIVUN|0|2
S| |91000000|181000000| |CA|0|9200|0|0|0|0|1|500|0|0|0|0|0
S|MIVUN|26531667|54325556|KIS|CF|0|8700|2000|8640|1700|0|0|0|0|0|0|0|0

P|MIVU1G|27L|MIVUN|0|3
S| |91000000|181000000| |CA|0|27200|0|0|0|0|1|500|0|0|0|0|0
S| |91000000|181000000| |VI|2|11700|0|0|0|0|0|0|0|0|0|0|0
S|MIVUN|26531667|54325556|KIS|CF|0|8700|2000|8640|1400|0|0|0|0|0|0|0|0

P|MIVU1G|27R|MIVUN|0|3
S| |91000000|181000000| |CA|0|27200|0|0|0|0|1|500|0|0|0|0|0
S| |91000000|181000000| |VI|2|11700|0|0|0|0|0|0|0|0|0|0|0
S|MIVUN|26531667|54325556|KIS|CF|0|8700|2000|8640|1400|0|0|0|0|0|0|0|0

P|PURN1E|09L|PURNA|0|3
S| |91000000|181000000| |CA|0|9200|0|0|0|0|1|500|0|0|0|0|0
S| |91000000|181000000| |VI|1|31100|0|0|0|0|0|0|0|0|0|0|0
S|PURNA|26848889|53845833|KIS|CF|0|34100|2000|34020|900|0|0|0|0|0|0|0|0

P|PURN1E|09R|PURNA|0|3
S| |91000000|181000000| |CA|0|9200|0|0|0|0|1|500|0|0|0|0|0
S| |91000000|181000000| |VI|1|31100|0|0|0|0|0|0|0|0|0|0|0
S|PURNA|26848889|53845833|KIS|CF|0|34100|2000|34020|900|0|0|0|0|0|0|0|0

P|PURN1F|09L|PURNA|0|3
S| |91000000|181000000| |CA|0|9000|0|0|0|0|1|2000|0|0|0|0|0
S|KIS|26528889|53953861| |DF|2|0|0|0|0|0|1|4000|0|0|0|0|0
S|PURNA|26848889|53845833|KIS|CF|0|34100|2000|34020|2000|0|0|0|0|0|0|0|0

P|PURN1F|09R|PURNA|0|3
S| |91000000|181000000| |CA|0|9000|0|0|0|0|1|2000|0|0|0|0|0
S|KIS|26528889|53953861| |DF|2|0|0|0|0|0|1|4000|0|0|0|0|0
S|PURNA|26848889|53845833|KIS|CF|0|34100|2000|34020|2000|0|0|0|0|0|0|0|0

P|PURN1G|27L|PURNA|0|3
S| |91000000|181000000| |CA|0|27200|0|0|0|0|1|500|0|0|0|0|0
S| |91000000|181000000| |VI|2|1100|0|0|0|0|0|0|0|0|0|0|0
S|PURNA|26848889|53845833|KIS|CF|0|34100|2000|34020|1600|0|0|0|0|0|0|0|0

P|PURN1G|27R|PURNA|0|3
S| |91000000|181000000| |CA|0|27200|0|0|0|0|1|500|0|0|0|0|0
S| |91000000|181000000| |VI|2|1100|0|0|0|0|0|0|0|0|0|0|0
S|PURNA|26848889|53845833|KIS|CF|0|34100|2000|34020|1600|0|0|0|0|0|0|0|0

P|VEKE1E|09L|VEKEL|0|3
S| |91000000|181000000| |CA|0|9200|0|0|0|0|1|500|0|0|0|0|0
S| |91000000|181000000| |VI|2|20700|0|0|0|0|0|0|0|0|0|0|0
S|VEKEL|26324722|53955833|KIS|CF|0|17700|1220|17650|200|0|0|0|0|0|0|0|0

P|VEKE1E|09R|VEKEL|0|3
S| |91000000|181000000| |CA|0|9200|0|0|0|0|1|500|0|0|0|0|0
S| |91000000|181000000| |VI|2|20700|0|0|0|0|0|0|0|0|0|0|0
S|VEKEL|26324722|53955833|KIS|CF|0|17700|1220|17650|200|0|0|0|0|0|0|0|0

P|VEKE1G|27L|VEKEL|0|3
S| |91000000|181000000| |CA|0|27200|0|0|0|0|1|500|0|0|0|0|0
S| |91000000|181000000| |VI|1|14700|0|0|0|0|0|0|0|0|0|0|0
S|VEKEL|26324722|53955833|KIS|CF|0|17700|1220|17650|600|0|0|0|0|0|0|0|0

P|VEKE1G|27R|VEKEL|0|3
S| |91000000|181000000| |CA|0|27200|0|0|0|0|1|500|0|0|0|0|0
S| |91000000|181000000| |VI|1|14700|0|0|0|0|0|0|0|0|0|0|0
S|VEKEL|26324722|53955833|KIS|CF|0|17700|1220|17650|600|0|0|0|0|0|0|0|0

