P|KIS1A|30|KIS|0|2
S|RW30|25902931|54549344|SIR|FA|0|30400|100|13010|0|0|1|1100|0|0|0|0|0
S|KIS|26528889|53953861|SIR|CF|0|31800|4780|31790|4700|0|0|0|0|0|0|0|0

P|KIS1B|12|KIS|0|3
S|RW12|25916206|54529342|SIR|FA|0|12400|30|28540|0|0|1|1100|0|0|0|0|0
S| |91000000|181000000| |VI|1|28800|0|0|0|0|0|0|0|0|0|0|0
S|KIS|26528889|53953861|SIR|CF|0|31800|4780|31790|4400|0|0|0|0|0|0|0|0

P|KIS1C|30|KIS|0|2
S|RW30|25902931|54549344|SIR|FA|0|30400|100|13010|0|0|1|1100|0|0|0|0|0
S|KIS|26528889|53953861|SIR|CF|0|31800|4780|31790|4700|0|0|0|0|0|0|0|0

P|KIS1D|12|KIS|0|3
S|RW12|25916206|54529342|SIR|FA|0|12400|30|28540|0|0|1|1100|0|0|0|0|0
S| |91000000|181000000| |VI|1|28800|0|0|0|0|0|0|0|0|0|0|0
S|KIS|26528889|53953861|KIS|CF|0|31800|0|0|4400|0|0|0|0|0|0|0|0

