P|BOMI1A|25L|BOMID|0|2
S| |91000000|181000000| |CA|0|25400|0|0|0|0|1|5460|0|0|0|0|0
S|BOMID|32984444|50674722|ISN|CF|0|28100|6000|28000|6000|0|0|0|0|0|0|0|0

P|BOMI1A|25R|BOMID|0|2
S| |91000000|181000000| |CA|0|25400|0|0|0|0|1|5460|0|0|0|0|0
S|BOMID|32984444|50674722|ISN|CF|0|28100|6000|28000|6000|0|0|0|0|0|0|0|0

P|BOMI1B|07L|BOMID|0|4
S| |91000000|181000000| |CA|0|7400|0|0|0|0|1|5460|0|0|0|0|0
S|ISN|32746972|51828028|ISN|FA|0|7500|0|0|0|0|1|6000|0|0|0|0|0
S|ISN|32746972|51828028| |DF|2|0|0|0|0|0|0|0|0|0|0|0|0
S|BOMID|32984444|50674722| |TF|0|0|0|0|0|0|0|0|0|0|0|0|0

P|BOMI1B|07R|BOMID|0|4
S| |91000000|181000000| |CA|0|7400|0|0|0|0|1|5460|0|0|0|0|0
S|ISN|32746972|51828028|ISN|FA|0|7500|0|0|0|0|1|6000|0|0|0|0|0
S|ISN|32746972|51828028| |DF|2|0|0|0|0|0|0|0|0|0|0|0|0
S|BOMID|32984444|50674722| |TF|0|0|0|0|0|0|0|0|0|0|0|0|0

P|BOMI3C|25L|BOMID|0|2
S| |91000000|181000000| |CA|0|25400|0|0|0|0|1|5460|0|0|0|0|0
S|BOMID|32984444|50674722|ISN|CF|0|28000|6000|28000|6000|0|0|0|0|0|0|0|0

P|BOMI3C|25R|BOMID|0|2
S| |91000000|181000000| |CA|0|25400|0|0|0|0|1|5460|0|0|0|0|0
S|BOMID|32984444|50674722|ISN|CF|0|28000|6000|28000|6000|0|0|0|0|0|0|0|0

P|BOMI3D|07L|BOMID|0|3
S| |91000000|181000000| |CA|0|7400|0|0|0|0|1|6000|0|0|0|0|0
S|IFN|32749000|51880806| |DF|2|0|0|0|0|0|0|0|0|0|0|0|0
S|BOMID|32984444|50674722| |TF|0|0|0|0|0|0|0|0|0|0|0|0|0

P|BOMI3D|07R|BOMID|0|3
S| |91000000|181000000| |CA|0|7400|0|0|0|0|1|6000|0|0|0|0|0
S|IFN|32749000|51880806| |DF|2|0|0|0|0|0|0|0|0|0|0|0|0
S|BOMID|32984444|50674722| |TF|0|0|0|0|0|0|0|0|0|0|0|0|0

P|DAPO1A|25L|DAPOG|0|3
S| |91000000|181000000| |CA|0|25400|0|0|0|0|1|5460|0|0|0|0|0
S| |91000000|181000000| |VI|2|5500|0|0|0|0|0|0|0|0|0|0|0
S|DAPOG|33628889|52391944|ISN|CF|0|2500|6000|2410|5500|0|0|0|0|0|0|0|0

P|DAPO1A|25R|DAPOG|0|3
S| |91000000|181000000| |CA|0|25400|0|0|0|0|1|5460|0|0|0|0|0
S| |91000000|181000000| |VI|2|5500|0|0|0|0|0|0|0|0|0|0|0
S|DAPOG|33628889|52391944|ISN|CF|0|2500|6000|2410|5500|0|0|0|0|0|0|0|0

P|DAPO1B|07L|DAPOG|0|3
S| |91000000|181000000| |CA|0|7400|0|0|0|0|1|5460|0|0|0|0|0
S| |91000000|181000000| |VI|0|35500|0|0|0|0|0|0|0|0|0|0|0
S|DAPOG|33628889|52391944|ISN|CF|0|2500|6000|2410|5600|0|0|0|0|0|0|0|0

P|DAPO1B|07R|DAPOG|0|3
S| |91000000|181000000| |CA|0|7400|0|0|0|0|1|5460|0|0|0|0|0
S| |91000000|181000000| |VI|0|35500|0|0|0|0|0|0|0|0|0|0|0
S|DAPOG|33628889|52391944|ISN|CF|0|2500|6000|2410|5600|0|0|0|0|0|0|0|0

P|DAPO1C|25L|DAPOG|0|3
S| |91000000|181000000| |CA|0|25400|0|0|0|0|1|5460|0|0|0|0|0
S| |91000000|181000000| |VI|2|5300|0|0|0|0|0|0|0|0|0|0|0
S|DAPOG|33628889|52391944|ISN|CF|0|2300|6000|2410|5200|0|0|0|0|0|0|0|0

P|DAPO1C|25R|DAPOG|0|3
S| |91000000|181000000| |CA|0|25400|0|0|0|0|1|5460|0|0|0|0|0
S| |91000000|181000000| |VI|2|5300|0|0|0|0|0|0|0|0|0|0|0
S|DAPOG|33628889|52391944|ISN|CF|0|2300|6000|2410|5200|0|0|0|0|0|0|0|0

P|DAPO1D|07L|DAPOG|0|2
S| |91000000|181000000| |CA|0|7400|0|0|0|0|1|5460|0|0|0|0|0
S|DAPOG|33628889|52391944|ISN|CF|0|2300|6000|2410|5800|0|0|0|0|0|0|0|0

P|DAPO1D|07R|DAPOG|0|2
S| |91000000|181000000| |CA|0|7400|0|0|0|0|1|5460|0|0|0|0|0
S|DAPOG|33628889|52391944|ISN|CF|0|2300|6000|2410|5800|0|0|0|0|0|0|0|0

P|GADL1C|07L|GADLU|0|4
S| |91000000|181000000| |CA|0|7400|0|0|0|0|1|6000|0|0|0|0|0
S|ISN|32746972|51828028| |DF|2|0|0|0|0|0|0|0|0|0|0|0|0
S|D248Y|32617078|51358822| |TF|0|0|0|0|0|0|1|12000|0|0|0|0|0
S|GADLU|32279167|50782222| |TF|0|0|0|0|0|0|0|0|0|0|0|0|0

P|GADL1C|07R|GADLU|0|4
S| |91000000|181000000| |CA|0|7400|0|0|0|0|1|6000|0|0|0|0|0
S|ISN|32746972|51828028| |DF|2|0|0|0|0|0|0|0|0|0|0|0|0
S|D248Y|32617078|51358822| |TF|0|0|0|0|0|0|1|12000|0|0|0|0|0
S|GADLU|32279167|50782222| |TF|0|0|0|0|0|0|0|0|0|0|0|0|0

P|GADL1J|25L|GADLU|0|2
S| |91000000|181000000| |CA|0|25400|0|0|0|0|1|5460|0|0|0|0|0
S|GADLU|32279167|50782222|ISN|CF|0|24000|6000|23850|6000|0|0|0|0|0|0|0|0

P|GADL1J|25R|GADLU|0|2
S| |91000000|181000000| |CA|0|25400|0|0|0|0|1|5460|0|0|0|0|0
S|GADLU|32279167|50782222|ISN|CF|0|24000|6000|23850|6000|0|0|0|0|0|0|0|0

P|GADL2D|07L|GADLU|0|3
S| |91000000|181000000| |CA|0|7400|0|0|0|0|1|6000|0|0|0|0|0
S| |91000000|181000000| |VI|2|27000|0|0|0|0|0|0|0|0|0|0|0
S|GADLU|32279167|50782222|ISN|CF|0|24000|6000|23850|5700|0|0|0|0|0|0|0|0

P|GADL2D|07R|GADLU|0|3
S| |91000000|181000000| |CA|0|7400|0|0|0|0|1|6000|0|0|0|0|0
S| |91000000|181000000| |VI|2|27000|0|0|0|0|0|0|0|0|0|0|0
S|GADLU|32279167|50782222|ISN|CF|0|24000|6000|23850|5700|0|0|0|0|0|0|0|0

P|GADL2K|25L|GADLU|0|4
S| |91000000|181000000| |CA|0|25400|0|0|0|0|1|6000|0|0|0|0|0
S|IFN28|32620858|51357372|ISN|CF|0|25000|2500|24860|2500|0|1|12000|0|0|0|0|0
S| |91000000|181000000| |VI|0|21000|0|0|0|0|0|0|0|0|0|0|0
S|GADLU|32279167|50782222|ISN|CF|0|24000|6000|23850|2800|0|0|0|0|0|0|0|0

P|GADL2K|25R|GADLU|0|4
S| |91000000|181000000| |CA|0|25400|0|0|0|0|1|6000|0|0|0|0|0
S|IFN28|32620858|51357372|ISN|CF|0|25000|2500|24860|2500|0|1|12000|0|0|0|0|0
S| |91000000|181000000| |VI|0|21000|0|0|0|0|0|0|0|0|0|0|0
S|GADLU|32279167|50782222|ISN|CF|0|24000|6000|23850|2800|0|0|0|0|0|0|0|0

P|GADL2L|07L|GADLU|0|5
S| |91000000|181000000| |CA|0|7400|0|0|0|0|1|6000|0|0|0|0|0
S|IFN|32749000|51880806| |DF|2|0|0|0|0|0|0|0|0|0|0|0|0
S|IFN28|32620858|51357372| |TF|0|0|0|0|0|0|1|12000|0|0|0|0|0
S| |91000000|181000000| |VI|0|21000|0|0|0|0|0|0|0|0|0|0|0
S|GADLU|32279167|50782222|ISN|CF|0|24000|6000|23850|2800|0|0|0|0|0|0|0|0

P|GADL2L|07R|GADLU|0|5
S| |91000000|181000000| |CA|0|7400|0|0|0|0|1|6000|0|0|0|0|0
S|IFN|32749000|51880806| |DF|2|0|0|0|0|0|0|0|0|0|0|0|0
S|IFN28|32620858|51357372| |TF|0|0|0|0|0|0|1|12000|0|0|0|0|0
S| |91000000|181000000| |VI|0|21000|0|0|0|0|0|0|0|0|0|0|0
S|GADLU|32279167|50782222|ISN|CF|0|24000|6000|23850|2800|0|0|0|0|0|0|0|0

P|GADL3A|25L|GADLU|0|2
S| |91000000|181000000| |CA|0|25400|0|0|0|0|1|5460|0|0|0|0|0
S|GADLU|32279167|50782222|ISN|CF|0|23900|6000|23850|6000|0|0|0|0|0|0|0|0

P|GADL3A|25R|GADLU|0|2
S| |91000000|181000000| |CA|0|25400|0|0|0|0|1|5460|0|0|0|0|0
S|GADLU|32279167|50782222|ISN|CF|0|23900|6000|23850|6000|0|0|0|0|0|0|0|0

P|GADL3B|07L|GADLU|0|3
S| |91000000|181000000| |CA|0|7400|0|0|0|0|1|6000|0|0|0|0|0
S|ISN|32746972|51828028| |DF|2|0|0|0|0|0|0|0|0|0|0|0|0
S|GADLU|32279167|50782222| |TF|0|0|0|0|0|0|0|0|0|0|0|0|0

P|GADL3B|07R|GADLU|0|3
S| |91000000|181000000| |CA|0|7400|0|0|0|0|1|6000|0|0|0|0|0
S|ISN|32746972|51828028| |DF|2|0|0|0|0|0|0|0|0|0|0|0|0
S|GADLU|32279167|50782222| |TF|0|0|0|0|0|0|0|0|0|0|0|0|0

P|GESI1C|25L|GESIP|0|5
S| |91000000|181000000| |CA|0|25400|0|0|0|0|1|5460|0|0|0|0|0
S| |91000000|181000000| |VI|2|2000|0|0|0|0|0|0|0|0|0|0|0
S|IFN|32749000|51880806|ISN|FA|0|32000|270|8340|0|0|1|6500|0|0|0|0|0
S|IFN|32749000|51880806|ISN|CF|2|16300|270|8340|600|0|0|0|0|0|0|0|0
S|GESIP|31765556|52066389| |TF|0|0|0|0|0|0|0|0|0|0|0|0|0

P|GESI1C|25R|GESIP|0|5
S| |91000000|181000000| |CA|0|25400|0|0|0|0|1|5460|0|0|0|0|0
S| |91000000|181000000| |VI|2|2000|0|0|0|0|0|0|0|0|0|0|0
S|IFN|32749000|51880806|ISN|FA|0|32000|270|8340|0|0|1|6500|0|0|0|0|0
S|IFN|32749000|51880806|ISN|CF|2|16300|270|8340|600|0|0|0|0|0|0|0|0
S|GESIP|31765556|52066389| |TF|0|0|0|0|0|0|0|0|0|0|0|0|0

P|GESI1D|07L|GESIP|0|5
S| |91000000|181000000| |CA|0|7400|0|0|0|0|1|5460|0|0|0|0|0
S| |91000000|181000000| |VI|1|30500|0|0|0|0|0|0|0|0|0|0|0
S|IFN|32749000|51880806|ISN|FA|0|500|270|8340|0|0|1|6500|0|0|0|0|0
S|IFN|32749000|51880806|ISN|CF|1|16300|270|8340|400|0|0|0|0|0|0|0|0
S|GESIP|31765556|52066389| |TF|0|0|0|0|0|0|0|0|0|0|0|0|0

P|GESI1D|07R|GESIP|0|5
S| |91000000|181000000| |CA|0|7400|0|0|0|0|1|5460|0|0|0|0|0
S| |91000000|181000000| |VI|1|30500|0|0|0|0|0|0|0|0|0|0|0
S|IFN|32749000|51880806|ISN|FA|0|500|270|8340|0|0|1|6500|0|0|0|0|0
S|IFN|32749000|51880806|ISN|CF|1|16300|270|8340|400|0|0|0|0|0|0|0|0
S|GESIP|31765556|52066389| |TF|0|0|0|0|0|0|0|0|0|0|0|0|0

P|GESI2A|25L|GESIP|0|4
S| |91000000|181000000| |CA|0|25400|0|0|0|0|1|5460|0|0|0|0|0
S|ISN|32746972|51828028|ISN|FA|0|32500|0|0|0|0|1|7500|0|0|0|0|0
S|ISN|32746972|51828028|ISN|CF|2|16500|0|0|500|0|0|0|0|0|0|0|0
S|GESIP|31765556|52066389| |TF|0|0|0|0|0|0|0|0|0|0|0|0|0

P|GESI2A|25R|GESIP|0|4
S| |91000000|181000000| |CA|0|25400|0|0|0|0|1|5460|0|0|0|0|0
S|ISN|32746972|51828028|ISN|FA|0|32500|0|0|0|0|1|7500|0|0|0|0|0
S|ISN|32746972|51828028|ISN|CF|2|16500|0|0|500|0|0|0|0|0|0|0|0
S|GESIP|31765556|52066389| |TF|0|0|0|0|0|0|0|0|0|0|0|0|0

P|GESI2B|07L|GESIP|0|5
S| |91000000|181000000| |CA|0|7400|0|0|0|0|1|5460|0|0|0|0|0
S| |91000000|181000000| |VI|1|31000|0|0|0|0|0|0|0|0|0|0|0
S|ISN|32746972|51828028|ISN|FA|0|1000|0|0|0|0|1|7500|0|0|0|0|0
S|ISN|32746972|51828028|ISN|CF|1|16500|0|0|700|0|0|0|0|0|0|0|0
S|GESIP|31765556|52066389| |TF|0|0|0|0|0|0|0|0|0|0|0|0|0

P|GESI2B|07R|GESIP|0|5
S| |91000000|181000000| |CA|0|7400|0|0|0|0|1|5460|0|0|0|0|0
S| |91000000|181000000| |VI|1|31000|0|0|0|0|0|0|0|0|0|0|0
S|ISN|32746972|51828028|ISN|FA|0|1000|0|0|0|0|1|7500|0|0|0|0|0
S|ISN|32746972|51828028|ISN|CF|1|16500|0|0|700|0|0|0|0|0|0|0|0
S|GESIP|31765556|52066389| |TF|0|0|0|0|0|0|0|0|0|0|0|0|0

P|LABO2A|25L|LABOT|0|4
S| |91000000|181000000| |CA|0|25400|0|0|0|0|1|5460|0|0|0|0|0
S|ISN|32746972|51828028|ISN|FA|0|32500|0|0|0|0|1|7500|0|0|0|0|0
S|ISN|32746972|51828028|ISN|CF|2|16500|0|0|500|0|0|0|0|0|0|0|0
S|LABOT|32810833|53014722| |TF|0|0|0|0|0|0|0|0|0|0|0|0|0

P|LABO2A|25R|LABOT|0|4
S| |91000000|181000000| |CA|0|25400|0|0|0|0|1|5460|0|0|0|0|0
S|ISN|32746972|51828028|ISN|FA|0|32500|0|0|0|0|1|7500|0|0|0|0|0
S|ISN|32746972|51828028|ISN|CF|2|16500|0|0|500|0|0|0|0|0|0|0|0
S|LABOT|32810833|53014722| |TF|0|0|0|0|0|0|0|0|0|0|0|0|0

P|LABO2B|07L|LABOT|0|5
S| |91000000|181000000| |CA|0|7400|0|0|0|0|1|5460|0|0|0|0|0
S| |91000000|181000000| |VI|1|31000|0|0|0|0|0|0|0|0|0|0|0
S|ISN|32746972|51828028|ISN|FA|0|1000|0|0|0|0|1|7500|0|0|0|0|0
S|ISN|32746972|51828028|ISN|CF|1|16500|0|0|700|0|0|0|0|0|0|0|0
S|LABOT|32810833|53014722| |TF|0|0|0|0|0|0|0|0|0|0|0|0|0

P|LABO2B|07R|LABOT|0|5
S| |91000000|181000000| |CA|0|7400|0|0|0|0|1|5460|0|0|0|0|0
S| |91000000|181000000| |VI|1|31000|0|0|0|0|0|0|0|0|0|0|0
S|ISN|32746972|51828028|ISN|FA|0|1000|0|0|0|0|1|7500|0|0|0|0|0
S|ISN|32746972|51828028|ISN|CF|1|16500|0|0|700|0|0|0|0|0|0|0|0
S|LABOT|32810833|53014722| |TF|0|0|0|0|0|0|0|0|0|0|0|0|0

P|LABO3C|25L|LABOT|0|5
S| |91000000|181000000| |CA|0|25400|0|0|0|0|1|5460|0|0|0|0|0
S| |91000000|181000000| |VI|2|2000|0|0|0|0|0|0|0|0|0|0|0
S|IFN|32749000|51880806|ISN|FA|0|32000|270|8340|0|0|1|6500|0|0|0|0|0
S|IFN|32749000|51880806|ISN|CF|2|16300|270|8340|600|0|0|0|0|0|0|0|0
S|LABOT|32810833|53014722| |TF|0|0|0|0|0|0|0|0|0|0|0|0|0

P|LABO3C|25R|LABOT|0|5
S| |91000000|181000000| |CA|0|25400|0|0|0|0|1|5460|0|0|0|0|0
S| |91000000|181000000| |VI|2|2000|0|0|0|0|0|0|0|0|0|0|0
S|IFN|32749000|51880806|ISN|FA|0|32000|270|8340|0|0|1|6500|0|0|0|0|0
S|IFN|32749000|51880806|ISN|CF|2|16300|270|8340|600|0|0|0|0|0|0|0|0
S|LABOT|32810833|53014722| |TF|0|0|0|0|0|0|0|0|0|0|0|0|0

P|LABO3D|07L|LABOT|0|2
S| |91000000|181000000| |CA|0|7400|0|0|0|0|1|5460|0|0|0|0|0
S|LABOT|32810833|53014722|ISN|CF|0|8400|6020|8200|5600|0|0|0|0|0|0|0|0

P|LABO3D|07R|LABOT|0|2
S| |91000000|181000000| |CA|0|7400|0|0|0|0|1|5460|0|0|0|0|0
S|LABOT|32810833|53014722|ISN|CF|0|8400|6020|8200|5600|0|0|0|0|0|0|0|0

P|LADA2A|25L|LADAL|0|4
S| |91000000|181000000| |CA|0|25400|0|0|0|0|1|5460|0|0|0|0|0
S|ISN|32746972|51828028|ISN|FA|0|32500|0|0|0|0|1|7500|0|0|0|0|0
S|ISN|32746972|51828028|ISN|CF|2|16500|0|0|500|0|0|0|0|0|0|0|0
S|LADAL|32373889|52928611| |TF|0|0|0|0|0|0|0|0|0|0|0|0|0

P|LADA2A|25R|LADAL|0|4
S| |91000000|181000000| |CA|0|25400|0|0|0|0|1|5460|0|0|0|0|0
S|ISN|32746972|51828028|ISN|FA|0|32500|0|0|0|0|1|7500|0|0|0|0|0
S|ISN|32746972|51828028|ISN|CF|2|16500|0|0|500|0|0|0|0|0|0|0|0
S|LADAL|32373889|52928611| |TF|0|0|0|0|0|0|0|0|0|0|0|0|0

P|LADA2B|07L|LADAL|0|5
S| |91000000|181000000| |CA|0|7400|0|0|0|0|1|5460|0|0|0|0|0
S| |91000000|181000000| |VI|1|31000|0|0|0|0|0|0|0|0|0|0|0
S|ISN|32746972|51828028|ISN|FA|0|1000|0|0|0|0|1|7500|0|0|0|0|0
S|ISN|32746972|51828028|ISN|CF|1|16500|0|0|700|0|0|0|0|0|0|0|0
S|LADAL|32373889|52928611| |TF|0|0|0|0|0|0|0|0|0|0|0|0|0

P|LADA2B|07R|LADAL|0|5
S| |91000000|181000000| |CA|0|7400|0|0|0|0|1|5460|0|0|0|0|0
S| |91000000|181000000| |VI|1|31000|0|0|0|0|0|0|0|0|0|0|0
S|ISN|32746972|51828028|ISN|FA|0|1000|0|0|0|0|1|7500|0|0|0|0|0
S|ISN|32746972|51828028|ISN|CF|1|16500|0|0|700|0|0|0|0|0|0|0|0
S|LADAL|32373889|52928611| |TF|0|0|0|0|0|0|0|0|0|0|0|0|0

P|LADA3C|25L|LADAL|0|5
S| |91000000|181000000| |CA|0|25400|0|0|0|0|1|5460|0|0|0|0|0
S| |91000000|181000000| |VI|2|2000|0|0|0|0|0|0|0|0|0|0|0
S|IFN|32749000|51880806|ISN|FA|0|32000|270|8340|0|0|1|6500|0|0|0|0|0
S|IFN|32749000|51880806|ISN|CF|2|16300|270|8340|600|0|0|0|0|0|0|0|0
S|LADAL|32373889|52928611| |TF|0|0|0|0|0|0|0|0|0|0|0|0|0

P|LADA3C|25R|LADAL|0|5
S| |91000000|181000000| |CA|0|25400|0|0|0|0|1|5460|0|0|0|0|0
S| |91000000|181000000| |VI|2|2000|0|0|0|0|0|0|0|0|0|0|0
S|IFN|32749000|51880806|ISN|FA|0|32000|270|8340|0|0|1|6500|0|0|0|0|0
S|IFN|32749000|51880806|ISN|CF|2|16300|270|8340|600|0|0|0|0|0|0|0|0
S|LADAL|32373889|52928611| |TF|0|0|0|0|0|0|0|0|0|0|0|0|0

P|LADA3D|07L|LADAL|0|5
S| |91000000|181000000| |CA|0|7400|0|0|0|0|1|5460|0|0|0|0|0
S| |91000000|181000000| |VI|1|30500|0|0|0|0|0|0|0|0|0|0|0
S|IFN|32749000|51880806|ISN|FA|0|500|270|8340|0|0|1|6500|0|0|0|0|0
S|IFN|32749000|51880806|ISN|CF|1|16300|270|8340|400|0|0|0|0|0|0|0|0
S|LADAL|32373889|52928611| |TF|0|0|0|0|0|0|0|0|0|0|0|0|0

P|LADA3D|07R|LADAL|0|5
S| |91000000|181000000| |CA|0|7400|0|0|0|0|1|5460|0|0|0|0|0
S| |91000000|181000000| |VI|1|30500|0|0|0|0|0|0|0|0|0|0|0
S|IFN|32749000|51880806|ISN|FA|0|500|270|8340|0|0|1|6500|0|0|0|0|0
S|IFN|32749000|51880806|ISN|CF|1|16300|270|8340|400|0|0|0|0|0|0|0|0
S|LADAL|32373889|52928611| |TF|0|0|0|0|0|0|0|0|0|0|0|0|0

