P|ALMU1A|31L|ALMUX|0|4
S| |91000000|181000000| |CA|0|31000|0|0|0|0|1|3670|0|0|0|0|0
S|MSD|36231167|59650556|MSD|FA|0|30500|0|0|0|0|1|6000|0|0|0|0|0
S|MSD|36231167|59650556| |DF|2|0|0|0|0|0|1|9000|0|0|0|0|0
S|ALMUX|36460000|60855833| |TF|1|0|0|0|0|0|0|0|0|0|0|0|0

P|ALMU1A|31R|ALMUX|0|4
S| |91000000|181000000| |CA|0|31000|0|0|0|0|1|3670|0|0|0|0|0
S|MSD|36231167|59650556|MSD|FA|0|30500|0|0|0|0|1|6000|0|0|0|0|0
S|MSD|36231167|59650556| |DF|2|0|0|0|0|0|1|9000|0|0|0|0|0
S|ALMUX|36460000|60855833| |TF|1|0|0|0|0|0|0|0|0|0|0|0|0

P|ALMU1B|13L|ALMUX|0|4
S| |91000000|181000000| |CA|0|13000|0|0|0|0|1|3670|0|0|0|0|0
S|MSD|36231167|59650556|MSD|FA|0|13000|0|0|0|0|1|6000|0|0|0|0|0
S|MSD|36231167|59650556| |DF|2|0|0|0|0|0|1|9000|0|0|0|0|0
S|ALMUX|36460000|60855833| |TF|0|0|0|0|0|0|0|0|0|0|0|0|0

P|ALMU1B|13R|ALMUX|0|4
S| |91000000|181000000| |CA|0|13000|0|0|0|0|1|3670|0|0|0|0|0
S|MSD|36231167|59650556|MSD|FA|0|13000|0|0|0|0|1|6000|0|0|0|0|0
S|MSD|36231167|59650556| |DF|2|0|0|0|0|0|1|9000|0|0|0|0|0
S|ALMUX|36460000|60855833| |TF|0|0|0|0|0|0|0|0|0|0|0|0|0

P|BOTE1B|13L|BOTEK|0|4
S| |91000000|181000000| |CA|0|13000|0|0|0|0|1|3670|0|0|0|0|0
S|MSD|36231167|59650556|MSD|FA|0|13000|0|0|0|0|1|6000|0|0|0|0|0
S|MSD|36231167|59650556| |DF|2|0|0|0|0|0|1|9000|0|0|0|0|0
S|BOTEK|36798611|58626111| |TF|0|0|0|0|0|0|0|0|0|0|0|0|0

P|BOTE1B|13R|BOTEK|0|4
S| |91000000|181000000| |CA|0|13000|0|0|0|0|1|3670|0|0|0|0|0
S|MSD|36231167|59650556|MSD|FA|0|13000|0|0|0|0|1|6000|0|0|0|0|0
S|MSD|36231167|59650556| |DF|2|0|0|0|0|0|1|9000|0|0|0|0|0
S|BOTEK|36798611|58626111| |TF|0|0|0|0|0|0|0|0|0|0|0|0|0

P|BOTE1F|31L|BOTEK|0|2
S| |91000000|181000000| |CA|0|31000|0|0|0|0|1|3670|0|0|0|0|0
S|BOTEK|36798611|58626111|MSD|CF|0|30200|6010|30080|5800|0|0|0|0|0|0|0|0

P|BOTE1F|31R|BOTEK|0|2
S| |91000000|181000000| |CA|0|31000|0|0|0|0|1|3670|0|0|0|0|0
S|BOTEK|36798611|58626111|MSD|CF|0|30200|6010|30080|5800|0|0|0|0|0|0|0|0

P|BOTE1G|13L|BOTEK|0|4
S| |91000000|181000000| |CA|0|13000|0|0|0|0|1|3670|0|0|0|0|0
S|MSD|36228528|59637889|MSD|FA|0|13000|60|25160|0|0|1|6000|0|0|0|0|0
S|MSD|36228528|59637889| |DF|2|0|0|0|0|0|1|9000|0|0|0|0|0
S|BOTEK|36798611|58626111| |TF|0|0|0|0|0|0|0|0|0|0|0|0|0

P|BOTE1G|13R|BOTEK|0|4
S| |91000000|181000000| |CA|0|13000|0|0|0|0|1|3670|0|0|0|0|0
S|MSD|36228528|59637889|MSD|FA|0|13000|60|25160|0|0|1|6000|0|0|0|0|0
S|MSD|36228528|59637889| |DF|2|0|0|0|0|0|1|9000|0|0|0|0|0
S|BOTEK|36798611|58626111| |TF|0|0|0|0|0|0|0|0|0|0|0|0|0

P|BOTE2A|31L|BOTEK|0|2
S| |91000000|181000000| |CA|0|31000|0|0|0|0|1|3670|0|0|0|0|0
S|BOTEK|36798611|58626111|MSD|CF|0|30000|6010|30080|5800|0|0|0|0|0|0|0|0

P|BOTE2A|31R|BOTEK|0|2
S| |91000000|181000000| |CA|0|31000|0|0|0|0|1|3670|0|0|0|0|0
S|BOTEK|36798611|58626111|MSD|CF|0|30000|6010|30080|5800|0|0|0|0|0|0|0|0

P|EMES2A|31L|EMESA|0|4
S| |91000000|181000000| |CA|0|31000|0|0|0|0|1|3670|0|0|0|0|0
S|MSD|36231167|59650556|MSD|FA|0|30500|0|0|0|0|1|6000|0|0|0|0|0
S|MSD|36231167|59650556| |DF|2|0|0|0|0|0|1|9000|0|0|0|0|0
S|EMESA|35768056|58560278| |TF|0|0|0|0|0|0|0|0|0|0|0|0|0

P|EMES2A|31R|EMESA|0|4
S| |91000000|181000000| |CA|0|31000|0|0|0|0|1|3670|0|0|0|0|0
S|MSD|36231167|59650556|MSD|FA|0|30500|0|0|0|0|1|6000|0|0|0|0|0
S|MSD|36231167|59650556| |DF|2|0|0|0|0|0|1|9000|0|0|0|0|0
S|EMESA|35768056|58560278| |TF|0|0|0|0|0|0|0|0|0|0|0|0|0

P|EMES2B|13L|EMESA|0|4
S| |91000000|181000000| |CA|0|13000|0|0|0|0|1|3670|0|0|0|0|0
S|MSD|36231167|59650556|MSD|FA|0|13000|0|0|0|0|1|6000|0|0|0|0|0
S|MSD|36231167|59650556| |DF|2|0|0|0|0|0|1|9000|0|0|0|0|0
S|EMESA|35768056|58560278| |TF|1|0|0|0|0|0|0|0|0|0|0|0|0

P|EMES2B|13R|EMESA|0|4
S| |91000000|181000000| |CA|0|13000|0|0|0|0|1|3670|0|0|0|0|0
S|MSD|36231167|59650556|MSD|FA|0|13000|0|0|0|0|1|6000|0|0|0|0|0
S|MSD|36231167|59650556| |DF|2|0|0|0|0|0|1|9000|0|0|0|0|0
S|EMESA|35768056|58560278| |TF|1|0|0|0|0|0|0|0|0|0|0|0|0

P|LOSA1A|31L|LOSAN|0|4
S| |91000000|181000000| |CA|0|31000|0|0|0|0|1|3670|0|0|0|0|0
S|MSD|36231167|59650556|MSD|FA|0|30500|0|0|0|0|1|6000|0|0|0|0|0
S|MSD|36231167|59650556| |DF|2|0|0|0|0|0|1|9000|0|0|0|0|0
S|LOSAN|35340278|59093333| |TF|0|0|0|0|0|0|0|0|0|0|0|0|0

P|LOSA1A|31R|LOSAN|0|4
S| |91000000|181000000| |CA|0|31000|0|0|0|0|1|3670|0|0|0|0|0
S|MSD|36231167|59650556|MSD|FA|0|30500|0|0|0|0|1|6000|0|0|0|0|0
S|MSD|36231167|59650556| |DF|2|0|0|0|0|0|1|9000|0|0|0|0|0
S|LOSAN|35340278|59093333| |TF|0|0|0|0|0|0|0|0|0|0|0|0|0

P|LOSA1B|13L|LOSAN|0|4
S| |91000000|181000000| |CA|0|13000|0|0|0|0|1|3670|0|0|0|0|0
S|MSD|36231167|59650556|MSD|FA|0|13000|0|0|0|0|1|6000|0|0|0|0|0
S|MSD|36231167|59650556| |DF|2|0|0|0|0|0|1|9000|0|0|0|0|0
S|LOSAN|35340278|59093333| |TF|1|0|0|0|0|0|0|0|0|0|0|0|0

P|LOSA1B|13R|LOSAN|0|4
S| |91000000|181000000| |CA|0|13000|0|0|0|0|1|3670|0|0|0|0|0
S|MSD|36231167|59650556|MSD|FA|0|13000|0|0|0|0|1|6000|0|0|0|0|0
S|MSD|36231167|59650556| |DF|2|0|0|0|0|0|1|9000|0|0|0|0|0
S|LOSAN|35340278|59093333| |TF|1|0|0|0|0|0|0|0|0|0|0|0|0

P|MIDM1B|13L|MIDMO|0|4
S| |91000000|181000000| |CA|0|13000|0|0|0|0|1|3670|0|0|0|0|0
S|MSD|36231167|59650556|MSD|FA|0|13000|0|0|0|0|1|6000|0|0|0|0|0
S|MSD|36231167|59650556| |DF|2|0|0|0|0|0|1|9000|0|0|0|0|0
S|MIDMO|37095278|59023333| |TF|0|0|0|0|0|0|0|0|0|0|0|0|0

P|MIDM1B|13R|MIDMO|0|4
S| |91000000|181000000| |CA|0|13000|0|0|0|0|1|3670|0|0|0|0|0
S|MSD|36231167|59650556|MSD|FA|0|13000|0|0|0|0|1|6000|0|0|0|0|0
S|MSD|36231167|59650556| |DF|2|0|0|0|0|0|1|9000|0|0|0|0|0
S|MIDMO|37095278|59023333| |TF|0|0|0|0|0|0|0|0|0|0|0|0|0

P|MIDM1F|31L|MIDMO|0|4
S| |91000000|181000000| |CA|0|31000|0|0|0|0|1|3670|0|0|0|0|0
S|MSD|36228528|59637889|MSD|FA|0|31200|60|25160|0|0|1|6000|0|0|0|0|0
S| |91000000|181000000| |VI|0|35700|0|0|0|0|0|0|0|0|0|0|0
S|MIDMO|37095278|59023333|MSD|CF|0|32700|6000|32590|4100|0|1|16000|0|0|0|0|0

P|MIDM1F|31R|MIDMO|0|4
S| |91000000|181000000| |CA|0|31000|0|0|0|0|1|3670|0|0|0|0|0
S|MSD|36228528|59637889|MSD|FA|0|31200|60|25160|0|0|1|6000|0|0|0|0|0
S| |91000000|181000000| |VI|0|35700|0|0|0|0|0|0|0|0|0|0|0
S|MIDMO|37095278|59023333|MSD|CF|0|32700|6000|32590|4100|0|1|16000|0|0|0|0|0

P|MIDM1G|13L|MIDMO|0|4
S| |91000000|181000000| |CA|0|13000|0|0|0|0|1|3670|0|0|0|0|0
S|MSD|36228528|59637889|MSD|FA|0|13000|60|25160|0|0|1|6000|0|0|0|0|0
S|MSD|36228528|59637889| |DF|2|0|0|0|0|0|1|9000|0|0|0|0|0
S|MIDMO|37095278|59023333| |TF|0|0|0|0|0|0|0|0|0|0|0|0|0

P|MIDM1G|13R|MIDMO|0|4
S| |91000000|181000000| |CA|0|13000|0|0|0|0|1|3670|0|0|0|0|0
S|MSD|36228528|59637889|MSD|FA|0|13000|60|25160|0|0|1|6000|0|0|0|0|0
S|MSD|36228528|59637889| |DF|2|0|0|0|0|0|1|9000|0|0|0|0|0
S|MIDMO|37095278|59023333| |TF|0|0|0|0|0|0|0|0|0|0|0|0|0

P|MIDM2A|31L|MIDMO|0|4
S| |91000000|181000000| |CA|0|31000|0|0|0|0|1|3670|0|0|0|0|0
S|MSD|36231167|59650556|MSD|FA|0|30500|0|0|0|0|1|6000|0|0|0|0|0
S| |91000000|181000000| |VI|0|35600|0|0|0|0|0|0|0|0|0|0|0
S|MIDMO|37095278|59023333|MSD|CF|0|32600|6000|32590|5100|0|1|16000|0|0|0|0|0

P|MIDM2A|31R|MIDMO|0|4
S| |91000000|181000000| |CA|0|31000|0|0|0|0|1|3670|0|0|0|0|0
S|MSD|36231167|59650556|MSD|FA|0|30500|0|0|0|0|1|6000|0|0|0|0|0
S| |91000000|181000000| |VI|0|35600|0|0|0|0|0|0|0|0|0|0|0
S|MIDMO|37095278|59023333|MSD|CF|0|32600|6000|32590|5100|0|1|16000|0|0|0|0|0

P|NOTS1B|13L|NOTSO|0|4
S| |91000000|181000000| |CA|0|13000|0|0|0|0|1|3670|0|0|0|0|0
S|MSD|36231167|59650556|MSD|FA|0|13000|0|0|0|0|1|6000|0|0|0|0|0
S|MSD|36231167|59650556| |DF|2|0|0|0|0|0|1|9000|0|0|0|0|0
S|NOTSO|35237778|59509444| |TF|1|0|0|0|0|0|0|0|0|0|0|0|0

P|NOTS1B|13R|NOTSO|0|4
S| |91000000|181000000| |CA|0|13000|0|0|0|0|1|3670|0|0|0|0|0
S|MSD|36231167|59650556|MSD|FA|0|13000|0|0|0|0|1|6000|0|0|0|0|0
S|MSD|36231167|59650556| |DF|2|0|0|0|0|0|1|9000|0|0|0|0|0
S|NOTSO|35237778|59509444| |TF|1|0|0|0|0|0|0|0|0|0|0|0|0

P|NOTS1F|31L|NOTSO|0|3
S| |91000000|181000000| |VA|0|31000|0|0|0|0|1|8000|0|0|0|0|0
S|MSD|36228528|59637889| |DF|2|0|0|0|0|0|0|0|0|0|0|0|0
S|NOTSO|35237778|59509444| |TF|0|0|0|0|0|0|0|0|0|0|0|0|0

P|NOTS1F|31R|NOTSO|0|3
S| |91000000|181000000| |VA|0|31000|0|0|0|0|1|8000|0|0|0|0|0
S|MSD|36228528|59637889| |DF|2|0|0|0|0|0|0|0|0|0|0|0|0
S|NOTSO|35237778|59509444| |TF|0|0|0|0|0|0|0|0|0|0|0|0|0

P|NOTS1G|13L|NOTSO|0|4
S| |91000000|181000000| |CA|0|13000|0|0|0|0|1|3670|0|0|0|0|0
S|MSD|36228528|59637889|MSD|FA|0|13000|60|25160|0|0|1|6000|0|0|0|0|0
S| |91000000|181000000| |VI|0|21200|0|0|0|0|0|0|0|0|0|0|0
S|NOTSO|35237778|59509444|MSD|CF|0|18200|5990|18270|4800|0|0|0|0|0|0|0|0

P|NOTS1G|13R|NOTSO|0|4
S| |91000000|181000000| |CA|0|13000|0|0|0|0|1|3670|0|0|0|0|0
S|MSD|36228528|59637889|MSD|FA|0|13000|60|25160|0|0|1|6000|0|0|0|0|0
S| |91000000|181000000| |VI|0|21200|0|0|0|0|0|0|0|0|0|0|0
S|NOTSO|35237778|59509444|MSD|CF|0|18200|5990|18270|4800|0|0|0|0|0|0|0|0

P|NOTS1H|13L|NOTSO|0|4
S| |91000000|181000000| |CA|0|13000|0|0|0|0|1|3670|0|0|0|0|0
S|MSD|36228528|59637889|MSD|FA|0|13000|60|25160|0|0|1|6000|0|0|0|0|0
S|MSD|36228528|59637889| |DF|2|0|0|0|0|0|1|9000|0|0|0|0|0
S|NOTSO|35237778|59509444| |TF|1|0|0|0|0|0|0|0|0|0|0|0|0

P|NOTS1H|13R|NOTSO|0|4
S| |91000000|181000000| |CA|0|13000|0|0|0|0|1|3670|0|0|0|0|0
S|MSD|36228528|59637889|MSD|FA|0|13000|60|25160|0|0|1|6000|0|0|0|0|0
S|MSD|36228528|59637889| |DF|2|0|0|0|0|0|1|9000|0|0|0|0|0
S|NOTSO|35237778|59509444| |TF|1|0|0|0|0|0|0|0|0|0|0|0|0

P|NOTS2A|31L|NOTSO|0|4
S| |91000000|181000000| |CA|0|31000|0|0|0|0|1|3670|0|0|0|0|0
S|MSD|36231167|59650556|MSD|FA|0|30500|0|0|0|0|1|6000|0|0|0|0|0
S|MSD|36231167|59650556| |DF|2|0|0|0|0|0|1|9000|0|0|0|0|0
S|NOTSO|35237778|59509444| |TF|0|0|0|0|0|0|0|0|0|0|0|0|0

P|NOTS2A|31R|NOTSO|0|4
S| |91000000|181000000| |CA|0|31000|0|0|0|0|1|3670|0|0|0|0|0
S|MSD|36231167|59650556|MSD|FA|0|30500|0|0|0|0|1|6000|0|0|0|0|0
S|MSD|36231167|59650556| |DF|2|0|0|0|0|0|1|9000|0|0|0|0|0
S|NOTSO|35237778|59509444| |TF|0|0|0|0|0|0|0|0|0|0|0|0|0

P|ORDO1A|31L|ORDOB|0|4
S| |91000000|181000000| |CA|0|31000|0|0|0|0|1|3670|0|0|0|0|0
S|MSD|36231167|59650556|MSD|FA|0|30500|0|0|0|0|1|6000|0|0|0|0|0
S|MSD|36231167|59650556| |DF|2|0|0|0|0|0|1|9000|0|0|0|0|0
S|ORDOB|36269167|58417778| |TF|2|0|0|0|0|0|0|0|0|0|0|0|0

P|ORDO1A|31R|ORDOB|0|4
S| |91000000|181000000| |CA|0|31000|0|0|0|0|1|3670|0|0|0|0|0
S|MSD|36231167|59650556|MSD|FA|0|30500|0|0|0|0|1|6000|0|0|0|0|0
S|MSD|36231167|59650556| |DF|2|0|0|0|0|0|1|9000|0|0|0|0|0
S|ORDOB|36269167|58417778| |TF|2|0|0|0|0|0|0|0|0|0|0|0|0

P|ORDO1B|31L|ORDOB|0|4
S| |91000000|181000000| |CA|0|31000|0|0|0|0|1|3670|0|0|0|0|0
S|MSD|36231167|59650556|MSD|FA|0|30500|0|0|0|0|1|8000|0|0|0|0|0
S| |91000000|181000000| |VI|0|23900|0|0|0|0|0|0|0|0|0|0|0
S|ORDOB|36269167|58417778|MSD|CF|0|26900|5990|26850|3900|0|0|0|0|0|0|0|0

P|ORDO1B|31R|ORDOB|0|4
S| |91000000|181000000| |CA|0|31000|0|0|0|0|1|3670|0|0|0|0|0
S|MSD|36231167|59650556|MSD|FA|0|30500|0|0|0|0|1|8000|0|0|0|0|0
S| |91000000|181000000| |VI|0|23900|0|0|0|0|0|0|0|0|0|0|0
S|ORDOB|36269167|58417778|MSD|CF|0|26900|5990|26850|3900|0|0|0|0|0|0|0|0

P|ORDO1C|13L|ORDOB|0|4
S| |91000000|181000000| |CA|0|13000|0|0|0|0|1|3670|0|0|0|0|0
S|MSD|36231167|59650556|MSD|FA|0|13000|0|0|0|0|1|6000|0|0|0|0|0
S|MSD|36231167|59650556| |DF|2|0|0|0|0|0|1|9000|0|0|0|0|0
S|ORDOB|36269167|58417778| |TF|0|0|0|0|0|0|0|0|0|0|0|0|0

P|ORDO1C|13R|ORDOB|0|4
S| |91000000|181000000| |CA|0|13000|0|0|0|0|1|3670|0|0|0|0|0
S|MSD|36231167|59650556|MSD|FA|0|13000|0|0|0|0|1|6000|0|0|0|0|0
S|MSD|36231167|59650556| |DF|2|0|0|0|0|0|1|9000|0|0|0|0|0
S|ORDOB|36269167|58417778| |TF|0|0|0|0|0|0|0|0|0|0|0|0|0

P|PAMT1A|31L|PAMTU|0|4
S| |91000000|181000000| |CA|0|31000|0|0|0|0|1|3670|0|0|0|0|0
S|MSD|36231167|59650556|MSD|FA|0|30500|0|0|0|0|1|6000|0|0|0|0|0
S|MSD|36231167|59650556| |DF|2|0|0|0|0|0|1|9000|0|0|0|0|0
S|PAMTU|35168333|61135000| |TF|0|0|0|0|0|0|0|0|0|0|0|0|0

P|PAMT1A|31R|PAMTU|0|4
S| |91000000|181000000| |CA|0|31000|0|0|0|0|1|3670|0|0|0|0|0
S|MSD|36231167|59650556|MSD|FA|0|30500|0|0|0|0|1|6000|0|0|0|0|0
S|MSD|36231167|59650556| |DF|2|0|0|0|0|0|1|9000|0|0|0|0|0
S|PAMTU|35168333|61135000| |TF|0|0|0|0|0|0|0|0|0|0|0|0|0

P|PAMT1B|31L|PAMTU|0|6
S| |91000000|181000000| |CA|0|31000|0|0|0|0|1|3670|0|0|0|0|0
S|MSD|36231167|59650556|MSD|FA|0|30500|0|0|0|0|1|6000|0|0|0|0|0
S|MSD|36231167|59650556| |DF|2|0|0|0|0|0|1|9000|0|0|0|0|0
S|MSD|36231167|59650556|MSD|FD|0|10600|0|0|3000|0|1|11000|0|0|0|0|0
S| |91000000|181000000| |VI|0|15700|0|0|0|0|0|0|0|0|0|0|0
S|PAMTU|35168333|61135000|MSD|CF|0|12700|9650|12680|4800|0|0|0|0|0|0|0|0

P|PAMT1B|31R|PAMTU|0|6
S| |91000000|181000000| |CA|0|31000|0|0|0|0|1|3670|0|0|0|0|0
S|MSD|36231167|59650556|MSD|FA|0|30500|0|0|0|0|1|6000|0|0|0|0|0
S|MSD|36231167|59650556| |DF|2|0|0|0|0|0|1|9000|0|0|0|0|0
S|MSD|36231167|59650556|MSD|FD|0|10600|0|0|3000|0|1|11000|0|0|0|0|0
S| |91000000|181000000| |VI|0|15700|0|0|0|0|0|0|0|0|0|0|0
S|PAMTU|35168333|61135000|MSD|CF|0|12700|9650|12680|4800|0|0|0|0|0|0|0|0

P|PAMT1D|13L|PAMTU|0|4
S| |91000000|181000000| |CA|0|13000|0|0|0|0|1|3670|0|0|0|0|0
S|MSD|36231167|59650556|MSD|FD|0|10600|0|0|3000|0|1|11000|0|0|0|0|0
S| |91000000|181000000| |VI|0|15700|0|0|0|0|0|0|0|0|0|0|0
S|PAMTU|35168333|61135000|MSD|CF|0|12700|9650|12680|4800|0|0|0|0|0|0|0|0

P|PAMT1D|13R|PAMTU|0|4
S| |91000000|181000000| |CA|0|13000|0|0|0|0|1|3670|0|0|0|0|0
S|MSD|36231167|59650556|MSD|FD|0|10600|0|0|3000|0|1|11000|0|0|0|0|0
S| |91000000|181000000| |VI|0|15700|0|0|0|0|0|0|0|0|0|0|0
S|PAMTU|35168333|61135000|MSD|CF|0|12700|9650|12680|4800|0|0|0|0|0|0|0|0

P|PAMT1F|31L|PAMTU|0|4
S| |91000000|181000000| |CA|0|31000|0|0|0|0|1|3670|0|0|0|0|0
S|MSD|36228528|59637889|MSD|FA|0|31200|60|25160|0|0|1|6000|0|0|0|0|0
S|MSD|36228528|59637889| |DF|2|0|0|0|0|0|1|9000|0|0|0|0|0
S|PAMTU|35168333|61135000| |TF|0|0|0|0|0|0|0|0|0|0|0|0|0

P|PAMT1F|31R|PAMTU|0|4
S| |91000000|181000000| |CA|0|31000|0|0|0|0|1|3670|0|0|0|0|0
S|MSD|36228528|59637889|MSD|FA|0|31200|60|25160|0|0|1|6000|0|0|0|0|0
S|MSD|36228528|59637889| |DF|2|0|0|0|0|0|1|9000|0|0|0|0|0
S|PAMTU|35168333|61135000| |TF|0|0|0|0|0|0|0|0|0|0|0|0|0

P|PAMT1G|31L|PAMTU|0|6
S| |91000000|181000000| |CA|0|31000|0|0|0|0|1|3670|0|0|0|0|0
S|MSD|36228528|59637889|MSD|FA|0|31200|60|25160|0|0|1|6000|0|0|0|0|0
S|MSD|36228528|59637889| |DF|2|0|0|0|0|0|1|9000|0|0|0|0|0
S|MSD|36228528|59637889|MSD|FD|0|10500|60|25160|3000|0|1|11000|0|0|0|0|0
S| |91000000|181000000| |VI|0|15700|0|0|0|0|0|0|0|0|0|0|0
S|PAMTU|35168333|61135000|MSD|CF|0|12700|9650|12680|4800|0|0|0|0|0|0|0|0

P|PAMT1G|31R|PAMTU|0|6
S| |91000000|181000000| |CA|0|31000|0|0|0|0|1|3670|0|0|0|0|0
S|MSD|36228528|59637889|MSD|FA|0|31200|60|25160|0|0|1|6000|0|0|0|0|0
S|MSD|36228528|59637889| |DF|2|0|0|0|0|0|1|9000|0|0|0|0|0
S|MSD|36228528|59637889|MSD|FD|0|10500|60|25160|3000|0|1|11000|0|0|0|0|0
S| |91000000|181000000| |VI|0|15700|0|0|0|0|0|0|0|0|0|0|0
S|PAMTU|35168333|61135000|MSD|CF|0|12700|9650|12680|4800|0|0|0|0|0|0|0|0

P|PAMT1K|13L|PAMTU|0|2
S| |91000000|181000000| |CA|0|13000|0|0|0|0|1|3670|0|0|0|0|0
S|PAMTU|35168333|61135000|MSD|CF|0|12700|9650|12680|9500|0|0|0|0|0|0|0|0

P|PAMT1K|13R|PAMTU|0|2
S| |91000000|181000000| |CA|0|13000|0|0|0|0|1|3670|0|0|0|0|0
S|PAMTU|35168333|61135000|MSD|CF|0|12700|9650|12680|9500|0|0|0|0|0|0|0|0

P|PAMT1L|13L|PAMTU|0|4
S| |91000000|181000000| |CA|0|13000|0|0|0|0|1|3670|0|0|0|0|0
S|MSD|36228528|59637889|MSD|FD|0|10500|60|25160|3000|0|1|11000|0|0|0|0|0
S| |91000000|181000000| |VI|0|15700|0|0|0|0|0|0|0|0|0|0|0
S|PAMTU|35168333|61135000|MSD|CF|0|12700|9650|12680|4800|0|0|0|0|0|0|0|0

P|PAMT1L|13R|PAMTU|0|4
S| |91000000|181000000| |CA|0|13000|0|0|0|0|1|3670|0|0|0|0|0
S|MSD|36228528|59637889|MSD|FD|0|10500|60|25160|3000|0|1|11000|0|0|0|0|0
S| |91000000|181000000| |VI|0|15700|0|0|0|0|0|0|0|0|0|0|0
S|PAMTU|35168333|61135000|MSD|CF|0|12700|9650|12680|4800|0|0|0|0|0|0|0|0

P|RAMI1B|13L|RAMIL|0|4
S| |91000000|181000000| |CA|0|13000|0|0|0|0|1|3670|0|0|0|0|0
S|MSD|36231167|59650556|MSD|FA|0|13000|0|0|0|0|1|6000|0|0|0|0|0
S|MSD|36231167|59650556| |DF|2|0|0|0|0|0|1|9000|0|0|0|0|0
S|RAMIL|35485833|58828056| |TF|1|0|0|0|0|0|0|0|0|0|0|0|0

P|RAMI1B|13R|RAMIL|0|4
S| |91000000|181000000| |CA|0|13000|0|0|0|0|1|3670|0|0|0|0|0
S|MSD|36231167|59650556|MSD|FA|0|13000|0|0|0|0|1|6000|0|0|0|0|0
S|MSD|36231167|59650556| |DF|2|0|0|0|0|0|1|9000|0|0|0|0|0
S|RAMIL|35485833|58828056| |TF|1|0|0|0|0|0|0|0|0|0|0|0|0

P|RAMI1F|31L|RAMIL|0|3
S| |91000000|181000000| |VA|0|31000|0|0|0|0|1|8000|0|0|0|0|0
S|MSD|36228528|59637889| |DF|2|0|0|0|0|0|0|0|0|0|0|0|0
S|RAMIL|35485833|58828056| |TF|0|0|0|0|0|0|0|0|0|0|0|0|0

P|RAMI1F|31R|RAMIL|0|3
S| |91000000|181000000| |VA|0|31000|0|0|0|0|1|8000|0|0|0|0|0
S|MSD|36228528|59637889| |DF|2|0|0|0|0|0|0|0|0|0|0|0|0
S|RAMIL|35485833|58828056| |TF|0|0|0|0|0|0|0|0|0|0|0|0|0

P|RAMI1G|13L|RAMIL|0|4
S| |91000000|181000000| |CA|0|13000|0|0|0|0|1|3670|0|0|0|0|0
S|MSD|36228528|59637889|MSD|FA|0|13000|60|25160|0|0|1|6000|0|0|0|0|0
S|MSD|36228528|59637889| |DF|2|0|0|0|0|0|1|9000|0|0|0|0|0
S|RAMIL|35485833|58828056| |TF|1|0|0|0|0|0|0|0|0|0|0|0|0

P|RAMI1G|13R|RAMIL|0|4
S| |91000000|181000000| |CA|0|13000|0|0|0|0|1|3670|0|0|0|0|0
S|MSD|36228528|59637889|MSD|FA|0|13000|60|25160|0|0|1|6000|0|0|0|0|0
S|MSD|36228528|59637889| |DF|2|0|0|0|0|0|1|9000|0|0|0|0|0
S|RAMIL|35485833|58828056| |TF|1|0|0|0|0|0|0|0|0|0|0|0|0

P|RAMI2A|31L|RAMIL|0|4
S| |91000000|181000000| |CA|0|31000|0|0|0|0|1|3670|0|0|0|0|0
S|MSD|36231167|59650556|MSD|FA|0|30500|0|0|0|0|1|6000|0|0|0|0|0
S|MSD|36231167|59650556| |DF|2|0|0|0|0|0|1|9000|0|0|0|0|0
S|RAMIL|35485833|58828056| |TF|0|0|0|0|0|0|0|0|0|0|0|0|0

P|RAMI2A|31R|RAMIL|0|4
S| |91000000|181000000| |CA|0|31000|0|0|0|0|1|3670|0|0|0|0|0
S|MSD|36231167|59650556|MSD|FA|0|30500|0|0|0|0|1|6000|0|0|0|0|0
S|MSD|36231167|59650556| |DF|2|0|0|0|0|0|1|9000|0|0|0|0|0
S|RAMIL|35485833|58828056| |TF|0|0|0|0|0|0|0|0|0|0|0|0|0

P|TANB1A|31L|TANBU|0|4
S| |91000000|181000000| |CA|0|31000|0|0|0|0|1|3670|0|0|0|0|0
S|MSD|36231167|59650556|MSD|FA|0|30500|0|0|0|0|1|6000|0|0|0|0|0
S|MSD|36231167|59650556| |DF|2|0|0|0|0|0|1|9000|0|0|0|0|0
S|TANBU|35572778|60575000| |TF|0|0|0|0|0|0|0|0|0|0|0|0|0

P|TANB1A|31R|TANBU|0|4
S| |91000000|181000000| |CA|0|31000|0|0|0|0|1|3670|0|0|0|0|0
S|MSD|36231167|59650556|MSD|FA|0|30500|0|0|0|0|1|6000|0|0|0|0|0
S|MSD|36231167|59650556| |DF|2|0|0|0|0|0|1|9000|0|0|0|0|0
S|TANBU|35572778|60575000| |TF|0|0|0|0|0|0|0|0|0|0|0|0|0

P|TANB1B|13L|TANBU|0|4
S| |91000000|181000000| |CA|0|13000|0|0|0|0|1|3670|0|0|0|0|0
S|MSD|36231167|59650556|MSD|FA|0|13000|0|0|0|0|1|6000|0|0|0|0|0
S|MSD|36231167|59650556| |DF|2|0|0|0|0|0|1|9000|0|0|0|0|0
S|TANBU|35572778|60575000| |TF|2|0|0|0|0|0|0|0|0|0|0|0|0

P|TANB1B|13R|TANBU|0|4
S| |91000000|181000000| |CA|0|13000|0|0|0|0|1|3670|0|0|0|0|0
S|MSD|36231167|59650556|MSD|FA|0|13000|0|0|0|0|1|6000|0|0|0|0|0
S|MSD|36231167|59650556| |DF|2|0|0|0|0|0|1|9000|0|0|0|0|0
S|TANBU|35572778|60575000| |TF|2|0|0|0|0|0|0|0|0|0|0|0|0

P|TANB1F|31L|TANBU|0|4
S| |91000000|181000000| |CA|0|31000|0|0|0|0|1|3670|0|0|0|0|0
S|MSD|36228528|59637889|MSD|FA|0|31200|60|25160|0|0|1|6000|0|0|0|0|0
S|MSD|36228528|59637889| |DF|2|0|0|0|0|0|1|9000|0|0|0|0|0
S|TANBU|35572778|60575000| |TF|0|0|0|0|0|0|0|0|0|0|0|0|0

P|TANB1F|31R|TANBU|0|4
S| |91000000|181000000| |CA|0|31000|0|0|0|0|1|3670|0|0|0|0|0
S|MSD|36228528|59637889|MSD|FA|0|31200|60|25160|0|0|1|6000|0|0|0|0|0
S|MSD|36228528|59637889| |DF|2|0|0|0|0|0|1|9000|0|0|0|0|0
S|TANBU|35572778|60575000| |TF|0|0|0|0|0|0|0|0|0|0|0|0|0

P|TANB1K|13L|TANBU|0|5
S| |91000000|181000000| |CA|0|13000|0|0|0|0|1|3670|0|0|0|0|0
S|MSD|36228528|59637889|MSD|FA|0|12600|60|25160|0|0|1|6000|0|0|0|0|0
S|MSD|36228528|59637889| |DF|2|0|0|0|0|0|1|9000|0|1|0|0|0
S| |91000000|181000000| |VI|2|15600|0|0|0|0|0|0|0|0|0|0|0
S|TANBU|35572778|60575000|MSD|CF|0|12600|5990|12690|5100|0|0|0|0|0|0|0|0

P|TANB1K|13R|TANBU|0|5
S| |91000000|181000000| |CA|0|13000|0|0|0|0|1|3670|0|0|0|0|0
S|MSD|36228528|59637889|MSD|FA|0|12600|60|25160|0|0|1|6000|0|0|0|0|0
S|MSD|36228528|59637889| |DF|2|0|0|0|0|0|1|9000|0|1|0|0|0
S| |91000000|181000000| |VI|2|15600|0|0|0|0|0|0|0|0|0|0|0
S|TANBU|35572778|60575000|MSD|CF|0|12600|5990|12690|5100|0|0|0|0|0|0|0|0

