P|IMKE2A|28|IMKER|0|4
S| |91000000|181000000| |CA|0|28300|0|0|0|0|1|340|0|0|0|0|0
S|NSR|36659806|51468056|TRN|FA|0|29000|5840|380|0|0|1|2500|0|0|0|0|0
S|NSR|36659806|51468056| |DF|2|0|0|0|0|0|1|5000|0|0|0|0|0
S|IMKER|36660556|51877500| |TF|0|0|0|0|0|0|1|10000|0|0|0|0|0

P|IMKE2B|10|IMKER|0|4
S| |91000000|181000000| |CA|0|10300|0|0|0|0|1|340|0|0|0|0|0
S| |91000000|181000000|NSR|CD|0|7000|0|0|1000|0|0|3000|0|0|0|0|0
S| |91000000|181000000| |VI|0|11600|0|0|0|0|0|0|0|0|0|0|0
S|IMKER|36660556|51877500|TRN|CF|0|8600|6450|2140|600|0|1|10000|0|0|0|0|0

