P|NABE3C|27|NABEX|0|4
S| |91000000|181000000| |CA|0|26600|0|0|0|0|1|3050|0|0|0|0|0
S|LAR|27675194|54415194|LAR|FA|0|27000|0|0|0|0|1|5500|0|0|0|0|0
S|LAR|27675194|54415194| |DF|2|0|0|0|0|0|1|8000|0|0|0|0|0
S|NABEX|27199167|54226111| |TF|0|0|0|0|0|0|0|0|0|0|0|0|0

P|ROTA3A|27|ROTAL|0|4
S| |91000000|181000000| |CA|0|26600|0|0|0|0|1|3050|0|0|0|0|0
S|LAR|27675194|54415194|LAR|FA|0|27000|0|0|0|0|1|5500|0|0|0|0|0
S|LAR|27675194|54415194| |DF|2|0|0|0|0|0|1|8000|0|1|0|0|0
S|ROTAL|27544722|53888889| |TF|2|0|0|0|0|0|0|0|0|0|0|0|0

