P|ALRA1A|03|ALRAM|0|4
S|UMH|37687222|45084361| |DF|0|0|0|0|0|0|0|0|0|0|0|0|0
S|UMH|37687222|45084361|UMH|FA|0|3000|0|0|0|0|1|7000|0|0|0|0|0
S|UMH|37687222|45084361| |DF|2|0|0|0|0|0|0|0|0|0|0|0|0
S|ALRAM|37708333|44626667| |TF|0|0|0|0|0|0|1|16000|0|0|0|0|0

P|ALRA1B|21|ALRAM|0|4
S| |91000000|181000000| |VA|0|20900|0|0|0|0|1|4750|0|0|0|0|0
S|UMH|37687222|45084361|UMH|FA|0|19000|0|0|0|0|1|7000|0|0|0|0|0
S|UMH|37687222|45084361| |DF|1|0|0|0|0|0|0|0|0|0|0|0|0
S|ALRAM|37708333|44626667| |TF|0|0|0|0|0|0|1|16000|0|0|0|0|0

P|BONA1A|03|BONAM|0|5
S| |91000000|181000000| |VA|0|2900|0|0|0|0|1|4744|0|0|0|0|0
S|UMH|37687222|45084361|UMH|CF|0|2900|0|0|100|0|0|0|0|0|0|0|0
S|UMH|37687222|45084361|UMH|FA|0|3000|0|0|0|0|1|7000|0|0|0|0|0
S|UMH|37687222|45084361| |DF|2|0|0|0|0|0|0|0|0|0|0|0|0
S|BONAM|38048889|44299722| |TF|0|0|0|0|0|0|1|15000|0|0|0|0|0

P|BONA1B|21|BONAM|0|4
S| |91000000|181000000| |VA|0|20900|0|0|0|0|1|4744|0|0|0|0|0
S|UMH|37687222|45084361|UMH|FA|0|19000|0|0|0|0|1|7000|0|0|0|0|0
S|UMH|37687222|45084361| |DF|1|0|0|0|0|0|0|0|0|0|0|0|0
S|BONAM|38048889|44299722| |TF|0|0|0|0|0|0|1|15000|0|0|0|0|0

P|BONA1C|03|BONAM|0|4
S| |91000000|181000000| |VA|0|2900|0|0|0|0|1|4750|0|0|0|0|0
S|UMH|37667056|45061972|SNJ|FA|0|3000|17330|32270|0|0|1|7000|0|0|0|0|0
S|UMH|37667056|45061972| |DF|2|0|0|0|0|0|0|0|0|0|0|0|0
S|BONAM|38048889|44299722| |TF|0|0|0|0|0|0|1|15000|0|0|0|0|0

P|BONA1D|21|BONAM|0|4
S| |91000000|181000000| |VA|0|20900|0|0|0|0|1|4750|0|0|0|0|0
S|UMH|37667056|45061972|SNJ|FA|0|18600|17330|32270|0|0|1|7000|0|0|0|0|0
S|UMH|37667056|45061972| |DF|1|0|0|0|0|0|0|0|0|0|0|0|0
S|BONAM|38048889|44299722| |TF|0|0|0|0|0|0|1|15000|0|0|0|0|0

P|RABE1A|03|RABEM|0|2
S| |91000000|181000000| |VA|0|2900|0|0|0|0|1|4750|0|0|0|0|0
S|RABEM|37811389|45496944|UMH|CF|0|6500|2100|6510|2100|0|1|10000|0|0|0|0|0

P|RABE1B|21|RABEM|0|3
S| |91000000|181000000| |VA|0|20900|0|0|0|0|1|4750|0|0|0|0|0
S| |91000000|181000000| |VI|1|3500|0|0|0|210|0|0|0|0|0|0|0
S|RABEM|37811389|45496944|UMH|CF|0|6500|2100|6510|1400|0|1|10000|0|0|0|0|0

P|RABE1C|03|RABEM|0|3
S| |91000000|181000000| |VA|0|2900|0|0|0|0|1|4750|0|0|0|0|0
S| |91000000|181000000| |VI|0|9300|0|0|0|0|0|0|0|0|0|0|0
S|RABEM|37811389|45496944|SNJ|CF|0|6300|17060|33010|2000|0|1|10000|0|0|0|0|0

P|RABE1D|21|RABEM|0|3
S| |91000000|181000000| |VA|0|20900|0|0|0|0|1|4750|0|0|0|0|0
S| |91000000|181000000| |VI|1|3300|0|0|0|210|0|0|0|0|0|0|0
S|RABEM|37811389|45496944|SNJ|CF|0|6300|17060|33010|1700|0|1|10000|0|0|0|0|0

P|ROVO1A|03|ROVON|0|5
S| |91000000|181000000| |VA|0|2900|0|0|0|0|1|4750|0|0|0|0|0
S|UMH|37687222|45084361|UMH|CF|0|2900|0|0|100|0|0|0|0|0|0|0|0
S|UMH|37687222|45084361|UMH|FA|0|9500|0|0|0|0|1|11000|0|0|0|0|0
S| |91000000|181000000| |VI|0|16400|0|0|0|0|0|0|0|0|0|0|0
S|ROVON|37266944|45889444|UMH|CF|0|11900|4600|11900|2900|0|0|0|0|0|0|0|0

P|ROVO1B|21|ROVON|0|5
S| |91000000|181000000| |VA|0|20900|0|0|0|0|1|4750|0|0|0|0|0
S| |91000000|181000000| |VI|1|6500|0|0|0|210|0|0|0|0|0|0|0
S|UMH|37687222|45084361|UMH|FA|0|9500|0|0|0|0|1|11000|0|0|0|0|0
S| |91000000|181000000| |VI|0|16400|0|0|0|0|0|0|0|0|0|0|0
S|ROVON|37266944|45889444|UMH|CF|0|11900|4600|11900|2700|0|0|0|0|0|0|0|0

P|ROVO1C|03|ROVON|0|5
S| |91000000|181000000| |VA|0|2900|0|0|0|0|1|4750|0|0|0|0|0
S| |91000000|181000000| |VI|0|11100|0|0|0|0|0|0|0|0|0|0|0
S|UMH|37667056|45061972|SNJ|FA|0|8100|17330|32270|0|0|1|11000|0|0|0|0|0
S| |91000000|181000000| |VI|0|16200|0|0|0|0|0|0|0|0|0|0|0
S|ROVON|37266944|45889444|SNJ|CF|0|11700|13310|33130|2200|0|0|0|0|0|0|0|0

P|ROVO1D|21|ROVON|0|5
S| |91000000|181000000| |VA|0|20900|0|0|0|0|1|4750|0|0|0|0|0
S| |91000000|181000000| |VI|1|5100|0|0|0|0|0|0|0|0|0|0|0
S|UMH|37667056|45061972|SNJ|FA|0|8100|17330|32270|0|0|1|11000|0|0|0|0|0
S| |91000000|181000000| |VI|0|16200|0|0|0|210|0|0|0|0|0|0|0
S|ROVON|37266944|45889444|SNJ|CF|0|11700|13310|33130|1600|0|0|0|0|0|0|0|0

P|ROVO1E|03|ROVON|0|4
S| |91000000|181000000| |CA|0|2900|0|0|0|0|1|4750|0|0|0|0|0
S|RW03|37655842|45058669|UMH|FA|0|3000|220|20910|0|0|1|7000|0|0|0|0|0
S| |91000000|181000000| |VI|2|16400|0|0|0|0|0|0|0|0|0|0|0
S|ROVON|37266944|45889444|UMH|CF|0|11900|4600|11900|3900|0|0|0|0|0|0|0|0

P|ROVO1F|21|ROVON|0|4
S| |91000000|181000000| |CA|0|20900|0|0|0|0|1|4750|0|0|0|0|0
S|RW21|37680403|45078764|UMH|FA|0|19000|50|20910|0|0|1|8000|0|0|0|0|0
S| |91000000|181000000| |VI|1|7400|0|0|0|0|0|0|0|0|0|0|0
S|ROVON|37266944|45889444|UMH|CF|0|11900|4600|11900|3500|0|0|0|0|0|0|0|0

P|ROVO1G|03|ROVON|0|4
S| |91000000|181000000| |CA|0|2900|0|0|0|0|1|4750|0|0|0|0|0
S|RW03|37655842|45058669|SNJ|FA|0|3000|17280|32250|0|0|1|7000|0|0|0|0|0
S| |91000000|181000000| |VI|2|16200|0|0|0|0|0|0|0|0|0|0|0
S|ROVON|37266944|45889444|SNJ|CF|0|11700|13310|33130|3700|0|0|0|0|0|0|0|0

P|ROVO1H|21|ROVON|0|4
S| |91000000|181000000| |CA|0|20900|0|0|0|0|1|4750|0|0|0|0|0
S|RW21|37680403|45078764|SNJ|FA|0|18600|17360|32300|0|0|1|8000|0|0|0|0|0
S| |91000000|181000000| |VI|1|7200|0|0|0|0|0|0|0|0|0|0|0
S|ROVON|37266944|45889444|SNJ|CF|0|11700|13310|33130|3600|0|0|0|0|0|0|0|0

