P|BORE1A|30R|BORES|0|4
S| |91000000|181000000| |CA|0|30300|0|0|0|0|1|4850|0|0|0|0|0
S|TBZ|38148194|46212694|TBZ|FA|0|27500|0|0|0|0|1|7500|0|0|0|0|0
S|TBZ|38148194|46212694| |DF|1|0|0|0|0|0|1|11000|0|1|0|0|0
S|BORES|38474722|45360278| |TF|0|0|0|0|0|0|0|0|0|0|0|0|0

P|DASD1A|30R|DASDA|0|4
S| |91000000|181000000| |CA|0|30300|0|0|0|0|1|4850|0|0|0|0|0
S|TBZ|38148194|46212694|TBZ|FA|0|27500|0|0|0|0|1|7500|0|0|0|0|0
S|TBZ|38148194|46212694| |DF|1|0|0|0|0|0|1|11000|0|1|0|0|0
S|DASDA|38693056|46870556| |TF|0|0|0|0|0|0|0|0|0|0|0|0|0

P|PAPO1A|30R|PAPOK|0|4
S| |91000000|181000000| |CA|0|30300|0|0|0|0|1|4850|0|0|0|0|0
S|TBZ|38148194|46212694|TBZ|FA|0|27500|0|0|0|0|1|7500|0|0|0|0|0
S|TBZ|38148194|46212694| |DF|1|0|0|0|0|0|1|11000|0|1|0|0|0
S|PAPOK|38744167|46351389| |TF|0|0|0|0|0|0|0|0|0|0|0|0|0

P|RABD1A|30R|RABDI|0|4
S| |91000000|181000000| |CA|0|30300|0|0|0|0|1|4850|0|0|0|0|0
S|TBZ|38148194|46212694|TBZ|FA|0|27500|0|0|0|0|1|7500|0|0|0|0|0
S|TBZ|38148194|46212694| |DF|1|0|0|0|0|0|1|11000|0|1|0|0|0
S|RABDI|38801111|45741944| |TF|0|0|0|0|0|0|0|0|0|0|0|0|0

P|RAKE1A|30R|RAKED|0|4
S| |91000000|181000000| |CA|0|30300|0|0|0|0|1|4850|0|0|0|0|0
S|TBZ|38148194|46212694|TBZ|FA|0|27500|0|0|0|0|1|7500|0|0|0|0|0
S|TBZ|38148194|46212694|TBZ|CF|2|11300|0|0|600|0|1|11000|0|0|0|0|0
S|RAKED|37939167|47120000| |TF|0|0|0|0|0|0|0|0|0|0|0|0|0

P|RAKE1B|30R|RAKED|0|5
S| |91000000|181000000| |CA|0|30300|0|0|0|0|1|4850|0|0|0|0|0
S|D275P|38194078|45879564|TBZ|CF|0|27500|1600|27500|1600|0|0|0|0|0|0|0|0
S|D330P|38390047|46069350|TBZ|AF|2|27500|1600|33000|0|0|0|0|0|0|0|0|0
S|TBZ|38148194|46212694|TBZ|CF|0|15000|0|0|1600|0|0|0|0|0|0|0|0
S|RAKED|37939167|47120000| |TF|0|0|0|0|0|0|0|0|0|0|0|0|0

P|RUDA1A|30R|RUDAD|0|4
S| |91000000|181000000| |VA|0|30300|0|0|0|0|1|4850|0|0|0|0|0
S|TBZ|38148194|46212694|TBZ|FA|0|27500|0|0|0|0|1|7500|0|0|0|0|0
S|TBZ|38148194|46212694|TBZ|CF|2|11300|0|0|700|0|1|11000|0|0|0|0|0
S|RUDAD|37679167|46961389| |TF|0|0|0|0|0|0|0|0|0|0|0|0|0

P|RUDA1B|12L|RUDAD|0|3
S| |91000000|181000000| |CA|0|12300|0|0|0|0|1|4850|0|0|0|0|0
S|TBZ|38148194|46212694|TBZ|FA|0|13000|0|0|0|0|1|7000|0|0|0|0|0
S|RUDAD|37679167|46961389|TBZ|CF|0|12300|4530|12310|4000|0|0|0|0|0|0|0|0

P|UMH1A|30R|UMH|0|3
S| |91000000|181000000| |VA|0|30300|0|0|0|0|1|4850|0|0|0|0|0
S|SETNA|37937500|45922778|TBZ|CF|0|22300|1870|22250|1800|0|0|0|0|0|0|0|0
S|UMH|37687222|45084361| |TF|0|0|0|0|0|0|0|0|0|0|0|0|0

P|UMH1B|12L|UMH|0|4
S| |91000000|181000000| |CA|0|12300|0|0|0|0|1|4850|0|0|0|0|0
S| |91000000|181000000| |VI|2|25300|0|0|0|0|0|0|0|0|0|0|0
S|SETNA|37937500|45922778|TBZ|CF|0|22300|1870|22250|1100|0|0|0|0|0|0|0|0
S|UMH|37687222|45084361| |TF|0|0|0|0|0|0|0|0|0|0|0|0|0

