P|ELOK2A|34|ELOKA|0|4
S| |91000000|181000000| |CA|0|34400|0|0|0|0|1|1980|0|0|0|0|0
S| |91000000|181000000| |CI|1|25100|0|0|0|0|0|0|0|0|0|0|0
S|ZAL|31097694|61539889| |IF|0|0|0|0|0|0|0|0|0|0|0|0|0
S|ELOKA|31390278|59989444| |TF|0|0|0|0|0|0|0|0|0|0|0|0|0

P|ELOK2B|16|ELOKA|0|4
S| |91000000|181000000| |CA|0|16400|0|0|0|0|1|1980|0|0|0|0|0
S| |91000000|181000000| |CI|2|31100|0|0|0|0|0|0|0|0|0|0|0
S|ZAL|31097694|61539889| |IF|0|0|0|0|0|0|0|0|0|0|0|0|0
S|ELOKA|31390278|59989444| |TF|0|0|0|0|0|0|0|0|0|0|0|0|0

P|ELOK2C|34|ELOKA|0|4
S| |91000000|181000000| |CA|0|34400|0|0|0|0|1|1980|0|0|0|0|0
S| |91000000|181000000| |CI|1|25100|0|0|0|0|0|0|0|0|0|0|0
S|ZAL|31095528|61541833| |IF|0|0|0|0|0|0|0|0|0|0|0|0|0
S|ELOKA|31390278|59989444| |TF|0|0|0|0|0|0|0|0|0|0|0|0|0

P|ELOK2D|16|ELOKA|0|4
S| |91000000|181000000| |CA|0|16400|0|0|0|0|1|1980|0|0|0|0|0
S| |91000000|181000000| |CI|2|31100|0|0|0|0|0|0|0|0|0|0|0
S|ZAL|31095528|61541833| |IF|0|0|0|0|0|0|0|0|0|0|0|0|0
S|ELOKA|31390278|59989444| |TF|0|0|0|0|0|0|0|0|0|0|0|0|0

