P|KULD1M|06|KULDI|0|5
S| |91000000|181000000| |CA|0|5900|0|0|0|0|1|2860|0|0|0|0|0
S|AMN|32004072|36065986|QAA|CF|0|5900|1650|33860|300|0|0|0|0|1|0|0|0
S|QAA|31739722|36157500| |DF|2|0|0|0|0|250|0|0|0|0|0|0|0
S|DENVI|31498589|36153556| |TF|0|0|0|0|0|0|0|0|0|0|0|0|0
S|KULDI|31313075|36537267| |TF|0|0|0|0|0|0|1|15000|0|0|0|0|0

P|KULD1N|24|KULDI|0|5
S| |91000000|181000000| |CA|0|23900|0|0|0|0|1|2960|0|0|0|0|0
S|KATUN|31932006|35893142|QAA|CF|0|23900|1780|30550|400|0|0|0|0|1|0|0|0
S|AM704|31801517|35843289| |DF|0|0|0|0|0|230|1|8000|0|0|0|0|0
S|ALVIT|31477122|35860147| |TF|0|0|0|0|0|0|0|0|0|0|0|0|0
S|KULDI|31313075|36537267| |TF|0|0|0|0|0|0|1|15000|0|0|0|0|0

P|KULD1T|06|KULDI|0|3
S|AMN|32004072|36065986|AMN|CF|0|5900|0|0|400|0|0|0|0|1|0|0|0
S|QAA|31739722|36157500| |DF|2|0|0|0|0|250|0|0|0|0|0|0|0
S|KULDI|31313075|36537267| |TF|0|0|0|0|0|0|1|15000|0|0|0|0|0

P|KULD1V|24|KULDI|0|3
S| |91000000|181000000|AMN|CD|0|23900|0|0|1330|0|0|0|0|0|0|0|0
S|QAA|31739722|36157500| |DF|1|0|0|0|0|230|0|0|0|0|0|0|0
S|KULDI|31313075|36537267| |TF|0|0|0|0|0|0|1|15000|0|0|0|0|0

P|LOSA1M|06|LOSAR|0|4
S| |91000000|181000000| |CA|0|5900|0|0|0|0|1|2860|0|0|0|0|0
S|AMN|32004072|36065986|QAA|CF|0|5900|1650|33860|300|0|0|0|0|1|0|0|0
S|LABTO|32035903|36151100| |TF|0|0|0|0|0|0|0|0|0|0|0|0|0
S|LOSAR|32158350|36480492| |TF|0|0|0|0|0|0|1|13000|0|0|0|0|0

P|LOSA1N|24|LOSAR|0|4
S| |91000000|181000000| |CA|0|23900|0|0|0|0|1|2960|0|0|0|0|0
S|KATUN|31932006|35893142|QAA|CF|0|23900|1780|30550|400|0|0|0|0|1|0|0|0
S|LABTO|32035903|36151100| |DF|1|0|0|0|0|230|1|9500|0|0|0|0|0
S|LOSAR|32158350|36480492| |TF|0|0|0|0|0|0|1|13000|0|0|0|0|0

P|LOSA1T|06|LOSAR|0|2
S|AMN|32004072|36065986|AMN|CF|0|5900|0|0|400|0|0|0|0|0|0|0|0
S|LOSAR|32158350|36480492| |TF|0|0|0|0|0|0|1|13000|0|0|0|0|0

P|LOSA1V|24|LOSAR|0|3
S| |91000000|181000000|AMN|CD|0|23900|0|0|1330|0|0|0|0|0|0|0|0
S|AMN|32004072|36065986| |DF|1|0|0|0|0|230|0|0|0|0|0|0|0
S|LOSAR|32158350|36480492| |TF|0|0|0|0|0|0|1|13000|0|0|0|0|0

P|LOSI1M|06|LOSIL|0|6
S| |91000000|181000000| |CA|0|5900|0|0|0|0|1|2860|0|0|0|0|0
S|AMN|32004072|36065986|QAA|CF|0|5900|1650|33860|300|0|0|0|0|1|0|0|0
S|QAA|31739722|36157500| |DF|2|0|0|0|0|250|0|0|0|0|0|0|0
S|DENVI|31498589|36153556| |TF|0|0|0|0|0|0|0|0|0|0|0|0|0
S|LOSEK|31161728|36149111| |TF|0|0|0|0|0|0|0|0|0|0|0|0|0
S|LOSIL|30814222|35794808| |TF|0|0|0|0|0|0|1|9000|0|0|0|0|0

P|LOSI1N|24|LOSIL|0|6
S| |91000000|181000000| |CA|0|23900|0|0|0|0|1|2960|0|0|0|0|0
S|KATUN|31932006|35893142|QAA|CF|0|23900|1780|30550|400|0|0|0|0|1|0|0|0
S|AM704|31801517|35843289| |DF|0|0|0|0|0|230|1|8000|0|0|0|0|0
S|ALVIT|31477122|35860147| |TF|0|0|0|0|0|0|0|0|0|0|0|0|0
S|IMTOD|31180411|35830789| |TF|0|0|0|0|0|0|0|0|0|0|0|0|0
S|LOSIL|30814222|35794808| |TF|0|0|0|0|0|0|1|9000|0|0|0|0|0

P|LOSI1T|06|LOSIL|0|3
S|AMN|32004072|36065986|AMN|CF|0|5900|0|0|400|0|0|0|0|1|0|0|0
S|QAA|31739722|36157500| |DF|2|0|0|0|0|250|0|0|0|0|0|0|0
S|LOSIL|30814222|35794808| |TF|0|0|0|0|0|0|1|9000|0|0|0|0|0

P|LOSI1V|24|LOSIL|0|3
S| |91000000|181000000|AMN|CD|0|23900|0|0|1330|0|0|0|0|0|0|0|0
S|QAA|31739722|36157500| |DF|1|0|0|0|0|230|0|0|0|0|0|0|0
S|LOSIL|30814222|35794808| |TF|0|0|0|0|0|0|1|9000|0|0|0|0|0

P|MUNR1M|06|MUNRA|0|6
S| |91000000|181000000| |CA|0|5900|0|0|0|0|1|2860|0|0|0|0|0
S|AMN|32004072|36065986|QAA|CF|0|5900|1650|33860|300|0|0|0|0|1|0|0|0
S|QAA|31739722|36157500| |DF|2|0|0|0|0|250|0|0|0|0|0|0|0
S|DENVI|31498589|36153556| |TF|0|0|0|0|0|0|0|0|0|0|0|0|0
S|LOSEK|31161728|36149111| |TF|0|0|0|0|0|0|0|0|0|0|0|0|0
S|MUNRA|30828969|36143022| |TF|0|0|0|0|0|0|1|25000|0|0|0|0|0

P|MUNR1N|24|MUNRA|0|6
S| |91000000|181000000| |CA|0|23900|0|0|0|0|1|2960|0|0|0|0|0
S|KATUN|31932006|35893142|QAA|CF|0|23900|1780|30550|400|0|0|0|0|1|0|0|0
S|AM704|31801517|35843289| |DF|0|0|0|0|0|230|1|8000|0|0|0|0|0
S|ALVIT|31477122|35860147| |TF|0|0|0|0|0|0|0|0|0|0|0|0|0
S|IMTOD|31180411|35830789| |TF|0|0|0|0|0|0|0|0|0|0|0|0|0
S|MUNRA|30828969|36143022| |TF|0|0|0|0|0|0|1|25000|0|0|0|0|0

P|MUNR1T|06|MUNRA|0|3
S|AMN|32004072|36065986|AMN|CF|0|5900|0|0|400|0|0|0|0|1|0|0|0
S|QAA|31739722|36157500| |DF|2|0|0|0|0|250|0|0|0|0|0|0|0
S|MUNRA|30828969|36143022| |TF|0|0|0|0|0|0|1|25000|0|0|0|0|0

P|MUNR1V|24|MUNRA|0|3
S| |91000000|181000000|AMN|CD|0|23900|0|0|1330|0|0|0|0|0|0|0|0
S|QAA|31739722|36157500| |DF|1|0|0|0|0|230|0|0|0|0|0|0|0
S|MUNRA|30828969|36143022| |TF|0|0|0|0|0|0|1|25000|0|0|0|0|0

P|MUVI1M|06|MUVIN|0|5
S| |91000000|181000000| |CA|0|5900|0|0|0|0|1|2860|0|0|0|0|0
S|AMN|32004072|36065986|QAA|CF|0|5900|1650|33860|300|0|0|0|0|1|0|0|0
S|AI850|31916619|35955561| |DF|2|0|0|0|0|250|0|0|0|0|0|0|0
S|AI854|31893589|35728008| |TF|0|0|0|0|0|0|0|0|0|0|0|0|0
S|MUVIN|31816111|35545000| |TF|0|0|0|0|0|0|1|12000|0|0|0|0|0

P|MUVI1N|24|MUVIN|0|3
S| |91000000|181000000| |CA|0|23900|0|0|0|0|1|2960|0|0|0|0|0
S|KATUN|31932006|35893142|QAA|CF|0|23900|1780|30550|400|230|0|0|0|1|0|0|0
S|MUVIN|31816111|35545000| |TF|0|0|0|0|0|0|1|12000|0|0|0|0|0

P|MUVI1T|06|MUVIN|0|3
S|AMN|32004072|36065986|AMN|CF|0|5900|0|0|400|0|0|0|0|1|0|0|0
S| |91000000|181000000| |CI|2|28700|0|0|0|250|0|0|0|0|0|0|0
S|MUVIN|31816111|35545000|AMN|CF|0|24200|2890|24220|2500|0|1|12000|0|0|0|0|0

P|MUVI1V|24|MUVIN|0|3
S| |91000000|181000000|AMN|CD|0|23900|0|0|1330|0|0|0|0|0|0|0|0
S| |91000000|181000000| |CI|0|27200|0|0|0|230|0|0|0|0|0|0|0
S|MUVIN|31816111|35545000|AMN|CF|0|24200|2890|24220|1400|0|1|12000|0|0|0|0|0

P|RALN1M|06|RALNA|0|5
S| |91000000|181000000| |CA|0|5900|0|0|0|0|1|2860|0|0|0|0|0
S|AMN|32004072|36065986|QAA|CF|0|5900|1650|33860|300|0|0|0|0|1|0|0|0
S|AI850|31916619|35955561| |DF|2|0|0|0|0|250|0|0|0|0|0|0|0
S|AI854|31893589|35728008| |TF|0|0|0|0|0|0|0|0|0|0|0|0|0
S|RALNA|31932500|35542500| |TF|0|0|0|0|0|0|1|8000|0|0|0|0|0

P|RALN1N|24|RALNA|0|3
S| |91000000|181000000| |CA|0|23900|0|0|0|0|1|2960|0|0|0|0|0
S|KATUN|31932006|35893142|QAA|CF|0|23900|1780|30550|400|230|0|0|0|1|0|0|0
S|RALNA|31932500|35542500| |DF|0|0|0|0|0|0|1|8000|0|0|0|0|0

P|RALN1T|06|RALNA|0|3
S|AMN|32004072|36065986|AMN|CF|0|5900|0|0|400|0|0|0|0|1|0|0|0
S| |91000000|181000000| |CI|2|30100|0|0|0|250|0|0|0|0|0|0|0
S|RALNA|31932500|35542500|AMN|CF|0|25600|2710|25600|2300|0|1|8000|0|0|0|0|0

P|RALN1V|24|RALNA|0|3
S| |91000000|181000000|AMN|CD|0|23900|0|0|1330|0|0|0|0|0|0|0|0
S| |91000000|181000000| |CI|0|30100|0|0|0|230|0|0|0|0|0|0|0
S|RALNA|31932500|35542500|AMN|CF|0|25600|2710|25600|900|0|1|8000|0|0|0|0|0

