P|ASNE1E|16|ASNEK|0|4
S|DARTO|25501278|55972472| |DF|0|0|0|0|0|210|1|1900|0|1|0|0|0
S|RK332|25641917|56025833|RAV|CF|1|33800|540|5140|700|0|0|0|0|0|0|0|0
S|DARIV|25820167|55972306| |TF|0|0|0|0|0|0|0|0|0|0|0|0|0
S|ASNEK|25941861|55817972| |TF|0|0|0|0|0|0|0|6000|0|0|0|0|0

P|ASNE1N|34|ASNEK|0|3
S|NOMDI|25715917|55908000| |DF|0|0|0|0|0|0|1|1700|0|1|0|0|0
S|EGMAP|25798167|55883194| |TF|0|0|0|0|0|0|0|0|0|0|0|0|0
S|ASNEK|25941861|55817972| |TF|0|0|0|0|0|0|0|6000|0|0|0|0|0

P|ASNE1W|16|ASNEK|0|4
S|RK331|25548611|55958278| |DF|0|0|0|0|0|210|1|1000|0|1|0|0|0
S|ASKUM|25599444|55847444| |DF|2|0|0|0|0|0|0|0|0|0|0|0|0
S|BOTUT|25776139|55794111| |TF|0|0|0|0|0|0|0|0|0|0|0|0|0
S|ASNEK|25941861|55817972| |TF|0|0|0|0|0|0|0|6000|0|0|0|0|0

P|EMOP2E|34|EMOPI|0|4
S|RK462|25758806|55895056| |DF|0|0|0|0|0|210|1|2500|0|1|0|0|0
S|RK332|25641917|56025833|RAV|CF|2|16600|540|5140|900|0|0|0|0|0|0|0|0
S|RK333|25522694|56061556| |TF|0|0|0|0|0|0|0|0|0|0|0|0|0
S|EMOPI|25438889|56150000| |TF|0|0|0|0|0|0|1|6000|0|0|0|0|0

P|EMOP2S|16|EMOPI|0|2
S|DARTO|25501278|55972472| |DF|0|0|0|0|0|210|1|1900|0|1|0|0|0
S|EMOPI|25438889|56150000|RAV|CF|0|10100|1420|12690|1000|0|1|6000|0|0|0|0|0

P|EMOP2W|34|EMOPI|0|3
S|RK461|25678139|55919361| |DF|0|0|0|0|0|210|1|900|0|1|0|0|0
S|ASKUM|25599444|55847444| |DF|1|0|0|0|0|0|0|0|0|0|0|0|0
S|EMOPI|25438889|56150000| |TF|0|0|0|0|0|0|1|6000|0|0|0|0|0

P|PUVA1N|34|PUVAL|0|2
S|RK461|25678139|55919361| |DF|0|0|0|0|0|210|1|900|0|1|0|0|0
S|PUVAL|25599444|55716111| |DF|1|0|0|0|0|0|2|4000|0|0|0|0|0

P|PUVA1S|16|PUVAL|0|2
S|RK331|25548611|55958278| |DF|0|0|0|0|0|210|1|1000|0|1|0|0|0
S|PUVAL|25599444|55716111| |DF|2|0|0|0|0|0|2|4000|0|0|0|0|0

