P|LUBN1A|01|LUBNA|0|3
S| |91000000|181000000| |CA|0|1300|0|0|0|0|1|1000|0|0|0|0|0
S| |91000000|181000000| |VI|1|19700|0|0|0|0|0|0|0|0|0|0|0
S|LUBNA|27913056|69225556|RK|CF|0|24200|6180|24230|5600|0|0|0|0|0|0|0|0

P|LUBN1B|19|LUBNA|0|3
S| |91000000|181000000| |CA|0|19300|0|0|0|0|1|1000|0|0|0|0|0
S| |91000000|181000000| |VI|0|27200|0|0|0|0|0|0|0|0|0|0|0
S|LUBNA|27913056|69225556|RK|CF|0|24200|6180|24230|5900|0|0|0|0|0|0|0|0

P|MANR1A|01|MANRI|0|2
S| |91000000|181000000| |CA|0|1300|0|0|0|0|1|1000|0|0|0|0|0
S|MANRI|29500278|70983056|RK|CF|0|2700|7750|2670|7400|0|0|0|0|0|0|0|0

P|MANR1B|19|MANRI|0|3
S| |91000000|181000000| |CA|0|19300|0|0|0|0|1|1000|0|0|0|0|0
S| |91000000|181000000| |VI|1|35700|0|0|0|0|0|0|0|0|0|0|0
S|MANRI|29500278|70983056|RK|CF|0|2700|7750|2770|7000|0|0|0|0|0|0|0|0

P|MURL1A|01|MURLI|0|3
S| |91000000|181000000| |CA|0|1300|0|0|0|0|1|1000|0|0|0|0|0
S|ARONI|28536944|70482500| |DF|0|0|0|0|0|0|0|0|0|0|0|0|0
S|MURLI|29295278|71423056| |TF|0|0|0|0|0|0|0|0|0|0|0|0|0

P|MURL1B|19|MURLI|0|3
S| |91000000|181000000| |CA|0|19300|0|0|0|0|1|1000|0|0|0|0|0
S|ARONI|28536944|70482500| |DF|1|0|0|0|0|0|0|0|0|0|0|0|0
S|MURLI|29295278|71423056| |TF|0|0|0|0|0|0|0|0|0|0|0|0|0

P|ZOHA1A|01|ZOHAR|0|3
S| |91000000|181000000| |CA|0|1300|0|0|0|0|1|1000|0|0|0|0|0
S|OSPOS|28239444|70158056| |DF|1|0|0|0|0|0|0|0|0|0|0|0|0
S|ZOHAR|27266944|69283333| |TF|0|0|0|0|0|0|0|0|0|0|0|0|0

P|ZOHA1B|19|ZOHAR|0|3
S| |91000000|181000000| |CA|0|19300|0|0|0|0|1|1000|0|0|0|0|0
S|OSPOS|28239444|70158056| |DF|0|0|0|0|0|0|0|0|0|0|0|0|0
S|ZOHAR|27266944|69283333| |TF|0|0|0|0|0|0|0|0|0|0|0|0|0

P|ZOHA1C|01|ZOHAR|0|4
S| |91000000|181000000| |CA|0|1300|0|0|0|0|1|1000|0|0|0|0|0
S|OMLIS|28283611|70351389| |DF|2|0|0|0|0|0|0|0|0|0|0|0|0
S|OSPOS|28239444|70158056| |TF|0|0|0|0|0|0|0|0|0|0|0|0|0
S|ZOHAR|27266944|69283333| |TF|0|0|0|0|0|0|0|0|0|0|0|0|0

