P|OILEE1|04|OILEE|0|4
S| |91000000|181000000| |VA|0|4400|0|0|0|0|1|528|0|0|0|0|0
S|JIVUB|69940017|-147329731| |DF|2|0|0|0|0|0|0|0|0|0|0|0|0
S|JIVUB|69940017|-147329731| |IF|0|0|0|0|0|0|0|0|0|0|0|0|0
S|OILEE|69255922|-147493192| |TF|0|0|0|0|0|0|0|0|0|1|0|0|0

P|OILEE1|22|OILEE|0|4
S| |91000000|181000000| |VA|0|22400|0|0|0|0|1|528|0|0|0|0|0
S|JIVUB|69940017|-147329731| |DF|0|0|0|0|0|0|0|0|0|0|0|0|0
S|JIVUB|69940017|-147329731| |IF|0|0|0|0|0|0|0|0|0|0|0|0|0
S|OILEE|69255922|-147493192| |TF|0|0|0|0|0|0|0|0|0|1|0|0|0

