P|ANCH1|15| |0|2
S| |91000000|181000000| |VA|0|14900|0|0|0|0|1|600|0|0|0|0|0
S| |91000000|181000000| |VM|0|20100|0|0|0|0|0|0|0|0|0|0|0

P|ANCH1|25L| |0|2
S| |91000000|181000000| |VA|0|25400|0|0|0|0|1|560|0|0|0|0|0
S| |91000000|181000000| |VM|0|25400|0|0|0|0|0|0|0|0|0|0|0

P|ANCH1|25R| |0|2
S| |91000000|181000000| |VA|0|25400|0|0|0|0|1|560|0|0|0|0|0
S| |91000000|181000000| |VM|0|25400|0|0|0|0|0|0|0|0|0|0|0

P|ANCH1|33| |0|2
S| |91000000|181000000| |VA|0|32900|0|0|0|0|1|600|0|0|0|0|0
S| |91000000|181000000| |VM|0|30100|0|0|0|0|0|0|0|0|0|0|0

P|FFITZ4|25L|FFITZ|0|7
S| |91000000|181000000| |VA|0|25400|0|0|0|0|1|660|0|0|0|0|0
S|VUYWO|61165947|-150471261| |DF|0|0|0|0|0|0|0|0|0|0|0|0|0
S|OGOLY|61226508|-150770747| |TF|0|0|0|0|0|0|0|0|0|0|0|0|0
S|EVRTS|61327136|-151060161| |TF|0|0|0|0|0|0|1|5000|0|0|0|0|0
S|DCSIX|61529631|-151347464| |TF|0|0|0|0|0|0|0|0|0|0|0|0|0
S|FRIDA|61731458|-151600342| |TF|0|0|0|0|0|0|1|9000|0|0|0|0|0
S|FFITZ|62147719|-152891542| |TF|0|0|0|0|0|0|0|0|0|0|0|0|0

P|FFITZ4|25R|FFITZ|0|7
S| |91000000|181000000| |VA|0|25400|0|0|0|0|1|660|0|0|0|0|0
S|VUYWO|61165947|-150471261| |DF|0|0|0|0|0|0|0|0|0|0|0|0|0
S|OGOLY|61226508|-150770747| |TF|0|0|0|0|0|0|0|0|0|0|0|0|0
S|EVRTS|61327136|-151060161| |TF|0|0|0|0|0|0|1|5000|0|0|0|0|0
S|DCSIX|61529631|-151347464| |TF|0|0|0|0|0|0|0|0|0|0|0|0|0
S|FRIDA|61731458|-151600342| |TF|0|0|0|0|0|0|1|9000|0|0|0|0|0
S|FFITZ|62147719|-152891542| |TF|0|0|0|0|0|0|0|0|0|0|0|0|0

P|FFITZ4|33|FFITZ|0|7
S| |91000000|181000000| |VA|0|32900|0|0|0|0|1|660|0|0|0|0|0
S|ISACC|61347656|-150245872| |DF|0|0|0|0|0|0|0|0|0|0|0|0|0
S|RRROB|61325194|-150617039| |TF|0|0|0|0|0|0|0|0|0|0|0|0|0
S|EVRTS|61327136|-151060161| |TF|0|0|0|0|0|0|1|5000|0|0|0|0|0
S|DCSIX|61529631|-151347464| |TF|0|0|0|0|0|0|0|0|0|0|0|0|0
S|FRIDA|61731458|-151600342| |TF|0|0|0|0|0|0|1|9000|0|0|0|0|0
S|FFITZ|62147719|-152891542| |TF|0|0|0|0|0|0|0|0|0|0|0|0|0

P|KNIK3|07L| |0|2
S| |91000000|181000000|TED|VD|0|7200|0|0|400|0|1|2000|0|0|0|0|0
S| |91000000|181000000| |VM|1|32900|0|0|0|0|0|0|0|0|0|0|0

P|KNIK3|07R| |0|2
S| |91000000|181000000|TED|VD|0|7200|0|0|400|0|1|2000|0|0|0|0|0
S| |91000000|181000000| |VM|1|32900|0|0|0|0|0|0|0|0|0|0|0

P|NOEND4|33|NOEND|0|7
S| |91000000|181000000| |VA|0|32900|0|0|0|0|1|652|0|0|0|0|0
S|EGKAJ|61295861|-150149433| |DF|0|0|0|0|0|0|1|3000|0|0|0|0|0
S|LIFFE|61366269|-149996228| |TF|0|0|0|0|0|230|0|0|0|0|0|0|0
S|OUTER|61266678|-149774186| |TF|0|0|0|0|0|0|1|6000|0|0|0|0|0
S|CRAFT|61246667|-149616667| |TF|0|0|0|0|0|0|1|8000|0|0|0|0|0
S|RAMMA|61223333|-149383333| |TF|0|0|0|0|0|0|1|10000|0|0|0|0|0
S|NOEND|61133189|-148466667| |TF|0|0|0|0|0|0|1|12800|0|0|0|0|0

P|POTTR3|07L| |0|2
S| |91000000|181000000| |VA|0|7400|0|0|0|0|1|600|0|0|0|0|0
S| |91000000|181000000| |VM|2|19900|0|0|0|0|0|0|0|0|0|0|0

P|POTTR3|07R| |0|2
S| |91000000|181000000| |VA|0|7400|0|0|0|0|1|600|0|0|0|0|0
S| |91000000|181000000| |VM|2|19900|0|0|0|0|0|0|0|0|0|0|0

P|TURNA8|33| |0|4
S| |91000000|181000000| |VA|0|32900|0|0|0|0|1|600|0|0|0|0|0
S|TED|61167867|-149960144|TED|CF|2|16200|0|0|400|200|1|2000|0|0|0|0|0
S|NAPTO|60788197|-150364519| |TF|0|0|0|0|0|0|0|0|0|0|0|0|0
S| |91000000|181000000| |VM|0|19000|0|0|0|0|1|20000|0|0|0|0|0

