P|TUVVO1|02|TUVVO|0|4
S| |91000000|181000000| |CA|0|1900|0|0|0|0|1|2492|0|0|0|0|0
S|NUDTI|68163467|-145450167| |DF|0|0|0|0|0|0|0|0|0|0|0|0|0
S|HULIS|68099108|-144860103| |TF|0|0|0|0|0|0|0|0|0|0|0|0|0
S|TUVVO|67622242|-146080172| |TF|0|0|0|0|0|0|0|0|0|1|0|0|0

P|TUVVO1|20|TUVVO|0|4
S| |91000000|181000000| |CA|0|19900|0|0|0|0|1|2492|0|0|0|0|0
S|JOKTI|68059853|-145723692| |DF|0|0|0|0|0|0|0|0|0|0|0|0|0
S|HILIM|67981131|-145929111| |TF|0|0|0|0|0|0|0|0|0|0|0|0|0
S|TUVVO|67622242|-146080172| |TF|0|0|0|0|0|0|0|0|0|1|0|0|0

