P|KAUAI2|03|KAUAI|0|3
S| |91000000|181000000| |VA|0|3400|0|0|0|0|1|560|0|0|0|0|0
S| |91000000|181000000| |VI|2|15500|0|0|0|0|0|0|0|0|0|0|0
S|KAUAI|21792697|-159031081|LIH|CF|0|11000|2000|11000|2000|0|0|0|0|0|0|0|0

P|KAUAI2|17|KAUAI|0|3
S| |91000000|181000000| |VA|0|16900|0|0|0|0|1|560|0|0|0|0|0
S| |91000000|181000000| |VI|1|6000|0|0|0|0|0|0|0|0|0|0|0
S|KAUAI|21792697|-159031081|LIH|CF|0|11000|2000|11000|2000|0|0|0|0|0|0|0|0

P|KAUAI2|21|KAUAI|0|3
S| |91000000|181000000| |VA|0|21400|0|0|0|0|1|560|0|0|0|0|0
S| |91000000|181000000| |VI|1|6500|0|0|0|0|0|0|0|0|0|0|0
S|KAUAI|21792697|-159031081|LIH|CF|0|11000|2000|11000|2000|0|0|0|0|0|0|0|0

P|KAUAI2|35|KAUAI|0|3
S| |91000000|181000000| |VA|0|34900|0|0|0|0|1|560|0|0|0|0|0
S| |91000000|181000000| |VI|2|15500|0|0|0|0|0|0|0|0|0|0|0
S|KAUAI|21792697|-159031081|LIH|CF|0|11000|2000|11000|2000|0|0|0|0|0|0|0|0

P|LIHUE6|03|BOOKE|0|4
S| |91000000|181000000| |CA|0|3400|0|0|0|0|1|560|0|0|0|0|0
S| |91000000|181000000| |VA|0|8000|0|0|0|0|1|4000|0|0|0|0|0
S| |91000000|181000000| |VM|0|8000|0|0|0|0|0|0|0|0|0|0|0
S|BOOKE|21463097|-158449831|LIH|CF|0|11000|5800|11000|5800|0|0|0|0|0|0|0|0

P|LIHUE6|35|BOOKE|0|4
S| |91000000|181000000| |CA|0|34900|0|0|0|0|1|560|0|0|0|0|0
S| |91000000|181000000| |VA|2|8000|0|0|0|0|1|4000|0|0|0|0|0
S| |91000000|181000000| |VM|0|8000|0|0|0|0|0|0|0|0|0|0|0
S|BOOKE|21463097|-158449831|LIH|CF|0|11000|5800|11000|5800|0|0|0|0|0|0|0|0

P|RICHE3|17|BOOKE|0|4
S| |91000000|181000000| |CA|0|16900|0|0|0|0|1|560|0|0|0|0|0
S| |91000000|181000000| |VA|0|15000|0|0|0|0|1|4000|0|0|0|0|0
S| |91000000|181000000| |VM|0|15000|0|0|0|0|0|0|0|0|0|0|0
S|BOOKE|21463097|-158449831|LIH|CF|0|11000|5800|11000|5000|0|0|0|0|0|0|0|0

P|RICHE3|21|BOOKE|0|4
S| |91000000|181000000| |CA|0|21400|0|0|0|0|1|560|0|0|0|0|0
S| |91000000|181000000| |VA|1|9000|0|0|0|0|1|4000|0|0|0|0|0
S| |91000000|181000000| |VM|0|9000|0|0|0|0|0|0|0|0|0|0|0
S|BOOKE|21463097|-158449831|LIH|CF|0|11000|5800|11000|5500|0|0|0|0|0|0|0|0

