P|BLUSH2|05|BLUSH|0|3
S| |91000000|181000000| |CA|0|4900|0|0|0|0|1|854|0|0|0|0|0
S| |91000000|181000000| |VI|0|36000|0|0|0|0|0|0|0|0|0|0|0
S|BLUSH|21333697|-156673833|CKH|CF|0|7500|5780|7480|2100|0|1|5000|0|0|0|0|0

P|HAPAI3|05|BAMBO|0|6
S| |91000000|181000000| |CA|0|4900|0|0|0|0|1|854|0|0|0|0|0
S| |91000000|181000000| |VI|0|34000|0|0|0|0|0|0|0|0|0|0|0
S|HAPAI|21264311|-157050347|MKK|CF|0|3000|1000|3000|300|0|0|0|0|0|0|0|0
S|HAPAI|21264311|-157050347| |IF|0|0|0|0|0|0|0|0|0|0|0|0|0
S|DAKKL|21247775|-157302094|MKK|AF|1|3000|1000|30000|0|0|0|0|0|0|0|0|0
S|BAMBO|21416547|-157510011| |TF|0|0|0|0|0|0|1|8000|0|0|0|0|0

P|HAPAI3|05|LOKIE|0|6
S| |91000000|181000000| |CA|0|4900|0|0|0|0|1|854|0|0|0|0|0
S| |91000000|181000000| |VI|0|34000|0|0|0|0|0|0|0|0|0|0|0
S|HAPAI|21264311|-157050347|MKK|CF|0|3000|1000|3000|300|0|0|0|0|0|0|0|0
S|HAPAI|21264311|-157050347| |IF|0|0|0|0|0|0|0|0|0|0|0|0|0
S|DAKKL|21247775|-157302094|MKK|AF|1|3000|1000|30000|0|0|0|0|0|0|0|0|0
S|LOKIE|21123961|-157345050|MKK|AF|1|30000|1000|25420|0|0|0|0|0|0|0|0|0

P|HAPAI3|05|MKK|0|5
S| |91000000|181000000| |CA|0|4900|0|0|0|0|1|854|0|0|0|0|0
S| |91000000|181000000| |VI|0|34000|0|0|0|0|0|0|0|0|0|0|0
S|HAPAI|21264311|-157050347|MKK|CF|0|3000|1000|3000|300|0|0|0|0|0|0|0|0
S|HAPAI|21264311|-157050347| |IF|0|0|0|0|0|0|0|0|0|0|0|0|0
S|MKK|21138111|-157167417| |TF|0|0|0|0|0|0|0|0|0|0|0|0|0

P|HMK1|05|MKK|0|3
S| |91000000|181000000| |CA|0|4900|0|0|0|0|1|860|0|0|0|0|0
S| |91000000|181000000| |VA|0|34000|0|0|0|0|1|1000|0|0|0|0|0
S|MKK|21138111|-157167417| |DF|1|0|0|0|0|0|0|0|0|0|0|0|0

P|HMK1|17|MKK|0|2
S| |91000000|181000000| |VA|0|16900|0|0|0|0|1|1300|0|0|0|0|0
S|MKK|21138111|-157167417| |DF|2|0|0|0|0|0|0|0|0|0|0|0|0

P|HMK1|23|MKK|0|3
S| |91000000|181000000| |CA|0|22900|0|0|0|0|1|860|0|0|0|0|0
S| |91000000|181000000| |VA|0|17000|0|0|0|0|1|1700|0|0|0|0|0
S|MKK|21138111|-157167417| |DF|2|0|0|0|0|0|0|0|0|0|0|0|0

P|HMK1|35|MKK|0|2
S| |91000000|181000000| |VA|0|34900|0|0|0|0|1|1000|0|0|0|0|0
S|MKK|21138111|-157167417| |DF|1|0|0|0|0|0|0|0|0|0|0|0|0

P|KALAE1|17|ALANA|0|5
S| |91000000|181000000| |VI|0|16900|0|0|0|0|0|0|0|0|0|0|0
S|KALAE|21058594|-157137606|HNL|CF|0|19600|4690|9740|500|230|1|3000|0|0|0|0|0
S|KALAE|21058594|-157137606| |IF|0|0|0|0|0|230|1|3000|0|0|0|0|0
S|SAKKI|20931753|-157488342| |TF|0|0|0|0|0|0|0|0|0|0|0|0|0
S|ALANA|21075328|-157939086| |TF|0|0|0|0|0|0|0|0|0|0|0|0|0

P|KALAE1|17|EELIO|0|5
S| |91000000|181000000| |VI|0|16900|0|0|0|0|0|0|0|0|0|0|0
S|KALAE|21058594|-157137606|HNL|CF|0|19600|4690|9740|500|230|1|3000|0|0|0|0|0
S|KALAE|21058594|-157137606| |IF|0|0|0|0|0|230|1|3000|0|0|0|0|0
S|HLAWA|20915767|-156889144| |TF|0|0|0|0|0|0|1|4000|0|0|0|0|0
S|EELIO|20709731|-156668086| |TF|0|0|0|0|0|0|0|0|0|0|0|0|0

P|KALAE1|17|LNY|0|5
S| |91000000|181000000| |VI|0|16900|0|0|0|0|0|0|0|0|0|0|0
S|KALAE|21058594|-157137606|HNL|CF|0|19600|4690|9740|500|230|1|3000|0|0|0|0|0
S|KALAE|21058594|-157137606| |IF|0|0|0|0|0|230|1|3000|0|0|0|0|0
S|AARES|20998611|-157095000| |TF|0|0|0|0|0|0|1|4000|0|0|0|0|0
S|LNY|20764503|-156968900| |TF|0|0|0|0|0|0|0|0|0|0|0|0|0

P|KALAE1|17|LOKIE|0|5
S| |91000000|181000000| |VI|0|16900|0|0|0|0|0|0|0|0|0|0|0
S|KALAE|21058594|-157137606|HNL|CF|0|19600|4690|9740|500|230|1|3000|0|0|0|0|0
S|KALAE|21058594|-157137606| |IF|0|0|0|0|0|230|1|3000|0|0|0|0|0
S|HLONO|21038467|-157248292| |TF|0|0|0|0|0|0|0|0|0|0|0|0|0
S|LOKIE|21123961|-157345050| |TF|0|0|0|0|0|0|0|0|0|0|0|0|0

P|KALAE1|23|ALANA|0|5
S| |91000000|181000000| |VI|0|22900|0|0|0|0|0|0|0|0|0|0|0
S|KALAE|21058594|-157137606|HNL|CF|0|18200|4690|9740|500|230|1|3000|0|0|0|0|0
S|KALAE|21058594|-157137606| |IF|0|0|0|0|0|230|1|3000|0|0|0|0|0
S|SAKKI|20931753|-157488342| |TF|0|0|0|0|0|0|0|0|0|0|0|0|0
S|ALANA|21075328|-157939086| |TF|0|0|0|0|0|0|0|0|0|0|0|0|0

P|KALAE1|23|EELIO|0|5
S| |91000000|181000000| |VI|0|22900|0|0|0|0|0|0|0|0|0|0|0
S|KALAE|21058594|-157137606|HNL|CF|0|18200|4690|9740|500|230|1|3000|0|0|0|0|0
S|KALAE|21058594|-157137606| |IF|0|0|0|0|0|230|1|3000|0|0|0|0|0
S|HLAWA|20915767|-156889144| |TF|0|0|0|0|0|0|1|4000|0|0|0|0|0
S|EELIO|20709731|-156668086| |TF|0|0|0|0|0|0|0|0|0|0|0|0|0

P|KALAE1|23|LNY|0|5
S| |91000000|181000000| |VI|0|22900|0|0|0|0|0|0|0|0|0|0|0
S|KALAE|21058594|-157137606|HNL|CF|0|18200|4690|9740|500|230|1|3000|0|0|0|0|0
S|KALAE|21058594|-157137606| |IF|0|0|0|0|0|230|1|3000|0|0|0|0|0
S|AARES|20998611|-157095000| |TF|0|0|0|0|0|0|1|4000|0|0|0|0|0
S|LNY|20764503|-156968900| |TF|0|0|0|0|0|0|0|0|0|0|0|0|0

P|KALAE1|23|LOKIE|0|5
S| |91000000|181000000| |VI|0|22900|0|0|0|0|0|0|0|0|0|0|0
S|KALAE|21058594|-157137606|HNL|CF|0|18200|4690|9740|500|230|1|3000|0|0|0|0|0
S|KALAE|21058594|-157137606| |IF|0|0|0|0|0|230|1|3000|0|0|0|0|0
S|HLONO|21038467|-157248292| |TF|0|0|0|0|0|0|0|0|0|0|0|0|0
S|LOKIE|21123961|-157345050| |TF|0|0|0|0|0|0|0|0|0|0|0|0|0

P|MAULA1|05|ALANA|0|6
S| |91000000|181000000| |VI|0|4900|0|0|0|0|0|0|0|0|0|0|0
S|MAULA|21060003|-157009125|HNL|CF|0|13900|5380|9490|700|230|1|2800|0|0|0|0|0
S|MAULA|21060003|-157009125| |IF|0|0|0|0|0|230|1|2800|0|0|0|0|0
S|NIUUU|20993036|-157123239| |TF|0|0|0|0|0|0|0|0|0|0|0|0|0
S|SAKKI|20931753|-157488342| |TF|0|0|0|0|0|0|0|0|0|0|0|0|0
S|ALANA|21075328|-157939086| |TF|0|0|0|0|0|0|0|0|0|0|0|0|0

P|MAULA1|05|EELIO|0|5
S| |91000000|181000000| |VI|0|4900|0|0|0|0|0|0|0|0|0|0|0
S|MAULA|21060003|-157009125|HNL|CF|0|13900|5380|9490|700|230|1|2800|0|0|0|0|0
S|MAULA|21060003|-157009125| |IF|0|0|0|0|0|230|1|2800|0|0|0|0|0
S|HLAWA|20915767|-156889144| |TF|0|0|0|0|0|0|0|0|0|0|0|0|0
S|EELIO|20709731|-156668086| |TF|0|0|0|0|0|0|0|0|0|0|0|0|0

P|MAULA1|05|LNY|0|4
S| |91000000|181000000| |VI|0|4900|0|0|0|0|0|0|0|0|0|0|0
S|MAULA|21060003|-157009125|HNL|CF|0|13900|5380|9490|700|230|1|2800|0|0|0|0|0
S|MAULA|21060003|-157009125| |IF|0|0|0|0|0|230|1|2800|0|0|0|0|0
S|LNY|20764503|-156968900| |TF|0|0|0|0|0|0|0|0|0|0|0|0|0

P|MAULA1|05|LOKIE|0|5
S| |91000000|181000000| |VI|0|4900|0|0|0|0|0|0|0|0|0|0|0
S|MAULA|21060003|-157009125|HNL|CF|0|13900|5380|9490|700|230|1|2800|0|0|0|0|0
S|MAULA|21060003|-157009125| |IF|0|0|0|0|0|230|1|2800|0|0|0|0|0
S|NIUUU|20993036|-157123239| |TF|0|0|0|0|0|0|0|0|0|0|0|0|0
S|LOKIE|21123961|-157345050| |TF|0|0|0|0|0|0|0|0|0|0|0|0|0

