P|GOPVU1|03L|GOT|0|7
S| |91000000|181000000| |CA|0|2800|0|0|0|0|1|600|0|0|0|0|0
S| |91000000|181000000| |VI|0|7700|0|0|0|0|0|0|0|0|0|0|0
S|D047H|36290550|140517792|HUC|CF|0|4700|800|4720|500|0|2|8000|0|0|0|0|0
S|GOPVU|36607425|140838561| |TF|0|0|0|0|0|0|2|10000|0|0|0|0|0
S|GOPVU|36607425|140838561| |IF|0|0|0|0|0|0|0|0|0|0|0|0|0
S|D117K|36687369|140555178| |TF|0|0|0|0|0|0|2|10000|0|0|0|0|0
S|GOT|36744853|140349561| |TF|0|0|0|0|0|0|0|0|0|0|0|0|0

P|GOPVU1|03R|GOT|0|7
S| |91000000|181000000| |CA|0|2800|0|0|0|0|1|600|0|0|0|0|0
S| |91000000|181000000| |VI|0|7700|0|0|0|0|0|0|0|0|0|0|0
S|D047H|36290550|140517792|HUC|CF|0|4700|800|4720|500|0|2|8000|0|0|0|0|0
S|GOPVU|36607425|140838561| |TF|0|0|0|0|0|0|2|10000|0|0|0|0|0
S|GOPVU|36607425|140838561| |IF|0|0|0|0|0|0|0|0|0|0|0|0|0
S|D117K|36687369|140555178| |TF|0|0|0|0|0|0|2|10000|0|0|0|0|0
S|GOT|36744853|140349561| |TF|0|0|0|0|0|0|0|0|0|0|0|0|0

P|GOPVU1|21L|GOT|0|7
S| |91000000|181000000| |CA|0|20800|0|0|0|0|1|600|0|0|0|0|0
S| |91000000|181000000| |VI|1|200|0|0|0|0|0|0|0|0|0|0|0
S|D047H|36290550|140517792|HUC|CF|0|4700|800|4720|400|0|2|8000|0|0|0|0|0
S|GOPVU|36607425|140838561| |TF|0|0|0|0|0|0|2|10000|0|0|0|0|0
S|GOPVU|36607425|140838561| |IF|0|0|0|0|0|0|0|0|0|0|0|0|0
S|D117K|36687369|140555178| |TF|0|0|0|0|0|0|2|10000|0|0|0|0|0
S|GOT|36744853|140349561| |TF|0|0|0|0|0|0|0|0|0|0|0|0|0

P|GOPVU1|21R|GOT|0|7
S| |91000000|181000000| |CA|0|20800|0|0|0|0|1|600|0|0|0|0|0
S| |91000000|181000000| |VI|1|200|0|0|0|0|0|0|0|0|0|0|0
S|D047H|36290550|140517792|HUC|CF|0|4700|800|4720|400|0|2|8000|0|0|0|0|0
S|GOPVU|36607425|140838561| |TF|0|0|0|0|0|0|2|10000|0|0|0|0|0
S|GOPVU|36607425|140838561| |IF|0|0|0|0|0|0|0|0|0|0|0|0|0
S|D117K|36687369|140555178| |TF|0|0|0|0|0|0|2|10000|0|0|0|0|0
S|GOT|36744853|140349561| |TF|0|0|0|0|0|0|0|0|0|0|0|0|0

P|HITAK1|03L|OGITU|0|3
S| |91000000|181000000| |VA|0|2800|0|0|0|0|1|600|0|0|0|0|0
S|LICEN|36308506|140482617| |DF|0|0|0|0|0|0|2|7000|0|0|0|0|0
S|OGITU|36642147|140673006| |TF|0|0|0|0|0|0|2|10000|0|0|0|0|0

P|HITAK1|21R|OGITU|0|4
S| |91000000|181000000| |VA|0|20800|0|0|0|0|1|600|0|0|0|0|0
S|H1R00|36236972|140331750| |DF|2|0|0|0|0|0|2|3000|0|0|0|0|0
S|LICEN|36308506|140482617| |TF|0|0|0|0|0|0|3|7000|4000|0|0|0|0
S|OGITU|36642147|140673006| |TF|0|0|0|0|0|0|2|10000|0|0|0|0|0

P|NAKAH5|03L|NAKAH|0|4
S| |91000000|181000000| |CA|0|2800|0|0|0|0|1|600|0|0|0|0|0
S| |91000000|181000000| |VI|0|33200|0|0|0|0|0|0|0|0|0|0|0
S|D002H|36314789|140396844|HUC|CF|0|200|770|190|400|0|2|7000|0|0|0|0|0
S|NAKAH|36436078|140380772| |TF|0|0|0|0|0|0|0|0|0|0|0|0|0

P|NAKAH5|03R|NAKAH|0|4
S| |91000000|181000000| |CA|0|2800|0|0|0|0|1|600|0|0|0|0|0
S| |91000000|181000000| |VI|0|33200|0|0|0|0|0|0|0|0|0|0|0
S|D002H|36314789|140396844|HUC|CF|0|200|770|190|400|0|2|7000|0|0|0|0|0
S|NAKAH|36436078|140380772| |TF|0|0|0|0|0|0|0|0|0|0|0|0|0

P|NAKAH5|21L|NAKAH|0|4
S| |91000000|181000000| |CA|0|20800|0|0|0|0|1|600|0|0|0|0|0
S| |91000000|181000000| |VI|2|4700|0|0|0|0|0|0|0|0|0|0|0
S|D002H|36314789|140396844|HUC|CF|0|200|770|190|400|0|2|7000|0|0|0|0|0
S|NAKAH|36436078|140380772| |TF|0|0|0|0|0|0|0|0|0|0|0|0|0

P|NAKAH5|21R|NAKAH|0|4
S| |91000000|181000000| |CA|0|20800|0|0|0|0|1|600|0|0|0|0|0
S| |91000000|181000000| |VI|2|4700|0|0|0|0|0|0|0|0|0|0|0
S|D002H|36314789|140396844|HUC|CF|0|200|770|190|400|0|2|7000|0|0|0|0|0
S|NAKAH|36436078|140380772| |TF|0|0|0|0|0|0|0|0|0|0|0|0|0

P|OGIT1E|03L|CVT|0|8
S| |91000000|181000000| |CA|0|2800|0|0|0|0|1|600|0|0|0|0|0
S|D033F|36270431|140461000|HUC|CF|0|3300|550|3270|500|0|2|7000|0|0|0|0|0
S|OGITU|36642147|140673006| |TF|0|0|0|0|0|0|0|0|0|0|0|0|0
S|OGITU|36642147|140673006| |IF|0|0|0|0|0|0|2|10000|0|0|0|0|0
S| |91000000|181000000| |VI|2|14600|0|0|0|0|0|0|0|0|0|0|0
S|CVT46|36492567|140866233|CVT|CF|0|19100|4600|1100|300|0|2|13000|0|0|0|0|0
S|CVT29|36216197|140842150| |TF|0|0|0|0|0|0|1|17000|0|0|0|0|0
S|CVT|35726683|140799911| |TF|0|0|0|0|0|0|0|0|0|0|0|0|0

P|OGIT1E|03R|CVT|0|8
S| |91000000|181000000| |CA|0|2800|0|0|0|0|1|600|0|0|0|0|0
S|D033F|36270431|140461000|HUC|CF|0|3300|550|3270|500|0|2|7000|0|0|0|0|0
S|OGITU|36642147|140673006| |TF|0|0|0|0|0|0|0|0|0|0|0|0|0
S|OGITU|36642147|140673006| |IF|0|0|0|0|0|0|2|10000|0|0|0|0|0
S| |91000000|181000000| |VI|2|14600|0|0|0|0|0|0|0|0|0|0|0
S|CVT46|36492567|140866233|CVT|CF|0|19100|4600|1100|300|0|2|13000|0|0|0|0|0
S|CVT29|36216197|140842150| |TF|0|0|0|0|0|0|1|17000|0|0|0|0|0
S|CVT|35726683|140799911| |TF|0|0|0|0|0|0|0|0|0|0|0|0|0

P|OGIT1E|03L|IXE|0|5
S| |91000000|181000000| |CA|0|2800|0|0|0|0|1|600|0|0|0|0|0
S|D033F|36270431|140461000|HUC|CF|0|3300|550|3270|500|0|2|7000|0|0|0|0|0
S|OGITU|36642147|140673006| |TF|0|0|0|0|0|0|0|0|0|0|0|0|0
S|OGITU|36642147|140673006| |IF|0|0|0|0|0|0|2|10000|0|0|0|0|0
S|IXE|37148864|140975686| |TF|0|0|0|0|0|0|0|0|0|0|0|0|0

P|OGIT1E|03R|IXE|0|5
S| |91000000|181000000| |CA|0|2800|0|0|0|0|1|600|0|0|0|0|0
S|D033F|36270431|140461000|HUC|CF|0|3300|550|3270|500|0|2|7000|0|0|0|0|0
S|OGITU|36642147|140673006| |TF|0|0|0|0|0|0|0|0|0|0|0|0|0
S|OGITU|36642147|140673006| |IF|0|0|0|0|0|0|2|10000|0|0|0|0|0
S|IXE|37148864|140975686| |TF|0|0|0|0|0|0|0|0|0|0|0|0|0

P|OGIT1E|03L|MXT|0|5
S| |91000000|181000000| |CA|0|2800|0|0|0|0|1|600|0|0|0|0|0
S|D033F|36270431|140461000|HUC|CF|0|3300|550|3270|500|0|2|7000|0|0|0|0|0
S|OGITU|36642147|140673006| |TF|0|0|0|0|0|0|0|0|0|0|0|0|0
S|OGITU|36642147|140673006| |IF|0|0|0|0|0|0|0|10000|0|0|0|0|0
S|MXT|38403889|141225556| |TF|0|0|0|0|0|0|0|0|0|0|0|0|0

P|OGIT1E|03R|MXT|0|5
S| |91000000|181000000| |CA|0|2800|0|0|0|0|1|600|0|0|0|0|0
S|D033F|36270431|140461000|HUC|CF|0|3300|550|3270|500|0|2|7000|0|0|0|0|0
S|OGITU|36642147|140673006| |TF|0|0|0|0|0|0|0|0|0|0|0|0|0
S|OGITU|36642147|140673006| |IF|0|0|0|0|0|0|0|10000|0|0|0|0|0
S|MXT|38403889|141225556| |TF|0|0|0|0|0|0|0|0|0|0|0|0|0

P|OGIT1E|03L|OKUJI|0|6
S| |91000000|181000000| |CA|0|2800|0|0|0|0|1|600|0|0|0|0|0
S|D033F|36270431|140461000|HUC|CF|0|3300|550|3270|500|0|2|7000|0|0|0|0|0
S|OGITU|36642147|140673006| |TF|0|0|0|0|0|0|0|0|0|0|0|0|0
S|OGITU|36642147|140673006| |IF|0|0|0|0|0|0|2|10000|0|0|0|0|0
S|HUC35|36718883|140722539| |TF|0|0|0|0|0|0|0|0|0|0|0|0|0
S|OKUJI|36771083|140350044|HUC|AF|1|3300|3510|300|0|0|1|9000|0|0|0|0|0

P|OGIT1E|03R|OKUJI|0|6
S| |91000000|181000000| |CA|0|2800|0|0|0|0|1|600|0|0|0|0|0
S|D033F|36270431|140461000|HUC|CF|0|3300|550|3270|500|0|2|7000|0|0|0|0|0
S|OGITU|36642147|140673006| |TF|0|0|0|0|0|0|0|0|0|0|0|0|0
S|OGITU|36642147|140673006| |IF|0|0|0|0|0|0|2|10000|0|0|0|0|0
S|HUC35|36718883|140722539| |TF|0|0|0|0|0|0|0|0|0|0|0|0|0
S|OKUJI|36771083|140350044|HUC|AF|1|3300|3510|300|0|0|1|9000|0|0|0|0|0

P|OGIT1E|21L|CVT|0|9
S| |91000000|181000000| |CA|0|20800|0|0|0|0|1|600|0|0|0|0|0
S| |91000000|181000000| |VI|1|34800|0|0|0|0|0|0|0|0|0|0|0
S|D033F|36270431|140461000|HUC|CF|0|3300|550|3270|200|0|3|7000|4000|0|0|0|0
S|OGITU|36642147|140673006| |TF|0|0|0|0|0|0|0|0|0|0|0|0|0
S|OGITU|36642147|140673006| |IF|0|0|0|0|0|0|2|10000|0|0|0|0|0
S| |91000000|181000000| |VI|2|14600|0|0|0|0|0|0|0|0|0|0|0
S|CVT46|36492567|140866233|CVT|CF|0|19100|4600|1100|300|0|2|13000|0|0|0|0|0
S|CVT29|36216197|140842150| |TF|0|0|0|0|0|0|1|17000|0|0|0|0|0
S|CVT|35726683|140799911| |TF|0|0|0|0|0|0|0|0|0|0|0|0|0

P|OGIT1E|21R|CVT|0|9
S| |91000000|181000000| |CA|0|20800|0|0|0|0|1|600|0|0|0|0|0
S| |91000000|181000000| |VI|1|34800|0|0|0|0|0|0|0|0|0|0|0
S|D033F|36270431|140461000|HUC|CF|0|3300|550|3270|200|0|3|7000|4000|0|0|0|0
S|OGITU|36642147|140673006| |TF|0|0|0|0|0|0|0|0|0|0|0|0|0
S|OGITU|36642147|140673006| |IF|0|0|0|0|0|0|2|10000|0|0|0|0|0
S| |91000000|181000000| |VI|2|14600|0|0|0|0|0|0|0|0|0|0|0
S|CVT46|36492567|140866233|CVT|CF|0|19100|4600|1100|300|0|2|13000|0|0|0|0|0
S|CVT29|36216197|140842150| |TF|0|0|0|0|0|0|1|17000|0|0|0|0|0
S|CVT|35726683|140799911| |TF|0|0|0|0|0|0|0|0|0|0|0|0|0

P|OGIT1E|21L|IXE|0|6
S| |91000000|181000000| |CA|0|20800|0|0|0|0|1|600|0|0|0|0|0
S| |91000000|181000000| |VI|1|34800|0|0|0|0|0|0|0|0|0|0|0
S|D033F|36270431|140461000|HUC|CF|0|3300|550|3270|200|0|3|7000|4000|0|0|0|0
S|OGITU|36642147|140673006| |TF|0|0|0|0|0|0|0|0|0|0|0|0|0
S|OGITU|36642147|140673006| |IF|0|0|0|0|0|0|2|10000|0|0|0|0|0
S|IXE|37148864|140975686| |TF|0|0|0|0|0|0|0|0|0|0|0|0|0

P|OGIT1E|21R|IXE|0|6
S| |91000000|181000000| |CA|0|20800|0|0|0|0|1|600|0|0|0|0|0
S| |91000000|181000000| |VI|1|34800|0|0|0|0|0|0|0|0|0|0|0
S|D033F|36270431|140461000|HUC|CF|0|3300|550|3270|200|0|3|7000|4000|0|0|0|0
S|OGITU|36642147|140673006| |TF|0|0|0|0|0|0|0|0|0|0|0|0|0
S|OGITU|36642147|140673006| |IF|0|0|0|0|0|0|2|10000|0|0|0|0|0
S|IXE|37148864|140975686| |TF|0|0|0|0|0|0|0|0|0|0|0|0|0

P|OGIT1E|21L|MXT|0|6
S| |91000000|181000000| |CA|0|20800|0|0|0|0|1|600|0|0|0|0|0
S| |91000000|181000000| |VI|1|34800|0|0|0|0|0|0|0|0|0|0|0
S|D033F|36270431|140461000|HUC|CF|0|3300|550|3270|200|0|3|7000|4000|0|0|0|0
S|OGITU|36642147|140673006| |TF|0|0|0|0|0|0|0|0|0|0|0|0|0
S|OGITU|36642147|140673006| |IF|0|0|0|0|0|0|0|10000|0|0|0|0|0
S|MXT|38403889|141225556| |TF|0|0|0|0|0|0|0|0|0|0|0|0|0

P|OGIT1E|21R|MXT|0|6
S| |91000000|181000000| |CA|0|20800|0|0|0|0|1|600|0|0|0|0|0
S| |91000000|181000000| |VI|1|34800|0|0|0|0|0|0|0|0|0|0|0
S|D033F|36270431|140461000|HUC|CF|0|3300|550|3270|200|0|3|7000|4000|0|0|0|0
S|OGITU|36642147|140673006| |TF|0|0|0|0|0|0|0|0|0|0|0|0|0
S|OGITU|36642147|140673006| |IF|0|0|0|0|0|0|0|10000|0|0|0|0|0
S|MXT|38403889|141225556| |TF|0|0|0|0|0|0|0|0|0|0|0|0|0

P|OGIT1E|21L|OKUJI|0|7
S| |91000000|181000000| |CA|0|20800|0|0|0|0|1|600|0|0|0|0|0
S| |91000000|181000000| |VI|1|34800|0|0|0|0|0|0|0|0|0|0|0
S|D033F|36270431|140461000|HUC|CF|0|3300|550|3270|200|0|3|7000|4000|0|0|0|0
S|OGITU|36642147|140673006| |TF|0|0|0|0|0|0|0|0|0|0|0|0|0
S|OGITU|36642147|140673006| |IF|0|0|0|0|0|0|2|10000|0|0|0|0|0
S|HUC35|36718883|140722539| |TF|0|0|0|0|0|0|0|0|0|0|0|0|0
S|OKUJI|36771083|140350044|HUC|AF|1|3300|3510|300|0|0|1|9000|0|0|0|0|0

P|OGIT1E|21R|OKUJI|0|7
S| |91000000|181000000| |CA|0|20800|0|0|0|0|1|600|0|0|0|0|0
S| |91000000|181000000| |VI|1|34800|0|0|0|0|0|0|0|0|0|0|0
S|D033F|36270431|140461000|HUC|CF|0|3300|550|3270|200|0|3|7000|4000|0|0|0|0
S|OGITU|36642147|140673006| |TF|0|0|0|0|0|0|0|0|0|0|0|0|0
S|OGITU|36642147|140673006| |IF|0|0|0|0|0|0|2|10000|0|0|0|0|0
S|HUC35|36718883|140722539| |TF|0|0|0|0|0|0|0|0|0|0|0|0|0
S|OKUJI|36771083|140350044|HUC|AF|1|3300|3510|300|0|0|1|9000|0|0|0|0|0

P|OGIT1W|03L|CVT|0|8
S| |91000000|181000000| |CA|0|2800|0|0|0|0|1|600|0|0|0|0|0
S|D033F|36270431|140461000|HUC|CF|0|3300|550|3270|500|0|2|7000|0|0|0|0|0
S|OGITU|36642147|140673006| |TF|0|0|0|0|0|0|0|0|0|0|0|0|0
S|OGITU|36642147|140673006| |IF|0|0|0|0|0|0|2|10000|0|0|0|0|0
S| |91000000|181000000| |VI|2|14600|0|0|0|0|0|0|0|0|0|0|0
S|CVT46|36492567|140866233|CVT|CF|0|19100|4600|1100|300|0|2|13000|0|0|0|0|0
S|CVT29|36216197|140842150| |TF|0|0|0|0|0|0|1|17000|0|0|0|0|0
S|CVT|35726683|140799911| |TF|0|0|0|0|0|0|0|0|0|0|0|0|0

P|OGIT1W|03R|CVT|0|8
S| |91000000|181000000| |CA|0|2800|0|0|0|0|1|600|0|0|0|0|0
S|D033F|36270431|140461000|HUC|CF|0|3300|550|3270|500|0|2|7000|0|0|0|0|0
S|OGITU|36642147|140673006| |TF|0|0|0|0|0|0|0|0|0|0|0|0|0
S|OGITU|36642147|140673006| |IF|0|0|0|0|0|0|2|10000|0|0|0|0|0
S| |91000000|181000000| |VI|2|14600|0|0|0|0|0|0|0|0|0|0|0
S|CVT46|36492567|140866233|CVT|CF|0|19100|4600|1100|300|0|2|13000|0|0|0|0|0
S|CVT29|36216197|140842150| |TF|0|0|0|0|0|0|1|17000|0|0|0|0|0
S|CVT|35726683|140799911| |TF|0|0|0|0|0|0|0|0|0|0|0|0|0

P|OGIT1W|03L|IXE|0|5
S| |91000000|181000000| |CA|0|2800|0|0|0|0|1|600|0|0|0|0|0
S|D033F|36270431|140461000|HUC|CF|0|3300|550|3270|500|0|2|7000|0|0|0|0|0
S|OGITU|36642147|140673006| |TF|0|0|0|0|0|0|0|0|0|0|0|0|0
S|OGITU|36642147|140673006| |IF|0|0|0|0|0|0|2|10000|0|0|0|0|0
S|IXE|37148864|140975686| |TF|0|0|0|0|0|0|0|0|0|0|0|0|0

P|OGIT1W|03R|IXE|0|5
S| |91000000|181000000| |CA|0|2800|0|0|0|0|1|600|0|0|0|0|0
S|D033F|36270431|140461000|HUC|CF|0|3300|550|3270|500|0|2|7000|0|0|0|0|0
S|OGITU|36642147|140673006| |TF|0|0|0|0|0|0|0|0|0|0|0|0|0
S|OGITU|36642147|140673006| |IF|0|0|0|0|0|0|2|10000|0|0|0|0|0
S|IXE|37148864|140975686| |TF|0|0|0|0|0|0|0|0|0|0|0|0|0

P|OGIT1W|03L|MXT|0|5
S| |91000000|181000000| |CA|0|2800|0|0|0|0|1|600|0|0|0|0|0
S|D033F|36270431|140461000|HUC|CF|0|3300|550|3270|500|0|2|7000|0|0|0|0|0
S|OGITU|36642147|140673006| |TF|0|0|0|0|0|0|0|0|0|0|0|0|0
S|OGITU|36642147|140673006| |IF|0|0|0|0|0|0|0|10000|0|0|0|0|0
S|MXT|38403889|141225556| |TF|0|0|0|0|0|0|0|0|0|0|0|0|0

P|OGIT1W|03R|MXT|0|5
S| |91000000|181000000| |CA|0|2800|0|0|0|0|1|600|0|0|0|0|0
S|D033F|36270431|140461000|HUC|CF|0|3300|550|3270|500|0|2|7000|0|0|0|0|0
S|OGITU|36642147|140673006| |TF|0|0|0|0|0|0|0|0|0|0|0|0|0
S|OGITU|36642147|140673006| |IF|0|0|0|0|0|0|0|10000|0|0|0|0|0
S|MXT|38403889|141225556| |TF|0|0|0|0|0|0|0|0|0|0|0|0|0

P|OGIT1W|03L|OKUJI|0|6
S| |91000000|181000000| |CA|0|2800|0|0|0|0|1|600|0|0|0|0|0
S|D033F|36270431|140461000|HUC|CF|0|3300|550|3270|500|0|2|7000|0|0|0|0|0
S|OGITU|36642147|140673006| |TF|0|0|0|0|0|0|0|0|0|0|0|0|0
S|OGITU|36642147|140673006| |IF|0|0|0|0|0|0|2|10000|0|0|0|0|0
S|HUC35|36718883|140722539| |TF|0|0|0|0|0|0|0|0|0|0|0|0|0
S|OKUJI|36771083|140350044|HUC|AF|1|3300|3510|300|0|0|1|9000|0|0|0|0|0

P|OGIT1W|03R|OKUJI|0|6
S| |91000000|181000000| |CA|0|2800|0|0|0|0|1|600|0|0|0|0|0
S|D033F|36270431|140461000|HUC|CF|0|3300|550|3270|500|0|2|7000|0|0|0|0|0
S|OGITU|36642147|140673006| |TF|0|0|0|0|0|0|0|0|0|0|0|0|0
S|OGITU|36642147|140673006| |IF|0|0|0|0|0|0|2|10000|0|0|0|0|0
S|HUC35|36718883|140722539| |TF|0|0|0|0|0|0|0|0|0|0|0|0|0
S|OKUJI|36771083|140350044|HUC|AF|1|3300|3510|300|0|0|1|9000|0|0|0|0|0

P|OGIT1W|21L|CVT|0|9
S| |91000000|181000000| |CA|0|20800|0|0|0|0|1|600|0|0|0|0|0
S| |91000000|181000000| |VI|2|6300|0|0|0|0|0|0|0|0|0|0|0
S|D033F|36270431|140461000|HUC|CF|0|3300|550|3270|200|0|3|7000|4000|0|0|0|0
S|OGITU|36642147|140673006| |TF|0|0|0|0|0|0|0|0|0|0|0|0|0
S|OGITU|36642147|140673006| |IF|0|0|0|0|0|0|2|10000|0|0|0|0|0
S| |91000000|181000000| |VI|2|14600|0|0|0|0|0|0|0|0|0|0|0
S|CVT46|36492567|140866233|CVT|CF|0|19100|4600|1100|300|0|2|13000|0|0|0|0|0
S|CVT29|36216197|140842150| |TF|0|0|0|0|0|0|1|17000|0|0|0|0|0
S|CVT|35726683|140799911| |TF|0|0|0|0|0|0|0|0|0|0|0|0|0

P|OGIT1W|21R|CVT|0|9
S| |91000000|181000000| |CA|0|20800|0|0|0|0|1|600|0|0|0|0|0
S| |91000000|181000000| |VI|2|6300|0|0|0|0|0|0|0|0|0|0|0
S|D033F|36270431|140461000|HUC|CF|0|3300|550|3270|200|0|3|7000|4000|0|0|0|0
S|OGITU|36642147|140673006| |TF|0|0|0|0|0|0|0|0|0|0|0|0|0
S|OGITU|36642147|140673006| |IF|0|0|0|0|0|0|2|10000|0|0|0|0|0
S| |91000000|181000000| |VI|2|14600|0|0|0|0|0|0|0|0|0|0|0
S|CVT46|36492567|140866233|CVT|CF|0|19100|4600|1100|300|0|2|13000|0|0|0|0|0
S|CVT29|36216197|140842150| |TF|0|0|0|0|0|0|1|17000|0|0|0|0|0
S|CVT|35726683|140799911| |TF|0|0|0|0|0|0|0|0|0|0|0|0|0

P|OGIT1W|21L|IXE|0|6
S| |91000000|181000000| |CA|0|20800|0|0|0|0|1|600|0|0|0|0|0
S| |91000000|181000000| |VI|2|6300|0|0|0|0|0|0|0|0|0|0|0
S|D033F|36270431|140461000|HUC|CF|0|3300|550|3270|200|0|3|7000|4000|0|0|0|0
S|OGITU|36642147|140673006| |TF|0|0|0|0|0|0|0|0|0|0|0|0|0
S|OGITU|36642147|140673006| |IF|0|0|0|0|0|0|2|10000|0|0|0|0|0
S|IXE|37148864|140975686| |TF|0|0|0|0|0|0|0|0|0|0|0|0|0

P|OGIT1W|21R|IXE|0|6
S| |91000000|181000000| |CA|0|20800|0|0|0|0|1|600|0|0|0|0|0
S| |91000000|181000000| |VI|2|6300|0|0|0|0|0|0|0|0|0|0|0
S|D033F|36270431|140461000|HUC|CF|0|3300|550|3270|200|0|3|7000|4000|0|0|0|0
S|OGITU|36642147|140673006| |TF|0|0|0|0|0|0|0|0|0|0|0|0|0
S|OGITU|36642147|140673006| |IF|0|0|0|0|0|0|2|10000|0|0|0|0|0
S|IXE|37148864|140975686| |TF|0|0|0|0|0|0|0|0|0|0|0|0|0

P|OGIT1W|21L|MXT|0|6
S| |91000000|181000000| |CA|0|20800|0|0|0|0|1|600|0|0|0|0|0
S| |91000000|181000000| |VI|2|6300|0|0|0|0|0|0|0|0|0|0|0
S|D033F|36270431|140461000|HUC|CF|0|3300|550|3270|200|0|3|7000|4000|0|0|0|0
S|OGITU|36642147|140673006| |TF|0|0|0|0|0|0|0|0|0|0|0|0|0
S|OGITU|36642147|140673006| |IF|0|0|0|0|0|0|0|10000|0|0|0|0|0
S|MXT|38403889|141225556| |TF|0|0|0|0|0|0|0|0|0|0|0|0|0

P|OGIT1W|21R|MXT|0|6
S| |91000000|181000000| |CA|0|20800|0|0|0|0|1|600|0|0|0|0|0
S| |91000000|181000000| |VI|2|6300|0|0|0|0|0|0|0|0|0|0|0
S|D033F|36270431|140461000|HUC|CF|0|3300|550|3270|200|0|3|7000|4000|0|0|0|0
S|OGITU|36642147|140673006| |TF|0|0|0|0|0|0|0|0|0|0|0|0|0
S|OGITU|36642147|140673006| |IF|0|0|0|0|0|0|0|10000|0|0|0|0|0
S|MXT|38403889|141225556| |TF|0|0|0|0|0|0|0|0|0|0|0|0|0

P|OGIT1W|21L|OKUJI|0|7
S| |91000000|181000000| |CA|0|20800|0|0|0|0|1|600|0|0|0|0|0
S| |91000000|181000000| |VI|2|6300|0|0|0|0|0|0|0|0|0|0|0
S|D033F|36270431|140461000|HUC|CF|0|3300|550|3270|200|0|3|7000|4000|0|0|0|0
S|OGITU|36642147|140673006| |TF|0|0|0|0|0|0|0|0|0|0|0|0|0
S|OGITU|36642147|140673006| |IF|0|0|0|0|0|0|2|10000|0|0|0|0|0
S|HUC35|36718883|140722539| |TF|0|0|0|0|0|0|0|0|0|0|0|0|0
S|OKUJI|36771083|140350044|HUC|AF|1|3300|3510|300|0|0|1|9000|0|0|0|0|0

P|OGIT1W|21R|OKUJI|0|7
S| |91000000|181000000| |CA|0|20800|0|0|0|0|1|600|0|0|0|0|0
S| |91000000|181000000| |VI|2|6300|0|0|0|0|0|0|0|0|0|0|0
S|D033F|36270431|140461000|HUC|CF|0|3300|550|3270|200|0|3|7000|4000|0|0|0|0
S|OGITU|36642147|140673006| |TF|0|0|0|0|0|0|0|0|0|0|0|0|0
S|OGITU|36642147|140673006| |IF|0|0|0|0|0|0|2|10000|0|0|0|0|0
S|HUC35|36718883|140722539| |TF|0|0|0|0|0|0|0|0|0|0|0|0|0
S|OKUJI|36771083|140350044|HUC|AF|1|3300|3510|300|0|0|1|9000|0|0|0|0|0

