P|FERRY7|06L|HABAR|0|9
S| |91000000|181000000| |CA|0|5900|0|0|0|0|1|520|0|0|0|0|0
S| |91000000|181000000| |VI|1|27000|0|0|0|0|0|0|0|0|0|0|0
S|D279W|34608692|135119467|KIE|CF|0|34600|1180|34630|700|0|0|0|0|0|0|0|0
S|D279W|34608692|135119467| |IF|0|0|0|0|0|0|0|0|0|0|0|0|0
S|MAIKO|34611036|134996961| |TF|0|0|0|0|0|0|0|0|0|0|0|0|0
S|MAIKO|34611036|134996961| |IF|0|0|0|0|0|0|0|0|0|0|0|0|0
S|OSRIX|34625408|134777536| |TF|0|0|0|0|0|0|0|0|0|0|0|0|0
S|SHION|34428367|134282606| |TF|0|0|0|0|0|0|0|0|0|0|0|0|0
S|HABAR|34319372|133588783| |TF|0|0|0|0|0|0|0|0|0|0|0|0|0

P|FERRY7|06L|KTE|0|8
S| |91000000|181000000| |CA|0|5900|0|0|0|0|1|520|0|0|0|0|0
S| |91000000|181000000| |VI|1|27000|0|0|0|0|0|0|0|0|0|0|0
S|D279W|34608692|135119467|KIE|CF|0|34600|1180|34630|700|0|0|0|0|0|0|0|0
S|D279W|34608692|135119467| |IF|0|0|0|0|0|0|0|0|0|0|0|0|0
S|MAIKO|34611036|134996961| |TF|0|0|0|0|0|0|0|0|0|0|0|0|0
S|MAIKO|34611036|134996961| |IF|0|0|0|0|0|0|0|0|0|0|0|0|0
S|AVLEX|34620189|134436492| |TF|0|0|0|0|0|0|0|0|0|0|0|0|0
S|KTE|34212497|134022592| |TF|0|0|0|0|0|0|0|0|0|0|0|0|0

P|FERRY7|06L|OLIVE|0|8
S| |91000000|181000000| |CA|0|5900|0|0|0|0|1|520|0|0|0|0|0
S| |91000000|181000000| |VI|1|27000|0|0|0|0|0|0|0|0|0|0|0
S|D279W|34608692|135119467|KIE|CF|0|34600|1180|34630|700|0|0|0|0|0|0|0|0
S|D279W|34608692|135119467| |IF|0|0|0|0|0|0|0|0|0|0|0|0|0
S|MAIKO|34611036|134996961| |TF|0|0|0|0|0|0|0|0|0|0|0|0|0
S|MAIKO|34611036|134996961| |IF|0|0|0|0|0|0|0|0|0|0|0|0|0
S|AVLEX|34620189|134436492| |TF|0|0|0|0|0|0|0|0|0|0|0|0|0
S|OLIVE|34754903|134450067|KCE|AF|2|27900|3920|28910|0|0|0|0|0|0|0|0|0

P|FERRY7|06L|SHION|0|8
S| |91000000|181000000| |CA|0|5900|0|0|0|0|1|520|0|0|0|0|0
S| |91000000|181000000| |VI|1|27000|0|0|0|0|0|0|0|0|0|0|0
S|D279W|34608692|135119467|KIE|CF|0|34600|1180|34630|700|0|0|0|0|0|0|0|0
S|D279W|34608692|135119467| |IF|0|0|0|0|0|0|0|0|0|0|0|0|0
S|MAIKO|34611036|134996961| |TF|0|0|0|0|0|0|0|0|0|0|0|0|0
S|MAIKO|34611036|134996961| |IF|0|0|0|0|0|0|0|0|0|0|0|0|0
S|OSRIX|34625408|134777536| |TF|0|0|0|0|0|0|0|0|0|0|0|0|0
S|SHION|34428367|134282606| |TF|0|0|0|0|0|0|0|0|0|0|0|0|0

P|FERRY7|06L|SOUJA|0|9
S| |91000000|181000000| |CA|0|5900|0|0|0|0|1|520|0|0|0|0|0
S| |91000000|181000000| |VI|1|27000|0|0|0|0|0|0|0|0|0|0|0
S|D279W|34608692|135119467|KIE|CF|0|34600|1180|34630|700|0|0|0|0|0|0|0|0
S|D279W|34608692|135119467| |IF|0|0|0|0|0|0|0|0|0|0|0|0|0
S|MAIKO|34611036|134996961| |TF|0|0|0|0|0|0|0|0|0|0|0|0|0
S|MAIKO|34611036|134996961| |IF|0|0|0|0|0|0|0|0|0|0|0|0|0
S|OSRIX|34625408|134777536| |TF|0|0|0|0|0|0|0|0|0|0|0|0|0
S|GUMID|34573819|134042764| |TF|0|0|0|0|0|0|0|0|0|0|0|0|0
S|SOUJA|34627400|133739578| |TF|0|0|0|0|0|0|0|0|0|0|0|0|0

P|FERRY7|06L|WASYU|0|9
S| |91000000|181000000| |CA|0|5900|0|0|0|0|1|520|0|0|0|0|0
S| |91000000|181000000| |VI|1|27000|0|0|0|0|0|0|0|0|0|0|0
S|D279W|34608692|135119467|KIE|CF|0|34600|1180|34630|700|0|0|0|0|0|0|0|0
S|D279W|34608692|135119467| |IF|0|0|0|0|0|0|0|0|0|0|0|0|0
S|MAIKO|34611036|134996961| |TF|0|0|0|0|0|0|0|0|0|0|0|0|0
S|MAIKO|34611036|134996961| |IF|0|0|0|0|0|0|0|0|0|0|0|0|0
S|OSRIX|34625408|134777536| |TF|0|0|0|0|0|0|0|0|0|0|0|0|0
S|SHION|34428367|134282606| |TF|0|0|0|0|0|0|0|0|0|0|0|0|0
S|WASYU|34471528|133383650| |TF|0|0|0|0|0|0|0|0|0|0|0|0|0

P|FERRY7|06R|HABAR|0|9
S| |91000000|181000000| |CA|0|5900|0|0|0|0|1|500|0|0|0|0|0
S| |91000000|181000000| |VI|1|27000|0|0|0|0|0|0|0|0|0|0|0
S|D279W|34608692|135119467|KIE|CF|0|34600|1180|34630|800|0|0|0|0|0|0|0|0
S|D279W|34608692|135119467| |IF|0|0|0|0|0|0|0|0|0|0|0|0|0
S|MAIKO|34611036|134996961| |TF|0|0|0|0|0|0|0|0|0|0|0|0|0
S|MAIKO|34611036|134996961| |IF|0|0|0|0|0|0|0|0|0|0|0|0|0
S|OSRIX|34625408|134777536| |TF|0|0|0|0|0|0|0|0|0|0|0|0|0
S|SHION|34428367|134282606| |TF|0|0|0|0|0|0|0|0|0|0|0|0|0
S|HABAR|34319372|133588783| |TF|0|0|0|0|0|0|0|0|0|0|0|0|0

P|FERRY7|06R|KTE|0|8
S| |91000000|181000000| |CA|0|5900|0|0|0|0|1|500|0|0|0|0|0
S| |91000000|181000000| |VI|1|27000|0|0|0|0|0|0|0|0|0|0|0
S|D279W|34608692|135119467|KIE|CF|0|34600|1180|34630|800|0|0|0|0|0|0|0|0
S|D279W|34608692|135119467| |IF|0|0|0|0|0|0|0|0|0|0|0|0|0
S|MAIKO|34611036|134996961| |TF|0|0|0|0|0|0|0|0|0|0|0|0|0
S|MAIKO|34611036|134996961| |IF|0|0|0|0|0|0|0|0|0|0|0|0|0
S|AVLEX|34620189|134436492| |TF|0|0|0|0|0|0|0|0|0|0|0|0|0
S|KTE|34212497|134022592| |TF|0|0|0|0|0|0|0|0|0|0|0|0|0

P|FERRY7|06R|OLIVE|0|8
S| |91000000|181000000| |CA|0|5900|0|0|0|0|1|500|0|0|0|0|0
S| |91000000|181000000| |VI|1|27000|0|0|0|0|0|0|0|0|0|0|0
S|D279W|34608692|135119467|KIE|CF|0|34600|1180|34630|800|0|0|0|0|0|0|0|0
S|D279W|34608692|135119467| |IF|0|0|0|0|0|0|0|0|0|0|0|0|0
S|MAIKO|34611036|134996961| |TF|0|0|0|0|0|0|0|0|0|0|0|0|0
S|MAIKO|34611036|134996961| |IF|0|0|0|0|0|0|0|0|0|0|0|0|0
S|AVLEX|34620189|134436492| |TF|0|0|0|0|0|0|0|0|0|0|0|0|0
S|OLIVE|34754903|134450067|KCE|AF|2|27900|3920|28910|0|0|0|0|0|0|0|0|0

P|FERRY7|06R|SHION|0|8
S| |91000000|181000000| |CA|0|5900|0|0|0|0|1|500|0|0|0|0|0
S| |91000000|181000000| |VI|1|27000|0|0|0|0|0|0|0|0|0|0|0
S|D279W|34608692|135119467|KIE|CF|0|34600|1180|34630|800|0|0|0|0|0|0|0|0
S|D279W|34608692|135119467| |IF|0|0|0|0|0|0|0|0|0|0|0|0|0
S|MAIKO|34611036|134996961| |TF|0|0|0|0|0|0|0|0|0|0|0|0|0
S|MAIKO|34611036|134996961| |IF|0|0|0|0|0|0|0|0|0|0|0|0|0
S|OSRIX|34625408|134777536| |TF|0|0|0|0|0|0|0|0|0|0|0|0|0
S|SHION|34428367|134282606| |TF|0|0|0|0|0|0|0|0|0|0|0|0|0

P|FERRY7|06R|SOUJA|0|9
S| |91000000|181000000| |CA|0|5900|0|0|0|0|1|500|0|0|0|0|0
S| |91000000|181000000| |VI|1|27000|0|0|0|0|0|0|0|0|0|0|0
S|D279W|34608692|135119467|KIE|CF|0|34600|1180|34630|800|0|0|0|0|0|0|0|0
S|D279W|34608692|135119467| |IF|0|0|0|0|0|0|0|0|0|0|0|0|0
S|MAIKO|34611036|134996961| |TF|0|0|0|0|0|0|0|0|0|0|0|0|0
S|MAIKO|34611036|134996961| |IF|0|0|0|0|0|0|0|0|0|0|0|0|0
S|OSRIX|34625408|134777536| |TF|0|0|0|0|0|0|0|0|0|0|0|0|0
S|GUMID|34573819|134042764| |TF|0|0|0|0|0|0|0|0|0|0|0|0|0
S|SOUJA|34627400|133739578| |TF|0|0|0|0|0|0|0|0|0|0|0|0|0

P|FERRY7|06R|WASYU|0|9
S| |91000000|181000000| |CA|0|5900|0|0|0|0|1|500|0|0|0|0|0
S| |91000000|181000000| |VI|1|27000|0|0|0|0|0|0|0|0|0|0|0
S|D279W|34608692|135119467|KIE|CF|0|34600|1180|34630|800|0|0|0|0|0|0|0|0
S|D279W|34608692|135119467| |IF|0|0|0|0|0|0|0|0|0|0|0|0|0
S|MAIKO|34611036|134996961| |TF|0|0|0|0|0|0|0|0|0|0|0|0|0
S|MAIKO|34611036|134996961| |IF|0|0|0|0|0|0|0|0|0|0|0|0|0
S|OSRIX|34625408|134777536| |TF|0|0|0|0|0|0|0|0|0|0|0|0|0
S|SHION|34428367|134282606| |TF|0|0|0|0|0|0|0|0|0|0|0|0|0
S|WASYU|34471528|133383650| |TF|0|0|0|0|0|0|0|0|0|0|0|0|0

P|FERRY7|24L|HABAR|0|9
S| |91000000|181000000| |CA|0|23900|0|0|0|0|1|500|0|0|0|0|0
S| |91000000|181000000| |VI|2|3100|0|0|0|0|0|0|0|0|0|0|0
S|D279W|34608692|135119467|KIE|CF|0|34600|1180|34630|800|0|0|0|0|0|0|0|0
S|D279W|34608692|135119467| |IF|0|0|0|0|0|0|0|0|0|0|0|0|0
S|MAIKO|34611036|134996961| |TF|0|0|0|0|0|0|0|0|0|0|0|0|0
S|MAIKO|34611036|134996961| |IF|0|0|0|0|0|0|0|0|0|0|0|0|0
S|OSRIX|34625408|134777536| |TF|0|0|0|0|0|0|0|0|0|0|0|0|0
S|SHION|34428367|134282606| |TF|0|0|0|0|0|0|0|0|0|0|0|0|0
S|HABAR|34319372|133588783| |TF|0|0|0|0|0|0|0|0|0|0|0|0|0

P|FERRY7|24L|KTE|0|8
S| |91000000|181000000| |CA|0|23900|0|0|0|0|1|500|0|0|0|0|0
S| |91000000|181000000| |VI|2|3100|0|0|0|0|0|0|0|0|0|0|0
S|D279W|34608692|135119467|KIE|CF|0|34600|1180|34630|800|0|0|0|0|0|0|0|0
S|D279W|34608692|135119467| |IF|0|0|0|0|0|0|0|0|0|0|0|0|0
S|MAIKO|34611036|134996961| |TF|0|0|0|0|0|0|0|0|0|0|0|0|0
S|MAIKO|34611036|134996961| |IF|0|0|0|0|0|0|0|0|0|0|0|0|0
S|AVLEX|34620189|134436492| |TF|0|0|0|0|0|0|0|0|0|0|0|0|0
S|KTE|34212497|134022592| |TF|0|0|0|0|0|0|0|0|0|0|0|0|0

P|FERRY7|24L|OLIVE|0|8
S| |91000000|181000000| |CA|0|23900|0|0|0|0|1|500|0|0|0|0|0
S| |91000000|181000000| |VI|2|3100|0|0|0|0|0|0|0|0|0|0|0
S|D279W|34608692|135119467|KIE|CF|0|34600|1180|34630|800|0|0|0|0|0|0|0|0
S|D279W|34608692|135119467| |IF|0|0|0|0|0|0|0|0|0|0|0|0|0
S|MAIKO|34611036|134996961| |TF|0|0|0|0|0|0|0|0|0|0|0|0|0
S|MAIKO|34611036|134996961| |IF|0|0|0|0|0|0|0|0|0|0|0|0|0
S|AVLEX|34620189|134436492| |TF|0|0|0|0|0|0|0|0|0|0|0|0|0
S|OLIVE|34754903|134450067|KCE|AF|2|27900|3920|28910|0|0|0|0|0|0|0|0|0

P|FERRY7|24L|SHION|0|8
S| |91000000|181000000| |CA|0|23900|0|0|0|0|1|500|0|0|0|0|0
S| |91000000|181000000| |VI|2|3100|0|0|0|0|0|0|0|0|0|0|0
S|D279W|34608692|135119467|KIE|CF|0|34600|1180|34630|800|0|0|0|0|0|0|0|0
S|D279W|34608692|135119467| |IF|0|0|0|0|0|0|0|0|0|0|0|0|0
S|MAIKO|34611036|134996961| |TF|0|0|0|0|0|0|0|0|0|0|0|0|0
S|MAIKO|34611036|134996961| |IF|0|0|0|0|0|0|0|0|0|0|0|0|0
S|OSRIX|34625408|134777536| |TF|0|0|0|0|0|0|0|0|0|0|0|0|0
S|SHION|34428367|134282606| |TF|0|0|0|0|0|0|0|0|0|0|0|0|0

P|FERRY7|24L|SOUJA|0|9
S| |91000000|181000000| |CA|0|23900|0|0|0|0|1|500|0|0|0|0|0
S| |91000000|181000000| |VI|2|3100|0|0|0|0|0|0|0|0|0|0|0
S|D279W|34608692|135119467|KIE|CF|0|34600|1180|34630|800|0|0|0|0|0|0|0|0
S|D279W|34608692|135119467| |IF|0|0|0|0|0|0|0|0|0|0|0|0|0
S|MAIKO|34611036|134996961| |TF|0|0|0|0|0|0|0|0|0|0|0|0|0
S|MAIKO|34611036|134996961| |IF|0|0|0|0|0|0|0|0|0|0|0|0|0
S|OSRIX|34625408|134777536| |TF|0|0|0|0|0|0|0|0|0|0|0|0|0
S|GUMID|34573819|134042764| |TF|0|0|0|0|0|0|0|0|0|0|0|0|0
S|SOUJA|34627400|133739578| |TF|0|0|0|0|0|0|0|0|0|0|0|0|0

P|FERRY7|24L|WASYU|0|9
S| |91000000|181000000| |CA|0|23900|0|0|0|0|1|500|0|0|0|0|0
S| |91000000|181000000| |VI|2|3100|0|0|0|0|0|0|0|0|0|0|0
S|D279W|34608692|135119467|KIE|CF|0|34600|1180|34630|800|0|0|0|0|0|0|0|0
S|D279W|34608692|135119467| |IF|0|0|0|0|0|0|0|0|0|0|0|0|0
S|MAIKO|34611036|134996961| |TF|0|0|0|0|0|0|0|0|0|0|0|0|0
S|MAIKO|34611036|134996961| |IF|0|0|0|0|0|0|0|0|0|0|0|0|0
S|OSRIX|34625408|134777536| |TF|0|0|0|0|0|0|0|0|0|0|0|0|0
S|SHION|34428367|134282606| |TF|0|0|0|0|0|0|0|0|0|0|0|0|0
S|WASYU|34471528|133383650| |TF|0|0|0|0|0|0|0|0|0|0|0|0|0

P|FERRY7|24R|HABAR|0|9
S| |91000000|181000000| |CA|0|23900|0|0|0|0|1|520|0|0|0|0|0
S| |91000000|181000000| |VI|2|3100|0|0|0|0|0|0|0|0|0|0|0
S|D279W|34608692|135119467|KIE|CF|0|34600|1180|34630|600|0|0|0|0|0|0|0|0
S|D279W|34608692|135119467| |IF|0|0|0|0|0|0|0|0|0|0|0|0|0
S|MAIKO|34611036|134996961| |TF|0|0|0|0|0|0|0|0|0|0|0|0|0
S|MAIKO|34611036|134996961| |IF|0|0|0|0|0|0|0|0|0|0|0|0|0
S|OSRIX|34625408|134777536| |TF|0|0|0|0|0|0|0|0|0|0|0|0|0
S|SHION|34428367|134282606| |TF|0|0|0|0|0|0|0|0|0|0|0|0|0
S|HABAR|34319372|133588783| |TF|0|0|0|0|0|0|0|0|0|0|0|0|0

P|FERRY7|24R|KTE|0|8
S| |91000000|181000000| |CA|0|23900|0|0|0|0|1|520|0|0|0|0|0
S| |91000000|181000000| |VI|2|3100|0|0|0|0|0|0|0|0|0|0|0
S|D279W|34608692|135119467|KIE|CF|0|34600|1180|34630|600|0|0|0|0|0|0|0|0
S|D279W|34608692|135119467| |IF|0|0|0|0|0|0|0|0|0|0|0|0|0
S|MAIKO|34611036|134996961| |TF|0|0|0|0|0|0|0|0|0|0|0|0|0
S|MAIKO|34611036|134996961| |IF|0|0|0|0|0|0|0|0|0|0|0|0|0
S|AVLEX|34620189|134436492| |TF|0|0|0|0|0|0|0|0|0|0|0|0|0
S|KTE|34212497|134022592| |TF|0|0|0|0|0|0|0|0|0|0|0|0|0

P|FERRY7|24R|OLIVE|0|8
S| |91000000|181000000| |CA|0|23900|0|0|0|0|1|520|0|0|0|0|0
S| |91000000|181000000| |VI|2|3100|0|0|0|0|0|0|0|0|0|0|0
S|D279W|34608692|135119467|KIE|CF|0|34600|1180|34630|600|0|0|0|0|0|0|0|0
S|D279W|34608692|135119467| |IF|0|0|0|0|0|0|0|0|0|0|0|0|0
S|MAIKO|34611036|134996961| |TF|0|0|0|0|0|0|0|0|0|0|0|0|0
S|MAIKO|34611036|134996961| |IF|0|0|0|0|0|0|0|0|0|0|0|0|0
S|AVLEX|34620189|134436492| |TF|0|0|0|0|0|0|0|0|0|0|0|0|0
S|OLIVE|34754903|134450067|KCE|AF|2|27900|3920|28910|0|0|0|0|0|0|0|0|0

P|FERRY7|24R|SHION|0|8
S| |91000000|181000000| |CA|0|23900|0|0|0|0|1|520|0|0|0|0|0
S| |91000000|181000000| |VI|2|3100|0|0|0|0|0|0|0|0|0|0|0
S|D279W|34608692|135119467|KIE|CF|0|34600|1180|34630|600|0|0|0|0|0|0|0|0
S|D279W|34608692|135119467| |IF|0|0|0|0|0|0|0|0|0|0|0|0|0
S|MAIKO|34611036|134996961| |TF|0|0|0|0|0|0|0|0|0|0|0|0|0
S|MAIKO|34611036|134996961| |IF|0|0|0|0|0|0|0|0|0|0|0|0|0
S|OSRIX|34625408|134777536| |TF|0|0|0|0|0|0|0|0|0|0|0|0|0
S|SHION|34428367|134282606| |TF|0|0|0|0|0|0|0|0|0|0|0|0|0

P|FERRY7|24R|SOUJA|0|9
S| |91000000|181000000| |CA|0|23900|0|0|0|0|1|520|0|0|0|0|0
S| |91000000|181000000| |VI|2|3100|0|0|0|0|0|0|0|0|0|0|0
S|D279W|34608692|135119467|KIE|CF|0|34600|1180|34630|600|0|0|0|0|0|0|0|0
S|D279W|34608692|135119467| |IF|0|0|0|0|0|0|0|0|0|0|0|0|0
S|MAIKO|34611036|134996961| |TF|0|0|0|0|0|0|0|0|0|0|0|0|0
S|MAIKO|34611036|134996961| |IF|0|0|0|0|0|0|0|0|0|0|0|0|0
S|OSRIX|34625408|134777536| |TF|0|0|0|0|0|0|0|0|0|0|0|0|0
S|GUMID|34573819|134042764| |TF|0|0|0|0|0|0|0|0|0|0|0|0|0
S|SOUJA|34627400|133739578| |TF|0|0|0|0|0|0|0|0|0|0|0|0|0

P|FERRY7|24R|WASYU|0|9
S| |91000000|181000000| |CA|0|23900|0|0|0|0|1|520|0|0|0|0|0
S| |91000000|181000000| |VI|2|3100|0|0|0|0|0|0|0|0|0|0|0
S|D279W|34608692|135119467|KIE|CF|0|34600|1180|34630|600|0|0|0|0|0|0|0|0
S|D279W|34608692|135119467| |IF|0|0|0|0|0|0|0|0|0|0|0|0|0
S|MAIKO|34611036|134996961| |TF|0|0|0|0|0|0|0|0|0|0|0|0|0
S|MAIKO|34611036|134996961| |IF|0|0|0|0|0|0|0|0|0|0|0|0|0
S|OSRIX|34625408|134777536| |TF|0|0|0|0|0|0|0|0|0|0|0|0|0
S|SHION|34428367|134282606| |TF|0|0|0|0|0|0|0|0|0|0|0|0|0
S|WASYU|34471528|133383650| |TF|0|0|0|0|0|0|0|0|0|0|0|0|0

P|IWAYA3|06L|HABAR|0|7
S| |91000000|181000000| |VA|0|5900|0|0|0|0|1|500|0|0|0|0|0
S|OMGEK|34608686|135119856| |DF|1|0|0|0|0|0|1|5000|0|0|0|0|0
S|MAIKO|34611036|134996961| |TF|0|0|0|0|0|0|0|0|0|0|0|0|0
S|MAIKO|34611036|134996961| |IF|0|0|0|0|0|0|0|0|0|0|0|0|0
S|OSRIX|34625408|134777536| |TF|0|0|0|0|0|0|0|0|0|0|0|0|0
S|SHION|34428367|134282606| |TF|0|0|0|0|0|0|0|0|0|0|0|0|0
S|HABAR|34319372|133588783| |TF|0|0|0|0|0|0|0|0|0|0|0|0|0

P|IWAYA3|06R|HABAR|0|7
S| |91000000|181000000| |VA|0|5900|0|0|0|0|1|500|0|0|0|0|0
S|OMGEK|34608686|135119856| |DF|1|0|0|0|0|0|1|5000|0|0|0|0|0
S|MAIKO|34611036|134996961| |TF|0|0|0|0|0|0|0|0|0|0|0|0|0
S|MAIKO|34611036|134996961| |IF|0|0|0|0|0|0|0|0|0|0|0|0|0
S|OSRIX|34625408|134777536| |TF|0|0|0|0|0|0|0|0|0|0|0|0|0
S|SHION|34428367|134282606| |TF|0|0|0|0|0|0|0|0|0|0|0|0|0
S|HABAR|34319372|133588783| |TF|0|0|0|0|0|0|0|0|0|0|0|0|0

P|IWAYA3|06L|KTE|0|6
S| |91000000|181000000| |VA|0|5900|0|0|0|0|1|500|0|0|0|0|0
S|OMGEK|34608686|135119856| |DF|1|0|0|0|0|0|1|5000|0|0|0|0|0
S|MAIKO|34611036|134996961| |TF|0|0|0|0|0|0|0|0|0|0|0|0|0
S|MAIKO|34611036|134996961| |IF|0|0|0|0|0|0|0|0|0|0|0|0|0
S|AVLEX|34620189|134436492| |TF|0|0|0|0|0|0|0|0|0|0|0|0|0
S|KTE|34212497|134022592| |TF|0|0|0|0|0|0|0|0|0|0|0|0|0

P|IWAYA3|06R|KTE|0|6
S| |91000000|181000000| |VA|0|5900|0|0|0|0|1|500|0|0|0|0|0
S|OMGEK|34608686|135119856| |DF|1|0|0|0|0|0|1|5000|0|0|0|0|0
S|MAIKO|34611036|134996961| |TF|0|0|0|0|0|0|0|0|0|0|0|0|0
S|MAIKO|34611036|134996961| |IF|0|0|0|0|0|0|0|0|0|0|0|0|0
S|AVLEX|34620189|134436492| |TF|0|0|0|0|0|0|0|0|0|0|0|0|0
S|KTE|34212497|134022592| |TF|0|0|0|0|0|0|0|0|0|0|0|0|0

P|IWAYA3|06L|OLIVE|0|6
S| |91000000|181000000| |VA|0|5900|0|0|0|0|1|500|0|0|0|0|0
S|OMGEK|34608686|135119856| |DF|1|0|0|0|0|0|1|5000|0|0|0|0|0
S|MAIKO|34611036|134996961| |TF|0|0|0|0|0|0|0|0|0|0|0|0|0
S|MAIKO|34611036|134996961| |IF|0|0|0|0|0|0|0|0|0|0|0|0|0
S|AVLEX|34620189|134436492| |TF|0|0|0|0|0|0|0|0|0|0|0|0|0
S|OLIVE|34754903|134450067|KCE|AF|2|27900|3920|28910|0|0|0|0|0|0|0|0|0

P|IWAYA3|06R|OLIVE|0|6
S| |91000000|181000000| |VA|0|5900|0|0|0|0|1|500|0|0|0|0|0
S|OMGEK|34608686|135119856| |DF|1|0|0|0|0|0|1|5000|0|0|0|0|0
S|MAIKO|34611036|134996961| |TF|0|0|0|0|0|0|0|0|0|0|0|0|0
S|MAIKO|34611036|134996961| |IF|0|0|0|0|0|0|0|0|0|0|0|0|0
S|AVLEX|34620189|134436492| |TF|0|0|0|0|0|0|0|0|0|0|0|0|0
S|OLIVE|34754903|134450067|KCE|AF|2|27900|3920|28910|0|0|0|0|0|0|0|0|0

P|IWAYA3|06L|SHION|0|6
S| |91000000|181000000| |VA|0|5900|0|0|0|0|1|500|0|0|0|0|0
S|OMGEK|34608686|135119856| |DF|1|0|0|0|0|0|1|5000|0|0|0|0|0
S|MAIKO|34611036|134996961| |TF|0|0|0|0|0|0|0|0|0|0|0|0|0
S|MAIKO|34611036|134996961| |IF|0|0|0|0|0|0|0|0|0|0|0|0|0
S|OSRIX|34625408|134777536| |TF|0|0|0|0|0|0|0|0|0|0|0|0|0
S|SHION|34428367|134282606| |TF|0|0|0|0|0|0|0|0|0|0|0|0|0

P|IWAYA3|06R|SHION|0|6
S| |91000000|181000000| |VA|0|5900|0|0|0|0|1|500|0|0|0|0|0
S|OMGEK|34608686|135119856| |DF|1|0|0|0|0|0|1|5000|0|0|0|0|0
S|MAIKO|34611036|134996961| |TF|0|0|0|0|0|0|0|0|0|0|0|0|0
S|MAIKO|34611036|134996961| |IF|0|0|0|0|0|0|0|0|0|0|0|0|0
S|OSRIX|34625408|134777536| |TF|0|0|0|0|0|0|0|0|0|0|0|0|0
S|SHION|34428367|134282606| |TF|0|0|0|0|0|0|0|0|0|0|0|0|0

P|IWAYA3|06L|SOUJA|0|7
S| |91000000|181000000| |VA|0|5900|0|0|0|0|1|500|0|0|0|0|0
S|OMGEK|34608686|135119856| |DF|1|0|0|0|0|0|1|5000|0|0|0|0|0
S|MAIKO|34611036|134996961| |TF|0|0|0|0|0|0|0|0|0|0|0|0|0
S|MAIKO|34611036|134996961| |IF|0|0|0|0|0|0|0|0|0|0|0|0|0
S|OSRIX|34625408|134777536| |TF|0|0|0|0|0|0|0|0|0|0|0|0|0
S|GUMID|34573819|134042764| |TF|0|0|0|0|0|0|0|0|0|0|0|0|0
S|SOUJA|34627400|133739578| |TF|0|0|0|0|0|0|0|0|0|0|0|0|0

P|IWAYA3|06R|SOUJA|0|7
S| |91000000|181000000| |VA|0|5900|0|0|0|0|1|500|0|0|0|0|0
S|OMGEK|34608686|135119856| |DF|1|0|0|0|0|0|1|5000|0|0|0|0|0
S|MAIKO|34611036|134996961| |TF|0|0|0|0|0|0|0|0|0|0|0|0|0
S|MAIKO|34611036|134996961| |IF|0|0|0|0|0|0|0|0|0|0|0|0|0
S|OSRIX|34625408|134777536| |TF|0|0|0|0|0|0|0|0|0|0|0|0|0
S|GUMID|34573819|134042764| |TF|0|0|0|0|0|0|0|0|0|0|0|0|0
S|SOUJA|34627400|133739578| |TF|0|0|0|0|0|0|0|0|0|0|0|0|0

P|IWAYA3|06L|WASYU|0|7
S| |91000000|181000000| |VA|0|5900|0|0|0|0|1|500|0|0|0|0|0
S|OMGEK|34608686|135119856| |DF|1|0|0|0|0|0|1|5000|0|0|0|0|0
S|MAIKO|34611036|134996961| |TF|0|0|0|0|0|0|0|0|0|0|0|0|0
S|MAIKO|34611036|134996961| |IF|0|0|0|0|0|0|0|0|0|0|0|0|0
S|OSRIX|34625408|134777536| |TF|0|0|0|0|0|0|0|0|0|0|0|0|0
S|SHION|34428367|134282606| |TF|0|0|0|0|0|0|0|0|0|0|0|0|0
S|WASYU|34471528|133383650| |TF|0|0|0|0|0|0|0|0|0|0|0|0|0

P|IWAYA3|06R|WASYU|0|7
S| |91000000|181000000| |VA|0|5900|0|0|0|0|1|500|0|0|0|0|0
S|OMGEK|34608686|135119856| |DF|1|0|0|0|0|0|1|5000|0|0|0|0|0
S|MAIKO|34611036|134996961| |TF|0|0|0|0|0|0|0|0|0|0|0|0|0
S|MAIKO|34611036|134996961| |IF|0|0|0|0|0|0|0|0|0|0|0|0|0
S|OSRIX|34625408|134777536| |TF|0|0|0|0|0|0|0|0|0|0|0|0|0
S|SHION|34428367|134282606| |TF|0|0|0|0|0|0|0|0|0|0|0|0|0
S|WASYU|34471528|133383650| |TF|0|0|0|0|0|0|0|0|0|0|0|0|0

P|IWAYA3|24L|HABAR|0|8
S| |91000000|181000000| |VA|0|23900|0|0|0|0|1|700|0|0|0|0|0
S|BB401|34461889|135145694| |DF|2|0|0|0|0|0|0|0|0|0|0|0|0
S|OMGEK|34608686|135119856| |TF|0|0|0|0|0|0|1|5000|0|0|0|0|0
S|MAIKO|34611036|134996961| |TF|0|0|0|0|0|0|0|0|0|0|0|0|0
S|MAIKO|34611036|134996961| |IF|0|0|0|0|0|0|0|0|0|0|0|0|0
S|OSRIX|34625408|134777536| |TF|0|0|0|0|0|0|0|0|0|0|0|0|0
S|SHION|34428367|134282606| |TF|0|0|0|0|0|0|0|0|0|0|0|0|0
S|HABAR|34319372|133588783| |TF|0|0|0|0|0|0|0|0|0|0|0|0|0

P|IWAYA3|24R|HABAR|0|8
S| |91000000|181000000| |VA|0|23900|0|0|0|0|1|700|0|0|0|0|0
S|BB401|34461889|135145694| |DF|2|0|0|0|0|0|0|0|0|0|0|0|0
S|OMGEK|34608686|135119856| |TF|0|0|0|0|0|0|1|5000|0|0|0|0|0
S|MAIKO|34611036|134996961| |TF|0|0|0|0|0|0|0|0|0|0|0|0|0
S|MAIKO|34611036|134996961| |IF|0|0|0|0|0|0|0|0|0|0|0|0|0
S|OSRIX|34625408|134777536| |TF|0|0|0|0|0|0|0|0|0|0|0|0|0
S|SHION|34428367|134282606| |TF|0|0|0|0|0|0|0|0|0|0|0|0|0
S|HABAR|34319372|133588783| |TF|0|0|0|0|0|0|0|0|0|0|0|0|0

P|IWAYA3|24L|KTE|0|7
S| |91000000|181000000| |VA|0|23900|0|0|0|0|1|700|0|0|0|0|0
S|BB401|34461889|135145694| |DF|2|0|0|0|0|0|0|0|0|0|0|0|0
S|OMGEK|34608686|135119856| |TF|0|0|0|0|0|0|1|5000|0|0|0|0|0
S|MAIKO|34611036|134996961| |TF|0|0|0|0|0|0|0|0|0|0|0|0|0
S|MAIKO|34611036|134996961| |IF|0|0|0|0|0|0|0|0|0|0|0|0|0
S|AVLEX|34620189|134436492| |TF|0|0|0|0|0|0|0|0|0|0|0|0|0
S|KTE|34212497|134022592| |TF|0|0|0|0|0|0|0|0|0|0|0|0|0

P|IWAYA3|24R|KTE|0|7
S| |91000000|181000000| |VA|0|23900|0|0|0|0|1|700|0|0|0|0|0
S|BB401|34461889|135145694| |DF|2|0|0|0|0|0|0|0|0|0|0|0|0
S|OMGEK|34608686|135119856| |TF|0|0|0|0|0|0|1|5000|0|0|0|0|0
S|MAIKO|34611036|134996961| |TF|0|0|0|0|0|0|0|0|0|0|0|0|0
S|MAIKO|34611036|134996961| |IF|0|0|0|0|0|0|0|0|0|0|0|0|0
S|AVLEX|34620189|134436492| |TF|0|0|0|0|0|0|0|0|0|0|0|0|0
S|KTE|34212497|134022592| |TF|0|0|0|0|0|0|0|0|0|0|0|0|0

P|IWAYA3|24L|OLIVE|0|7
S| |91000000|181000000| |VA|0|23900|0|0|0|0|1|700|0|0|0|0|0
S|BB401|34461889|135145694| |DF|2|0|0|0|0|0|0|0|0|0|0|0|0
S|OMGEK|34608686|135119856| |TF|0|0|0|0|0|0|1|5000|0|0|0|0|0
S|MAIKO|34611036|134996961| |TF|0|0|0|0|0|0|0|0|0|0|0|0|0
S|MAIKO|34611036|134996961| |IF|0|0|0|0|0|0|0|0|0|0|0|0|0
S|AVLEX|34620189|134436492| |TF|0|0|0|0|0|0|0|0|0|0|0|0|0
S|OLIVE|34754903|134450067|KCE|AF|2|27900|3920|28910|0|0|0|0|0|0|0|0|0

P|IWAYA3|24R|OLIVE|0|7
S| |91000000|181000000| |VA|0|23900|0|0|0|0|1|700|0|0|0|0|0
S|BB401|34461889|135145694| |DF|2|0|0|0|0|0|0|0|0|0|0|0|0
S|OMGEK|34608686|135119856| |TF|0|0|0|0|0|0|1|5000|0|0|0|0|0
S|MAIKO|34611036|134996961| |TF|0|0|0|0|0|0|0|0|0|0|0|0|0
S|MAIKO|34611036|134996961| |IF|0|0|0|0|0|0|0|0|0|0|0|0|0
S|AVLEX|34620189|134436492| |TF|0|0|0|0|0|0|0|0|0|0|0|0|0
S|OLIVE|34754903|134450067|KCE|AF|2|27900|3920|28910|0|0|0|0|0|0|0|0|0

P|IWAYA3|24L|SHION|0|7
S| |91000000|181000000| |VA|0|23900|0|0|0|0|1|700|0|0|0|0|0
S|BB401|34461889|135145694| |DF|2|0|0|0|0|0|0|0|0|0|0|0|0
S|OMGEK|34608686|135119856| |TF|0|0|0|0|0|0|1|5000|0|0|0|0|0
S|MAIKO|34611036|134996961| |TF|0|0|0|0|0|0|0|0|0|0|0|0|0
S|MAIKO|34611036|134996961| |IF|0|0|0|0|0|0|0|0|0|0|0|0|0
S|OSRIX|34625408|134777536| |TF|0|0|0|0|0|0|0|0|0|0|0|0|0
S|SHION|34428367|134282606| |TF|0|0|0|0|0|0|0|0|0|0|0|0|0

P|IWAYA3|24R|SHION|0|7
S| |91000000|181000000| |VA|0|23900|0|0|0|0|1|700|0|0|0|0|0
S|BB401|34461889|135145694| |DF|2|0|0|0|0|0|0|0|0|0|0|0|0
S|OMGEK|34608686|135119856| |TF|0|0|0|0|0|0|1|5000|0|0|0|0|0
S|MAIKO|34611036|134996961| |TF|0|0|0|0|0|0|0|0|0|0|0|0|0
S|MAIKO|34611036|134996961| |IF|0|0|0|0|0|0|0|0|0|0|0|0|0
S|OSRIX|34625408|134777536| |TF|0|0|0|0|0|0|0|0|0|0|0|0|0
S|SHION|34428367|134282606| |TF|0|0|0|0|0|0|0|0|0|0|0|0|0

P|IWAYA3|24L|SOUJA|0|8
S| |91000000|181000000| |VA|0|23900|0|0|0|0|1|700|0|0|0|0|0
S|BB401|34461889|135145694| |DF|2|0|0|0|0|0|0|0|0|0|0|0|0
S|OMGEK|34608686|135119856| |TF|0|0|0|0|0|0|1|5000|0|0|0|0|0
S|MAIKO|34611036|134996961| |TF|0|0|0|0|0|0|0|0|0|0|0|0|0
S|MAIKO|34611036|134996961| |IF|0|0|0|0|0|0|0|0|0|0|0|0|0
S|OSRIX|34625408|134777536| |TF|0|0|0|0|0|0|0|0|0|0|0|0|0
S|GUMID|34573819|134042764| |TF|0|0|0|0|0|0|0|0|0|0|0|0|0
S|SOUJA|34627400|133739578| |TF|0|0|0|0|0|0|0|0|0|0|0|0|0

P|IWAYA3|24R|SOUJA|0|8
S| |91000000|181000000| |VA|0|23900|0|0|0|0|1|700|0|0|0|0|0
S|BB401|34461889|135145694| |DF|2|0|0|0|0|0|0|0|0|0|0|0|0
S|OMGEK|34608686|135119856| |TF|0|0|0|0|0|0|1|5000|0|0|0|0|0
S|MAIKO|34611036|134996961| |TF|0|0|0|0|0|0|0|0|0|0|0|0|0
S|MAIKO|34611036|134996961| |IF|0|0|0|0|0|0|0|0|0|0|0|0|0
S|OSRIX|34625408|134777536| |TF|0|0|0|0|0|0|0|0|0|0|0|0|0
S|GUMID|34573819|134042764| |TF|0|0|0|0|0|0|0|0|0|0|0|0|0
S|SOUJA|34627400|133739578| |TF|0|0|0|0|0|0|0|0|0|0|0|0|0

P|IWAYA3|24L|WASYU|0|8
S| |91000000|181000000| |VA|0|23900|0|0|0|0|1|700|0|0|0|0|0
S|BB401|34461889|135145694| |DF|2|0|0|0|0|0|0|0|0|0|0|0|0
S|OMGEK|34608686|135119856| |TF|0|0|0|0|0|0|1|5000|0|0|0|0|0
S|MAIKO|34611036|134996961| |TF|0|0|0|0|0|0|0|0|0|0|0|0|0
S|MAIKO|34611036|134996961| |IF|0|0|0|0|0|0|0|0|0|0|0|0|0
S|OSRIX|34625408|134777536| |TF|0|0|0|0|0|0|0|0|0|0|0|0|0
S|SHION|34428367|134282606| |TF|0|0|0|0|0|0|0|0|0|0|0|0|0
S|WASYU|34471528|133383650| |TF|0|0|0|0|0|0|0|0|0|0|0|0|0

P|IWAYA3|24R|WASYU|0|8
S| |91000000|181000000| |VA|0|23900|0|0|0|0|1|700|0|0|0|0|0
S|BB401|34461889|135145694| |DF|2|0|0|0|0|0|0|0|0|0|0|0|0
S|OMGEK|34608686|135119856| |TF|0|0|0|0|0|0|1|5000|0|0|0|0|0
S|MAIKO|34611036|134996961| |TF|0|0|0|0|0|0|0|0|0|0|0|0|0
S|MAIKO|34611036|134996961| |IF|0|0|0|0|0|0|0|0|0|0|0|0|0
S|OSRIX|34625408|134777536| |TF|0|0|0|0|0|0|0|0|0|0|0|0|0
S|SHION|34428367|134282606| |TF|0|0|0|0|0|0|0|0|0|0|0|0|0
S|WASYU|34471528|133383650| |TF|0|0|0|0|0|0|0|0|0|0|0|0|0

P|LINDA1|06L|HABAR|0|7
S| |91000000|181000000| |VA|0|5900|0|0|0|0|1|500|0|0|0|0|0
S|BB400|34500639|135085417| |DF|1|0|0|0|0|0|0|0|0|0|0|0|0
S|IDLAK|34501731|134998061| |TF|0|0|0|0|0|0|1|5000|0|0|0|0|0
S|LINDA|34504378|134861144| |TF|0|0|0|0|0|0|0|0|0|0|0|0|0
S|LINDA|34504378|134861144| |IF|0|0|0|0|0|0|0|0|0|0|0|0|0
S|SHION|34428367|134282606| |TF|0|0|0|0|0|0|0|0|0|0|0|0|0
S|HABAR|34319372|133588783| |TF|0|0|0|0|0|0|0|0|0|0|0|0|0

P|LINDA1|06L|SHION|0|6
S| |91000000|181000000| |VA|0|5900|0|0|0|0|1|500|0|0|0|0|0
S|BB400|34500639|135085417| |DF|1|0|0|0|0|0|0|0|0|0|0|0|0
S|IDLAK|34501731|134998061| |TF|0|0|0|0|0|0|1|5000|0|0|0|0|0
S|LINDA|34504378|134861144| |TF|0|0|0|0|0|0|0|0|0|0|0|0|0
S|LINDA|34504378|134861144| |IF|0|0|0|0|0|0|0|0|0|0|0|0|0
S|SHION|34428367|134282606| |TF|0|0|0|0|0|0|0|0|0|0|0|0|0

P|LINDA1|06L|WASYU|0|7
S| |91000000|181000000| |VA|0|5900|0|0|0|0|1|500|0|0|0|0|0
S|BB400|34500639|135085417| |DF|1|0|0|0|0|0|0|0|0|0|0|0|0
S|IDLAK|34501731|134998061| |TF|0|0|0|0|0|0|1|5000|0|0|0|0|0
S|LINDA|34504378|134861144| |TF|0|0|0|0|0|0|0|0|0|0|0|0|0
S|LINDA|34504378|134861144| |IF|0|0|0|0|0|0|0|0|0|0|0|0|0
S|SHION|34428367|134282606| |TF|0|0|0|0|0|0|0|0|0|0|0|0|0
S|WASYU|34471528|133383650| |TF|0|0|0|0|0|0|0|0|0|0|0|0|0

P|LINDA1|06R|HABAR|0|9
S| |91000000|181000000| |VA|0|5900|0|0|0|0|1|500|0|0|0|0|0
S|B6R10|34466556|135296111| |DF|0|0|0|0|0|0|0|0|0|1|0|0|0
S|B6R11|34528000|135312528| |DF|0|0|0|0|0|0|1|2500|0|0|0|0|0
S|B6R12|34571389|135148083| |TF|0|0|0|0|0|0|0|0|0|0|0|0|0
S|IDLAK|34501731|134998061| |TF|0|0|0|0|0|0|1|5000|0|0|0|0|0
S|LINDA|34504378|134861144| |TF|0|0|0|0|0|0|0|0|0|0|0|0|0
S|LINDA|34504378|134861144| |IF|0|0|0|0|0|0|0|0|0|0|0|0|0
S|SHION|34428367|134282606| |TF|0|0|0|0|0|0|0|0|0|0|0|0|0
S|HABAR|34319372|133588783| |TF|0|0|0|0|0|0|0|0|0|0|0|0|0

P|LINDA1|06R|SHION|0|8
S| |91000000|181000000| |VA|0|5900|0|0|0|0|1|500|0|0|0|0|0
S|B6R10|34466556|135296111| |DF|0|0|0|0|0|0|0|0|0|1|0|0|0
S|B6R11|34528000|135312528| |DF|0|0|0|0|0|0|1|2500|0|0|0|0|0
S|B6R12|34571389|135148083| |TF|0|0|0|0|0|0|0|0|0|0|0|0|0
S|IDLAK|34501731|134998061| |TF|0|0|0|0|0|0|1|5000|0|0|0|0|0
S|LINDA|34504378|134861144| |TF|0|0|0|0|0|0|0|0|0|0|0|0|0
S|LINDA|34504378|134861144| |IF|0|0|0|0|0|0|0|0|0|0|0|0|0
S|SHION|34428367|134282606| |TF|0|0|0|0|0|0|0|0|0|0|0|0|0

P|LINDA1|06R|WASYU|0|9
S| |91000000|181000000| |VA|0|5900|0|0|0|0|1|500|0|0|0|0|0
S|B6R10|34466556|135296111| |DF|0|0|0|0|0|0|0|0|0|1|0|0|0
S|B6R11|34528000|135312528| |DF|0|0|0|0|0|0|1|2500|0|0|0|0|0
S|B6R12|34571389|135148083| |TF|0|0|0|0|0|0|0|0|0|0|0|0|0
S|IDLAK|34501731|134998061| |TF|0|0|0|0|0|0|1|5000|0|0|0|0|0
S|LINDA|34504378|134861144| |TF|0|0|0|0|0|0|0|0|0|0|0|0|0
S|LINDA|34504378|134861144| |IF|0|0|0|0|0|0|0|0|0|0|0|0|0
S|SHION|34428367|134282606| |TF|0|0|0|0|0|0|0|0|0|0|0|0|0
S|WASYU|34471528|133383650| |TF|0|0|0|0|0|0|0|0|0|0|0|0|0

P|LINDA1|24L|HABAR|0|7
S| |91000000|181000000| |VA|0|23900|0|0|0|0|1|500|0|0|0|0|0
S|B4L10|34360250|135126250| |DF|0|0|0|0|0|0|0|0|0|1|0|0|0
S|IDLAK|34501731|134998061| |DF|2|0|0|0|0|0|1|5000|0|0|0|0|0
S|LINDA|34504378|134861144| |TF|0|0|0|0|0|0|0|0|0|0|0|0|0
S|LINDA|34504378|134861144| |IF|0|0|0|0|0|0|0|0|0|0|0|0|0
S|SHION|34428367|134282606| |TF|0|0|0|0|0|0|0|0|0|0|0|0|0
S|HABAR|34319372|133588783| |TF|0|0|0|0|0|0|0|0|0|0|0|0|0

P|LINDA1|24L|SHION|0|6
S| |91000000|181000000| |VA|0|23900|0|0|0|0|1|500|0|0|0|0|0
S|B4L10|34360250|135126250| |DF|0|0|0|0|0|0|0|0|0|1|0|0|0
S|IDLAK|34501731|134998061| |DF|2|0|0|0|0|0|1|5000|0|0|0|0|0
S|LINDA|34504378|134861144| |TF|0|0|0|0|0|0|0|0|0|0|0|0|0
S|LINDA|34504378|134861144| |IF|0|0|0|0|0|0|0|0|0|0|0|0|0
S|SHION|34428367|134282606| |TF|0|0|0|0|0|0|0|0|0|0|0|0|0

P|LINDA1|24L|WASYU|0|7
S| |91000000|181000000| |VA|0|23900|0|0|0|0|1|500|0|0|0|0|0
S|B4L10|34360250|135126250| |DF|0|0|0|0|0|0|0|0|0|1|0|0|0
S|IDLAK|34501731|134998061| |DF|2|0|0|0|0|0|1|5000|0|0|0|0|0
S|LINDA|34504378|134861144| |TF|0|0|0|0|0|0|0|0|0|0|0|0|0
S|LINDA|34504378|134861144| |IF|0|0|0|0|0|0|0|0|0|0|0|0|0
S|SHION|34428367|134282606| |TF|0|0|0|0|0|0|0|0|0|0|0|0|0
S|WASYU|34471528|133383650| |TF|0|0|0|0|0|0|0|0|0|0|0|0|0

P|LINDA1|24R|HABAR|0|6
S| |91000000|181000000| |VA|0|23900|0|0|0|0|1|500|0|0|0|0|0
S|IDLAK|34501731|134998061| |DF|0|0|0|0|0|0|1|5000|0|0|0|0|0
S|LINDA|34504378|134861144| |TF|0|0|0|0|0|0|0|0|0|0|0|0|0
S|LINDA|34504378|134861144| |IF|0|0|0|0|0|0|0|0|0|0|0|0|0
S|SHION|34428367|134282606| |TF|0|0|0|0|0|0|0|0|0|0|0|0|0
S|HABAR|34319372|133588783| |TF|0|0|0|0|0|0|0|0|0|0|0|0|0

P|LINDA1|24R|SHION|0|5
S| |91000000|181000000| |VA|0|23900|0|0|0|0|1|500|0|0|0|0|0
S|IDLAK|34501731|134998061| |DF|0|0|0|0|0|0|1|5000|0|0|0|0|0
S|LINDA|34504378|134861144| |TF|0|0|0|0|0|0|0|0|0|0|0|0|0
S|LINDA|34504378|134861144| |IF|0|0|0|0|0|0|0|0|0|0|0|0|0
S|SHION|34428367|134282606| |TF|0|0|0|0|0|0|0|0|0|0|0|0|0

P|LINDA1|24R|WASYU|0|6
S| |91000000|181000000| |VA|0|23900|0|0|0|0|1|500|0|0|0|0|0
S|IDLAK|34501731|134998061| |DF|0|0|0|0|0|0|1|5000|0|0|0|0|0
S|LINDA|34504378|134861144| |TF|0|0|0|0|0|0|0|0|0|0|0|0|0
S|LINDA|34504378|134861144| |IF|0|0|0|0|0|0|0|0|0|0|0|0|0
S|SHION|34428367|134282606| |TF|0|0|0|0|0|0|0|0|0|0|0|0|0
S|WASYU|34471528|133383650| |TF|0|0|0|0|0|0|0|0|0|0|0|0|0

P|MAIKO1|06L|HABAR|0|8
S| |91000000|181000000| |CA|0|5900|0|0|0|0|1|520|0|0|0|0|0
S| |91000000|181000000| |VI|1|28900|0|0|0|0|0|0|0|0|0|0|0
S|YOE27|34609953|135054372|KIE|CF|0|33400|1340|33350|800|0|0|0|0|0|0|0|0
S|MAIKO|34611036|134996961| |TF|0|0|0|0|0|0|1|5000|0|0|0|0|0
S|MAIKO|34611036|134996961| |IF|0|0|0|0|0|0|0|0|0|0|0|0|0
S|OSRIX|34625408|134777536| |TF|0|0|0|0|0|0|0|0|0|0|0|0|0
S|SHION|34428367|134282606| |TF|0|0|0|0|0|0|0|0|0|0|0|0|0
S|HABAR|34319372|133588783| |TF|0|0|0|0|0|0|0|0|0|0|0|0|0

P|MAIKO1|06L|KTE|0|7
S| |91000000|181000000| |CA|0|5900|0|0|0|0|1|520|0|0|0|0|0
S| |91000000|181000000| |VI|1|28900|0|0|0|0|0|0|0|0|0|0|0
S|YOE27|34609953|135054372|KIE|CF|0|33400|1340|33350|800|0|0|0|0|0|0|0|0
S|MAIKO|34611036|134996961| |TF|0|0|0|0|0|0|1|5000|0|0|0|0|0
S|MAIKO|34611036|134996961| |IF|0|0|0|0|0|0|0|0|0|0|0|0|0
S|AVLEX|34620189|134436492| |TF|0|0|0|0|0|0|0|0|0|0|0|0|0
S|KTE|34212497|134022592| |TF|0|0|0|0|0|0|0|0|0|0|0|0|0

P|MAIKO1|06L|OLIVE|0|7
S| |91000000|181000000| |CA|0|5900|0|0|0|0|1|520|0|0|0|0|0
S| |91000000|181000000| |VI|1|28900|0|0|0|0|0|0|0|0|0|0|0
S|YOE27|34609953|135054372|KIE|CF|0|33400|1340|33350|800|0|0|0|0|0|0|0|0
S|MAIKO|34611036|134996961| |TF|0|0|0|0|0|0|1|5000|0|0|0|0|0
S|MAIKO|34611036|134996961| |IF|0|0|0|0|0|0|0|0|0|0|0|0|0
S|AVLEX|34620189|134436492| |TF|0|0|0|0|0|0|0|0|0|0|0|0|0
S|OLIVE|34754903|134450067|KCE|AF|2|27900|3920|28910|0|0|0|0|0|0|0|0|0

P|MAIKO1|06L|SHION|0|7
S| |91000000|181000000| |CA|0|5900|0|0|0|0|1|520|0|0|0|0|0
S| |91000000|181000000| |VI|1|28900|0|0|0|0|0|0|0|0|0|0|0
S|YOE27|34609953|135054372|KIE|CF|0|33400|1340|33350|800|0|0|0|0|0|0|0|0
S|MAIKO|34611036|134996961| |TF|0|0|0|0|0|0|1|5000|0|0|0|0|0
S|MAIKO|34611036|134996961| |IF|0|0|0|0|0|0|0|0|0|0|0|0|0
S|OSRIX|34625408|134777536| |TF|0|0|0|0|0|0|0|0|0|0|0|0|0
S|SHION|34428367|134282606| |TF|0|0|0|0|0|0|0|0|0|0|0|0|0

P|MAIKO1|06L|SOUJA|0|8
S| |91000000|181000000| |CA|0|5900|0|0|0|0|1|520|0|0|0|0|0
S| |91000000|181000000| |VI|1|28900|0|0|0|0|0|0|0|0|0|0|0
S|YOE27|34609953|135054372|KIE|CF|0|33400|1340|33350|800|0|0|0|0|0|0|0|0
S|MAIKO|34611036|134996961| |TF|0|0|0|0|0|0|1|5000|0|0|0|0|0
S|MAIKO|34611036|134996961| |IF|0|0|0|0|0|0|0|0|0|0|0|0|0
S|OSRIX|34625408|134777536| |TF|0|0|0|0|0|0|0|0|0|0|0|0|0
S|GUMID|34573819|134042764| |TF|0|0|0|0|0|0|0|0|0|0|0|0|0
S|SOUJA|34627400|133739578| |TF|0|0|0|0|0|0|0|0|0|0|0|0|0

P|MAIKO1|06L|WASYU|0|8
S| |91000000|181000000| |CA|0|5900|0|0|0|0|1|520|0|0|0|0|0
S| |91000000|181000000| |VI|1|28900|0|0|0|0|0|0|0|0|0|0|0
S|YOE27|34609953|135054372|KIE|CF|0|33400|1340|33350|800|0|0|0|0|0|0|0|0
S|MAIKO|34611036|134996961| |TF|0|0|0|0|0|0|1|5000|0|0|0|0|0
S|MAIKO|34611036|134996961| |IF|0|0|0|0|0|0|0|0|0|0|0|0|0
S|OSRIX|34625408|134777536| |TF|0|0|0|0|0|0|0|0|0|0|0|0|0
S|SHION|34428367|134282606| |TF|0|0|0|0|0|0|0|0|0|0|0|0|0
S|WASYU|34471528|133383650| |TF|0|0|0|0|0|0|0|0|0|0|0|0|0

P|MAIKO1|06R|HABAR|0|9
S| |91000000|181000000| |CA|0|5900|0|0|0|0|1|520|0|0|0|0|0
S| |91000000|181000000|KIE|VD|0|5400|0|0|440|0|0|0|0|0|0|0|0
S| |91000000|181000000|KIE|CR|0|34700|0|4900|0|0|1|2500|0|0|0|0|0
S| |91000000|181000000| |CI|0|34700|0|0|0|0|0|0|0|0|0|0|0
S|MAIKO|34611036|134996961|YOE|CF|0|27900|2960|27960|1300|0|1|5000|0|0|0|0|0
S|MAIKO|34611036|134996961| |IF|0|0|0|0|0|0|0|0|0|0|0|0|0
S|OSRIX|34625408|134777536| |TF|0|0|0|0|0|0|0|0|0|0|0|0|0
S|SHION|34428367|134282606| |TF|0|0|0|0|0|0|0|0|0|0|0|0|0
S|HABAR|34319372|133588783| |TF|0|0|0|0|0|0|0|0|0|0|0|0|0

P|MAIKO1|06R|KTE|0|8
S| |91000000|181000000| |CA|0|5900|0|0|0|0|1|520|0|0|0|0|0
S| |91000000|181000000|KIE|VD|0|5400|0|0|440|0|0|0|0|0|0|0|0
S| |91000000|181000000|KIE|CR|0|34700|0|4900|0|0|1|2500|0|0|0|0|0
S| |91000000|181000000| |CI|0|34700|0|0|0|0|0|0|0|0|0|0|0
S|MAIKO|34611036|134996961|YOE|CF|0|27900|2960|27960|1300|0|1|5000|0|0|0|0|0
S|MAIKO|34611036|134996961| |IF|0|0|0|0|0|0|0|0|0|0|0|0|0
S|AVLEX|34620189|134436492| |TF|0|0|0|0|0|0|0|0|0|0|0|0|0
S|KTE|34212497|134022592| |TF|0|0|0|0|0|0|0|0|0|0|0|0|0

P|MAIKO1|06R|OLIVE|0|8
S| |91000000|181000000| |CA|0|5900|0|0|0|0|1|520|0|0|0|0|0
S| |91000000|181000000|KIE|VD|0|5400|0|0|440|0|0|0|0|0|0|0|0
S| |91000000|181000000|KIE|CR|0|34700|0|4900|0|0|1|2500|0|0|0|0|0
S| |91000000|181000000| |CI|0|34700|0|0|0|0|0|0|0|0|0|0|0
S|MAIKO|34611036|134996961|YOE|CF|0|27900|2960|27960|1300|0|1|5000|0|0|0|0|0
S|MAIKO|34611036|134996961| |IF|0|0|0|0|0|0|0|0|0|0|0|0|0
S|AVLEX|34620189|134436492| |TF|0|0|0|0|0|0|0|0|0|0|0|0|0
S|OLIVE|34754903|134450067|KCE|AF|2|27900|3920|28910|0|0|0|0|0|0|0|0|0

P|MAIKO1|06R|SHION|0|8
S| |91000000|181000000| |CA|0|5900|0|0|0|0|1|520|0|0|0|0|0
S| |91000000|181000000|KIE|VD|0|5400|0|0|440|0|0|0|0|0|0|0|0
S| |91000000|181000000|KIE|CR|0|34700|0|4900|0|0|1|2500|0|0|0|0|0
S| |91000000|181000000| |CI|0|34700|0|0|0|0|0|0|0|0|0|0|0
S|MAIKO|34611036|134996961|YOE|CF|0|27900|2960|27960|1300|0|1|5000|0|0|0|0|0
S|MAIKO|34611036|134996961| |IF|0|0|0|0|0|0|0|0|0|0|0|0|0
S|OSRIX|34625408|134777536| |TF|0|0|0|0|0|0|0|0|0|0|0|0|0
S|SHION|34428367|134282606| |TF|0|0|0|0|0|0|0|0|0|0|0|0|0

P|MAIKO1|06R|SOUJA|0|9
S| |91000000|181000000| |CA|0|5900|0|0|0|0|1|520|0|0|0|0|0
S| |91000000|181000000|KIE|VD|0|5400|0|0|440|0|0|0|0|0|0|0|0
S| |91000000|181000000|KIE|CR|0|34700|0|4900|0|0|1|2500|0|0|0|0|0
S| |91000000|181000000| |CI|0|34700|0|0|0|0|0|0|0|0|0|0|0
S|MAIKO|34611036|134996961|YOE|CF|0|27900|2960|27960|1300|0|1|5000|0|0|0|0|0
S|MAIKO|34611036|134996961| |IF|0|0|0|0|0|0|0|0|0|0|0|0|0
S|OSRIX|34625408|134777536| |TF|0|0|0|0|0|0|0|0|0|0|0|0|0
S|GUMID|34573819|134042764| |TF|0|0|0|0|0|0|0|0|0|0|0|0|0
S|SOUJA|34627400|133739578| |TF|0|0|0|0|0|0|0|0|0|0|0|0|0

P|MAIKO1|06R|WASYU|0|9
S| |91000000|181000000| |CA|0|5900|0|0|0|0|1|520|0|0|0|0|0
S| |91000000|181000000|KIE|VD|0|5400|0|0|440|0|0|0|0|0|0|0|0
S| |91000000|181000000|KIE|CR|0|34700|0|4900|0|0|1|2500|0|0|0|0|0
S| |91000000|181000000| |CI|0|34700|0|0|0|0|0|0|0|0|0|0|0
S|MAIKO|34611036|134996961|YOE|CF|0|27900|2960|27960|1300|0|1|5000|0|0|0|0|0
S|MAIKO|34611036|134996961| |IF|0|0|0|0|0|0|0|0|0|0|0|0|0
S|OSRIX|34625408|134777536| |TF|0|0|0|0|0|0|0|0|0|0|0|0|0
S|SHION|34428367|134282606| |TF|0|0|0|0|0|0|0|0|0|0|0|0|0
S|WASYU|34471528|133383650| |TF|0|0|0|0|0|0|0|0|0|0|0|0|0

P|MAIKO1|24L|HABAR|0|9
S| |91000000|181000000| |CA|0|23900|0|0|0|0|1|520|0|0|0|0|0
S| |91000000|181000000|KIE|VD|0|24400|0|0|560|0|0|0|0|0|0|0|0
S| |91000000|181000000| |CI|2|4100|0|0|0|0|0|0|0|0|0|0|0
S|YOE27|34609953|135054372|KIE|CF|0|33400|1340|33350|700|0|0|0|0|0|0|0|0
S|MAIKO|34611036|134996961| |TF|0|0|0|0|0|0|1|5000|0|0|0|0|0
S|MAIKO|34611036|134996961| |IF|0|0|0|0|0|0|0|0|0|0|0|0|0
S|OSRIX|34625408|134777536| |TF|0|0|0|0|0|0|0|0|0|0|0|0|0
S|SHION|34428367|134282606| |TF|0|0|0|0|0|0|0|0|0|0|0|0|0
S|HABAR|34319372|133588783| |TF|0|0|0|0|0|0|0|0|0|0|0|0|0

P|MAIKO1|24L|KTE|0|8
S| |91000000|181000000| |CA|0|23900|0|0|0|0|1|520|0|0|0|0|0
S| |91000000|181000000|KIE|VD|0|24400|0|0|560|0|0|0|0|0|0|0|0
S| |91000000|181000000| |CI|2|4100|0|0|0|0|0|0|0|0|0|0|0
S|YOE27|34609953|135054372|KIE|CF|0|33400|1340|33350|700|0|0|0|0|0|0|0|0
S|MAIKO|34611036|134996961| |TF|0|0|0|0|0|0|1|5000|0|0|0|0|0
S|MAIKO|34611036|134996961| |IF|0|0|0|0|0|0|0|0|0|0|0|0|0
S|AVLEX|34620189|134436492| |TF|0|0|0|0|0|0|0|0|0|0|0|0|0
S|KTE|34212497|134022592| |TF|0|0|0|0|0|0|0|0|0|0|0|0|0

P|MAIKO1|24L|OLIVE|0|8
S| |91000000|181000000| |CA|0|23900|0|0|0|0|1|520|0|0|0|0|0
S| |91000000|181000000|KIE|VD|0|24400|0|0|560|0|0|0|0|0|0|0|0
S| |91000000|181000000| |CI|2|4100|0|0|0|0|0|0|0|0|0|0|0
S|YOE27|34609953|135054372|KIE|CF|0|33400|1340|33350|700|0|0|0|0|0|0|0|0
S|MAIKO|34611036|134996961| |TF|0|0|0|0|0|0|1|5000|0|0|0|0|0
S|MAIKO|34611036|134996961| |IF|0|0|0|0|0|0|0|0|0|0|0|0|0
S|AVLEX|34620189|134436492| |TF|0|0|0|0|0|0|0|0|0|0|0|0|0
S|OLIVE|34754903|134450067|KCE|AF|2|27900|3920|28910|0|0|0|0|0|0|0|0|0

P|MAIKO1|24L|SHION|0|8
S| |91000000|181000000| |CA|0|23900|0|0|0|0|1|520|0|0|0|0|0
S| |91000000|181000000|KIE|VD|0|24400|0|0|560|0|0|0|0|0|0|0|0
S| |91000000|181000000| |CI|2|4100|0|0|0|0|0|0|0|0|0|0|0
S|YOE27|34609953|135054372|KIE|CF|0|33400|1340|33350|700|0|0|0|0|0|0|0|0
S|MAIKO|34611036|134996961| |TF|0|0|0|0|0|0|1|5000|0|0|0|0|0
S|MAIKO|34611036|134996961| |IF|0|0|0|0|0|0|0|0|0|0|0|0|0
S|OSRIX|34625408|134777536| |TF|0|0|0|0|0|0|0|0|0|0|0|0|0
S|SHION|34428367|134282606| |TF|0|0|0|0|0|0|0|0|0|0|0|0|0

P|MAIKO1|24L|SOUJA|0|9
S| |91000000|181000000| |CA|0|23900|0|0|0|0|1|520|0|0|0|0|0
S| |91000000|181000000|KIE|VD|0|24400|0|0|560|0|0|0|0|0|0|0|0
S| |91000000|181000000| |CI|2|4100|0|0|0|0|0|0|0|0|0|0|0
S|YOE27|34609953|135054372|KIE|CF|0|33400|1340|33350|700|0|0|0|0|0|0|0|0
S|MAIKO|34611036|134996961| |TF|0|0|0|0|0|0|1|5000|0|0|0|0|0
S|MAIKO|34611036|134996961| |IF|0|0|0|0|0|0|0|0|0|0|0|0|0
S|OSRIX|34625408|134777536| |TF|0|0|0|0|0|0|0|0|0|0|0|0|0
S|GUMID|34573819|134042764| |TF|0|0|0|0|0|0|0|0|0|0|0|0|0
S|SOUJA|34627400|133739578| |TF|0|0|0|0|0|0|0|0|0|0|0|0|0

P|MAIKO1|24L|WASYU|0|9
S| |91000000|181000000| |CA|0|23900|0|0|0|0|1|520|0|0|0|0|0
S| |91000000|181000000|KIE|VD|0|24400|0|0|560|0|0|0|0|0|0|0|0
S| |91000000|181000000| |CI|2|4100|0|0|0|0|0|0|0|0|0|0|0
S|YOE27|34609953|135054372|KIE|CF|0|33400|1340|33350|700|0|0|0|0|0|0|0|0
S|MAIKO|34611036|134996961| |TF|0|0|0|0|0|0|1|5000|0|0|0|0|0
S|MAIKO|34611036|134996961| |IF|0|0|0|0|0|0|0|0|0|0|0|0|0
S|OSRIX|34625408|134777536| |TF|0|0|0|0|0|0|0|0|0|0|0|0|0
S|SHION|34428367|134282606| |TF|0|0|0|0|0|0|0|0|0|0|0|0|0
S|WASYU|34471528|133383650| |TF|0|0|0|0|0|0|0|0|0|0|0|0|0

P|MAIKO1|24R|HABAR|0|8
S| |91000000|181000000| |CA|0|23900|0|0|0|0|1|520|0|0|0|0|0
S| |91000000|181000000| |VI|2|1900|0|0|0|0|0|0|0|0|0|0|0
S|YOE27|34609953|135054372|KIE|CF|0|33400|1340|33350|1000|0|0|0|0|0|0|0|0
S|MAIKO|34611036|134996961| |TF|0|0|0|0|0|0|1|5000|0|0|0|0|0
S|MAIKO|34611036|134996961| |IF|0|0|0|0|0|0|0|0|0|0|0|0|0
S|OSRIX|34625408|134777536| |TF|0|0|0|0|0|0|0|0|0|0|0|0|0
S|SHION|34428367|134282606| |TF|0|0|0|0|0|0|0|0|0|0|0|0|0
S|HABAR|34319372|133588783| |TF|0|0|0|0|0|0|0|0|0|0|0|0|0

P|MAIKO1|24R|KTE|0|7
S| |91000000|181000000| |CA|0|23900|0|0|0|0|1|520|0|0|0|0|0
S| |91000000|181000000| |VI|2|1900|0|0|0|0|0|0|0|0|0|0|0
S|YOE27|34609953|135054372|KIE|CF|0|33400|1340|33350|1000|0|0|0|0|0|0|0|0
S|MAIKO|34611036|134996961| |TF|0|0|0|0|0|0|1|5000|0|0|0|0|0
S|MAIKO|34611036|134996961| |IF|0|0|0|0|0|0|0|0|0|0|0|0|0
S|AVLEX|34620189|134436492| |TF|0|0|0|0|0|0|0|0|0|0|0|0|0
S|KTE|34212497|134022592| |TF|0|0|0|0|0|0|0|0|0|0|0|0|0

P|MAIKO1|24R|OLIVE|0|7
S| |91000000|181000000| |CA|0|23900|0|0|0|0|1|520|0|0|0|0|0
S| |91000000|181000000| |VI|2|1900|0|0|0|0|0|0|0|0|0|0|0
S|YOE27|34609953|135054372|KIE|CF|0|33400|1340|33350|1000|0|0|0|0|0|0|0|0
S|MAIKO|34611036|134996961| |TF|0|0|0|0|0|0|1|5000|0|0|0|0|0
S|MAIKO|34611036|134996961| |IF|0|0|0|0|0|0|0|0|0|0|0|0|0
S|AVLEX|34620189|134436492| |TF|0|0|0|0|0|0|0|0|0|0|0|0|0
S|OLIVE|34754903|134450067|KCE|AF|2|27900|3920|28910|0|0|0|0|0|0|0|0|0

P|MAIKO1|24R|SHION|0|7
S| |91000000|181000000| |CA|0|23900|0|0|0|0|1|520|0|0|0|0|0
S| |91000000|181000000| |VI|2|1900|0|0|0|0|0|0|0|0|0|0|0
S|YOE27|34609953|135054372|KIE|CF|0|33400|1340|33350|1000|0|0|0|0|0|0|0|0
S|MAIKO|34611036|134996961| |TF|0|0|0|0|0|0|1|5000|0|0|0|0|0
S|MAIKO|34611036|134996961| |IF|0|0|0|0|0|0|0|0|0|0|0|0|0
S|OSRIX|34625408|134777536| |TF|0|0|0|0|0|0|0|0|0|0|0|0|0
S|SHION|34428367|134282606| |TF|0|0|0|0|0|0|0|0|0|0|0|0|0

P|MAIKO1|24R|SOUJA|0|8
S| |91000000|181000000| |CA|0|23900|0|0|0|0|1|520|0|0|0|0|0
S| |91000000|181000000| |VI|2|1900|0|0|0|0|0|0|0|0|0|0|0
S|YOE27|34609953|135054372|KIE|CF|0|33400|1340|33350|1000|0|0|0|0|0|0|0|0
S|MAIKO|34611036|134996961| |TF|0|0|0|0|0|0|1|5000|0|0|0|0|0
S|MAIKO|34611036|134996961| |IF|0|0|0|0|0|0|0|0|0|0|0|0|0
S|OSRIX|34625408|134777536| |TF|0|0|0|0|0|0|0|0|0|0|0|0|0
S|GUMID|34573819|134042764| |TF|0|0|0|0|0|0|0|0|0|0|0|0|0
S|SOUJA|34627400|133739578| |TF|0|0|0|0|0|0|0|0|0|0|0|0|0

P|MAIKO1|24R|WASYU|0|8
S| |91000000|181000000| |CA|0|23900|0|0|0|0|1|520|0|0|0|0|0
S| |91000000|181000000| |VI|2|1900|0|0|0|0|0|0|0|0|0|0|0
S|YOE27|34609953|135054372|KIE|CF|0|33400|1340|33350|1000|0|0|0|0|0|0|0|0
S|MAIKO|34611036|134996961| |TF|0|0|0|0|0|0|1|5000|0|0|0|0|0
S|MAIKO|34611036|134996961| |IF|0|0|0|0|0|0|0|0|0|0|0|0|0
S|OSRIX|34625408|134777536| |TF|0|0|0|0|0|0|0|0|0|0|0|0|0
S|SHION|34428367|134282606| |TF|0|0|0|0|0|0|0|0|0|0|0|0|0
S|WASYU|34471528|133383650| |TF|0|0|0|0|0|0|0|0|0|0|0|0|0

P|NANKO3|06L|GUJYO|0|8
S| |91000000|181000000| |VA|0|5900|0|0|0|0|1|500|0|0|0|0|0
S|B6L01|34549556|135285583| |DF|0|0|0|0|0|0|0|0|0|0|0|0|0
S|NANKO|34610761|135355819| |TF|0|0|0|0|0|0|1|5000|0|0|0|0|0
S|NANKO|34610761|135355819| |IF|0|0|0|0|0|0|0|0|0|0|0|0|0
S|NIKEX|34799636|135573572| |TF|0|0|0|0|0|0|0|0|0|0|0|0|0
S|KYOTO|34830467|135746889| |TF|0|0|0|0|0|0|0|0|0|0|0|0|0
S|SIGAK|34885467|136047975| |TF|0|0|0|0|0|0|0|0|0|0|0|0|0
S|GUJYO|35364033|136577356| |TF|0|0|0|0|0|0|0|0|0|0|0|0|0

P|NANKO3|06L|KCC|0|8
S| |91000000|181000000| |VA|0|5900|0|0|0|0|1|500|0|0|0|0|0
S|B6L01|34549556|135285583| |DF|0|0|0|0|0|0|0|0|0|0|0|0|0
S|NANKO|34610761|135355819| |TF|0|0|0|0|0|0|1|5000|0|0|0|0|0
S|NANKO|34610761|135355819| |IF|0|0|0|0|0|0|0|0|0|0|0|0|0
S|NIKEX|34799636|135573572| |TF|0|0|0|0|0|0|0|0|0|0|0|0|0
S|KYOTO|34830467|135746889| |TF|0|0|0|0|0|0|0|0|0|0|0|0|0
S|SIGAK|34885467|136047975| |TF|0|0|0|0|0|0|1|7000|0|0|0|0|0
S|KCC|35265267|136914925| |TF|0|0|0|0|0|0|0|0|0|0|0|0|0

P|NANKO3|06R|GUJYO|0|9
S| |91000000|181000000| |VA|0|5900|0|0|0|0|1|500|0|0|0|0|0
S|B6R10|34466556|135296111| |DF|0|0|0|0|0|0|0|0|0|1|0|0|0
S|B6R11|34528000|135312528| |DF|0|0|0|0|0|0|1|2500|0|0|0|0|0
S|NANKO|34610761|135355819| |TF|0|0|0|0|0|0|1|5000|0|0|0|0|0
S|NANKO|34610761|135355819| |IF|0|0|0|0|0|0|0|0|0|0|0|0|0
S|NIKEX|34799636|135573572| |TF|0|0|0|0|0|0|0|0|0|0|0|0|0
S|KYOTO|34830467|135746889| |TF|0|0|0|0|0|0|0|0|0|0|0|0|0
S|SIGAK|34885467|136047975| |TF|0|0|0|0|0|0|0|0|0|0|0|0|0
S|GUJYO|35364033|136577356| |TF|0|0|0|0|0|0|0|0|0|0|0|0|0

P|NANKO3|06R|KCC|0|9
S| |91000000|181000000| |VA|0|5900|0|0|0|0|1|500|0|0|0|0|0
S|B6R10|34466556|135296111| |DF|0|0|0|0|0|0|0|0|0|1|0|0|0
S|B6R11|34528000|135312528| |DF|0|0|0|0|0|0|1|2500|0|0|0|0|0
S|NANKO|34610761|135355819| |TF|0|0|0|0|0|0|1|5000|0|0|0|0|0
S|NANKO|34610761|135355819| |IF|0|0|0|0|0|0|0|0|0|0|0|0|0
S|NIKEX|34799636|135573572| |TF|0|0|0|0|0|0|0|0|0|0|0|0|0
S|KYOTO|34830467|135746889| |TF|0|0|0|0|0|0|0|0|0|0|0|0|0
S|SIGAK|34885467|136047975| |TF|0|0|0|0|0|0|1|7000|0|0|0|0|0
S|KCC|35265267|136914925| |TF|0|0|0|0|0|0|0|0|0|0|0|0|0

P|NANKO3|24L|GUJYO|0|8
S| |91000000|181000000| |VA|0|23900|0|0|0|0|1|500|0|0|0|0|0
S|B4L10|34360250|135126250| |DF|0|0|0|0|0|0|0|0|0|1|0|0|0
S|NANKO|34610761|135355819| |DF|2|0|0|0|0|0|1|5000|0|0|0|0|0
S|NANKO|34610761|135355819| |IF|0|0|0|0|0|0|0|0|0|0|0|0|0
S|NIKEX|34799636|135573572| |TF|0|0|0|0|0|0|0|0|0|0|0|0|0
S|KYOTO|34830467|135746889| |TF|0|0|0|0|0|0|0|0|0|0|0|0|0
S|SIGAK|34885467|136047975| |TF|0|0|0|0|0|0|0|0|0|0|0|0|0
S|GUJYO|35364033|136577356| |TF|0|0|0|0|0|0|0|0|0|0|0|0|0

P|NANKO3|24L|KCC|0|8
S| |91000000|181000000| |VA|0|23900|0|0|0|0|1|500|0|0|0|0|0
S|B4L10|34360250|135126250| |DF|0|0|0|0|0|0|0|0|0|1|0|0|0
S|NANKO|34610761|135355819| |DF|2|0|0|0|0|0|1|5000|0|0|0|0|0
S|NANKO|34610761|135355819| |IF|0|0|0|0|0|0|0|0|0|0|0|0|0
S|NIKEX|34799636|135573572| |TF|0|0|0|0|0|0|0|0|0|0|0|0|0
S|KYOTO|34830467|135746889| |TF|0|0|0|0|0|0|0|0|0|0|0|0|0
S|SIGAK|34885467|136047975| |TF|0|0|0|0|0|0|1|7000|0|0|0|0|0
S|KCC|35265267|136914925| |TF|0|0|0|0|0|0|0|0|0|0|0|0|0

P|NANKO3|24R|GUJYO|0|7
S| |91000000|181000000| |VA|0|23900|0|0|0|0|1|500|0|0|0|0|0
S|NANKO|34610761|135355819| |DF|2|0|0|0|0|0|1|5000|0|0|0|0|0
S|NANKO|34610761|135355819| |IF|0|0|0|0|0|0|0|0|0|0|0|0|0
S|NIKEX|34799636|135573572| |TF|0|0|0|0|0|0|0|0|0|0|0|0|0
S|KYOTO|34830467|135746889| |TF|0|0|0|0|0|0|0|0|0|0|0|0|0
S|SIGAK|34885467|136047975| |TF|0|0|0|0|0|0|0|0|0|0|0|0|0
S|GUJYO|35364033|136577356| |TF|0|0|0|0|0|0|0|0|0|0|0|0|0

P|NANKO3|24R|KCC|0|7
S| |91000000|181000000| |VA|0|23900|0|0|0|0|1|500|0|0|0|0|0
S|NANKO|34610761|135355819| |DF|2|0|0|0|0|0|1|5000|0|0|0|0|0
S|NANKO|34610761|135355819| |IF|0|0|0|0|0|0|0|0|0|0|0|0|0
S|NIKEX|34799636|135573572| |TF|0|0|0|0|0|0|0|0|0|0|0|0|0
S|KYOTO|34830467|135746889| |TF|0|0|0|0|0|0|0|0|0|0|0|0|0
S|SIGAK|34885467|136047975| |TF|0|0|0|0|0|0|1|7000|0|0|0|0|0
S|KCC|35265267|136914925| |TF|0|0|0|0|0|0|0|0|0|0|0|0|0

P|OBLUR1|06L|OBLUR|0|5
S| |91000000|181000000| |VA|0|5900|0|0|0|0|1|500|0|0|0|0|0
S|ELMUL|34402778|134912236| |DF|1|0|0|0|0|0|1|5000|0|0|0|0|0
S|EPKUR|34283578|134662217| |TF|0|0|0|0|0|0|0|0|0|0|0|0|0
S|SURIF|34240733|134600475| |TF|0|0|0|0|0|0|0|0|0|0|0|0|0
S|OBLUR|34083056|134374167| |TF|0|0|0|0|0|0|0|0|0|0|0|0|0

P|OBLUR1|06R|OBLUR|0|8
S| |91000000|181000000| |VA|0|5900|0|0|0|0|1|500|0|0|0|0|0
S|B6R10|34466556|135296111| |DF|0|0|0|0|0|0|0|0|0|1|0|0|0
S|B6R11|34528000|135312528| |DF|0|0|0|0|0|0|1|2500|0|0|0|0|0
S|B6R14|34555583|135208083| |TF|0|0|0|0|0|0|0|0|0|1|0|0|0
S|ELMUL|34402778|134912236| |DF|0|0|0|0|0|0|1|5000|0|0|0|0|0
S|EPKUR|34283578|134662217| |TF|0|0|0|0|0|0|0|0|0|0|0|0|0
S|SURIF|34240733|134600475| |TF|0|0|0|0|0|0|0|0|0|0|0|0|0
S|OBLUR|34083056|134374167| |TF|0|0|0|0|0|0|0|0|0|0|0|0|0

P|OBLUR1|24L|OBLUR|0|6
S| |91000000|181000000| |VA|0|23900|0|0|0|0|1|500|0|0|0|0|0
S|B4L10|34360250|135126250| |DF|0|0|0|0|0|0|0|0|0|1|0|0|0
S|ELMUL|34402778|134912236| |DF|0|0|0|0|0|0|1|5000|0|0|0|0|0
S|EPKUR|34283578|134662217| |TF|0|0|0|0|0|0|0|0|0|0|0|0|0
S|SURIF|34240733|134600475| |TF|0|0|0|0|0|0|0|0|0|0|0|0|0
S|OBLUR|34083056|134374167| |TF|0|0|0|0|0|0|0|0|0|0|0|0|0

P|OBLUR1|24R|OBLUR|0|6
S| |91000000|181000000| |VA|0|23900|0|0|0|0|1|500|0|0|0|0|0
S|LELUS|34410167|135052583| |DF|0|0|0|0|0|0|0|0|0|0|0|0|0
S|ELMUL|34402778|134912236| |TF|0|0|0|0|0|0|1|5000|0|0|0|0|0
S|EPKUR|34283578|134662217| |TF|0|0|0|0|0|0|0|0|0|0|0|0|0
S|SURIF|34240733|134600475| |TF|0|0|0|0|0|0|0|0|0|0|0|0|0
S|OBLUR|34083056|134374167| |TF|0|0|0|0|0|0|0|0|0|0|0|0|0

P|OMGOR1|06L|OMGOR|0|5
S| |91000000|181000000| |VA|0|5900|0|0|0|0|1|500|0|0|0|0|0
S|LELUS|34410167|135052583| |DF|1|0|0|0|0|0|0|0|0|0|0|0|0
S|ENKUD|34309400|134955358| |TF|0|0|0|0|0|0|1|5000|0|0|0|0|0
S|EMVEN|34202683|134731464| |TF|0|0|0|0|0|0|0|0|0|0|0|0|0
S|OMGOR|34155639|134648442| |TF|0|0|0|0|0|0|0|0|0|0|0|0|0

P|OMGOR1|06R|OMGOR|0|7
S| |91000000|181000000| |VA|0|5900|0|0|0|0|1|500|0|0|0|0|0
S|B6R10|34466556|135296111| |DF|0|0|0|0|0|0|0|0|0|1|0|0|0
S|B6R11|34528000|135312528| |DF|0|0|0|0|0|0|1|2500|0|0|0|0|0
S|B6R14|34555583|135208083| |TF|0|0|0|0|0|0|0|0|0|1|0|0|0
S|ENKUD|34309400|134955358| |DF|0|0|0|0|0|0|1|5000|0|0|0|0|0
S|EMVEN|34202683|134731464| |TF|0|0|0|0|0|0|0|0|0|0|0|0|0
S|OMGOR|34155639|134648442| |TF|0|0|0|0|0|0|0|0|0|0|0|0|0

P|OMGOR1|24L|OMGOR|0|5
S| |91000000|181000000| |VA|0|23900|0|0|0|0|1|500|0|0|0|0|0
S|B4L10|34360250|135126250| |DF|0|0|0|0|0|0|0|0|0|1|0|0|0
S|ENKUD|34309400|134955358| |DF|0|0|0|0|0|0|1|5000|0|0|0|0|0
S|EMVEN|34202683|134731464| |TF|0|0|0|0|0|0|0|0|0|0|0|0|0
S|OMGOR|34155639|134648442| |TF|0|0|0|0|0|0|0|0|0|0|0|0|0

P|OMGOR1|24R|OMGOR|0|5
S| |91000000|181000000| |VA|0|23900|0|0|0|0|1|500|0|0|0|0|0
S|LELUS|34410167|135052583| |DF|0|0|0|0|0|0|0|0|0|0|0|0|0
S|ENKUD|34309400|134955358| |TF|0|0|0|0|0|0|1|5000|0|0|0|0|0
S|EMVEN|34202683|134731464| |TF|0|0|0|0|0|0|0|0|0|0|0|0|0
S|OMGOR|34155639|134648442| |TF|0|0|0|0|0|0|0|0|0|0|0|0|0

P|RINKU1|06L|HABAR|0|8
S| |91000000|181000000| |VA|0|5900|0|0|0|0|1|500|0|0|0|0|0
S|BB400|34500639|135085417| |DF|1|0|0|0|0|0|0|0|0|0|0|0|0
S|PUNIB|34594389|135060511| |TF|0|0|0|0|0|0|1|5000|0|0|0|0|0
S|MAIKO|34611036|134996961| |TF|0|0|0|0|0|0|0|0|0|0|0|0|0
S|MAIKO|34611036|134996961| |IF|0|0|0|0|0|0|0|0|0|0|0|0|0
S|OSRIX|34625408|134777536| |TF|0|0|0|0|0|0|0|0|0|0|0|0|0
S|SHION|34428367|134282606| |TF|0|0|0|0|0|0|0|0|0|0|0|0|0
S|HABAR|34319372|133588783| |TF|0|0|0|0|0|0|0|0|0|0|0|0|0

P|RINKU1|06L|KTE|0|7
S| |91000000|181000000| |VA|0|5900|0|0|0|0|1|500|0|0|0|0|0
S|BB400|34500639|135085417| |DF|1|0|0|0|0|0|0|0|0|0|0|0|0
S|PUNIB|34594389|135060511| |TF|0|0|0|0|0|0|1|5000|0|0|0|0|0
S|MAIKO|34611036|134996961| |TF|0|0|0|0|0|0|0|0|0|0|0|0|0
S|MAIKO|34611036|134996961| |IF|0|0|0|0|0|0|0|0|0|0|0|0|0
S|AVLEX|34620189|134436492| |TF|0|0|0|0|0|0|0|0|0|0|0|0|0
S|KTE|34212497|134022592| |TF|0|0|0|0|0|0|0|0|0|0|0|0|0

P|RINKU1|06L|OLIVE|0|7
S| |91000000|181000000| |VA|0|5900|0|0|0|0|1|500|0|0|0|0|0
S|BB400|34500639|135085417| |DF|1|0|0|0|0|0|0|0|0|0|0|0|0
S|PUNIB|34594389|135060511| |TF|0|0|0|0|0|0|1|5000|0|0|0|0|0
S|MAIKO|34611036|134996961| |TF|0|0|0|0|0|0|0|0|0|0|0|0|0
S|MAIKO|34611036|134996961| |IF|0|0|0|0|0|0|0|0|0|0|0|0|0
S|AVLEX|34620189|134436492| |TF|0|0|0|0|0|0|0|0|0|0|0|0|0
S|OLIVE|34754903|134450067|KCE|AF|2|27900|3920|28910|0|0|0|0|0|0|0|0|0

P|RINKU1|06L|SHION|0|7
S| |91000000|181000000| |VA|0|5900|0|0|0|0|1|500|0|0|0|0|0
S|BB400|34500639|135085417| |DF|1|0|0|0|0|0|0|0|0|0|0|0|0
S|PUNIB|34594389|135060511| |TF|0|0|0|0|0|0|1|5000|0|0|0|0|0
S|MAIKO|34611036|134996961| |TF|0|0|0|0|0|0|0|0|0|0|0|0|0
S|MAIKO|34611036|134996961| |IF|0|0|0|0|0|0|0|0|0|0|0|0|0
S|OSRIX|34625408|134777536| |TF|0|0|0|0|0|0|0|0|0|0|0|0|0
S|SHION|34428367|134282606| |TF|0|0|0|0|0|0|0|0|0|0|0|0|0

P|RINKU1|06L|SOUJA|0|8
S| |91000000|181000000| |VA|0|5900|0|0|0|0|1|500|0|0|0|0|0
S|BB400|34500639|135085417| |DF|1|0|0|0|0|0|0|0|0|0|0|0|0
S|PUNIB|34594389|135060511| |TF|0|0|0|0|0|0|1|5000|0|0|0|0|0
S|MAIKO|34611036|134996961| |TF|0|0|0|0|0|0|0|0|0|0|0|0|0
S|MAIKO|34611036|134996961| |IF|0|0|0|0|0|0|0|0|0|0|0|0|0
S|OSRIX|34625408|134777536| |TF|0|0|0|0|0|0|0|0|0|0|0|0|0
S|GUMID|34573819|134042764| |TF|0|0|0|0|0|0|0|0|0|0|0|0|0
S|SOUJA|34627400|133739578| |TF|0|0|0|0|0|0|0|0|0|0|0|0|0

P|RINKU1|06L|WASYU|0|8
S| |91000000|181000000| |VA|0|5900|0|0|0|0|1|500|0|0|0|0|0
S|BB400|34500639|135085417| |DF|1|0|0|0|0|0|0|0|0|0|0|0|0
S|PUNIB|34594389|135060511| |TF|0|0|0|0|0|0|1|5000|0|0|0|0|0
S|MAIKO|34611036|134996961| |TF|0|0|0|0|0|0|0|0|0|0|0|0|0
S|MAIKO|34611036|134996961| |IF|0|0|0|0|0|0|0|0|0|0|0|0|0
S|OSRIX|34625408|134777536| |TF|0|0|0|0|0|0|0|0|0|0|0|0|0
S|SHION|34428367|134282606| |TF|0|0|0|0|0|0|0|0|0|0|0|0|0
S|WASYU|34471528|133383650| |TF|0|0|0|0|0|0|0|0|0|0|0|0|0

P|RINKU1|06R|HABAR|0|9
S| |91000000|181000000| |VA|0|5900|0|0|0|0|1|500|0|0|0|0|0
S|B6R10|34466556|135296111| |DF|0|0|0|0|0|0|0|0|0|1|0|0|0
S|B6R11|34528000|135312528| |DF|0|0|0|0|0|0|1|2500|0|0|0|0|0
S|PUNIB|34594389|135060511| |TF|0|0|0|0|0|0|1|5000|0|0|0|0|0
S|MAIKO|34611036|134996961| |TF|0|0|0|0|0|0|0|0|0|0|0|0|0
S|MAIKO|34611036|134996961| |IF|0|0|0|0|0|0|0|0|0|0|0|0|0
S|OSRIX|34625408|134777536| |TF|0|0|0|0|0|0|0|0|0|0|0|0|0
S|SHION|34428367|134282606| |TF|0|0|0|0|0|0|0|0|0|0|0|0|0
S|HABAR|34319372|133588783| |TF|0|0|0|0|0|0|0|0|0|0|0|0|0

P|RINKU1|06R|KTE|0|8
S| |91000000|181000000| |VA|0|5900|0|0|0|0|1|500|0|0|0|0|0
S|B6R10|34466556|135296111| |DF|0|0|0|0|0|0|0|0|0|1|0|0|0
S|B6R11|34528000|135312528| |DF|0|0|0|0|0|0|1|2500|0|0|0|0|0
S|PUNIB|34594389|135060511| |TF|0|0|0|0|0|0|1|5000|0|0|0|0|0
S|MAIKO|34611036|134996961| |TF|0|0|0|0|0|0|0|0|0|0|0|0|0
S|MAIKO|34611036|134996961| |IF|0|0|0|0|0|0|0|0|0|0|0|0|0
S|AVLEX|34620189|134436492| |TF|0|0|0|0|0|0|0|0|0|0|0|0|0
S|KTE|34212497|134022592| |TF|0|0|0|0|0|0|0|0|0|0|0|0|0

P|RINKU1|06R|OLIVE|0|8
S| |91000000|181000000| |VA|0|5900|0|0|0|0|1|500|0|0|0|0|0
S|B6R10|34466556|135296111| |DF|0|0|0|0|0|0|0|0|0|1|0|0|0
S|B6R11|34528000|135312528| |DF|0|0|0|0|0|0|1|2500|0|0|0|0|0
S|PUNIB|34594389|135060511| |TF|0|0|0|0|0|0|1|5000|0|0|0|0|0
S|MAIKO|34611036|134996961| |TF|0|0|0|0|0|0|0|0|0|0|0|0|0
S|MAIKO|34611036|134996961| |IF|0|0|0|0|0|0|0|0|0|0|0|0|0
S|AVLEX|34620189|134436492| |TF|0|0|0|0|0|0|0|0|0|0|0|0|0
S|OLIVE|34754903|134450067|KCE|AF|2|27900|3920|28910|0|0|0|0|0|0|0|0|0

P|RINKU1|06R|SHION|0|8
S| |91000000|181000000| |VA|0|5900|0|0|0|0|1|500|0|0|0|0|0
S|B6R10|34466556|135296111| |DF|0|0|0|0|0|0|0|0|0|1|0|0|0
S|B6R11|34528000|135312528| |DF|0|0|0|0|0|0|1|2500|0|0|0|0|0
S|PUNIB|34594389|135060511| |TF|0|0|0|0|0|0|1|5000|0|0|0|0|0
S|MAIKO|34611036|134996961| |TF|0|0|0|0|0|0|0|0|0|0|0|0|0
S|MAIKO|34611036|134996961| |IF|0|0|0|0|0|0|0|0|0|0|0|0|0
S|OSRIX|34625408|134777536| |TF|0|0|0|0|0|0|0|0|0|0|0|0|0
S|SHION|34428367|134282606| |TF|0|0|0|0|0|0|0|0|0|0|0|0|0

P|RINKU1|06R|SOUJA|0|9
S| |91000000|181000000| |VA|0|5900|0|0|0|0|1|500|0|0|0|0|0
S|B6R10|34466556|135296111| |DF|0|0|0|0|0|0|0|0|0|1|0|0|0
S|B6R11|34528000|135312528| |DF|0|0|0|0|0|0|1|2500|0|0|0|0|0
S|PUNIB|34594389|135060511| |TF|0|0|0|0|0|0|1|5000|0|0|0|0|0
S|MAIKO|34611036|134996961| |TF|0|0|0|0|0|0|0|0|0|0|0|0|0
S|MAIKO|34611036|134996961| |IF|0|0|0|0|0|0|0|0|0|0|0|0|0
S|OSRIX|34625408|134777536| |TF|0|0|0|0|0|0|0|0|0|0|0|0|0
S|GUMID|34573819|134042764| |TF|0|0|0|0|0|0|0|0|0|0|0|0|0
S|SOUJA|34627400|133739578| |TF|0|0|0|0|0|0|0|0|0|0|0|0|0

P|RINKU1|06R|WASYU|0|9
S| |91000000|181000000| |VA|0|5900|0|0|0|0|1|500|0|0|0|0|0
S|B6R10|34466556|135296111| |DF|0|0|0|0|0|0|0|0|0|1|0|0|0
S|B6R11|34528000|135312528| |DF|0|0|0|0|0|0|1|2500|0|0|0|0|0
S|PUNIB|34594389|135060511| |TF|0|0|0|0|0|0|1|5000|0|0|0|0|0
S|MAIKO|34611036|134996961| |TF|0|0|0|0|0|0|0|0|0|0|0|0|0
S|MAIKO|34611036|134996961| |IF|0|0|0|0|0|0|0|0|0|0|0|0|0
S|OSRIX|34625408|134777536| |TF|0|0|0|0|0|0|0|0|0|0|0|0|0
S|SHION|34428367|134282606| |TF|0|0|0|0|0|0|0|0|0|0|0|0|0
S|WASYU|34471528|133383650| |TF|0|0|0|0|0|0|0|0|0|0|0|0|0

P|RINKU1|24L|HABAR|0|10
S| |91000000|181000000| |VA|0|23900|0|0|0|0|1|500|0|0|0|0|0
S|B4L10|34360250|135126250| |DF|0|0|0|0|0|0|0|0|0|1|0|0|0
S|LELUS|34410167|135052583| |DF|2|0|0|0|0|210|0|0|0|0|0|0|0
S|BB400|34500639|135085417| |TF|0|0|0|0|0|0|0|0|0|0|0|0|0
S|PUNIB|34594389|135060511| |TF|0|0|0|0|0|0|1|5000|0|0|0|0|0
S|MAIKO|34611036|134996961| |TF|0|0|0|0|0|0|0|0|0|0|0|0|0
S|MAIKO|34611036|134996961| |IF|0|0|0|0|0|0|0|0|0|0|0|0|0
S|OSRIX|34625408|134777536| |TF|0|0|0|0|0|0|0|0|0|0|0|0|0
S|SHION|34428367|134282606| |TF|0|0|0|0|0|0|0|0|0|0|0|0|0
S|HABAR|34319372|133588783| |TF|0|0|0|0|0|0|0|0|0|0|0|0|0

P|RINKU1|24L|KTE|0|9
S| |91000000|181000000| |VA|0|23900|0|0|0|0|1|500|0|0|0|0|0
S|B4L10|34360250|135126250| |DF|0|0|0|0|0|0|0|0|0|1|0|0|0
S|LELUS|34410167|135052583| |DF|2|0|0|0|0|210|0|0|0|0|0|0|0
S|BB400|34500639|135085417| |TF|0|0|0|0|0|0|0|0|0|0|0|0|0
S|PUNIB|34594389|135060511| |TF|0|0|0|0|0|0|1|5000|0|0|0|0|0
S|MAIKO|34611036|134996961| |TF|0|0|0|0|0|0|0|0|0|0|0|0|0
S|MAIKO|34611036|134996961| |IF|0|0|0|0|0|0|0|0|0|0|0|0|0
S|AVLEX|34620189|134436492| |TF|0|0|0|0|0|0|0|0|0|0|0|0|0
S|KTE|34212497|134022592| |TF|0|0|0|0|0|0|0|0|0|0|0|0|0

P|RINKU1|24L|OLIVE|0|9
S| |91000000|181000000| |VA|0|23900|0|0|0|0|1|500|0|0|0|0|0
S|B4L10|34360250|135126250| |DF|0|0|0|0|0|0|0|0|0|1|0|0|0
S|LELUS|34410167|135052583| |DF|2|0|0|0|0|210|0|0|0|0|0|0|0
S|BB400|34500639|135085417| |TF|0|0|0|0|0|0|0|0|0|0|0|0|0
S|PUNIB|34594389|135060511| |TF|0|0|0|0|0|0|1|5000|0|0|0|0|0
S|MAIKO|34611036|134996961| |TF|0|0|0|0|0|0|0|0|0|0|0|0|0
S|MAIKO|34611036|134996961| |IF|0|0|0|0|0|0|0|0|0|0|0|0|0
S|AVLEX|34620189|134436492| |TF|0|0|0|0|0|0|0|0|0|0|0|0|0
S|OLIVE|34754903|134450067|KCE|AF|2|27900|3920|28910|0|0|0|0|0|0|0|0|0

P|RINKU1|24L|SHION|0|9
S| |91000000|181000000| |VA|0|23900|0|0|0|0|1|500|0|0|0|0|0
S|B4L10|34360250|135126250| |DF|0|0|0|0|0|0|0|0|0|1|0|0|0
S|LELUS|34410167|135052583| |DF|2|0|0|0|0|210|0|0|0|0|0|0|0
S|BB400|34500639|135085417| |TF|0|0|0|0|0|0|0|0|0|0|0|0|0
S|PUNIB|34594389|135060511| |TF|0|0|0|0|0|0|1|5000|0|0|0|0|0
S|MAIKO|34611036|134996961| |TF|0|0|0|0|0|0|0|0|0|0|0|0|0
S|MAIKO|34611036|134996961| |IF|0|0|0|0|0|0|0|0|0|0|0|0|0
S|OSRIX|34625408|134777536| |TF|0|0|0|0|0|0|0|0|0|0|0|0|0
S|SHION|34428367|134282606| |TF|0|0|0|0|0|0|0|0|0|0|0|0|0

P|RINKU1|24L|SOUJA|0|10
S| |91000000|181000000| |VA|0|23900|0|0|0|0|1|500|0|0|0|0|0
S|B4L10|34360250|135126250| |DF|0|0|0|0|0|0|0|0|0|1|0|0|0
S|LELUS|34410167|135052583| |DF|2|0|0|0|0|210|0|0|0|0|0|0|0
S|BB400|34500639|135085417| |TF|0|0|0|0|0|0|0|0|0|0|0|0|0
S|PUNIB|34594389|135060511| |TF|0|0|0|0|0|0|1|5000|0|0|0|0|0
S|MAIKO|34611036|134996961| |TF|0|0|0|0|0|0|0|0|0|0|0|0|0
S|MAIKO|34611036|134996961| |IF|0|0|0|0|0|0|0|0|0|0|0|0|0
S|OSRIX|34625408|134777536| |TF|0|0|0|0|0|0|0|0|0|0|0|0|0
S|GUMID|34573819|134042764| |TF|0|0|0|0|0|0|0|0|0|0|0|0|0
S|SOUJA|34627400|133739578| |TF|0|0|0|0|0|0|0|0|0|0|0|0|0

P|RINKU1|24L|WASYU|0|10
S| |91000000|181000000| |VA|0|23900|0|0|0|0|1|500|0|0|0|0|0
S|B4L10|34360250|135126250| |DF|0|0|0|0|0|0|0|0|0|1|0|0|0
S|LELUS|34410167|135052583| |DF|2|0|0|0|0|210|0|0|0|0|0|0|0
S|BB400|34500639|135085417| |TF|0|0|0|0|0|0|0|0|0|0|0|0|0
S|PUNIB|34594389|135060511| |TF|0|0|0|0|0|0|1|5000|0|0|0|0|0
S|MAIKO|34611036|134996961| |TF|0|0|0|0|0|0|0|0|0|0|0|0|0
S|MAIKO|34611036|134996961| |IF|0|0|0|0|0|0|0|0|0|0|0|0|0
S|OSRIX|34625408|134777536| |TF|0|0|0|0|0|0|0|0|0|0|0|0|0
S|SHION|34428367|134282606| |TF|0|0|0|0|0|0|0|0|0|0|0|0|0
S|WASYU|34471528|133383650| |TF|0|0|0|0|0|0|0|0|0|0|0|0|0

P|RINKU1|24R|HABAR|0|9
S| |91000000|181000000| |VA|0|23900|0|0|0|0|1|500|0|0|0|0|0
S|LELUS|34410167|135052583| |DF|0|0|0|0|0|210|0|0|0|0|0|0|0
S|BB400|34500639|135085417| |TF|2|0|0|0|0|0|0|0|0|0|0|0|0
S|PUNIB|34594389|135060511| |TF|0|0|0|0|0|0|1|5000|0|0|0|0|0
S|MAIKO|34611036|134996961| |TF|0|0|0|0|0|0|0|0|0|0|0|0|0
S|MAIKO|34611036|134996961| |IF|0|0|0|0|0|0|0|0|0|0|0|0|0
S|OSRIX|34625408|134777536| |TF|0|0|0|0|0|0|0|0|0|0|0|0|0
S|SHION|34428367|134282606| |TF|0|0|0|0|0|0|0|0|0|0|0|0|0
S|HABAR|34319372|133588783| |TF|0|0|0|0|0|0|0|0|0|0|0|0|0

P|RINKU1|24R|KTE|0|8
S| |91000000|181000000| |VA|0|23900|0|0|0|0|1|500|0|0|0|0|0
S|LELUS|34410167|135052583| |DF|0|0|0|0|0|210|0|0|0|0|0|0|0
S|BB400|34500639|135085417| |TF|2|0|0|0|0|0|0|0|0|0|0|0|0
S|PUNIB|34594389|135060511| |TF|0|0|0|0|0|0|1|5000|0|0|0|0|0
S|MAIKO|34611036|134996961| |TF|0|0|0|0|0|0|0|0|0|0|0|0|0
S|MAIKO|34611036|134996961| |IF|0|0|0|0|0|0|0|0|0|0|0|0|0
S|AVLEX|34620189|134436492| |TF|0|0|0|0|0|0|0|0|0|0|0|0|0
S|KTE|34212497|134022592| |TF|0|0|0|0|0|0|0|0|0|0|0|0|0

P|RINKU1|24R|OLIVE|0|8
S| |91000000|181000000| |VA|0|23900|0|0|0|0|1|500|0|0|0|0|0
S|LELUS|34410167|135052583| |DF|0|0|0|0|0|210|0|0|0|0|0|0|0
S|BB400|34500639|135085417| |TF|2|0|0|0|0|0|0|0|0|0|0|0|0
S|PUNIB|34594389|135060511| |TF|0|0|0|0|0|0|1|5000|0|0|0|0|0
S|MAIKO|34611036|134996961| |TF|0|0|0|0|0|0|0|0|0|0|0|0|0
S|MAIKO|34611036|134996961| |IF|0|0|0|0|0|0|0|0|0|0|0|0|0
S|AVLEX|34620189|134436492| |TF|0|0|0|0|0|0|0|0|0|0|0|0|0
S|OLIVE|34754903|134450067|KCE|AF|2|27900|3920|28910|0|0|0|0|0|0|0|0|0

P|RINKU1|24R|SHION|0|8
S| |91000000|181000000| |VA|0|23900|0|0|0|0|1|500|0|0|0|0|0
S|LELUS|34410167|135052583| |DF|0|0|0|0|0|210|0|0|0|0|0|0|0
S|BB400|34500639|135085417| |TF|2|0|0|0|0|0|0|0|0|0|0|0|0
S|PUNIB|34594389|135060511| |TF|0|0|0|0|0|0|1|5000|0|0|0|0|0
S|MAIKO|34611036|134996961| |TF|0|0|0|0|0|0|0|0|0|0|0|0|0
S|MAIKO|34611036|134996961| |IF|0|0|0|0|0|0|0|0|0|0|0|0|0
S|OSRIX|34625408|134777536| |TF|0|0|0|0|0|0|0|0|0|0|0|0|0
S|SHION|34428367|134282606| |TF|0|0|0|0|0|0|0|0|0|0|0|0|0

P|RINKU1|24R|SOUJA|0|9
S| |91000000|181000000| |VA|0|23900|0|0|0|0|1|500|0|0|0|0|0
S|LELUS|34410167|135052583| |DF|0|0|0|0|0|210|0|0|0|0|0|0|0
S|BB400|34500639|135085417| |TF|2|0|0|0|0|0|0|0|0|0|0|0|0
S|PUNIB|34594389|135060511| |TF|0|0|0|0|0|0|1|5000|0|0|0|0|0
S|MAIKO|34611036|134996961| |TF|0|0|0|0|0|0|0|0|0|0|0|0|0
S|MAIKO|34611036|134996961| |IF|0|0|0|0|0|0|0|0|0|0|0|0|0
S|OSRIX|34625408|134777536| |TF|0|0|0|0|0|0|0|0|0|0|0|0|0
S|GUMID|34573819|134042764| |TF|0|0|0|0|0|0|0|0|0|0|0|0|0
S|SOUJA|34627400|133739578| |TF|0|0|0|0|0|0|0|0|0|0|0|0|0

P|RINKU1|24R|WASYU|0|9
S| |91000000|181000000| |VA|0|23900|0|0|0|0|1|500|0|0|0|0|0
S|LELUS|34410167|135052583| |DF|0|0|0|0|0|210|0|0|0|0|0|0|0
S|BB400|34500639|135085417| |TF|2|0|0|0|0|0|0|0|0|0|0|0|0
S|PUNIB|34594389|135060511| |TF|0|0|0|0|0|0|1|5000|0|0|0|0|0
S|MAIKO|34611036|134996961| |TF|0|0|0|0|0|0|0|0|0|0|0|0|0
S|MAIKO|34611036|134996961| |IF|0|0|0|0|0|0|0|0|0|0|0|0|0
S|OSRIX|34625408|134777536| |TF|0|0|0|0|0|0|0|0|0|0|0|0|0
S|SHION|34428367|134282606| |TF|0|0|0|0|0|0|0|0|0|0|0|0|0
S|WASYU|34471528|133383650| |TF|0|0|0|0|0|0|0|0|0|0|0|0|0

P|SOVRI1|06L|SHTLE|0|9
S|DE06L|34451272|135240022| |DF|0|0|0|0|0|0|0|0|0|1|0|0|0
S| |91000000|181000000| |VA|0|5900|0|0|0|0|1|500|0|0|0|0|0
S|KIE|34425739|135207731| |DF|1|0|0|0|0|210|1|5000|0|0|0|0|0
S|MIMIG|34435383|135285508| |TF|0|0|0|0|0|0|0|0|0|0|0|0|0
S|SOVRI|34439694|135320400| |TF|0|0|0|0|0|0|0|0|0|0|0|0|0
S|SOVRI|34439694|135320400| |IF|0|0|0|0|0|0|0|0|0|0|0|0|0
S|UPRAL|34499667|135684125| |TF|0|0|0|0|0|0|0|0|0|0|0|0|0
S|YAGYU|34544253|135960572| |TF|0|0|0|0|0|0|0|0|0|0|0|0|0
S|SHTLE|34830819|136948289| |TF|0|0|0|0|0|0|0|0|0|0|0|0|0

P|SOVRI1|06L|UPRAL|0|7
S|DE06L|34451272|135240022| |DF|0|0|0|0|0|0|0|0|0|1|0|0|0
S| |91000000|181000000| |VA|0|5900|0|0|0|0|1|500|0|0|0|0|0
S|KIE|34425739|135207731| |DF|1|0|0|0|0|210|1|5000|0|0|0|0|0
S|MIMIG|34435383|135285508| |TF|0|0|0|0|0|0|0|0|0|0|0|0|0
S|SOVRI|34439694|135320400| |TF|0|0|0|0|0|0|0|0|0|0|0|0|0
S|SOVRI|34439694|135320400| |IF|0|0|0|0|0|0|0|0|0|0|0|0|0
S|UPRAL|34499667|135684125| |TF|0|0|0|0|0|0|0|0|0|0|0|0|0

P|SOVRI1|06R|SHTLE|0|11
S| |91000000|181000000| |VA|0|5900|0|0|0|0|1|500|0|0|0|0|0
S|B6R10|34466556|135296111| |DF|0|0|0|0|0|0|0|0|0|1|0|0|0
S|B6R11|34528000|135312528| |DF|0|0|0|0|0|0|1|2500|0|0|0|0|0
S|B6R14|34555583|135208083| |TF|0|0|0|0|0|0|0|0|0|1|0|0|0
S|KIE|34425739|135207731| |DF|1|0|0|0|0|0|1|5000|0|0|0|0|0
S|MIMIG|34435383|135285508| |TF|0|0|0|0|0|0|0|0|0|0|0|0|0
S|SOVRI|34439694|135320400| |TF|0|0|0|0|0|0|0|0|0|0|0|0|0
S|SOVRI|34439694|135320400| |IF|0|0|0|0|0|0|0|0|0|0|0|0|0
S|UPRAL|34499667|135684125| |TF|0|0|0|0|0|0|0|0|0|0|0|0|0
S|YAGYU|34544253|135960572| |TF|0|0|0|0|0|0|0|0|0|0|0|0|0
S|SHTLE|34830819|136948289| |TF|0|0|0|0|0|0|0|0|0|0|0|0|0

P|SOVRI1|06R|UPRAL|0|9
S| |91000000|181000000| |VA|0|5900|0|0|0|0|1|500|0|0|0|0|0
S|B6R10|34466556|135296111| |DF|0|0|0|0|0|0|0|0|0|1|0|0|0
S|B6R11|34528000|135312528| |DF|0|0|0|0|0|0|1|2500|0|0|0|0|0
S|B6R14|34555583|135208083| |TF|0|0|0|0|0|0|0|0|0|1|0|0|0
S|KIE|34425739|135207731| |DF|1|0|0|0|0|0|1|5000|0|0|0|0|0
S|MIMIG|34435383|135285508| |TF|0|0|0|0|0|0|0|0|0|0|0|0|0
S|SOVRI|34439694|135320400| |TF|0|0|0|0|0|0|0|0|0|0|0|0|0
S|SOVRI|34439694|135320400| |IF|0|0|0|0|0|0|0|0|0|0|0|0|0
S|UPRAL|34499667|135684125| |TF|0|0|0|0|0|0|0|0|0|0|0|0|0

P|SOVRI1|24L|SHTLE|0|9
S| |91000000|181000000| |VA|0|23900|0|0|0|0|1|500|0|0|0|0|0
S|B4L10|34360250|135126250| |DF|0|0|0|0|0|0|0|0|0|1|0|0|0
S|KIE|34425739|135207731| |DF|2|0|0|0|0|0|1|5000|0|0|0|0|0
S|MIMIG|34435383|135285508| |TF|0|0|0|0|0|0|0|0|0|0|0|0|0
S|SOVRI|34439694|135320400| |TF|0|0|0|0|0|0|0|0|0|0|0|0|0
S|SOVRI|34439694|135320400| |IF|0|0|0|0|0|0|0|0|0|0|0|0|0
S|UPRAL|34499667|135684125| |TF|0|0|0|0|0|0|0|0|0|0|0|0|0
S|YAGYU|34544253|135960572| |TF|0|0|0|0|0|0|0|0|0|0|0|0|0
S|SHTLE|34830819|136948289| |TF|0|0|0|0|0|0|0|0|0|0|0|0|0

P|SOVRI1|24L|UPRAL|0|7
S| |91000000|181000000| |VA|0|23900|0|0|0|0|1|500|0|0|0|0|0
S|B4L10|34360250|135126250| |DF|0|0|0|0|0|0|0|0|0|1|0|0|0
S|KIE|34425739|135207731| |DF|2|0|0|0|0|0|1|5000|0|0|0|0|0
S|MIMIG|34435383|135285508| |TF|0|0|0|0|0|0|0|0|0|0|0|0|0
S|SOVRI|34439694|135320400| |TF|0|0|0|0|0|0|0|0|0|0|0|0|0
S|SOVRI|34439694|135320400| |IF|0|0|0|0|0|0|0|0|0|0|0|0|0
S|UPRAL|34499667|135684125| |TF|0|0|0|0|0|0|0|0|0|0|0|0|0

P|SOVRI1|24R|SHTLE|0|9
S|DE24R|34428572|135206203| |DF|0|0|0|0|0|0|0|0|0|1|0|0|0
S| |91000000|181000000| |VA|0|23900|0|0|0|0|1|500|0|0|0|0|0
S|MUMSU|34448942|135242300| |DF|2|0|0|0|0|210|1|5000|0|0|0|0|0
S|MIMIG|34435383|135285508| |TF|0|0|0|0|0|0|0|0|0|0|0|0|0
S|SOVRI|34439694|135320400| |TF|0|0|0|0|0|0|0|0|0|0|0|0|0
S|SOVRI|34439694|135320400| |IF|0|0|0|0|0|0|0|0|0|0|0|0|0
S|UPRAL|34499667|135684125| |TF|0|0|0|0|0|0|0|0|0|0|0|0|0
S|YAGYU|34544253|135960572| |TF|0|0|0|0|0|0|0|0|0|0|0|0|0
S|SHTLE|34830819|136948289| |TF|0|0|0|0|0|0|0|0|0|0|0|0|0

P|SOVRI1|24R|UPRAL|0|7
S|DE24R|34428572|135206203| |DF|0|0|0|0|0|0|0|0|0|1|0|0|0
S| |91000000|181000000| |VA|0|23900|0|0|0|0|1|500|0|0|0|0|0
S|MUMSU|34448942|135242300| |DF|2|0|0|0|0|210|1|5000|0|0|0|0|0
S|MIMIG|34435383|135285508| |TF|0|0|0|0|0|0|0|0|0|0|0|0|0
S|SOVRI|34439694|135320400| |TF|0|0|0|0|0|0|0|0|0|0|0|0|0
S|SOVRI|34439694|135320400| |IF|0|0|0|0|0|0|0|0|0|0|0|0|0
S|UPRAL|34499667|135684125| |TF|0|0|0|0|0|0|0|0|0|0|0|0|0

P|SUSAN3|06L|KEC|0|6
S| |91000000|181000000| |VA|0|5900|0|0|0|0|1|500|0|0|0|0|0
S|LELUS|34410167|135052583| |DF|1|0|0|0|0|0|0|0|0|0|0|0|0
S|TOMOH|34280436|135005647| |TF|0|0|0|0|0|0|0|0|0|0|0|0|0
S|TOMOH|34280436|135005647| |IF|0|0|0|0|0|0|0|0|0|0|0|0|0
S|DOPDA|33910097|135106178| |TF|0|0|0|0|0|0|0|0|0|0|0|0|0
S|KEC|33447742|135794494| |TF|0|0|0|0|0|0|0|0|0|0|0|0|0

P|SUSAN3|06R|KEC|0|9
S| |91000000|181000000| |VA|0|5900|0|0|0|0|1|500|0|0|0|0|0
S|B6R10|34466556|135296111| |DF|0|0|0|0|0|0|0|0|0|1|0|0|0
S|B6R11|34528000|135312528| |DF|0|0|0|0|0|0|1|2500|0|0|0|0|0
S|B6R14|34555583|135208083| |TF|0|0|0|0|0|0|0|0|0|1|0|0|0
S|LELUS|34410167|135052583| |DF|0|0|0|0|0|0|0|0|0|0|0|0|0
S|TOMOH|34280436|135005647| |TF|0|0|0|0|0|0|0|0|0|0|0|0|0
S|TOMOH|34280436|135005647| |IF|0|0|0|0|0|0|0|0|0|0|0|0|0
S|DOPDA|33910097|135106178| |TF|0|0|0|0|0|0|0|0|0|0|0|0|0
S|KEC|33447742|135794494| |TF|0|0|0|0|0|0|0|0|0|0|0|0|0

P|SUSAN3|24L|KEC|0|6
S| |91000000|181000000| |VA|0|23900|0|0|0|0|1|500|0|0|0|0|0
S|B4L30|34336944|135084472| |DF|0|0|0|0|0|0|0|0|0|0|0|0|0
S|TOMOH|34280436|135005647| |TF|0|0|0|0|0|0|0|0|0|0|0|0|0
S|TOMOH|34280436|135005647| |IF|0|0|0|0|0|0|0|0|0|0|0|0|0
S|DOPDA|33910097|135106178| |TF|0|0|0|0|0|0|0|0|0|0|0|0|0
S|KEC|33447742|135794494| |TF|0|0|0|0|0|0|0|0|0|0|0|0|0

P|SUSAN3|24R|KEC|0|6
S| |91000000|181000000| |VA|0|23900|0|0|0|0|1|500|0|0|0|0|0
S|LELUS|34410167|135052583| |DF|0|0|0|0|0|0|0|0|0|0|0|0|0
S|TOMOH|34280436|135005647| |TF|0|0|0|0|0|0|0|0|0|0|0|0|0
S|TOMOH|34280436|135005647| |IF|0|0|0|0|0|0|0|0|0|0|0|0|0
S|DOPDA|33910097|135106178| |TF|0|0|0|0|0|0|0|0|0|0|0|0|0
S|KEC|33447742|135794494| |TF|0|0|0|0|0|0|0|0|0|0|0|0|0

P|TOMO2W|06L|KEC|0|6
S| |91000000|181000000| |CA|0|5900|0|0|0|0|1|520|0|0|0|0|0
S| |91000000|181000000| |VI|1|27000|0|0|0|0|0|0|0|0|0|0|0
S|TOMOH|34280436|135005647|KCE|CF|0|21500|2370|21580|1600|0|0|0|0|0|0|0|0
S|TOMOH|34280436|135005647| |IF|0|0|0|0|0|0|0|0|0|0|0|0|0
S|KCE41|34020508|134855231|KEC|CF|0|21500|5820|31440|1700|0|1|10000|0|0|0|0|0
S|KEC|33447742|135794494| |TF|0|0|0|0|0|0|0|0|0|0|0|0|0

P|TOMO2W|06L|KRE|0|6
S| |91000000|181000000| |CA|0|5900|0|0|0|0|1|520|0|0|0|0|0
S| |91000000|181000000| |VI|1|27000|0|0|0|0|0|0|0|0|0|0|0
S|TOMOH|34280436|135005647|KCE|CF|0|21500|2370|21580|1600|0|0|0|0|0|0|0|0
S|TOMOH|34280436|135005647| |IF|0|0|0|0|0|0|0|0|0|0|0|0|0
S|DIODE|33905994|134490172| |TF|0|0|0|0|0|0|1|14000|0|0|0|0|0
S|KRE|33541783|133680158| |TF|0|0|0|0|0|0|0|0|0|0|0|0|0

P|TOMO2W|06R|KEC|0|6
S| |91000000|181000000| |CA|0|5900|0|0|0|0|1|500|0|0|0|0|0
S| |91000000|181000000| |VI|1|27000|0|0|0|0|0|0|0|0|0|0|0
S|TOMOH|34280436|135005647|KCE|CF|0|21500|2370|21580|1600|0|0|0|0|0|0|0|0
S|TOMOH|34280436|135005647| |IF|0|0|0|0|0|0|0|0|0|0|0|0|0
S|KCE41|34020508|134855231|KEC|CF|0|21500|5820|31440|1700|0|1|10000|0|0|0|0|0
S|KEC|33447742|135794494| |TF|0|0|0|0|0|0|0|0|0|0|0|0|0

P|TOMO2W|06R|KRE|0|6
S| |91000000|181000000| |CA|0|5900|0|0|0|0|1|500|0|0|0|0|0
S| |91000000|181000000| |VI|1|27000|0|0|0|0|0|0|0|0|0|0|0
S|TOMOH|34280436|135005647|KCE|CF|0|21500|2370|21580|1600|0|0|0|0|0|0|0|0
S|TOMOH|34280436|135005647| |IF|0|0|0|0|0|0|0|0|0|0|0|0|0
S|DIODE|33905994|134490172| |TF|0|0|0|0|0|0|1|14000|0|0|0|0|0
S|KRE|33541783|133680158| |TF|0|0|0|0|0|0|0|0|0|0|0|0|0

P|TOMO2W|24L|KEC|0|6
S| |91000000|181000000| |CA|0|23900|0|0|0|0|1|500|0|0|0|0|0
S| |91000000|181000000| |VI|0|27000|0|0|0|0|0|0|0|0|0|0|0
S|TOMOH|34280436|135005647|KCE|CF|0|21500|2370|21580|1000|0|0|0|0|0|0|0|0
S|TOMOH|34280436|135005647| |IF|0|0|0|0|0|0|0|0|0|0|0|0|0
S|KCE41|34020508|134855231|KEC|CF|0|21500|5820|31440|1700|0|1|10000|0|0|0|0|0
S|KEC|33447742|135794494| |TF|0|0|0|0|0|0|0|0|0|0|0|0|0

P|TOMO2W|24L|KRE|0|6
S| |91000000|181000000| |CA|0|23900|0|0|0|0|1|500|0|0|0|0|0
S| |91000000|181000000| |VI|0|27000|0|0|0|0|0|0|0|0|0|0|0
S|TOMOH|34280436|135005647|KCE|CF|0|21500|2370|21580|1000|0|0|0|0|0|0|0|0
S|TOMOH|34280436|135005647| |IF|0|0|0|0|0|0|0|0|0|0|0|0|0
S|DIODE|33905994|134490172| |TF|0|0|0|0|0|0|1|14000|0|0|0|0|0
S|KRE|33541783|133680158| |TF|0|0|0|0|0|0|0|0|0|0|0|0|0

P|TOMO2W|24R|KEC|0|6
S| |91000000|181000000| |CA|0|23900|0|0|0|0|1|520|0|0|0|0|0
S| |91000000|181000000| |VI|0|27000|0|0|0|0|0|0|0|0|0|0|0
S|TOMOH|34280436|135005647|KCE|CF|0|21500|2370|21580|1000|0|0|0|0|0|0|0|0
S|TOMOH|34280436|135005647| |IF|0|0|0|0|0|0|0|0|0|0|0|0|0
S|KCE41|34020508|134855231|KEC|CF|0|21500|5820|31440|1700|0|1|10000|0|0|0|0|0
S|KEC|33447742|135794494| |TF|0|0|0|0|0|0|0|0|0|0|0|0|0

P|TOMO2W|24R|KRE|0|6
S| |91000000|181000000| |CA|0|23900|0|0|0|0|1|520|0|0|0|0|0
S| |91000000|181000000| |VI|0|27000|0|0|0|0|0|0|0|0|0|0|0
S|TOMOH|34280436|135005647|KCE|CF|0|21500|2370|21580|1000|0|0|0|0|0|0|0|0
S|TOMOH|34280436|135005647| |IF|0|0|0|0|0|0|0|0|0|0|0|0|0
S|DIODE|33905994|134490172| |TF|0|0|0|0|0|0|1|14000|0|0|0|0|0
S|KRE|33541783|133680158| |TF|0|0|0|0|0|0|0|0|0|0|0|0|0

P|TOMOH4|06L|KEC|0|6
S| |91000000|181000000| |CA|0|5900|0|0|0|0|1|520|0|0|0|0|0
S| |91000000|181000000| |VI|1|27000|0|0|0|0|0|0|0|0|0|0|0
S|TOMOH|34280436|135005647|KCE|CF|0|21500|2370|21580|1700|0|1|4000|0|0|0|0|0
S|TOMOH|34280436|135005647| |IF|0|0|0|0|0|0|0|0|0|0|0|0|0
S|KCE41|34020508|134855231| |TF|0|0|0|0|0|0|1|10000|0|0|0|0|0
S|KEC|33447742|135794494| |TF|0|0|0|0|0|0|0|0|0|0|0|0|0

P|TOMOH4|06L|KRE|0|6
S| |91000000|181000000| |CA|0|5900|0|0|0|0|1|520|0|0|0|0|0
S| |91000000|181000000| |VI|1|27000|0|0|0|0|0|0|0|0|0|0|0
S|TOMOH|34280436|135005647|KCE|CF|0|21500|2370|21580|1700|0|1|4000|0|0|0|0|0
S|TOMOH|34280436|135005647| |IF|0|0|0|0|0|0|0|0|0|0|0|0|0
S|DIODE|33905994|134490172| |TF|0|0|0|0|0|0|1|14000|0|0|0|0|0
S|KRE|33541783|133680158| |TF|0|0|0|0|0|0|0|0|0|0|0|0|0

P|TOMOH4|06R|KEC|0|9
S| |91000000|181000000| |CA|0|5900|0|0|0|0|1|520|0|0|0|0|0
S| |91000000|181000000|KIE|VD|0|5400|0|0|440|0|0|0|0|0|0|0|0
S| |91000000|181000000|KIE|CR|0|34700|0|4900|0|0|1|2500|0|0|0|0|0
S|D167G|34524997|135277614|KCE|CF|0|34700|680|16700|200|0|0|0|0|1|0|0|0
S| |91000000|181000000| |VI|0|27000|0|0|0|0|0|0|0|0|0|0|0
S|TOMOH|34280436|135005647|KCE|CF|0|21500|2370|21580|1800|0|1|4000|0|0|0|0|0
S|TOMOH|34280436|135005647| |IF|0|0|0|0|0|0|0|0|0|0|0|0|0
S|KCE41|34020508|134855231| |TF|0|0|0|0|0|0|1|10000|0|0|0|0|0
S|KEC|33447742|135794494| |TF|0|0|0|0|0|0|0|0|0|0|0|0|0

P|TOMOH4|06R|KRE|0|9
S| |91000000|181000000| |CA|0|5900|0|0|0|0|1|520|0|0|0|0|0
S| |91000000|181000000|KIE|VD|0|5400|0|0|440|0|0|0|0|0|0|0|0
S| |91000000|181000000|KIE|CR|0|34700|0|4900|0|0|1|2500|0|0|0|0|0
S|D167G|34524997|135277614|KCE|CF|0|34700|680|16700|200|0|0|0|0|1|0|0|0
S| |91000000|181000000| |VI|0|27000|0|0|0|0|0|0|0|0|0|0|0
S|TOMOH|34280436|135005647|KCE|CF|0|21500|2370|21580|1800|0|1|4000|0|0|0|0|0
S|TOMOH|34280436|135005647| |IF|0|0|0|0|0|0|0|0|0|0|0|0|0
S|DIODE|33905994|134490172| |TF|0|0|0|0|0|0|1|14000|0|0|0|0|0
S|KRE|33541783|133680158| |TF|0|0|0|0|0|0|0|0|0|0|0|0|0

P|TOMOH4|24L|KEC|0|7
S| |91000000|181000000| |CA|0|23900|0|0|0|0|1|520|0|0|0|0|0
S| |91000000|181000000|KIE|VD|0|24400|0|0|560|0|0|0|0|0|0|0|0
S| |91000000|181000000| |VI|0|27000|0|0|0|0|0|0|0|0|0|0|0
S|TOMOH|34280436|135005647|KCE|CF|0|21500|2370|21580|500|0|1|4000|0|0|0|0|0
S|TOMOH|34280436|135005647| |IF|0|0|0|0|0|0|0|0|0|0|0|0|0
S|KCE41|34020508|134855231| |TF|0|0|0|0|0|0|1|10000|0|0|0|0|0
S|KEC|33447742|135794494| |TF|0|0|0|0|0|0|0|0|0|0|0|0|0

P|TOMOH4|24L|KRE|0|7
S| |91000000|181000000| |CA|0|23900|0|0|0|0|1|520|0|0|0|0|0
S| |91000000|181000000|KIE|VD|0|24400|0|0|560|0|0|0|0|0|0|0|0
S| |91000000|181000000| |VI|0|27000|0|0|0|0|0|0|0|0|0|0|0
S|TOMOH|34280436|135005647|KCE|CF|0|21500|2370|21580|500|0|1|4000|0|0|0|0|0
S|TOMOH|34280436|135005647| |IF|0|0|0|0|0|0|0|0|0|0|0|0|0
S|DIODE|33905994|134490172| |TF|0|0|0|0|0|0|1|14000|0|0|0|0|0
S|KRE|33541783|133680158| |TF|0|0|0|0|0|0|0|0|0|0|0|0|0

P|TOMOH4|24R|KEC|0|6
S| |91000000|181000000| |CA|0|23900|0|0|0|0|1|520|0|0|0|0|0
S| |91000000|181000000| |VI|0|27000|0|0|0|0|0|0|0|0|0|0|0
S|TOMOH|34280436|135005647|KCE|CF|0|21500|2370|21580|900|0|1|4000|0|0|0|0|0
S|TOMOH|34280436|135005647| |IF|0|0|0|0|0|0|0|0|0|0|0|0|0
S|KCE41|34020508|134855231| |TF|0|0|0|0|0|0|1|10000|0|0|0|0|0
S|KEC|33447742|135794494| |TF|0|0|0|0|0|0|0|0|0|0|0|0|0

P|TOMOH4|24R|KRE|0|6
S| |91000000|181000000| |CA|0|23900|0|0|0|0|1|520|0|0|0|0|0
S| |91000000|181000000| |VI|0|27000|0|0|0|0|0|0|0|0|0|0|0
S|TOMOH|34280436|135005647|KCE|CF|0|21500|2370|21580|900|0|1|4000|0|0|0|0|0
S|TOMOH|34280436|135005647| |IF|0|0|0|0|0|0|0|0|0|0|0|0|0
S|DIODE|33905994|134490172| |TF|0|0|0|0|0|0|1|14000|0|0|0|0|0
S|KRE|33541783|133680158| |TF|0|0|0|0|0|0|0|0|0|0|0|0|0

P|UPMIN1|06L|KEC|0|7
S| |91000000|181000000| |VA|0|5900|0|0|0|0|1|500|0|0|0|0|0
S|LELUS|34410167|135052583| |DF|1|0|0|0|0|0|0|0|0|0|0|0|0
S|VEKTA|34370994|134997558| |TF|0|0|0|0|0|0|0|0|0|0|0|0|0
S|UPMIN|34237983|135009181| |TF|0|0|0|0|0|0|0|0|0|0|0|0|0
S|UPMIN|34237983|135009181| |IF|0|0|0|0|0|0|0|0|0|0|0|0|0
S|DOPDA|33910097|135106178| |TF|0|0|0|0|0|0|0|0|0|0|0|0|0
S|KEC|33447742|135794494| |TF|0|0|0|0|0|0|0|0|0|0|0|0|0

P|UPMIN1|06L|IVROG|0|6
S| |91000000|181000000| |VA|0|5900|0|0|0|0|1|500|0|0|0|0|0
S|LELUS|34410167|135052583| |DF|1|0|0|0|0|0|0|0|0|0|0|0|0
S|VEKTA|34370994|134997558| |TF|0|0|0|0|0|0|0|0|0|0|0|0|0
S|UPMIN|34237983|135009181| |TF|0|0|0|0|0|0|0|0|0|0|0|0|0
S|UPMIN|34237983|135009181| |IF|0|0|0|0|0|0|0|0|0|0|0|0|0
S|IVROG|33641131|133706661| |TF|0|0|0|0|0|0|0|0|0|0|0|0|0

P|UPMIN1|06R|KEC|0|7
S| |91000000|181000000| |VA|0|5900|0|0|0|0|1|500|0|0|0|0|0
S|LELUS|34410167|135052583| |DF|1|0|0|0|0|0|0|0|0|0|0|0|0
S|VEKTA|34370994|134997558| |TF|0|0|0|0|0|0|0|0|0|0|0|0|0
S|UPMIN|34237983|135009181| |TF|0|0|0|0|0|0|0|0|0|0|0|0|0
S|UPMIN|34237983|135009181| |IF|0|0|0|0|0|0|0|0|0|0|0|0|0
S|DOPDA|33910097|135106178| |TF|0|0|0|0|0|0|0|0|0|0|0|0|0
S|KEC|33447742|135794494| |TF|0|0|0|0|0|0|0|0|0|0|0|0|0

P|UPMIN1|06R|IVROG|0|6
S| |91000000|181000000| |VA|0|5900|0|0|0|0|1|500|0|0|0|0|0
S|LELUS|34410167|135052583| |DF|1|0|0|0|0|0|0|0|0|0|0|0|0
S|VEKTA|34370994|134997558| |TF|0|0|0|0|0|0|0|0|0|0|0|0|0
S|UPMIN|34237983|135009181| |TF|0|0|0|0|0|0|0|0|0|0|0|0|0
S|UPMIN|34237983|135009181| |IF|0|0|0|0|0|0|0|0|0|0|0|0|0
S|IVROG|33641131|133706661| |TF|0|0|0|0|0|0|0|0|0|0|0|0|0

P|UPMIN1|24L|KEC|0|7
S| |91000000|181000000| |VA|0|23900|0|0|0|0|1|500|0|0|0|0|0
S|LELUS|34410167|135052583| |DF|0|0|0|0|0|230|0|0|0|0|0|0|0
S|VEKTA|34370994|134997558| |TF|0|0|0|0|0|0|0|0|0|0|0|0|0
S|UPMIN|34237983|135009181| |TF|0|0|0|0|0|0|0|0|0|0|0|0|0
S|UPMIN|34237983|135009181| |IF|0|0|0|0|0|0|0|0|0|0|0|0|0
S|DOPDA|33910097|135106178| |TF|0|0|0|0|0|0|0|0|0|0|0|0|0
S|KEC|33447742|135794494| |TF|0|0|0|0|0|0|0|0|0|0|0|0|0

P|UPMIN1|24L|IVROG|0|6
S| |91000000|181000000| |VA|0|23900|0|0|0|0|1|500|0|0|0|0|0
S|LELUS|34410167|135052583| |DF|0|0|0|0|0|230|0|0|0|0|0|0|0
S|VEKTA|34370994|134997558| |TF|0|0|0|0|0|0|0|0|0|0|0|0|0
S|UPMIN|34237983|135009181| |TF|0|0|0|0|0|0|0|0|0|0|0|0|0
S|UPMIN|34237983|135009181| |IF|0|0|0|0|0|0|0|0|0|0|0|0|0
S|IVROG|33641131|133706661| |TF|0|0|0|0|0|0|0|0|0|0|0|0|0

P|UPMIN1|24R|KEC|0|7
S| |91000000|181000000| |VA|0|23900|0|0|0|0|1|500|0|0|0|0|0
S|LELUS|34410167|135052583| |DF|0|0|0|0|0|230|0|0|0|0|0|0|0
S|VEKTA|34370994|134997558| |TF|0|0|0|0|0|0|0|0|0|0|0|0|0
S|UPMIN|34237983|135009181| |TF|0|0|0|0|0|0|0|0|0|0|0|0|0
S|UPMIN|34237983|135009181| |IF|0|0|0|0|0|0|0|0|0|0|0|0|0
S|DOPDA|33910097|135106178| |TF|0|0|0|0|0|0|0|0|0|0|0|0|0
S|KEC|33447742|135794494| |TF|0|0|0|0|0|0|0|0|0|0|0|0|0

P|UPMIN1|24R|IVROG|0|6
S| |91000000|181000000| |VA|0|23900|0|0|0|0|1|500|0|0|0|0|0
S|LELUS|34410167|135052583| |DF|0|0|0|0|0|230|0|0|0|0|0|0|0
S|VEKTA|34370994|134997558| |TF|0|0|0|0|0|0|0|0|0|0|0|0|0
S|UPMIN|34237983|135009181| |TF|0|0|0|0|0|0|0|0|0|0|0|0|0
S|UPMIN|34237983|135009181| |IF|0|0|0|0|0|0|0|0|0|0|0|0|0
S|IVROG|33641131|133706661| |TF|0|0|0|0|0|0|0|0|0|0|0|0|0

