P|CHE5|01L|CHE|0|3
S| |91000000|181000000|CHE|CD|0|300|0|0|630|0|0|0|0|0|0|0|0
S|D330P|42756522|141733953| |DF|2|0|0|0|0|0|1|3000|0|0|0|0|0
S|CHE|42699903|141686167| |TF|0|0|0|0|0|0|0|0|0|0|0|0|0

P|CHE5|01R|CHE|0|3
S| |91000000|181000000|CHE|CD|0|300|0|0|630|0|0|0|0|0|0|0|0
S|D330P|42756522|141733953| |DF|2|0|0|0|0|0|1|3000|0|0|0|0|0
S|CHE|42699903|141686167| |TF|0|0|0|0|0|0|0|0|0|0|0|0|0

P|CHE5|19L|CHE|0|2
S| |91000000|181000000| |CA|0|18300|0|0|0|0|1|570|0|0|0|0|0
S|CHE|42699903|141686167| |DF|0|0|0|0|0|0|0|0|0|0|0|0|0

P|CHE5|19R|CHE|0|2
S| |91000000|181000000| |CA|0|18300|0|0|0|0|1|570|0|0|0|0|0
S|CHE|42699903|141686167| |DF|0|0|0|0|0|0|0|0|0|0|0|0|0

P|DALBI2|01L|DALBI|0|8
S| |91000000|181000000| |VA|0|200|0|0|0|0|1|500|0|0|0|0|0
S|CC01T|42862014|141696283| |DF|0|0|0|0|0|0|0|0|0|0|0|0|0
S|CC02T|42872108|141802681| |TF|0|0|0|0|0|0|0|0|0|0|0|0|0
S|CC03T|42805447|141814300| |TF|0|0|0|0|0|0|1|3000|0|0|0|0|0
S|KUGIE|42486914|141506672| |TF|0|0|0|0|0|0|0|0|0|0|0|0|0
S|POWAN|42335819|141134022| |TF|0|0|0|0|0|0|1|15000|0|0|0|0|0
S|ZALAR|42208422|140823489| |TF|0|0|0|0|0|0|0|0|0|0|0|0|0
S|DALBI|42080336|140514564| |TF|0|0|0|0|0|0|0|0|0|0|0|0|0

P|DALBI2|01R|DALBI|0|8
S| |91000000|181000000| |VA|0|200|0|0|0|0|1|500|0|0|0|0|0
S|CC01T|42862014|141696283| |DF|0|0|0|0|0|0|0|0|0|0|0|0|0
S|CC02T|42872108|141802681| |TF|0|0|0|0|0|0|0|0|0|0|0|0|0
S|CC03T|42805447|141814300| |TF|0|0|0|0|0|0|1|3000|0|0|0|0|0
S|KUGIE|42486914|141506672| |TF|0|0|0|0|0|0|0|0|0|0|0|0|0
S|POWAN|42335819|141134022| |TF|0|0|0|0|0|0|1|15000|0|0|0|0|0
S|ZALAR|42208422|140823489| |TF|0|0|0|0|0|0|0|0|0|0|0|0|0
S|DALBI|42080336|140514564| |TF|0|0|0|0|0|0|0|0|0|0|0|0|0

P|DALBI2|19L|DALBI|0|5
S| |91000000|181000000| |VA|0|18200|0|0|0|0|1|500|0|0|0|0|0
S|NEJIE|42576158|141729058| |DF|0|0|0|0|0|0|0|0|0|0|0|0|0
S|POWAN|42335819|141134022| |TF|0|0|0|0|0|0|1|15000|0|0|0|0|0
S|ZALAR|42208422|140823489| |TF|0|0|0|0|0|0|0|0|0|0|0|0|0
S|DALBI|42080336|140514564| |TF|0|0|0|0|0|0|0|0|0|0|0|0|0

P|DALBI2|19R|DALBI|0|5
S| |91000000|181000000| |VA|0|18200|0|0|0|0|1|500|0|0|0|0|0
S|NEJIE|42576158|141729058| |DF|0|0|0|0|0|0|0|0|0|0|0|0|0
S|POWAN|42335819|141134022| |TF|0|0|0|0|0|0|1|15000|0|0|0|0|0
S|ZALAR|42208422|140823489| |TF|0|0|0|0|0|0|0|0|0|0|0|0|0
S|DALBI|42080336|140514564| |TF|0|0|0|0|0|0|0|0|0|0|0|0|0

P|HOKUT7|01L|KURIS|0|5
S| |91000000|181000000|CHE|CD|0|300|0|0|630|0|0|0|0|0|0|0|0
S|D021O|42945361|141751114|CHE|CF|0|2100|1500|2100|900|0|1|3000|0|0|0|0|0
S|MKE28|43007897|141767747| |TF|0|0|0|0|0|0|0|0|0|0|0|0|0
S|MKE28|43007897|141767747| |IF|0|0|0|0|0|0|0|0|0|0|0|0|0
S|KURIS|43155228|141706006| |TF|0|0|0|0|0|0|1|7000|0|0|0|0|0

P|HOKUT7|01R|KURIS|0|5
S| |91000000|181000000|CHE|CD|0|300|0|0|630|0|0|0|0|0|0|0|0
S|D021O|42945361|141751114|CHE|CF|0|2100|1500|2100|900|0|1|3000|0|0|0|0|0
S|MKE28|43007897|141767747| |TF|0|0|0|0|0|0|0|0|0|0|0|0|0
S|MKE28|43007897|141767747| |IF|0|0|0|0|0|0|0|0|0|0|0|0|0
S|KURIS|43155228|141706006| |TF|0|0|0|0|0|0|1|7000|0|0|0|0|0

P|HOKUT7|19L|KURIS|0|8
S| |91000000|181000000| |CA|0|18300|0|0|0|0|1|570|0|0|0|0|0
S|D017B|42724725|141690278| |DF|0|0|0|0|0|0|0|0|0|1|0|0|0
S|D136E|42650903|141777561|CHE|CF|0|13600|500|13600|500|0|1|3000|0|1|0|0|0
S| |91000000|181000000| |VI|1|3700|0|0|0|0|0|0|0|0|0|0|0
S|D352M|42762317|141869983|MKE|CF|0|35200|1300|35210|300|0|1|5000|0|0|0|0|0
S|MKE28|43007897|141767747| |TF|0|0|0|0|0|0|0|0|0|0|0|0|0
S|MKE28|43007897|141767747| |IF|0|0|0|0|0|0|0|0|0|0|0|0|0
S|KURIS|43155228|141706006| |TF|0|0|0|0|0|0|1|7000|0|0|0|0|0

P|HOKUT7|19R|KURIS|0|8
S| |91000000|181000000| |CA|0|18300|0|0|0|0|1|570|0|0|0|0|0
S|D015B|42724831|141688853| |DF|0|0|0|0|0|0|0|0|0|1|0|0|0
S|D136E|42650903|141777561|CHE|CF|0|13600|500|13600|500|0|1|3000|0|1|0|0|0
S| |91000000|181000000| |VI|1|3700|0|0|0|0|0|0|0|0|0|0|0
S|D352M|42762317|141869983|MKE|CF|0|35200|1300|35210|300|0|1|5000|0|0|0|0|0
S|MKE28|43007897|141767747| |TF|0|0|0|0|0|0|0|0|0|0|0|0|0
S|MKE28|43007897|141767747| |IF|0|0|0|0|0|0|0|0|0|0|0|0|0
S|KURIS|43155228|141706006| |TF|0|0|0|0|0|0|1|7000|0|0|0|0|0

P|HWE8|01L|HWE|0|6
S| |91000000|181000000|CHE|CD|0|300|0|0|630|0|0|0|0|0|0|0|0
S|D330P|42756522|141733953| |DF|2|0|0|0|0|0|1|3000|0|0|0|0|0
S|CHE|42699903|141686167| |TF|0|0|0|0|0|0|0|0|0|0|0|0|0
S|CHE|42699903|141686167| |IF|0|0|0|0|0|0|0|0|0|0|0|0|0
S|D224H|42590219|141583369| |TF|0|0|0|0|0|0|1|3600|0|0|0|0|0
S|HWE|41774031|140832217| |TF|0|0|0|0|0|0|0|0|0|0|0|0|0

P|HWE8|01R|HWE|0|6
S| |91000000|181000000|CHE|CD|0|300|0|0|630|0|0|0|0|0|0|0|0
S|D330P|42756522|141733953| |DF|2|0|0|0|0|0|1|3000|0|0|0|0|0
S|CHE|42699903|141686167| |TF|0|0|0|0|0|0|0|0|0|0|0|0|0
S|CHE|42699903|141686167| |IF|0|0|0|0|0|0|0|0|0|0|0|0|0
S|D224H|42590219|141583369| |TF|0|0|0|0|0|0|1|3600|0|0|0|0|0
S|HWE|41774031|140832217| |TF|0|0|0|0|0|0|0|0|0|0|0|0|0

P|HWE8|19L|HWE|0|5
S| |91000000|181000000| |CA|0|18300|0|0|0|0|1|570|0|0|0|0|0
S|CHE|42699903|141686167| |DF|0|0|0|0|0|0|0|0|0|0|0|0|0
S|CHE|42699903|141686167| |IF|0|0|0|0|0|0|0|0|0|0|0|0|0
S|D224H|42590219|141583369| |TF|0|0|0|0|0|0|1|3600|0|0|0|0|0
S|HWE|41774031|140832217| |TF|0|0|0|0|0|0|0|0|0|0|0|0|0

P|HWE8|19R|HWE|0|5
S| |91000000|181000000| |CA|0|18300|0|0|0|0|1|570|0|0|0|0|0
S|CHE|42699903|141686167| |DF|0|0|0|0|0|0|0|0|0|0|0|0|0
S|CHE|42699903|141686167| |IF|0|0|0|0|0|0|0|0|0|0|0|0|0
S|D224H|42590219|141583369| |TF|0|0|0|0|0|0|1|3600|0|0|0|0|0
S|HWE|41774031|140832217| |TF|0|0|0|0|0|0|0|0|0|0|0|0|0

P|JUGGL2|01L|BUTOS|0|12
S| |91000000|181000000| |VA|0|200|0|0|0|0|1|500|0|0|0|0|0
S|CC01T|42862014|141696283| |DF|0|0|0|0|0|0|0|0|0|0|0|0|0
S|CC02T|42872108|141802681| |TF|0|0|0|0|0|0|0|0|0|0|0|0|0
S|CC03T|42805447|141814300| |TF|0|0|0|0|0|0|1|3000|0|0|0|0|0
S|CC04T|42651492|141804722| |TF|0|0|0|0|0|0|1|6000|0|0|0|0|0
S|CC05T|42536092|141797578| |TF|0|0|0|0|0|0|1|7000|0|0|0|0|0
S|TOBBY|41918692|141759964| |TF|0|0|0|0|0|0|0|0|0|0|0|0|0
S|TOBBY|41918692|141759964| |IF|0|0|0|0|0|0|0|0|0|0|0|0|0
S|NOHEY|41610783|141437544| |TF|0|0|0|0|0|0|1|25000|0|0|0|0|0
S|APIOS|41060928|141282606| |TF|0|0|0|0|0|0|0|0|0|0|0|0|0
S|PANSY|40003897|141320075| |TF|0|0|0|0|0|0|0|0|0|0|0|0|0
S|BUTOS|39433358|141421611| |TF|0|0|0|0|0|0|0|0|0|0|0|0|0

P|JUGGL2|01R|BUTOS|0|12
S| |91000000|181000000| |VA|0|200|0|0|0|0|1|500|0|0|0|0|0
S|CC01T|42862014|141696283| |DF|0|0|0|0|0|0|0|0|0|0|0|0|0
S|CC02T|42872108|141802681| |TF|0|0|0|0|0|0|0|0|0|0|0|0|0
S|CC03T|42805447|141814300| |TF|0|0|0|0|0|0|1|3000|0|0|0|0|0
S|CC04T|42651492|141804722| |TF|0|0|0|0|0|0|1|6000|0|0|0|0|0
S|CC05T|42536092|141797578| |TF|0|0|0|0|0|0|1|7000|0|0|0|0|0
S|TOBBY|41918692|141759964| |TF|0|0|0|0|0|0|0|0|0|0|0|0|0
S|TOBBY|41918692|141759964| |IF|0|0|0|0|0|0|0|0|0|0|0|0|0
S|NOHEY|41610783|141437544| |TF|0|0|0|0|0|0|1|25000|0|0|0|0|0
S|APIOS|41060928|141282606| |TF|0|0|0|0|0|0|0|0|0|0|0|0|0
S|PANSY|40003897|141320075| |TF|0|0|0|0|0|0|0|0|0|0|0|0|0
S|BUTOS|39433358|141421611| |TF|0|0|0|0|0|0|0|0|0|0|0|0|0

P|JUGGL2|01L|PANSY|0|11
S| |91000000|181000000| |VA|0|200|0|0|0|0|1|500|0|0|0|0|0
S|CC01T|42862014|141696283| |DF|0|0|0|0|0|0|0|0|0|0|0|0|0
S|CC02T|42872108|141802681| |TF|0|0|0|0|0|0|0|0|0|0|0|0|0
S|CC03T|42805447|141814300| |TF|0|0|0|0|0|0|1|3000|0|0|0|0|0
S|CC04T|42651492|141804722| |TF|0|0|0|0|0|0|1|6000|0|0|0|0|0
S|CC05T|42536092|141797578| |TF|0|0|0|0|0|0|1|7000|0|0|0|0|0
S|TOBBY|41918692|141759964| |TF|0|0|0|0|0|0|0|0|0|0|0|0|0
S|TOBBY|41918692|141759964| |IF|0|0|0|0|0|0|0|0|0|0|0|0|0
S|NOHEY|41610783|141437544| |TF|0|0|0|0|0|0|1|25000|0|0|0|0|0
S|APIOS|41060928|141282606| |TF|0|0|0|0|0|0|0|0|0|0|0|0|0
S|PANSY|40003897|141320075| |TF|0|0|0|0|0|0|0|0|0|0|0|0|0

P|JUGGL2|01R|PANSY|0|11
S| |91000000|181000000| |VA|0|200|0|0|0|0|1|500|0|0|0|0|0
S|CC01T|42862014|141696283| |DF|0|0|0|0|0|0|0|0|0|0|0|0|0
S|CC02T|42872108|141802681| |TF|0|0|0|0|0|0|0|0|0|0|0|0|0
S|CC03T|42805447|141814300| |TF|0|0|0|0|0|0|1|3000|0|0|0|0|0
S|CC04T|42651492|141804722| |TF|0|0|0|0|0|0|1|6000|0|0|0|0|0
S|CC05T|42536092|141797578| |TF|0|0|0|0|0|0|1|7000|0|0|0|0|0
S|TOBBY|41918692|141759964| |TF|0|0|0|0|0|0|0|0|0|0|0|0|0
S|TOBBY|41918692|141759964| |IF|0|0|0|0|0|0|0|0|0|0|0|0|0
S|NOHEY|41610783|141437544| |TF|0|0|0|0|0|0|1|25000|0|0|0|0|0
S|APIOS|41060928|141282606| |TF|0|0|0|0|0|0|0|0|0|0|0|0|0
S|PANSY|40003897|141320075| |TF|0|0|0|0|0|0|0|0|0|0|0|0|0

P|JUGGL2|19L|BUTOS|0|9
S| |91000000|181000000| |VA|0|18200|0|0|0|0|1|500|0|0|0|0|0
S|CC06T|42625778|141720372| |DF|0|0|0|0|0|0|0|0|0|0|0|0|0
S|CC07T|42251833|141741314| |TF|0|0|0|0|0|0|2|11000|0|0|0|0|0
S|TOBBY|41918692|141759964| |TF|0|0|0|0|0|0|0|0|0|0|0|0|0
S|TOBBY|41918692|141759964| |IF|0|0|0|0|0|0|0|0|0|0|0|0|0
S|NOHEY|41610783|141437544| |TF|0|0|0|0|0|0|1|25000|0|0|0|0|0
S|APIOS|41060928|141282606| |TF|0|0|0|0|0|0|0|0|0|0|0|0|0
S|PANSY|40003897|141320075| |TF|0|0|0|0|0|0|0|0|0|0|0|0|0
S|BUTOS|39433358|141421611| |TF|0|0|0|0|0|0|0|0|0|0|0|0|0

P|JUGGL2|19R|BUTOS|0|9
S| |91000000|181000000| |VA|0|18200|0|0|0|0|1|500|0|0|0|0|0
S|CC06T|42625778|141720372| |DF|0|0|0|0|0|0|0|0|0|0|0|0|0
S|CC07T|42251833|141741314| |TF|0|0|0|0|0|0|2|11000|0|0|0|0|0
S|TOBBY|41918692|141759964| |TF|0|0|0|0|0|0|0|0|0|0|0|0|0
S|TOBBY|41918692|141759964| |IF|0|0|0|0|0|0|0|0|0|0|0|0|0
S|NOHEY|41610783|141437544| |TF|0|0|0|0|0|0|1|25000|0|0|0|0|0
S|APIOS|41060928|141282606| |TF|0|0|0|0|0|0|0|0|0|0|0|0|0
S|PANSY|40003897|141320075| |TF|0|0|0|0|0|0|0|0|0|0|0|0|0
S|BUTOS|39433358|141421611| |TF|0|0|0|0|0|0|0|0|0|0|0|0|0

P|JUGGL2|19L|PANSY|0|8
S| |91000000|181000000| |VA|0|18200|0|0|0|0|1|500|0|0|0|0|0
S|CC06T|42625778|141720372| |DF|0|0|0|0|0|0|0|0|0|0|0|0|0
S|CC07T|42251833|141741314| |TF|0|0|0|0|0|0|2|11000|0|0|0|0|0
S|TOBBY|41918692|141759964| |TF|0|0|0|0|0|0|0|0|0|0|0|0|0
S|TOBBY|41918692|141759964| |IF|0|0|0|0|0|0|0|0|0|0|0|0|0
S|NOHEY|41610783|141437544| |TF|0|0|0|0|0|0|1|25000|0|0|0|0|0
S|APIOS|41060928|141282606| |TF|0|0|0|0|0|0|0|0|0|0|0|0|0
S|PANSY|40003897|141320075| |TF|0|0|0|0|0|0|0|0|0|0|0|0|0

P|JUGGL2|19R|PANSY|0|8
S| |91000000|181000000| |VA|0|18200|0|0|0|0|1|500|0|0|0|0|0
S|CC06T|42625778|141720372| |DF|0|0|0|0|0|0|0|0|0|0|0|0|0
S|CC07T|42251833|141741314| |TF|0|0|0|0|0|0|2|11000|0|0|0|0|0
S|TOBBY|41918692|141759964| |TF|0|0|0|0|0|0|0|0|0|0|0|0|0
S|TOBBY|41918692|141759964| |IF|0|0|0|0|0|0|0|0|0|0|0|0|0
S|NOHEY|41610783|141437544| |TF|0|0|0|0|0|0|1|25000|0|0|0|0|0
S|APIOS|41060928|141282606| |TF|0|0|0|0|0|0|0|0|0|0|0|0|0
S|PANSY|40003897|141320075| |TF|0|0|0|0|0|0|0|0|0|0|0|0|0

P|KURIS7|01L|KURIS|0|2
S| |91000000|181000000| |CA|0|300|0|0|0|0|1|570|0|0|0|0|0
S|KURIS|43155228|141706006|CHE|CF|0|1100|2730|1180|2200|0|0|0|0|0|0|0|0

P|KURIS7|01R|KURIS|0|2
S| |91000000|181000000| |CA|0|300|0|0|0|0|1|570|0|0|0|0|0
S|KURIS|43155228|141706006|CHE|CF|0|1100|2730|1180|2200|0|0|0|0|0|0|0|0

P|KURIS7|19L|KURIS|0|3
S| |91000000|181000000|CHE|CD|0|18300|0|0|200|0|0|0|0|0|0|0|0
S| |91000000|181000000| |VI|1|34100|0|0|0|0|0|0|0|0|0|0|0
S|KURIS|43155228|141706006|CHE|CF|0|1100|2730|1180|1800|0|0|0|0|0|0|0|0

P|KURIS7|19R|KURIS|0|3
S| |91000000|181000000|CHE|CD|0|18300|0|0|200|0|0|0|0|0|0|0|0
S| |91000000|181000000| |VI|1|34100|0|0|0|0|0|0|0|0|0|0|0
S|KURIS|43155228|141706006|CHE|CF|0|1100|2730|1180|1800|0|0|0|0|0|0|0|0

P|MKE9|01L|BUTOS|0|10
S| |91000000|181000000|CHE|CD|0|300|0|0|630|0|0|0|0|0|0|0|0
S|MKE12|42731581|141828228|MKE|CF|2|16100|1200|34100|600|0|1|3000|0|0|0|0|0
S|MKE|42555006|141955631| |TF|0|0|0|0|0|0|2|11000|0|0|0|0|0
S|MKE|42555006|141955631| |IF|0|0|0|0|0|0|2|11000|0|0|0|0|0
S|TOBBY|41918692|141759964| |TF|0|0|0|0|0|0|0|0|0|0|0|0|0
S|TOBBY|41918692|141759964| |IF|0|0|0|0|0|0|0|0|0|0|0|0|0
S|NOHEY|41610783|141437544| |TF|0|0|0|0|0|0|1|25000|0|0|0|0|0
S|APIOS|41060928|141282606| |TF|0|0|0|0|0|0|0|0|0|0|0|0|0
S|PANSY|40003897|141320075| |TF|0|0|0|0|0|0|0|0|0|0|0|0|0
S|BUTOS|39433358|141421611| |TF|0|0|0|0|0|0|0|0|0|0|0|0|0

P|MKE9|01R|BUTOS|0|10
S| |91000000|181000000|CHE|CD|0|300|0|0|630|0|0|0|0|0|0|0|0
S|MKE12|42731581|141828228|MKE|CF|2|16100|1200|34100|600|0|1|3000|0|0|0|0|0
S|MKE|42555006|141955631| |TF|0|0|0|0|0|0|2|11000|0|0|0|0|0
S|MKE|42555006|141955631| |IF|0|0|0|0|0|0|2|11000|0|0|0|0|0
S|TOBBY|41918692|141759964| |TF|0|0|0|0|0|0|0|0|0|0|0|0|0
S|TOBBY|41918692|141759964| |IF|0|0|0|0|0|0|0|0|0|0|0|0|0
S|NOHEY|41610783|141437544| |TF|0|0|0|0|0|0|1|25000|0|0|0|0|0
S|APIOS|41060928|141282606| |TF|0|0|0|0|0|0|0|0|0|0|0|0|0
S|PANSY|40003897|141320075| |TF|0|0|0|0|0|0|0|0|0|0|0|0|0
S|BUTOS|39433358|141421611| |TF|0|0|0|0|0|0|0|0|0|0|0|0|0

P|MKE9|01L|PANSY|0|9
S| |91000000|181000000|CHE|CD|0|300|0|0|630|0|0|0|0|0|0|0|0
S|MKE12|42731581|141828228|MKE|CF|2|16100|1200|34100|600|0|1|3000|0|0|0|0|0
S|MKE|42555006|141955631| |TF|0|0|0|0|0|0|2|11000|0|0|0|0|0
S|MKE|42555006|141955631| |IF|0|0|0|0|0|0|2|11000|0|0|0|0|0
S|TOBBY|41918692|141759964| |TF|0|0|0|0|0|0|0|0|0|0|0|0|0
S|TOBBY|41918692|141759964| |IF|0|0|0|0|0|0|0|0|0|0|0|0|0
S|NOHEY|41610783|141437544| |TF|0|0|0|0|0|0|1|25000|0|0|0|0|0
S|APIOS|41060928|141282606| |TF|0|0|0|0|0|0|0|0|0|0|0|0|0
S|PANSY|40003897|141320075| |TF|0|0|0|0|0|0|0|0|0|0|0|0|0

P|MKE9|01R|PANSY|0|9
S| |91000000|181000000|CHE|CD|0|300|0|0|630|0|0|0|0|0|0|0|0
S|MKE12|42731581|141828228|MKE|CF|2|16100|1200|34100|600|0|1|3000|0|0|0|0|0
S|MKE|42555006|141955631| |TF|0|0|0|0|0|0|2|11000|0|0|0|0|0
S|MKE|42555006|141955631| |IF|0|0|0|0|0|0|2|11000|0|0|0|0|0
S|TOBBY|41918692|141759964| |TF|0|0|0|0|0|0|0|0|0|0|0|0|0
S|TOBBY|41918692|141759964| |IF|0|0|0|0|0|0|0|0|0|0|0|0|0
S|NOHEY|41610783|141437544| |TF|0|0|0|0|0|0|1|25000|0|0|0|0|0
S|APIOS|41060928|141282606| |TF|0|0|0|0|0|0|0|0|0|0|0|0|0
S|PANSY|40003897|141320075| |TF|0|0|0|0|0|0|0|0|0|0|0|0|0

P|MKE9|19L|BUTOS|0|10
S| |91000000|181000000|CHE|CD|0|18300|0|0|200|0|0|0|0|0|0|0|0
S|MKE10|42664256|141785139|MKE|CF|0|14000|1000|32000|500|0|1|3000|0|0|0|0|0
S|MKE|42555006|141955631| |TF|0|0|0|0|0|0|2|11000|0|0|0|0|0
S|MKE|42555006|141955631| |IF|0|0|0|0|0|0|2|11000|0|0|0|0|0
S|TOBBY|41918692|141759964| |TF|0|0|0|0|0|0|0|0|0|0|0|0|0
S|TOBBY|41918692|141759964| |IF|0|0|0|0|0|0|0|0|0|0|0|0|0
S|NOHEY|41610783|141437544| |TF|0|0|0|0|0|0|1|25000|0|0|0|0|0
S|APIOS|41060928|141282606| |TF|0|0|0|0|0|0|0|0|0|0|0|0|0
S|PANSY|40003897|141320075| |TF|0|0|0|0|0|0|0|0|0|0|0|0|0
S|BUTOS|39433358|141421611| |TF|0|0|0|0|0|0|0|0|0|0|0|0|0

P|MKE9|19R|BUTOS|0|10
S| |91000000|181000000|CHE|CD|0|18300|0|0|200|0|0|0|0|0|0|0|0
S|MKE10|42664256|141785139|MKE|CF|0|14000|1000|32000|500|0|1|3000|0|0|0|0|0
S|MKE|42555006|141955631| |TF|0|0|0|0|0|0|2|11000|0|0|0|0|0
S|MKE|42555006|141955631| |IF|0|0|0|0|0|0|2|11000|0|0|0|0|0
S|TOBBY|41918692|141759964| |TF|0|0|0|0|0|0|0|0|0|0|0|0|0
S|TOBBY|41918692|141759964| |IF|0|0|0|0|0|0|0|0|0|0|0|0|0
S|NOHEY|41610783|141437544| |TF|0|0|0|0|0|0|1|25000|0|0|0|0|0
S|APIOS|41060928|141282606| |TF|0|0|0|0|0|0|0|0|0|0|0|0|0
S|PANSY|40003897|141320075| |TF|0|0|0|0|0|0|0|0|0|0|0|0|0
S|BUTOS|39433358|141421611| |TF|0|0|0|0|0|0|0|0|0|0|0|0|0

P|MKE9|19L|PANSY|0|9
S| |91000000|181000000|CHE|CD|0|18300|0|0|200|0|0|0|0|0|0|0|0
S|MKE10|42664256|141785139|MKE|CF|0|14000|1000|32000|500|0|1|3000|0|0|0|0|0
S|MKE|42555006|141955631| |TF|0|0|0|0|0|0|2|11000|0|0|0|0|0
S|MKE|42555006|141955631| |IF|0|0|0|0|0|0|2|11000|0|0|0|0|0
S|TOBBY|41918692|141759964| |TF|0|0|0|0|0|0|0|0|0|0|0|0|0
S|TOBBY|41918692|141759964| |IF|0|0|0|0|0|0|0|0|0|0|0|0|0
S|NOHEY|41610783|141437544| |TF|0|0|0|0|0|0|1|25000|0|0|0|0|0
S|APIOS|41060928|141282606| |TF|0|0|0|0|0|0|0|0|0|0|0|0|0
S|PANSY|40003897|141320075| |TF|0|0|0|0|0|0|0|0|0|0|0|0|0

P|MKE9|19R|PANSY|0|9
S| |91000000|181000000|CHE|CD|0|18300|0|0|200|0|0|0|0|0|0|0|0
S|MKE10|42664256|141785139|MKE|CF|0|14000|1000|32000|500|0|1|3000|0|0|0|0|0
S|MKE|42555006|141955631| |TF|0|0|0|0|0|0|2|11000|0|0|0|0|0
S|MKE|42555006|141955631| |IF|0|0|0|0|0|0|2|11000|0|0|0|0|0
S|TOBBY|41918692|141759964| |TF|0|0|0|0|0|0|0|0|0|0|0|0|0
S|TOBBY|41918692|141759964| |IF|0|0|0|0|0|0|0|0|0|0|0|0|0
S|NOHEY|41610783|141437544| |TF|0|0|0|0|0|0|1|25000|0|0|0|0|0
S|APIOS|41060928|141282606| |TF|0|0|0|0|0|0|0|0|0|0|0|0|0
S|PANSY|40003897|141320075| |TF|0|0|0|0|0|0|0|0|0|0|0|0|0

P|NAGAN5|01L|CHE|0|4
S| |91000000|181000000|CHE|CD|0|300|0|0|630|0|0|0|0|0|0|0|0
S|D021O|42945361|141751114|CHE|CF|0|2100|1500|2100|900|0|1|3000|0|1|0|0|0
S|D185J|42865981|141666414|CHE|CF|1|18500|1000|500|500|0|1|6000|0|0|0|0|0
S|CHE|42699903|141686167| |TF|0|0|0|0|0|0|1|9000|0|0|0|0|0

P|NAGAN5|01R|CHE|0|4
S| |91000000|181000000|CHE|CD|0|300|0|0|630|0|0|0|0|0|0|0|0
S|D021O|42945361|141751114|CHE|CF|0|2100|1500|2100|900|0|1|3000|0|1|0|0|0
S|D185J|42865981|141666414|CHE|CF|1|18500|1000|500|500|0|1|6000|0|0|0|0|0
S|CHE|42699903|141686167| |TF|0|0|0|0|0|0|1|9000|0|0|0|0|0

P|PATRU2|01L|KURIS|0|6
S| |91000000|181000000| |VA|0|200|0|0|0|0|1|500|0|0|0|0|0
S|CC01N|42846631|141681547| |DF|0|0|0|0|0|0|0|0|0|0|0|0|0
S|CC02N|42879936|141733503| |TF|0|0|0|0|0|0|0|0|0|0|0|0|0
S|CC03N|42945397|141750783| |TF|0|0|0|0|0|0|1|3000|0|0|0|0|0
S|CC01H|43008519|141767483| |TF|0|0|0|0|0|0|0|0|0|0|0|0|0
S|KURIS|43155228|141706006| |TF|0|0|0|0|0|0|0|0|0|0|0|0|0

P|PATRU2|01R|KURIS|0|6
S| |91000000|181000000| |VA|0|200|0|0|0|0|1|500|0|0|0|0|0
S|CC01N|42846631|141681547| |DF|0|0|0|0|0|0|0|0|0|0|0|0|0
S|CC02N|42879936|141733503| |TF|0|0|0|0|0|0|0|0|0|0|0|0|0
S|CC03N|42945397|141750783| |TF|0|0|0|0|0|0|1|3000|0|0|0|0|0
S|CC01H|43008519|141767483| |TF|0|0|0|0|0|0|0|0|0|0|0|0|0
S|KURIS|43155228|141706006| |TF|0|0|0|0|0|0|0|0|0|0|0|0|0

P|PATRU2|19L|KURIS|0|6
S| |91000000|181000000| |VA|0|18200|0|0|0|0|1|500|0|0|0|0|0
S|CC01Y|42687192|141709906| |DF|0|0|0|0|0|0|0|0|0|0|0|0|0
S|CC02Y|42650925|141777522| |TF|0|0|0|0|0|0|1|3000|0|0|0|0|0
S|CC02H|42666544|141846617| |TF|0|0|0|0|0|0|0|0|0|0|0|0|0
S|CC03H|42762211|141870019| |TF|0|0|0|0|0|0|1|5000|0|0|0|0|0
S|KURIS|43155228|141706006| |TF|0|0|0|0|0|0|0|0|0|0|0|0|0

P|PATRU2|19R|KURIS|0|6
S| |91000000|181000000| |VA|0|18200|0|0|0|0|1|500|0|0|0|0|0
S|CC01Y|42687192|141709906| |DF|0|0|0|0|0|0|0|0|0|0|0|0|0
S|CC02Y|42650925|141777522| |TF|0|0|0|0|0|0|1|3000|0|0|0|0|0
S|CC02H|42666544|141846617| |TF|0|0|0|0|0|0|0|0|0|0|0|0|0
S|CC03H|42762211|141870019| |TF|0|0|0|0|0|0|1|5000|0|0|0|0|0
S|KURIS|43155228|141706006| |TF|0|0|0|0|0|0|0|0|0|0|0|0|0

P|REZOT3|01L|DALBI|0|10
S| |91000000|181000000| |VA|0|200|0|0|0|0|1|500|0|0|0|0|0
S|CC01T|42862014|141696283| |DF|0|0|0|0|0|0|0|0|0|0|0|0|0
S|CC02T|42872108|141802681| |TF|0|0|0|0|0|0|0|0|0|0|0|0|0
S|CC03T|42805447|141814300| |TF|0|0|0|0|0|0|1|3000|0|0|0|0|0
S|CHE|42699903|141686167| |TF|0|0|0|0|0|0|0|0|0|0|0|0|0
S|REZOT|42566361|141272492| |TF|0|0|0|0|0|0|0|0|0|0|0|0|0
S|TEKKO|42501967|141075278| |TF|0|0|0|0|0|0|1|11000|0|0|0|0|0
S|TEKKO|42501967|141075278| |IF|0|0|0|0|0|0|0|0|0|0|0|0|0
S|FUNKA|42350261|140616281| |TF|0|0|0|0|0|0|0|0|0|0|0|0|0
S|DALBI|42080336|140514564| |TF|0|0|0|0|0|0|0|0|0|0|0|0|0

P|REZOT3|01R|DALBI|0|10
S| |91000000|181000000| |VA|0|200|0|0|0|0|1|500|0|0|0|0|0
S|CC01T|42862014|141696283| |DF|0|0|0|0|0|0|0|0|0|0|0|0|0
S|CC02T|42872108|141802681| |TF|0|0|0|0|0|0|0|0|0|0|0|0|0
S|CC03T|42805447|141814300| |TF|0|0|0|0|0|0|1|3000|0|0|0|0|0
S|CHE|42699903|141686167| |TF|0|0|0|0|0|0|0|0|0|0|0|0|0
S|REZOT|42566361|141272492| |TF|0|0|0|0|0|0|0|0|0|0|0|0|0
S|TEKKO|42501967|141075278| |TF|0|0|0|0|0|0|1|11000|0|0|0|0|0
S|TEKKO|42501967|141075278| |IF|0|0|0|0|0|0|0|0|0|0|0|0|0
S|FUNKA|42350261|140616281| |TF|0|0|0|0|0|0|0|0|0|0|0|0|0
S|DALBI|42080336|140514564| |TF|0|0|0|0|0|0|0|0|0|0|0|0|0

P|REZOT3|19L|DALBI|0|7
S| |91000000|181000000| |VA|0|18200|0|0|0|0|1|500|0|0|0|0|0
S|CC06T|42625778|141720372| |DF|0|0|0|0|0|0|0|0|0|0|0|0|0
S|REZOT|42566361|141272492| |TF|0|0|0|0|0|0|0|0|0|0|0|0|0
S|TEKKO|42501967|141075278| |TF|0|0|0|0|0|0|1|11000|0|0|0|0|0
S|TEKKO|42501967|141075278| |IF|0|0|0|0|0|0|0|0|0|0|0|0|0
S|FUNKA|42350261|140616281| |TF|0|0|0|0|0|0|0|0|0|0|0|0|0
S|DALBI|42080336|140514564| |TF|0|0|0|0|0|0|0|0|0|0|0|0|0

P|REZOT3|19R|DALBI|0|7
S| |91000000|181000000| |VA|0|18200|0|0|0|0|1|500|0|0|0|0|0
S|CC06T|42625778|141720372| |DF|0|0|0|0|0|0|0|0|0|0|0|0|0
S|REZOT|42566361|141272492| |TF|0|0|0|0|0|0|0|0|0|0|0|0|0
S|TEKKO|42501967|141075278| |TF|0|0|0|0|0|0|1|11000|0|0|0|0|0
S|TEKKO|42501967|141075278| |IF|0|0|0|0|0|0|0|0|0|0|0|0|0
S|FUNKA|42350261|140616281| |TF|0|0|0|0|0|0|0|0|0|0|0|0|0
S|DALBI|42080336|140514564| |TF|0|0|0|0|0|0|0|0|0|0|0|0|0

P|SAVIT3|01L|DALBI|0|10
S| |91000000|181000000|CHE|CD|0|300|0|0|630|0|0|0|0|0|0|0|0
S|D330P|42756522|141733953| |DF|2|0|0|0|0|0|1|3000|0|0|0|0|0
S|CHE|42699903|141686167| |TF|0|0|0|0|0|0|0|0|0|0|0|0|0
S|CHE|42699903|141686167| |IF|0|0|0|0|0|0|0|0|0|0|0|0|0
S|D224H|42590219|141583369| |TF|0|0|0|0|0|0|1|3600|0|0|0|0|0
S|SAVIT|42474189|141475103| |TF|0|0|0|0|0|0|0|0|0|0|0|0|0
S|SAVIT|42474189|141475103| |IF|0|0|0|0|0|0|0|0|0|0|0|0|0
S|POWAN|42335819|141134022| |TF|0|0|0|0|0|0|1|15000|0|0|0|0|0
S|ZALAR|42208422|140823489| |TF|0|0|0|0|0|0|0|0|0|0|0|0|0
S|DALBI|42080336|140514564| |TF|0|0|0|0|0|0|0|0|0|0|0|0|0

P|SAVIT3|01R|DALBI|0|10
S| |91000000|181000000|CHE|CD|0|300|0|0|630|0|0|0|0|0|0|0|0
S|D330P|42756522|141733953| |DF|2|0|0|0|0|0|1|3000|0|0|0|0|0
S|CHE|42699903|141686167| |TF|0|0|0|0|0|0|0|0|0|0|0|0|0
S|CHE|42699903|141686167| |IF|0|0|0|0|0|0|0|0|0|0|0|0|0
S|D224H|42590219|141583369| |TF|0|0|0|0|0|0|1|3600|0|0|0|0|0
S|SAVIT|42474189|141475103| |TF|0|0|0|0|0|0|0|0|0|0|0|0|0
S|SAVIT|42474189|141475103| |IF|0|0|0|0|0|0|0|0|0|0|0|0|0
S|POWAN|42335819|141134022| |TF|0|0|0|0|0|0|1|15000|0|0|0|0|0
S|ZALAR|42208422|140823489| |TF|0|0|0|0|0|0|0|0|0|0|0|0|0
S|DALBI|42080336|140514564| |TF|0|0|0|0|0|0|0|0|0|0|0|0|0

P|SAVIT3|19L|DALBI|0|9
S| |91000000|181000000| |CA|0|18300|0|0|0|0|1|570|0|0|0|0|0
S|CHE|42699903|141686167| |DF|0|0|0|0|0|0|0|0|0|0|0|0|0
S|CHE|42699903|141686167| |IF|0|0|0|0|0|0|0|0|0|0|0|0|0
S|D224H|42590219|141583369| |TF|0|0|0|0|0|0|1|3600|0|0|0|0|0
S|SAVIT|42474189|141475103| |TF|0|0|0|0|0|0|0|0|0|0|0|0|0
S|SAVIT|42474189|141475103| |IF|0|0|0|0|0|0|0|0|0|0|0|0|0
S|POWAN|42335819|141134022| |TF|0|0|0|0|0|0|1|15000|0|0|0|0|0
S|ZALAR|42208422|140823489| |TF|0|0|0|0|0|0|0|0|0|0|0|0|0
S|DALBI|42080336|140514564| |TF|0|0|0|0|0|0|0|0|0|0|0|0|0

P|SAVIT3|19R|DALBI|0|9
S| |91000000|181000000| |CA|0|18300|0|0|0|0|1|570|0|0|0|0|0
S|CHE|42699903|141686167| |DF|0|0|0|0|0|0|0|0|0|0|0|0|0
S|CHE|42699903|141686167| |IF|0|0|0|0|0|0|0|0|0|0|0|0|0
S|D224H|42590219|141583369| |TF|0|0|0|0|0|0|1|3600|0|0|0|0|0
S|SAVIT|42474189|141475103| |TF|0|0|0|0|0|0|0|0|0|0|0|0|0
S|SAVIT|42474189|141475103| |IF|0|0|0|0|0|0|0|0|0|0|0|0|0
S|POWAN|42335819|141134022| |TF|0|0|0|0|0|0|1|15000|0|0|0|0|0
S|ZALAR|42208422|140823489| |TF|0|0|0|0|0|0|0|0|0|0|0|0|0
S|DALBI|42080336|140514564| |TF|0|0|0|0|0|0|0|0|0|0|0|0|0

P|SOSHU2|01L|CHE|0|5
S| |91000000|181000000| |VA|0|200|0|0|0|0|1|500|0|0|0|0|0
S|CC01T|42862014|141696283| |DF|0|0|0|0|0|0|0|0|0|0|0|0|0
S|CC02T|42872108|141802681| |TF|0|0|0|0|0|0|0|0|0|0|0|0|0
S|CC03T|42805447|141814300| |TF|0|0|0|0|0|0|1|3000|0|0|0|0|0
S|CHE|42699903|141686167| |TF|0|0|0|0|0|0|0|0|0|0|0|0|0

P|SOSHU2|01R|CHE|0|5
S| |91000000|181000000| |VA|0|200|0|0|0|0|1|500|0|0|0|0|0
S|CC01T|42862014|141696283| |DF|0|0|0|0|0|0|0|0|0|0|0|0|0
S|CC02T|42872108|141802681| |TF|0|0|0|0|0|0|0|0|0|0|0|0|0
S|CC03T|42805447|141814300| |TF|0|0|0|0|0|0|1|3000|0|0|0|0|0
S|CHE|42699903|141686167| |TF|0|0|0|0|0|0|0|0|0|0|0|0|0

P|SOSHU2|19L|CHE|0|2
S| |91000000|181000000| |VA|0|18200|0|0|0|0|1|500|0|0|0|0|0
S|CHE|42699903|141686167| |DF|0|0|0|0|0|0|0|0|0|0|0|0|0

P|SOSHU2|19R|CHE|0|2
S| |91000000|181000000| |VA|0|18200|0|0|0|0|1|500|0|0|0|0|0
S|CHE|42699903|141686167| |DF|0|0|0|0|0|0|0|0|0|0|0|0|0

P|TEKKO2|01L|DALBI|0|8
S| |91000000|181000000|CHE|CD|0|300|0|0|630|0|0|0|0|0|0|0|0
S|D330P|42756522|141733953| |DF|2|0|0|0|0|0|1|3000|0|0|0|0|0
S|CHE|42699903|141686167| |TF|0|0|0|0|0|0|0|0|0|0|0|0|0
S|CHE|42699903|141686167| |IF|0|0|0|0|0|0|0|0|0|0|0|0|0
S|TEKKO|42501967|141075278| |TF|0|0|0|0|0|0|0|0|0|0|0|0|0
S|TEKKO|42501967|141075278| |IF|0|0|0|0|0|0|0|0|0|0|0|0|0
S|FUNKA|42350261|140616281| |TF|0|0|0|0|0|0|0|0|0|0|0|0|0
S|DALBI|42080336|140514564| |TF|0|0|0|0|0|0|0|0|0|0|0|0|0

P|TEKKO2|01R|DALBI|0|8
S| |91000000|181000000|CHE|CD|0|300|0|0|630|0|0|0|0|0|0|0|0
S|D330P|42756522|141733953| |DF|2|0|0|0|0|0|1|3000|0|0|0|0|0
S|CHE|42699903|141686167| |TF|0|0|0|0|0|0|0|0|0|0|0|0|0
S|CHE|42699903|141686167| |IF|0|0|0|0|0|0|0|0|0|0|0|0|0
S|TEKKO|42501967|141075278| |TF|0|0|0|0|0|0|0|0|0|0|0|0|0
S|TEKKO|42501967|141075278| |IF|0|0|0|0|0|0|0|0|0|0|0|0|0
S|FUNKA|42350261|140616281| |TF|0|0|0|0|0|0|0|0|0|0|0|0|0
S|DALBI|42080336|140514564| |TF|0|0|0|0|0|0|0|0|0|0|0|0|0

P|TEKKO2|19L|DALBI|0|7
S| |91000000|181000000| |CA|0|18300|0|0|0|0|1|570|0|0|0|0|0
S|CHE|42699903|141686167| |DF|0|0|0|0|0|0|0|0|0|0|0|0|0
S|CHE|42699903|141686167| |IF|0|0|0|0|0|0|0|0|0|0|0|0|0
S|TEKKO|42501967|141075278| |TF|0|0|0|0|0|0|0|0|0|0|0|0|0
S|TEKKO|42501967|141075278| |IF|0|0|0|0|0|0|0|0|0|0|0|0|0
S|FUNKA|42350261|140616281| |TF|0|0|0|0|0|0|0|0|0|0|0|0|0
S|DALBI|42080336|140514564| |TF|0|0|0|0|0|0|0|0|0|0|0|0|0

P|TEKKO2|19R|DALBI|0|7
S| |91000000|181000000| |CA|0|18300|0|0|0|0|1|570|0|0|0|0|0
S|CHE|42699903|141686167| |DF|0|0|0|0|0|0|0|0|0|0|0|0|0
S|CHE|42699903|141686167| |IF|0|0|0|0|0|0|0|0|0|0|0|0|0
S|TEKKO|42501967|141075278| |TF|0|0|0|0|0|0|0|0|0|0|0|0|0
S|TEKKO|42501967|141075278| |IF|0|0|0|0|0|0|0|0|0|0|0|0|0
S|FUNKA|42350261|140616281| |TF|0|0|0|0|0|0|0|0|0|0|0|0|0
S|DALBI|42080336|140514564| |TF|0|0|0|0|0|0|0|0|0|0|0|0|0

P|TO3BOK|01L|BOKSO|0|5
S| |91000000|181000000|CHE|CD|0|300|0|0|630|0|0|0|0|0|0|0|0
S| |91000000|181000000| |VI|2|13000|0|0|0|0|0|0|0|0|0|0|0
S|D088L|42736592|141952881|CHE|CF|0|8800|1200|8930|100|0|2|5000|0|0|0|0|0
S|D088V|42766692|142175381| |TF|0|0|0|0|0|0|3|11000|9000|0|0|0|0
S|BOKSO|42805206|142465181| |TF|0|0|0|0|0|0|0|0|0|0|0|0|0

P|TO3BOK|01R|BOKSO|0|5
S| |91000000|181000000|CHE|CD|0|300|0|0|630|0|0|0|0|0|0|0|0
S| |91000000|181000000| |VI|2|13000|0|0|0|0|0|0|0|0|0|0|0
S|D088L|42736592|141952881|CHE|CF|0|8800|1200|8930|100|0|2|5000|0|0|0|0|0
S|D088V|42766692|142175381| |TF|0|0|0|0|0|0|3|11000|9000|0|0|0|0
S|BOKSO|42805206|142465181| |TF|0|0|0|0|0|0|0|0|0|0|0|0|0

P|TO3BOK|19L|BOKSO|0|4
S| |91000000|181000000|CHE|CD|0|18300|0|0|200|0|0|0|0|0|0|0|0
S|D088L|42736592|141952881|CHE|CF|1|8800|1200|8930|1000|0|2|5000|0|0|0|0|0
S|D088V|42766692|142175381| |TF|0|0|0|0|0|0|3|11000|9000|0|0|0|0
S|BOKSO|42805206|142465181| |TF|0|0|0|0|0|0|0|0|0|0|0|0|0

P|TO3BOK|19R|BOKSO|0|4
S| |91000000|181000000|CHE|CD|0|18300|0|0|200|0|0|0|0|0|0|0|0
S|D088L|42736592|141952881|CHE|CF|1|8800|1200|8930|1000|0|2|5000|0|0|0|0|0
S|D088V|42766692|142175381| |TF|0|0|0|0|0|0|3|11000|9000|0|0|0|0
S|BOKSO|42805206|142465181| |TF|0|0|0|0|0|0|0|0|0|0|0|0|0

P|TO3RAK|01L|RAKNO|0|5
S| |91000000|181000000|CHE|CD|0|300|0|0|630|0|0|0|0|0|0|0|0
S| |91000000|181000000| |VI|2|13000|0|0|0|0|0|0|0|0|0|0|0
S|D097L|42707417|141957228|CHE|CF|0|9700|1200|9780|100|0|2|5000|0|0|0|0|0
S|D097V|42713192|142183158| |TF|0|0|0|0|0|0|3|11000|9000|0|0|0|0
S|RAKNO|42720036|142477161| |TF|0|0|0|0|0|0|0|0|0|0|0|0|0

P|TO3RAK|01R|RAKNO|0|5
S| |91000000|181000000|CHE|CD|0|300|0|0|630|0|0|0|0|0|0|0|0
S| |91000000|181000000| |VI|2|13000|0|0|0|0|0|0|0|0|0|0|0
S|D097L|42707417|141957228|CHE|CF|0|9700|1200|9780|100|0|2|5000|0|0|0|0|0
S|D097V|42713192|142183158| |TF|0|0|0|0|0|0|3|11000|9000|0|0|0|0
S|RAKNO|42720036|142477161| |TF|0|0|0|0|0|0|0|0|0|0|0|0|0

P|TO3RAK|19L|RAKNO|0|4
S| |91000000|181000000|CHE|CD|0|18300|0|0|200|0|0|0|0|0|0|0|0
S|D097L|42707417|141957228|CHE|CF|0|9700|1200|9780|1100|0|2|5000|0|0|0|0|0
S|D097V|42713192|142183158| |TF|0|0|0|0|0|0|3|11000|9000|0|0|0|0
S|RAKNO|42720036|142477161| |TF|0|0|0|0|0|0|0|0|0|0|0|0|0

P|TO3RAK|19R|RAKNO|0|4
S| |91000000|181000000|CHE|CD|0|18300|0|0|200|0|0|0|0|0|0|0|0
S|D097L|42707417|141957228|CHE|CF|0|9700|1200|9780|1100|0|2|5000|0|0|0|0|0
S|D097V|42713192|142183158| |TF|0|0|0|0|0|0|3|11000|9000|0|0|0|0
S|RAKNO|42720036|142477161| |TF|0|0|0|0|0|0|0|0|0|0|0|0|0

P|TOBBY9|01L|BUTOS|0|11
S| |91000000|181000000|CHE|CD|0|300|0|0|630|0|0|0|0|0|0|0|0
S|D330P|42756522|141733953| |DF|2|0|0|0|0|0|1|3000|0|0|0|0|0
S|CHE|42699903|141686167| |TF|0|0|0|0|0|0|0|0|0|0|0|0|0
S|D185F|42600117|141695694| |TF|0|0|0|0|0|0|1|6000|0|0|0|0|0
S|D185K|42516961|141703611| |TF|0|0|0|0|0|0|1|7000|0|0|0|0|0
S|TOBBY|41918692|141759964| |TF|0|0|0|0|0|0|0|0|0|0|0|0|0
S|TOBBY|41918692|141759964| |IF|0|0|0|0|0|0|0|0|0|0|0|0|0
S|NOHEY|41610783|141437544| |TF|0|0|0|0|0|0|1|25000|0|0|0|0|0
S|APIOS|41060928|141282606| |TF|0|0|0|0|0|0|0|0|0|0|0|0|0
S|PANSY|40003897|141320075| |TF|0|0|0|0|0|0|0|0|0|0|0|0|0
S|BUTOS|39433358|141421611| |TF|0|0|0|0|0|0|0|0|0|0|0|0|0

P|TOBBY9|01R|BUTOS|0|11
S| |91000000|181000000|CHE|CD|0|300|0|0|630|0|0|0|0|0|0|0|0
S|D330P|42756522|141733953| |DF|2|0|0|0|0|0|1|3000|0|0|0|0|0
S|CHE|42699903|141686167| |TF|0|0|0|0|0|0|0|0|0|0|0|0|0
S|D185F|42600117|141695694| |TF|0|0|0|0|0|0|1|6000|0|0|0|0|0
S|D185K|42516961|141703611| |TF|0|0|0|0|0|0|1|7000|0|0|0|0|0
S|TOBBY|41918692|141759964| |TF|0|0|0|0|0|0|0|0|0|0|0|0|0
S|TOBBY|41918692|141759964| |IF|0|0|0|0|0|0|0|0|0|0|0|0|0
S|NOHEY|41610783|141437544| |TF|0|0|0|0|0|0|1|25000|0|0|0|0|0
S|APIOS|41060928|141282606| |TF|0|0|0|0|0|0|0|0|0|0|0|0|0
S|PANSY|40003897|141320075| |TF|0|0|0|0|0|0|0|0|0|0|0|0|0
S|BUTOS|39433358|141421611| |TF|0|0|0|0|0|0|0|0|0|0|0|0|0

P|TOBBY9|01L|PANSY|0|10
S| |91000000|181000000|CHE|CD|0|300|0|0|630|0|0|0|0|0|0|0|0
S|D330P|42756522|141733953| |DF|2|0|0|0|0|0|1|3000|0|0|0|0|0
S|CHE|42699903|141686167| |TF|0|0|0|0|0|0|0|0|0|0|0|0|0
S|D185F|42600117|141695694| |TF|0|0|0|0|0|0|1|6000|0|0|0|0|0
S|D185K|42516961|141703611| |TF|0|0|0|0|0|0|1|7000|0|0|0|0|0
S|TOBBY|41918692|141759964| |TF|0|0|0|0|0|0|0|0|0|0|0|0|0
S|TOBBY|41918692|141759964| |IF|0|0|0|0|0|0|0|0|0|0|0|0|0
S|NOHEY|41610783|141437544| |TF|0|0|0|0|0|0|1|25000|0|0|0|0|0
S|APIOS|41060928|141282606| |TF|0|0|0|0|0|0|0|0|0|0|0|0|0
S|PANSY|40003897|141320075| |TF|0|0|0|0|0|0|0|0|0|0|0|0|0

P|TOBBY9|01R|PANSY|0|10
S| |91000000|181000000|CHE|CD|0|300|0|0|630|0|0|0|0|0|0|0|0
S|D330P|42756522|141733953| |DF|2|0|0|0|0|0|1|3000|0|0|0|0|0
S|CHE|42699903|141686167| |TF|0|0|0|0|0|0|0|0|0|0|0|0|0
S|D185F|42600117|141695694| |TF|0|0|0|0|0|0|1|6000|0|0|0|0|0
S|D185K|42516961|141703611| |TF|0|0|0|0|0|0|1|7000|0|0|0|0|0
S|TOBBY|41918692|141759964| |TF|0|0|0|0|0|0|0|0|0|0|0|0|0
S|TOBBY|41918692|141759964| |IF|0|0|0|0|0|0|0|0|0|0|0|0|0
S|NOHEY|41610783|141437544| |TF|0|0|0|0|0|0|1|25000|0|0|0|0|0
S|APIOS|41060928|141282606| |TF|0|0|0|0|0|0|0|0|0|0|0|0|0
S|PANSY|40003897|141320075| |TF|0|0|0|0|0|0|0|0|0|0|0|0|0

P|TOBBY9|19L|BUTOS|0|9
S| |91000000|181000000| |CA|0|18300|0|0|0|0|1|570|0|0|0|0|0
S|CHE|42699903|141686167| |DF|0|0|0|0|0|0|0|0|0|0|0|0|0
S|CHE27|42250853|141728808| |TF|0|0|0|0|0|0|2|11000|0|0|0|0|0
S|TOBBY|41918692|141759964| |TF|0|0|0|0|0|0|0|0|0|0|0|0|0
S|TOBBY|41918692|141759964| |IF|0|0|0|0|0|0|0|0|0|0|0|0|0
S|NOHEY|41610783|141437544| |TF|0|0|0|0|0|0|1|25000|0|0|0|0|0
S|APIOS|41060928|141282606| |TF|0|0|0|0|0|0|0|0|0|0|0|0|0
S|PANSY|40003897|141320075| |TF|0|0|0|0|0|0|0|0|0|0|0|0|0
S|BUTOS|39433358|141421611| |TF|0|0|0|0|0|0|0|0|0|0|0|0|0

P|TOBBY9|19R|BUTOS|0|9
S| |91000000|181000000| |CA|0|18300|0|0|0|0|1|570|0|0|0|0|0
S|CHE|42699903|141686167| |DF|0|0|0|0|0|0|0|0|0|0|0|0|0
S|CHE27|42250853|141728808| |TF|0|0|0|0|0|0|2|11000|0|0|0|0|0
S|TOBBY|41918692|141759964| |TF|0|0|0|0|0|0|0|0|0|0|0|0|0
S|TOBBY|41918692|141759964| |IF|0|0|0|0|0|0|0|0|0|0|0|0|0
S|NOHEY|41610783|141437544| |TF|0|0|0|0|0|0|1|25000|0|0|0|0|0
S|APIOS|41060928|141282606| |TF|0|0|0|0|0|0|0|0|0|0|0|0|0
S|PANSY|40003897|141320075| |TF|0|0|0|0|0|0|0|0|0|0|0|0|0
S|BUTOS|39433358|141421611| |TF|0|0|0|0|0|0|0|0|0|0|0|0|0

P|TOBBY9|19L|PANSY|0|8
S| |91000000|181000000| |CA|0|18300|0|0|0|0|1|570|0|0|0|0|0
S|CHE|42699903|141686167| |DF|0|0|0|0|0|0|0|0|0|0|0|0|0
S|CHE27|42250853|141728808| |TF|0|0|0|0|0|0|2|11000|0|0|0|0|0
S|TOBBY|41918692|141759964| |TF|0|0|0|0|0|0|0|0|0|0|0|0|0
S|TOBBY|41918692|141759964| |IF|0|0|0|0|0|0|0|0|0|0|0|0|0
S|NOHEY|41610783|141437544| |TF|0|0|0|0|0|0|1|25000|0|0|0|0|0
S|APIOS|41060928|141282606| |TF|0|0|0|0|0|0|0|0|0|0|0|0|0
S|PANSY|40003897|141320075| |TF|0|0|0|0|0|0|0|0|0|0|0|0|0

P|TOBBY9|19R|PANSY|0|8
S| |91000000|181000000| |CA|0|18300|0|0|0|0|1|570|0|0|0|0|0
S|CHE|42699903|141686167| |DF|0|0|0|0|0|0|0|0|0|0|0|0|0
S|CHE27|42250853|141728808| |TF|0|0|0|0|0|0|2|11000|0|0|0|0|0
S|TOBBY|41918692|141759964| |TF|0|0|0|0|0|0|0|0|0|0|0|0|0
S|TOBBY|41918692|141759964| |IF|0|0|0|0|0|0|0|0|0|0|0|0|0
S|NOHEY|41610783|141437544| |TF|0|0|0|0|0|0|1|25000|0|0|0|0|0
S|APIOS|41060928|141282606| |TF|0|0|0|0|0|0|0|0|0|0|0|0|0
S|PANSY|40003897|141320075| |TF|0|0|0|0|0|0|0|0|0|0|0|0|0

P|YOSAN2|19L|BUTOS|0|11
S| |91000000|181000000| |VA|0|18200|0|0|0|0|1|500|0|0|0|0|0
S|CC06T|42625778|141720372| |DF|0|0|0|0|0|0|0|0|0|0|0|0|0
S|YASKN|42534681|141531481| |TF|0|0|0|0|0|0|0|0|0|0|0|0|0
S|MISTA|42379114|141386764| |TF|0|0|0|0|0|0|0|0|0|0|0|0|0
S|YOSAN|42214042|141521300| |TF|0|0|0|0|0|0|0|0|0|0|0|0|0
S|TOBBY|41918692|141759964| |TF|0|0|0|0|0|0|0|0|0|0|0|0|0
S|TOBBY|41918692|141759964| |IF|0|0|0|0|0|0|0|0|0|0|0|0|0
S|NOHEY|41610783|141437544| |TF|0|0|0|0|0|0|1|25000|0|0|0|0|0
S|APIOS|41060928|141282606| |TF|0|0|0|0|0|0|0|0|0|0|0|0|0
S|PANSY|40003897|141320075| |TF|0|0|0|0|0|0|0|0|0|0|0|0|0
S|BUTOS|39433358|141421611| |TF|0|0|0|0|0|0|0|0|0|0|0|0|0

P|YOSAN2|19R|BUTOS|0|11
S| |91000000|181000000| |VA|0|18200|0|0|0|0|1|500|0|0|0|0|0
S|CC06T|42625778|141720372| |DF|0|0|0|0|0|0|0|0|0|0|0|0|0
S|YASKN|42534681|141531481| |TF|0|0|0|0|0|0|0|0|0|0|0|0|0
S|MISTA|42379114|141386764| |TF|0|0|0|0|0|0|0|0|0|0|0|0|0
S|YOSAN|42214042|141521300| |TF|0|0|0|0|0|0|0|0|0|0|0|0|0
S|TOBBY|41918692|141759964| |TF|0|0|0|0|0|0|0|0|0|0|0|0|0
S|TOBBY|41918692|141759964| |IF|0|0|0|0|0|0|0|0|0|0|0|0|0
S|NOHEY|41610783|141437544| |TF|0|0|0|0|0|0|1|25000|0|0|0|0|0
S|APIOS|41060928|141282606| |TF|0|0|0|0|0|0|0|0|0|0|0|0|0
S|PANSY|40003897|141320075| |TF|0|0|0|0|0|0|0|0|0|0|0|0|0
S|BUTOS|39433358|141421611| |TF|0|0|0|0|0|0|0|0|0|0|0|0|0

P|YOSAN2|19L|PANSY|0|10
S| |91000000|181000000| |VA|0|18200|0|0|0|0|1|500|0|0|0|0|0
S|CC06T|42625778|141720372| |DF|0|0|0|0|0|0|0|0|0|0|0|0|0
S|YASKN|42534681|141531481| |TF|0|0|0|0|0|0|0|0|0|0|0|0|0
S|MISTA|42379114|141386764| |TF|0|0|0|0|0|0|0|0|0|0|0|0|0
S|YOSAN|42214042|141521300| |TF|0|0|0|0|0|0|0|0|0|0|0|0|0
S|TOBBY|41918692|141759964| |TF|0|0|0|0|0|0|0|0|0|0|0|0|0
S|TOBBY|41918692|141759964| |IF|0|0|0|0|0|0|0|0|0|0|0|0|0
S|NOHEY|41610783|141437544| |TF|0|0|0|0|0|0|1|25000|0|0|0|0|0
S|APIOS|41060928|141282606| |TF|0|0|0|0|0|0|0|0|0|0|0|0|0
S|PANSY|40003897|141320075| |TF|0|0|0|0|0|0|0|0|0|0|0|0|0

P|YOSAN2|19R|PANSY|0|10
S| |91000000|181000000| |VA|0|18200|0|0|0|0|1|500|0|0|0|0|0
S|CC06T|42625778|141720372| |DF|0|0|0|0|0|0|0|0|0|0|0|0|0
S|YASKN|42534681|141531481| |TF|0|0|0|0|0|0|0|0|0|0|0|0|0
S|MISTA|42379114|141386764| |TF|0|0|0|0|0|0|0|0|0|0|0|0|0
S|YOSAN|42214042|141521300| |TF|0|0|0|0|0|0|0|0|0|0|0|0|0
S|TOBBY|41918692|141759964| |TF|0|0|0|0|0|0|0|0|0|0|0|0|0
S|TOBBY|41918692|141759964| |IF|0|0|0|0|0|0|0|0|0|0|0|0|0
S|NOHEY|41610783|141437544| |TF|0|0|0|0|0|0|1|25000|0|0|0|0|0
S|APIOS|41060928|141282606| |TF|0|0|0|0|0|0|0|0|0|0|0|0|0
S|PANSY|40003897|141320075| |TF|0|0|0|0|0|0|0|0|0|0|0|0|0

P|YUFUT5|19L|BUTOS|0|12
S| |91000000|181000000| |CA|0|18300|0|0|0|0|1|570|0|0|0|0|0
S|D017B|42724725|141690278| |DF|0|0|0|0|0|0|0|0|0|1|0|0|0
S|D136E|42650903|141777561|CHE|CF|0|13600|500|13600|500|0|1|3000|0|0|0|0|0
S|MKE|42555006|141955631| |TF|0|0|0|0|0|0|0|0|0|0|0|0|0
S|MKE|42555006|141955631| |IF|0|0|0|0|0|0|0|0|0|0|0|0|0
S|D202G|42441256|141920353| |TF|0|0|0|0|0|0|2|8000|0|0|0|0|0
S|TOBBY|41918692|141759964| |TF|0|0|0|0|0|0|0|0|0|0|0|0|0
S|TOBBY|41918692|141759964| |IF|0|0|0|0|0|0|0|0|0|0|0|0|0
S|NOHEY|41610783|141437544| |TF|0|0|0|0|0|0|1|25000|0|0|0|0|0
S|APIOS|41060928|141282606| |TF|0|0|0|0|0|0|0|0|0|0|0|0|0
S|PANSY|40003897|141320075| |TF|0|0|0|0|0|0|0|0|0|0|0|0|0
S|BUTOS|39433358|141421611| |TF|0|0|0|0|0|0|0|0|0|0|0|0|0

P|YUFUT5|19L|PANSY|0|11
S| |91000000|181000000| |CA|0|18300|0|0|0|0|1|570|0|0|0|0|0
S|D017B|42724725|141690278| |DF|0|0|0|0|0|0|0|0|0|1|0|0|0
S|D136E|42650903|141777561|CHE|CF|0|13600|500|13600|500|0|1|3000|0|0|0|0|0
S|MKE|42555006|141955631| |TF|0|0|0|0|0|0|0|0|0|0|0|0|0
S|MKE|42555006|141955631| |IF|0|0|0|0|0|0|0|0|0|0|0|0|0
S|D202G|42441256|141920353| |TF|0|0|0|0|0|0|2|8000|0|0|0|0|0
S|TOBBY|41918692|141759964| |TF|0|0|0|0|0|0|0|0|0|0|0|0|0
S|TOBBY|41918692|141759964| |IF|0|0|0|0|0|0|0|0|0|0|0|0|0
S|NOHEY|41610783|141437544| |TF|0|0|0|0|0|0|1|25000|0|0|0|0|0
S|APIOS|41060928|141282606| |TF|0|0|0|0|0|0|0|0|0|0|0|0|0
S|PANSY|40003897|141320075| |TF|0|0|0|0|0|0|0|0|0|0|0|0|0

P|YUFUT5|19R|BUTOS|0|12
S| |91000000|181000000| |CA|0|18300|0|0|0|0|1|570|0|0|0|0|0
S|D015B|42724831|141688853| |DF|0|0|0|0|0|0|0|0|0|1|0|0|0
S|D136E|42650903|141777561|CHE|CF|0|13600|500|13600|500|0|1|3000|0|0|0|0|0
S|MKE|42555006|141955631| |TF|0|0|0|0|0|0|0|0|0|0|0|0|0
S|MKE|42555006|141955631| |IF|0|0|0|0|0|0|0|0|0|0|0|0|0
S|D202G|42441256|141920353| |TF|0|0|0|0|0|0|2|8000|0|0|0|0|0
S|TOBBY|41918692|141759964| |TF|0|0|0|0|0|0|0|0|0|0|0|0|0
S|TOBBY|41918692|141759964| |IF|0|0|0|0|0|0|0|0|0|0|0|0|0
S|NOHEY|41610783|141437544| |TF|0|0|0|0|0|0|1|25000|0|0|0|0|0
S|APIOS|41060928|141282606| |TF|0|0|0|0|0|0|0|0|0|0|0|0|0
S|PANSY|40003897|141320075| |TF|0|0|0|0|0|0|0|0|0|0|0|0|0
S|BUTOS|39433358|141421611| |TF|0|0|0|0|0|0|0|0|0|0|0|0|0

P|YUFUT5|19R|PANSY|0|11
S| |91000000|181000000| |CA|0|18300|0|0|0|0|1|570|0|0|0|0|0
S|D015B|42724831|141688853| |DF|0|0|0|0|0|0|0|0|0|1|0|0|0
S|D136E|42650903|141777561|CHE|CF|0|13600|500|13600|500|0|1|3000|0|0|0|0|0
S|MKE|42555006|141955631| |TF|0|0|0|0|0|0|0|0|0|0|0|0|0
S|MKE|42555006|141955631| |IF|0|0|0|0|0|0|0|0|0|0|0|0|0
S|D202G|42441256|141920353| |TF|0|0|0|0|0|0|2|8000|0|0|0|0|0
S|TOBBY|41918692|141759964| |TF|0|0|0|0|0|0|0|0|0|0|0|0|0
S|TOBBY|41918692|141759964| |IF|0|0|0|0|0|0|0|0|0|0|0|0|0
S|NOHEY|41610783|141437544| |TF|0|0|0|0|0|0|1|25000|0|0|0|0|0
S|APIOS|41060928|141282606| |TF|0|0|0|0|0|0|0|0|0|0|0|0|0
S|PANSY|40003897|141320075| |TF|0|0|0|0|0|0|0|0|0|0|0|0|0

