P|ENTOD1|17|ENTOD|0|3
S| |91000000|181000000| |VA|0|16800|0|0|0|0|1|700|0|0|0|0|0
S|MULNA|42881017|144276664| |DF|0|0|0|0|0|0|0|0|0|0|0|0|0
S|ENTOD|42530614|144348428| |TF|0|0|0|0|0|0|1|10000|0|0|0|0|0

P|ENTOD1|35|ENTOD|0|4
S| |91000000|181000000| |VA|0|34800|0|0|0|0|1|900|0|0|0|0|0
S|TASAB|43004342|144085642| |DF|1|0|0|0|0|0|0|0|0|0|0|0|0
S|MUBLA|42914692|144132728| |TF|0|0|0|0|0|0|1|4600|0|0|0|0|0
S|ENTOD|42530614|144348428| |TF|0|0|0|0|0|0|1|10000|0|0|0|0|0

P|HIDAK1|17|OBE|0|2
S| |91000000|181000000| |VA|0|16800|0|0|0|0|1|700|0|0|0|0|0
S|OBE|42733964|143220453| |DF|0|0|0|0|0|0|1|9000|0|0|0|0|0

P|HIDAK1|35|OBE|0|2
S| |91000000|181000000| |VA|0|34800|0|0|0|0|1|800|0|0|0|0|0
S|OBE|42733964|143220453| |DF|1|0|0|0|0|0|1|9000|0|0|0|0|0

P|RUGMO1|17|RUGMO|0|2
S| |91000000|181000000| |VA|0|16800|0|0|0|0|1|700|0|0|0|0|0
S|RUGMO|43076011|143496969| |DF|2|0|0|0|0|0|1|6000|0|0|0|0|0

P|RUGMO1|35|RUGMO|0|2
S| |91000000|181000000| |VA|0|34800|0|0|0|0|1|800|0|0|0|0|0
S|RUGMO|43076011|143496969| |DF|0|0|0|0|0|0|1|6000|0|0|0|0|0

P|TANCH1|17|YUDOH|0|2
S| |91000000|181000000| |VA|0|16800|0|0|0|0|1|700|0|0|0|0|0
S|YUDOH|42501492|143746261| |DF|0|0|0|0|0|0|1|10000|0|0|0|0|0

P|TANCH1|35|YUDOH|0|2
S| |91000000|181000000| |VA|0|34800|0|0|0|0|1|800|0|0|0|0|0
S|YUDOH|42501492|143746261| |DF|1|0|0|0|0|0|1|10000|0|0|0|0|0

P|TCE5R|17|TCE|0|4
S|DER17|43030467|144198494| |DF|0|0|0|0|0|0|0|0|0|1|0|0|0
S| |91000000|181000000| |CA|0|16800|0|0|0|0|1|1000|0|0|0|0|0
S|TCE|43036050|144200756|TCE|FA|0|20000|0|0|0|0|1|3000|0|0|0|0|0
S|TCE|43036050|144200756| |DF|1|0|0|0|0|0|1|5000|0|0|0|0|0

P|TCE5R|35|TCE|0|5
S|DER35|43051472|144187478| |DF|0|0|0|0|0|0|0|0|0|1|0|0|0
S| |91000000|181000000| |CA|0|34800|0|0|0|0|1|1000|0|0|0|0|0
S| |91000000|181000000| |VI|1|15500|0|0|0|0|0|0|0|0|0|0|0
S|TCE|43036050|144200756|TCE|FA|0|20000|0|0|0|0|1|3000|0|0|0|0|0
S|TCE|43036050|144200756| |DF|1|0|0|0|0|0|1|5000|0|0|0|0|0

