P|AKNAG1|02|AKNAG|0|3
S| |91000000|181000000| |VA|0|1700|0|0|0|0|1|600|0|0|0|0|0
S|DB200|33703222|129851222| |DF|2|0|0|0|0|0|0|0|0|0|0|0|0
S|AKNAG|33338047|129845783| |TF|0|0|0|0|0|0|1|7000|0|0|0|0|0

P|AKNAG1|20|AKNAG|0|2
S| |91000000|181000000| |VA|0|19700|0|0|0|0|1|600|0|0|0|0|0
S|AKNAG|33338047|129845783| |DF|0|0|0|0|0|0|1|7000|0|0|0|0|0

P|DGC5|02|DGC|0|3
S| |91000000|181000000| |CA|0|1600|0|0|0|0|1|600|0|0|0|0|0
S| |91000000|181000000| |VI|2|15100|0|0|0|0|0|0|0|0|0|0|0
S|DGC|33676208|130389628|DGC|CF|0|10600|0|0|2600|0|0|0|0|0|0|0|0

P|DGC5|20|DGC|0|3
S| |91000000|181000000| |CA|0|19600|0|0|0|0|1|550|0|0|0|0|0
S| |91000000|181000000| |VI|1|6100|0|0|0|0|0|0|0|0|0|0|0
S|DGC|33676208|130389628|DGC|CF|0|10600|0|0|2600|0|0|0|0|0|0|0|0

P|IKE3R|02|IKE|0|2
S| |91000000|181000000| |CA|0|1600|0|0|0|0|1|1600|0|0|0|0|0
S|IKE|33747511|129776853| |DF|2|0|0|0|0|0|1|4000|0|0|0|0|0

P|IKE3R|20|IKE|0|2
S| |91000000|181000000| |CA|0|19600|0|0|0|0|1|1500|0|0|0|0|0
S|IKE|33747511|129776853| |DF|2|0|0|0|0|0|1|4000|0|0|0|0|0

