P|LUBEK1|14|LUBEK|0|2
S| |91000000|181000000| |VA|0|14100|0|0|0|0|1|1400|0|0|0|0|0
S|LUBEK|44019103|142973006| |DF|2|0|0|0|0|0|1|8000|0|0|0|0|0

P|LUBEK1|32|LUBEK|0|4
S| |91000000|181000000| |VA|0|32100|0|0|0|0|1|500|0|0|0|0|0
S|EB210|44330861|143530306| |DF|2|0|0|0|0|0|0|0|0|0|0|0|0
S|EB211|44219917|143498167| |TF|0|0|0|0|0|0|0|0|0|0|0|0|0
S|LUBEK|44019103|142973006| |TF|0|0|0|0|0|0|1|8000|0|0|0|0|0

P|MVE5R|14|LUBEK|0|5
S| |91000000|181000000| |CA|0|14100|0|0|0|0|1|600|0|0|0|0|0
S| |91000000|181000000| |VA|1|5000|0|0|0|0|1|2500|0|0|0|0|0
S|MVE|44305267|143395092| |DF|1|0|0|0|0|0|1|4000|0|0|0|0|0
S|MVE|44305267|143395092| |IF|0|0|0|0|0|0|1|4000|0|0|0|0|0
S|LUBEK|44019103|142973006| |TF|0|0|0|0|0|0|1|8000|0|0|0|0|0

P|MVE5R|32|LUBEK|0|5
S| |91000000|181000000| |CA|0|32100|0|0|0|0|1|500|0|0|0|0|0
S| |91000000|181000000| |VA|0|5000|0|0|0|0|1|2500|0|0|0|0|0
S|MVE|44305267|143395092| |DF|2|0|0|0|0|0|1|4000|0|0|0|0|0
S|MVE|44305267|143395092| |IF|0|0|0|0|0|0|1|4000|0|0|0|0|0
S|LUBEK|44019103|142973006| |TF|0|0|0|0|0|0|1|8000|0|0|0|0|0

