P|AWE5R|16|AWE|0|4
S| |91000000|181000000| |CA|0|16400|0|0|0|0|1|1600|0|0|0|0|0
S| |91000000|181000000| |VI|1|32000|0|0|0|0|0|0|0|0|0|0|0
S|D005I|43808600|142443197|AWE|CF|0|500|850|500|400|0|0|0|0|1|0|0|0
S|AWE|43667264|142456847| |DF|2|0|0|0|0|0|1|5000|0|0|0|0|0

P|AWE5R|34|AWE|0|5
S| |91000000|181000000| |CA|0|34400|0|0|0|0|1|1190|0|0|0|0|0
S|AWE02|43699772|142428844|AWE|CF|0|33700|230|33700|160|0|0|0|0|0|0|0|0
S| |91000000|181000000| |VI|0|3500|0|0|0|0|0|0|0|0|0|0|0
S|D005I|43808600|142443197|AWE|CF|0|500|850|500|300|0|0|0|0|1|0|0|0
S|AWE|43667264|142456847| |DF|2|0|0|0|0|0|1|5000|0|0|0|0|0

P|KAGRA4|16|KAGRA|0|5
S|DER16|43660589|142454331|AWE|CF|0|16400|40|20430|140|0|0|0|0|1|0|0|0
S| |91000000|181000000| |CA|0|16400|0|0|0|0|1|1600|0|0|0|0|0
S|AWE|43667264|142456847| |DF|1|0|0|0|0|0|1|4000|0|0|0|0|0
S|AWE|43667264|142456847| |IF|0|0|0|0|0|0|1|4000|0|0|0|0|0
S|KAGRA|43672972|142330367| |TF|0|0|0|0|0|0|1|5000|0|0|0|0|0

P|KAGRA4|34|KAGRA|0|5
S| |91000000|181000000| |CA|0|34400|0|0|0|0|1|1190|0|0|0|0|0
S|AWE02|43699772|142428844|AWE|CF|0|33700|230|33700|160|0|0|0|0|1|0|0|0
S|AWE|43667264|142456847| |DF|2|0|0|0|0|0|1|4000|0|0|0|0|0
S|AWE|43667264|142456847| |IF|0|0|0|0|0|0|1|4000|0|0|0|0|0
S|KAGRA|43672972|142330367| |TF|0|0|0|0|0|0|1|5000|0|0|0|0|0

