P|AONAE1|13|ESASI|0|3
S| |91000000|181000000| |VA|0|13000|0|0|0|0|1|600|0|0|0|0|0
S|AONAE|42006328|139746011| |DF|0|0|0|0|0|0|0|0|0|0|0|0|0
S|ESASI|41913411|140190125| |TF|0|0|0|0|0|0|0|0|0|0|0|0|0

P|AONAE1|31|ESASI|0|4
S| |91000000|181000000| |VA|0|31000|0|0|0|0|1|600|0|0|0|0|0
S|EO100|41981750|139365167| |DF|1|0|0|0|0|0|0|0|0|0|0|0|0
S|AONAE|42006328|139746011| |TF|0|0|0|0|0|0|0|0|0|0|0|0|0
S|ESASI|41913411|140190125| |TF|0|0|0|0|0|0|0|0|0|0|0|0|0

P|ESASI2|13|ESASI|0|2
S| |91000000|181000000| |CA|0|12900|0|0|0|0|1|670|0|0|0|0|0
S|ESASI|41913411|140190125|ORE|CF|0|11500|3470|11550|3500|0|0|0|0|0|0|0|0

P|ESASI2|31|ESASI|0|3
S| |91000000|181000000| |VA|0|30900|0|0|0|0|1|1500|0|0|0|0|0
S| |91000000|181000000| |VI|1|8500|0|0|0|0|0|0|0|0|0|0|0
S|ESASI|41913411|140190125|ORE|CF|0|11500|3470|11550|3100|0|0|0|0|0|0|0|0

P|UKIBI1|13|UKIBI|0|2
S| |91000000|181000000| |VA|0|13000|0|0|0|0|1|800|0|0|0|0|0
S|UKIBI|42152386|139898147| |DF|0|0|0|0|0|0|1|7000|0|0|0|0|0

P|UKIBI1|31|UKIBI|0|3
S| |91000000|181000000| |VA|0|31000|0|0|0|0|1|600|0|0|0|0|0
S|EO101|42016250|139502806| |DF|1|0|0|0|0|0|0|0|0|0|0|0|0
S|UKIBI|42152386|139898147| |TF|0|0|0|0|0|0|1|7000|0|0|0|0|0

