P|HIME3R|07|KANMO|0|5
S| |91000000|181000000| |CA|0|7800|0|0|0|0|1|530|0|0|0|0|0
S|D092Q|33717436|131373639|TQT|CF|0|9200|1700|9200|1700|0|0|0|0|0|0|0|0
S|TQT|33688228|131035825|TQT|CF|2|27200|0|0|1700|0|0|0|0|0|0|0|0
S|TQT|33688228|131035825| |IF|0|0|0|0|0|0|0|0|0|0|0|0|0
S|KANMO|33825222|130986228| |TF|0|0|0|0|0|0|0|0|0|0|0|0|0

P|HIME3R|07|MIT|0|6
S| |91000000|181000000| |CA|0|7800|0|0|0|0|1|530|0|0|0|0|0
S|D092Q|33717436|131373639|TQT|CF|0|9200|1700|9200|1700|0|0|0|0|0|0|0|0
S|TQT|33688228|131035825|TQT|CF|2|27200|0|0|1700|0|0|0|0|0|0|0|0
S|TQT|33688228|131035825| |IF|0|0|0|0|0|0|0|0|0|0|0|0|0
S|MINNE|34193797|131240644| |TF|0|0|0|0|0|0|0|0|0|0|0|0|0
S|MIT|34771667|131138056| |TF|0|0|0|0|0|0|0|0|0|0|0|0|0

P|HIME3R|07|OGORI|0|6
S| |91000000|181000000| |CA|0|7800|0|0|0|0|1|530|0|0|0|0|0
S|D092Q|33717436|131373639|TQT|CF|0|9200|1700|9200|1700|0|0|0|0|0|0|0|0
S|TQT|33688228|131035825|TQT|CF|2|27200|0|0|1700|0|0|0|0|0|0|0|0
S|TQT|33688228|131035825| |IF|0|0|0|0|0|0|0|0|0|0|0|0|0
S|D239O|33531247|130802572| |TF|0|0|0|0|0|0|1|7000|0|0|0|0|0
S|OGORI|33277767|130429067| |TF|0|0|0|0|0|0|0|0|0|0|0|0|0

P|HIME3R|25|KANMO|0|6
S| |91000000|181000000| |CA|0|25800|0|0|0|0|1|530|0|0|0|0|0
S| |91000000|181000000| |VI|1|6200|0|0|0|0|0|0|0|0|0|0|0
S|D092Q|33717436|131373639|TQT|CF|0|9200|1700|9200|1000|0|0|0|0|0|0|0|0
S|TQT|33688228|131035825|TQT|CF|2|27200|0|0|1700|0|0|0|0|0|0|0|0
S|TQT|33688228|131035825| |IF|0|0|0|0|0|0|0|0|0|0|0|0|0
S|KANMO|33825222|130986228| |TF|0|0|0|0|0|0|0|0|0|0|0|0|0

P|HIME3R|25|MIT|0|7
S| |91000000|181000000| |CA|0|25800|0|0|0|0|1|530|0|0|0|0|0
S| |91000000|181000000| |VI|1|6200|0|0|0|0|0|0|0|0|0|0|0
S|D092Q|33717436|131373639|TQT|CF|0|9200|1700|9200|1000|0|0|0|0|0|0|0|0
S|TQT|33688228|131035825|TQT|CF|2|27200|0|0|1700|0|0|0|0|0|0|0|0
S|TQT|33688228|131035825| |IF|0|0|0|0|0|0|0|0|0|0|0|0|0
S|MINNE|34193797|131240644| |TF|0|0|0|0|0|0|0|0|0|0|0|0|0
S|MIT|34771667|131138056| |TF|0|0|0|0|0|0|0|0|0|0|0|0|0

P|HIME3R|25|OGORI|0|7
S| |91000000|181000000| |CA|0|25800|0|0|0|0|1|530|0|0|0|0|0
S| |91000000|181000000| |VI|1|6200|0|0|0|0|0|0|0|0|0|0|0
S|D092Q|33717436|131373639|TQT|CF|0|9200|1700|9200|1000|0|0|0|0|0|0|0|0
S|TQT|33688228|131035825|TQT|CF|2|27200|0|0|1700|0|0|0|0|0|0|0|0
S|TQT|33688228|131035825| |IF|0|0|0|0|0|0|0|0|0|0|0|0|0
S|D239O|33531247|130802572| |TF|0|0|0|0|0|0|1|7000|0|0|0|0|0
S|OGORI|33277767|130429067| |TF|0|0|0|0|0|0|0|0|0|0|0|0|0

P|HIMES4|07|TFE|0|4
S| |91000000|181000000| |CA|0|7800|0|0|0|0|1|530|0|0|0|0|0
S|HIMEH|33737469|131614233|TQT|CF|0|9200|2910|9200|2900|0|0|0|0|0|0|0|0
S|HIMEH|33737469|131614233| |IF|0|0|0|0|0|0|0|0|0|0|0|0|0
S|TFE|33489714|131728756| |TF|0|0|0|0|0|0|0|0|0|0|0|0|0

P|HIMES4|25|TFE|0|5
S| |91000000|181000000| |CA|0|25800|0|0|0|0|1|530|0|0|0|0|0
S| |91000000|181000000| |VI|1|6200|0|0|0|0|0|0|0|0|0|0|0
S|HIMEH|33737469|131614233|TQT|CF|0|9200|2910|9200|2100|0|0|0|0|0|0|0|0
S|HIMEH|33737469|131614233| |IF|0|0|0|0|0|0|0|0|0|0|0|0|0
S|TFE|33489714|131728756| |TF|0|0|0|0|0|0|0|0|0|0|0|0|0

P|IWT6|07|IWT|0|6
S| |91000000|181000000| |CA|0|7800|0|0|0|0|1|530|0|0|0|0|0
S| |91000000|181000000| |VI|2|18000|0|0|0|0|0|0|0|0|0|0|0
S|D150O|33490719|131219864|TQT|CF|0|15000|1500|15000|1000|0|0|0|0|1|0|0|0
S|D150O|33490719|131219864| |IF|0|0|0|0|0|0|0|0|0|0|0|0|0
S|HIMEH|33737469|131614233|TQT|CF|1|6000|2910|9200|2500|0|0|0|0|0|0|0|0
S|IWT|34079900|132147308| |TF|0|0|0|0|0|0|0|0|0|0|0|0|0

P|IWT6|25|IWT|0|6
S| |91000000|181000000| |CA|0|25800|0|0|0|0|1|530|0|0|0|0|0
S| |91000000|181000000| |VI|1|12000|0|0|0|0|0|0|0|0|0|0|0
S|D150O|33490719|131219864|TQT|CF|0|15000|1500|15000|800|0|0|0|0|1|0|0|0
S|D150O|33490719|131219864| |IF|0|0|0|0|0|0|0|0|0|0|0|0|0
S|HIMEH|33737469|131614233|TQT|CF|1|6000|2910|9200|2500|0|0|0|0|0|0|0|0
S|IWT|34079900|132147308| |TF|0|0|0|0|0|0|0|0|0|0|0|0|0

P|MIT5|07|MIT|0|9
S| |91000000|181000000| |CA|0|7800|0|0|0|0|1|530|0|0|0|0|0
S| |91000000|181000000| |VI|2|18000|0|0|0|0|0|0|0|0|0|0|0
S|D150O|33490719|131219864|TQT|CF|0|15000|1500|15000|1000|0|0|0|0|0|0|0|0
S|D092O|33714047|131333883|TQT|AF|1|15000|1500|9200|0|0|0|0|0|0|0|0|0
S|D092O|33714047|131333883| |IF|0|0|0|0|0|0|0|0|0|0|0|0|0
S|MIT60|33779553|131305014|MIT|CF|0|36000|6000|18000|400|0|0|15000|0|0|0|0|0
S|MINNE|34193797|131240644| |TF|0|0|0|0|0|0|0|15000|0|0|0|0|0
S|D180N|34540433|131179278| |TF|0|0|0|0|0|0|0|0|0|0|0|0|0
S|MIT|34771667|131138056| |TF|0|0|0|0|0|0|0|0|0|0|0|0|0

P|MIT5|25|MIT|0|9
S| |91000000|181000000| |CA|0|25800|0|0|0|0|1|530|0|0|0|0|0
S| |91000000|181000000| |VI|1|12000|0|0|0|0|0|0|0|0|0|0|0
S|D150O|33490719|131219864|TQT|CF|0|15000|1500|15000|800|0|0|0|0|0|0|0|0
S|D092O|33714047|131333883|TQT|AF|1|15000|1500|9200|0|0|0|0|0|0|0|0|0
S|D092O|33714047|131333883| |IF|0|0|0|0|0|0|0|0|0|0|0|0|0
S|MIT60|33779553|131305014|MIT|CF|0|36000|6000|18000|400|0|0|15000|0|0|0|0|0
S|MINNE|34193797|131240644| |TF|0|0|0|0|0|0|0|15000|0|0|0|0|0
S|D180N|34540433|131179278| |TF|0|0|0|0|0|0|0|0|0|0|0|0|0
S|MIT|34771667|131138056| |TF|0|0|0|0|0|0|0|0|0|0|0|0|0

P|NAKA2R|07|KANMO|0|6
S| |91000000|181000000| |CA|0|7800|0|0|0|0|1|530|0|0|0|0|0
S| |91000000|181000000| |VI|2|18000|0|0|0|0|0|0|0|0|0|0|0
S|D150Q|33464364|131244339|TQT|CF|0|15000|1700|15000|1700|0|0|0|0|0|0|0|0
S|TQT|33688228|131035825|TQT|CF|0|33000|0|0|1700|0|1|6000|0|0|0|0|0
S|TQT|33688228|131035825| |IF|0|0|0|0|0|0|1|6000|0|0|0|0|0
S|KANMO|33825222|130986228| |TF|0|0|0|0|0|0|0|0|0|0|0|0|0

P|NAKA2R|07|MIT|0|7
S| |91000000|181000000| |CA|0|7800|0|0|0|0|1|530|0|0|0|0|0
S| |91000000|181000000| |VI|2|18000|0|0|0|0|0|0|0|0|0|0|0
S|D150Q|33464364|131244339|TQT|CF|0|15000|1700|15000|1700|0|0|0|0|0|0|0|0
S|TQT|33688228|131035825|TQT|CF|0|33000|0|0|1700|0|1|6000|0|0|0|0|0
S|TQT|33688228|131035825| |IF|0|0|0|0|0|0|1|6000|0|0|0|0|0
S|MINNE|34193797|131240644| |TF|0|0|0|0|0|0|0|0|0|0|0|0|0
S|MIT|34771667|131138056| |TF|0|0|0|0|0|0|0|0|0|0|0|0|0

P|NAKA2R|07|OGORI|0|7
S| |91000000|181000000| |CA|0|7800|0|0|0|0|1|530|0|0|0|0|0
S| |91000000|181000000| |VI|2|18000|0|0|0|0|0|0|0|0|0|0|0
S|D150Q|33464364|131244339|TQT|CF|0|15000|1700|15000|1700|0|0|0|0|0|0|0|0
S|TQT|33688228|131035825|TQT|CF|0|33000|0|0|1700|0|1|6000|0|0|0|0|0
S|TQT|33688228|131035825| |IF|0|0|0|0|0|0|1|6000|0|0|0|0|0
S|D239O|33531247|130802572| |TF|0|0|0|0|0|0|1|7000|0|0|0|0|0
S|OGORI|33277767|130429067| |TF|0|0|0|0|0|0|0|0|0|0|0|0|0

P|NAKA2R|25|KANMO|0|6
S| |91000000|181000000| |CA|0|25800|0|0|0|0|1|530|0|0|0|0|0
S| |91000000|181000000| |VI|1|12000|0|0|0|0|0|0|0|0|0|0|0
S|D150Q|33464364|131244339|TQT|CF|0|15000|1700|15000|1700|0|0|0|0|0|0|0|0
S|TQT|33688228|131035825|TQT|CF|0|33000|0|0|1700|0|1|6000|0|0|0|0|0
S|TQT|33688228|131035825| |IF|0|0|0|0|0|0|1|6000|0|0|0|0|0
S|KANMO|33825222|130986228| |TF|0|0|0|0|0|0|0|0|0|0|0|0|0

P|NAKA2R|25|MIT|0|7
S| |91000000|181000000| |CA|0|25800|0|0|0|0|1|530|0|0|0|0|0
S| |91000000|181000000| |VI|1|12000|0|0|0|0|0|0|0|0|0|0|0
S|D150Q|33464364|131244339|TQT|CF|0|15000|1700|15000|1700|0|0|0|0|0|0|0|0
S|TQT|33688228|131035825|TQT|CF|0|33000|0|0|1700|0|1|6000|0|0|0|0|0
S|TQT|33688228|131035825| |IF|0|0|0|0|0|0|1|6000|0|0|0|0|0
S|MINNE|34193797|131240644| |TF|0|0|0|0|0|0|0|0|0|0|0|0|0
S|MIT|34771667|131138056| |TF|0|0|0|0|0|0|0|0|0|0|0|0|0

P|NAKA2R|25|OGORI|0|7
S| |91000000|181000000| |CA|0|25800|0|0|0|0|1|530|0|0|0|0|0
S| |91000000|181000000| |VI|1|12000|0|0|0|0|0|0|0|0|0|0|0
S|D150Q|33464364|131244339|TQT|CF|0|15000|1700|15000|1700|0|0|0|0|0|0|0|0
S|TQT|33688228|131035825|TQT|CF|0|33000|0|0|1700|0|1|6000|0|0|0|0|0
S|TQT|33688228|131035825| |IF|0|0|0|0|0|0|1|6000|0|0|0|0|0
S|D239O|33531247|130802572| |TF|0|0|0|0|0|0|1|7000|0|0|0|0|0
S|OGORI|33277767|130429067| |TF|0|0|0|0|0|0|0|0|0|0|0|0|0

