P|FUJIK3|12|GAKKI|0|8
S| |91000000|181000000| |VA|0|12000|0|0|0|0|1|900|0|0|0|0|0
S|ONMAE|34622981|138366161| |DF|0|0|0|0|0|0|0|0|0|0|0|0|0
S|NS301|34483556|138336889| |TF|0|0|0|0|0|0|0|0|0|0|0|0|0
S|NS302|34453361|138545417| |TF|0|0|0|0|0|0|0|0|0|0|0|0|0
S|NS303|34626806|138582278| |TF|0|0|0|0|0|0|0|0|0|0|0|0|0
S|FUJIK|34694658|138427547| |TF|0|0|0|0|0|0|1|7000|0|0|0|0|0
S|FUJIK|34694658|138427547| |IF|0|0|0|0|0|0|1|7000|0|0|0|0|0
S|GAKKI|34747869|137680658| |TF|0|0|0|0|0|0|0|0|0|0|0|0|0

P|FUJIK3|12|CHAUS|0|10
S| |91000000|181000000| |VA|0|12000|0|0|0|0|1|900|0|0|0|0|0
S|ONMAE|34622981|138366161| |DF|0|0|0|0|0|0|0|0|0|0|0|0|0
S|NS301|34483556|138336889| |TF|0|0|0|0|0|0|0|0|0|0|0|0|0
S|NS302|34453361|138545417| |TF|0|0|0|0|0|0|0|0|0|0|0|0|0
S|NS303|34626806|138582278| |TF|0|0|0|0|0|0|0|0|0|0|0|0|0
S|FUJIK|34694658|138427547| |TF|0|0|0|0|0|0|1|7000|0|0|0|0|0
S|FUJIK|34694658|138427547| |IF|0|0|0|0|0|0|1|7000|0|0|0|0|0
S|SZE|34796842|138193197| |TF|0|0|0|0|0|0|0|0|0|0|0|0|0
S|KANZA|34935889|138160764| |TF|0|0|0|0|0|0|1|12000|0|0|0|0|0
S|CHAUS|35442569|138041475| |TF|0|0|0|0|0|0|1|15000|0|0|0|0|0

P|FUJIK3|30|GAKKI|0|8
S| |91000000|181000000| |VA|0|30000|0|0|0|0|1|1200|0|0|0|0|0
S|ONMAE|34622981|138366161| |DF|1|0|0|0|0|0|0|0|0|0|0|0|0
S|NS301|34483556|138336889| |TF|0|0|0|0|0|0|0|0|0|0|0|0|0
S|NS302|34453361|138545417| |TF|0|0|0|0|0|0|0|0|0|0|0|0|0
S|NS303|34626806|138582278| |TF|0|0|0|0|0|0|0|0|0|0|0|0|0
S|FUJIK|34694658|138427547| |TF|0|0|0|0|0|0|1|7000|0|0|0|0|0
S|FUJIK|34694658|138427547| |IF|0|0|0|0|0|0|1|7000|0|0|0|0|0
S|GAKKI|34747869|137680658| |TF|0|0|0|0|0|0|0|0|0|0|0|0|0

P|FUJIK3|30|CHAUS|0|10
S| |91000000|181000000| |VA|0|30000|0|0|0|0|1|1200|0|0|0|0|0
S|ONMAE|34622981|138366161| |DF|1|0|0|0|0|0|0|0|0|0|0|0|0
S|NS301|34483556|138336889| |TF|0|0|0|0|0|0|0|0|0|0|0|0|0
S|NS302|34453361|138545417| |TF|0|0|0|0|0|0|0|0|0|0|0|0|0
S|NS303|34626806|138582278| |TF|0|0|0|0|0|0|0|0|0|0|0|0|0
S|FUJIK|34694658|138427547| |TF|0|0|0|0|0|0|1|7000|0|0|0|0|0
S|FUJIK|34694658|138427547| |IF|0|0|0|0|0|0|1|7000|0|0|0|0|0
S|SZE|34796842|138193197| |TF|0|0|0|0|0|0|0|0|0|0|0|0|0
S|KANZA|34935889|138160764| |TF|0|0|0|0|0|0|1|12000|0|0|0|0|0
S|CHAUS|35442569|138041475| |TF|0|0|0|0|0|0|1|15000|0|0|0|0|0

P|MOSLO2|12|MOSLO|0|4
S| |91000000|181000000| |VA|0|12000|0|0|0|0|1|900|0|0|0|0|0
S|ONMAE|34622981|138366161| |DF|0|0|0|0|0|0|0|0|0|0|0|0|0
S|KAWAI|34247183|138201961| |TF|0|0|0|0|0|0|0|0|0|0|0|0|0
S|MOSLO|33530525|138101008| |TF|0|0|0|0|0|0|1|25000|0|0|0|0|0

P|MOSLO2|30|MOSLO|0|4
S| |91000000|181000000| |VA|0|30000|0|0|0|0|1|1200|0|0|0|0|0
S|ONMAE|34622981|138366161| |DF|1|0|0|0|0|0|0|0|0|0|0|0|0
S|KAWAI|34247183|138201961| |TF|0|0|0|0|0|0|0|0|0|0|0|0|0
S|MOSLO|33530525|138101008| |TF|0|0|0|0|0|0|1|25000|0|0|0|0|0

P|SZE2R|12|CHAUS|0|8
S| |91000000|181000000| |CA|0|12000|0|0|0|0|1|900|0|0|0|0|0
S| |91000000|181000000| |VI|0|20600|0|0|0|0|0|0|0|0|0|0|0
S|D161N|34588522|138321503|SZE|CF|0|16100|1400|16100|1000|0|0|0|0|1|0|0|0
S|D161N|34588522|138321503| |IF|0|0|0|0|0|0|0|0|0|0|0|0|0
S|SZE|34796842|138193197| |DF|1|0|0|0|0|0|1|7000|0|0|0|0|0
S|SZE|34796842|138193197| |IF|0|0|0|0|0|0|1|7000|0|0|0|0|0
S|D357I|34936183|138160661| |TF|0|0|0|0|0|0|1|12000|0|0|0|0|0
S|CHAUS|35442569|138041475| |TF|0|0|0|0|0|0|0|0|0|0|0|0|0

P|SZE2R|30|CHAUS|0|8
S| |91000000|181000000| |CA|0|30000|0|0|0|0|1|1200|0|0|0|0|0
S| |91000000|181000000| |VI|1|11600|0|0|0|0|0|0|0|0|0|0|0
S|D161N|34588522|138321503|SZE|CF|0|16100|1400|16100|900|0|0|0|0|1|0|0|0
S|D161N|34588522|138321503| |IF|0|0|0|0|0|0|0|0|0|0|0|0|0
S|SZE|34796842|138193197| |DF|1|0|0|0|0|0|1|7000|0|0|0|0|0
S|SZE|34796842|138193197| |IF|0|0|0|0|0|0|1|7000|0|0|0|0|0
S|D357I|34936183|138160661| |TF|0|0|0|0|0|0|1|12000|0|0|0|0|0
S|CHAUS|35442569|138041475| |TF|0|0|0|0|0|0|0|0|0|0|0|0|0

