P|IKUJI5|02|HISUI|0|6
S| |91000000|181000000| |CA|0|2200|0|0|0|0|1|580|0|0|0|0|0
S|D010G|36768939|137196178|TOE|CF|0|1000|700|1000|700|0|0|0|0|1|0|0|0
S| |91000000|181000000| |VI|0|8500|0|0|0|0|0|0|0|0|0|0|0
S|IKUJI|37038194|137492369|TOE|CF|0|4000|2730|4000|1600|0|0|0|0|0|0|0|0
S|IKUJI|37038194|137492369| |IF|0|0|0|0|0|0|0|0|0|0|0|0|0
S|HISUI|37592906|137931414| |TF|0|0|0|0|0|0|0|0|0|0|0|0|0

P|IKUJI5|20|HISUI|0|7
S| |91000000|181000000| |CA|0|20200|0|0|0|0|1|700|0|0|0|0|0
S| |91000000|181000000| |VI|2|5500|0|0|0|0|0|0|0|0|0|0|0
S|D010G|36768939|137196178|TOE|CF|0|1000|700|1000|300|0|0|0|0|1|0|0|0
S| |91000000|181000000| |VI|0|8500|0|0|0|0|0|0|0|0|0|0|0
S|IKUJI|37038194|137492369|TOE|CF|0|4000|2730|4000|1600|0|0|0|0|0|0|0|0
S|IKUJI|37038194|137492369| |IF|0|0|0|0|0|0|0|0|0|0|0|0|0
S|HISUI|37592906|137931414| |TF|0|0|0|0|0|0|0|0|0|0|0|0|0

P|UOZU2|02|HISUI|0|5
S| |91000000|181000000| |VA|0|2200|0|0|0|0|1|600|0|0|0|0|0
S|NT001|36768917|137196917| |DF|0|0|0|0|0|0|0|0|0|0|0|0|0
S|IKUJI|37038194|137492369| |TF|0|0|0|0|0|0|0|0|0|0|0|0|0
S|IKUJI|37038194|137492369| |IF|0|0|0|0|0|0|0|0|0|0|0|0|0
S|HISUI|37592906|137931414| |TF|0|0|0|0|0|0|0|0|0|0|0|0|0

P|UOZU2|20|HISUI|0|5
S| |91000000|181000000| |VA|0|20200|0|0|0|0|1|700|0|0|0|0|0
S|NT001|36768917|137196917| |DF|2|0|0|0|0|0|0|0|0|0|0|0|0
S|IKUJI|37038194|137492369| |TF|0|0|0|0|0|0|0|0|0|0|0|0|0
S|IKUJI|37038194|137492369| |IF|0|0|0|0|0|0|0|0|0|0|0|0|0
S|HISUI|37592906|137931414| |TF|0|0|0|0|0|0|0|0|0|0|0|0|0

P|URUS4R|02|URUSI|0|5
S| |91000000|181000000| |CA|0|2200|0|0|0|0|1|700|0|0|0|0|0
S|NANAO|37052808|137047989|TOE|CF|0|35200|2500|35200|2500|0|0|0|0|1|0|0|0
S| |91000000|181000000| |VI|2|16000|0|0|0|0|0|0|0|0|0|0|0
S|KMC47|36858583|137200078|TOE|CF|0|19000|1240|1000|600|0|0|0|0|0|0|0|0
S|URUSI|36819208|137131533| |TF|0|0|0|0|0|0|0|0|0|0|0|0|0

P|URUS4R|20|URUSI|0|6
S| |91000000|181000000| |CA|0|20200|0|0|0|0|1|700|0|0|0|0|0
S| |91000000|181000000| |VI|2|3700|0|0|0|0|0|0|0|0|0|0|0
S|NANAO|37052808|137047989|TOE|CF|0|35200|2500|35200|2100|0|0|0|0|1|0|0|0
S| |91000000|181000000| |VI|2|16000|0|0|0|0|0|0|0|0|0|0|0
S|KMC47|36858583|137200078|TOE|CF|0|19000|1240|1000|600|0|0|0|0|0|0|0|0
S|URUSI|36819208|137131533| |TF|0|0|0|0|0|0|0|0|0|0|0|0|0

