P|SZE1|09|SZE|0|2
S| |91000000|181000000| |CA|0|9300|0|0|0|0|1|500|0|0|0|0|0
S|SZE|34796842|138193197| |DF|2|0|0|0|0|0|1|4000|0|0|0|0|0

P|SZE1|27|SZE|0|2
S| |91000000|181000000| |CA|0|27300|0|0|0|0|1|500|0|0|0|0|0
S|SZE|34796842|138193197| |DF|0|0|0|0|0|0|1|4000|0|0|0|0|0

P|XAC4|09|XAC|0|3
S| |91000000|181000000| |CA|0|9300|0|0|0|0|1|530|0|0|0|0|0
S|YZT41|34741019|139110408|YZT|CF|0|10400|4050|10400|4000|0|0|0|0|0|0|0|0
S|XAC|34712253|139414017| |TF|0|0|0|0|0|0|0|0|0|0|0|0|0

P|XAC4|27|XAC|0|4
S| |91000000|181000000|YZT|CD|0|27300|0|0|230|0|0|0|0|0|0|0|0
S| |91000000|181000000| |VI|2|13400|0|0|0|0|0|0|0|0|0|0|0
S|YZT41|34741019|139110408|YZT|CF|0|10400|4050|10400|3900|0|0|0|0|0|0|0|0
S|XAC|34712253|139414017| |TF|0|0|0|0|0|0|0|0|0|0|0|0|0

P|YZT3R|09|YZT|0|3
S| |91000000|181000000| |CA|0|9300|0|0|0|0|1|530|0|0|0|0|0
S|YZT|34814422|138295811|YZT|FD|0|10400|0|0|1700|0|0|0|0|0|0|0|0
S|YZT|34814422|138295811|YZT|CF|1|27000|0|0|1700|0|0|0|0|0|0|0|0

P|YZT3R|27|YZT|0|4
S| |91000000|181000000|YZT|CD|0|27300|0|0|230|0|0|0|0|0|0|0|0
S| |91000000|181000000| |VI|2|13400|0|0|0|0|0|0|0|0|0|0|0
S|YZT|34814422|138295811|YZT|FD|0|10400|0|0|1700|0|0|0|0|0|0|0|0
S|YZT|34814422|138295811|YZT|CF|1|27000|0|0|1700|0|0|0|0|0|0|0|0

