P|BOLIG2|10|MIDER|0|7
S| |91000000|181000000| |VA|0|9800|0|0|0|0|1|1500|0|0|0|0|0
S|OA021|34436000|132983556| |DF|0|0|0|0|0|0|0|0|0|1|0|0|0
S|TOJYO|34882086|133280167| |DF|0|0|0|0|0|0|1|12000|0|0|0|0|0
S|BOLIG|35066181|134175497| |TF|0|0|0|0|0|0|0|0|0|0|0|0|0
S|BOLIG|35066181|134175497| |IF|0|0|0|0|0|0|0|0|0|0|0|0|0
S|IKUNO|35201333|134856889| |TF|0|0|0|0|0|0|0|0|0|0|0|0|0
S|MIDER|35017047|135826003| |TF|0|0|0|0|0|0|0|0|0|0|0|0|0

P|BOLIG2|28|MIDER|0|7
S| |91000000|181000000| |VA|0|27800|0|0|0|0|1|1600|0|0|0|0|0
S|OA811|34427861|132823139| |DF|0|0|0|0|0|0|0|0|0|1|0|0|0
S|TOJYO|34882086|133280167| |DF|2|0|0|0|0|0|1|12000|0|0|0|0|0
S|BOLIG|35066181|134175497| |TF|0|0|0|0|0|0|0|0|0|0|0|0|0
S|BOLIG|35066181|134175497| |IF|0|0|0|0|0|0|0|0|0|0|0|0|0
S|IKUNO|35201333|134856889| |TF|0|0|0|0|0|0|0|0|0|0|0|0|0
S|MIDER|35017047|135826003| |TF|0|0|0|0|0|0|0|0|0|0|0|0|0

P|HGE4R|10|HGE|0|2
S| |91000000|181000000|HGE|CD|0|9800|0|0|460|0|0|0|0|0|0|0|0
S|HGE|34433775|132923969| |DF|1|0|0|0|0|0|1|5000|0|0|0|0|0

P|HGE4R|28|HGE|0|3
S| |91000000|181000000| |CA|0|27800|0|0|0|0|1|1590|0|0|0|0|0
S| |91000000|181000000|HGE|VD|0|27100|0|0|500|0|0|0|0|0|0|0|0
S|HGE|34433775|132923969| |DF|2|0|0|0|0|0|1|5000|0|0|0|0|0

P|KIJYY3|10|YME|0|7
S| |91000000|181000000| |VA|0|9800|0|0|0|0|1|1500|0|0|0|0|0
S|OA021|34436000|132983556| |DF|0|0|0|0|0|0|0|0|0|1|0|0|0
S|TOJYO|34882086|133280167| |DF|0|0|0|0|0|0|1|12000|0|0|0|0|0
S|KIJYY|35150500|134098592| |TF|0|0|0|0|0|0|0|0|0|0|0|0|0
S|KIJYY|35150500|134098592| |IF|0|0|0|0|0|0|0|0|0|0|0|0|0
S|TOZAN|35270956|134484492| |TF|0|0|0|0|0|0|0|0|0|0|0|0|0
S|YME|35480692|135137022| |TF|0|0|0|0|0|0|0|0|0|0|0|0|0

P|KIJYY3|28|YME|0|7
S| |91000000|181000000| |VA|0|27800|0|0|0|0|1|1600|0|0|0|0|0
S|OA811|34427861|132823139| |DF|0|0|0|0|0|0|0|0|0|1|0|0|0
S|TOJYO|34882086|133280167| |DF|2|0|0|0|0|0|1|12000|0|0|0|0|0
S|KIJYY|35150500|134098592| |TF|0|0|0|0|0|0|0|0|0|0|0|0|0
S|KIJYY|35150500|134098592| |IF|0|0|0|0|0|0|0|0|0|0|0|0|0
S|TOZAN|35270956|134484492| |TF|0|0|0|0|0|0|0|0|0|0|0|0|0
S|YME|35480692|135137022| |TF|0|0|0|0|0|0|0|0|0|0|0|0|0

P|MARCO2|10|MARCO|0|4
S| |91000000|181000000| |VA|0|9800|0|0|0|0|1|1500|0|0|0|0|0
S|OA021|34436000|132983556| |DF|0|0|0|0|0|0|0|0|0|1|0|0|0
S|LEMON|34224683|132463589| |DF|2|0|0|0|0|0|1|11000|0|0|0|0|0
S|MARCO|34079456|132147269| |TF|0|0|0|0|0|0|0|0|0|0|0|0|0

P|MARCO2|28|MARCO|0|4
S| |91000000|181000000| |VA|0|27800|0|0|0|0|1|1600|0|0|0|0|0
S|OA811|34427861|132823139| |DF|0|0|0|0|0|0|0|0|0|1|0|0|0
S|LEMON|34224683|132463589| |DF|0|0|0|0|0|0|1|11000|0|0|0|0|0
S|MARCO|34079456|132147269| |TF|0|0|0|0|0|0|0|0|0|0|0|0|0

P|SINFO3|10|STAGE|0|6
S| |91000000|181000000| |VA|0|9800|0|0|0|0|1|1500|0|0|0|0|0
S|OA021|34436000|132983556| |DF|0|0|0|0|0|0|0|0|0|1|0|0|0
S|AKANA|34963464|132817986| |DF|1|0|0|0|0|0|1|11000|0|0|0|0|0
S|SINFO|35200169|132770389| |TF|0|0|0|0|0|0|0|0|0|0|0|0|0
S|SINFO|35200169|132770389| |IF|0|0|0|0|0|0|0|0|0|0|0|0|0
S|STAGE|35581019|132693242| |TF|0|0|0|0|0|0|0|0|0|0|0|0|0

P|SINFO3|28|STAGE|0|6
S| |91000000|181000000| |VA|0|27800|0|0|0|0|1|1600|0|0|0|0|0
S|OA811|34427861|132823139| |DF|0|0|0|0|0|0|0|0|0|1|0|0|0
S|AKANA|34963464|132817986| |DF|2|0|0|0|0|0|1|11000|0|0|0|0|0
S|SINFO|35200169|132770389| |TF|0|0|0|0|0|0|0|0|0|0|0|0|0
S|SINFO|35200169|132770389| |IF|0|0|0|0|0|0|0|0|0|0|0|0|0
S|STAGE|35581019|132693242| |TF|0|0|0|0|0|0|0|0|0|0|0|0|0

