P|GTC6|02|GTC|0|5
S| |91000000|181000000|HPE|CD|0|2000|0|0|350|0|0|0|0|0|0|0|0
S|HPE|39433358|141133500| |DF|2|0|0|0|0|0|1|2200|0|0|0|0|0
S|HPE|39433358|141133500| |IF|0|0|0|0|0|0|1|2200|0|0|0|0|0
S|HPE50|38872519|140340522| |TF|0|0|0|0|0|0|1|12000|0|0|0|0|0
S|GTC|37958294|139114886| |TF|0|0|0|0|0|0|0|0|0|0|0|0|0

P|GTC6|20|GTC|0|5
S| |91000000|181000000|HPE|CD|0|20000|0|0|350|0|0|0|0|0|0|0|0
S|HPE|39433358|141133500| |DF|1|0|0|0|0|0|1|2200|0|0|0|0|0
S|HPE|39433358|141133500| |IF|0|0|0|0|0|0|1|2200|0|0|0|0|0
S|HPE50|38872519|140340522| |TF|0|0|0|0|0|0|1|12000|0|0|0|0|0
S|GTC|37958294|139114886| |TF|0|0|0|0|0|0|0|0|0|0|0|0|0

P|HANKA1|02|HANKA|0|2
S| |91000000|181000000| |VA|0|1900|0|0|0|0|1|1600|0|0|0|0|0
S|HANKA|39018322|140561325| |DF|1|0|0|0|0|0|1|11000|0|0|0|0|0

P|HANKA1|20|HANKA|0|2
S| |91000000|181000000| |VA|0|19900|0|0|0|0|1|800|0|0|0|0|0
S|HANKA|39018322|140561325| |DF|0|0|0|0|0|0|1|11000|0|0|0|0|0

P|HPE3R|02|HPE|0|3
S| |91000000|181000000| |CA|0|2000|0|0|0|0|1|700|0|0|0|0|0
S|HPE|39433358|141133500|HPE|FD|0|2200|0|0|600|0|0|0|0|0|0|0|0
S|HPE|39433358|141133500| |DF|2|0|0|0|0|0|1|6000|0|0|0|0|0

P|HPE3R|20|HPE|0|3
S| |91000000|181000000| |CA|0|20000|0|0|0|0|1|700|0|0|0|0|0
S|HPE|39433358|141133500|HPE|FD|0|19500|0|0|600|0|0|0|0|0|0|0|0
S|HPE|39433358|141133500| |DF|1|0|0|0|0|0|1|6000|0|0|0|0|0

P|OHSHU2|02|OHSHU|0|2
S| |91000000|181000000| |CA|0|2000|0|0|0|0|1|900|0|0|0|0|0
S|OHSHU|40436486|141150797|HPE|CF|0|1000|6020|980|6000|0|0|0|0|0|0|0|0

P|OHSHU2|20|OHSHU|0|3
S| |91000000|181000000| |CA|0|20000|0|0|0|0|1|1300|0|0|0|0|0
S| |91000000|181000000| |VI|1|32500|0|0|0|0|0|0|0|0|0|0|0
S|OHSHU|40436486|141150797|HPE|CF|0|1000|6020|980|5800|0|0|0|0|0|0|0|0

P|SAMBO1|02|SAMBO|0|4
S| |91000000|181000000| |VA|0|1900|0|0|0|0|1|700|0|0|0|0|0
S|AKARI|39721517|141138414| |DF|0|0|0|0|0|0|0|0|0|0|0|0|0
S|DASCO|39852556|141140661| |TF|0|0|0|0|0|0|0|0|0|0|0|0|0
S|SAMBO|40187756|140950381| |TF|0|0|0|0|0|0|0|0|0|0|0|0|0

P|SAMBO1|20|SAMBO|0|5
S| |91000000|181000000| |VA|0|19900|0|0|0|0|1|1300|0|0|0|0|0
S|SI010|39449833|141032111| |DF|2|0|0|0|0|0|0|0|0|0|0|0|0
S|AKARI|39721517|141138414| |TF|0|0|0|0|0|0|0|0|0|0|0|0|0
S|DASCO|39852556|141140661| |TF|0|0|0|0|0|0|0|0|0|0|0|0|0
S|SAMBO|40187756|140950381| |TF|0|0|0|0|0|0|0|0|0|0|0|0|0

