P|ENKAI3|10|ENKAI|0|2
S| |91000000|181000000| |CA|0|10300|0|0|0|0|1|620|0|0|0|0|0
S|ENKAI|40683253|141598572|MIS|CF|0|10500|1000|10500|980|0|1|3500|0|0|0|0|0

P|KOSUI3|28|KOSUI|0|2
S| |91000000|181000000| |CA|0|28300|0|0|0|0|1|620|0|0|0|0|0
S|KOSUI|40715211|141162483|MIS|CF|0|28200|1000|28200|860|0|1|3600|0|0|0|0|0

P|REIWA2|10|REIWA|0|5
S| |91000000|181000000| |CA|0|10300|0|0|0|0|1|620|0|0|0|0|0
S|HESEI|40682908|141509703|MIS|CF|0|10900|600|11000|580|0|0|0|0|0|0|0|0
S| |91000000|181000000| |VI|2|21200|0|0|0|0|0|0|0|0|0|0|0
S|TASHO|40482800|141480031|MIS|CF|0|16900|1400|16910|500|0|2|4000|0|0|0|0|0
S|REIWA|40184803|141612311|MIS|CF|0|16900|3290|16910|1890|0|1|10000|0|0|0|0|0

P|REIWA2|28|REIWA|0|4
S|SHOWA|40711156|141228028|MIS|CF|0|28200|700|28170|560|0|0|0|0|0|0|0|0
S| |91000000|181000000| |VI|1|13200|0|0|0|0|0|0|0|0|0|0|0
S|TAIKA|40419647|141508169|MIS|CF|0|16900|1800|16910|800|0|1|5200|0|0|0|0|0
S|REIWA|40184803|141612311|MIS|CF|0|16900|3290|16910|1490|0|1|10000|0|0|0|0|0

