P|LAGON3|11|UWE|0|6
S| |91000000|181000000| |CA|0|10800|0|0|0|0|1|1800|0|0|0|0|0
S| |91000000|181000000| |VI|2|33200|0|0|0|0|0|0|0|0|0|0|0
S|NOSSY|40222728|140148511|ODE|CF|0|28700|990|28760|800|0|1|3000|0|1|0|0|0
S|NOSSY|40222728|140148511| |IF|0|0|0|0|0|0|1|3000|0|0|0|0|0
S| |91000000|181000000| |VI|0|21000|0|0|0|0|0|0|0|0|0|0|0
S|UWE|39617128|140186936|UWE|CF|0|18000|0|0|3200|0|0|0|0|0|0|0|0

P|LAGON3|29|UWE|0|5
S| |91000000|181000000|ODE|CD|0|28800|0|0|300|0|0|0|0|0|0|0|0
S|NOSSY|40222728|140148511|ODE|CF|0|28700|990|28760|700|0|1|3000|0|1|0|0|0
S|NOSSY|40222728|140148511| |IF|0|0|0|0|0|0|1|3000|0|0|0|0|0
S| |91000000|181000000| |VI|0|21000|0|0|0|0|0|0|0|0|0|0|0
S|UWE|39617128|140186936|UWE|CF|0|18000|0|0|3200|0|0|0|0|0|0|0|0

P|ODE2R|11|ODE|0|4
S| |91000000|181000000| |CA|0|10800|0|0|0|0|1|1800|0|0|0|0|0
S| |91000000|181000000| |VI|2|33200|0|0|0|0|0|0|0|0|0|0|0
S|ODE|40198342|140361856|ODE|FD|0|28700|0|0|600|0|0|0|0|0|0|0|0
S|ODE|40198342|140361856| |DF|1|0|0|0|0|0|1|6000|0|0|0|0|0

P|ODE2R|29|ODE|0|3
S| |91000000|181000000|ODE|CD|0|28800|0|0|300|0|0|0|0|0|0|0|0
S|ODE|40198342|140361856|ODE|FD|0|28700|0|0|600|0|0|0|0|0|0|0|0
S|ODE|40198342|140361856| |DF|1|0|0|0|0|0|1|6000|0|0|0|0|0

P|YUWA1|11|UWE|0|4
S| |91000000|181000000| |VA|0|10900|0|0|0|0|1|1600|0|0|0|0|0
S|LEGAM|40121564|140203867| |DF|2|0|0|0|0|0|0|0|0|0|0|0|0
S|UKBAS|39968519|140119083| |TF|0|0|0|0|0|0|0|0|0|0|0|0|0
S|UWE|39617128|140186936| |TF|0|0|0|0|0|0|0|0|0|0|0|0|0

P|YUWA1|29|UWE|0|4
S| |91000000|181000000| |VA|0|28900|0|0|0|0|1|700|0|0|0|0|0
S|AKPAT|40207981|140251922| |DF|0|0|0|0|0|0|0|0|0|0|0|0|0
S|UKBAS|39968519|140119083| |TF|0|0|0|0|0|0|0|0|0|0|0|0|0
S|UWE|39617128|140186936| |TF|0|0|0|0|0|0|0|0|0|0|0|0|0

