P|MIYA2R|02|MOE|0|3
S| |91000000|181000000| |CA|0|2400|0|0|0|0|1|570|0|0|0|0|0
S|MOE|34071042|139561289|MOE|FD|0|4600|0|0|1200|0|1|2800|0|0|0|0|0
S|MOE|34071042|139561289| |DF|2|0|0|0|0|0|1|5000|0|0|0|0|0

P|MIYA2R|20|MOE|0|4
S| |91000000|181000000| |CA|0|20400|0|0|0|0|1|570|0|0|0|0|0
S| |91000000|181000000| |VI|0|12100|0|0|0|0|0|0|0|0|0|0|0
S|MOE|34071042|139561289|MOE|FD|0|15100|0|0|1200|0|1|2800|0|0|0|0|0
S|MOE|34071042|139561289| |DF|1|0|0|0|0|0|1|5000|0|0|0|0|0

P|SCOTT2|02|SCOTT|0|2
S| |91000000|181000000| |VA|0|2400|0|0|0|0|1|500|0|0|0|0|0
S|SCOTT|34389006|139682297| |DF|0|0|0|0|0|0|0|0|0|0|0|0|0

P|SCOTT2|20|SCOTT|0|3
S| |91000000|181000000| |VA|0|20400|0|0|0|0|1|500|0|0|0|0|0
S|TQ001|34076694|139620417| |DF|1|0|0|0|0|0|0|0|0|0|0|0|0
S|SCOTT|34389006|139682297| |TF|0|0|0|0|0|0|0|0|0|0|0|0|0

