P|ANUB1M|17|ANUBA|0|5
S|JY801|34651528|127713806|YSU|CF|0|16500|1240|16580|1170|220|0|0|0|0|0|0|0
S|JY802|34609028|127830167| |TF|0|0|0|0|0|220|0|0|0|0|0|0|0
S|JY803|34740306|127900556| |TF|0|0|0|0|0|220|0|0|0|0|0|0|0
S|YSU|34842861|127619083| |TF|0|0|0|0|0|0|0|8000|0|0|0|0|0
S|ANUBA|35129417|127589667| |TF|0|0|0|0|0|0|0|8000|0|0|0|0|0

P|ANUB1R|35|ANUBA|0|2
S|JY851|34943917|127567472|YSU|CF|0|34600|660|34520|580|0|0|0|0|0|0|0|0
S|ANUBA|35129417|127589667| |TF|0|0|0|0|0|0|0|5000|0|0|0|0|0

P|ANUB5N|35|ANUBA|0|3
S| |91000000|181000000|YSU|VD|0|34600|0|0|400|0|0|0|0|0|0|0|0
S| |91000000|181000000| |VI|0|3000|0|0|0|0|0|0|0|0|0|0|0
S|ANUBA|35129417|127589667|YSU|CF|0|300|1720|320|1000|0|0|5000|0|0|0|0|0

P|ANUB5S|17|ANUBA|0|5
S| |91000000|181000000| |CA|0|16600|0|0|0|0|1|560|0|0|0|0|0
S|YSU|34842861|127619083|YSU|FD|0|16600|0|0|1000|220|0|0|0|0|0|0|0
S| |91000000|181000000| |VI|1|35100|0|0|0|0|0|0|0|0|0|0|0
S|YSU|34842861|127619083|YSU|CF|0|30600|0|0|700|0|0|8000|0|0|0|0|0
S|ANUBA|35129417|127589667| |TF|0|0|0|0|0|0|0|8000|0|0|0|0|0

P|GOSB4S|17|GOSBO|0|4
S| |91000000|181000000| |CA|0|16600|0|0|0|0|1|560|0|0|0|0|0
S|YSU|34842861|127619083|YSU|FD|0|16600|0|0|500|0|0|0|0|0|0|0|0
S| |91000000|181000000| |VI|0|20000|0|0|0|0|0|0|0|0|0|0|0
S|GOSBO|34254667|127792889|YSU|CF|0|17400|3630|17420|2900|0|0|8000|0|0|0|0|0

P|GOSB5N|35|GOSBO|0|5
S| |91000000|181000000|YSU|VD|0|34600|0|0|200|220|0|0|0|0|0|0|0
S| |91000000|181000000|YSU|VR|2|23500|0|9200|0|0|0|3500|0|0|0|0|0
S| |91000000|181000000| |VI|0|23500|0|0|0|0|0|0|0|0|0|0|0
S|D174G|34729361|127652817|YSU|CF|0|17400|700|17420|700|0|1|6000|0|0|0|0|0
S|GOSBO|34254667|127792889| |TF|0|0|0|0|0|0|0|8000|0|0|0|0|0

P|POVO1M|17|POVOR|0|3
S|JY801|34651528|127713806|YSU|CF|0|16500|1240|16580|1170|0|0|0|0|0|0|0|0
S|JY806|34420167|127725167| |TF|0|0|0|0|0|0|0|7000|0|0|0|0|0
S|POVOR|34255472|127733250| |TF|0|0|0|0|0|0|0|8000|0|0|0|0|0

P|POVO1R|35|POVOR|0|6
S|JY851|34943917|127567472|YSU|CF|0|34600|660|34520|580|220|0|0|0|0|0|0|0
S|JY852|34991972|127712306| |TF|0|0|0|0|0|220|0|0|0|0|0|0|0
S|JY853|34893639|127760306| |TF|0|0|0|0|0|220|0|3500|0|0|0|0|0
S|JY857|34784861|127698333| |TF|0|0|0|0|0|0|1|6000|0|0|0|0|0
S|JY854|34713139|127657611| |TF|0|0|0|0|0|0|1|7000|0|0|0|0|0
S|POVOR|34255472|127733250| |TF|0|0|0|0|0|0|0|8000|0|0|0|0|0

P|POVO6R|35|POVOR|0|4
S| |91000000|181000000| |CA|0|34600|0|0|0|240|1|4000|0|0|0|0|0
S|JY865|34799583|127517528| |DF|1|0|0|0|0|240|0|5000|0|0|0|0|0
S|JY866|34683889|127563639| |TF|0|0|0|0|0|0|1|6000|0|0|0|0|0
S|POVOR|34255472|127733250| |TF|0|0|0|0|0|0|0|8000|0|0|0|0|0

P|TEDA1M|17|TEDAN|0|4
S| |91000000|181000000| |CA|0|16500|0|0|0|0|1|4000|0|0|0|0|0
S|JY804|34815472|127506250| |DF|2|0|0|0|0|0|1|7000|0|0|0|0|0
S|JY805|35039417|127369361| |TF|0|0|0|0|0|0|2|9000|0|0|0|0|0
S|TEDAN|35128833|127314472| |TF|0|0|0|0|0|0|0|9000|0|0|0|0|0

P|TEDA1R|35|TEDAN|0|2
S| |91000000|181000000| |CA|0|34600|0|0|0|240|1|4000|0|0|0|0|0
S|TEDAN|35128833|127314472| |DF|0|0|0|0|0|0|0|5000|0|0|0|0|0

