P|ABASA2|08|ABASA|0|3
S|D072C|24482847|123043008|YNE|CF|0|8000|270|7160|300|0|0|0|0|1|0|0|0
S| |91000000|181000000| |VI|0|13100|0|0|0|0|0|0|0|0|0|0|0
S|ABASA|24439172|123252322|YNE|CF|0|10100|1400|10130|900|0|0|0|0|0|0|0|0

P|ABASA2|26|ABASA|0|4
S|DER26|24465103|122970239| |DF|0|0|0|0|0|0|0|0|0|1|0|0|0
S| |91000000|181000000| |CA|0|26000|0|0|0|0|1|700|0|0|0|0|0
S| |91000000|181000000| |VI|2|13100|0|0|0|0|0|0|0|0|0|0|0
S|ABASA|24439172|123252322|YNE|CF|0|10100|1400|10130|1300|0|0|0|0|0|0|0|0

P|AYAKA1|08|AYAKA|0|2
S| |91000000|181000000| |VA|0|8000|0|0|0|0|1|700|0|0|0|0|0
S|AYAKA|24404136|123592050| |DF|0|0|0|0|0|0|0|0|0|0|0|0|0

P|AYAKA1|26|AYAKA|0|3
S| |91000000|181000000| |VA|0|26000|0|0|0|0|1|600|0|0|0|0|0
S|YN600|24573472|122953389| |DF|2|0|0|0|0|0|0|0|0|0|0|0|0
S|AYAKA|24404136|123592050| |TF|0|0|0|0|0|0|0|0|0|0|0|0|0

P|TAKZO2|08|TAKZO|0|3
S|D072C|24482847|123043008|YNE|CF|0|8000|270|7160|300|0|0|0|0|1|0|0|0
S| |91000000|181000000| |VI|0|35200|0|0|0|0|0|0|0|0|0|0|0
S|TAKZO|24704003|123077467|YNE|CF|0|2200|1500|2190|700|0|0|0|0|0|0|0|0

P|TAKZO2|26|TAKZO|0|4
S|DER26|24465103|122970239| |DF|0|0|0|0|0|0|0|0|0|1|0|0|0
S| |91000000|181000000| |CA|0|26000|0|0|0|0|1|700|0|0|0|0|0
S| |91000000|181000000| |VI|2|5200|0|0|0|0|0|0|0|0|0|0|0
S|TAKZO|24704003|123077467|YNE|CF|0|2200|1500|2190|400|0|0|0|0|0|0|0|0

