P|ALPA2P|24|ALPAS|0|5
S| |91000000|181000000| |CA|0|24300|0|0|0|0|1|3000|0|0|0|0|0
S|ARBOR|14592778|120806389| |DF|0|0|0|0|0|0|2|9000|0|0|0|0|0
S|RIDEL|14886389|120878056| |TF|0|0|0|0|0|0|1|14000|0|0|0|0|0
S|JERIC|15010000|120908333| |TF|0|0|0|0|0|0|0|0|0|0|0|0|0
S|ALPAS|15486306|120731194| |TF|0|0|0|0|0|0|0|0|0|0|0|0|0

P|ALPA2R|06|ALPAS|0|4
S|LL06F|14572222|121134167|MIA|CF|0|6300|760|6260|710|0|0|0|0|0|0|0|0
S|LL06G|14701111|121135000| |TF|0|0|0|0|0|0|0|0|0|0|0|0|0
S|LAUAN|14896111|121065000| |TF|0|0|0|0|0|0|2|12000|0|0|0|0|0
S|ALPAS|15486306|120731194| |TF|0|0|0|0|0|0|1|10000|0|0|0|0|0

P|ALPA2V|13|ALPAS|0|6
S|CLAIR|14432222|121098611|MIA|CF|0|13800|640|13830|670|200|0|0|0|0|0|0|0
S|BILID|14357500|121005278| |TF|2|0|0|0|0|200|0|0|0|0|0|0|0
S|TANSA|14416389|120944444| |TF|0|0|0|0|0|200|1|5000|0|0|0|0|0
S|SANLY|14527778|120911944| |TF|0|0|0|0|0|0|0|0|0|0|0|0|0
S|SURAN|14865556|120939444| |TF|0|0|0|0|0|0|0|0|0|0|0|0|0
S|ALPAS|15486306|120731194| |TF|0|0|0|0|0|0|1|10000|0|0|0|0|0

P|ALPA4V|13|ALPAS|0|6
S|CLAIR|14432222|121098611|MIA|CF|0|13800|640|13830|670|200|0|0|0|0|0|0|0
S|BILID|14357500|121005278| |TF|2|0|0|0|0|200|0|0|0|0|0|0|0
S|ARBOR|14592778|120806389| |TF|0|0|0|0|0|0|2|9000|0|0|0|0|0
S|RIDEL|14886389|120878056| |TF|0|0|0|0|0|0|1|14000|0|0|0|0|0
S|JERIC|15010000|120908333| |TF|0|0|0|0|0|0|0|0|0|0|0|0|0
S|ALPAS|15486306|120731194| |TF|0|0|0|0|0|0|0|0|0|0|0|0|0

P|BETE2A|06|BETEL|0|5
S| |91000000|181000000| |CA|0|6300|0|0|0|0|1|3000|0|0|0|0|0
S| |91000000|181000000| |VI|2|28100|0|0|0|0|0|0|0|0|0|0|0
S|BORGA|14383278|120702944|MIA|CF|0|25100|2000|25120|1900|0|1|5000|0|0|0|0|0
S|KEERO|14232194|120318667| |TF|0|0|0|0|0|0|1|6000|0|0|0|0|0
S|BETEL|14177250|120179472| |TF|0|0|0|0|0|0|0|0|0|0|0|0|0

P|BETE2B|24|BETEL|0|4
S| |91000000|181000000| |CA|0|24300|0|0|0|0|1|580|0|0|0|0|0
S|BORGA|14383278|120702944|MIA|CF|0|25100|2000|25120|2000|0|1|5000|0|0|0|0|0
S|KEERO|14232194|120318667| |TF|0|0|0|0|0|0|1|6000|0|0|0|0|0
S|BETEL|14177250|120179472| |TF|0|0|0|0|0|0|0|0|0|0|0|0|0

P|BETE2C|13|BETEL|0|6
S| |91000000|181000000| |CA|0|13800|0|0|0|0|1|580|0|0|0|0|0
S| |91000000|181000000| |VA|0|11300|0|0|0|0|1|3000|0|0|0|0|0
S| |91000000|181000000| |VI|2|28100|0|0|0|0|0|0|0|0|0|0|0
S|BORGA|14383278|120702944|MIA|CF|0|25100|2000|25120|1000|0|1|5000|0|0|0|0|0
S|KEERO|14232194|120318667| |TF|0|0|0|0|0|0|1|6000|0|0|0|0|0
S|BETEL|14177250|120179472| |TF|0|0|0|0|0|0|0|0|0|0|0|0|0

P|BETE2P|24|BETEL|0|3
S|LL24F|14430833|120879722|MIA|CF|0|24300|950|24390|820|0|0|0|0|0|0|0|0
S|CARAB|14312222|120551111| |TF|0|0|0|0|0|0|2|14600|0|0|0|0|0
S|BETEL|14177250|120179472| |TF|0|0|0|0|0|0|1|6000|0|0|0|0|0

P|BETE2R|06|BETEL|0|5
S|LL06F|14572222|121134167|MIA|CF|0|6300|760|6260|710|240|0|0|0|0|0|0|0
S|LL06G|14701111|121135000| |TF|0|0|0|0|0|240|0|0|0|0|0|0|0
S|ZUELA|14700000|120997500| |TF|1|0|0|0|0|240|0|0|0|0|0|0|0
S|MAYAZ|14641389|120834167| |TF|0|0|0|0|0|0|1|10000|0|0|0|0|0
S|BETEL|14177250|120179472| |TF|0|0|0|0|0|0|0|0|0|0|0|0|0

P|BUCA2A|06|BUCAL|0|5
S| |91000000|181000000| |CA|0|6300|0|0|0|0|1|3000|0|0|0|0|0
S| |91000000|181000000| |VI|2|23800|0|0|0|0|0|0|0|0|0|0|0
S|INDAN|14190250|120867500|MIA|CF|0|20800|2100|20840|1300|0|1|5000|0|0|0|0|0
S|BALAY|13902667|120728333| |TF|0|0|0|0|0|0|1|6000|0|0|0|0|0
S|BUCAL|13599889|120582222| |TF|0|0|0|0|0|0|1|9000|0|0|0|0|0

P|BUCA2B|24|BUCAL|0|4
S| |91000000|181000000| |CA|0|24300|0|0|0|0|1|580|0|0|0|0|0
S|INDAN|14190250|120867500|MIA|CF|0|20800|2100|20840|2100|0|1|5000|0|0|0|0|0
S|BALAY|13902667|120728333| |TF|0|0|0|0|0|0|1|6000|0|0|0|0|0
S|BUCAL|13599889|120582222| |TF|0|0|0|0|0|0|1|9000|0|0|0|0|0

P|BUCA2C|13|BUCAL|0|6
S| |91000000|181000000| |CA|0|13800|0|0|0|0|1|580|0|0|0|0|0
S| |91000000|181000000| |VA|0|11300|0|0|0|0|1|3000|0|0|0|0|0
S| |91000000|181000000| |VI|2|23800|0|0|0|0|0|0|0|0|0|0|0
S|INDAN|14190250|120867500|MIA|CF|0|20800|2100|20840|600|0|1|5000|0|0|0|0|0
S|BALAY|13902667|120728333| |TF|0|0|0|0|0|0|1|6000|0|0|0|0|0
S|BUCAL|13599889|120582222| |TF|0|0|0|0|0|0|1|9000|0|0|0|0|0

P|BUCA2P|24|BUCAL|0|4
S|LL24F|14430833|120879722|MIA|CF|0|24300|950|24390|820|0|0|0|0|0|0|0|0
S|JAMES|14144444|120776944| |TF|0|0|0|0|0|0|0|0|0|0|0|0|0
S|MASAW|13929444|120700000| |TF|0|0|0|0|0|0|2|15000|0|0|0|0|0
S|BUCAL|13599889|120582222| |TF|0|0|0|0|0|0|1|9000|0|0|0|0|0

P|BUCA2R|06|BUCAL|0|6
S|LL06F|14572222|121134167|MIA|CF|0|6300|760|6260|710|260|0|0|0|0|0|0|0
S|GONAN|14452778|121258056| |TF|0|0|0|0|0|260|0|0|0|0|0|0|0
S|CLENA|14281111|121061667| |TF|2|0|0|0|0|0|1|10000|0|0|0|0|0
S|TABLA|14042778|120893611| |TF|0|0|0|0|0|0|1|13400|0|0|0|0|0
S|LAYAN|13889167|120785556| |TF|0|0|0|0|0|0|0|0|0|0|0|0|0
S|BUCAL|13599889|120582222| |TF|0|0|0|0|0|0|0|0|0|0|0|0|0

P|BUCA2V|13|BUCAL|0|5
S|CLAIR|14432222|121098611|MIA|CF|0|13800|640|13830|670|0|0|0|0|0|0|0|0
S|CLENA|14281111|121061667| |TF|0|0|0|0|0|0|1|4000|0|0|0|0|0
S|TABLA|14042778|120893611| |TF|0|0|0|0|0|0|0|0|0|0|0|0|0
S|LAYAN|13889167|120785556| |TF|0|0|0|0|0|0|0|0|0|0|0|0|0
S|BUCAL|13599889|120582222| |TF|0|0|0|0|0|0|1|9000|0|0|0|0|0

P|BUCA4V|13|BUCAL|0|5
S|CLAIR|14432222|121098611|MIA|CF|0|13800|640|13830|670|220|0|0|0|0|0|0|0
S|BILID|14357500|121005278| |TF|2|0|0|0|0|0|0|0|0|0|0|0|0
S|JAMES|14144444|120776944| |TF|0|0|0|0|0|0|0|0|0|0|0|0|0
S|MASAW|13929444|120700000| |TF|0|0|0|0|0|0|2|15000|0|0|0|0|0
S|BUCAL|13599889|120582222| |TF|0|0|0|0|0|0|1|9000|0|0|0|0|0

P|CAB1A|06|CAB|0|4
S| |91000000|181000000| |CA|0|6300|0|0|0|0|1|3000|0|0|0|0|0
S|CAB49|14664333|121083056|CAB|CF|0|35900|4900|17900|700|0|1|5000|0|0|0|0|0
S|MIGEL|15053889|121055000| |TF|0|0|0|0|0|0|0|0|0|0|0|0|0
S|CAB|15482278|121024306| |TF|0|0|0|0|0|0|0|0|0|0|0|0|0

P|CAB1B|24|CAB|0|7
S| |91000000|181000000| |CA|0|24300|0|0|0|0|1|3000|0|0|0|0|0
S| |91000000|181000000| |VI|2|34300|0|0|0|0|0|0|0|0|0|0|0
S|LABON|14640556|120871861|CAB|CF|0|1300|5110|19300|600|0|1|5000|0|0|0|0|0
S|VOTAS|14710583|120884500| |TF|0|0|0|0|0|0|0|0|0|0|0|0|0
S|RADEG|14872583|120913778| |TF|0|0|0|0|0|0|0|0|0|0|0|0|0
S|FONSO|15081667|120951667| |TF|0|0|0|0|0|0|0|0|0|0|0|0|0
S|CAB|15482278|121024306| |TF|0|0|0|0|0|0|0|0|0|0|0|0|0

P|CAB1C|13|CAB|0|6
S| |91000000|181000000| |CA|0|13800|0|0|0|0|1|580|0|0|0|0|0
S| |91000000|181000000| |VA|0|11300|0|0|0|0|1|3000|0|0|0|0|0
S| |91000000|181000000| |VI|1|32900|0|0|0|0|0|0|0|0|0|0|0
S|CAB49|14664333|121083056|CAB|CF|0|35900|4900|17900|400|0|1|5000|0|0|0|0|0
S|MIGEL|15053889|121055000| |TF|0|0|0|0|0|0|0|0|0|0|0|0|0
S|CAB|15482278|121024306| |TF|0|0|0|0|0|0|0|0|0|0|0|0|0

P|CAB2P|24|CAB|0|5
S| |91000000|181000000| |CA|0|24300|0|0|0|0|1|3000|0|0|0|0|0
S|ARBOR|14592778|120806389| |DF|0|0|0|0|0|0|2|9000|0|0|0|0|0
S|RIDEL|14886389|120878056| |TF|0|0|0|0|0|0|1|14000|0|0|0|0|0
S|JERIC|15010000|120908333| |TF|0|0|0|0|0|0|0|0|0|0|0|0|0
S|CAB|15482278|121024306| |TF|0|0|0|0|0|0|0|0|0|0|0|0|0

P|CAB2R|06|CAB|0|4
S|LL06F|14572222|121134167|MIA|CF|0|6300|760|6260|710|0|0|0|0|0|0|0|0
S|LL06G|14701111|121135000| |TF|0|0|0|0|0|0|0|0|0|0|0|0|0
S|LAUAN|14896111|121065000| |TF|0|0|0|0|0|0|2|12000|0|0|0|0|0
S|CAB|15482278|121024306| |TF|0|0|0|0|0|0|1|13000|0|0|0|0|0

P|CAB2V|13|CAB|0|6
S|CLAIR|14432222|121098611|MIA|CF|0|13800|640|13830|670|200|0|0|0|0|0|0|0
S|BILID|14357500|121005278| |TF|2|0|0|0|0|200|0|0|0|0|0|0|0
S|TANSA|14416389|120944444| |TF|0|0|0|0|0|200|1|5000|0|0|0|0|0
S|SANLY|14527778|120911944| |TF|0|0|0|0|0|0|0|0|0|0|0|0|0
S|SURAN|14865556|120939444| |TF|0|0|0|0|0|0|0|0|0|0|0|0|0
S|CAB|15482278|121024306| |TF|0|0|0|0|0|0|1|13000|0|0|0|0|0

P|CAB4V|13|CAB|0|6
S|CLAIR|14432222|121098611|MIA|CF|0|13800|640|13830|670|200|0|0|0|0|0|0|0
S|BILID|14357500|121005278| |TF|2|0|0|0|0|200|0|0|0|0|0|0|0
S|ARBOR|14592778|120806389| |TF|0|0|0|0|0|0|2|9000|0|0|0|0|0
S|RIDEL|14886389|120878056| |TF|0|0|0|0|0|0|1|14000|0|0|0|0|0
S|JERIC|15010000|120908333| |TF|0|0|0|0|0|0|0|0|0|0|0|0|0
S|CAB|15482278|121024306| |TF|0|0|0|0|0|0|0|0|0|0|0|0|0

P|DINO2P|24|DINNO|0|3
S|LL24F|14430833|120879722|MIA|CF|0|24300|950|24390|820|0|0|0|0|0|0|0|0
S|PAYAP|14004167|120865000| |TF|0|0|0|0|0|0|2|15000|0|0|0|0|0
S|DINNO|13518194|120848417| |TF|0|0|0|0|0|0|1|11000|0|0|0|0|0

P|DINO2R|06|DINNO|0|6
S|LL06F|14572222|121134167|MIA|CF|0|6300|760|6260|710|260|0|0|0|0|0|0|0
S|GONAN|14452778|121258056| |TF|0|0|0|0|0|260|0|0|0|0|0|0|0
S|CLENA|14281111|121061667| |TF|2|0|0|0|0|0|1|10000|0|0|0|0|0
S|TABLA|14042778|120893611| |TF|0|0|0|0|0|0|1|13400|0|0|0|0|0
S|LAYAN|13889167|120785556| |TF|0|0|0|0|0|0|0|0|0|0|0|0|0
S|DINNO|13518194|120848417| |TF|0|0|0|0|0|0|0|0|0|0|0|0|0

P|DINO2V|13|DINNO|0|5
S|CLAIR|14432222|121098611|MIA|CF|0|13800|640|13830|670|0|0|0|0|0|0|0|0
S|CLENA|14281111|121061667| |TF|0|0|0|0|0|0|1|4000|0|0|0|0|0
S|TABLA|14042778|120893611| |TF|0|0|0|0|0|0|0|0|0|0|0|0|0
S|LAYAN|13889167|120785556| |TF|0|0|0|0|0|0|0|0|0|0|0|0|0
S|DINNO|13518194|120848417| |TF|0|0|0|0|0|0|1|11000|0|0|0|0|0

P|DINO4V|13|DINNO|0|4
S|CLAIR|14432222|121098611|MIA|CF|0|13800|640|13830|670|220|0|0|0|0|0|0|0
S|BILID|14357500|121005278| |TF|2|0|0|0|0|0|0|0|0|0|0|0|0
S|BUGAN|14035000|120945000| |TF|0|0|0|0|0|0|2|15000|0|0|0|0|0
S|DINNO|13518194|120848417| |TF|0|0|0|0|0|0|1|11000|0|0|0|0|0

P|HARBO1|31|HARBO|0|1
S|HARBO|14618167|120906194|MIA|CF|0|31800|940|31740|810|0|1|2000|0|1|0|0|0

P|IBAG2A|06|IBAGO|0|5
S| |91000000|181000000| |CA|0|6300|0|0|0|0|1|3000|0|0|0|0|0
S| |91000000|181000000| |VI|2|20200|0|0|0|0|0|0|0|0|0|0|0
S|CARMO|14261111|121068750|MIA|CF|0|17200|1500|17250|300|0|1|5000|0|0|0|0|0
S|LIGPA|13956222|121126694| |TF|0|0|0|0|0|0|1|9000|0|0|0|0|0
S|IBAGO|13543833|121309528| |TF|0|0|0|0|0|0|0|0|0|0|0|0|0

P|IBAG2B|24|IBAGO|0|5
S| |91000000|181000000| |CA|0|24300|0|0|0|0|1|580|0|0|0|0|0
S| |91000000|181000000| |VI|1|14200|0|0|0|0|0|0|0|0|0|0|0
S|CARMO|14261111|121068750|MIA|CF|0|17200|1500|17250|1100|0|1|5000|0|0|0|0|0
S|LIGPA|13956222|121126694| |TF|0|0|0|0|0|0|1|9000|0|0|0|0|0
S|IBAGO|13543833|121309528| |TF|0|0|0|0|0|0|0|0|0|0|0|0|0

P|IBAG2C|13|IBAGO|0|6
S| |91000000|181000000| |CA|0|13800|0|0|0|0|1|580|0|0|0|0|0
S| |91000000|181000000| |VA|0|11300|0|0|0|0|1|3000|0|0|0|0|0
S| |91000000|181000000| |VI|2|21700|0|0|0|0|0|0|0|0|0|0|0
S|CARMO|14261111|121068750|MIA|CF|0|17200|1500|17250|500|0|1|5000|0|0|0|0|0
S|LIGPA|13956222|121126694| |TF|0|0|0|0|0|0|1|9000|0|0|0|0|0
S|IBAGO|13543833|121309528| |TF|0|0|0|0|0|0|0|0|0|0|0|0|0

P|IPAT2A|06|IPATA|0|5
S| |91000000|181000000| |CA|0|6300|0|0|0|0|1|3000|0|0|0|0|0
S| |91000000|181000000| |VI|2|16300|0|0|0|0|0|0|0|0|0|0|0
S|CAMBA|14324056|121249278|MIA|CF|0|13300|1720|13260|400|0|1|6000|0|0|0|0|0
S|SABIG|14155194|121457667| |TF|0|0|0|0|0|0|1|10000|0|0|0|0|0
S|IPATA|13865944|121813333| |TF|0|0|0|0|0|0|0|0|0|0|0|0|0

P|IPAT2B|24|IPATA|0|5
S| |91000000|181000000| |CA|0|24300|0|0|0|0|1|580|0|0|0|0|0
S| |91000000|181000000| |VI|1|10300|0|0|0|0|0|0|0|0|0|0|0
S|CAMBA|14324056|121249278|MIA|CF|0|13300|1720|13260|1100|0|1|6000|0|0|0|0|0
S|SABIG|14155194|121457667| |TF|0|0|0|0|0|0|1|10000|0|0|0|0|0
S|IPATA|13865944|121813333| |TF|0|0|0|0|0|0|0|0|0|0|0|0|0

P|IPAT2C|13|IPATA|0|5
S| |91000000|181000000| |CA|0|13800|0|0|0|0|1|580|0|0|0|0|0
S| |91000000|181000000| |VA|0|11300|0|0|0|0|1|3000|0|0|0|0|0
S|CAMBA|14324056|121249278|MIA|CF|0|13300|1720|13260|1200|0|1|6000|0|0|0|0|0
S|SABIG|14155194|121457667| |TF|0|0|0|0|0|0|1|10000|0|0|0|0|0
S|IPATA|13865944|121813333| |TF|0|0|0|0|0|0|0|0|0|0|0|0|0

P|IPAT2P|24|IPATA|0|5
S|LL24F|14430833|120879722|MIA|CF|0|24300|950|24390|820|250|0|0|0|0|0|0|0
S|SAMPA|14271111|120973333| |TF|0|0|0|0|0|250|0|0|0|0|0|0|0
S|SUBAY|14407778|121233333| |TF|0|0|0|0|0|0|1|11000|0|0|0|0|0
S|BILIN|14095833|121638056| |TF|0|0|0|0|0|0|0|0|0|0|0|0|0
S|IPATA|13865944|121813333| |TF|0|0|0|0|0|0|0|0|0|0|0|0|0

P|IPAT2R|06|IPATA|0|5
S|LL06F|14572222|121134167|MIA|CF|0|6300|760|6260|710|0|0|0|0|0|0|0|0
S|TANAU|14586944|121262500| |TF|0|0|0|0|0|0|0|0|0|0|0|0|0
S|FALLS|14274167|121502222| |TF|0|0|0|0|0|0|1|11000|0|0|0|0|0
S|BILIN|14095833|121638056| |TF|0|0|0|0|0|0|0|0|0|0|0|0|0
S|IPATA|13865944|121813333| |TF|0|0|0|0|0|0|0|0|0|0|0|0|0

P|IPAT2V|13|IPATA|0|4
S|CLAIR|14432222|121098611|MIA|CF|0|13800|640|13830|670|0|0|0|0|0|0|0|0
S|OGONG|14243611|121401667| |TF|0|0|0|0|0|0|1|11000|0|0|0|0|0
S|BILIN|14095833|121638056| |TF|0|0|0|0|0|0|0|0|0|0|0|0|0
S|IPATA|13865944|121813333| |TF|0|0|0|0|0|0|0|0|0|0|0|0|0

P|IPAT4V|13|IPATA|0|4
S|CLAIR|14432222|121098611|MIA|CF|0|13800|640|13830|670|0|0|0|0|0|0|0|0
S|SUBAY|14407778|121233333| |TF|0|0|0|0|0|0|0|0|0|0|0|0|0
S|BILIN|14095833|121638056| |TF|0|0|0|0|0|0|0|0|0|0|0|0|0
S|IPATA|13865944|121813333| |TF|0|0|0|0|0|0|1|10000|0|0|0|0|0

P|JOM2A|06|JOM|0|4
S| |91000000|181000000| |CA|0|6300|0|0|0|0|1|3000|0|0|0|0|0
S| |91000000|181000000| |VI|0|11400|0|0|0|0|0|0|0|0|0|0|0
S|TANAY|14557222|121344167|MIA|CF|0|8400|1900|8410|1200|0|1|7000|0|0|0|0|0
S|JOM|14704872|122329981| |TF|0|0|0|0|0|0|0|0|0|0|0|0|0

P|JOM2B|24|JOM|0|4
S| |91000000|181000000| |CA|0|24300|0|0|0|0|1|580|0|0|0|0|0
S| |91000000|181000000| |VI|1|5400|0|0|0|0|0|0|0|0|0|0|0
S|TANAY|14557222|121344167|MIA|CF|0|8400|1900|8410|1200|0|1|7000|0|0|0|0|0
S|JOM|14704872|122329981| |TF|0|0|0|0|0|0|0|0|0|0|0|0|0

P|JOM2C|13|JOM|0|5
S| |91000000|181000000| |CA|0|13800|0|0|0|0|1|580|0|0|0|0|0
S| |91000000|181000000| |VA|0|11300|0|0|0|0|1|3000|0|0|0|0|0
S| |91000000|181000000| |VI|0|5400|0|0|0|0|0|0|0|0|0|0|0
S|TANAY|14557222|121344167|MIA|CF|0|8400|1900|8410|900|0|1|7000|0|0|0|0|0
S|JOM|14704872|122329981| |TF|0|0|0|0|0|0|0|0|0|0|0|0|0

P|JOM2P|24|JOM|0|5
S|LL24F|14430833|120879722|MIA|CF|0|24300|950|24390|820|250|0|0|0|0|0|0|0
S|SAMPA|14271111|120973333| |TF|0|0|0|0|0|250|0|0|0|0|0|0|0
S|SUBAY|14407778|121233333| |TF|0|0|0|0|0|0|1|11000|0|0|0|0|0
S|CUEVA|14525278|121457778| |TF|0|0|0|0|0|0|1|14000|0|0|0|0|0
S|JOM|14704872|122329981| |TF|0|0|0|0|0|0|0|0|0|0|0|0|0

P|JOM2R|06|JOM|0|3
S|LL06F|14572222|121134167|MIA|CF|0|6300|760|6260|710|0|0|0|0|0|0|0|0
S|TANAU|14586944|121262500| |TF|0|0|0|0|0|0|0|0|0|0|0|0|0
S|JOM|14704872|122329981| |TF|0|0|0|0|0|0|1|8000|0|0|0|0|0

P|LAIY2A|06|LAIYA|0|5
S| |91000000|181000000| |CA|0|6300|0|0|0|0|1|3000|0|0|0|0|0
S| |91000000|181000000| |VI|2|20200|0|0|0|0|0|0|0|0|0|0|0
S|CARMO|14261111|121068750|MIA|CF|0|17200|1500|17250|300|0|1|5000|0|0|0|0|0
S|LIGPA|13956222|121126694| |TF|0|0|0|0|0|0|1|8000|0|0|0|0|0
S|LAIYA|13571917|121394556| |TF|0|0|0|0|0|0|0|0|0|0|0|0|0

P|LAIY2B|24|LAIYA|0|5
S| |91000000|181000000| |CA|0|24300|0|0|0|0|1|580|0|0|0|0|0
S| |91000000|181000000| |VI|1|14200|0|0|0|0|0|0|0|0|0|0|0
S|CARMO|14261111|121068750|MIA|CF|0|17200|1500|17250|1100|0|1|5000|0|0|0|0|0
S|LIGPA|13956222|121126694| |TF|0|0|0|0|0|0|1|8000|0|0|0|0|0
S|LAIYA|13571917|121394556| |TF|0|0|0|0|0|0|0|0|0|0|0|0|0

P|LAIY2C|13|LAIYA|0|6
S| |91000000|181000000| |CA|0|13800|0|0|0|0|1|580|0|0|0|0|0
S| |91000000|181000000| |VA|0|11300|0|0|0|0|1|3000|0|0|0|0|0
S| |91000000|181000000| |VI|2|21700|0|0|0|0|0|0|0|0|0|0|0
S|CARMO|14261111|121068750|MIA|CF|0|17200|1500|17250|500|0|1|5000|0|0|0|0|0
S|LIGPA|13956222|121126694| |TF|0|0|0|0|0|0|1|8000|0|0|0|0|0
S|LAIYA|13571917|121394556| |TF|0|0|0|0|0|0|0|0|0|0|0|0|0

P|NATI2A|06|NATIB|0|5
S| |91000000|181000000| |CA|0|6300|0|0|0|0|1|3000|0|0|0|0|0
S| |91000000|181000000| |VI|1|24700|0|0|0|0|0|0|0|0|0|0|0
S|TONDO|14562111|120857722|MIA|CF|0|29200|1010|29170|500|0|1|6000|0|0|0|0|0
S|BATAN|14660278|120559167| |TF|0|0|0|0|0|0|0|0|0|0|0|0|0
S|NATIB|14713111|120398000| |TF|0|0|0|0|0|0|0|0|0|0|0|0|0

P|NATI2B|24|NATIB|0|4
S| |91000000|181000000| |CA|0|24300|0|0|0|0|1|3000|0|0|0|0|0
S|TONDO|14562111|120857722| |DF|2|0|0|0|0|0|1|6000|0|0|0|0|0
S|BATAN|14660278|120559167| |TF|0|0|0|0|0|0|0|0|0|0|0|0|0
S|NATIB|14713111|120398000| |TF|0|0|0|0|0|0|0|0|0|0|0|0|0

P|NATI2C|13|NATIB|0|6
S| |91000000|181000000| |CA|0|13800|0|0|0|0|1|580|0|0|0|0|0
S| |91000000|181000000| |VA|0|11300|0|0|0|0|1|3000|0|0|0|0|0
S| |91000000|181000000| |VI|2|32200|0|0|0|0|0|0|0|0|0|0|0
S|TONDO|14562111|120857722|MIA|CF|0|29200|1010|29170|900|0|1|6000|0|0|0|0|0
S|BATAN|14660278|120559167| |TF|0|0|0|0|0|0|0|0|0|0|0|0|0
S|NATIB|14713111|120398000| |TF|0|0|0|0|0|0|0|0|0|0|0|0|0

P|OLIV2A|06|OLIVA|0|4
S| |91000000|181000000| |CA|0|6300|0|0|0|0|1|3000|0|0|0|0|0
S| |91000000|181000000| |VI|1|28500|0|0|0|0|0|0|0|0|0|0|0
S|VOTAS|14710583|120884500|MIA|CF|0|33000|1450|32960|600|0|1|6000|0|0|0|0|0
S|OLIVA|14949389|120722333| |TF|0|0|0|0|0|0|0|0|0|0|0|0|0

P|OLIV2B|24|OLIVA|0|4
S| |91000000|181000000| |CA|0|24300|0|0|0|0|1|3000|0|0|0|0|0
S| |91000000|181000000| |VI|2|1500|0|0|0|0|0|0|0|0|0|0|0
S|VOTAS|14710583|120884500|MIA|CF|0|33000|1450|32960|500|0|1|6000|0|0|0|0|0
S|OLIVA|14949389|120722333| |TF|0|0|0|0|0|0|0|0|0|0|0|0|0

P|OLIV2C|13|OLIVA|0|4
S| |91000000|181000000| |CA|0|13800|0|0|0|0|1|580|0|0|0|0|0
S| |91000000|181000000| |VA|0|11300|0|0|0|0|1|3000|0|0|0|0|0
S|VOTAS|14710583|120884500|MIA|CF|2|33000|1450|32960|2000|0|1|6000|0|0|0|0|0
S|OLIVA|14949389|120722333| |TF|0|0|0|0|0|0|0|0|0|0|0|0|0

P|SIMB2A|06|SIMBO|0|5
S| |91000000|181000000| |CA|0|6300|0|0|0|0|1|3000|0|0|0|0|0
S| |91000000|181000000| |VI|1|27000|0|0|0|0|0|0|0|0|0|0|0
S|LABON|14640556|120871861|MIA|CF|0|31500|1180|31530|400|0|1|6000|0|0|0|0|0
S|REPAT|14831333|120655694| |TF|0|0|0|0|0|0|0|0|0|0|0|0|0
S|SIMBO|14794500|120398000| |TF|0|0|0|0|0|0|0|0|0|0|0|0|0

P|SIMB2B|24|SIMBO|0|5
S| |91000000|181000000| |CA|0|24300|0|0|0|0|1|3000|0|0|0|0|0
S| |91000000|181000000| |VI|2|36000|0|0|0|0|0|0|0|0|0|0|0
S|LABON|14640556|120871861|MIA|CF|0|31500|1180|31530|100|0|1|6000|0|0|0|0|0
S|REPAT|14831333|120655694| |TF|0|0|0|0|0|0|0|0|0|0|0|0|0
S|SIMBO|14794500|120398000| |TF|0|0|0|0|0|0|0|0|0|0|0|0|0

P|SIMB2C|13|SIMBO|0|5
S| |91000000|181000000| |CA|0|13800|0|0|0|0|1|580|0|0|0|0|0
S| |91000000|181000000| |VA|0|11300|0|0|0|0|1|3000|0|0|0|0|0
S|LABON|14640556|120871861|MIA|CF|2|31500|1180|31530|1700|0|1|6000|0|0|0|0|0
S|REPAT|14831333|120655694| |TF|0|0|0|0|0|0|0|0|0|0|0|0|0
S|SIMBO|14794500|120398000| |TF|0|0|0|0|0|0|0|0|0|0|0|0|0

P|SIRC2D|06|SIRCA|0|5
S| |91000000|181000000| |CA|0|6300|0|0|0|0|1|3000|0|0|0|0|0
S| |91000000|181000000| |VI|2|29900|0|0|0|0|0|0|0|0|0|0|0
S|DILAN|14490528|120764639|MIA|CF|0|26900|1500|26910|1700|0|1|6500|0|0|0|0|0
S|ATMIG|14468889|120451556| |TF|0|0|0|0|0|0|1|7000|0|0|0|0|0
S|SIRCA|14460639|120333972| |TF|0|0|0|0|0|0|0|0|0|0|0|0|0

P|SIRC2E|24|SIRCA|0|5
S| |91000000|181000000| |CA|0|24300|0|0|0|0|1|3000|0|0|0|0|0
S| |91000000|181000000| |VI|0|29900|0|0|0|0|0|0|0|0|0|0|0
S|DILAN|14490528|120764639|MIA|CF|0|26900|1500|26910|500|0|1|6500|0|0|0|0|0
S|ATMIG|14468889|120451556| |TF|0|0|0|0|0|0|1|7000|0|0|0|0|0
S|SIRCA|14460639|120333972| |TF|0|0|0|0|0|0|0|0|0|0|0|0|0

P|SIRC2F|13|SIRCA|0|6
S| |91000000|181000000| |CA|0|13800|0|0|0|0|1|580|0|0|0|0|0
S| |91000000|181000000| |VA|0|11300|0|0|0|0|1|3000|0|0|0|0|0
S| |91000000|181000000| |VI|2|29900|0|0|0|0|0|0|0|0|0|0|0
S|DILAN|14490528|120764639|MIA|CF|0|26900|1500|26910|800|0|1|6500|0|0|0|0|0
S|ATMIG|14468889|120451556| |TF|0|0|0|0|0|0|1|7000|0|0|0|0|0
S|SIRCA|14460639|120333972| |TF|0|0|0|0|0|0|0|0|0|0|0|0|0

P|SIRC2P|24|SIRCA|0|4
S|DER24|14498567|121001433| |DF|0|0|0|0|0|0|0|0|0|1|0|0|0
S| |91000000|181000000| |CA|0|24300|0|0|0|0|1|1000|0|0|0|0|0
S|GIDOR|14470278|120728333| |DF|0|0|0|0|0|0|2|9000|0|0|0|0|0
S|SIRCA|14460639|120333972| |TF|0|0|0|0|0|0|1|6000|0|0|0|0|0

P|SIRC2R|06|SIRCA|0|5
S|LL06F|14572222|121134167|MIA|CF|0|6300|760|6260|710|240|0|0|0|0|0|0|0
S|LL06G|14701111|121135000| |TF|0|0|0|0|0|240|0|0|0|0|0|0|0
S|ZUELA|14700000|120997500| |TF|1|0|0|0|0|240|0|0|0|0|0|0|0
S|MAYAZ|14641389|120834167| |TF|0|0|0|0|0|0|1|10000|0|0|0|0|0
S|SIRCA|14460639|120333972| |TF|0|0|0|0|0|0|0|0|0|0|0|0|0

P|TIMO2A|06|TIMON|0|4
S| |91000000|181000000| |CA|0|6300|0|0|0|0|1|3000|0|0|0|0|0
S| |91000000|181000000| |VI|0|15000|0|0|0|0|0|0|0|0|0|0|0
S|TALIM|14356583|121328111|MIA|CF|0|12000|2000|11980|800|0|1|5000|0|0|0|0|0
S|TIMON|14052639|121939639| |TF|0|0|0|0|0|0|1|8000|0|0|0|0|0

P|TIMO2B|24|TIMON|0|4
S| |91000000|181000000| |CA|0|24300|0|0|0|0|1|580|0|0|0|0|0
S| |91000000|181000000| |VI|1|9000|0|0|0|0|0|0|0|0|0|0|0
S|TALIM|14356583|121328111|MIA|CF|0|12000|2000|11980|1300|0|1|5000|0|0|0|0|0
S|TIMON|14052639|121939639| |TF|0|0|0|0|0|0|1|8000|0|0|0|0|0

P|TIMO2C|13|TIMON|0|4
S| |91000000|181000000| |CA|0|13800|0|0|0|0|1|580|0|0|0|0|0
S| |91000000|181000000| |VA|0|11300|0|0|0|0|1|3000|0|0|0|0|0
S|TALIM|14356583|121328111|MIA|CF|0|12000|2000|11980|1500|0|1|5000|0|0|0|0|0
S|TIMON|14052639|121939639| |TF|0|0|0|0|0|0|1|8000|0|0|0|0|0

P|TIMO2P|24|TIMON|0|5
S|LL24F|14430833|120879722|MIA|CF|0|24300|950|24390|820|250|0|0|0|0|0|0|0
S|SAMPA|14271111|120973333| |TF|0|0|0|0|0|250|0|0|0|0|0|0|0
S|SUBAY|14407778|121233333| |TF|0|0|0|0|0|0|1|11000|0|0|0|0|0
S|BILIN|14095833|121638056| |TF|0|0|0|0|0|0|0|0|0|0|0|0|0
S|TIMON|14052639|121939639| |TF|0|0|0|0|0|0|0|0|0|0|0|0|0

P|TIMO2R|06|TIMON|0|5
S|LL06F|14572222|121134167|MIA|CF|0|6300|760|6260|710|0|0|0|0|0|0|0|0
S|TANAU|14586944|121262500| |TF|0|0|0|0|0|0|0|0|0|0|0|0|0
S|FALLS|14274167|121502222| |TF|0|0|0|0|0|0|1|11000|0|0|0|0|0
S|BILIN|14095833|121638056| |TF|0|0|0|0|0|0|0|0|0|0|0|0|0
S|TIMON|14052639|121939639| |TF|0|0|0|0|0|0|0|0|0|0|0|0|0

P|TIMO2V|13|TIMON|0|4
S|CLAIR|14432222|121098611|MIA|CF|0|13800|640|13830|670|0|0|0|0|0|0|0|0
S|OGONG|14243611|121401667| |TF|0|0|0|0|0|0|1|11000|0|0|0|0|0
S|BILIN|14095833|121638056| |TF|0|0|0|0|0|0|0|0|0|0|0|0|0
S|TIMON|14052639|121939639| |TF|0|0|0|0|0|0|0|0|0|0|0|0|0

P|TIMO4V|13|TIMON|0|4
S|CLAIR|14432222|121098611|MIA|CF|0|13800|640|13830|670|0|0|0|0|0|0|0|0
S|SUBAY|14407778|121233333| |TF|0|0|0|0|0|0|0|0|0|0|0|0|0
S|BILIN|14095833|121638056| |TF|0|0|0|0|0|0|0|0|0|0|0|0|0
S|TIMON|14052639|121939639| |TF|0|0|0|0|0|0|1|8000|0|0|0|0|0

P|VERD2A|06|VERDE|0|4
S| |91000000|181000000| |CA|0|6300|0|0|0|0|1|3000|0|0|0|0|0
S| |91000000|181000000| |VI|2|21200|0|0|0|0|0|0|0|0|0|0|0
S|TAALA|14046917|121026361|MIA|CF|0|18200|2750|18240|1600|0|1|8000|0|0|0|0|0
S|VERDE|13503667|121031778| |TF|0|0|0|0|0|0|1|11000|0|0|0|0|0

P|VERD2B|24|VERDE|0|4
S| |91000000|181000000| |CA|0|24300|0|0|0|0|1|580|0|0|0|0|0
S| |91000000|181000000| |VI|1|15200|0|0|0|0|0|0|0|0|0|0|0
S|TAALA|14046917|121026361|MIA|CF|0|18200|2750|18240|2400|0|1|8000|0|0|0|0|0
S|VERDE|13503667|121031778| |TF|0|0|0|0|0|0|1|11000|0|0|0|0|0

P|VERD2C|13|VERDE|0|5
S| |91000000|181000000| |CA|0|13800|0|0|0|0|1|580|0|0|0|0|0
S| |91000000|181000000| |VA|0|11300|0|0|0|0|1|3000|0|0|0|0|0
S| |91000000|181000000| |VI|2|21200|0|0|0|0|0|0|0|0|0|0|0
S|TAALA|14046917|121026361|MIA|CF|0|18200|2750|18240|1400|0|1|8000|0|0|0|0|0
S|VERDE|13503667|121031778| |TF|0|0|0|0|0|0|1|11000|0|0|0|0|0

P|VERD2P|24|VERDE|0|3
S|LL24F|14430833|120879722|MIA|CF|0|24300|950|24390|820|0|0|0|0|0|0|0|0
S|BUGAN|14035000|120945000| |TF|0|0|0|0|0|0|2|15000|0|0|0|0|0
S|VERDE|13503667|121031778| |TF|0|0|0|0|0|0|1|11000|0|0|0|0|0

P|VERD2R|06|VERDE|0|5
S|LL06F|14572222|121134167|MIA|CF|0|6300|760|6260|710|260|0|0|0|0|0|0|0
S|GONAN|14452778|121258056| |TF|0|0|0|0|0|260|0|0|0|0|0|0|0
S|CLENA|14281111|121061667| |TF|2|0|0|0|0|0|1|10000|0|0|0|0|0
S|TABLA|14042778|120893611| |TF|0|0|0|0|0|0|1|13400|0|0|0|0|0
S|VERDE|13503667|121031778| |TF|0|0|0|0|0|0|0|0|0|0|0|0|0

P|VERD2V|13|VERDE|0|4
S|CLAIR|14432222|121098611|MIA|CF|0|13800|640|13830|670|0|0|0|0|0|0|0|0
S|CLENA|14281111|121061667| |TF|0|0|0|0|0|0|1|4000|0|0|0|0|0
S|TABLA|14042778|120893611| |TF|0|0|0|0|0|0|0|0|0|0|0|0|0
S|VERDE|13503667|121031778| |TF|0|0|0|0|0|0|1|11000|0|0|0|0|0

P|VERD4V|13|VERDE|0|4
S|CLAIR|14432222|121098611|MIA|CF|0|13800|640|13830|670|220|0|0|0|0|0|0|0
S|BILID|14357500|121005278| |TF|2|0|0|0|0|0|0|0|0|0|0|0|0
S|BUGAN|14035000|120945000| |TF|0|0|0|0|0|0|2|15000|0|0|0|0|0
S|VERDE|13503667|121031778| |TF|0|0|0|0|0|0|1|11000|0|0|0|0|0

