P|LATI1A|35|LATIA|0|5
S| |91000000|181000000| |CA|0|35400|0|0|0|0|1|1010|0|0|0|0|0
S|GSA|6075667|125092194| |DF|2|0|0|0|0|0|0|0|0|0|0|0|0
S|D349J|6239692|125058428| |TF|0|0|0|0|0|0|1|9000|0|0|0|0|0
S|PAKAN|6485611|125007667| |TF|0|0|0|0|0|0|1|13000|0|0|0|0|0
S|LATIA|6904750|124921250| |TF|0|0|0|0|0|0|0|0|0|0|0|0|0

P|LATI1B|17|LATIA|0|5
S| |91000000|181000000| |CA|0|17400|0|0|0|0|1|1010|0|0|0|0|0
S| |91000000|181000000| |VI|1|31900|0|0|0|0|0|0|0|0|0|0|0
S|D349J|6239692|125058428|GSA|CF|0|34900|1000|34940|500|0|1|9000|0|0|0|0|0
S|PAKAN|6485611|125007667| |TF|0|0|0|0|0|0|1|13000|0|0|0|0|0
S|LATIA|6904750|124921250| |TF|0|0|0|0|0|0|0|0|0|0|0|0|0

P|LATI4P|35|LATIA|0|5
S| |91000000|181000000| |CA|0|35400|0|0|0|0|1|1100|0|0|0|0|0
S|TENIN|6231667|125239528|GSA|CF|0|5400|1280|4440|1100|250|0|0|0|0|0|0|0
S|KABAY|6445333|125288611| |TF|0|0|0|0|0|0|0|0|0|0|0|0|0
S|YESHA|6643250|125130472| |TF|0|0|0|0|0|0|0|0|0|0|0|0|0
S|LATIA|6904750|124921250| |TF|0|0|0|0|0|0|1|13000|0|0|0|0|0

P|LATI4R|17|LATIA|0|5
S|TELMA|5977139|125106083|GSA|CF|0|17400|590|17300|400|230|0|0|0|1|0|0|0
S|AGRID|6160167|125180889| |DF|1|0|0|0|0|0|0|0|0|0|0|0|0
S|KABAY|6445333|125288611| |TF|0|0|0|0|0|0|0|0|0|0|0|0|0
S|YESHA|6643250|125130472| |TF|0|0|0|0|0|0|0|0|0|0|0|0|0
S|LATIA|6904750|124921250| |TF|0|0|0|0|0|0|1|13000|0|0|0|0|0

P|MEGO1A|35|MEGOM|0|4
S| |91000000|181000000| |CA|0|35400|0|0|0|0|1|1010|0|0|0|0|0
S|D029J|6223539|125170736|GSA|CF|0|2900|1000|2900|1000|0|1|6000|0|0|0|0|0
S|KABAY|6445333|125288611| |TF|0|0|0|0|0|0|0|0|0|0|0|0|0
S|MEGOM|6715417|125432306| |TF|0|0|0|0|0|0|0|0|0|0|0|0|0

P|MEGO1B|17|MEGOM|0|5
S| |91000000|181000000| |CA|0|17400|0|0|0|0|1|1010|0|0|0|0|0
S| |91000000|181000000| |VI|1|35900|0|0|0|0|0|0|0|0|0|0|0
S|D029J|6223539|125170736|GSA|CF|0|2900|1000|2900|200|0|1|6000|0|0|0|0|0
S|KABAY|6445333|125288611| |TF|0|0|0|0|0|0|0|0|0|0|0|0|0
S|MEGOM|6715417|125432306| |TF|0|0|0|0|0|0|0|0|0|0|0|0|0

P|MELB1A|35|MELBY|0|4
S| |91000000|181000000| |CA|0|35400|0|0|0|0|1|1010|0|0|0|0|0
S|D322J|6205939|124987047|GSA|CF|2|32200|1000|32210|1100|0|1|7000|0|0|0|0|0
S|BALKA|6401278|124829278| |TF|0|0|0|0|0|0|1|10000|0|0|0|0|0
S|MELBY|6668750|124612944| |TF|0|0|0|0|0|0|0|0|0|0|0|0|0

P|MELB1B|17|MELBY|0|5
S| |91000000|181000000| |CA|0|17400|0|0|0|0|1|1010|0|0|0|0|0
S| |91000000|181000000| |VI|1|29200|0|0|0|0|0|0|0|0|0|0|0
S|D322J|6205939|124987047|GSA|CF|0|32200|1000|32210|1000|0|1|7000|0|0|0|0|0
S|BALKA|6401278|124829278| |TF|0|0|0|0|0|0|1|10000|0|0|0|0|0
S|MELBY|6668750|124612944| |TF|0|0|0|0|0|0|0|0|0|0|0|0|0

P|SEBU1A|35|SEBUL|0|5
S| |91000000|181000000| |CA|0|35400|0|0|0|0|1|1010|0|0|0|0|0
S| |91000000|181000000| |VI|2|31700|0|0|0|0|0|0|0|0|0|0|0
S|D287J|6121147|124931172|GSA|CF|0|28700|1000|28680|900|0|1|8000|0|0|0|0|0
S|KAMBE|6189417|124689611| |TF|0|0|0|0|0|0|1|10000|0|0|0|0|0
S|SEBUL|6229333|124547861| |TF|0|0|0|0|0|0|0|0|0|0|0|0|0

P|SEBU1B|17|SEBUL|0|5
S| |91000000|181000000| |CA|0|17400|0|0|0|0|1|1010|0|0|0|0|0
S| |91000000|181000000| |VI|1|25700|0|0|0|0|0|0|0|0|0|0|0
S|D287J|6121147|124931172|GSA|CF|0|28700|1000|28680|900|0|1|8000|0|0|0|0|0
S|KAMBE|6189417|124689611| |TF|0|0|0|0|0|0|1|10000|0|0|0|0|0
S|SEBUL|6229333|124547861| |TF|0|0|0|0|0|0|0|0|0|0|0|0|0

P|SEBU4R|17|SEBUL|0|4
S|ATLAV|5918972|125113194|GSA|CF|0|17400|940|17340|750|250|0|0|0|1|0|0|0
S|ESCAR|5802722|124926556| |DF|0|0|0|0|0|0|0|0|0|0|0|0|0
S|REDBE|5911528|124732306| |TF|0|0|0|0|0|0|0|0|0|0|0|0|0
S|SEBUL|6229333|124547861| |TF|0|0|0|0|0|0|1|10000|0|0|0|0|0

P|VINE1A|35|VINEV|0|5
S| |91000000|181000000| |CA|0|35400|0|0|0|0|1|1010|0|0|0|0|0
S| |91000000|181000000| |VI|2|20400|0|0|0|0|0|0|0|0|0|0|0
S|ANIMU|5747333|125133083|GSA|CF|0|17400|1980|17390|1400|0|1|10000|0|0|0|0|0
S|BURIA|5660222|125143917| |TF|0|0|0|0|0|0|0|0|0|0|0|0|0
S|VINEV|5498500|125163000| |TF|0|0|0|0|0|0|0|0|0|0|0|0|0

P|VINE1B|17|VINEV|0|4
S| |91000000|181000000| |CA|0|17400|0|0|0|0|1|1010|0|0|0|0|0
S|ANIMU|5747333|125133083|GSA|CF|0|17400|1980|17390|1800|0|1|10000|0|0|0|0|0
S|BURIA|5660222|125143917| |TF|0|0|0|0|0|0|0|0|0|0|0|0|0
S|VINEV|5498500|125163000| |TF|0|0|0|0|0|0|0|0|0|0|0|0|0

P|VINE4P|35|VINEV|0|3
S| |91000000|181000000| |CA|0|35400|0|0|0|0|1|1100|0|0|0|0|0
S|RELOX|5899528|125263000| |DF|2|0|0|0|0|250|0|0|0|0|0|0|0
S|VINEV|5498500|125163000| |TF|0|0|0|0|0|0|1|10000|0|0|0|0|0

P|VINE4R|17|VINEV|0|3
S|TELMA|5977139|125106083|GSA|CF|0|17400|590|17300|400|0|0|0|0|1|0|0|0
S|IGASI|5789250|125128694| |DF|0|0|0|0|0|0|0|0|0|0|0|0|0
S|VINEV|5498500|125163000| |TF|0|0|0|0|0|0|1|10000|0|0|0|0|0

P|VINE4S|35|VINEV|0|4
S| |91000000|181000000| |CA|0|35400|0|0|0|0|1|1100|0|0|0|0|0
S|NARYA|6048833|125273111| |DF|2|0|0|0|0|250|0|0|0|0|0|0|0
S|JIEZL|5830278|125300139| |TF|0|0|0|0|0|0|0|0|0|0|0|0|0
S|VINEV|5498500|125163000| |TF|0|0|0|0|0|0|1|10000|0|0|0|0|0

