P|BURC1E|09|BURCO|0|3
S|MZ500|6918056|122123056|ZAM|CF|0|9500|410|9660|450|0|0|0|0|1|0|0|0
S|MZ502|7106944|122191944| |DF|0|0|0|0|0|250|0|0|0|0|0|0|0
S|BURCO|7340833|122101528| |TF|0|0|0|0|0|0|0|0|0|0|0|0|0

P|BURC1W|27|BURCO|0|4
S|MZ522|6930000|121946944|ZAM|CF|0|27500|650|27380|750|250|0|0|0|1|0|0|0
S|MZ524|7091944|121863889| |DF|0|0|0|0|0|250|0|0|0|0|0|0|0
S|MZ526|7176667|121945000| |TF|0|0|0|0|0|0|0|0|0|0|0|0|0
S|BURCO|7340833|122101528| |TF|0|0|0|0|0|0|0|0|0|0|0|0|0

P|BURC2A|09|BURCO|0|5
S| |91000000|181000000| |CA|0|9500|0|0|0|0|1|540|0|0|0|0|0
S|ZAM|6924694|122055472|ZAM|FA|0|18100|0|0|0|0|1|3000|0|0|0|0|0
S| |91000000|181000000|ZAM|VD|0|13600|0|0|700|0|0|0|0|0|0|0|0
S|ZAM|6924694|122055472|ZAM|CF|2|100|0|0|800|0|1|6000|0|0|0|0|0
S|BURCO|7340833|122101528| |TF|0|0|0|0|0|0|1|8000|0|0|0|0|0

P|BURC2B|27|BURCO|0|5
S| |91000000|181000000| |CA|0|27500|0|0|0|0|1|540|0|0|0|0|0
S|ZAM|6924694|122055472|ZAM|FA|1|18100|0|0|0|0|1|3000|0|0|0|0|0
S| |91000000|181000000|ZAM|VD|0|13600|0|0|700|0|0|0|0|0|0|0|0
S|ZAM|6924694|122055472|ZAM|CF|2|100|0|0|800|0|1|6000|0|0|0|0|0
S|BURCO|7340833|122101528| |TF|0|0|0|0|0|0|1|8000|0|0|0|0|0

P|BURC2C|09|BURCO|0|3
S| |91000000|181000000| |CA|0|9500|0|0|0|0|1|3000|0|0|0|0|0
S| |91000000|181000000| |VI|1|33700|0|0|0|0|1|6000|0|0|0|0|0
S|BURCO|7340833|122101528|ZAM|CF|0|700|2500|730|1000|0|1|8000|0|0|0|0|0

P|BURC2D|27|BURCO|0|4
S| |91000000|181000000| |CA|0|27500|0|0|0|0|1|3000|0|0|0|0|0
S| |91000000|181000000|ZAM|VR|2|3700|0|31100|0|0|1|6000|0|0|0|0|0
S| |91000000|181000000| |VI|0|3700|0|0|0|0|0|0|0|0|0|0|0
S|BURCO|7340833|122101528|ZAM|CF|0|700|2500|730|1200|0|1|8000|0|0|0|0|0

P|COGE2A|09|COGEL|0|2
S| |91000000|181000000| |CA|0|9500|0|0|0|0|1|540|0|0|0|0|0
S|COGEL|6813056|122459222|ZAM|CF|0|10600|2500|10640|2500|0|1|10000|0|0|0|0|0

P|COGE2B|27|COGEL|0|3
S| |91000000|181000000| |CA|0|27500|0|0|0|0|1|540|0|0|0|0|0
S| |91000000|181000000| |VI|1|7600|0|0|0|0|0|0|0|0|0|0|0
S|COGEL|6813056|122459222|ZAM|CF|0|10600|2500|10640|1800|0|1|10000|0|0|0|0|0

P|GOST1E|09|GOSTO|0|2
S|MZ500|6918056|122123056|ZAM|CF|0|9500|410|9660|450|0|0|0|0|1|0|0|0
S|GOSTO|6972417|122471722| |DF|0|0|0|0|0|0|0|0|0|0|0|0|0

P|GOST1W|27|GOSTO|0|3
S|MZ520|6927222|121988611|ZAM|CF|0|27500|400|27320|500|0|0|0|0|1|0|0|0
S|MZ528|6774444|122255556| |DF|1|0|0|0|0|0|0|0|0|0|0|0|0
S|GOSTO|6972417|122471722| |TF|0|0|0|0|0|0|0|0|0|0|0|0|0

P|GOST2A|09|GOSTO|0|2
S| |91000000|181000000| |CA|0|9500|0|0|0|0|1|540|0|0|0|0|0
S|GOSTO|6972417|122471722|ZAM|CF|0|8400|2500|8440|2500|0|1|10000|0|0|0|0|0

P|GOST2B|27|GOSTO|0|3
S| |91000000|181000000| |CA|0|27500|0|0|0|0|1|540|0|0|0|0|0
S| |91000000|181000000| |VI|1|5400|0|0|0|0|0|0|0|0|0|0|0
S|GOSTO|6972417|122471722|ZAM|CF|0|8400|2500|8440|1900|0|1|10000|0|0|0|0|0

P|MASU2A|09|MASUN|0|5
S| |91000000|181000000| |CA|0|9500|0|0|0|0|1|540|0|0|0|0|0
S|ZAM|6924694|122055472|ZAM|FA|0|18100|0|0|0|0|1|3000|0|0|0|0|0
S| |91000000|181000000|ZAM|VD|0|13600|0|0|700|0|0|0|0|0|0|0|0
S|ZAM|6924694|122055472|ZAM|CF|2|100|0|0|800|0|1|6000|0|0|0|0|0
S|MASUN|7300444|121870639| |TF|0|0|0|0|0|0|1|7000|0|0|0|0|0

P|MASU2B|27|MASUN|0|5
S| |91000000|181000000| |CA|0|27500|0|0|0|0|1|540|0|0|0|0|0
S|ZAM|6924694|122055472|ZAM|FA|1|18100|0|0|0|0|1|3000|0|0|0|0|0
S| |91000000|181000000|ZAM|VD|0|13600|0|0|700|0|0|0|0|0|0|0|0
S|ZAM|6924694|122055472|ZAM|CF|2|100|0|0|800|0|1|6000|0|0|0|0|0
S|MASUN|7300444|121870639| |TF|0|0|0|0|0|0|1|7000|0|0|0|0|0

P|MASU2C|09|MASUN|0|4
S| |91000000|181000000| |CA|0|9500|0|0|0|0|1|3000|0|0|0|0|0
S| |91000000|181000000|ZAM|VR|1|30500|0|3000|0|0|1|6000|0|0|0|0|0
S| |91000000|181000000| |VI|0|30500|0|0|0|0|0|0|0|0|0|0|0
S|MASUN|7300444|121870639|ZAM|CF|0|33500|2500|33480|1300|0|1|7000|0|0|0|0|0

P|MASU2D|27|MASUN|0|4
S| |91000000|181000000| |CA|0|27500|0|0|0|0|1|3000|0|0|0|0|0
S| |91000000|181000000|ZAM|VR|2|500|0|31100|0|0|1|6000|0|0|0|0|0
S| |91000000|181000000| |VI|0|500|0|0|0|0|0|0|0|0|0|0|0
S|MASUN|7300444|121870639|ZAM|CF|0|33500|2500|33480|1200|0|1|7000|0|0|0|0|0

P|PARA1E|09|PARAL|0|2
S|MZ500|6918056|122123056|ZAM|CF|0|9500|410|9660|450|0|0|0|0|1|0|0|0
S|PARAL|7289250|122261583| |DF|0|0|0|0|0|0|0|0|0|0|0|0|0

P|PARA1W|27|PARAL|0|4
S|MZ522|6930000|121946944|ZAM|CF|0|27500|650|27380|750|250|0|0|0|1|0|0|0
S|MZ524|7091944|121863889| |DF|0|0|0|0|0|250|0|0|0|0|0|0|0
S|MZ526|7176667|121945000| |TF|0|0|0|0|0|0|0|0|0|0|0|0|0
S|PARAL|7289250|122261583| |TF|0|0|0|0|0|0|0|0|0|0|0|0|0

P|PARA2A|09|PARAL|0|5
S| |91000000|181000000| |CA|0|9500|0|0|0|0|1|540|0|0|0|0|0
S|ZAM|6924694|122055472|ZAM|FA|0|18100|0|0|0|0|1|3000|0|0|0|0|0
S| |91000000|181000000|ZAM|VD|0|13600|0|0|700|0|0|0|0|0|0|0|0
S|ZAM|6924694|122055472|ZAM|CF|2|100|0|0|800|0|1|6000|0|0|0|0|0
S|PARAL|7289250|122261583| |TF|0|0|0|0|0|0|1|8000|0|0|0|0|0

P|PARA2B|27|PARAL|0|5
S| |91000000|181000000| |CA|0|27500|0|0|0|0|1|540|0|0|0|0|0
S|ZAM|6924694|122055472|ZAM|FA|1|18100|0|0|0|0|1|3000|0|0|0|0|0
S| |91000000|181000000|ZAM|VD|0|13600|0|0|700|0|0|0|0|0|0|0|0
S|ZAM|6924694|122055472|ZAM|CF|2|100|0|0|800|0|1|6000|0|0|0|0|0
S|PARAL|7289250|122261583| |TF|0|0|0|0|0|0|1|8000|0|0|0|0|0

P|PARA2C|09|PARAL|0|3
S| |91000000|181000000| |CA|0|9500|0|0|0|0|1|3000|0|0|0|0|0
S| |91000000|181000000| |VI|1|36000|0|0|0|0|1|6000|0|0|0|0|0
S|PARAL|7289250|122261583|ZAM|CF|0|3000|2500|3050|1100|0|1|8000|0|0|0|0|0

P|PARA2D|27|PARAL|0|4
S| |91000000|181000000| |CA|0|27500|0|0|0|0|1|3000|0|0|0|0|0
S| |91000000|181000000|ZAM|VR|2|6000|0|31100|0|0|1|6000|0|0|0|0|0
S| |91000000|181000000| |VI|0|6000|0|0|0|0|0|0|0|0|0|0|0
S|PARAL|7289250|122261583|ZAM|CF|0|3000|2500|3050|1300|0|1|8000|0|0|0|0|0

P|PILA1E|09|PILAS|0|2
S|MZ500|6918056|122123056|ZAM|CF|0|9500|410|9660|450|0|0|0|0|1|0|0|0
S|PILAS|6822278|121649306| |DF|2|0|0|0|0|0|0|0|0|0|0|0|0

P|PILA1W|27|PILAS|0|2
S|MZ520|6927222|121988611|ZAM|CF|0|27500|400|27320|500|0|0|0|0|1|0|0|0
S|PILAS|6822278|121649306| |DF|0|0|0|0|0|0|0|0|0|0|0|0|0

P|PILA2A|09|PILAS|0|3
S| |91000000|181000000| |CA|0|9500|0|0|0|0|1|540|0|0|0|0|0
S| |91000000|181000000| |VI|2|28700|0|0|0|0|0|0|0|0|0|0|0
S|PILAS|6822278|121649306|ZAM|CF|0|25700|2500|25690|1800|0|1|8000|0|0|0|0|0

P|PILA2B|27|PILAS|0|2
S| |91000000|181000000| |CA|0|27500|0|0|0|0|1|540|0|0|0|0|0
S|PILAS|6822278|121649306|ZAM|CF|0|25700|2500|25690|2500|0|1|8000|0|0|0|0|0

P|TABU1E|09|TABUL|0|2
S|MZ500|6918056|122123056|ZAM|CF|0|9500|410|9660|450|0|0|0|0|1|0|0|0
S|TABUL|6543500|121882306| |DF|2|0|0|0|0|0|0|0|0|0|0|0|0

P|TABU1W|27|TABUL|0|2
S|MZ520|6927222|121988611|ZAM|CF|0|27500|400|27320|500|0|0|0|0|1|0|0|0
S|TABUL|6543500|121882306| |DF|0|0|0|0|0|0|0|0|0|0|0|0|0

P|TABU2A|09|TABUL|0|4
S| |91000000|181000000| |CA|0|9500|0|0|0|0|1|540|0|0|0|0|0
S| |91000000|181000000| |VI|2|23500|0|0|0|0|0|0|0|0|0|0|0
S|D205J|6772242|121986125|ZAM|CF|0|20500|1000|20550|200|0|1|5000|0|0|0|0|0
S|TABUL|6543500|121882306| |TF|0|0|0|0|0|0|1|8000|0|0|0|0|0

P|TABU2B|27|TABUL|0|3
S| |91000000|181000000| |CA|0|27500|0|0|0|0|1|540|0|0|0|0|0
S|D205J|6772242|121986125|ZAM|CF|0|20500|1000|20550|1000|0|1|5000|0|0|0|0|0
S|TABUL|6543500|121882306| |TF|0|0|0|0|0|0|1|8000|0|0|0|0|0

P|TANA2A|09|TANAL|0|4
S| |91000000|181000000| |CA|0|9500|0|0|0|0|1|540|0|0|0|0|0
S| |91000000|181000000| |VI|0|18100|0|0|0|0|0|0|0|0|0|0|0
S|D151J|6779308|122138631|ZAM|CF|0|15100|1000|15120|500|0|1|5000|0|0|0|0|0
S|TANAL|6561194|122263250| |TF|0|0|0|0|0|0|1|7000|0|0|0|0|0

P|TANA2B|27|TANAL|0|4
S| |91000000|181000000| |CA|0|27500|0|0|0|0|1|540|0|0|0|0|0
S| |91000000|181000000| |VI|1|12100|0|0|0|0|0|0|0|0|0|0|0
S|D151J|6779308|122138631|ZAM|CF|0|15100|1000|15120|300|0|1|5000|0|0|0|0|0
S|TANAL|6561194|122263250| |TF|0|0|0|0|0|0|1|7000|0|0|0|0|0

P|TIND2A|09|TINDO|0|5
S| |91000000|181000000| |CA|0|9500|0|0|0|0|1|540|0|0|0|0|0
S|ZAM|6924694|122055472|ZAM|FA|0|18100|0|0|0|0|1|3000|0|0|0|0|0
S| |91000000|181000000|ZAM|VD|0|13600|0|0|700|0|0|0|0|0|0|0|0
S|ZAM|6924694|122055472|ZAM|CF|2|100|0|0|800|0|1|6000|0|0|0|0|0
S|TINDO|7336472|121979861| |TF|0|0|0|0|0|0|1|7000|0|0|0|0|0

P|TIND2B|27|TINDO|0|5
S| |91000000|181000000| |CA|0|27500|0|0|0|0|1|540|0|0|0|0|0
S|ZAM|6924694|122055472|ZAM|FA|1|18100|0|0|0|0|1|3000|0|0|0|0|0
S| |91000000|181000000|ZAM|VD|0|13600|0|0|700|0|0|0|0|0|0|0|0
S|ZAM|6924694|122055472|ZAM|CF|2|100|0|0|800|0|1|6000|0|0|0|0|0
S|TINDO|7336472|121979861| |TF|0|0|0|0|0|0|1|7000|0|0|0|0|0

P|TIND2C|09|TINDO|0|4
S| |91000000|181000000| |CA|0|9500|0|0|0|0|1|3000|0|0|0|0|0
S| |91000000|181000000|ZAM|VR|1|32100|0|3000|0|0|1|6000|0|0|0|0|0
S| |91000000|181000000| |VI|0|32100|0|0|0|0|0|0|0|0|0|0|0
S|TINDO|7336472|121979861|ZAM|CF|0|35100|2500|35060|1100|0|1|7000|0|0|0|0|0

P|TIND2D|27|TINDO|0|4
S| |91000000|181000000| |CA|0|27500|0|0|0|0|1|3000|0|0|0|0|0
S| |91000000|181000000|ZAM|VR|2|2100|0|31100|0|0|1|6000|0|0|0|0|0
S| |91000000|181000000| |VI|0|2100|0|0|0|0|0|0|0|0|0|0|0
S|TINDO|7336472|121979861|ZAM|CF|0|35100|2500|35060|1100|0|1|7000|0|0|0|0|0

