P|CUY2P|17|CUY|0|4
S| |91000000|181000000| |CA|0|17500|0|0|0|0|1|1000|0|0|0|0|0
S|ANTIG|17436111|121619889| |DF|0|0|0|0|0|240|0|0|0|0|0|0|0
S|QIRIN|17235778|121635722| |TF|0|0|0|0|0|0|0|0|0|0|0|0|0
S|CUY|16931611|121748083| |TF|0|0|0|0|0|0|1|9000|0|0|0|0|0

P|CUY2R|35|CUY|0|5
S| |91000000|181000000| |CA|0|35500|0|0|0|0|1|1000|0|0|0|0|0
S|KALIN|17539583|121596417| |DF|1|0|0|0|0|240|0|0|0|0|0|0|0
S|ANTIG|17436111|121619889| |TF|0|0|0|0|0|0|0|0|0|0|0|0|0
S|QIRIN|17235778|121635722| |TF|0|0|0|0|0|0|0|0|0|0|0|0|0
S|CUY|16931611|121748083| |TF|0|0|0|0|0|0|1|9000|0|0|0|0|0

P|LAMU2P|17|LAMUT|0|4
S| |91000000|181000000| |CA|0|17500|0|0|0|0|1|1000|0|0|0|0|0
S|ANTIG|17436111|121619889| |DF|0|0|0|0|0|240|0|0|0|0|0|0|0
S|PARCE|17176417|121510694| |TF|0|0|0|0|0|0|1|6000|0|0|0|0|0
S|LAMUT|16695778|121269028| |TF|0|0|0|0|0|0|1|9000|0|0|0|0|0

P|LAMU2R|35|LAMUT|0|4
S| |91000000|181000000| |CA|0|35500|0|0|0|0|1|1000|0|0|0|0|0
S|KALIN|17539583|121596417| |DF|1|0|0|0|0|240|0|0|0|0|0|0|0
S|PARCE|17176417|121510694| |TF|0|0|0|0|0|0|1|6000|0|0|0|0|0
S|LAMUT|16695778|121269028| |TF|0|0|0|0|0|0|1|9000|0|0|0|0|0

P|PILI2P|17|PILLI|0|4
S| |91000000|181000000| |CA|0|17500|0|0|0|0|1|1000|0|0|0|0|0
S|TAPAC|17669889|121566806| |DF|2|0|0|0|0|240|0|0|0|0|0|0|0
S|MULUN|17838194|121612306| |TF|0|0|0|0|0|0|0|0|0|0|0|0|0
S|PILLI|17946889|121689472| |TF|0|0|0|0|0|0|1|3500|0|0|0|0|0

P|PILI2R|35|PILLI|0|3
S| |91000000|181000000| |CA|0|35500|0|0|0|0|1|1000|0|0|0|0|0
S|UT17A|17832972|121705889| |DF|0|0|0|0|0|0|0|0|0|0|0|0|0
S|PILLI|17946889|121689472| |TF|0|0|0|0|0|0|1|3500|0|0|0|0|0

