P|ALDI1Q|04L|ALDIN|0|5
S| |91000000|181000000| |CA|0|4700|0|0|0|0|1|2000|0|0|0|0|0
S|NIXUN|10194250|124230806| |DF|2|0|0|0|0|0|0|0|0|0|0|0|0
S|RULNI|9808750|124153472| |TF|0|0|0|0|0|0|0|0|0|0|0|0|0
S|EMDEE|9366222|123782222| |TF|0|0|0|0|0|0|0|0|0|0|0|0|0
S|ALDIN|9117000|123301083| |TF|0|0|0|0|0|0|0|0|0|0|0|0|0

P|ALDI1S|22R|ALDIN|0|4
S|ALDOL|10237583|123909194|MCT|CF|0|22600|650|22790|520|0|0|0|0|1|0|0|0
S|ATIBI|9721139|123833861| |DF|0|0|0|0|0|0|0|0|0|0|0|0|0
S|EMDEE|9366222|123782222| |TF|0|0|0|0|0|0|0|0|0|0|0|0|0
S|ALDIN|9117000|123301083| |TF|0|0|0|0|0|0|0|0|0|0|0|0|0

P|ALDI2A|04R|ALDIN|0|5
S| |91000000|181000000| |CA|0|4700|0|0|0|0|1|2000|0|0|0|0|0
S| |91000000|181000000| |VI|2|24200|0|0|0|0|0|0|0|0|0|0|0
S|LAMOK|9899306|123749750|MCT|CF|0|21200|2850|21170|2500|0|1|6000|0|0|0|0|0
S|AROLA|9600139|123577833| |TF|0|0|0|0|0|0|1|8000|0|0|0|0|0
S|ALDIN|9117000|123301083| |TF|0|0|0|0|0|0|0|0|0|0|0|0|0

P|ALDI2B|22L|ALDIN|0|5
S| |91000000|181000000| |CA|0|22700|0|0|0|0|1|2000|0|0|0|0|0
S| |91000000|181000000| |VI|0|18200|0|0|0|0|0|0|0|0|0|0|0
S|LAMOK|9899306|123749750|MCT|CF|0|21200|2850|21170|2000|0|1|6000|0|0|0|0|0
S|AROLA|9600139|123577833| |TF|0|0|0|0|0|0|1|8000|0|0|0|0|0
S|ALDIN|9117000|123301083| |TF|0|0|0|0|0|0|0|0|0|0|0|0|0

P|ALDI4P|04R|ALDIN|0|5
S| |91000000|181000000| |CA|0|4700|0|0|0|0|1|2000|0|0|0|0|0
S|NIXUN|10194250|124230806| |DF|2|0|0|0|0|0|0|0|0|0|0|0|0
S|RULNI|9808750|124153472| |TF|0|0|0|0|0|0|0|0|0|0|0|0|0
S|EMDEE|9366222|123782222| |TF|0|0|0|0|0|0|0|0|0|0|0|0|0
S|ALDIN|9117000|123301083| |TF|0|0|0|0|0|0|0|0|0|0|0|0|0

P|ALDI4R|22L|ALDIN|0|4
S|ALDOL|10237583|123909194|MCT|CF|0|22700|650|22790|500|0|0|0|0|1|0|0|0
S|ATIBI|9721139|123833861| |DF|0|0|0|0|0|0|0|0|0|0|0|0|0
S|EMDEE|9366222|123782222| |TF|0|0|0|0|0|0|0|0|0|0|0|0|0
S|ALDIN|9117000|123301083| |TF|0|0|0|0|0|0|0|0|0|0|0|0|0

P|BAMP2A|04R|BAMPA|0|4
S| |91000000|181000000| |CA|0|4700|0|0|0|0|1|2000|0|0|0|0|0
S| |91000000|181000000| |VI|2|16400|0|0|0|0|0|0|0|0|0|0|0
S|OLNID|10031778|124300722|MCT|CF|0|13400|2500|13430|1200|0|1|5000|0|0|0|0|0
S|BAMPA|9749667|124612611| |TF|0|0|0|0|0|0|1|8000|0|0|0|0|0

P|BAMP2B|22L|BAMPA|0|4
S| |91000000|181000000| |CA|0|22700|0|0|0|0|1|2000|0|0|0|0|0
S| |91000000|181000000| |VI|1|10400|0|0|0|0|0|0|0|0|0|0|0
S|OLNID|10031778|124300722|MCT|CF|0|13400|2500|13430|1100|0|1|5000|0|0|0|0|0
S|BAMPA|9749667|124612611| |TF|0|0|0|0|0|0|1|8000|0|0|0|0|0

P|BATA2A|04R|BATAY|0|5
S| |91000000|181000000| |CA|0|4700|0|0|0|0|1|3000|0|0|0|0|0
S| |91000000|181000000| |VI|1|30700|0|0|0|0|0|0|0|0|0|0|0
S|D352J|10478589|123959761|MCT|CF|0|35200|1000|35230|500|0|1|5000|0|0|0|0|0
S|TUBUR|10726139|123916889| |TF|0|0|0|0|0|0|1|6000|0|0|0|0|0
S|BATAY|11138694|123845306| |TF|0|0|0|0|0|0|0|0|0|0|0|0|0

P|BATA2B|22L|BATAY|0|5
S| |91000000|181000000| |CA|0|22700|0|0|0|0|1|3000|0|0|0|0|0
S| |91000000|181000000| |VI|2|3700|0|0|0|0|0|0|0|0|0|0|0
S|D352J|10478589|123959761|MCT|CF|0|35200|1000|35230|300|0|1|5000|0|0|0|0|0
S|TUBUR|10726139|123916889| |TF|0|0|0|0|0|0|1|6000|0|0|0|0|0
S|BATAY|11138694|123845306| |TF|0|0|0|0|0|0|0|0|0|0|0|0|0

P|BOHO2A|04R|BOHOL|0|4
S| |91000000|181000000| |CA|0|4700|0|0|0|0|1|2000|0|0|0|0|0
S| |91000000|181000000| |VI|2|18400|0|0|0|0|0|0|0|0|0|0|0
S|DAHOY|9942694|124184167|MCT|CF|0|15400|2500|15440|1300|0|1|5000|0|0|0|0|0
S|BOHOL|9571694|124379611| |TF|0|0|0|0|0|0|1|13000|0|0|0|0|0

P|BOHO2B|22L|BOHOL|0|4
S| |91000000|181000000| |CA|0|22700|0|0|0|0|1|2000|0|0|0|0|0
S| |91000000|181000000| |VI|1|12400|0|0|0|0|0|0|0|0|0|0|0
S|DAHOY|9942694|124184167|MCT|CF|0|15400|2500|15440|1100|0|1|5000|0|0|0|0|0
S|BOHOL|9571694|124379611| |TF|0|0|0|0|0|0|1|13000|0|0|0|0|0

P|BOLO2A|04R|BOLOB|0|4
S| |91000000|181000000| |CA|0|4700|0|0|0|0|1|2000|0|0|0|0|0
S| |91000000|181000000| |VI|2|20800|0|0|0|0|0|0|0|0|0|0|0
S|TOGIP|9895889|124017639|MCT|CF|0|17800|2500|17800|1600|0|1|5000|0|0|0|0|0
S|BOLOB|9478194|124046972| |TF|0|0|0|0|0|0|1|6000|0|0|0|0|0

P|BOLO2B|22L|BOLOB|0|4
S| |91000000|181000000| |CA|0|22700|0|0|0|0|1|2000|0|0|0|0|0
S| |91000000|181000000| |VI|0|14800|0|0|0|0|0|0|0|0|0|0|0
S|TOGIP|9895889|124017639|MCT|CF|0|17800|2500|17800|1200|0|1|5000|0|0|0|0|0
S|BOLOB|9478194|124046972| |TF|0|0|0|0|0|0|1|6000|0|0|0|0|0

P|CARE1Q|04L|CAREB|0|3
S| |91000000|181000000| |CA|0|4700|0|0|0|0|1|2000|0|0|0|0|0
S|NIRER|10225806|124335972| |DF|0|0|0|0|0|0|0|0|0|0|0|0|0
S|CAREB|9958861|124753667| |TF|0|0|0|0|0|0|0|0|0|0|0|0|0

P|CARE1S|22R|CAREB|0|4
S|ALDOL|10237583|123909194|MCT|CF|0|22600|650|22790|520|0|0|0|0|1|0|0|0
S|IVRIM|10043111|124075944| |DF|1|0|0|0|0|0|0|0|0|0|0|0|0
S|LEELA|10004222|124390167| |TF|0|0|0|0|0|0|0|0|0|0|0|0|0
S|CAREB|9958861|124753667| |TF|0|0|0|0|0|0|0|0|0|0|0|0|0

P|CARE4P|04R|CAREB|0|3
S| |91000000|181000000| |CA|0|4700|0|0|0|0|1|2000|0|0|0|0|0
S|NIRER|10225806|124335972| |DF|0|0|0|0|0|0|0|0|0|0|0|0|0
S|CAREB|9958861|124753667| |TF|0|0|0|0|0|0|0|0|0|0|0|0|0

P|CARE4R|22L|CAREB|0|4
S|ALDOL|10237583|123909194|MCT|CF|0|22700|650|22790|500|0|0|0|0|1|0|0|0
S|IVRIM|10043111|124075944| |DF|1|0|0|0|0|0|0|0|0|0|0|0|0
S|LEELA|10004222|124390167| |TF|0|0|0|0|0|0|0|0|0|0|0|0|0
S|CAREB|9958861|124753667| |TF|0|0|0|0|0|0|0|0|0|0|0|0|0

P|DUME1Q|04L|DUMEX|0|4
S| |91000000|181000000| |CA|0|4700|0|0|0|0|1|2000|0|0|0|0|0
S|NIXUN|10194250|124230806| |DF|2|0|0|0|0|0|0|0|0|0|0|0|0
S|THESA|9797417|124241833| |TF|0|0|0|0|0|0|0|0|0|0|0|0|0
S|DUMEX|9517472|124249611| |TF|0|0|0|0|0|0|0|0|0|0|0|0|0

P|DUME1S|22R|DUMEX|0|3
S|ALDOL|10237583|123909194|MCT|CF|0|22600|650|22790|520|0|0|0|0|1|0|0|0
S|TOGIP|9895889|124017639| |DF|0|0|0|0|0|0|0|0|0|0|0|0|0
S|DUMEX|9517472|124249611| |TF|0|0|0|0|0|0|0|0|0|0|0|0|0

P|DUME2A|04R|DUMEX|0|4
S| |91000000|181000000| |CA|0|4700|0|0|0|0|1|2000|0|0|0|0|0
S| |91000000|181000000| |VI|2|19400|0|0|0|0|0|0|0|0|0|0|0
S|MABID|9995167|124092972|MCT|CF|0|16400|2000|16400|900|0|1|5000|0|0|0|0|0
S|DUMEX|9517472|124249611| |TF|0|0|0|0|0|0|1|6000|0|0|0|0|0

P|DUME2B|22L|DUMEX|0|4
S| |91000000|181000000| |CA|0|22700|0|0|0|0|1|2000|0|0|0|0|0
S| |91000000|181000000| |VI|1|13400|0|0|0|0|0|0|0|0|0|0|0
S|MABID|9995167|124092972|MCT|CF|0|16400|2000|16400|600|0|1|5000|0|0|0|0|0
S|DUMEX|9517472|124249611| |TF|0|0|0|0|0|0|1|6000|0|0|0|0|0

P|DUME4P|04R|DUMEX|0|4
S| |91000000|181000000| |CA|0|4700|0|0|0|0|1|2000|0|0|0|0|0
S|NIXUN|10194250|124230806| |DF|2|0|0|0|0|0|0|0|0|0|0|0|0
S|THESA|9797417|124241833| |TF|0|0|0|0|0|0|0|0|0|0|0|0|0
S|DUMEX|9517472|124249611| |TF|0|0|0|0|0|0|0|0|0|0|0|0|0

P|DUME4R|22L|DUMEX|0|3
S|ALDOL|10237583|123909194|MCT|CF|0|22700|650|22790|500|0|0|0|0|1|0|0|0
S|TOGIP|9895889|124017639| |DF|0|0|0|0|0|0|0|0|0|0|0|0|0
S|DUMEX|9517472|124249611| |TF|0|0|0|0|0|0|0|0|0|0|0|0|0

P|EMDE1Q|04L|EMDEE|0|4
S| |91000000|181000000| |CA|0|4700|0|0|0|0|1|2000|0|0|0|0|0
S|NIXUN|10194250|124230806| |DF|2|0|0|0|0|0|0|0|0|0|0|0|0
S|RULNI|9808750|124153472| |TF|0|0|0|0|0|0|0|0|0|0|0|0|0
S|EMDEE|9366222|123782222| |TF|0|0|0|0|0|0|0|0|0|0|0|0|0

P|EMDE1S|22R|EMDEE|0|3
S|ALDOL|10237583|123909194|MCT|CF|0|22600|650|22790|520|0|0|0|0|1|0|0|0
S|ATIBI|9721139|123833861| |DF|0|0|0|0|0|0|0|0|0|0|0|0|0
S|EMDEE|9366222|123782222| |TF|0|0|0|0|0|0|0|0|0|0|0|0|0

P|EMDE4P|04R|EMDEE|0|4
S| |91000000|181000000| |CA|0|4700|0|0|0|0|1|2000|0|0|0|0|0
S|NIXUN|10194250|124230806| |DF|2|0|0|0|0|0|0|0|0|0|0|0|0
S|RULNI|9808750|124153472| |TF|0|0|0|0|0|0|0|0|0|0|0|0|0
S|EMDEE|9366222|123782222| |TF|0|0|0|0|0|0|0|0|0|0|0|0|0

P|EMDE4R|22L|EMDEE|0|3
S|ALDOL|10237583|123909194|MCT|CF|0|22700|650|22790|500|0|0|0|0|1|0|0|0
S|ATIBI|9721139|123833861| |DF|0|0|0|0|0|0|0|0|0|0|0|0|0
S|EMDEE|9366222|123782222| |TF|0|0|0|0|0|0|0|0|0|0|0|0|0

P|KEVA1Q|04L|KEVAN|0|4
S| |91000000|181000000| |CA|0|4700|0|0|0|0|1|2500|0|0|0|0|0
S|TAHAR|10590972|123865583| |DF|1|0|0|0|0|0|0|0|0|0|0|0|0
S|AZTER|10613667|123698806| |TF|0|0|0|0|0|0|0|0|0|0|0|0|0
S|KEVAN|10677528|123226194| |TF|0|0|0|0|0|0|0|0|0|0|0|0|0

P|KEVA1S|22R|KEVAN|0|3
S|MELVZ|10213833|123885361|MCT|CF|0|22600|850|22760|720|0|0|0|0|1|0|0|0
S|PIKIP|10443750|123520889| |DF|0|0|0|0|0|0|0|0|0|0|0|0|0
S|KEVAN|10677528|123226194| |TF|0|0|0|0|0|0|0|0|0|0|0|0|0

P|KEVA2A|04R|KEVAN|0|6
S| |91000000|181000000| |CA|0|4700|0|0|0|0|1|3000|0|0|0|0|0
S| |91000000|181000000| |VI|1|25300|0|0|0|0|0|0|0|0|0|0|0
S|D298J|10386917|123836297|MCT|CF|0|29800|1000|29800|200|0|1|5000|0|0|0|0|0
S|SANGI|10430222|123744611| |TF|0|0|0|0|0|0|1|7000|0|0|0|0|0
S|KARPU|10631917|123322000| |TF|0|0|0|0|0|0|1|9000|0|0|0|0|0
S|KEVAN|10677528|123226194| |TF|0|0|0|0|0|0|0|0|0|0|0|0|0

P|KEVA2B|22L|KEVAN|0|5
S| |91000000|181000000| |CA|0|22700|0|0|0|0|1|3000|0|0|0|0|0
S|D298J|10386917|123836297| |DF|2|0|0|0|0|0|1|5000|0|0|0|0|0
S|SANGI|10430222|123744611| |TF|0|0|0|0|0|0|1|7000|0|0|0|0|0
S|KARPU|10631917|123322000| |TF|0|0|0|0|0|0|1|9000|0|0|0|0|0
S|KEVAN|10677528|123226194| |TF|0|0|0|0|0|0|0|0|0|0|0|0|0

P|KEVA4N|04R|KEVAN|0|4
S| |91000000|181000000| |CA|0|4700|0|0|0|0|1|2500|0|0|0|0|0
S|TAHAR|10590972|123865583| |DF|1|0|0|0|0|0|0|0|0|0|0|0|0
S|AZTER|10613667|123698806| |TF|0|0|0|0|0|0|0|0|0|0|0|0|0
S|KEVAN|10677528|123226194| |TF|0|0|0|0|0|0|0|0|0|0|0|0|0

P|KEVA4R|22L|KEVAN|0|3
S|MELVZ|10213833|123885361|MCT|CF|0|22700|850|22760|700|0|0|0|0|1|0|0|0
S|PIKIP|10443750|123520889| |DF|0|0|0|0|0|0|0|0|0|0|0|0|0
S|KEVAN|10677528|123226194| |TF|0|0|0|0|0|0|0|0|0|0|0|0|0

P|MULO1Q|04L|MULOP|0|4
S| |91000000|181000000| |CA|0|4700|0|0|0|0|1|2500|0|0|0|0|0
S|SEBIO|10650944|123924639| |DF|0|0|0|0|0|0|0|0|0|0|0|0|0
S|AKILO|10798583|123750333| |TF|0|0|0|0|0|0|0|0|0|0|0|0|0
S|MULOP|11003139|123508389| |TF|0|0|0|0|0|0|0|0|0|0|0|0|0

P|MULO1S|22R|MULOP|0|3
S|MELVZ|10213833|123885361|MCT|CF|0|22600|850|22760|720|0|0|0|0|1|0|0|0
S|BURDA|10489917|123620444| |DF|2|0|0|0|0|0|0|0|0|0|0|0|0
S|MULOP|11003139|123508389| |TF|0|0|0|0|0|0|0|0|0|0|0|0|0

P|MULO2A|04R|MULOP|0|5
S| |91000000|181000000| |CA|0|4700|0|0|0|0|1|3000|0|0|0|0|0
S| |91000000|181000000| |VI|1|28200|0|0|0|0|0|0|0|0|0|0|0
S|D327J|10451528|123892492|MCT|CF|0|32700|1000|32750|200|0|1|5000|0|0|0|0|0
S|MENEK|10658444|123748611| |TF|0|0|0|0|0|0|1|6000|0|0|0|0|0
S|MULOP|11003139|123508389| |TF|0|0|0|0|0|0|1|15000|0|0|0|0|0

P|MULO2B|22L|MULOP|0|4
S| |91000000|181000000| |CA|0|22700|0|0|0|0|1|3000|0|0|0|0|0
S|D327J|10451528|123892492| |DF|2|0|0|0|0|0|1|5000|0|0|0|0|0
S|MENEK|10658444|123748611| |TF|0|0|0|0|0|0|1|6000|0|0|0|0|0
S|MULOP|11003139|123508389| |TF|0|0|0|0|0|0|1|15000|0|0|0|0|0

P|MULO4P|04R|MULOP|0|4
S| |91000000|181000000| |CA|0|4700|0|0|0|0|1|2500|0|0|0|0|0
S|SEBIO|10650944|123924639| |DF|0|0|0|0|0|0|0|0|0|0|0|0|0
S|AKILO|10798583|123750333| |TF|0|0|0|0|0|0|0|0|0|0|0|0|0
S|MULOP|11003139|123508389| |TF|0|0|0|0|0|0|0|0|0|0|0|0|0

P|MULO4R|22L|MULOP|0|3
S|MELVZ|10213833|123885361|MCT|CF|0|22700|850|22760|700|0|0|0|0|1|0|0|0
S|BURDA|10489917|123620444| |DF|2|0|0|0|0|0|0|0|0|0|0|0|0
S|MULOP|11003139|123508389| |TF|0|0|0|0|0|0|0|0|0|0|0|0|0

P|PARA1Q|04L|PARAO|0|3
S| |91000000|181000000| |CA|0|4700|0|0|0|0|1|2500|0|0|0|0|0
S|TAHAR|10590972|123865583| |DF|1|0|0|0|0|0|0|0|0|0|0|0|0
S|PARAO|10921278|123406278| |TF|0|0|0|0|0|0|0|0|0|0|0|0|0

P|PARA1S|22R|PARAO|0|3
S|MELVZ|10213833|123885361|MCT|CF|0|22600|850|22760|720|0|0|0|0|1|0|0|0
S|PIKIP|10443750|123520889| |DF|0|0|0|0|0|0|0|0|0|0|0|0|0
S|PARAO|10921278|123406278| |TF|0|0|0|0|0|0|0|0|0|0|0|0|0

P|PARA2A|04R|PARAO|0|5
S| |91000000|181000000| |CA|0|4700|0|0|0|0|1|3000|0|0|0|0|0
S| |91000000|181000000| |VI|1|27400|0|0|0|0|0|0|0|0|0|0|0
S|D319J|10435186|123872083|MCT|CF|0|31900|1000|31860|200|0|1|5000|0|0|0|0|0
S|ASTUR|10617556|123697583| |TF|0|0|0|0|0|0|1|8000|0|0|0|0|0
S|PARAO|10921278|123406278| |TF|0|0|0|0|0|0|0|0|0|0|0|0|0

P|PARA2B|22L|PARAO|0|4
S| |91000000|181000000| |CA|0|22700|0|0|0|0|1|3000|0|0|0|0|0
S|D319J|10435186|123872083| |DF|2|0|0|0|0|0|1|5000|0|0|0|0|0
S|ASTUR|10617556|123697583| |TF|0|0|0|0|0|0|1|8000|0|0|0|0|0
S|PARAO|10921278|123406278| |TF|0|0|0|0|0|0|0|0|0|0|0|0|0

P|PARA4P|04R|PARAO|0|3
S| |91000000|181000000| |CA|0|4700|0|0|0|0|1|2500|0|0|0|0|0
S|TAHAR|10590972|123865583| |DF|1|0|0|0|0|0|0|0|0|0|0|0|0
S|PARAO|10921278|123406278| |TF|0|0|0|0|0|0|0|0|0|0|0|0|0

P|PARA4R|22L|PARAO|0|3
S|MELVZ|10213833|123885361|MCT|CF|0|22700|850|22760|700|0|0|0|0|1|0|0|0
S|PIKIP|10443750|123520889| |DF|0|0|0|0|0|0|0|0|0|0|0|0|0
S|PARAO|10921278|123406278| |TF|0|0|0|0|0|0|0|0|0|0|0|0|0

P|POXO1Q|04L|POXOS|0|2
S| |91000000|181000000| |CA|0|4700|0|0|0|0|1|2000|0|0|0|0|0
S|POXOS|10872333|124618389| |DF|0|0|0|0|0|0|0|0|0|0|0|0|0

P|POXO1S|22R|POXOS|0|4
S| |91000000|181000000| |CA|0|22700|0|0|0|0|1|2000|0|0|0|0|0
S|DUMOG|10261611|124102806| |DF|1|0|0|0|0|230|0|0|0|0|0|0|0
S|MIDEN|10387250|124214583| |TF|0|0|0|0|0|0|0|0|0|0|0|0|0
S|POXOS|10872333|124618389| |TF|0|0|0|0|0|0|0|0|0|0|0|0|0

P|POXO2A|04R|POXOS|0|4
S| |91000000|181000000| |CA|0|4700|0|0|0|0|1|2000|0|0|0|0|0
S|PACIN|10593111|124303056|MCT|CF|0|5000|2500|5010|2100|0|1|6000|0|0|0|0|0
S|KAWIT|10771889|124504861| |TF|0|0|0|0|0|0|0|0|0|0|0|0|0
S|POXOS|10872333|124618389| |TF|0|0|0|0|0|0|0|0|0|0|0|0|0

P|POXO2B|22L|POXOS|0|5
S| |91000000|181000000| |CA|0|22700|0|0|0|0|1|2000|0|0|0|0|0
S| |91000000|181000000| |VI|1|2000|0|0|0|0|0|0|0|0|0|0|0
S|PACIN|10593111|124303056|MCT|CF|0|5000|2500|5010|2400|0|1|6000|0|0|0|0|0
S|KAWIT|10771889|124504861| |TF|0|0|0|0|0|0|0|0|0|0|0|0|0
S|POXOS|10872333|124618389| |TF|0|0|0|0|0|0|0|0|0|0|0|0|0

P|POXO4P|04R|POXOS|0|2
S| |91000000|181000000| |CA|0|4700|0|0|0|0|1|2000|0|0|0|0|0
S|POXOS|10872333|124618389| |DF|0|0|0|0|0|0|0|0|0|0|0|0|0

P|POXO4R|22L|POXOS|0|4
S| |91000000|181000000| |CA|0|22700|0|0|0|0|1|2000|0|0|0|0|0
S|DUMOG|10261611|124102806| |DF|1|0|0|0|0|250|0|0|0|0|0|0|0
S|MIDEN|10387250|124214583| |TF|0|0|0|0|0|0|0|0|0|0|0|0|0
S|POXOS|10872333|124618389| |TF|0|0|0|0|0|0|0|0|0|0|0|0|0

P|TADA2A|04R|TADAG|0|4
S| |91000000|181000000| |CA|0|4700|0|0|0|0|1|3000|0|0|0|0|0
S| |91000000|181000000| |VI|1|23900|0|0|0|0|0|0|0|0|0|0|0
S|RASEC|10289056|123522222|MCT|CF|0|26900|2760|26900|1800|0|1|9000|0|0|0|0|0
S|TADAG|10268667|123144167| |TF|0|0|0|0|0|0|1|11000|0|0|0|0|0

P|TADA2B|22L|TADAG|0|4
S| |91000000|181000000| |CA|0|22700|0|0|0|0|1|3000|0|0|0|0|0
S| |91000000|181000000| |VI|0|29900|0|0|0|0|0|0|0|0|0|0|0
S|RASEC|10289056|123522222|MCT|CF|0|26900|2760|26900|1200|0|1|9000|0|0|0|0|0
S|TADAG|10268667|123144167| |TF|0|0|0|0|0|0|1|11000|0|0|0|0|0

