P|ATRI3A|32|ATRIA|0|3
S| |91000000|181000000| |CA|0|32700|0|0|0|0|1|510|0|0|0|0|0
S|ROX|11596917|122755111| |DF|2|0|0|0|0|0|1|5000|0|0|0|0|0
S|ATRIA|11364194|122979889| |TF|0|0|0|0|0|0|1|6000|0|0|0|0|0

P|ATRI3B|14|ATRIA|0|3
S| |91000000|181000000| |CA|0|14700|0|0|0|0|1|510|0|0|0|0|0
S|ROX|11596917|122755111| |DF|1|0|0|0|0|0|1|5000|0|0|0|0|0
S|ATRIA|11364194|122979889| |TF|0|0|0|0|0|0|1|6000|0|0|0|0|0

P|BUNG3A|32|BUNGA|0|3
S| |91000000|181000000| |CA|0|32700|0|0|0|0|1|510|0|0|0|0|0
S|ROX|11596917|122755111| |DF|2|0|0|0|0|0|1|5000|0|0|0|0|0
S|BUNGA|11340333|122906306| |TF|0|0|0|0|0|0|0|0|0|0|0|0|0

P|BUNG3B|14|BUNGA|0|3
S| |91000000|181000000| |CA|0|14700|0|0|0|0|1|510|0|0|0|0|0
S|ROX|11596917|122755111| |DF|1|0|0|0|0|0|1|5000|0|0|0|0|0
S|BUNGA|11340333|122906306| |TF|0|0|0|0|0|0|0|0|0|0|0|0|0

P|GALI3E|32|GALIA|0|2
S| |91000000|181000000| |CA|0|32700|0|0|0|0|1|510|0|0|0|0|0
S|GALIA|11300583|122652611|ROX|CF|2|20100|1870|20090|2000|0|1|5000|0|0|0|0|0

P|GALI3F|14|GALIA|0|2
S| |91000000|181000000| |CA|0|14700|0|0|0|0|1|2000|0|0|0|0|0
S|GALIA|11300583|122652611|ROX|CF|0|20100|1870|20090|1700|0|1|5000|0|0|0|0|0

P|KLO3A|32|KLO|0|3
S| |91000000|181000000| |CA|0|32700|0|0|0|0|1|510|0|0|0|0|0
S|MUCAN|11633556|122598250|ROX|CF|0|28500|950|28530|900|0|0|0|0|0|0|0|0
S|KLO|11683556|122383278| |TF|0|0|0|0|0|0|0|0|0|0|0|0|0

P|KLO3B|14|KLO|0|3
S| |91000000|181000000| |CA|0|14700|0|0|0|0|1|510|0|0|0|0|0
S|MUCAN|11633556|122598250|ROX|CF|1|28500|950|28530|1000|0|0|0|0|0|0|0|0
S|KLO|11683556|122383278| |TF|0|0|0|0|0|0|0|0|0|0|0|0|0

P|MINO3A|32|MINOR|0|2
S| |91000000|181000000| |CA|0|32700|0|0|0|0|1|510|0|0|0|0|0
S|MINOR|12368333|122234500|ROX|CF|0|32800|5530|32850|5500|0|1|8000|0|0|0|0|0

P|MINO3B|14|MINOR|0|2
S| |91000000|181000000| |CA|0|14700|0|0|0|0|1|510|0|0|0|0|0
S|MINOR|12368333|122234500|ROX|CF|1|32800|5530|32850|5600|0|1|8000|0|0|0|0|0

P|NASA3C|32|NASAG|0|2
S| |91000000|181000000| |CA|0|32700|0|0|0|0|1|510|0|0|0|0|0
S|NASAG|11321194|122844361|ROX|CF|2|16400|1730|16430|1700|0|1|4000|0|0|0|0|0

P|NASA3D|14|NASAG|0|2
S| |91000000|181000000| |CA|0|14700|0|0|0|0|1|2000|0|0|0|0|0
S|NASAG|11321194|122844361|ROX|CF|0|16400|1730|16430|1400|0|1|4000|0|0|0|0|0

P|SIBU3A|32|SIBUN|0|2
S| |91000000|181000000| |CA|0|32700|0|0|0|0|1|510|0|0|0|0|0
S|SIBUN|12094750|122622361|ROX|CF|0|34700|3070|34730|3100|0|1|9000|0|0|0|0|0

P|SIBU3B|14|SIBUN|0|2
S| |91000000|181000000| |CA|0|14700|0|0|0|0|1|510|0|0|0|0|0
S|SIBUN|12094750|122622361|ROX|CF|1|34700|3070|34730|3100|0|1|9000|0|0|0|0|0

