P|FRAG2G|19|FRAGA|0|2
S|KOSDU|-33366064|-66369075|RYD|CF|0|19000|5410|29740|480|0|1|3500|0|1|0|0|0
S|FRAGA|-33582778|-66017500| |DF|0|0|0|0|0|0|0|0|0|0|0|0|0

P|ISIP2G|19|ISIPO|0|3
S|KOSDU|-33366064|-66369075|RYD|CF|0|19000|5410|29740|480|0|1|3500|0|1|0|0|0
S|OSARI|-33306061|-66110000| |DF|1|0|0|0|0|0|1|6500|0|0|0|0|0
S|ISIPO|-33011111|-66017222| |TF|0|0|0|0|0|0|0|0|0|0|0|0|0

P|MORO2G|19|MORRO|0|3
S|KOSDU|-33366064|-66369075|RYD|CF|0|19000|5410|29740|480|0|1|3500|0|1|0|0|0
S|OSARI|-33306061|-66110000| |DF|1|0|0|0|0|0|1|6500|0|0|0|0|0
S|MORRO|-33229722|-65861944| |TF|0|0|0|0|0|0|0|0|0|0|0|0|0

