P|AKPE1C|21|AKPEL|0|7
S|RE060|-27502489|-59078572|SIS|CF|0|21300|350|21100|250|0|0|0|0|1|0|0|0
S|UDUDA|-27617731|-59127994| |TF|0|0|0|0|0|0|0|0|0|0|0|0|0
S|RR403|-27457414|-59500897| |TF|2|0|0|0|0|0|2|13000|0|0|0|0|0
S|RR405|-26966681|-59464728| |TF|0|0|0|0|0|0|0|0|0|0|0|0|0
S|RR413|-26587847|-59422514| |TF|0|0|0|0|0|0|0|0|0|0|0|0|0
S|RR414|-25255058|-59773236| |TF|0|0|0|0|0|0|0|0|0|0|0|0|0
S|AKPEL|-25030833|-59699444| |TF|0|0|0|0|0|0|0|0|0|0|0|0|0

P|AKPE1G|03|AKPEL|0|5
S|RE989|-27392464|-59031503|SIS|CF|0|3300|350|3480|250|0|0|0|0|1|0|0|0
S|RR150|-27263036|-58976244| |TF|0|0|0|0|0|0|0|0|0|0|0|0|0
S|RR155|-26533161|-59169497| |TF|0|0|0|0|0|0|0|0|0|0|0|0|0
S|RR156|-25200958|-59522886| |TF|0|0|0|0|0|0|0|0|0|0|0|0|0
S|AKPEL|-25030833|-59699444| |TF|0|0|0|0|0|0|0|0|0|0|0|0|0

P|BOBI1G|03|BOBIK|0|4
S|RE989|-27392464|-59031503|SIS|CF|0|3300|350|3480|250|0|0|0|0|1|0|0|0
S|RR150|-27263036|-58976244| |TF|0|0|0|0|0|0|0|0|0|0|0|0|0
S|RR168|-27284494|-58736878| |TF|0|0|0|0|0|0|0|0|0|0|0|0|0
S|BOBIK|-27212222|-58456111| |TF|0|0|0|0|0|0|0|0|0|0|0|0|0

P|BOBI2C|21|BOBIK|0|5
S|RE060|-27502489|-59078572|SIS|CF|0|21400|350|21200|250|0|0|0|0|1|0|0|0
S|UDUDA|-27617731|-59127994| |TF|0|0|0|0|0|0|1|2500|0|0|0|0|0
S|RR408|-27630194|-58770814| |TF|1|0|0|0|0|0|2|7000|0|0|0|0|0
S|RR410|-27592672|-58626753| |TF|0|0|0|0|0|0|0|0|0|0|0|0|0
S|BOBIK|-27212222|-58456111| |TF|0|0|0|0|0|0|0|0|0|0|0|0|0

P|DIGE1G|03|DIGET|0|3
S|RE989|-27392464|-59031503|SIS|CF|0|3300|350|3480|250|0|0|0|0|1|0|0|0
S|RR150|-27263036|-58976244| |TF|0|0|0|0|0|0|0|0|0|0|0|0|0
S|DIGET|-27018333|-58766111| |TF|0|0|0|0|0|0|0|0|0|0|0|0|0

P|DOPL1C|21|DOPLU|0|7
S|RE060|-27502489|-59078572|SIS|CF|0|21300|350|21100|250|0|0|0|0|1|0|0|0
S|UDUDA|-27617731|-59127994| |TF|0|0|0|0|0|0|0|0|0|0|0|0|0
S|RR403|-27457414|-59500897| |TF|2|0|0|0|0|0|2|13000|0|0|0|0|0
S|RR405|-26966681|-59464728| |TF|0|0|0|0|0|0|0|0|0|0|0|0|0
S|RR411|-26735458|-59707603| |TF|0|0|0|0|0|0|0|0|0|0|0|0|0
S|RR412|-25155386|-60782764| |TF|0|0|0|0|0|0|0|0|0|0|0|0|0
S|DOPLU|-24921389|-60788889| |TF|0|0|0|0|0|0|0|0|0|0|0|0|0

P|DOPL1G|03|DOPLU|0|7
S|RE989|-27392464|-59031503|SIS|CF|0|3300|350|3480|250|0|0|0|0|1|0|0|0
S|RR150|-27263036|-58976244| |TF|0|0|0|0|0|0|0|0|0|0|0|0|0
S|RR151|-26880039|-59217092| |TF|0|0|0|0|0|0|0|0|0|0|0|0|0
S|RR152|-26672542|-59425639| |TF|0|0|0|0|0|0|0|0|0|0|0|0|0
S|RR153|-26611881|-59486403| |TF|0|0|0|0|0|0|0|0|0|0|0|0|0
S|RR154|-25033386|-60563400| |TF|0|0|0|0|0|0|0|0|0|0|0|0|0
S|DOPLU|-24921389|-60788889| |TF|0|0|0|0|0|0|0|0|0|0|0|0|0

P|ESMO2C|21|ESMOS|0|4
S|RE060|-27502489|-59078572|SIS|CF|0|21400|350|21200|250|0|0|0|0|1|0|0|0
S|UDUDA|-27617731|-59127994| |TF|0|0|0|0|0|0|1|2500|0|0|0|0|0
S|RR407|-28014900|-59551258| |TF|0|0|0|0|0|0|0|0|0|0|0|0|0
S|ESMOS|-28094722|-59799167| |TF|0|0|0|0|0|0|0|0|0|0|0|0|0

P|ESMO2G|03|ESMOS|0|5
S|RE989|-27392464|-59031503|SIS|CF|0|3400|350|3580|250|0|0|0|0|1|0|0|0
S|RE005|-27516614|-59209786| |DF|1|0|0|0|0|0|0|0|0|0|0|0|0
S|KORSI|-27616058|-59240553| |TF|0|0|0|0|0|0|0|0|0|0|0|0|0
S|RR159|-27798611|-59458306| |TF|0|0|0|0|0|0|0|0|0|0|0|0|0
S|ESMOS|-28094722|-59799167| |TF|0|0|0|0|0|0|0|0|0|0|0|0|0

P|GUKA1C|21|GUKAS|0|4
S|RE060|-27502489|-59078572|SIS|CF|0|21300|350|21100|250|0|0|0|0|1|0|0|0
S|UDUDA|-27617731|-59127994| |TF|0|0|0|0|0|0|0|0|0|0|0|0|0
S|RR403|-27457414|-59500897| |TF|2|0|0|0|0|0|2|13000|0|0|0|0|0
S|GUKAS|-27370278|-60088889| |TF|0|0|0|0|0|0|0|0|0|0|0|0|0

P|GUKA1G|03|GUKAS|0|5
S|RE989|-27392464|-59031503|SIS|CF|0|3300|350|3480|250|0|0|0|0|1|0|0|0
S|RR150|-27263036|-58976244| |TF|0|0|0|0|0|0|0|0|0|0|0|0|0
S|RR157|-27210139|-59547475| |TF|1|0|0|0|0|0|0|0|0|0|0|0|0
S|RR160|-27308733|-59879789| |TF|0|0|0|0|0|0|0|0|0|0|0|0|0
S|GUKAS|-27370278|-60088889| |TF|0|0|0|0|0|0|0|0|0|0|0|0|0

P|KILI2C|21|KILIP|0|5
S|RE060|-27502489|-59078572|SIS|CF|0|21400|350|21200|250|0|0|0|0|1|0|0|0
S|UDUDA|-27617731|-59127994| |TF|0|0|0|0|0|0|1|2500|0|0|0|0|0
S|RR401|-28359900|-59176917| |TF|0|0|0|0|0|0|0|0|0|0|0|0|0
S|RR402|-29401092|-59098036| |TF|0|0|0|0|0|0|0|0|0|0|0|0|0
S|KILIP|-29678333|-58885000| |TF|0|0|0|0|0|0|0|0|0|0|0|0|0

P|KILI2G|03|KILIP|0|7
S|RE989|-27392464|-59031503|SIS|CF|0|3400|350|3580|250|0|0|0|0|1|0|0|0
S|CRS|-27437278|-58761778| |DF|0|0|0|0|0|250|1|6000|0|0|0|0|0
S|RR161|-27533272|-58616111| |TF|0|0|0|0|0|0|0|0|0|0|0|0|0
S|RR162|-27834206|-58645986| |TF|0|0|0|0|0|0|0|0|0|0|0|0|0
S|RR163|-28337244|-58799994| |TF|0|0|0|0|0|0|0|0|0|0|0|0|0
S|RR164|-29377878|-58717383| |TF|0|0|0|0|0|0|0|0|0|0|0|0|0
S|KILIP|-29678333|-58885000| |TF|0|0|0|0|0|0|0|0|0|0|0|0|0

P|LUTS2C|21|LUTSO|0|5
S|RE060|-27502489|-59078572|SIS|CF|0|21400|350|21200|250|0|0|0|0|1|0|0|0
S|UDUDA|-27617731|-59127994| |TF|0|0|0|0|0|0|1|2500|0|0|0|0|0
S|RR408|-27630194|-58770814| |TF|1|0|0|0|0|0|2|7000|0|0|0|0|0
S|RR410|-27592672|-58626753| |TF|0|0|0|0|0|0|0|0|0|0|0|0|0
S|LUTSO|-27433889|-58024444| |TF|0|0|0|0|0|0|0|0|0|0|0|0|0

P|LUTS2G|03|LUTSO|0|4
S|RE989|-27392464|-59031503|SIS|CF|0|3400|350|3580|250|0|0|0|0|1|0|0|0
S|CRS|-27437278|-58761778| |DF|0|0|0|0|0|250|1|6000|0|0|0|0|0
S|RR167|-27437681|-58270000| |TF|0|0|0|0|0|0|0|0|0|0|0|0|0
S|LUTSO|-27433889|-58024444| |TF|0|0|0|0|0|0|0|0|0|0|0|0|0

P|OPKA2C|21|OPKAN|0|3
S|RE060|-27502489|-59078572|SIS|CF|0|21400|350|21200|250|0|0|0|0|1|0|0|0
S|UDUDA|-27617731|-59127994| |TF|0|0|0|0|0|0|1|2500|0|0|0|0|0
S|OPKAN|-28329722|-59367778| |TF|0|0|0|0|0|0|0|0|0|0|0|0|0

P|OPKA2G|03|OPKAN|0|5
S|RE989|-27392464|-59031503|SIS|CF|0|3400|350|3580|250|0|0|0|0|1|0|0|0
S|RE005|-27516614|-59209786| |DF|1|0|0|0|0|0|0|0|0|0|0|0|0
S|KORSI|-27616058|-59240553| |TF|0|0|0|0|0|0|0|0|0|0|0|0|0
S|RR159|-27798611|-59458306| |TF|0|0|0|0|0|0|0|0|0|0|0|0|0
S|OPKAN|-28329722|-59367778| |TF|0|0|0|0|0|0|0|0|0|0|0|0|0

P|PANO1C|21|PANOT|0|4
S|RE060|-27502489|-59078572|SIS|CF|0|21300|350|21100|250|0|0|0|0|1|0|0|0
S|UDUDA|-27617731|-59127994| |TF|0|0|0|0|0|0|0|0|0|0|0|0|0
S|RR403|-27457414|-59500897| |TF|2|0|0|0|0|0|2|13000|0|0|0|0|0
S|PANOT|-27006944|-59961389| |TF|0|0|0|0|0|0|0|0|0|0|0|0|0

P|PANO1G|03|PANOT|0|4
S|RE989|-27392464|-59031503|SIS|CF|0|3300|350|3480|250|0|0|0|0|1|0|0|0
S|RR150|-27263036|-58976244| |TF|0|0|0|0|0|0|0|0|0|0|0|0|0
S|RR157|-27210139|-59547475| |TF|1|0|0|0|0|0|0|0|0|0|0|0|0
S|PANOT|-27006944|-59961389| |TF|0|0|0|0|0|0|0|0|0|0|0|0|0

