P|ALDO2G|31|ALDOS|0|3
S|ILNOV|-25713453|-54530450|FOZ|CF|0|31200|790|20760|250|0|0|0|0|1|0|0|0
S|UKLUS|-25867383|-54607444| |DF|1|0|0|0|0|250|0|0|0|0|0|0|0
S|ALDOS|-26230556|-54688889| |TF|0|0|0|0|0|0|0|0|0|0|0|0|0

P|ALGE3C|13|ALGEL|0|3
S|ROCAR|-25765847|-54405011|FOZ|CF|0|13200|1220|17100|300|250|0|0|0|1|0|0|0
S|RI101|-25886467|-54582122| |DF|2|0|0|0|0|0|0|0|0|0|0|0|0
S|ALGEL|-25870000|-55170556| |TF|0|0|0|0|0|0|0|0|0|0|0|0|0

P|ALGE3G|31|ALGEL|0|4
S|ILNOV|-25713453|-54530450|FOZ|CF|0|31200|790|20760|250|0|0|0|0|1|0|0|0
S|UKLUS|-25867383|-54607444| |DF|1|0|0|0|0|250|0|0|0|0|0|0|0
S|DAGOL|-25749333|-54888333| |TF|0|0|0|0|0|0|1|9000|0|0|0|0|0
S|ALGEL|-25870000|-55170556| |TF|0|0|0|0|0|0|0|0|0|0|0|0|0

P|COST3C|13|COSTA|0|3
S|ROCAR|-25765847|-54405011|FOZ|CF|0|13200|1220|17100|300|250|0|0|0|1|0|0|0
S|RI101|-25886467|-54582122| |DF|2|0|0|0|0|0|0|0|0|0|0|0|0
S|COSTA|-25511944|-55236389| |TF|0|0|0|0|0|0|0|0|0|0|0|0|0

P|COST3G|31|COSTA|0|3
S|ILNOV|-25713453|-54530450|FOZ|CF|0|31200|790|20760|250|0|0|0|0|1|0|0|0
S|RI815|-25646714|-54689669| |TF|0|0|0|0|0|0|0|0|0|0|0|0|0
S|COSTA|-25511944|-55236389| |TF|0|0|0|0|0|0|0|0|0|0|0|0|0

P|COST3H|31|COSTA|0|4
S|ILNOV|-25713453|-54530450|FOZ|CF|0|31200|790|20760|250|0|0|0|0|1|0|0|0
S|UKLUS|-25867383|-54607444| |DF|1|0|0|0|0|250|0|0|0|0|0|0|0
S|DAGOL|-25749333|-54888333| |TF|0|0|0|0|0|0|1|9000|0|0|0|0|0
S|COSTA|-25511944|-55236389| |TF|0|0|0|0|0|0|0|0|0|0|0|0|0

P|ELAM2C|13|ELAMO|0|5
S|ROCAR|-25765847|-54405011|FOZ|CF|0|13200|1220|17100|300|250|0|0|0|1|0|0|0
S|LANUB|-26250417|-54351208| |DF|0|0|0|0|0|0|1|10000|0|0|0|0|0
S|RI901|-26705458|-54520447| |TF|0|0|0|0|0|0|0|0|0|0|0|0|0
S|RI900|-27343500|-54987886| |TF|0|0|0|0|0|0|0|0|0|0|0|0|0
S|ELAMO|-28100556|-55452222| |TF|0|0|0|0|0|0|0|0|0|0|0|0|0

P|IVSO2C|13|IVSOB|0|3
S|JOALI|-25849758|-54203353|FOZ|CF|0|13200|2280|15150|1600|250|0|0|0|0|0|0|0
S|ANBUK|-25763167|-54087667| |TF|0|0|0|0|0|0|0|0|0|0|0|0|0
S|IVSOB|-25430667|-53815500| |TF|0|0|0|0|0|0|1|15000|0|0|0|0|0

P|IVSO2G|31|IVSOB|0|3
S|ILNOV|-25713453|-54530450|FOZ|CF|0|31200|790|20760|250|0|0|0|0|1|0|0|0
S|FOZ|-25583203|-54503514| |DF|0|0|0|0|0|250|1|5000|0|0|0|0|0
S|IVSOB|-25430667|-53815500| |TF|0|0|0|0|0|0|1|15000|0|0|0|0|0

P|KAMI2C|13|KAMIL|0|3
S|JOALI|-25849758|-54203353|FOZ|CF|0|13200|2280|15150|1600|250|0|0|0|0|0|0|0
S|ANBUK|-25763167|-54087667| |TF|0|0|0|0|0|0|0|0|0|0|0|0|0
S|KAMIL|-25587333|-53766167| |TF|0|0|0|0|0|0|1|15000|0|0|0|0|0

P|KAMI2G|31|KAMIL|0|3
S|ILNOV|-25713453|-54530450|FOZ|CF|0|31200|790|20760|250|0|0|0|0|1|0|0|0
S|FOZ|-25583203|-54503514| |DF|0|0|0|0|0|250|1|5000|0|0|0|0|0
S|KAMIL|-25587333|-53766167| |TF|0|0|0|0|0|0|1|15000|0|0|0|0|0

P|KOLN2C|13|KOLNA|0|2
S|JOALI|-25849758|-54203353|FOZ|CF|0|13200|2280|15150|1600|250|0|0|0|0|0|0|0
S|KOLNA|-26142500|-54098333| |TF|0|0|0|0|0|0|1|12000|0|0|0|0|0

P|NAID2C|13|NAIDE|0|5
S|ROCAR|-25765847|-54405011|FOZ|CF|0|13200|1220|17100|300|250|0|0|0|1|0|0|0
S|LANUB|-26250417|-54351208| |DF|0|0|0|0|0|0|1|10000|0|0|0|0|0
S|RI901|-26705458|-54520447| |TF|0|0|0|0|0|0|0|0|0|0|0|0|0
S|RI900|-27343500|-54987886| |TF|0|0|0|0|0|0|0|0|0|0|0|0|0
S|NAIDE|-27613333|-55587778| |TF|0|0|0|0|0|0|0|0|0|0|0|0|0

P|POS2C|13|POS|0|5
S|ROCAR|-25765847|-54405011|FOZ|CF|0|13200|1220|17100|300|250|0|0|0|1|0|0|0
S|LANUB|-26250417|-54351208| |DF|0|0|0|0|0|0|1|10000|0|0|0|0|0
S|RI901|-26705458|-54520447| |TF|0|0|0|0|0|0|0|0|0|0|0|0|0
S|RI900|-27343500|-54987886| |TF|0|0|0|0|0|0|0|0|0|0|0|0|0
S|POS|-27385569|-55968997| |TF|0|0|0|0|0|0|0|0|0|0|0|0|0

P|UDEN3C|13|UDENO|0|3
S|ROCAR|-25765847|-54405011|FOZ|CF|0|13200|1220|17100|300|250|0|0|0|1|0|0|0
S|RI101|-25886467|-54582122| |DF|2|0|0|0|0|0|0|0|0|0|0|0|0
S|UDENO|-26124722|-54937222| |TF|0|0|0|0|0|0|0|0|0|0|0|0|0

P|UDEN3G|31|UDENO|0|3
S|ILNOV|-25713453|-54530450|FOZ|CF|0|31200|790|20760|250|0|0|0|0|1|0|0|0
S|UKLUS|-25867383|-54607444| |DF|1|0|0|0|0|250|0|0|0|0|0|0|0
S|UDENO|-26124722|-54937222| |TF|0|0|0|0|0|0|0|0|0|0|0|0|0

P|UPOR1C|13|UPORU|0|3
S|JOALI|-25849758|-54203353|FOZ|CF|0|13200|2280|15150|1600|250|0|0|0|0|0|0|0
S|ANBUK|-25763167|-54087667| |TF|0|0|0|0|0|0|0|0|0|0|0|0|0
S|UPORU|-25224056|-53882056| |TF|0|0|0|0|0|0|1|15000|0|0|0|0|0

P|UPOR1G|31|UPORU|0|3
S|ILNOV|-25713453|-54530450|FOZ|CF|0|31200|790|20760|250|0|0|0|0|1|0|0|0
S|FOZ|-25583203|-54503514| |DF|0|0|0|0|0|250|1|5000|0|0|0|0|0
S|UPORU|-25224056|-53882056| |TF|0|0|0|0|0|0|1|15000|0|0|0|0|0

