P|ALGA2C|34|ALGAR|0|7
S|SJ150|-24310794|-65149122|JUJ|CF|0|34000|580|33800|490|0|1|5100|0|0|0|0|0
S|SJ166|-24310767|-65240350| |TF|0|0|0|0|0|0|0|0|0|0|0|0|0
S|SJ168|-24462892|-65272644| |TF|0|0|0|0|0|250|0|0|0|0|0|0|0
S|SJ177|-24569706|-65297189| |TF|0|0|0|0|0|0|1|10000|0|0|0|0|0
S|KIBOS|-24662778|-65318611| |TF|0|0|0|0|0|0|0|0|0|0|0|0|0
S|SAL|-24852267|-65483928| |TF|0|0|0|0|0|0|1|12500|0|0|0|0|0
S|ALGAR|-25775000|-66077222| |TF|0|0|0|0|0|0|0|0|0|0|0|0|0

P|ALGA2G|16|ALGAR|0|4
S|SJ410|-24558081|-65003108|JUJ|CF|0|16200|1100|16350|990|0|1|6000|0|0|0|0|0
S|SJ279|-24757828|-65092722| |TF|0|0|0|0|0|0|1|10000|0|0|0|0|0
S|SAL|-24852267|-65483928| |TF|0|0|0|0|0|0|1|14500|0|0|0|0|0
S|ALGAR|-25775000|-66077222| |TF|0|0|0|0|0|0|0|0|0|0|0|0|0

P|ASOD2C|34|ASODO|0|10
S|SJ150|-24310794|-65149122|JUJ|CF|0|34000|580|33800|490|0|1|5100|0|0|0|0|0
S|SJ166|-24310767|-65240350| |TF|0|0|0|0|0|0|0|0|0|0|0|0|0
S|SJ168|-24462892|-65272644| |TF|0|0|0|0|0|250|0|0|0|0|0|0|0
S|SJ169|-24538589|-65225553| |TF|0|0|0|0|0|0|1|10000|0|0|0|0|0
S|SJ170|-24692169|-65129806| |TF|0|0|0|0|0|0|0|0|0|0|0|0|0
S|SJ171|-24795031|-65065525| |TF|0|0|0|0|0|0|1|13000|0|0|0|0|0
S|SJ172|-25094417|-64877717| |TF|0|0|0|0|0|0|0|0|0|0|0|0|0
S|SJ173|-25408467|-64679556| |TF|0|0|0|0|0|0|0|0|0|0|0|0|0
S|SJ175|-25979858|-64361925| |TF|0|0|0|0|0|0|0|0|0|0|0|0|0
S|ASODO|-26107839|-64145022| |TF|0|0|0|0|0|0|0|0|0|0|0|0|0

P|ASOD2G|16|ASODO|0|5
S|SJ410|-24558081|-65003108|JUJ|CF|0|16200|1100|16350|990|0|1|6000|0|0|0|0|0
S|SJ278|-24636808|-64876733| |TF|0|0|0|0|0|0|1|8600|0|0|0|0|0
S|SJ290|-25000836|-64678325| |TF|0|0|0|0|0|0|1|13500|0|0|0|0|0
S|TEGAV|-25220833|-64557778| |TF|0|0|0|0|0|0|0|0|0|0|0|0|0
S|ASODO|-26107839|-64145022| |TF|0|0|0|0|0|0|0|0|0|0|0|0|0

P|KOVA2C|34|KOVAT|0|6
S|SJ150|-24310794|-65149122|JUJ|CF|0|34000|580|33800|490|0|1|5100|0|0|0|0|0
S|SJ166|-24310767|-65240350| |TF|0|0|0|0|0|0|0|0|0|0|0|0|0
S|SJ168|-24462892|-65272644| |TF|0|0|0|0|0|250|0|0|0|0|0|0|0
S|SJ020|-24462478|-64951889| |TF|1|0|0|0|0|0|1|14000|0|0|0|0|0
S|MIMEX|-24462500|-64577778| |TF|0|0|0|0|0|0|0|0|0|0|0|0|0
S|KOVAT|-24479186|-64451161| |TF|0|0|0|0|0|0|0|0|0|0|0|0|0

P|MIME2G|16|MIMEX|0|3
S|SJ410|-24558081|-65003108|JUJ|CF|0|16200|1100|16350|990|0|1|6000|0|0|0|0|0
S|SJ418|-24531408|-64883806| |TF|0|0|0|0|0|240|0|0|0|0|0|0|0
S|MIMEX|-24462500|-64577778| |TF|0|0|0|0|0|0|0|0|0|0|0|0|0

P|MOXA2C|34|MOXAT|0|4
S|SJ150|-24310794|-65149122|JUJ|CF|0|34000|580|33800|490|0|1|5100|0|0|0|0|0
S|SJ151|-24246825|-65189108| |TF|0|0|0|0|0|0|1|6500|0|0|0|0|0
S|SJ152|-24129561|-65145767| |TF|0|0|0|0|0|240|0|0|0|0|0|0|0
S|MOXAT|-24101389|-64916667|JUJ|CF|0|9000|2000|3900|1270|0|0|0|0|0|0|0|0

P|MOXA2G|16|MOXAT|0|3
S|SJ410|-24558081|-65003108|JUJ|CF|0|16200|1100|16350|990|0|1|6000|0|0|0|0|0
S|SJ418|-24531408|-64883806| |TF|0|0|0|0|0|240|0|0|0|0|0|0|0
S|MOXAT|-24101389|-64916667| |TF|0|0|0|0|0|0|0|0|0|0|0|0|0

P|PONP2C|34|PONPI|0|6
S|SJ150|-24310794|-65149122|JUJ|CF|0|34000|580|33800|490|0|1|5100|0|0|0|0|0
S|SJ166|-24310767|-65240350| |TF|0|0|0|0|0|0|0|0|0|0|0|0|0
S|SJ168|-24462892|-65272644| |TF|0|0|0|0|0|250|0|0|0|0|0|0|0
S|SJ169|-24538589|-65225553| |TF|0|0|0|0|0|0|1|10000|0|0|0|0|0
S|SJ170|-24692169|-65129806| |TF|0|0|0|0|0|0|0|0|0|0|0|0|0
S|PONPI|-25756111|-65315278| |TF|0|0|0|0|0|0|0|0|0|0|0|0|0

P|PONP2G|16|PONPI|0|4
S|SJ410|-24558081|-65003108|JUJ|CF|0|16200|1100|16350|990|0|1|6000|0|0|0|0|0
S|SJ279|-24757828|-65092722| |TF|0|0|0|0|0|0|1|10000|0|0|0|0|0
S|SJ291|-25166153|-65183733| |TF|0|0|0|0|0|0|1|15000|0|0|0|0|0
S|PONPI|-25756111|-65315278| |TF|0|0|0|0|0|0|0|0|0|0|0|0|0

P|SA662C|34|SA668|0|6
S|SJ150|-24310794|-65149122|JUJ|CF|0|34000|580|33800|490|0|1|5100|0|0|0|0|0
S|SJ166|-24310767|-65240350| |TF|0|0|0|0|0|0|0|0|0|0|0|0|0
S|SJ168|-24462892|-65272644| |TF|0|0|0|0|0|250|0|0|0|0|0|0|0
S|SJ177|-24569706|-65297189| |TF|0|0|0|0|0|0|1|10000|0|0|0|0|0
S|KIBOS|-24662778|-65318611| |TF|0|0|0|0|0|0|0|0|0|0|0|0|0
S|SA668|-24906156|-65299572| |TF|0|0|0|0|0|0|1|10000|0|0|0|0|0

P|SA662G|16|SA668|0|3
S|SJ410|-24558081|-65003108|JUJ|CF|0|16200|1100|16350|990|0|1|6000|0|0|0|0|0
S|SJ279|-24757828|-65092722| |TF|0|0|0|0|0|0|1|10000|0|0|0|0|0
S|SA668|-24906156|-65299572| |TF|0|0|0|0|0|0|0|0|0|0|0|0|0

P|TEGA2C|34|TEGAV|0|8
S|SJ150|-24310794|-65149122|JUJ|CF|0|34000|580|33800|490|0|1|5100|0|0|0|0|0
S|SJ166|-24310767|-65240350| |TF|0|0|0|0|0|0|0|0|0|0|0|0|0
S|SJ168|-24462892|-65272644| |TF|0|0|0|0|0|250|0|0|0|0|0|0|0
S|SJ169|-24538589|-65225553| |TF|0|0|0|0|0|0|1|10000|0|0|0|0|0
S|SJ170|-24692169|-65129806| |TF|0|0|0|0|0|0|0|0|0|0|0|0|0
S|SJ171|-24795031|-65065525| |TF|0|0|0|0|0|0|1|13000|0|0|0|0|0
S|SJ172|-25094417|-64877717| |TF|0|0|0|0|0|0|0|0|0|0|0|0|0
S|TEGAV|-25220833|-64557778| |TF|0|0|0|0|0|0|0|0|0|0|0|0|0

P|TEGA2G|16|TEGAV|0|4
S|SJ410|-24558081|-65003108|JUJ|CF|0|16200|1100|16350|990|0|1|6000|0|0|0|0|0
S|SJ278|-24636808|-64876733| |TF|0|0|0|0|0|0|1|8600|0|0|0|0|0
S|SJ290|-25000836|-64678325| |TF|0|0|0|0|0|0|1|13500|0|0|0|0|0
S|TEGAV|-25220833|-64557778| |TF|0|0|0|0|0|0|0|0|0|0|0|0|0

