P|EKAT3C|25|EKATO|0|5
S| |91000000|181000000| |VA|0|24700|0|0|0|0|1|500|0|0|0|0|0
S|VT021|-43238219|-65370353|TRE|CF|0|24700|580|24530|400|230|1|1400|0|1|0|0|0
S|RAXEM|-43141764|-65797033| |TF|0|0|0|0|0|0|2|9000|0|0|0|0|0
S|TISLA|-43078219|-66073644| |TF|0|0|0|0|0|0|0|0|0|0|0|0|0
S|EKATO|-43159444|-66503056| |TF|0|0|0|0|0|0|0|0|0|0|0|0|0

P|EKAT3K|07|EKATO|0|7
S| |91000000|181000000| |CA|0|6700|0|0|0|0|1|500|0|0|0|0|0
S|VT321|-43176656|-65149222|TRE|CF|0|6700|460|6720|500|0|0|0|0|0|0|0|0
S|NAJAL|-43067636|-65206036| |TF|0|0|0|0|0|0|0|0|0|0|0|0|0
S|VT030|-43065464|-65500700| |TF|0|0|0|0|0|0|2|8000|0|0|0|0|0
S|ISMOS|-43063067|-65747031| |TF|0|0|0|0|0|0|1|11000|0|0|0|0|0
S|ROGIP|-43059131|-66069086| |TF|0|0|0|0|0|0|0|0|0|0|0|0|0
S|EKATO|-43159444|-66503056| |TF|0|0|0|0|0|0|0|0|0|0|0|0|0

P|GATU3C|25|GATUD|0|6
S| |91000000|181000000| |VA|0|24700|0|0|0|0|1|500|0|0|0|0|0
S|VT021|-43238219|-65370353|TRE|CF|0|24700|580|24530|400|230|1|1400|0|1|0|0|0
S|VY029|-43241997|-65685625| |TF|0|0|0|0|0|0|0|0|0|0|0|0|0
S|VT757|-43432817|-65737406| |TF|0|0|0|0|0|0|2|8000|0|0|0|0|0
S|ILNOX|-43654717|-65798036| |TF|0|0|0|0|0|0|0|0|0|0|0|0|0
S|GATUD|-43996389|-65880000| |TF|0|0|0|0|0|0|0|0|0|0|0|0|0

P|GATU3K|07|GATUD|0|6
S| |91000000|181000000| |CA|0|6700|0|0|0|0|1|500|0|0|0|0|0
S|VT321|-43176656|-65149222|TRE|CF|0|6700|460|6720|500|0|0|0|0|0|0|0|0
S|USILO|-43294764|-65087425| |TF|0|0|0|0|0|0|0|0|0|1|0|0|0
S|VT777|-43695025|-65472286| |TF|0|0|0|0|0|0|1|12000|0|0|0|0|0
S|KAMOV|-43764978|-65548253| |TF|0|0|0|0|0|0|0|0|0|0|0|0|0
S|GATUD|-43996389|-65880000| |TF|0|0|0|0|0|0|0|0|0|0|0|0|0

P|LOMU2C|25|LOMUS|0|11
S| |91000000|181000000| |VA|0|24700|0|0|0|0|1|500|0|0|0|0|0
S|VT021|-43238219|-65370353|TRE|CF|0|24700|580|24530|400|230|1|1400|0|1|0|0|0
S|VT206|-43129331|-65427683| |DF|2|0|0|0|0|0|0|0|0|0|0|0|0
S|VT023|-43074742|-65234222| |TF|0|0|0|0|0|230|1|6000|0|0|0|0|0
S|GEBIM|-43055061|-65165606| |TF|0|0|0|0|0|0|0|0|0|0|0|0|0
S|ILPAL|-42817686|-65144869| |TF|0|0|0|0|0|0|1|12000|0|0|0|0|0
S|GELRI|-42662672|-65114214| |TF|0|0|0|0|0|0|0|0|0|0|0|0|0
S|VT222|-42524731|-65015908| |TF|0|0|0|0|0|0|1|16000|0|0|0|0|0
S|VT700|-42312808|-64865839| |TF|0|0|0|0|0|0|0|0|0|0|0|0|0
S|VT701|-41113172|-64056056| |TF|0|0|0|0|0|0|0|0|0|0|0|0|0
S|LOMUS|-40911667|-63659722| |TF|0|0|0|0|0|0|0|0|0|0|0|0|0

P|LOMU2K|07|LOMUS|0|6
S| |91000000|181000000| |CA|0|6700|0|0|0|0|1|500|0|0|0|0|0
S|VT321|-43176656|-65149222|TRE|CF|0|6700|460|6720|500|0|0|0|0|0|0|0|0
S|PABOP|-42645158|-64898928| |TF|0|0|0|0|0|0|1|10000|0|0|0|0|0
S|VT700|-42312808|-64865839| |TF|0|0|0|0|0|0|0|0|0|0|0|0|0
S|VT701|-41113172|-64056056| |TF|0|0|0|0|0|0|0|0|0|0|0|0|0
S|LOMUS|-40911667|-63659722| |TF|0|0|0|0|0|0|0|0|0|0|0|0|0

P|OPSI2C|25|OPSIR|0|7
S| |91000000|181000000| |VA|0|24700|0|0|0|0|1|500|0|0|0|0|0
S|VT021|-43238219|-65370353|TRE|CF|0|24700|580|24530|400|230|1|1400|0|1|0|0|0
S|VY029|-43241997|-65685625| |TF|0|0|0|0|0|0|0|0|0|0|0|0|0
S|VT757|-43432817|-65737406| |TF|0|0|0|0|0|0|2|8000|0|0|0|0|0
S|ILNOX|-43654717|-65798036| |TF|0|0|0|0|0|0|0|0|0|0|0|0|0
S|VT424|-43930172|-65583581| |TF|0|0|0|0|0|0|2|11000|0|0|0|0|0
S|OPSIR|-44120000|-65434444| |TF|0|0|0|0|0|0|0|0|0|0|0|0|0

P|OPSI2K|07|OPSIR|0|4
S| |91000000|181000000| |CA|0|6700|0|0|0|0|1|500|0|0|0|0|0
S|VT321|-43176656|-65149222|TRE|CF|0|6700|460|6720|500|0|0|0|0|0|0|0|0
S|USILO|-43294764|-65087425| |TF|0|0|0|0|0|0|0|0|0|1|0|0|0
S|OPSIR|-44120000|-65434444| |TF|0|0|0|0|0|0|0|0|0|0|0|0|0

P|ORAM3C|25|ORAMU|0|8
S| |91000000|181000000| |VA|0|24700|0|0|0|0|1|500|0|0|0|0|0
S|VT021|-43238219|-65370353|TRE|CF|0|24700|580|24530|400|230|1|1400|0|1|0|0|0
S|VT206|-43129331|-65427683| |DF|2|0|0|0|0|0|0|0|0|0|0|0|0
S|VT023|-43074742|-65234222| |TF|0|0|0|0|0|230|1|6000|0|0|0|0|0
S|GEBIM|-43055061|-65165606| |TF|0|0|0|0|0|0|0|0|0|0|0|0|0
S|ILPAL|-42817686|-65144869| |TF|0|0|0|0|0|0|1|12000|0|0|0|0|0
S|GELRI|-42662672|-65114214| |TF|0|0|0|0|0|0|0|0|0|0|0|0|0
S|ORAMU|-42275000|-65098056| |TF|0|0|0|0|0|0|0|0|0|0|0|0|0

P|ORAM3K|07|ORAMU|0|5
S| |91000000|181000000| |CA|0|6700|0|0|0|0|1|500|0|0|0|0|0
S|VT321|-43176656|-65149222|TRE|CF|0|6700|460|6720|500|0|0|0|0|0|0|0|0
S|VUVLA|-42835661|-65106036| |TF|0|0|0|0|0|0|1|7000|0|0|0|0|0
S|VY051|-42610125|-65077736| |TF|0|0|0|0|0|0|0|0|0|0|0|0|0
S|ORAMU|-42275000|-65098056| |TF|0|0|0|0|0|0|0|0|0|0|0|0|0

P|SILA3C|25|SILAN|0|6
S| |91000000|181000000| |VA|0|24700|0|0|0|0|1|500|0|0|0|0|0
S|VT021|-43238219|-65370353|TRE|CF|0|24700|580|24530|400|230|1|1400|0|1|0|0|0
S|RAXEM|-43141764|-65797033| |TF|0|0|0|0|0|0|2|9000|0|0|0|0|0
S|TISLA|-43078219|-66073644| |TF|0|0|0|0|0|0|0|0|0|0|0|0|0
S|VT834|-43007136|-66169586| |TF|0|0|0|0|0|0|2|11000|0|0|0|0|0
S|SILAN|-42837500|-66397222| |TF|0|0|0|0|0|0|0|0|0|0|0|0|0

P|SILA3K|07|SILAN|0|6
S| |91000000|181000000| |CA|0|6700|0|0|0|0|1|500|0|0|0|0|0
S|VT321|-43176656|-65149222|TRE|CF|0|6700|460|6720|500|0|0|0|0|0|0|0|0
S|NAJAL|-43067636|-65206036| |TF|0|0|0|0|0|0|0|0|0|0|0|0|0
S|KIKUG|-42978386|-65492964| |TF|0|0|0|0|0|0|2|8000|0|0|0|0|0
S|MUMAB|-42836047|-65944178| |TF|0|0|0|0|0|0|2|9000|0|0|0|0|0
S|SILAN|-42837500|-66397222| |TF|0|0|0|0|0|0|1|9000|0|0|0|0|0

