P|ESUR1C|13|ESURO|0|5
S|ZM052|-37990911|-57461442|MDP|CF|0|13000|660|13190|570|0|0|0|0|0|0|0|0
S|ZM053|-38124392|-57461442| |TF|0|0|0|0|0|0|0|0|0|0|0|0|0
S|OSEXI|-38146150|-57591172| |TF|0|0|0|0|0|0|0|0|0|0|0|0|0
S|ZM056|-38012475|-57753589| |TF|0|0|0|0|0|0|1|9000|0|0|0|0|0
S|ESURO|-37695278|-58135556| |TF|0|0|0|0|0|0|0|0|0|0|0|0|0

P|ESUR1G|31|ESURO|0|2
S| |91000000|181000000| |CA|0|31000|0|0|0|0|1|1500|0|0|0|0|0
S|ESURO|-37695278|-58135556|MDP|CF|0|30400|3010|30570|2800|0|0|0|0|0|0|0|0

P|PULP1C|13|PULPA|0|3
S| |91000000|181000000| |CA|0|13000|0|0|0|0|1|1500|0|0|0|0|0
S|ZM060|-37531739|-57473547| |DF|1|0|0|0|0|0|1|9000|0|0|0|0|0
S|PULPA|-36995278|-57680833| |TF|0|0|0|0|0|0|0|0|0|0|0|0|0

P|PULP1D|13|PULPA|0|5
S| |91000000|181000000| |CA|0|13000|0|0|0|0|1|1500|0|0|0|0|0
S|ZM092|-37765528|-57214111| |DF|0|0|0|0|0|0|0|0|0|0|0|0|0
S|OPRER|-37428967|-57313286| |TF|0|0|0|0|0|0|0|0|0|0|0|0|0
S|ZM096|-37323936|-57402778| |TF|0|0|0|0|0|0|1|10000|0|0|0|0|0
S|PULPA|-36995278|-57680833| |TF|0|0|0|0|0|0|0|0|0|0|0|0|0

P|PULP1G|31|PULPA|0|4
S| |91000000|181000000| |CA|0|31000|0|0|0|0|1|1500|0|0|0|0|0
S| |91000000|181000000| |CI|0|31000|0|0|0|0|0|0|0|0|0|0|0
S|BOGEG|-37373883|-57710344|MDP|CF|0|1200|3390|35710|2800|0|2|10000|0|0|0|0|0
S|PULPA|-36995278|-57680833| |TF|0|0|0|0|0|0|0|0|0|0|0|0|0

P|ROGA1C|13|ROGAS|0|5
S|ZM052|-37990911|-57461442|MDP|CF|0|13000|660|13190|570|0|0|0|0|0|0|0|0
S|ZM053|-38124392|-57461442| |TF|0|0|0|0|0|0|0|0|0|0|0|0|0
S|OSEXI|-38146150|-57591172| |TF|0|0|0|0|0|0|0|0|0|0|0|0|0
S|ZM070|-38184678|-57823194| |TF|0|0|0|0|0|0|1|9000|0|0|0|0|0
S|ROGAS|-38227778|-58086389| |TF|0|0|0|0|0|0|0|0|0|0|0|0|0

P|ROGA1G|31|ROGAS|0|5
S| |91000000|181000000| |CA|0|31000|0|0|0|0|1|1500|0|0|0|0|0
S| |91000000|181000000| |CI|0|31000|0|0|0|0|0|0|0|0|0|0|0
S|ZM402|-37948269|-57975183|MDP|CF|0|24700|1900|27450|1200|0|2|7000|0|0|0|0|0
S|ZM403|-38149939|-58055331| |TF|0|0|0|0|0|0|2|9000|0|0|0|0|0
S|ROGAS|-38227778|-58086389| |TF|0|0|0|0|0|0|0|0|0|0|0|0|0

P|ROPI1C|13|ROPIS|0|3
S| |91000000|181000000| |CA|0|13000|0|0|0|0|1|1500|0|0|0|0|0
S|ZM092|-37765528|-57214111| |DF|0|0|0|0|0|0|0|0|0|0|0|0|0
S|ROPIS|-36741667|-56958333| |TF|0|0|0|0|0|0|0|0|0|0|0|0|0

P|ROPI1D|13|ROPIS|0|4
S| |91000000|181000000| |CA|0|13000|0|0|0|0|1|1500|0|0|0|0|0
S|ZM092|-37765528|-57214111| |DF|0|0|0|0|0|0|0|0|0|0|0|0|0
S|OPRER|-37428967|-57313286| |TF|0|0|0|0|0|0|0|0|0|0|0|0|0
S|ROPIS|-36741667|-56958333| |TF|0|0|0|0|0|0|0|0|0|0|0|0|0

P|ROPI1G|31|ROPIS|0|5
S| |91000000|181000000| |CA|0|31000|0|0|0|0|1|1500|0|0|0|0|0
S| |91000000|181000000| |CI|0|31000|0|0|0|0|0|0|0|0|0|0|0
S|BOGEG|-37373883|-57710344|MDP|CF|0|1200|3390|35710|2800|0|2|10000|0|0|0|0|0
S|ZM401|-36998406|-57261525| |TF|0|0|0|0|0|0|1|16000|0|0|0|0|0
S|ROPIS|-36741667|-56958333| |TF|0|0|0|0|0|0|0|0|0|0|0|0|0

P|SIRA1C|13|SIRAN|0|5
S|ZM052|-37990911|-57461442|MDP|CF|0|13000|660|13190|570|0|0|0|0|0|0|0|0
S|ZM053|-38124392|-57461442| |TF|0|0|0|0|0|0|0|0|0|0|0|0|0
S|OSEXI|-38146150|-57591172| |TF|0|0|0|0|0|0|0|0|0|0|0|0|0
S|ZM055|-38101839|-57864064| |TF|0|0|0|0|0|0|1|9000|0|0|0|0|0
S|SIRAN|-38047500|-58193056| |TF|0|0|0|0|0|0|0|0|0|0|0|0|0

P|SIRA1G|31|SIRAN|0|4
S| |91000000|181000000| |CA|0|31000|0|0|0|0|1|1500|0|0|0|0|0
S| |91000000|181000000| |CI|0|31000|0|0|0|0|0|0|0|0|0|0|0
S|ZM402|-37948269|-57975183|MDP|CF|0|24700|1900|27450|1200|0|2|7000|0|0|0|0|0
S|SIRAN|-38047500|-58193056| |TF|0|0|0|0|0|0|0|0|0|0|0|0|0

