P|OMNI|09| |0|2
S| |91000000|181000000| |CA|0|8800|0|0|0|0|1|3000|0|0|0|0|0
S| |91000000|181000000| |VM|0|8800|0|0|0|0|0|0|0|0|0|0|0

P|OMNI|27| |0|2
S| |91000000|181000000| |CA|0|26800|0|0|0|0|1|3600|0|0|0|0|0
S| |91000000|181000000| |VM|0|26800|0|0|0|0|0|0|0|0|0|0|0

P|UTKA1A|09|ANRID|0|4
S| |91000000|181000000| |CA|0|8800|0|0|0|0|1|3000|0|0|0|0|0
S|UTKAL|-17886133|-48641511| |DF|2|0|0|0|0|0|0|0|0|0|0|0|0
S|UTKAL|-17886133|-48641511| |IF|0|0|0|0|0|0|0|0|0|0|0|0|0
S|ANRID|-18578889|-48366389| |TF|0|0|0|0|0|0|0|0|0|0|0|0|0

P|UTKA1A|09|GIDVO|0|4
S| |91000000|181000000| |CA|0|8800|0|0|0|0|1|3000|0|0|0|0|0
S|UTKAL|-17886133|-48641511| |DF|2|0|0|0|0|0|0|0|0|0|0|0|0
S|UTKAL|-17886133|-48641511| |IF|0|0|0|0|0|0|0|0|0|0|0|0|0
S|GIDVO|-18440333|-49218833| |TF|0|0|0|0|0|0|0|0|0|0|0|0|0

P|UTKA1B|27|ANRID|0|4
S| |91000000|181000000| |CA|0|26800|0|0|0|0|1|3000|0|0|0|0|0
S|UTKAL|-17886133|-48641511| |DF|0|0|0|0|0|0|0|0|0|0|0|0|0
S|UTKAL|-17886133|-48641511| |IF|0|0|0|0|0|0|0|0|0|0|0|0|0
S|ANRID|-18578889|-48366389| |TF|0|0|0|0|0|0|0|0|0|0|0|0|0

P|UTKA1B|27|GIDVO|0|4
S| |91000000|181000000| |CA|0|26800|0|0|0|0|1|3000|0|0|0|0|0
S|UTKAL|-17886133|-48641511| |DF|0|0|0|0|0|0|0|0|0|0|0|0|0
S|UTKAL|-17886133|-48641511| |IF|0|0|0|0|0|0|0|0|0|0|0|0|0
S|GIDVO|-18440333|-49218833| |TF|0|0|0|0|0|0|0|0|0|0|0|0|0

P|UTNO1A|09|DIGEP|0|4
S| |91000000|181000000| |CA|0|8800|0|0|0|0|1|3000|0|0|0|0|0
S|UTNOR|-17617428|-48654458| |DF|1|0|0|0|0|0|0|0|0|0|0|0|0
S|UTNOR|-17617428|-48654458| |IF|0|0|0|0|0|0|0|0|0|0|0|0|0
S|DIGEP|-16987667|-48911667| |TF|0|0|0|0|0|0|0|0|0|0|0|0|0

P|UTNO1A|09|GUTIL|0|4
S| |91000000|181000000| |CA|0|8800|0|0|0|0|1|3000|0|0|0|0|0
S|UTNOR|-17617428|-48654458| |DF|1|0|0|0|0|0|0|0|0|0|0|0|0
S|UTNOR|-17617428|-48654458| |IF|0|0|0|0|0|0|0|0|0|0|0|0|0
S|GUTIL|-16742167|-48299000| |TF|0|0|0|0|0|0|0|0|0|0|0|0|0

P|UTNO1A|09|ROMIK|0|4
S| |91000000|181000000| |CA|0|8800|0|0|0|0|1|3000|0|0|0|0|0
S|UTNOR|-17617428|-48654458| |DF|1|0|0|0|0|0|0|0|0|0|0|0|0
S|UTNOR|-17617428|-48654458| |IF|0|0|0|0|0|0|0|0|0|0|0|0|0
S|ROMIK|-17220333|-48718833| |TF|0|0|0|0|0|0|0|0|0|0|0|0|0

P|UTNO1B|27|DIGEP|0|4
S| |91000000|181000000| |CA|0|26800|0|0|0|0|1|3000|0|0|0|0|0
S|UTNOR|-17617428|-48654458| |DF|2|0|0|0|0|0|0|0|0|0|0|0|0
S|UTNOR|-17617428|-48654458| |IF|0|0|0|0|0|0|0|0|0|0|0|0|0
S|DIGEP|-16987667|-48911667| |TF|0|0|0|0|0|0|0|0|0|0|0|0|0

P|UTNO1B|27|GUTIL|0|4
S| |91000000|181000000| |CA|0|26800|0|0|0|0|1|3000|0|0|0|0|0
S|UTNOR|-17617428|-48654458| |DF|2|0|0|0|0|0|0|0|0|0|0|0|0
S|UTNOR|-17617428|-48654458| |IF|0|0|0|0|0|0|0|0|0|0|0|0|0
S|GUTIL|-16742167|-48299000| |TF|0|0|0|0|0|0|0|0|0|0|0|0|0

P|UTNO1B|27|ROMIK|0|4
S| |91000000|181000000| |CA|0|26800|0|0|0|0|1|3000|0|0|0|0|0
S|UTNOR|-17617428|-48654458| |DF|2|0|0|0|0|0|0|0|0|0|0|0|0
S|UTNOR|-17617428|-48654458| |IF|0|0|0|0|0|0|0|0|0|0|0|0|0
S|ROMIK|-17220333|-48718833| |TF|0|0|0|0|0|0|0|0|0|0|0|0|0

