P|DAIS1E|13|DAISE|0|5
S|CO004|-29966775|-51076644|COA|CF|0|12700|380|12340|300|0|0|0|0|0|0|0|0
S|SUKSU|-29793011|-50918586| |TF|0|0|0|0|0|0|0|0|0|0|0|0|0
S|PUKSA|-29569242|-50922814| |TF|0|0|0|0|0|0|0|0|0|0|0|0|0
S|OGROP|-29208094|-50931322| |TF|0|0|0|0|0|0|0|0|0|0|0|0|0
S|DAISE|-29051333|-50781000| |TF|0|0|0|0|0|0|2|11000|0|0|0|0|0

P|DOPG1E|13|DOPGA|0|6
S|CO004|-29966775|-51076644|CXS|CF|0|12700|4640|19080|300|0|0|0|0|1|0|0|0
S|CO017|-29871808|-51046017| |TF|1|0|0|0|0|220|0|0|0|0|0|0|0
S|KOVGI|-29722722|-51323022| |TF|0|0|0|0|0|0|0|0|0|0|0|0|0
S|CO018|-29729394|-51477347| |TF|0|0|0|0|0|0|2|5000|0|0|0|0|0
S|ORAKI|-29742758|-51799100| |TF|0|0|0|0|0|0|0|0|0|0|0|0|0
S|DOPGA|-29882661|-52230233| |TF|0|0|0|0|0|0|0|0|0|0|0|0|0

P|EGBA1F|31|DEVOT|0|6
S|DEVAV|-29906672|-51271689|FIG|CF|0|30700|1640|30750|630|210|0|0|0|0|0|0|0
S|EGBAM|-30170392|-51286292| |TF|1|0|0|0|0|0|3|6000|5000|0|0|0|0
S|EGBAM|-30170392|-51286292| |IF|0|0|0|0|0|0|3|6000|5000|0|0|0|0
S|AMVOM|-30502803|-51607583| |TF|0|0|0|0|0|0|0|0|0|0|0|0|0
S|DOVNA|-30669444|-51885333| |TF|0|0|0|0|0|0|0|0|0|0|0|0|0
S|DEVOT|-31229028|-52740439| |TF|0|0|0|0|0|0|0|0|0|0|0|0|0

P|EGBA1F|31|ISOBU|0|7
S|DEVAV|-29906672|-51271689|FIG|CF|0|30700|1640|30750|630|210|0|0|0|0|0|0|0
S|EGBAM|-30170392|-51286292| |TF|1|0|0|0|0|0|3|6000|5000|0|0|0|0
S|EGBAM|-30170392|-51286292| |IF|0|0|0|0|0|0|3|6000|5000|0|0|0|0
S|AMVOM|-30502803|-51607583| |TF|0|0|0|0|0|0|0|0|0|0|0|0|0
S|DOVNA|-30669444|-51885333| |TF|0|0|0|0|0|0|0|0|0|0|0|0|0
S|TOKAK|-30695464|-52810697| |TF|0|0|0|0|0|0|0|0|0|0|0|0|0
S|ISOBU|-30730464|-53383017| |TF|0|0|0|0|0|0|0|0|0|0|0|0|0

P|EGBA1F|31|POXEV|0|6
S|DEVAV|-29906672|-51271689|FIG|CF|0|30700|1640|30750|630|210|0|0|0|0|0|0|0
S|EGBAM|-30170392|-51286292| |TF|1|0|0|0|0|0|3|6000|5000|0|0|0|0
S|EGBAM|-30170392|-51286292| |IF|0|0|0|0|0|0|3|6000|5000|0|0|0|0
S|AMVOM|-30502803|-51607583| |TF|0|0|0|0|0|0|0|0|0|0|0|0|0
S|DOVNA|-30669444|-51885333| |TF|0|0|0|0|0|0|0|0|0|0|0|0|0
S|POXEV|-30322417|-53453547| |TF|0|0|0|0|0|0|0|0|0|0|0|0|0

P|EGBA1F|31|TEMEK|0|5
S|DEVAV|-29906672|-51271689|FIG|CF|0|30700|1640|30750|630|210|0|0|0|0|0|0|0
S|EGBAM|-30170392|-51286292| |TF|1|0|0|0|0|0|3|6000|5000|0|0|0|0
S|EGBAM|-30170392|-51286292| |IF|0|0|0|0|0|0|3|6000|5000|0|0|0|0
S|EDSEP|-30499006|-51460228| |TF|0|0|0|0|0|0|0|0|0|0|0|0|0
S|TEMEK|-30574667|-51550333| |TF|0|0|0|0|0|0|0|0|0|0|0|0|0

P|EGBA1F|31|TOKAK|0|6
S|DEVAV|-29906672|-51271689|FIG|CF|0|30700|1640|30750|630|210|0|0|0|0|0|0|0
S|EGBAM|-30170392|-51286292| |TF|1|0|0|0|0|0|3|6000|5000|0|0|0|0
S|EGBAM|-30170392|-51286292| |IF|0|0|0|0|0|0|3|6000|5000|0|0|0|0
S|AMVOM|-30502803|-51607583| |TF|0|0|0|0|0|0|0|0|0|0|0|0|0
S|DOVNA|-30669444|-51885333| |TF|0|0|0|0|0|0|0|0|0|0|0|0|0
S|TOKAK|-30695464|-52810697| |TF|0|0|0|0|0|0|0|0|0|0|0|0|0

P|ESNU1E|13|DEVOT|0|6
S|CO004|-29966775|-51076644|FIG|CF|0|12700|560|30760|300|0|0|0|0|1|0|0|0
S|ESNUX|-30197500|-51103167| |TF|0|0|0|0|0|0|3|6000|5000|0|0|0|0
S|ESNUX|-30197500|-51103167| |IF|0|0|0|0|0|0|3|6000|5000|0|0|0|0
S|AMVOM|-30502803|-51607583| |TF|0|0|0|0|0|0|0|0|0|0|0|0|0
S|DOVNA|-30669444|-51885333| |TF|0|0|0|0|0|0|0|0|0|0|0|0|0
S|DEVOT|-31229028|-52740439| |TF|0|0|0|0|0|0|0|0|0|0|0|0|0

P|ESNU1E|13|ISOBU|0|7
S|CO004|-29966775|-51076644|FIG|CF|0|12700|560|30760|300|0|0|0|0|1|0|0|0
S|ESNUX|-30197500|-51103167| |TF|0|0|0|0|0|0|3|6000|5000|0|0|0|0
S|ESNUX|-30197500|-51103167| |IF|0|0|0|0|0|0|3|6000|5000|0|0|0|0
S|AMVOM|-30502803|-51607583| |TF|0|0|0|0|0|0|0|0|0|0|0|0|0
S|DOVNA|-30669444|-51885333| |TF|0|0|0|0|0|0|0|0|0|0|0|0|0
S|TOKAK|-30695464|-52810697| |TF|0|0|0|0|0|0|0|0|0|0|0|0|0
S|ISOBU|-30730464|-53383017| |TF|0|0|0|0|0|0|0|0|0|0|0|0|0

P|ESNU1E|13|POXEV|0|6
S|CO004|-29966775|-51076644|FIG|CF|0|12700|560|30760|300|0|0|0|0|1|0|0|0
S|ESNUX|-30197500|-51103167| |TF|0|0|0|0|0|0|3|6000|5000|0|0|0|0
S|ESNUX|-30197500|-51103167| |IF|0|0|0|0|0|0|3|6000|5000|0|0|0|0
S|AMVOM|-30502803|-51607583| |TF|0|0|0|0|0|0|0|0|0|0|0|0|0
S|DOVNA|-30669444|-51885333| |TF|0|0|0|0|0|0|0|0|0|0|0|0|0
S|POXEV|-30322417|-53453547| |TF|0|0|0|0|0|0|0|0|0|0|0|0|0

P|ESNU1E|13|TEMEK|0|5
S|CO004|-29966775|-51076644|FIG|CF|0|12700|560|30760|300|0|0|0|0|1|0|0|0
S|ESNUX|-30197500|-51103167| |TF|0|0|0|0|0|0|3|6000|5000|0|0|0|0
S|ESNUX|-30197500|-51103167| |IF|0|0|0|0|0|0|3|6000|5000|0|0|0|0
S|EDSEP|-30499006|-51460228| |TF|0|0|0|0|0|0|0|0|0|0|0|0|0
S|TEMEK|-30574667|-51550333| |TF|0|0|0|0|0|0|0|0|0|0|0|0|0

P|ESNU1E|13|TOKAK|0|6
S|CO004|-29966775|-51076644|FIG|CF|0|12700|560|30760|300|0|0|0|0|1|0|0|0
S|ESNUX|-30197500|-51103167| |TF|0|0|0|0|0|0|3|6000|5000|0|0|0|0
S|ESNUX|-30197500|-51103167| |IF|0|0|0|0|0|0|3|6000|5000|0|0|0|0
S|AMVOM|-30502803|-51607583| |TF|0|0|0|0|0|0|0|0|0|0|0|0|0
S|DOVNA|-30669444|-51885333| |TF|0|0|0|0|0|0|0|0|0|0|0|0|0
S|TOKAK|-30695464|-52810697| |TF|0|0|0|0|0|0|0|0|0|0|0|0|0

P|KORG1E|13|ANLER|0|6
S|CO004|-29966775|-51076644|COA|CF|0|12700|380|12340|300|0|0|0|0|0|0|0|0
S|SUKSU|-29793011|-50918586| |TF|0|0|0|0|0|0|0|0|0|0|0|0|0
S|KORGU|-29481167|-50553333| |TF|0|0|0|0|0|0|0|0|0|0|0|0|0
S|KORGU|-29481167|-50553333| |IF|0|0|0|0|0|0|0|0|0|0|0|0|0
S|SUKDI|-29283092|-50357131| |TF|0|0|0|0|0|0|0|0|0|0|0|0|0
S|ANLER|-28694281|-49856950| |TF|0|0|0|0|0|0|0|0|0|0|0|0|0

P|KORG1E|13|UBNUT|0|7
S|CO004|-29966775|-51076644|COA|CF|0|12700|380|12340|300|0|0|0|0|0|0|0|0
S|SUKSU|-29793011|-50918586| |TF|0|0|0|0|0|0|0|0|0|0|0|0|0
S|KORGU|-29481167|-50553333| |TF|0|0|0|0|0|0|0|0|0|0|0|0|0
S|KORGU|-29481167|-50553333| |IF|0|0|0|0|0|0|0|0|0|0|0|0|0
S|SUKDI|-29283092|-50357131| |TF|0|0|0|0|0|0|0|0|0|0|0|0|0
S|ANLER|-28694281|-49856950| |TF|0|0|0|0|0|0|0|0|0|0|0|0|0
S|UBNUT|-28278000|-49035000| |TF|0|0|0|0|0|0|0|0|0|0|0|0|0

P|NIRT1E|13|ARTIL|0|6
S|CO004|-29966775|-51076644|FIG|CF|0|12700|560|30760|300|0|0|0|0|0|0|0|0
S|SUKSU|-29793011|-50918586| |TF|0|0|0|0|0|0|0|0|0|0|0|0|0
S|NIRTI|-29291806|-50929508| |TF|0|0|0|0|0|0|0|0|0|0|0|0|0
S|NIRTI|-29291806|-50929508| |IF|0|0|0|0|0|0|0|0|0|0|0|0|0
S|OGROP|-29208094|-50931322| |TF|0|0|0|0|0|0|2|15000|0|0|0|0|0
S|ARTIL|-28813922|-50938917| |TF|0|0|0|0|0|0|0|0|0|0|0|0|0

P|NIRT1E|13|NOBEL|0|7
S|CO004|-29966775|-51076644|FIG|CF|0|12700|560|30760|300|0|0|0|0|0|0|0|0
S|SUKSU|-29793011|-50918586| |TF|0|0|0|0|0|0|0|0|0|0|0|0|0
S|NIRTI|-29291806|-50929508| |TF|0|0|0|0|0|0|0|0|0|0|0|0|0
S|NIRTI|-29291806|-50929508| |IF|0|0|0|0|0|0|0|0|0|0|0|0|0
S|ENSEP|-29071100|-51479025| |TF|0|0|0|0|0|0|2|15000|0|0|0|0|0
S|PUBGI|-29026883|-51588822| |TF|0|0|0|0|0|0|0|0|0|0|0|0|0
S|NOBEL|-28824167|-52084833| |TF|0|0|0|0|0|0|0|0|0|0|0|0|0

P|NIRT1E|13|PENSO|0|7
S|CO004|-29966775|-51076644|FIG|CF|0|12700|560|30760|300|0|0|0|0|0|0|0|0
S|SUKSU|-29793011|-50918586| |TF|0|0|0|0|0|0|0|0|0|0|0|0|0
S|NIRTI|-29291806|-50929508| |TF|0|0|0|0|0|0|0|0|0|0|0|0|0
S|NIRTI|-29291806|-50929508| |IF|0|0|0|0|0|0|0|0|0|0|0|0|0
S|OGROP|-29208094|-50931322| |TF|0|0|0|0|0|0|2|15000|0|0|0|0|0
S|UKDEL|-28803581|-50995311| |TF|0|0|0|0|0|0|0|0|0|0|0|0|0
S|PENSO|-28046333|-50822000| |TF|0|0|0|0|0|0|0|0|0|0|0|0|0

P|OMNI|13| |0|2
S| |91000000|181000000| |CA|0|12700|0|0|0|0|1|500|0|0|0|0|0
S| |91000000|181000000| |VM|0|12700|0|0|0|0|0|0|0|0|0|0|0

P|PUDM1F|31|ANLER|0|7
S|DEVAV|-29906672|-51271689|FIG|CF|0|30700|1640|30750|630|0|0|0|0|0|0|0|0
S|VASED|-29692622|-51270753| |TF|0|0|0|0|0|0|0|0|0|0|0|0|0
S|PUDMA|-29510536|-51201539| |TF|0|0|0|0|0|0|0|0|0|0|0|0|0
S|PUDMA|-29510536|-51201539| |IF|0|0|0|0|0|0|0|0|0|0|0|0|0
S|PULPU|-29451011|-50978339| |TF|0|0|0|0|0|0|1|17000|0|0|0|0|0
S|SUKDI|-29283092|-50357131| |TF|0|0|0|0|0|0|0|0|0|0|0|0|0
S|ANLER|-28694281|-49856950| |TF|0|0|0|0|0|0|0|0|0|0|0|0|0

P|PUDM1F|31|UBNUT|0|8
S|DEVAV|-29906672|-51271689|FIG|CF|0|30700|1640|30750|630|0|0|0|0|0|0|0|0
S|VASED|-29692622|-51270753| |TF|0|0|0|0|0|0|0|0|0|0|0|0|0
S|PUDMA|-29510536|-51201539| |TF|0|0|0|0|0|0|0|0|0|0|0|0|0
S|PUDMA|-29510536|-51201539| |IF|0|0|0|0|0|0|0|0|0|0|0|0|0
S|PULPU|-29451011|-50978339| |TF|0|0|0|0|0|0|1|17000|0|0|0|0|0
S|SUKDI|-29283092|-50357131| |TF|0|0|0|0|0|0|0|0|0|0|0|0|0
S|ANLER|-28694281|-49856950| |TF|0|0|0|0|0|0|0|0|0|0|0|0|0
S|UBNUT|-28278000|-49035000| |TF|0|0|0|0|0|0|0|0|0|0|0|0|0

P|PUKS1E|13|DOMPA|0|6
S|CO004|-29966775|-51076644|CXS|CF|0|12700|4640|19080|300|0|0|0|0|1|0|0|0
S|SUKSU|-29793011|-50918586| |TF|0|0|0|0|0|0|0|0|0|0|0|0|0
S|PUKSA|-29569242|-50922814| |TF|0|0|0|0|0|0|0|0|0|0|0|0|0
S|ESDON|-29485756|-51015997| |TF|0|0|0|0|0|0|0|6000|0|0|0|0|0
S|ESDON|-29485756|-51015997| |IF|0|0|0|0|0|0|0|6000|0|0|0|0|0
S|DOMPA|-29413500|-51097833| |TF|0|0|0|0|0|0|0|0|0|0|0|0|0

P|PUKS1E|13|IRILU|0|7
S|CO004|-29966775|-51076644|CXS|CF|0|12700|4640|19080|300|0|0|0|0|1|0|0|0
S|SUKSU|-29793011|-50918586| |TF|0|0|0|0|0|0|0|0|0|0|0|0|0
S|PUKSA|-29569242|-50922814| |TF|0|0|0|0|0|0|0|0|0|0|0|0|0
S|ESDON|-29485756|-51015997| |TF|0|0|0|0|0|0|0|6000|0|0|0|0|0
S|ESDON|-29485756|-51015997| |IF|0|0|0|0|0|0|0|6000|0|0|0|0|0
S|DOMPA|-29413500|-51097833| |TF|0|0|0|0|0|0|0|0|0|0|0|0|0
S|IRILU|-29113667|-51429333| |TF|0|0|0|0|0|0|0|0|0|0|0|0|0

P|SUSK1E|13|SUSKI|0|5
S|CO004|-29966775|-51076644|FIG|CF|0|12700|560|30760|300|0|0|0|0|1|0|0|0
S|CO017|-29871808|-51046017| |TF|1|0|0|0|0|220|0|0|0|0|0|0|0
S|KOVGI|-29722722|-51323022| |TF|0|0|0|0|0|0|1|9000|0|0|0|0|0
S|ORAKI|-29742758|-51799100| |TF|0|0|0|0|0|0|0|0|0|0|0|0|0
S|SUSKI|-29777172|-52194964| |TF|0|0|0|0|0|0|0|0|0|0|0|0|0

P|SUSK1F|31|SUSKI|0|4
S|DEVAV|-29906672|-51271689|FIG|CF|0|30700|1640|30750|630|210|0|0|0|0|0|0|0
S|CO019|-29783081|-51670714| |TF|0|0|0|0|0|0|2|11000|0|0|0|0|0
S|ORAKI|-29742758|-51799100| |TF|0|0|0|0|0|0|0|0|0|0|0|0|0
S|SUSKI|-29777172|-52194964| |TF|0|0|0|0|0|0|0|0|0|0|0|0|0

P|TISG1F|31|ANLER|0|6
S|DEVAV|-29906672|-51271689|FIG|CF|0|30700|1640|30750|630|0|0|0|0|0|0|0|0
S|VASED|-29692622|-51270753| |TF|0|0|0|0|0|0|0|0|0|0|0|0|0
S|TISGA|-29531433|-50908697| |TF|0|0|0|0|0|0|1|16000|0|0|0|0|0
S|TISGA|-29531433|-50908697| |IF|0|0|0|0|0|0|1|16000|0|0|0|0|0
S|SUKDI|-29283092|-50357131| |TF|0|0|0|0|0|0|0|0|0|0|0|0|0
S|ANLER|-28694281|-49856950| |TF|0|0|0|0|0|0|0|0|0|0|0|0|0

P|TISG1F|31|UBNUT|0|7
S|DEVAV|-29906672|-51271689|FIG|CF|0|30700|1640|30750|630|0|0|0|0|0|0|0|0
S|VASED|-29692622|-51270753| |TF|0|0|0|0|0|0|0|0|0|0|0|0|0
S|TISGA|-29531433|-50908697| |TF|0|0|0|0|0|0|1|16000|0|0|0|0|0
S|TISGA|-29531433|-50908697| |IF|0|0|0|0|0|0|1|16000|0|0|0|0|0
S|SUKDI|-29283092|-50357131| |TF|0|0|0|0|0|0|0|0|0|0|0|0|0
S|ANLER|-28694281|-49856950| |TF|0|0|0|0|0|0|0|0|0|0|0|0|0
S|UBNUT|-28278000|-49035000| |TF|0|0|0|0|0|0|0|0|0|0|0|0|0

P|VASE1F|31|ARTIL|0|5
S|DEVAV|-29906672|-51271689|FIG|CF|0|30700|1640|30750|630|0|0|0|0|0|0|0|0
S|VASED|-29692622|-51270753| |TF|0|0|0|0|0|0|0|0|0|0|0|0|0
S|VASED|-29692622|-51270753| |IF|0|0|0|0|0|0|0|0|0|0|0|0|0
S|GIGPA|-29218592|-51091094| |TF|0|0|0|0|0|0|1|17000|0|0|0|0|0
S|ARTIL|-28813922|-50938917| |TF|0|0|0|0|0|0|0|0|0|0|0|0|0

P|VASE1F|31|DAISE|0|4
S|DEVAV|-29906672|-51271689|FIG|CF|0|30700|1640|30750|630|0|0|0|0|0|0|0|0
S|VASED|-29692622|-51270753| |TF|0|0|0|0|0|0|0|0|0|0|0|0|0
S|VASED|-29692622|-51270753| |IF|0|0|0|0|0|0|0|0|0|0|0|0|0
S|DAISE|-29051333|-50781000| |TF|0|0|0|0|0|0|2|11000|0|0|0|0|0

P|VASE1F|31|DOMPA|0|4
S|DEVAV|-29906672|-51271689|FIG|CF|0|30700|1640|30750|630|0|0|0|0|0|0|0|0
S|VASED|-29692622|-51270753| |TF|0|0|0|0|0|0|0|0|0|0|0|0|0
S|VASED|-29692622|-51270753| |IF|0|0|0|0|0|0|0|0|0|0|0|0|0
S|DOMPA|-29413500|-51097833| |TF|0|0|0|0|0|0|0|0|0|0|0|0|0

P|VASE1F|31|IRILU|0|4
S|DEVAV|-29906672|-51271689|FIG|CF|0|30700|1640|30750|630|0|0|0|0|0|0|0|0
S|VASED|-29692622|-51270753| |TF|0|0|0|0|0|0|0|0|0|0|0|0|0
S|VASED|-29692622|-51270753| |IF|0|0|0|0|0|0|0|0|0|0|0|0|0
S|IRILU|-29113667|-51429333| |TF|0|0|0|0|0|0|0|0|0|0|0|0|0

P|VASE1F|31|KORGU|0|4
S|DEVAV|-29906672|-51271689|FIG|CF|0|30700|1640|30750|630|0|0|0|0|0|0|0|0
S|VASED|-29692622|-51270753| |TF|0|0|0|0|0|0|0|0|0|0|0|0|0
S|VASED|-29692622|-51270753| |IF|0|0|0|0|0|0|0|0|0|0|0|0|0
S|KORGU|-29481167|-50553333| |TF|0|0|0|0|0|0|2|7000|0|0|0|0|0

P|VASE1F|31|NOBEL|0|5
S|DEVAV|-29906672|-51271689|FIG|CF|0|30700|1640|30750|630|0|0|0|0|0|0|0|0
S|VASED|-29692622|-51270753| |TF|0|0|0|0|0|0|0|0|0|0|0|0|0
S|VASED|-29692622|-51270753| |IF|0|0|0|0|0|0|0|0|0|0|0|0|0
S|PUBGI|-29026883|-51588822| |TF|0|0|0|0|0|0|0|0|0|0|0|0|0
S|NOBEL|-28824167|-52084833| |TF|0|0|0|0|0|0|0|0|0|0|0|0|0

P|VASE1F|31|PENSO|0|6
S|DEVAV|-29906672|-51271689|FIG|CF|0|30700|1640|30750|630|0|0|0|0|0|0|0|0
S|VASED|-29692622|-51270753| |TF|0|0|0|0|0|0|0|0|0|0|0|0|0
S|VASED|-29692622|-51270753| |IF|0|0|0|0|0|0|0|0|0|0|0|0|0
S|GIGPA|-29218592|-51091094| |TF|0|0|0|0|0|0|1|17000|0|0|0|0|0
S|UKDEL|-28803581|-50995311| |TF|0|0|0|0|0|0|0|0|0|0|0|0|0
S|PENSO|-28046333|-50822000| |TF|0|0|0|0|0|0|0|0|0|0|0|0|0

