P|BURP1C|15|ANLER|0|6
S|BURPI|-29263333|-51114333|CXS|CF|0|15400|550|15310|500|0|1|4000|0|1|0|0|0
S|BURPI|-29263333|-51114333| |IF|0|0|0|0|0|0|1|4000|0|0|0|0|0
S|VAGAL|-29125231|-50695706| |TF|0|0|0|0|0|0|0|0|0|0|0|0|0
S|CX016|-29169658|-50602944| |TF|0|0|0|0|0|0|2|11000|0|0|0|0|0
S|SUKDI|-29283092|-50357131| |TF|0|0|0|0|0|0|1|15000|0|0|0|0|0
S|ANLER|-28694281|-49856950| |TF|0|0|0|0|0|0|0|0|0|0|0|0|0

P|BURP1C|15|ARTIL|0|4
S|BURPI|-29263333|-51114333|CXS|CF|0|15400|550|15310|500|0|1|4000|0|1|0|0|0
S|BURPI|-29263333|-51114333| |IF|0|0|0|0|0|0|1|4000|0|0|0|0|0
S|AKVOP|-29121411|-50990336| |TF|0|0|0|0|0|0|2|9000|0|0|0|0|0
S|ARTIL|-28813922|-50938917| |TF|0|0|0|0|0|0|1|15000|0|0|0|0|0

P|BURP1C|15|BUXEV|0|3
S|BURPI|-29263333|-51114333|CXS|CF|0|15400|550|15310|500|0|1|4000|0|1|0|0|0
S|BURPI|-29263333|-51114333| |IF|0|0|0|0|0|0|1|4000|0|0|0|0|0
S|BUXEV|-29624903|-51346119| |TF|0|0|0|0|0|0|3|8000|7000|0|0|0|0

P|BURP1C|15|NOBEL|0|5
S|BURPI|-29263333|-51114333|CXS|CF|0|15400|550|15310|500|0|1|4000|0|1|0|0|0
S|BURPI|-29263333|-51114333| |IF|0|0|0|0|0|0|1|4000|0|0|0|0|0
S|TOGNU|-29213439|-51370244| |DF|2|0|0|0|0|0|0|0|0|0|0|0|0
S|PUBGI|-29026883|-51588822| |TF|0|0|0|0|0|0|1|15000|0|0|0|0|0
S|NOBEL|-28824167|-52084833| |TF|0|0|0|0|0|0|0|0|0|0|0|0|0

P|BURP1C|15|PENSO|0|5
S|BURPI|-29263333|-51114333|CXS|CF|0|15400|550|15310|500|0|1|4000|0|1|0|0|0
S|BURPI|-29263333|-51114333| |IF|0|0|0|0|0|0|1|4000|0|0|0|0|0
S|AKVOP|-29121411|-50990336| |TF|0|0|0|0|0|0|2|9000|0|0|0|0|0
S|UKDEL|-28803581|-50995311| |TF|0|0|0|0|0|0|1|15000|0|0|0|0|0
S|PENSO|-28046333|-50822000| |TF|0|0|0|0|0|0|0|0|0|0|0|0|0

P|BURP1C|15|SUSKI|0|5
S|BURPI|-29263333|-51114333|CXS|CF|0|15400|550|15310|500|0|1|4000|0|1|0|0|0
S|BURPI|-29263333|-51114333| |IF|0|0|0|0|0|0|1|4000|0|0|0|0|0
S|TOGNU|-29213439|-51370244| |DF|2|0|0|0|0|0|0|0|0|0|0|0|0
S|UREPU|-29256650|-51858508| |TF|0|0|0|0|0|0|0|15000|0|0|0|0|0
S|SUSKI|-29777172|-52194964| |TF|0|0|0|0|0|0|0|0|0|0|0|0|0

P|BURP1C|15|UBNUT|0|7
S|BURPI|-29263333|-51114333|CXS|CF|0|15400|550|15310|500|0|1|4000|0|1|0|0|0
S|BURPI|-29263333|-51114333| |IF|0|0|0|0|0|0|1|4000|0|0|0|0|0
S|VAGAL|-29125231|-50695706| |TF|0|0|0|0|0|0|0|0|0|0|0|0|0
S|CX016|-29169658|-50602944| |TF|0|0|0|0|0|0|2|11000|0|0|0|0|0
S|SUKDI|-29283092|-50357131| |TF|0|0|0|0|0|0|1|15000|0|0|0|0|0
S|ANLER|-28694281|-49856950| |TF|0|0|0|0|0|0|0|0|0|0|0|0|0
S|UBNUT|-28278000|-49035000| |TF|0|0|0|0|0|0|0|0|0|0|0|0|0

P|BURP1C|15|UBREG|0|3
S|BURPI|-29263333|-51114333|CXS|CF|0|15400|550|15310|500|0|1|4000|0|1|0|0|0
S|BURPI|-29263333|-51114333| |IF|0|0|0|0|0|0|1|4000|0|0|0|0|0
S|UBREG|-29727061|-50723486| |TF|0|0|0|0|0|0|2|8000|0|0|0|0|0

P|BURP2B|15|DOGPO|0|4
S|BURPI|-29263333|-51114333|CXS|CF|0|15300|550|15310|500|0|1|4500|0|1|0|0|0
S|BURPI|-29263333|-51114333| |IF|0|0|0|0|0|0|1|4500|0|0|0|0|0
S|CXS03|-29287889|-51212508|CXS|AF|2|15300|550|21110|0|0|0|0|0|0|0|0|0
S|DOGPO|-29474833|-51262333| |TF|0|0|0|0|0|0|3|8000|5000|0|0|0|0

P|BURP2B|15|ILPIV|0|4
S|BURPI|-29263333|-51114333|CXS|CF|0|15300|550|15310|500|0|1|4500|0|1|0|0|0
S|BURPI|-29263333|-51114333| |IF|0|0|0|0|0|0|1|4500|0|0|0|0|0
S|CXS04|-29265097|-51260861|CXS|AF|2|15300|550|24140|0|0|0|0|0|0|0|0|0
S|ILPIV|-29789667|-51830833| |TF|0|0|0|0|0|0|0|0|0|0|0|0|0

P|BURP2B|15|ITBAX|0|4
S|BURPI|-29263333|-51114333|CXS|CF|0|15300|550|15310|500|0|1|4500|0|1|0|0|0
S|BURPI|-29263333|-51114333| |IF|0|0|0|0|0|0|1|4500|0|0|0|0|0
S|CXS02|-29149325|-51099400|CXS|AF|1|15300|550|7610|0|0|0|0|0|0|0|0|0
S|ITBAX|-28610753|-50125886| |TF|0|0|0|0|0|0|0|0|0|0|0|0|0

P|BURP2B|15|KIMUV|0|4
S|BURPI|-29263333|-51114333|CXS|CF|0|15300|550|15310|500|0|1|4500|0|1|0|0|0
S|BURPI|-29263333|-51114333| |IF|0|0|0|0|0|0|1|4500|0|0|0|0|0
S|CXS01|-29112878|-51148319|CXS|AF|1|15300|550|4060|0|0|0|0|0|0|0|0|0
S|KIMUV|-27674150|-50478100| |TF|0|0|0|0|0|0|0|0|0|0|0|0|0

P|BURP2B|15|NOBEL|0|4
S|BURPI|-29263333|-51114333|CXS|CF|0|15300|550|15310|500|0|1|4500|0|1|0|0|0
S|BURPI|-29263333|-51114333| |IF|0|0|0|0|0|0|1|4500|0|0|0|0|0
S|CXS05|-29158794|-51283736|CXS|AF|2|15300|550|31320|0|0|0|0|0|0|0|0|0
S|NOBEL|-28824167|-52084833| |TF|0|0|0|0|0|0|0|0|0|0|0|0|0

P|ESOM1B|33|ACENA|0|4
S|ESOMU|-29132667|-51259000|CXS|CF|0|33500|540|33460|500|0|1|4500|0|1|0|0|0
S|ESOMU|-29132667|-51259000| |IF|0|0|0|0|0|0|1|4500|0|0|0|0|0
S|CXS07|-29114992|-51149319|CXS|AF|2|33500|540|4060|0|0|0|0|0|0|0|0|0
S|ACENA|-28503133|-50861953| |TF|0|0|0|0|0|0|1|10000|0|0|0|0|0

P|ESOM1B|33|DOGPO|0|4
S|ESOMU|-29132667|-51259000|CXS|CF|0|33500|540|33460|500|0|1|4500|0|1|0|0|0
S|ESOMU|-29132667|-51259000| |IF|0|0|0|0|0|0|1|4500|0|0|0|0|0
S|CXS10|-29285658|-51211914|CXS|AF|1|33500|540|21110|0|0|0|0|0|0|0|0|0
S|DOGPO|-29474833|-51262333| |TF|0|0|0|0|0|0|3|8000|5000|0|0|0|0

P|ESOM1B|33|ILPIV|0|4
S|ESOMU|-29132667|-51259000|CXS|CF|0|33500|540|33460|500|0|1|4500|0|1|0|0|0
S|ESOMU|-29132667|-51259000| |IF|0|0|0|0|0|0|1|4500|0|0|0|0|0
S|CXS09|-29263433|-51259067|CXS|AF|1|33500|540|24140|0|0|0|0|0|0|0|0|0
S|ILPIV|-29789667|-51830833| |TF|0|0|0|0|0|0|0|0|0|0|0|0|0

P|ESOM1B|33|ITBAX|0|4
S|ESOMU|-29132667|-51259000|CXS|CF|0|33500|540|33460|500|0|1|4500|0|1|0|0|0
S|ESOMU|-29132667|-51259000| |IF|0|0|0|0|0|0|1|4500|0|0|0|0|0
S|CXS06|-29150536|-51101614|CXS|AF|2|33500|540|7610|0|0|0|0|0|0|0|0|0
S|ITBAX|-28610753|-50125886| |TF|0|0|0|0|0|0|0|0|0|0|0|0|0

P|ESOM1B|33|NOBEL|0|4
S|ESOMU|-29132667|-51259000|CXS|CF|0|33500|540|33460|500|0|1|4500|0|1|0|0|0
S|ESOMU|-29132667|-51259000| |IF|0|0|0|0|0|0|1|4500|0|0|0|0|0
S|CXS08|-29159769|-51281378|CXS|AF|1|33500|540|31320|0|0|0|0|0|0|0|0|0
S|NOBEL|-28824167|-52084833| |TF|0|0|0|0|0|0|0|0|0|0|0|0|0

P|ESOM1D|33|BUXEV|0|4
S|ESOMU|-29132667|-51259000|CXS|CF|0|33400|540|33460|500|0|0|0|0|1|0|0|0
S|ESOMU|-29132667|-51259000| |IF|0|0|0|0|0|0|0|0|0|0|0|0|0
S|TOGNU|-29213439|-51370244| |TF|0|0|0|0|0|220|0|0|0|0|0|0|0
S|BUXEV|-29624903|-51346119| |TF|0|0|0|0|0|0|3|8000|7000|0|0|0|0

P|ESOM1D|33|NOBEL|0|5
S|ESOMU|-29132667|-51259000|CXS|CF|0|33400|540|33460|500|0|0|0|0|1|0|0|0
S|ESOMU|-29132667|-51259000| |IF|0|0|0|0|0|0|0|0|0|0|0|0|0
S|ENSEP|-29071100|-51479025| |TF|0|0|0|0|0|0|2|15000|0|0|0|0|0
S|PUBGI|-29026883|-51588822| |TF|0|0|0|0|0|0|1|15000|0|0|0|0|0
S|NOBEL|-28824167|-52084833| |TF|0|0|0|0|0|0|0|0|0|0|0|0|0

P|ESOM1D|33|SUSKI|0|4
S|ESOMU|-29132667|-51259000|CXS|CF|0|33400|540|33460|500|0|0|0|0|1|0|0|0
S|ESOMU|-29132667|-51259000| |IF|0|0|0|0|0|0|0|0|0|0|0|0|0
S|UREPU|-29256650|-51858508| |TF|0|0|0|0|0|0|0|15000|0|0|0|0|0
S|SUSKI|-29777172|-52194964| |TF|0|0|0|0|0|0|0|0|0|0|0|0|0

P|ESOM1D|33|UBREG|0|4
S|ESOMU|-29132667|-51259000|CXS|CF|0|33400|540|33460|500|0|0|0|0|1|0|0|0
S|ESOMU|-29132667|-51259000| |IF|0|0|0|0|0|0|0|0|0|0|0|0|0
S|TOGNU|-29213439|-51370244| |TF|0|0|0|0|0|220|0|0|0|0|0|0|0
S|UBREG|-29727061|-50723486| |TF|1|0|0|0|0|0|2|8000|0|0|0|0|0

P|OMNI|15| |0|2
S| |91000000|181000000| |CA|0|15400|0|0|0|0|1|4500|0|0|0|0|0
S| |91000000|181000000| |VM|0|15400|0|0|0|0|0|0|0|0|0|0|0

P|TIVT1D|33|ARTIL|0|4
S|ESOMU|-29132667|-51259000|CXS|CF|0|33400|540|33460|500|0|0|0|0|1|0|0|0
S|TIVTO|-28956667|-51055833| |TF|0|0|0|0|0|0|2|13000|0|0|0|0|0
S|TIVTO|-28956667|-51055833| |IF|0|0|0|0|0|0|2|13000|0|0|0|0|0
S|ARTIL|-28813922|-50938917| |TF|0|0|0|0|0|0|1|15000|0|0|0|0|0

P|TIVT1D|33|PENSO|0|5
S|ESOMU|-29132667|-51259000|CXS|CF|0|33400|540|33460|500|0|0|0|0|1|0|0|0
S|TIVTO|-28956667|-51055833| |TF|0|0|0|0|0|0|2|13000|0|0|0|0|0
S|TIVTO|-28956667|-51055833| |IF|0|0|0|0|0|0|2|13000|0|0|0|0|0
S|UKDEL|-28803581|-50995311| |TF|0|0|0|0|0|0|1|15000|0|0|0|0|0
S|PENSO|-28046333|-50822000| |TF|0|0|0|0|0|0|0|0|0|0|0|0|0

P|VAGA1D|33|ANLER|0|7
S|ESOMU|-29132667|-51259000|CXS|CF|0|33400|540|33460|500|0|0|0|0|1|0|0|0
S|TIVTO|-28956667|-51055833| |TF|0|0|0|0|0|0|0|0|0|0|0|0|0
S|TIVTO|-28956667|-51055833| |IF|0|0|0|0|0|0|0|0|0|0|0|0|0
S|VAGAL|-29125231|-50695706| |TF|0|0|0|0|0|0|0|0|0|0|0|0|0
S|CX016|-29169658|-50602944| |TF|0|0|0|0|0|0|2|11000|0|0|0|0|0
S|SUKDI|-29283092|-50357131| |TF|0|0|0|0|0|0|1|15000|0|0|0|0|0
S|ANLER|-28694281|-49856950| |TF|0|0|0|0|0|0|0|0|0|0|0|0|0

P|VAGA1D|33|UBNUT|0|8
S|ESOMU|-29132667|-51259000|CXS|CF|0|33400|540|33460|500|0|0|0|0|1|0|0|0
S|TIVTO|-28956667|-51055833| |TF|0|0|0|0|0|0|0|0|0|0|0|0|0
S|TIVTO|-28956667|-51055833| |IF|0|0|0|0|0|0|0|0|0|0|0|0|0
S|VAGAL|-29125231|-50695706| |TF|0|0|0|0|0|0|0|0|0|0|0|0|0
S|CX016|-29169658|-50602944| |TF|0|0|0|0|0|0|2|11000|0|0|0|0|0
S|SUKDI|-29283092|-50357131| |TF|0|0|0|0|0|0|1|15000|0|0|0|0|0
S|ANLER|-28694281|-49856950| |TF|0|0|0|0|0|0|0|0|0|0|0|0|0
S|UBNUT|-28278000|-49035000| |TF|0|0|0|0|0|0|0|0|0|0|0|0|0

