P|ATAV1A|35|DIKUN|0|7
S|EVNON|-15599167|-56145333|CIA|CF|0|35100|390|34940|300|0|0|0|0|1|0|0|0
S|CY002|-15664014|-56227397| |TF|1|0|0|0|0|0|1|3500|0|0|0|0|0
S|CY003|-15798236|-56216686| |TF|0|0|0|0|0|0|1|6000|0|0|0|0|0
S|ATAVA|-15902414|-56208364| |TF|0|0|0|0|0|0|0|0|0|0|0|0|0
S|ATAVA|-15902414|-56208364| |IF|0|0|0|0|0|0|0|0|0|0|0|0|0
S|CY004|-15997744|-56057642| |TF|0|0|0|0|0|0|1|10000|0|0|0|0|0
S|DIKUN|-17300000|-53966944| |TF|0|0|0|0|0|0|0|0|0|0|0|0|0

P|ATAV1A|35|TOSAR|0|7
S|EVNON|-15599167|-56145333|CIA|CF|0|35100|390|34940|300|0|0|0|0|1|0|0|0
S|CY002|-15664014|-56227397| |TF|1|0|0|0|0|0|1|3500|0|0|0|0|0
S|CY003|-15798236|-56216686| |TF|0|0|0|0|0|0|1|6000|0|0|0|0|0
S|ATAVA|-15902414|-56208364| |TF|0|0|0|0|0|0|0|0|0|0|0|0|0
S|ATAVA|-15902414|-56208364| |IF|0|0|0|0|0|0|0|0|0|0|0|0|0
S|CY006|-17166414|-55883475| |TF|0|0|0|0|0|0|0|0|0|0|0|0|0
S|TOSAR|-17650667|-55524500| |TF|0|0|0|0|0|0|0|0|0|0|0|0|0

P|EQUA1A|35|EQUAL|0|4
S|KULIP|-15439822|-56229889|CIA|CF|0|35100|1460|35110|1370|0|0|0|0|0|0|0|0
S|CY043|-14918531|-56190828| |TF|0|0|0|0|0|0|0|0|0|0|0|0|0
S|CY038|-14651508|-56173356| |TF|0|0|0|0|0|0|0|0|0|0|0|0|0
S|EQUAL|-13756667|-56109667| |TF|0|0|0|0|0|0|0|0|0|0|0|0|0

P|GAXI1B|17|EQUAL|0|8
S| |91000000|181000000| |CA|0|17100|0|0|0|0|1|1300|0|0|0|0|0
S|CY033|-15752728|-56171425| |DF|0|0|0|0|0|230|0|0|0|0|0|0|0
S|CY039|-15795422|-56255289| |TF|0|0|0|0|0|0|2|6000|0|0|0|0|0
S|GAXIM|-15743767|-56328831| |TF|0|0|0|0|0|0|0|0|0|0|0|0|0
S|GAXIM|-15743767|-56328831| |IF|0|0|0|0|0|0|0|0|0|0|0|0|0
S|CY029|-15538992|-56382636| |TF|0|0|0|0|0|0|0|0|0|0|0|0|0
S|REBUK|-14649961|-56245903| |TF|0|0|0|0|0|0|0|0|0|0|0|0|0
S|EQUAL|-13756667|-56109667| |TF|0|0|0|0|0|0|0|0|0|0|0|0|0

P|GAXI1B|17|GETMA|0|6
S| |91000000|181000000| |CA|0|17100|0|0|0|0|1|1300|0|0|0|0|0
S|CY033|-15752728|-56171425| |DF|0|0|0|0|0|230|0|0|0|0|0|0|0
S|CY039|-15795422|-56255289| |TF|0|0|0|0|0|0|2|6000|0|0|0|0|0
S|GAXIM|-15743767|-56328831| |TF|0|0|0|0|0|0|0|0|0|0|0|0|0
S|GAXIM|-15743767|-56328831| |IF|0|0|0|0|0|0|0|0|0|0|0|0|0
S|GETMA|-14396667|-58221500| |TF|0|0|0|0|0|0|0|0|0|0|0|0|0

P|GETM1A|35|GETMA|0|2
S| |91000000|181000000| |CA|0|35100|0|0|0|0|1|1300|0|0|0|0|0
S|GETMA|-14396667|-58221500| |DF|0|0|0|0|0|0|0|0|0|0|0|0|0

P|IROD2B|17|DIKUN|0|4
S|IRODU|-15921853|-55973531|CIA|CF|0|17100|1780|17220|1750|0|0|0|0|0|0|0|0
S|IRODU|-15921853|-55973531| |IF|0|0|0|0|0|0|0|0|0|0|0|0|0
S|CY017|-16378214|-55401022| |TF|0|0|0|0|0|0|0|0|0|0|0|0|0
S|DIKUN|-17300000|-53966944| |TF|0|0|0|0|0|0|0|0|0|0|0|0|0

P|IROD2B|17|TOSAR|0|5
S|IRODU|-15921853|-55973531|CIA|CF|0|17100|1780|17220|1750|0|0|0|0|0|0|0|0
S|IRODU|-15921853|-55973531| |IF|0|0|0|0|0|0|0|0|0|0|0|0|0
S|CY037|-16448358|-55701828| |TF|0|0|0|0|0|0|0|0|0|0|0|0|0
S|CY036|-17056969|-55486672| |TF|0|0|0|0|0|0|0|0|0|0|0|0|0
S|TOSAR|-17650667|-55524500| |TF|0|0|0|0|0|0|0|0|0|0|0|0|0

P|ISVI3B|17|EDPAP|0|5
S| |91000000|181000000| |VA|0|17100|0|0|0|0|1|1300|0|0|0|0|0
S|CY034|-15674028|-55979717| |DF|0|0|0|0|0|0|0|0|0|0|0|0|0
S|ISVIS|-15650192|-55884936| |TF|0|0|0|0|0|0|2|6000|0|0|0|0|0
S|ISVIS|-15650192|-55884936| |IF|0|0|0|0|0|0|2|6000|0|0|0|0|0
S|EDPAP|-16467500|-53160000| |TF|0|0|0|0|0|0|0|0|0|0|0|0|0

P|ISVI3B|17|OBMIV|0|5
S| |91000000|181000000| |VA|0|17100|0|0|0|0|1|1300|0|0|0|0|0
S|CY034|-15674028|-55979717| |DF|0|0|0|0|0|0|0|0|0|0|0|0|0
S|ISVIS|-15650192|-55884936| |TF|0|0|0|0|0|0|2|6000|0|0|0|0|0
S|ISVIS|-15650192|-55884936| |IF|0|0|0|0|0|0|2|6000|0|0|0|0|0
S|OBMIV|-14867508|-55063303| |TF|0|0|0|0|0|0|0|0|0|0|0|0|0

P|ISVI3B|17|TORAB|0|5
S| |91000000|181000000| |VA|0|17100|0|0|0|0|1|1300|0|0|0|0|0
S|CY034|-15674028|-55979717| |DF|0|0|0|0|0|0|0|0|0|0|0|0|0
S|ISVIS|-15650192|-55884936| |TF|0|0|0|0|0|0|2|6000|0|0|0|0|0
S|ISVIS|-15650192|-55884936| |IF|0|0|0|0|0|0|2|6000|0|0|0|0|0
S|TORAB|-15973167|-55138500| |TF|0|0|0|0|0|0|0|0|0|0|0|0|0

P|OMNI|17| |0|2
S| |91000000|181000000| |VA|0|17100|0|0|0|0|1|2600|0|0|0|0|0
S| |91000000|181000000| |VM|0|17100|0|0|0|0|0|0|0|0|0|0|0

P|TIPL1A|35|EDPAP|0|4
S|EVNON|-15599167|-56145333|CIA|CF|0|35100|390|34940|300|0|0|0|0|1|0|0|0
S|TIPLA|-15515225|-55975239| |TF|0|0|0|0|0|0|3|6000|4000|0|0|0|0
S|TIPLA|-15515225|-55975239| |IF|0|0|0|0|0|0|3|6000|4000|0|0|0|0
S|EDPAP|-16467500|-53160000| |TF|0|0|0|0|0|0|0|0|0|0|0|0|0

P|TIPL1A|35|OBMIV|0|4
S|EVNON|-15599167|-56145333|CIA|CF|0|35100|390|34940|300|0|0|0|0|1|0|0|0
S|TIPLA|-15515225|-55975239| |TF|0|0|0|0|0|0|3|6000|4000|0|0|0|0
S|TIPLA|-15515225|-55975239| |IF|0|0|0|0|0|0|3|6000|4000|0|0|0|0
S|OBMIV|-14867508|-55063303| |TF|0|0|0|0|0|0|0|0|0|0|0|0|0

P|TIPL1A|35|TORAB|0|4
S|EVNON|-15599167|-56145333|CIA|CF|0|35100|390|34940|300|0|0|0|0|1|0|0|0
S|TIPLA|-15515225|-55975239| |TF|0|0|0|0|0|0|3|6000|4000|0|0|0|0
S|TIPLA|-15515225|-55975239| |IF|0|0|0|0|0|0|3|6000|4000|0|0|0|0
S|TORAB|-15973167|-55138500| |TF|0|0|0|0|0|0|0|0|0|0|0|0|0

