P|DALI1A|10|DALIV|0|2
S|CZ016|-7603167|-72708333| |DF|0|0|0|0|0|0|0|0|0|1|0|0|0
S|DALIV|-7185333|-71999000| |TF|0|0|0|0|0|0|0|0|0|0|0|0|0

P|DALI1B|28|DALIV|0|3
S|CZ017|-7596833|-72830667| |DF|0|0|0|0|0|0|0|0|0|1|0|0|0
S|CZ023|-7442839|-72774344| |DF|2|0|0|0|0|0|0|0|0|0|0|0|0
S|DALIV|-7185333|-71999000| |TF|0|0|0|0|0|0|0|0|0|0|0|0|0

P|NEPI1A|10|NEPIN|0|2
S|CZ016|-7603167|-72708333| |DF|0|0|0|0|0|0|0|0|0|1|0|0|0
S|NEPIN|-8036394|-71862725| |TF|0|0|0|0|0|0|0|0|0|0|0|0|0

P|NEPI1B|28|NEPIN|0|3
S|CZ017|-7596833|-72830667| |DF|0|0|0|0|0|0|0|0|0|1|0|0|0
S|CZ022|-7750956|-72778475| |DF|1|0|0|0|0|0|0|0|0|0|0|0|0
S|NEPIN|-8036394|-71862725| |TF|0|0|0|0|0|0|0|0|0|0|0|0|0

P|OMNI|10| |0|2
S| |91000000|181000000| |CA|0|10000|0|0|0|0|1|2000|0|0|0|0|0
S| |91000000|181000000| |VM|0|10000|0|0|0|0|0|0|0|0|0|0|0

P|OMNI|28| |0|2
S| |91000000|181000000| |CA|0|28000|0|0|0|0|1|2000|0|0|0|0|0
S| |91000000|181000000| |VM|0|28000|0|0|0|0|0|0|0|0|0|0|0

P|SIGO1A|10|SIGOB|0|2
S|CZ016|-7603167|-72708333| |DF|0|0|0|0|0|0|0|0|0|1|0|0|0
S|SIGOB|-8471111|-73338333| |TF|2|0|0|0|0|0|0|0|0|0|0|0|0

P|SIGO1B|28|SIGOB|0|2
S|CZ017|-7596833|-72830667| |DF|0|0|0|0|0|0|0|0|0|1|0|0|0
S|SIGOB|-8471111|-73338333| |TF|0|0|0|0|0|0|0|0|0|0|0|0|0

