P|DUBD1B|29|ETAXA|0|6
S| |91000000|181000000| |CA|0|28700|0|0|0|0|1|2000|0|0|0|0|0
S|EG018|-3230139|-60124025| |DF|1|0|0|0|0|0|2|7000|0|0|0|0|0
S|EG032|-3273081|-59967536| |TF|0|0|0|0|0|0|1|9000|0|0|0|0|0
S|DUBDU|-3318456|-59802025| |TF|0|0|0|0|0|0|0|0|0|0|0|0|0
S|DUBDU|-3318456|-59802025| |IF|0|0|0|0|0|0|0|0|0|0|0|0|0
S|ETAXA|-4178703|-59328278| |TF|0|0|0|0|0|0|0|0|0|0|0|0|0

P|DUBD1B|29|GEKUB|0|6
S| |91000000|181000000| |CA|0|28700|0|0|0|0|1|2000|0|0|0|0|0
S|EG018|-3230139|-60124025| |DF|1|0|0|0|0|0|2|7000|0|0|0|0|0
S|EG032|-3273081|-59967536| |TF|0|0|0|0|0|0|1|9000|0|0|0|0|0
S|DUBDU|-3318456|-59802025| |TF|0|0|0|0|0|0|0|0|0|0|0|0|0
S|DUBDU|-3318456|-59802025| |IF|0|0|0|0|0|0|0|0|0|0|0|0|0
S|GEKUB|-3133611|-57556111| |TF|0|0|0|0|0|0|0|0|0|0|0|0|0

P|DUBD1B|29|GIKVI|0|6
S| |91000000|181000000| |CA|0|28700|0|0|0|0|1|2000|0|0|0|0|0
S|EG018|-3230139|-60124025| |DF|1|0|0|0|0|0|2|7000|0|0|0|0|0
S|EG032|-3273081|-59967536| |TF|0|0|0|0|0|0|1|9000|0|0|0|0|0
S|DUBDU|-3318456|-59802025| |TF|0|0|0|0|0|0|0|0|0|0|0|0|0
S|DUBDU|-3318456|-59802025| |IF|0|0|0|0|0|0|0|0|0|0|0|0|0
S|GIKVI|-4557003|-58750344| |TF|0|0|0|0|0|0|0|0|0|0|0|0|0

P|DUBD1B|29|UTNIB|0|6
S| |91000000|181000000| |CA|0|28700|0|0|0|0|1|2000|0|0|0|0|0
S|EG018|-3230139|-60124025| |DF|1|0|0|0|0|0|2|7000|0|0|0|0|0
S|EG032|-3273081|-59967536| |TF|0|0|0|0|0|0|1|9000|0|0|0|0|0
S|DUBDU|-3318456|-59802025| |TF|0|0|0|0|0|0|0|0|0|0|0|0|0
S|DUBDU|-3318456|-59802025| |IF|0|0|0|0|0|0|0|0|0|0|0|0|0
S|UTNIB|-3627500|-57313056| |TF|0|0|0|0|0|0|0|0|0|0|0|0|0

P|KIGI1B|29|SINUN|0|3
S|KIGIM|-3032522|-60342950|ZY|CF|0|28800|59550|22840|1690|0|0|0|0|0|0|0|0
S|KIGIM|-3032522|-60342950| |IF|0|0|0|0|0|0|0|0|0|0|0|0|0
S|SINUN|-2583667|-61208667| |TF|0|0|0|0|0|0|0|0|0|0|0|0|0

P|KIGI1B|29|TIPTO|0|3
S|KIGIM|-3032522|-60342950|ZY|CF|0|28800|59550|22840|1690|0|0|0|0|0|0|0|0
S|KIGIM|-3032522|-60342950| |IF|0|0|0|0|0|0|0|0|0|0|0|0|0
S|TIPTO|-1608325|-61167544| |TF|0|0|0|0|0|0|0|0|0|0|0|0|0

P|KIGI1B|29|UKBEL|0|4
S|KIGIM|-3032522|-60342950|ZY|CF|0|28800|59550|22840|1690|0|0|0|0|0|0|0|0
S|KIGIM|-3032522|-60342950| |IF|0|0|0|0|0|0|0|0|0|0|0|0|0
S|EG006|-3909708|-61353308| |TF|0|0|0|0|0|0|0|0|0|0|0|0|0
S|UKBEL|-5120833|-62460333| |TF|0|0|0|0|0|0|0|0|0|0|0|0|0

P|KIGI1B|29|VUNEP|0|3
S|KIGIM|-3032522|-60342950|ZY|CF|0|28800|59550|22840|1690|0|0|0|0|0|0|0|0
S|KIGIM|-3032522|-60342950| |IF|0|0|0|0|0|0|0|0|0|0|0|0|0
S|VUNEP|-3199167|-62135833| |TF|0|0|0|0|0|0|0|0|0|0|0|0|0

P|MUBA2B|29|ITAMI|0|4
S| |91000000|181000000| |VA|0|28700|0|0|0|0|1|2000|0|0|0|0|0
S|MUBAV|-2854222|-60111422| |DF|2|0|0|0|0|0|2|7000|0|0|0|0|0
S|MUBAV|-2854222|-60111422| |IF|0|0|0|0|0|0|2|7000|0|0|0|0|0
S|ITAMI|-1570278|-59824444| |TF|0|0|0|0|0|0|0|0|0|0|0|0|0

P|MUBA2B|29|OSARO|0|4
S| |91000000|181000000| |VA|0|28700|0|0|0|0|1|2000|0|0|0|0|0
S|MUBAV|-2854222|-60111422| |DF|2|0|0|0|0|0|2|7000|0|0|0|0|0
S|MUBAV|-2854222|-60111422| |IF|0|0|0|0|0|0|2|7000|0|0|0|0|0
S|OSARO|-1087667|-60267833| |TF|0|0|0|0|0|0|0|0|0|0|0|0|0

P|MUBA2B|29|XOLOK|0|5
S| |91000000|181000000| |VA|0|28700|0|0|0|0|1|2000|0|0|0|0|0
S|MUBAV|-2854222|-60111422| |DF|2|0|0|0|0|0|2|7000|0|0|0|0|0
S|MUBAV|-2854222|-60111422| |IF|0|0|0|0|0|0|2|7000|0|0|0|0|0
S|EG044|-2653089|-58522778| |TF|0|0|0|0|0|0|0|0|0|0|0|0|0
S|XOLOK|-2617167|-56426167| |TF|0|0|0|0|0|0|0|0|0|0|0|0|0

P|OMNI|11| |0|2
S| |91000000|181000000| |CA|0|10700|0|0|0|0|1|2000|0|0|0|0|0
S| |91000000|181000000| |VM|0|10700|0|0|0|0|0|0|0|0|0|0|0

P|OMNI|29| |0|2
S| |91000000|181000000| |CA|0|28700|0|0|0|0|1|2000|0|0|0|0|0
S| |91000000|181000000| |VM|0|28700|0|0|0|0|0|0|0|0|0|0|0

P|PALA1A|11|ITAMI|0|5
S| |91000000|181000000| |VA|0|10700|0|0|0|0|1|2000|0|0|0|0|0
S|EG034|-2825308|-59989906| |DF|1|0|0|0|0|0|2|7000|0|0|0|0|0
S|PALAL|-2758572|-60000600| |TF|0|0|0|0|0|0|1|6500|0|0|0|0|0
S|PALAL|-2758572|-60000600| |IF|0|0|0|0|0|0|1|6500|0|0|0|0|0
S|ITAMI|-1570278|-59824444| |TF|0|0|0|0|0|0|0|0|0|0|0|0|0

P|PALA1A|11|OSARO|0|5
S| |91000000|181000000| |VA|0|10700|0|0|0|0|1|2000|0|0|0|0|0
S|EG034|-2825308|-59989906| |DF|1|0|0|0|0|0|2|7000|0|0|0|0|0
S|PALAL|-2758572|-60000600| |TF|0|0|0|0|0|0|1|6500|0|0|0|0|0
S|PALAL|-2758572|-60000600| |IF|0|0|0|0|0|0|1|6500|0|0|0|0|0
S|OSARO|-1087667|-60267833| |TF|0|0|0|0|0|0|0|0|0|0|0|0|0

P|SIGE2A|11|SIGEP|0|2
S| |91000000|181000000| |VA|0|10700|0|0|0|0|1|2000|0|0|0|0|0
S|SIGEP|-3283500|-59030500| |DF|0|0|0|0|0|0|0|0|0|0|0|0|0

P|UPOM1B|29|UPOMI|0|4
S| |91000000|181000000| |CA|0|28700|0|0|0|0|1|2000|0|0|0|0|0
S|EG018|-3230139|-60124025| |DF|1|0|0|0|0|0|2|7000|0|0|0|0|0
S|EG004|-4497989|-60933911| |TF|0|0|0|0|0|0|0|0|0|0|0|0|0
S|UPOMI|-5134167|-61507833| |TF|0|0|0|0|0|0|0|0|0|0|0|0|0

P|UTPA1A|11|ETAXA|0|4
S| |91000000|181000000| |CA|0|10700|0|0|0|0|1|2000|0|0|0|0|0
S|UTPAM|-3532667|-59676500| |DF|0|0|0|0|0|0|0|0|0|0|0|0|0
S|UTPAM|-3532667|-59676500| |IF|0|0|0|0|0|0|0|0|0|0|0|0|0
S|ETAXA|-4178703|-59328278| |TF|0|0|0|0|0|0|0|0|0|0|0|0|0

P|UTPA1A|11|GIKVI|0|4
S| |91000000|181000000| |CA|0|10700|0|0|0|0|1|2000|0|0|0|0|0
S|UTPAM|-3532667|-59676500| |DF|0|0|0|0|0|0|0|0|0|0|0|0|0
S|UTPAM|-3532667|-59676500| |IF|0|0|0|0|0|0|0|0|0|0|0|0|0
S|GIKVI|-4557003|-58750344| |TF|0|0|0|0|0|0|0|0|0|0|0|0|0

P|VUNG1A|11|UKBEL|0|7
S| |91000000|181000000| |VA|0|10700|0|0|0|0|1|2000|0|0|0|0|0
S|EG002|-3155739|-60138289| |DF|2|0|0|0|0|0|1|8000|0|0|0|0|0
S|VUNGA|-3168967|-60305925| |TF|0|0|0|0|0|0|1|10000|0|0|0|0|0
S|VUNGA|-3168967|-60305925| |IF|0|0|0|0|0|0|1|10000|0|0|0|0|0
S|EG021|-3186169|-60524775| |TF|0|0|0|0|0|0|0|0|0|0|0|0|0
S|EG006|-3909708|-61353308| |TF|0|0|0|0|0|0|0|0|0|0|0|0|0
S|UKBEL|-5120833|-62460333| |TF|0|0|0|0|0|0|0|0|0|0|0|0|0

P|VUNG1A|11|UPOMI|0|6
S| |91000000|181000000| |VA|0|10700|0|0|0|0|1|2000|0|0|0|0|0
S|EG002|-3155739|-60138289| |DF|2|0|0|0|0|0|1|8000|0|0|0|0|0
S|VUNGA|-3168967|-60305925| |TF|0|0|0|0|0|0|1|10000|0|0|0|0|0
S|VUNGA|-3168967|-60305925| |IF|0|0|0|0|0|0|1|10000|0|0|0|0|0
S|EG004|-4497989|-60933911| |TF|0|0|0|0|0|0|0|0|0|0|0|0|0
S|UPOMI|-5134167|-61507833| |TF|0|0|0|0|0|0|0|0|0|0|0|0|0

P|VUNG1A|11|VUNEP|0|6
S| |91000000|181000000| |VA|0|10700|0|0|0|0|1|2000|0|0|0|0|0
S|EG002|-3155739|-60138289| |DF|2|0|0|0|0|0|1|8000|0|0|0|0|0
S|VUNGA|-3168967|-60305925| |TF|0|0|0|0|0|0|1|10000|0|0|0|0|0
S|VUNGA|-3168967|-60305925| |IF|0|0|0|0|0|0|1|10000|0|0|0|0|0
S|EG021|-3186169|-60524775| |TF|0|0|0|0|0|0|0|0|0|0|0|0|0
S|VUNEP|-3199167|-62135833| |TF|0|0|0|0|0|0|0|0|0|0|0|0|0

P|XIXU1A|11|SINUN|0|6
S| |91000000|181000000| |VA|0|10700|0|0|0|0|1|2000|0|0|0|0|0
S|EG034|-2825308|-59989906| |DF|1|0|0|0|0|0|2|7000|0|0|0|0|0
S|EG007|-2821347|-60154736| |TF|0|0|0|0|0|0|1|9000|0|0|0|0|0
S|XIXUR|-2824642|-60334611| |TF|0|0|0|0|0|0|0|0|0|0|0|0|0
S|XIXUR|-2824642|-60334611| |IF|0|0|0|0|0|0|0|0|0|0|0|0|0
S|SINUN|-2583667|-61208667| |TF|0|0|0|0|0|0|0|0|0|0|0|0|0

P|XIXU1A|11|TIPTO|0|6
S| |91000000|181000000| |VA|0|10700|0|0|0|0|1|2000|0|0|0|0|0
S|EG034|-2825308|-59989906| |DF|1|0|0|0|0|0|2|7000|0|0|0|0|0
S|EG007|-2821347|-60154736| |TF|0|0|0|0|0|0|1|9000|0|0|0|0|0
S|XIXUR|-2824642|-60334611| |TF|0|0|0|0|0|0|0|0|0|0|0|0|0
S|XIXUR|-2824642|-60334611| |IF|0|0|0|0|0|0|0|0|0|0|0|0|0
S|TIPTO|-1608325|-61167544| |TF|0|0|0|0|0|0|0|0|0|0|0|0|0

P|XOLO1A|11|XOLOK|0|4
S| |91000000|181000000| |VA|0|10700|0|0|0|0|1|2000|0|0|0|0|0
S|EG001|-3048442|-59716461| |DF|0|0|0|0|0|0|1|6000|0|0|0|0|0
S|ERVEL|-3095278|-58362222| |TF|0|0|0|0|0|0|0|0|0|0|0|0|0
S|XOLOK|-2617167|-56426167| |TF|0|0|0|0|0|0|0|0|0|0|0|0|0

