P|ALMO2A|28|DAKDA|0|7
S| |91000000|181000000| |CA|0|27800|0|0|0|0|1|500|0|0|0|0|0
S|ALMOS|-22718583|-43480533| |DF|0|0|0|0|0|0|2|7000|0|0|0|0|0
S|ALMOS|-22718583|-43480533| |IF|0|0|0|0|0|0|2|7000|0|0|0|0|0
S|GL047|-22666706|-43455442| |TF|0|0|0|0|0|0|2|7000|0|0|0|0|0
S|GL048|-22534894|-43391783| |TF|0|0|0|0|0|0|2|9000|0|0|0|0|0
S|NIBGU|-22402106|-43327789| |TF|0|0|0|0|0|0|0|0|0|0|0|0|0
S|DAKDA|-21281242|-43093631| |TF|0|0|0|0|0|0|0|0|0|0|0|0|0

P|ALMO2A|28|EDNAM|0|7
S| |91000000|181000000| |CA|0|27800|0|0|0|0|1|500|0|0|0|0|0
S|ALMOS|-22718583|-43480533| |DF|0|0|0|0|0|0|2|7000|0|0|0|0|0
S|ALMOS|-22718583|-43480533| |IF|0|0|0|0|0|0|2|7000|0|0|0|0|0
S|GL047|-22666706|-43455442| |TF|0|0|0|0|0|0|2|7000|0|0|0|0|0
S|GL048|-22534894|-43391783| |TF|0|0|0|0|0|0|2|9000|0|0|0|0|0
S|NIBGU|-22402106|-43327789| |TF|0|0|0|0|0|0|0|0|0|0|0|0|0
S|EDNAM|-21816417|-43422756| |TF|0|0|0|0|0|0|0|0|0|0|0|0|0

P|ALMO2A|28|IMBAP|0|7
S| |91000000|181000000| |CA|0|27800|0|0|0|0|1|500|0|0|0|0|0
S|ALMOS|-22718583|-43480533| |DF|0|0|0|0|0|0|2|7000|0|0|0|0|0
S|ALMOS|-22718583|-43480533| |IF|0|0|0|0|0|0|2|7000|0|0|0|0|0
S|GL047|-22666706|-43455442| |TF|0|0|0|0|0|0|2|7000|0|0|0|0|0
S|GL048|-22534894|-43391783| |TF|0|0|0|0|0|0|2|9000|0|0|0|0|0
S|NIBGU|-22402106|-43327789| |TF|0|0|0|0|0|0|0|0|0|0|0|0|0
S|IMBAP|-21632836|-42586458| |TF|0|0|0|0|0|0|0|0|0|0|0|0|0

P|ALMO2A|28|SIDUR|0|5
S| |91000000|181000000| |CA|0|27800|0|0|0|0|1|500|0|0|0|0|0
S|ALMOS|-22718583|-43480533| |DF|0|0|0|0|0|0|2|7000|0|0|0|0|0
S|ALMOS|-22718583|-43480533| |IF|0|0|0|0|0|0|2|7000|0|0|0|0|0
S|LIXEP|-22629928|-43678164| |TF|0|0|0|0|0|0|1|11000|0|0|0|0|0
S|SIDUR|-22754467|-44218056| |TF|0|0|0|0|0|0|0|0|0|0|0|0|0

P|ALMO2A|28|UKENU|0|7
S| |91000000|181000000| |CA|0|27800|0|0|0|0|1|500|0|0|0|0|0
S|ALMOS|-22718583|-43480533| |DF|0|0|0|0|0|0|2|7000|0|0|0|0|0
S|ALMOS|-22718583|-43480533| |IF|0|0|0|0|0|0|2|7000|0|0|0|0|0
S|GL047|-22666706|-43455442| |TF|0|0|0|0|0|0|2|7000|0|0|0|0|0
S|GL048|-22534894|-43391783| |TF|0|0|0|0|0|0|2|9000|0|0|0|0|0
S|NIBGU|-22402106|-43327789| |TF|0|0|0|0|0|0|0|0|0|0|0|0|0
S|UKENU|-21201000|-41823844| |TF|0|0|0|0|0|0|0|0|0|0|0|0|0

P|ALMO2B|33|DAKDA|0|6
S|ALMOS|-22718583|-43480533|CXI|CF|0|31800|1360|31870|1300|0|2|7000|0|0|0|0|0
S|ALMOS|-22718583|-43480533| |IF|0|0|0|0|0|0|2|7000|0|0|0|0|0
S|GL047|-22666706|-43455442| |TF|0|0|0|0|0|0|2|7000|0|0|0|0|0
S|GL048|-22534894|-43391783| |TF|0|0|0|0|0|0|2|9000|0|0|0|0|0
S|NIBGU|-22402106|-43327789| |TF|0|0|0|0|0|0|0|0|0|0|0|0|0
S|DAKDA|-21281242|-43093631| |TF|0|0|0|0|0|0|0|0|0|0|0|0|0

P|ALMO2B|33|EDNAM|0|6
S|ALMOS|-22718583|-43480533|CXI|CF|0|31800|1360|31870|1300|0|2|7000|0|0|0|0|0
S|ALMOS|-22718583|-43480533| |IF|0|0|0|0|0|0|2|7000|0|0|0|0|0
S|GL047|-22666706|-43455442| |TF|0|0|0|0|0|0|2|7000|0|0|0|0|0
S|GL048|-22534894|-43391783| |TF|0|0|0|0|0|0|2|9000|0|0|0|0|0
S|NIBGU|-22402106|-43327789| |TF|0|0|0|0|0|0|0|0|0|0|0|0|0
S|EDNAM|-21816417|-43422756| |TF|0|0|0|0|0|0|0|0|0|0|0|0|0

P|ALMO2B|33|IMBAP|0|6
S|ALMOS|-22718583|-43480533|CXI|CF|0|31800|1360|31870|1300|0|2|7000|0|0|0|0|0
S|ALMOS|-22718583|-43480533| |IF|0|0|0|0|0|0|2|7000|0|0|0|0|0
S|GL047|-22666706|-43455442| |TF|0|0|0|0|0|0|2|7000|0|0|0|0|0
S|GL048|-22534894|-43391783| |TF|0|0|0|0|0|0|2|9000|0|0|0|0|0
S|NIBGU|-22402106|-43327789| |TF|0|0|0|0|0|0|0|0|0|0|0|0|0
S|IMBAP|-21632836|-42586458| |TF|0|0|0|0|0|0|0|0|0|0|0|0|0

P|ALMO2B|33|SIDUR|0|4
S|ALMOS|-22718583|-43480533|CXI|CF|0|31800|1360|31870|1300|0|2|7000|0|0|0|0|0
S|ALMOS|-22718583|-43480533| |IF|0|0|0|0|0|0|2|7000|0|0|0|0|0
S|LIXEP|-22629928|-43678164| |TF|0|0|0|0|0|0|1|11000|0|0|0|0|0
S|SIDUR|-22754467|-44218056| |TF|0|0|0|0|0|0|0|0|0|0|0|0|0

P|ALMO2B|33|UKENU|0|6
S|ALMOS|-22718583|-43480533|CXI|CF|0|31800|1360|31870|1300|0|2|7000|0|0|0|0|0
S|ALMOS|-22718583|-43480533| |IF|0|0|0|0|0|0|2|7000|0|0|0|0|0
S|GL047|-22666706|-43455442| |TF|0|0|0|0|0|0|2|7000|0|0|0|0|0
S|GL048|-22534894|-43391783| |TF|0|0|0|0|0|0|2|9000|0|0|0|0|0
S|NIBGU|-22402106|-43327789| |TF|0|0|0|0|0|0|0|0|0|0|0|0|0
S|UKENU|-21201000|-41823844| |TF|0|0|0|0|0|0|0|0|0|0|0|0|0

P|EVRA2A|10|SIDUR|0|10
S| |91000000|181000000| |CA|0|9700|0|0|0|0|1|430|0|0|0|0|0
S|VURUK|-22760825|-43069839|CXI|CF|0|10000|1110|9530|840|0|0|0|0|0|0|0|0
S|NUXIS|-22741689|-42980056| |TF|0|0|0|0|0|0|0|0|0|0|0|0|0
S|NUXIS|-22741689|-42980056| |IF|0|0|0|0|0|0|0|0|0|0|0|0|0
S|EVRAD|-22609753|-43032050| |TF|0|0|0|0|0|0|0|0|0|0|0|0|0
S|UGROK|-22533497|-43266094| |TF|0|0|0|0|0|0|0|0|0|0|0|0|0
S|ILNIB|-22581444|-43470344| |TF|0|0|0|0|0|0|1|13000|0|0|0|0|0
S|LOBEM|-22609597|-43590864| |TF|0|0|0|0|0|0|2|19000|0|0|0|0|0
S|LIXEP|-22629928|-43678164| |TF|0|0|0|0|0|0|0|0|0|0|0|0|0
S|SIDUR|-22754467|-44218056| |TF|0|0|0|0|0|0|0|0|0|0|0|0|0

P|EVRA2A|15|SIDUR|0|10
S| |91000000|181000000| |CA|0|14900|0|0|0|0|1|500|0|0|0|0|0
S|VURUK|-22760825|-43069839| |DF|0|0|0|0|0|0|0|0|0|0|0|0|0
S|NUXIS|-22741689|-42980056| |TF|0|0|0|0|0|0|0|0|0|0|0|0|0
S|NUXIS|-22741689|-42980056| |IF|0|0|0|0|0|0|0|0|0|0|0|0|0
S|EVRAD|-22609753|-43032050| |TF|0|0|0|0|0|0|0|0|0|0|0|0|0
S|UGROK|-22533497|-43266094| |TF|0|0|0|0|0|0|0|0|0|0|0|0|0
S|ILNIB|-22581444|-43470344| |TF|0|0|0|0|0|0|1|13000|0|0|0|0|0
S|LOBEM|-22609597|-43590864| |TF|0|0|0|0|0|0|2|19000|0|0|0|0|0
S|LIXEP|-22629928|-43678164| |TF|0|0|0|0|0|0|0|0|0|0|0|0|0
S|SIDUR|-22754467|-44218056| |TF|0|0|0|0|0|0|0|0|0|0|0|0|0

P|OMNI|10| |0|2
S| |91000000|181000000| |CA|0|9700|0|0|0|0|1|8000|0|0|0|0|0
S| |91000000|181000000| |VM|0|9700|0|0|0|0|0|0|0|0|0|0|0

P|OMNI|15| |0|2
S| |91000000|181000000| |CA|0|14900|0|0|0|0|1|6000|0|0|0|0|0
S| |91000000|181000000| |VM|0|14900|0|0|0|0|0|0|0|0|0|0|0

P|OMNI|28| |0|2
S| |91000000|181000000| |CA|0|27700|0|0|0|0|1|6000|0|0|0|0|0
S| |91000000|181000000| |VM|0|27700|0|0|0|0|0|0|0|0|0|0|0

P|OMNI|33| |0|2
S| |91000000|181000000| |CA|0|32900|0|0|0|0|1|6500|0|0|0|0|0
S| |91000000|181000000| |VM|0|32900|0|0|0|0|0|0|0|0|0|0|0

P|ORIR1A|28|ADA|0|7
S| |91000000|181000000| |VA|0|27700|0|0|0|0|1|440|0|0|0|0|0
S|EDMAD|-22732000|-43385167|CXI|CF|0|32900|860|32920|830|0|0|0|0|1|0|0|0
S|ORIRI|-22867000|-43366833| |DF|1|0|0|0|0|250|1|6000|0|0|0|0|0
S|ORIRI|-22867000|-43366833| |IF|0|0|0|0|0|250|1|6000|0|0|0|0|0
S|UTNOP|-22898658|-43220978| |TF|0|0|0|0|0|0|2|7000|0|0|0|0|0
S|PUMSO|-22869933|-42832536| |TF|0|0|0|0|0|0|0|0|0|0|0|0|0
S|ADA|-22812775|-42095339| |TF|0|0|0|0|0|0|0|0|0|0|0|0|0

P|ORIR1A|28|BITAK|0|8
S| |91000000|181000000| |VA|0|27700|0|0|0|0|1|440|0|0|0|0|0
S|EDMAD|-22732000|-43385167|CXI|CF|0|32900|860|32920|830|0|0|0|0|1|0|0|0
S|ORIRI|-22867000|-43366833| |DF|1|0|0|0|0|250|1|6000|0|0|0|0|0
S|ORIRI|-22867000|-43366833| |IF|0|0|0|0|0|250|1|6000|0|0|0|0|0
S|GL168|-22931358|-43388894| |TF|0|0|0|0|0|0|2|7000|0|0|0|0|0
S|SURKU|-23133706|-43461228| |TF|0|0|0|0|0|0|0|0|0|0|0|0|0
S|GL371|-23218889|-43491389| |TF|0|0|0|0|0|0|0|0|0|0|0|0|0
S|BITAK|-23630167|-43638000| |TF|0|0|0|0|0|0|0|0|0|0|0|0|0

P|ORIR1A|28|NAXOP|0|9
S| |91000000|181000000| |VA|0|27700|0|0|0|0|1|440|0|0|0|0|0
S|EDMAD|-22732000|-43385167|CXI|CF|0|32900|860|32920|830|0|0|0|0|1|0|0|0
S|ORIRI|-22867000|-43366833| |DF|1|0|0|0|0|250|1|6000|0|0|0|0|0
S|ORIRI|-22867000|-43366833| |IF|0|0|0|0|0|250|1|6000|0|0|0|0|0
S|GL168|-22931358|-43388894| |TF|0|0|0|0|0|0|2|7000|0|0|0|0|0
S|SURKU|-23133706|-43461228| |TF|0|0|0|0|0|0|0|0|0|0|0|0|0
S|GL371|-23218889|-43491389| |TF|0|0|0|0|0|0|0|0|0|0|0|0|0
S|GL369|-23421944|-43946389| |TF|0|0|0|0|0|0|1|24000|0|0|0|0|0
S|NAXOP|-23515194|-44156817| |TF|0|0|0|0|0|0|0|0|0|0|0|0|0

P|ORIR1A|28|TISVA|0|7
S| |91000000|181000000| |VA|0|27700|0|0|0|0|1|440|0|0|0|0|0
S|EDMAD|-22732000|-43385167|CXI|CF|0|32900|860|32920|830|0|0|0|0|1|0|0|0
S|ORIRI|-22867000|-43366833| |DF|1|0|0|0|0|250|1|6000|0|0|0|0|0
S|ORIRI|-22867000|-43366833| |IF|0|0|0|0|0|250|1|6000|0|0|0|0|0
S|UTNOP|-22898658|-43220978| |TF|0|0|0|0|0|0|2|7000|0|0|0|0|0
S|PUMSO|-22869933|-42832536| |TF|0|0|0|0|0|0|0|0|0|0|0|0|0
S|TISVA|-22583744|-42250539| |TF|0|0|0|0|0|0|0|0|0|0|0|0|0

P|ORIR1A|33|ADA|0|6
S|EDMAD|-22732000|-43385167|CXI|CF|0|32900|860|32920|830|0|0|0|0|1|0|0|0
S|ORIRI|-22867000|-43366833| |DF|1|0|0|0|0|250|1|6000|0|0|0|0|0
S|ORIRI|-22867000|-43366833| |IF|0|0|0|0|0|250|1|6000|0|0|0|0|0
S|UTNOP|-22898658|-43220978| |TF|0|0|0|0|0|0|2|7000|0|0|0|0|0
S|PUMSO|-22869933|-42832536| |TF|0|0|0|0|0|0|0|0|0|0|0|0|0
S|ADA|-22812775|-42095339| |TF|0|0|0|0|0|0|0|0|0|0|0|0|0

P|ORIR1A|33|BITAK|0|7
S|EDMAD|-22732000|-43385167|CXI|CF|0|32900|860|32920|830|0|0|0|0|1|0|0|0
S|ORIRI|-22867000|-43366833| |DF|1|0|0|0|0|250|1|6000|0|0|0|0|0
S|ORIRI|-22867000|-43366833| |IF|0|0|0|0|0|250|1|6000|0|0|0|0|0
S|GL168|-22931358|-43388894| |TF|0|0|0|0|0|0|2|7000|0|0|0|0|0
S|SURKU|-23133706|-43461228| |TF|0|0|0|0|0|0|0|0|0|0|0|0|0
S|GL371|-23218889|-43491389| |TF|0|0|0|0|0|0|0|0|0|0|0|0|0
S|BITAK|-23630167|-43638000| |TF|0|0|0|0|0|0|0|0|0|0|0|0|0

P|ORIR1A|33|NAXOP|0|8
S|EDMAD|-22732000|-43385167|CXI|CF|0|32900|860|32920|830|0|0|0|0|1|0|0|0
S|ORIRI|-22867000|-43366833| |DF|1|0|0|0|0|250|1|6000|0|0|0|0|0
S|ORIRI|-22867000|-43366833| |IF|0|0|0|0|0|250|1|6000|0|0|0|0|0
S|GL168|-22931358|-43388894| |TF|0|0|0|0|0|0|2|7000|0|0|0|0|0
S|SURKU|-23133706|-43461228| |TF|0|0|0|0|0|0|0|0|0|0|0|0|0
S|GL371|-23218889|-43491389| |TF|0|0|0|0|0|0|0|0|0|0|0|0|0
S|GL369|-23421944|-43946389| |TF|0|0|0|0|0|0|1|24000|0|0|0|0|0
S|NAXOP|-23515194|-44156817| |TF|0|0|0|0|0|0|0|0|0|0|0|0|0

P|ORIR1A|33|TISVA|0|6
S|EDMAD|-22732000|-43385167|CXI|CF|0|32900|860|32920|830|0|0|0|0|1|0|0|0
S|ORIRI|-22867000|-43366833| |DF|1|0|0|0|0|250|1|6000|0|0|0|0|0
S|ORIRI|-22867000|-43366833| |IF|0|0|0|0|0|250|1|6000|0|0|0|0|0
S|UTNOP|-22898658|-43220978| |TF|0|0|0|0|0|0|2|7000|0|0|0|0|0
S|PUMSO|-22869933|-42832536| |TF|0|0|0|0|0|0|0|0|0|0|0|0|0
S|TISVA|-22583744|-42250539| |TF|0|0|0|0|0|0|0|0|0|0|0|0|0

P|TIVR1A|10|BITAK|0|8
S| |91000000|181000000| |CA|0|9700|0|0|0|0|1|430|0|0|0|0|0
S|UTMIP|-22752019|-43028556|CXI|CF|0|10000|1340|9620|1080|0|0|0|0|0|0|0|0
S|ISVUL|-22852864|-42964122| |TF|0|0|0|0|0|230|1|6000|0|0|0|0|0
S|ISVUL|-22852864|-42964122| |IF|0|0|0|0|0|230|1|6000|0|0|0|0|0
S|EVSOB|-22998511|-43089606| |TF|0|0|0|0|0|0|1|9000|0|0|0|0|0
S|TIVRO|-23335758|-43385244| |TF|0|0|0|0|0|0|0|0|0|0|0|0|0
S|TIVRO|-23335758|-43385244| |IF|0|0|0|0|0|0|0|0|0|0|0|0|0
S|BITAK|-23630167|-43638000| |TF|0|0|0|0|0|0|0|0|0|0|0|0|0

P|TIVR1A|10|NAXOP|0|9
S| |91000000|181000000| |CA|0|9700|0|0|0|0|1|430|0|0|0|0|0
S|UTMIP|-22752019|-43028556|CXI|CF|0|10000|1340|9620|1080|0|0|0|0|0|0|0|0
S|ISVUL|-22852864|-42964122| |TF|0|0|0|0|0|230|1|6000|0|0|0|0|0
S|ISVUL|-22852864|-42964122| |IF|0|0|0|0|0|230|1|6000|0|0|0|0|0
S|EVSOB|-22998511|-43089606| |TF|0|0|0|0|0|0|1|9000|0|0|0|0|0
S|TIVRO|-23335758|-43385244| |TF|0|0|0|0|0|0|0|0|0|0|0|0|0
S|TIVRO|-23335758|-43385244| |IF|0|0|0|0|0|0|0|0|0|0|0|0|0
S|ARSOV|-23462839|-43929767| |TF|0|0|0|0|0|0|1|24000|0|0|0|0|0
S|NAXOP|-23515194|-44156817| |TF|0|0|0|0|0|0|0|0|0|0|0|0|0

P|TIVR1B|15|BITAK|0|8
S| |91000000|181000000| |CA|0|14800|0|0|0|0|1|500|0|0|0|0|0
S|UTMIP|-22752019|-43028556| |DF|0|0|0|0|0|0|0|0|0|0|0|0|0
S|ISVUL|-22852864|-42964122| |TF|0|0|0|0|0|230|1|6000|0|0|0|0|0
S|ISVUL|-22852864|-42964122| |IF|0|0|0|0|0|230|1|6000|0|0|0|0|0
S|EVSOB|-22998511|-43089606| |TF|0|0|0|0|0|0|1|9000|0|0|0|0|0
S|TIVRO|-23335758|-43385244| |TF|0|0|0|0|0|0|0|0|0|0|0|0|0
S|TIVRO|-23335758|-43385244| |IF|0|0|0|0|0|0|0|0|0|0|0|0|0
S|BITAK|-23630167|-43638000| |TF|0|0|0|0|0|0|0|0|0|0|0|0|0

P|TIVR1B|15|NAXOP|0|9
S| |91000000|181000000| |CA|0|14800|0|0|0|0|1|500|0|0|0|0|0
S|UTMIP|-22752019|-43028556| |DF|0|0|0|0|0|0|0|0|0|0|0|0|0
S|ISVUL|-22852864|-42964122| |TF|0|0|0|0|0|230|1|6000|0|0|0|0|0
S|ISVUL|-22852864|-42964122| |IF|0|0|0|0|0|230|1|6000|0|0|0|0|0
S|EVSOB|-22998511|-43089606| |TF|0|0|0|0|0|0|1|9000|0|0|0|0|0
S|TIVRO|-23335758|-43385244| |TF|0|0|0|0|0|0|0|0|0|0|0|0|0
S|TIVRO|-23335758|-43385244| |IF|0|0|0|0|0|0|0|0|0|0|0|0|0
S|ARSOV|-23462839|-43929767| |TF|0|0|0|0|0|0|1|24000|0|0|0|0|0
S|NAXOP|-23515194|-44156817| |TF|0|0|0|0|0|0|0|0|0|0|0|0|0

P|UGRO1A|10|SIDUR|0|8
S| |91000000|181000000| |CA|0|9700|0|0|0|0|1|430|0|0|0|0|0
S|VURUK|-22760825|-43069839|CXI|CF|0|10000|1110|9530|800|0|0|0|0|0|0|0|0
S|VURUK|-22760825|-43069839| |IF|0|0|0|0|0|0|0|0|0|0|0|0|0
S|UGROK|-22533497|-43266094| |TF|1|0|0|0|0|0|0|0|0|0|0|0|0
S|ILNIB|-22581444|-43470344| |TF|0|0|0|0|0|0|1|13000|0|0|0|0|0
S|LOBEM|-22609597|-43590864| |TF|0|0|0|0|0|0|2|19000|0|0|0|0|0
S|LIXEP|-22629928|-43678164| |TF|0|0|0|0|0|0|0|0|0|0|0|0|0
S|SIDUR|-22754467|-44218056| |TF|0|0|0|0|0|0|0|0|0|0|0|0|0

P|UGRO1A|15|SIDUR|0|8
S| |91000000|181000000| |CA|0|14800|0|0|0|0|1|500|0|0|0|0|0
S|VURUK|-22760825|-43069839| |DF|0|0|0|0|0|0|0|0|0|0|0|0|0
S|VURUK|-22760825|-43069839| |IF|0|0|0|0|0|0|0|0|0|0|0|0|0
S|UGROK|-22533497|-43266094| |TF|1|0|0|0|0|0|0|0|0|0|0|0|0
S|ILNIB|-22581444|-43470344| |TF|0|0|0|0|0|0|1|13000|0|0|0|0|0
S|LOBEM|-22609597|-43590864| |TF|0|0|0|0|0|0|2|19000|0|0|0|0|0
S|LIXEP|-22629928|-43678164| |TF|0|0|0|0|0|0|0|0|0|0|0|0|0
S|SIDUR|-22754467|-44218056| |TF|0|0|0|0|0|0|0|0|0|0|0|0|0

P|UTMI1A|10|ADA|0|4
S|UTMIP|-22752019|-43028556|PCX|CF|0|10000|970|28000|1080|0|0|0|0|1|0|0|0
S|UTMIP|-22752019|-43028556| |IF|0|0|0|0|0|0|0|0|0|0|0|0|0
S|PCX|-22715394|-42857422| |TF|0|0|0|0|0|0|0|0|0|0|0|0|0
S|ADA|-22812775|-42095339| |TF|0|0|0|0|0|0|0|0|0|0|0|0|0

P|UTMI1A|10|DAKDA|0|6
S|UTMIP|-22752019|-43028556|PCX|CF|0|10000|970|28000|1080|0|0|0|0|1|0|0|0
S|UTMIP|-22752019|-43028556| |IF|0|0|0|0|0|0|0|0|0|0|0|0|0
S|GL054|-22670217|-43008236| |TF|0|0|0|0|0|0|0|0|0|0|0|0|0
S|ASKAV|-22323658|-42922425| |TF|0|0|0|0|0|0|0|0|0|0|0|0|0
S|ISRIN|-22158833|-42949667| |TF|0|0|0|0|0|0|2|18000|0|0|0|0|0
S|DAKDA|-21281242|-43093631| |TF|0|0|0|0|0|0|0|0|0|0|0|0|0

P|UTMI1A|10|EDNAM|0|7
S|UTMIP|-22752019|-43028556|PCX|CF|0|10000|970|28000|1080|0|0|0|0|1|0|0|0
S|UTMIP|-22752019|-43028556| |IF|0|0|0|0|0|0|0|0|0|0|0|0|0
S|GL054|-22670217|-43008236| |TF|0|0|0|0|0|0|0|0|0|0|0|0|0
S|GL057|-22520992|-43066969| |TF|0|0|0|0|0|0|1|9000|0|0|0|0|0
S|ISIXI|-22364681|-43128347| |TF|0|0|0|0|0|0|0|0|0|0|0|0|0
S|ENSOD|-22156600|-43209825| |TF|0|0|0|0|0|0|2|14000|0|0|0|0|0
S|EDNAM|-21816417|-43422756| |TF|0|0|0|0|0|0|0|0|0|0|0|0|0

P|UTMI1A|10|ENSOD|0|6
S|UTMIP|-22752019|-43028556|PCX|CF|0|10000|970|28000|1080|0|0|0|0|1|0|0|0
S|UTMIP|-22752019|-43028556| |IF|0|0|0|0|0|0|0|0|0|0|0|0|0
S|GL054|-22670217|-43008236| |TF|0|0|0|0|0|0|0|0|0|0|0|0|0
S|GL057|-22520992|-43066969| |TF|0|0|0|0|0|0|1|9000|0|0|0|0|0
S|ISIXI|-22364681|-43128347| |TF|0|0|0|0|0|0|0|0|0|0|0|0|0
S|ENSOD|-22156600|-43209825| |TF|0|0|0|0|0|0|2|14000|0|0|0|0|0

P|UTMI1A|10|IMBAP|0|6
S|UTMIP|-22752019|-43028556|PCX|CF|0|10000|970|28000|1080|0|0|0|0|1|0|0|0
S|UTMIP|-22752019|-43028556| |IF|0|0|0|0|0|0|0|0|0|0|0|0|0
S|GL054|-22670217|-43008236| |TF|0|0|0|0|0|0|0|0|0|0|0|0|0
S|ASKAV|-22323658|-42922425| |TF|0|0|0|0|0|0|0|0|0|0|0|0|0
S|ISRIN|-22158833|-42949667| |TF|0|0|0|0|0|0|2|18000|0|0|0|0|0
S|IMBAP|-21632836|-42586458| |TF|0|0|0|0|0|0|0|0|0|0|0|0|0

P|UTMI1A|10|ISRIN|0|5
S|UTMIP|-22752019|-43028556|PCX|CF|0|10000|970|28000|1080|0|0|0|0|1|0|0|0
S|UTMIP|-22752019|-43028556| |IF|0|0|0|0|0|0|0|0|0|0|0|0|0
S|GL054|-22670217|-43008236| |TF|0|0|0|0|0|0|0|0|0|0|0|0|0
S|ASKAV|-22323658|-42922425| |TF|0|0|0|0|0|0|0|0|0|0|0|0|0
S|ISRIN|-22158833|-42949667| |TF|0|0|0|0|0|0|2|18000|0|0|0|0|0

P|UTMI1A|10|TISVA|0|4
S|UTMIP|-22752019|-43028556|PCX|CF|0|10000|970|28000|1080|0|0|0|0|1|0|0|0
S|UTMIP|-22752019|-43028556| |IF|0|0|0|0|0|0|0|0|0|0|0|0|0
S|PCX|-22715394|-42857422| |TF|0|0|0|0|0|0|0|0|0|0|0|0|0
S|TISVA|-22583744|-42250539| |TF|0|0|0|0|0|0|0|0|0|0|0|0|0

P|UTMI1A|10|UKENU|0|6
S|UTMIP|-22752019|-43028556|PCX|CF|0|10000|970|28000|1080|0|0|0|0|1|0|0|0
S|UTMIP|-22752019|-43028556| |IF|0|0|0|0|0|0|0|0|0|0|0|0|0
S|GL054|-22670217|-43008236| |TF|0|0|0|0|0|0|0|0|0|0|0|0|0
S|ASKAV|-22323658|-42922425| |TF|0|0|0|0|0|0|0|0|0|0|0|0|0
S|ISRIN|-22158833|-42949667| |TF|0|0|0|0|0|0|2|18000|0|0|0|0|0
S|UKENU|-21201000|-41823844| |TF|0|0|0|0|0|0|0|0|0|0|0|0|0

P|UTMI1A|15|ADA|0|6
S|DER15|-22829117|-43238492| |DF|0|0|0|0|0|0|0|0|0|1|0|0|0
S| |91000000|181000000| |CA|0|14900|0|0|0|0|1|500|0|0|0|0|0
S|UTMIP|-22752019|-43028556| |DF|0|0|0|0|0|0|0|0|0|1|0|0|0
S|UTMIP|-22752019|-43028556| |IF|0|0|0|0|0|0|0|0|0|0|0|0|0
S|PCX|-22715394|-42857422| |TF|0|0|0|0|0|0|0|0|0|0|0|0|0
S|ADA|-22812775|-42095339| |TF|0|0|0|0|0|0|0|0|0|0|0|0|0

P|UTMI1A|15|DAKDA|0|8
S|DER15|-22829117|-43238492| |DF|0|0|0|0|0|0|0|0|0|1|0|0|0
S| |91000000|181000000| |CA|0|14900|0|0|0|0|1|500|0|0|0|0|0
S|UTMIP|-22752019|-43028556| |DF|0|0|0|0|0|0|0|0|0|1|0|0|0
S|UTMIP|-22752019|-43028556| |IF|0|0|0|0|0|0|0|0|0|0|0|0|0
S|GL054|-22670217|-43008236| |TF|0|0|0|0|0|0|0|0|0|0|0|0|0
S|ASKAV|-22323658|-42922425| |TF|0|0|0|0|0|0|0|0|0|0|0|0|0
S|ISRIN|-22158833|-42949667| |TF|0|0|0|0|0|0|2|18000|0|0|0|0|0
S|DAKDA|-21281242|-43093631| |TF|0|0|0|0|0|0|0|0|0|0|0|0|0

P|UTMI1A|15|EDNAM|0|9
S|DER15|-22829117|-43238492| |DF|0|0|0|0|0|0|0|0|0|1|0|0|0
S| |91000000|181000000| |CA|0|14900|0|0|0|0|1|500|0|0|0|0|0
S|UTMIP|-22752019|-43028556| |DF|0|0|0|0|0|0|0|0|0|1|0|0|0
S|UTMIP|-22752019|-43028556| |IF|0|0|0|0|0|0|0|0|0|0|0|0|0
S|GL054|-22670217|-43008236| |TF|0|0|0|0|0|0|0|0|0|0|0|0|0
S|GL057|-22520992|-43066969| |TF|0|0|0|0|0|0|1|9000|0|0|0|0|0
S|ISIXI|-22364681|-43128347| |TF|0|0|0|0|0|0|0|0|0|0|0|0|0
S|ENSOD|-22156600|-43209825| |TF|0|0|0|0|0|0|2|14000|0|0|0|0|0
S|EDNAM|-21816417|-43422756| |TF|0|0|0|0|0|0|0|0|0|0|0|0|0

P|UTMI1A|15|ENSOD|0|8
S|DER15|-22829117|-43238492| |DF|0|0|0|0|0|0|0|0|0|1|0|0|0
S| |91000000|181000000| |CA|0|14900|0|0|0|0|1|500|0|0|0|0|0
S|UTMIP|-22752019|-43028556| |DF|0|0|0|0|0|0|0|0|0|1|0|0|0
S|UTMIP|-22752019|-43028556| |IF|0|0|0|0|0|0|0|0|0|0|0|0|0
S|GL054|-22670217|-43008236| |TF|0|0|0|0|0|0|0|0|0|0|0|0|0
S|GL057|-22520992|-43066969| |TF|0|0|0|0|0|0|1|9000|0|0|0|0|0
S|ISIXI|-22364681|-43128347| |TF|0|0|0|0|0|0|0|0|0|0|0|0|0
S|ENSOD|-22156600|-43209825| |TF|0|0|0|0|0|0|2|14000|0|0|0|0|0

P|UTMI1A|15|IMBAP|0|8
S|DER15|-22829117|-43238492| |DF|0|0|0|0|0|0|0|0|0|1|0|0|0
S| |91000000|181000000| |CA|0|14900|0|0|0|0|1|500|0|0|0|0|0
S|UTMIP|-22752019|-43028556| |DF|0|0|0|0|0|0|0|0|0|1|0|0|0
S|UTMIP|-22752019|-43028556| |IF|0|0|0|0|0|0|0|0|0|0|0|0|0
S|GL054|-22670217|-43008236| |TF|0|0|0|0|0|0|0|0|0|0|0|0|0
S|ASKAV|-22323658|-42922425| |TF|0|0|0|0|0|0|0|0|0|0|0|0|0
S|ISRIN|-22158833|-42949667| |TF|0|0|0|0|0|0|2|18000|0|0|0|0|0
S|IMBAP|-21632836|-42586458| |TF|0|0|0|0|0|0|0|0|0|0|0|0|0

P|UTMI1A|15|ISRIN|0|7
S|DER15|-22829117|-43238492| |DF|0|0|0|0|0|0|0|0|0|1|0|0|0
S| |91000000|181000000| |CA|0|14900|0|0|0|0|1|500|0|0|0|0|0
S|UTMIP|-22752019|-43028556| |DF|0|0|0|0|0|0|0|0|0|1|0|0|0
S|UTMIP|-22752019|-43028556| |IF|0|0|0|0|0|0|0|0|0|0|0|0|0
S|GL054|-22670217|-43008236| |TF|0|0|0|0|0|0|0|0|0|0|0|0|0
S|ASKAV|-22323658|-42922425| |TF|0|0|0|0|0|0|0|0|0|0|0|0|0
S|ISRIN|-22158833|-42949667| |TF|0|0|0|0|0|0|2|18000|0|0|0|0|0

P|UTMI1A|15|TISVA|0|6
S|DER15|-22829117|-43238492| |DF|0|0|0|0|0|0|0|0|0|1|0|0|0
S| |91000000|181000000| |CA|0|14900|0|0|0|0|1|500|0|0|0|0|0
S|UTMIP|-22752019|-43028556| |DF|0|0|0|0|0|0|0|0|0|1|0|0|0
S|UTMIP|-22752019|-43028556| |IF|0|0|0|0|0|0|0|0|0|0|0|0|0
S|PCX|-22715394|-42857422| |TF|0|0|0|0|0|0|0|0|0|0|0|0|0
S|TISVA|-22583744|-42250539| |TF|0|0|0|0|0|0|0|0|0|0|0|0|0

P|UTMI1A|15|UKENU|0|8
S|DER15|-22829117|-43238492| |DF|0|0|0|0|0|0|0|0|0|1|0|0|0
S| |91000000|181000000| |CA|0|14900|0|0|0|0|1|500|0|0|0|0|0
S|UTMIP|-22752019|-43028556| |DF|0|0|0|0|0|0|0|0|0|1|0|0|0
S|UTMIP|-22752019|-43028556| |IF|0|0|0|0|0|0|0|0|0|0|0|0|0
S|GL054|-22670217|-43008236| |TF|0|0|0|0|0|0|0|0|0|0|0|0|0
S|ASKAV|-22323658|-42922425| |TF|0|0|0|0|0|0|0|0|0|0|0|0|0
S|ISRIN|-22158833|-42949667| |TF|0|0|0|0|0|0|2|18000|0|0|0|0|0
S|UKENU|-21201000|-41823844| |TF|0|0|0|0|0|0|0|0|0|0|0|0|0

