P|ISNU2A|13|EVTEK|0|7
S| |91000000|181000000| |VA|0|12800|0|0|0|0|1|3400|0|0|0|0|0
S|VUPER|-19619133|-43723500| |DF|0|0|0|0|0|0|2|7000|0|0|0|0|0
S|VUPER|-19619133|-43723500| |IF|0|0|0|0|0|0|2|7000|0|0|0|0|0
S|ISNUV|-19513175|-43587033| |TF|0|0|0|0|0|0|2|10000|0|0|0|0|0
S|ISNUV|-19513175|-43587033| |IF|0|0|0|0|0|0|2|10000|0|0|0|0|0
S|ANPEK|-19496750|-43210242| |TF|0|0|0|0|0|0|0|0|0|0|0|0|0
S|EVTEK|-19463000|-42479500| |TF|0|0|0|0|0|0|0|0|0|0|0|0|0

P|ISNU2A|13|ILPIR|0|6
S| |91000000|181000000| |VA|0|12800|0|0|0|0|1|3400|0|0|0|0|0
S|VUPER|-19619133|-43723500| |DF|0|0|0|0|0|0|2|7000|0|0|0|0|0
S|VUPER|-19619133|-43723500| |IF|0|0|0|0|0|0|2|7000|0|0|0|0|0
S|ISNUV|-19513175|-43587033| |TF|0|0|0|0|0|0|2|10000|0|0|0|0|0
S|ISNUV|-19513175|-43587033| |IF|0|0|0|0|0|0|2|10000|0|0|0|0|0
S|ILPIR|-19310617|-43447061| |TF|0|0|0|0|0|0|0|0|0|0|0|0|0

P|ISNU2A|13|KADOR|0|7
S| |91000000|181000000| |VA|0|12800|0|0|0|0|1|3400|0|0|0|0|0
S|VUPER|-19619133|-43723500| |DF|0|0|0|0|0|0|2|7000|0|0|0|0|0
S|VUPER|-19619133|-43723500| |IF|0|0|0|0|0|0|2|7000|0|0|0|0|0
S|ISNUV|-19513175|-43587033| |TF|0|0|0|0|0|0|2|10000|0|0|0|0|0
S|ISNUV|-19513175|-43587033| |IF|0|0|0|0|0|0|2|10000|0|0|0|0|0
S|UPUKO|-19339731|-43348050| |TF|0|0|0|0|0|0|0|0|0|0|0|0|0
S|KADOR|-18926858|-42781136| |TF|0|0|0|0|0|0|0|0|0|0|0|0|0

P|ISNU2A|31|EVTEK|0|7
S| |91000000|181000000| |VA|0|30800|0|0|0|0|1|3400|0|0|0|0|0
S|VUPER|-19619133|-43723500| |DF|2|0|0|0|0|0|2|7000|0|0|0|0|0
S|VUPER|-19619133|-43723500| |IF|0|0|0|0|0|0|2|7000|0|0|0|0|0
S|ISNUV|-19513175|-43587033| |TF|0|0|0|0|0|0|2|10000|0|0|0|0|0
S|ISNUV|-19513175|-43587033| |IF|0|0|0|0|0|0|2|10000|0|0|0|0|0
S|ANPEK|-19496750|-43210242| |TF|0|0|0|0|0|0|0|0|0|0|0|0|0
S|EVTEK|-19463000|-42479500| |TF|0|0|0|0|0|0|0|0|0|0|0|0|0

P|ISNU2A|31|ILPIR|0|6
S| |91000000|181000000| |VA|0|30800|0|0|0|0|1|3400|0|0|0|0|0
S|VUPER|-19619133|-43723500| |DF|2|0|0|0|0|0|2|7000|0|0|0|0|0
S|VUPER|-19619133|-43723500| |IF|0|0|0|0|0|0|2|7000|0|0|0|0|0
S|ISNUV|-19513175|-43587033| |TF|0|0|0|0|0|0|2|10000|0|0|0|0|0
S|ISNUV|-19513175|-43587033| |IF|0|0|0|0|0|0|2|10000|0|0|0|0|0
S|ILPIR|-19310617|-43447061| |TF|0|0|0|0|0|0|0|0|0|0|0|0|0

P|ISNU2A|31|KADOR|0|7
S| |91000000|181000000| |VA|0|30800|0|0|0|0|1|3400|0|0|0|0|0
S|VUPER|-19619133|-43723500| |DF|2|0|0|0|0|0|2|7000|0|0|0|0|0
S|VUPER|-19619133|-43723500| |IF|0|0|0|0|0|0|2|7000|0|0|0|0|0
S|ISNUV|-19513175|-43587033| |TF|0|0|0|0|0|0|2|10000|0|0|0|0|0
S|ISNUV|-19513175|-43587033| |IF|0|0|0|0|0|0|2|10000|0|0|0|0|0
S|UPUKO|-19339731|-43348050| |TF|0|0|0|0|0|0|0|0|0|0|0|0|0
S|KADOR|-18926858|-42781136| |TF|0|0|0|0|0|0|0|0|0|0|0|0|0

P|KUBE3A|13|EVPAD|0|10
S| |91000000|181000000| |CA|0|12800|0|0|0|0|1|3400|0|0|0|0|0
S|VADON|-19807333|-43808000| |DF|0|0|0|0|0|0|0|0|0|0|0|0|0
S|VADON|-19807333|-43808000| |IF|0|0|0|0|0|0|0|0|0|0|0|0|0
S|KUBEX|-19931933|-43723272| |TF|0|0|0|0|0|0|0|0|0|0|0|0|0
S|KUBEX|-19931933|-43723272| |IF|0|0|0|0|0|0|0|0|0|0|0|0|0
S|OPSAB|-19989964|-43560444| |TF|0|0|0|0|0|0|0|0|0|0|0|0|0
S|VUKPU|-19985181|-43465467| |TF|0|0|0|0|0|0|2|9000|0|0|0|0|0
S|POPNI|-19974361|-43254550| |TF|0|0|0|0|0|0|0|0|0|0|0|0|0
S|GAVAB|-19967244|-43134931| |TF|0|0|0|0|0|0|0|0|0|0|0|0|0
S|EVPAD|-19957833|-42978667| |TF|0|0|0|0|0|0|0|0|0|0|0|0|0

P|KUBE3A|13|GAZAR|0|7
S| |91000000|181000000| |CA|0|12800|0|0|0|0|1|3400|0|0|0|0|0
S|VADON|-19807333|-43808000| |DF|0|0|0|0|0|0|0|0|0|0|0|0|0
S|VADON|-19807333|-43808000| |IF|0|0|0|0|0|0|0|0|0|0|0|0|0
S|KUBEX|-19931933|-43723272| |TF|0|0|0|0|0|0|0|0|0|0|0|0|0
S|KUBEX|-19931933|-43723272| |IF|0|0|0|0|0|0|0|0|0|0|0|0|0
S|ILROT|-20125667|-43800778| |TF|0|0|0|0|0|0|0|8000|0|0|0|0|0
S|GAZAR|-20559514|-43866444| |TF|0|0|0|0|0|0|0|0|0|0|0|0|0

P|KUBE3A|13|MAVGU|0|9
S| |91000000|181000000| |CA|0|12800|0|0|0|0|1|3400|0|0|0|0|0
S|VADON|-19807333|-43808000| |DF|0|0|0|0|0|0|0|0|0|0|0|0|0
S|VADON|-19807333|-43808000| |IF|0|0|0|0|0|0|0|0|0|0|0|0|0
S|KUBEX|-19931933|-43723272| |TF|0|0|0|0|0|0|0|0|0|0|0|0|0
S|KUBEX|-19931933|-43723272| |IF|0|0|0|0|0|0|0|0|0|0|0|0|0
S|ILROT|-20125667|-43800778| |TF|0|0|0|0|0|0|0|8000|0|0|0|0|0
S|GAZAR|-20559514|-43866444| |TF|0|0|0|0|0|0|0|0|0|0|0|0|0
S|ESLUM|-20929981|-43983739| |TF|0|0|0|0|0|0|2|28000|0|0|0|0|0
S|MAVGU|-21455567|-44149744| |TF|0|0|0|0|0|0|0|0|0|0|0|0|0

P|KUBE3A|31|EVPAD|0|10
S| |91000000|181000000| |CA|0|30800|0|0|0|0|1|3400|0|0|0|0|0
S|VADON|-19807333|-43808000| |DF|1|0|0|0|0|0|0|0|0|0|0|0|0
S|VADON|-19807333|-43808000| |IF|0|0|0|0|0|0|0|0|0|0|0|0|0
S|KUBEX|-19931933|-43723272| |TF|0|0|0|0|0|0|0|0|0|0|0|0|0
S|KUBEX|-19931933|-43723272| |IF|0|0|0|0|0|0|0|0|0|0|0|0|0
S|OPSAB|-19989964|-43560444| |TF|0|0|0|0|0|0|0|0|0|0|0|0|0
S|VUKPU|-19985181|-43465467| |TF|0|0|0|0|0|0|2|9000|0|0|0|0|0
S|POPNI|-19974361|-43254550| |TF|0|0|0|0|0|0|0|0|0|0|0|0|0
S|GAVAB|-19967244|-43134931| |TF|0|0|0|0|0|0|0|0|0|0|0|0|0
S|EVPAD|-19957833|-42978667| |TF|0|0|0|0|0|0|0|0|0|0|0|0|0

P|KUBE3A|31|GAZAR|0|7
S| |91000000|181000000| |CA|0|30800|0|0|0|0|1|3400|0|0|0|0|0
S|VADON|-19807333|-43808000| |DF|1|0|0|0|0|0|0|0|0|0|0|0|0
S|VADON|-19807333|-43808000| |IF|0|0|0|0|0|0|0|0|0|0|0|0|0
S|KUBEX|-19931933|-43723272| |TF|0|0|0|0|0|0|0|0|0|0|0|0|0
S|KUBEX|-19931933|-43723272| |IF|0|0|0|0|0|0|0|0|0|0|0|0|0
S|ILROT|-20125667|-43800778| |TF|0|0|0|0|0|0|0|8000|0|0|0|0|0
S|GAZAR|-20559514|-43866444| |TF|0|0|0|0|0|0|0|0|0|0|0|0|0

P|KUBE3A|31|MAVGU|0|9
S| |91000000|181000000| |CA|0|30800|0|0|0|0|1|3400|0|0|0|0|0
S|VADON|-19807333|-43808000| |DF|1|0|0|0|0|0|0|0|0|0|0|0|0
S|VADON|-19807333|-43808000| |IF|0|0|0|0|0|0|0|0|0|0|0|0|0
S|KUBEX|-19931933|-43723272| |TF|0|0|0|0|0|0|0|0|0|0|0|0|0
S|KUBEX|-19931933|-43723272| |IF|0|0|0|0|0|0|0|0|0|0|0|0|0
S|ILROT|-20125667|-43800778| |TF|0|0|0|0|0|0|0|8000|0|0|0|0|0
S|GAZAR|-20559514|-43866444| |TF|0|0|0|0|0|0|0|0|0|0|0|0|0
S|ESLUM|-20929981|-43983739| |TF|0|0|0|0|0|0|2|28000|0|0|0|0|0
S|MAVGU|-21455567|-44149744| |TF|0|0|0|0|0|0|0|0|0|0|0|0|0

P|OMNI|13| |0|2
S| |91000000|181000000| |CA|0|12800|0|0|0|0|1|3400|0|0|0|0|0
S| |91000000|181000000| |VM|0|12800|0|0|0|0|0|0|0|0|0|0|0

P|OMNI|31| |0|2
S| |91000000|181000000| |CA|0|30800|0|0|0|0|1|3400|0|0|0|0|0
S| |91000000|181000000| |VM|0|30800|0|0|0|0|0|0|0|0|0|0|0

P|TORU2A|13|GIMPO|0|6
S| |91000000|181000000| |CA|0|12800|0|0|0|0|1|3400|0|0|0|0|0
S|CNF|-19558214|-44048514| |DF|1|0|0|0|0|0|0|0|0|0|0|0|0
S|CNF|-19558214|-44048514| |IF|0|0|0|0|0|0|0|0|0|0|0|0|0
S|TORUX|-19277333|-44149667| |TF|0|0|0|0|0|0|2|9000|0|0|0|0|0
S|TORUX|-19277333|-44149667| |IF|0|0|0|0|0|0|2|9000|0|0|0|0|0
S|GIMPO|-18998358|-44425653| |TF|0|0|0|0|0|0|0|0|0|0|0|0|0

P|TORU2A|13|PABES|0|7
S| |91000000|181000000| |CA|0|12800|0|0|0|0|1|3400|0|0|0|0|0
S|CNF|-19558214|-44048514| |DF|1|0|0|0|0|0|0|0|0|0|0|0|0
S|CNF|-19558214|-44048514| |IF|0|0|0|0|0|0|0|0|0|0|0|0|0
S|TORUX|-19277333|-44149667| |TF|0|0|0|0|0|0|2|9000|0|0|0|0|0
S|TORUX|-19277333|-44149667| |IF|0|0|0|0|0|0|2|9000|0|0|0|0|0
S|VAPUX|-18953769|-44017053| |TF|0|0|0|0|0|0|0|0|0|0|0|0|0
S|PABES|-18105889|-43670075| |TF|0|0|0|0|0|0|0|0|0|0|0|0|0

P|TORU2A|13|RORIP|0|7
S| |91000000|181000000| |CA|0|12800|0|0|0|0|1|3400|0|0|0|0|0
S|CNF|-19558214|-44048514| |DF|1|0|0|0|0|0|0|0|0|0|0|0|0
S|CNF|-19558214|-44048514| |IF|0|0|0|0|0|0|0|0|0|0|0|0|0
S|TORUX|-19277333|-44149667| |TF|0|0|0|0|0|0|2|9000|0|0|0|0|0
S|TORUX|-19277333|-44149667| |IF|0|0|0|0|0|0|2|9000|0|0|0|0|0
S|EDSUX|-18965322|-44223178| |TF|0|0|0|0|0|0|0|0|0|0|0|0|0
S|RORIP|-18054667|-44433833| |TF|0|0|0|0|0|0|0|0|0|0|0|0|0

P|TORU2A|31|GIMPO|0|6
S| |91000000|181000000| |CA|0|30800|0|0|0|0|1|3400|0|0|0|0|0
S|CNF|-19558214|-44048514| |DF|0|0|0|0|0|0|0|0|0|0|0|0|0
S|CNF|-19558214|-44048514| |IF|0|0|0|0|0|0|0|0|0|0|0|0|0
S|TORUX|-19277333|-44149667| |TF|0|0|0|0|0|0|2|9000|0|0|0|0|0
S|TORUX|-19277333|-44149667| |IF|0|0|0|0|0|0|2|9000|0|0|0|0|0
S|GIMPO|-18998358|-44425653| |TF|0|0|0|0|0|0|0|0|0|0|0|0|0

P|TORU2A|31|PABES|0|7
S| |91000000|181000000| |CA|0|30800|0|0|0|0|1|3400|0|0|0|0|0
S|CNF|-19558214|-44048514| |DF|0|0|0|0|0|0|0|0|0|0|0|0|0
S|CNF|-19558214|-44048514| |IF|0|0|0|0|0|0|0|0|0|0|0|0|0
S|TORUX|-19277333|-44149667| |TF|0|0|0|0|0|0|2|9000|0|0|0|0|0
S|TORUX|-19277333|-44149667| |IF|0|0|0|0|0|0|2|9000|0|0|0|0|0
S|VAPUX|-18953769|-44017053| |TF|0|0|0|0|0|0|0|0|0|0|0|0|0
S|PABES|-18105889|-43670075| |TF|0|0|0|0|0|0|0|0|0|0|0|0|0

P|TORU2A|31|RORIP|0|7
S| |91000000|181000000| |CA|0|30800|0|0|0|0|1|3400|0|0|0|0|0
S|CNF|-19558214|-44048514| |DF|0|0|0|0|0|0|0|0|0|0|0|0|0
S|CNF|-19558214|-44048514| |IF|0|0|0|0|0|0|0|0|0|0|0|0|0
S|TORUX|-19277333|-44149667| |TF|0|0|0|0|0|0|2|9000|0|0|0|0|0
S|TORUX|-19277333|-44149667| |IF|0|0|0|0|0|0|2|9000|0|0|0|0|0
S|EDSUX|-18965322|-44223178| |TF|0|0|0|0|0|0|0|0|0|0|0|0|0
S|RORIP|-18054667|-44433833| |TF|0|0|0|0|0|0|0|0|0|0|0|0|0

P|VASI1A|13|ANDEM|0|9
S| |91000000|181000000| |CA|0|12800|0|0|0|0|1|3400|0|0|0|0|0
S|DEVAD|-19752833|-43973833| |DF|2|0|0|0|0|0|0|0|0|0|0|0|0
S|LS001|-19595756|-44120903| |TF|0|0|0|0|0|0|0|0|0|0|0|0|0
S|LS001|-19595756|-44120903| |IF|0|0|0|0|0|0|0|0|0|0|0|0|0
S|PALIR|-19582497|-44334319| |TF|0|0|0|0|0|0|0|0|0|0|0|0|0
S|VASIX|-19591383|-44410625| |TF|0|0|0|0|0|0|0|0|0|0|0|0|0
S|VASIX|-19591383|-44410625| |IF|0|0|0|0|0|0|0|0|0|0|0|0|0
S|OGMER|-19753067|-44711681| |TF|0|0|0|0|0|0|0|0|0|0|0|0|0
S|ANDEM|-20112594|-45385383| |TF|0|0|0|0|0|0|0|0|0|0|0|0|0

P|VASI1A|13|DEUCA|0|9
S| |91000000|181000000| |CA|0|12800|0|0|0|0|1|3400|0|0|0|0|0
S|DEVAD|-19752833|-43973833| |DF|2|0|0|0|0|0|0|0|0|0|0|0|0
S|LS001|-19595756|-44120903| |TF|0|0|0|0|0|0|0|0|0|0|0|0|0
S|LS001|-19595756|-44120903| |IF|0|0|0|0|0|0|0|0|0|0|0|0|0
S|PALIR|-19582497|-44334319| |TF|0|0|0|0|0|0|0|0|0|0|0|0|0
S|VASIX|-19591383|-44410625| |TF|0|0|0|0|0|0|0|0|0|0|0|0|0
S|VASIX|-19591383|-44410625| |IF|0|0|0|0|0|0|0|0|0|0|0|0|0
S|KOVED|-20096608|-44608997| |TF|0|0|0|0|0|0|0|0|0|0|0|0|0
S|DEUCA|-20489650|-44770867| |TF|0|0|0|0|0|0|0|0|0|0|0|0|0

P|VASI1A|13|MIMIP|0|9
S| |91000000|181000000| |CA|0|12800|0|0|0|0|1|3400|0|0|0|0|0
S|DEVAD|-19752833|-43973833| |DF|2|0|0|0|0|0|0|0|0|0|0|0|0
S|LS001|-19595756|-44120903| |TF|0|0|0|0|0|0|0|0|0|0|0|0|0
S|LS001|-19595756|-44120903| |IF|0|0|0|0|0|0|0|0|0|0|0|0|0
S|PALIR|-19582497|-44334319| |TF|0|0|0|0|0|0|0|0|0|0|0|0|0
S|VASIX|-19591383|-44410625| |TF|0|0|0|0|0|0|0|0|0|0|0|0|0
S|VASIX|-19591383|-44410625| |IF|0|0|0|0|0|0|0|0|0|0|0|0|0
S|UBREK|-19545883|-44768942| |TF|0|0|0|0|0|0|0|0|0|0|0|0|0
S|MIMIP|-19531367|-44881944| |TF|0|0|0|0|0|0|0|0|0|0|0|0|0

P|VASI1A|31|ANDEM|0|7
S|LS001|-19595756|-44120903|CNF|CF|0|31000|470|26430|1280|0|0|0|0|0|0|0|0
S|LS001|-19595756|-44120903| |IF|0|0|0|0|0|0|0|0|0|0|0|0|0
S|PALIR|-19582497|-44334319| |TF|0|0|0|0|0|0|0|0|0|0|0|0|0
S|VASIX|-19591383|-44410625| |TF|0|0|0|0|0|0|0|0|0|0|0|0|0
S|VASIX|-19591383|-44410625| |IF|0|0|0|0|0|0|0|0|0|0|0|0|0
S|OGMER|-19753067|-44711681| |TF|0|0|0|0|0|0|0|0|0|0|0|0|0
S|ANDEM|-20112594|-45385383| |TF|0|0|0|0|0|0|0|0|0|0|0|0|0

P|VASI1A|31|DEUCA|0|7
S|LS001|-19595756|-44120903|CNF|CF|0|31000|470|26430|1280|0|0|0|0|0|0|0|0
S|LS001|-19595756|-44120903| |IF|0|0|0|0|0|0|0|0|0|0|0|0|0
S|PALIR|-19582497|-44334319| |TF|0|0|0|0|0|0|0|0|0|0|0|0|0
S|VASIX|-19591383|-44410625| |TF|0|0|0|0|0|0|0|0|0|0|0|0|0
S|VASIX|-19591383|-44410625| |IF|0|0|0|0|0|0|0|0|0|0|0|0|0
S|KOVED|-20096608|-44608997| |TF|0|0|0|0|0|0|0|0|0|0|0|0|0
S|DEUCA|-20489650|-44770867| |TF|0|0|0|0|0|0|0|0|0|0|0|0|0

P|VASI1A|31|MIMIP|0|7
S|LS001|-19595756|-44120903|CNF|CF|0|31000|470|26430|1280|0|0|0|0|0|0|0|0
S|LS001|-19595756|-44120903| |IF|0|0|0|0|0|0|0|0|0|0|0|0|0
S|PALIR|-19582497|-44334319| |TF|0|0|0|0|0|0|0|0|0|0|0|0|0
S|VASIX|-19591383|-44410625| |TF|0|0|0|0|0|0|0|0|0|0|0|0|0
S|VASIX|-19591383|-44410625| |IF|0|0|0|0|0|0|0|0|0|0|0|0|0
S|UBREK|-19545883|-44768942| |TF|0|0|0|0|0|0|0|0|0|0|0|0|0
S|MIMIP|-19531367|-44881944| |TF|0|0|0|0|0|0|0|0|0|0|0|0|0

