P|OMNI|05| |0|2
S| |91000000|181000000| |VA|0|5300|0|0|0|0|1|500|0|0|0|0|0
S| |91000000|181000000| |VM|0|5300|0|0|0|0|0|0|0|0|0|0|0

P|OMNI|06| |0|2
S| |91000000|181000000| |VA|0|5700|0|0|0|0|1|500|0|0|0|0|0
S| |91000000|181000000| |VM|0|5700|0|0|0|0|0|0|0|0|0|0|0

P|OMNI|23| |0|2
S| |91000000|181000000| |VA|0|23300|0|0|0|0|1|500|0|0|0|0|0
S| |91000000|181000000| |VM|0|23300|0|0|0|0|0|0|0|0|0|0|0

P|OMNI|24| |0|2
S| |91000000|181000000| |VA|0|23700|0|0|0|0|1|500|0|0|0|0|0
S| |91000000|181000000| |VM|0|23700|0|0|0|0|0|0|0|0|0|0|0

