P|ANGE2A|10|PAMUS|0|4
S|MG123|-23463806|-51953178|LON|CF|0|9800|4700|28070|300|220|0|0|0|1|0|0|0
S|ANGEK|-23300311|-51991219| |TF|1|0|0|0|0|220|0|0|0|0|0|0|0
S|ANGEK|-23300311|-51991219| |IF|0|0|0|0|0|220|0|0|0|0|0|0|0
S|PAMUS|-22842547|-51736789| |TF|0|0|0|0|0|0|0|0|0|0|0|0|0

P|ANGE2A|10|SINIL|0|4
S|MG123|-23463806|-51953178|LON|CF|0|9800|4700|28070|300|220|0|0|0|1|0|0|0
S|ANGEK|-23300311|-51991219| |TF|1|0|0|0|0|220|0|0|0|0|0|0|0
S|ANGEK|-23300311|-51991219| |IF|0|0|0|0|0|220|0|0|0|0|0|0|0
S|SINIL|-21943200|-52869803| |TF|0|0|0|0|0|0|0|0|0|0|0|0|0

P|ANGE2B|28|AKTIT|0|6
S|MG124|-23488572|-52079569|LON|CF|0|27700|5410|28030|280|220|0|0|0|1|0|0|0
S|SUBVA|-23325047|-52117461| |TF|0|0|0|0|0|220|0|0|0|0|0|0|0
S|ANGEK|-23300311|-51991219| |TF|0|0|0|0|0|220|0|0|0|0|0|0|0
S|ANGEK|-23300311|-51991219| |IF|0|0|0|0|0|0|0|0|0|0|0|0|0
S|LON|-23339517|-51112525| |TF|0|0|0|0|0|0|0|0|0|0|0|0|0
S|AKTIT|-23032153|-50469869| |TF|0|0|0|0|0|0|0|0|0|0|0|0|0

P|ANGE2B|28|UKDUN|0|6
S|MG124|-23488572|-52079569|LON|CF|0|27700|5410|28030|280|220|0|0|0|1|0|0|0
S|SUBVA|-23325047|-52117461| |TF|0|0|0|0|0|220|0|0|0|0|0|0|0
S|ANGEK|-23300311|-51991219| |TF|0|0|0|0|0|220|0|0|0|0|0|0|0
S|ANGEK|-23300311|-51991219| |IF|0|0|0|0|0|0|0|0|0|0|0|0|0
S|LON|-23339517|-51112525| |TF|0|0|0|0|0|0|0|0|0|0|0|0|0
S|UKDUN|-23861000|-50658167| |TF|0|0|0|0|0|0|0|0|0|0|0|0|0

P|BERL2B|28|SAPGU|0|4
S|MG124|-23488572|-52079569|LON|CF|0|27700|5410|28030|280|220|0|0|0|1|0|0|0
S|BERLI|-23643667|-52053667| |TF|0|0|0|0|0|220|0|0|0|0|0|0|0
S|BERLI|-23643667|-52053667| |IF|0|0|0|0|0|0|0|0|0|0|0|0|0
S|SAPGU|-24002894|-52282892| |TF|0|0|0|0|0|0|0|0|0|0|0|0|0

P|BERL2B|28|SIGAR|0|4
S|MG124|-23488572|-52079569|LON|CF|0|27700|5410|28030|280|220|0|0|0|1|0|0|0
S|BERLI|-23643667|-52053667| |TF|0|0|0|0|0|220|0|0|0|0|0|0|0
S|BERLI|-23643667|-52053667| |IF|0|0|0|0|0|0|0|0|0|0|0|0|0
S|SIGAR|-24051389|-52121944| |TF|0|0|0|0|0|0|0|0|0|0|0|0|0

P|KUDR3B|28|KUDRI|0|2
S|MG124|-23488572|-52079569|LON|CF|0|27700|5410|28030|280|0|0|0|0|1|0|0|0
S|KUDRI|-23796167|-52538000| |TF|0|0|0|0|0|0|0|0|0|0|0|0|0

P|LODE2A|10|KUDRI|0|4
S|MG123|-23463806|-51953178|LON|CF|0|9800|4700|28070|300|220|0|0|0|1|0|0|0
S|LODET|-23627289|-51915044| |TF|0|0|0|0|0|220|0|0|0|0|0|0|0
S|LODET|-23627289|-51915044| |IF|0|0|0|0|0|220|0|0|0|0|0|0|0
S|KUDRI|-23796167|-52538000| |TF|0|0|0|0|0|0|0|0|0|0|0|0|0

P|LODE2A|10|SAPGU|0|4
S|MG123|-23463806|-51953178|LON|CF|0|9800|4700|28070|300|220|0|0|0|1|0|0|0
S|LODET|-23627289|-51915044| |TF|0|0|0|0|0|220|0|0|0|0|0|0|0
S|LODET|-23627289|-51915044| |IF|0|0|0|0|0|220|0|0|0|0|0|0|0
S|SAPGU|-24002894|-52282892| |TF|0|0|0|0|0|0|0|0|0|0|0|0|0

P|LODE2A|10|SIGAR|0|4
S|MG123|-23463806|-51953178|LON|CF|0|9800|4700|28070|300|220|0|0|0|1|0|0|0
S|LODET|-23627289|-51915044| |TF|0|0|0|0|0|220|0|0|0|0|0|0|0
S|LODET|-23627289|-51915044| |IF|0|0|0|0|0|220|0|0|0|0|0|0|0
S|SIGAR|-24051389|-52121944| |TF|0|0|0|0|0|0|0|0|0|0|0|0|0

P|LODE2B|28|AKTIT|0|6
S|MG124|-23488572|-52079569|LON|CF|0|27700|5410|28030|280|220|0|0|0|1|0|0|0
S|BERLI|-23643667|-52053667| |TF|0|0|0|0|0|220|0|0|0|0|0|0|0
S|LODET|-23627289|-51915044| |TF|0|0|0|0|0|220|0|0|0|0|0|0|0
S|LODET|-23627289|-51915044| |IF|0|0|0|0|0|0|0|0|0|0|0|0|0
S|LON|-23339517|-51112525| |TF|0|0|0|0|0|0|0|0|0|0|0|0|0
S|AKTIT|-23032153|-50469869| |TF|0|0|0|0|0|0|0|0|0|0|0|0|0

P|LODE2B|28|UKDUN|0|5
S|MG124|-23488572|-52079569|LON|CF|0|27700|5410|28030|280|220|0|0|0|1|0|0|0
S|BERLI|-23643667|-52053667| |TF|0|0|0|0|0|220|0|0|0|0|0|0|0
S|LODET|-23627289|-51915044| |TF|0|0|0|0|0|220|0|0|0|0|0|0|0
S|LODET|-23627289|-51915044| |IF|0|0|0|0|0|0|0|0|0|0|0|0|0
S|UKDUN|-23861000|-50658167| |TF|0|0|0|0|0|0|0|0|0|0|0|0|0

P|LON2A|10|AKTIT|0|4
S|MG123|-23463806|-51953178|LON|CF|0|9800|4700|28070|300|0|0|0|0|1|0|0|0
S|LON|-23339517|-51112525| |TF|0|0|0|0|0|0|0|0|0|0|0|0|0
S|LON|-23339517|-51112525| |IF|0|0|0|0|0|0|0|0|0|0|0|0|0
S|AKTIT|-23032153|-50469869| |TF|0|0|0|0|0|0|0|0|0|0|0|0|0

P|LON2A|10|UKDUN|0|4
S|MG123|-23463806|-51953178|LON|CF|0|9800|4700|28070|300|0|0|0|0|1|0|0|0
S|LON|-23339517|-51112525| |TF|0|0|0|0|0|0|0|0|0|0|0|0|0
S|LON|-23339517|-51112525| |IF|0|0|0|0|0|0|0|0|0|0|0|0|0
S|UKDUN|-23861000|-50658167| |TF|0|0|0|0|0|0|0|0|0|0|0|0|0

P|OMNI|10| |0|2
S| |91000000|181000000| |VA|0|9700|0|0|0|0|1|2300|0|0|0|0|0
S| |91000000|181000000| |VM|0|9700|0|0|0|0|0|0|0|0|0|0|0

P|SUBV2A|28|PAMUS|0|4
S|MG124|-23488572|-52079569|LON|CF|0|27700|5410|28030|280|220|0|0|0|1|0|0|0
S|SUBVA|-23325047|-52117461| |TF|0|0|0|0|0|220|0|0|0|0|0|0|0
S|SUBVA|-23325047|-52117461| |IF|0|0|0|0|0|0|0|0|0|0|0|0|0
S|PAMUS|-22842547|-51736789| |TF|0|0|0|0|0|0|0|0|0|0|0|0|0

P|SUBV2A|28|SINIL|0|4
S|MG124|-23488572|-52079569|LON|CF|0|27700|5410|28030|280|220|0|0|0|1|0|0|0
S|SUBVA|-23325047|-52117461| |TF|0|0|0|0|0|220|0|0|0|0|0|0|0
S|SUBVA|-23325047|-52117461| |IF|0|0|0|0|0|0|0|0|0|0|0|0|0
S|SINIL|-21943200|-52869803| |TF|0|0|0|0|0|0|0|0|0|0|0|0|0

P|UKDU2A|10|UKDUN|0|2
S|MG123|-23463806|-51953178|LON|CF|0|9800|4700|28070|300|0|0|0|0|1|0|0|0
S|UKDUN|-23861000|-50658167| |TF|0|0|0|0|0|0|0|0|0|0|0|0|0

