P|ARVO1A|30|ARVOR|0|2
S| |91000000|181000000| |CA|0|30300|0|0|0|0|1|2000|0|0|0|0|0
S|ARVOR|-10350722|-36310969| |DF|0|0|0|0|0|0|0|0|0|0|0|0|0

P|ARVO1B|12|ARVOR|0|2
S| |91000000|181000000| |CA|0|12300|0|0|0|0|1|2000|0|0|0|0|0
S|ARVOR|-10350722|-36310969| |DF|2|0|0|0|0|0|0|0|0|0|0|0|0

P|DEND1B|12|DENDO|0|2
S| |91000000|181000000| |CA|0|12300|0|0|0|0|1|2000|0|0|0|0|0
S|DENDO|-10246833|-36429500| |DF|2|0|0|0|0|0|0|0|0|0|0|0|0

P|DEND3A|30|DENDO|0|2
S| |91000000|181000000| |CA|0|30300|0|0|0|0|1|2000|0|0|0|0|0
S|DENDO|-10246833|-36429500| |DF|0|0|0|0|0|0|0|0|0|0|0|0|0

P|GAVA1A|30|GAVAK|0|2
S| |91000000|181000000| |CA|0|30300|0|0|0|0|1|2000|0|0|0|0|0
S|GAVAK|-9883903|-37143292| |DF|0|0|0|0|0|0|0|0|0|0|0|0|0

P|ILPA1B|12|GAVAK|0|4
S| |91000000|181000000| |CA|0|12300|0|0|0|0|1|2000|0|0|0|0|0
S|ILPAP|-9642197|-36184303| |DF|2|0|0|0|0|0|0|0|0|0|0|0|0
S|ILPAP|-9642197|-36184303| |IF|0|0|0|0|0|0|0|0|0|0|0|0|0
S|GAVAK|-9883903|-37143292| |TF|0|0|0|0|0|0|0|0|0|0|0|0|0

P|ILPA1B|12|OBLAX|0|4
S| |91000000|181000000| |CA|0|12300|0|0|0|0|1|2000|0|0|0|0|0
S|ILPAP|-9642197|-36184303| |DF|2|0|0|0|0|0|0|0|0|0|0|0|0
S|ILPAP|-9642197|-36184303| |IF|0|0|0|0|0|0|0|0|0|0|0|0|0
S|OBLAX|-9916086|-36749631| |TF|0|0|0|0|0|0|0|0|0|0|0|0|0

P|OBLA1A|30|OBLAX|0|2
S| |91000000|181000000| |CA|0|30300|0|0|0|0|1|2000|0|0|0|0|0
S|OBLAX|-9916086|-36749631| |DF|0|0|0|0|0|0|0|0|0|0|0|0|0

P|OMNI|12| |0|2
S| |91000000|181000000| |CA|0|12300|0|0|0|0|1|1500|0|0|0|0|0
S| |91000000|181000000| |VM|0|12300|0|0|0|0|0|0|0|0|0|0|0

P|REGE1A|30|REGED|0|2
S| |91000000|181000000| |CA|0|30300|0|0|0|0|1|2000|0|0|0|0|0
S|REGED|-8947569|-36165181| |DF|0|0|0|0|0|0|0|0|0|0|0|0|0

P|REGE1B|12|REGED|0|2
S| |91000000|181000000| |CA|0|12300|0|0|0|0|1|2000|0|0|0|0|0
S|REGED|-8947569|-36165181| |DF|1|0|0|0|0|0|0|0|0|0|0|0|0

P|SIDO1A|30|SIDOP|0|2
S| |91000000|181000000| |CA|0|30300|0|0|0|0|1|2000|0|0|0|0|0
S|SIDOP|-10374961|-35796072| |DF|1|0|0|0|0|0|0|0|0|0|0|0|0

P|SIDO1B|12|SIDOP|0|2
S| |91000000|181000000| |CA|0|12300|0|0|0|0|1|2000|0|0|0|0|0
S|SIDOP|-10374961|-35796072| |DF|0|0|0|0|0|0|0|0|0|0|0|0|0

P|UKAR1B|12|UKARI|0|2
S| |91000000|181000000| |CA|0|12300|0|0|0|0|1|2000|0|0|0|0|0
S|UKARI|-8831333|-35363000| |DF|0|0|0|0|0|0|0|0|0|0|0|0|0

P|UKAR3A|30|UKARI|0|2
S| |91000000|181000000| |CA|0|30300|0|0|0|0|1|2000|0|0|0|0|0
S|UKARI|-8831333|-35363000| |DF|2|0|0|0|0|0|0|0|0|0|0|0|0

