P|EVTI1A|09|EAGLE|0|4
S|EVTIK|-28222728|-52267028|CXS|CF|0|8600|8150|33250|300|0|0|0|0|1|0|0|0
S|EVTIK|-28222728|-52267028| |IF|0|0|0|0|0|0|0|0|0|0|0|0|0
S|PF014|-28545014|-52140544| |TF|0|0|0|0|0|0|0|0|0|0|0|0|0
S|EAGLE|-29202833|-51790500| |TF|0|0|0|0|0|0|0|0|0|0|0|0|0

P|EVTI1A|09|KIMUV|0|3
S|EVTIK|-28222728|-52267028|CXS|CF|0|8600|8150|33250|300|0|0|0|0|1|0|0|0
S|EVTIK|-28222728|-52267028| |IF|0|0|0|0|0|0|0|0|0|0|0|0|0
S|KIMUV|-27674150|-50478100| |TF|0|0|0|0|0|0|0|0|0|0|0|0|0

P|EVTI1A|09|MADBO|0|3
S|EVTIK|-28222728|-52267028|CXS|CF|0|8600|8150|33250|300|0|0|0|0|1|0|0|0
S|EVTIK|-28222728|-52267028| |IF|0|0|0|0|0|0|0|0|0|0|0|0|0
S|MADBO|-27695056|-52946889| |TF|0|0|0|0|0|0|0|0|0|0|0|0|0

P|EVTI1A|09|SMA|0|4
S|EVTIK|-28222728|-52267028|CXS|CF|0|8600|8150|33250|300|0|0|0|0|1|0|0|0
S|EVTIK|-28222728|-52267028| |IF|0|0|0|0|0|0|0|0|0|0|0|0|0
S|PF014|-28545014|-52140544| |TF|0|0|0|0|0|0|0|0|0|0|0|0|0
S|SMA|-29709761|-53712744| |TF|0|0|0|0|0|0|0|0|0|0|0|0|0

P|OMNI|09| |0|2
S| |91000000|181000000| |CA|0|8600|0|0|0|0|1|3000|0|0|0|0|0
S| |91000000|181000000| |VM|0|8600|0|0|0|0|0|0|0|0|0|0|0

P|SILE1A|27|EAGLE|0|3
S|SILEP|-28265167|-52388461|CXS|CF|0|26600|8440|32810|300|0|0|0|0|1|0|0|0
S|SILEP|-28265167|-52388461| |IF|0|0|0|0|0|0|0|0|0|0|0|0|0
S|EAGLE|-29202833|-51790500| |TF|0|0|0|0|0|0|0|0|0|0|0|0|0

P|SILE1A|27|KIMUV|0|4
S|SILEP|-28265167|-52388461|CXS|CF|0|26600|8440|32810|300|0|0|0|0|1|0|0|0
S|SILEP|-28265167|-52388461| |IF|0|0|0|0|0|0|0|0|0|0|0|0|0
S|PF013|-28099967|-52360008| |TF|0|0|0|0|0|190|0|0|0|0|0|0|0
S|KIMUV|-27674150|-50478100| |TF|0|0|0|0|0|0|0|0|0|0|0|0|0

P|SILE1A|27|MADBO|0|3
S|SILEP|-28265167|-52388461|CXS|CF|0|26600|8440|32810|300|0|0|0|0|1|0|0|0
S|SILEP|-28265167|-52388461| |IF|0|0|0|0|0|0|0|0|0|0|0|0|0
S|MADBO|-27695056|-52946889| |TF|0|0|0|0|0|0|0|0|0|0|0|0|0

P|SILE1A|27|SMA|0|3
S|SILEP|-28265167|-52388461|CXS|CF|0|26600|8440|32810|300|0|0|0|0|1|0|0|0
S|SILEP|-28265167|-52388461| |IF|0|0|0|0|0|0|0|0|0|0|0|0|0
S|SMA|-29709761|-53712744| |TF|0|0|0|0|0|0|0|0|0|0|0|0|0

