P|OMNI|02| |0|2
S| |91000000|181000000| |CA|0|1900|0|0|0|0|1|3000|0|0|0|0|0
S| |91000000|181000000| |VM|0|1900|0|0|0|0|0|0|0|0|0|0|0

P|OPVO1A|20|EGIMO|0|3
S|OPVON|-16644586|-54725744|CBO|CF|0|19900|43710|19720|300|0|0|0|0|1|0|0|0
S|OPVON|-16644586|-54725744| |IF|0|0|0|0|0|0|0|0|0|0|0|0|0
S|EGIMO|-17571333|-54691000| |TF|0|0|0|0|0|0|0|0|0|0|0|0|0

P|OPVO1A|20|ISUKA|0|3
S|OPVON|-16644586|-54725744|CBO|CF|0|19900|43710|19720|300|0|0|0|0|1|0|0|0
S|OPVON|-16644586|-54725744| |IF|0|0|0|0|0|0|0|0|0|0|0|0|0
S|ISUKA|-16226333|-54346333| |DF|1|0|0|0|0|0|1|11000|0|0|0|0|0

P|OPVO1A|20|MASVO|0|3
S|OPVON|-16644586|-54725744|CBO|CF|0|19900|43710|19720|300|0|0|0|0|1|0|0|0
S|OPVON|-16644586|-54725744| |IF|0|0|0|0|0|0|0|0|0|0|0|0|0
S|MASVO|-15808889|-53320278| |DF|1|0|0|0|0|0|0|0|0|0|0|0|0

P|OPVO1A|20|POVNI|0|3
S|OPVON|-16644586|-54725744|CBO|CF|0|19900|43710|19720|300|0|0|0|0|1|0|0|0
S|OPVON|-16644586|-54725744| |IF|0|0|0|0|0|0|0|0|0|0|0|0|0
S|POVNI|-16201475|-55710967| |DF|2|0|0|0|0|0|0|0|0|0|0|0|0

P|VUDU1A|02|EGIMO|0|3
S|VUDUD|-16527458|-54723858|CBO|CF|0|1900|43010|19710|300|0|0|0|0|1|0|0|0
S|VUDUD|-16527458|-54723858| |IF|0|0|0|0|0|0|0|0|0|0|0|0|0
S|EGIMO|-17571333|-54691000| |DF|2|0|0|0|0|0|0|0|0|0|0|0|0

P|VUDU1A|02|ISUKA|0|3
S|VUDUD|-16527458|-54723858|CBO|CF|0|1900|43010|19710|300|0|0|0|0|1|0|0|0
S|VUDUD|-16527458|-54723858| |IF|0|0|0|0|0|0|0|0|0|0|0|0|0
S|ISUKA|-16226333|-54346333| |TF|0|0|0|0|0|0|1|11000|0|0|0|0|0

P|VUDU1A|02|MASVO|0|3
S|VUDUD|-16527458|-54723858|CBO|CF|0|1900|43010|19710|300|0|0|0|0|1|0|0|0
S|VUDUD|-16527458|-54723858| |IF|0|0|0|0|0|0|0|0|0|0|0|0|0
S|MASVO|-15808889|-53320278| |TF|0|0|0|0|0|0|0|0|0|0|0|0|0

P|VUDU1A|02|POVNI|0|3
S|VUDUD|-16527458|-54723858|CBO|CF|0|1900|43010|19710|300|0|0|0|0|1|0|0|0
S|VUDUD|-16527458|-54723858| |IF|0|0|0|0|0|0|0|0|0|0|0|0|0
S|POVNI|-16201475|-55710967| |TF|0|0|0|0|0|0|0|0|0|0|0|0|0

