P|DUMAS3|26|SUNLI|0|4
S| |91000000|181000000| |CA|0|25800|0|0|0|0|1|490|0|0|0|0|0
S|PWL|-54929444|-67621111|PWL|FA|0|27300|0|0|0|0|1|4000|0|0|0|0|0
S| |91000000|181000000| |VI|0|22500|0|0|0|0|0|0|0|0|0|0|0
S|SUNLI|-54963056|-68736667|PWL|CF|0|25500|3870|25460|3000|0|0|0|0|0|0|0|0

P|SUNL1J|26|SUNLI|0|4
S| |91000000|181000000| |CA|0|25900|0|0|0|0|1|590|0|0|0|0|0
S|GZ048|-54898972|-67741186| |DF|0|0|0|0|0|0|1|1400|0|0|0|0|0
S|GZ167|-54876811|-68057300| |TF|0|0|0|0|0|0|1|5000|0|0|0|0|0
S|SUNLI|-54963056|-68736667| |TF|0|0|0|0|0|0|1|13000|0|0|0|0|0

P|SUNL1K|08|SUNLI|0|2
S| |91000000|181000000| |CA|0|7900|0|0|0|0|1|2800|0|0|0|0|0
S|SUNLI|-54963056|-68736667| |DF|2|0|0|0|0|0|1|13000|0|0|0|0|0

