P|ANRO2P|15|ANROS|0|3
S| |91000000|181000000| |VA|0|14800|0|0|0|0|1|700|0|0|0|0|0
S| |91000000|181000000| |VI|1|3000|0|0|0|0|0|0|0|0|0|0|0
S|ANROS|-40339167|-72891389|OSO|CF|0|36000|1830|1700|1700|0|1|5000|0|0|0|0|0

P|ANRO2Q|33|ANROS|0|3
S| |91000000|181000000| |VA|0|32800|0|0|0|0|1|700|0|0|0|0|0
S| |91000000|181000000| |VI|0|3000|0|0|0|0|0|0|0|0|0|0|0
S|ANROS|-40339167|-72891389|OSO|CF|0|36000|1830|1700|300|0|1|5000|0|0|0|0|0

P|ISUD2D|33|ISUDO|0|2
S| |91000000|181000000| |CA|0|32800|0|0|0|0|1|700|0|0|0|0|0
S|ISUDO|-40261667|-73087778| |DF|0|0|0|0|0|0|1|5000|0|0|0|0|0

P|ISUD2P|15|ISUDO|0|3
S| |91000000|181000000| |VA|0|14800|0|0|0|0|1|700|0|0|0|0|0
S| |91000000|181000000| |VI|1|32300|0|0|0|0|0|0|0|0|0|0|0
S|ISUDO|-40261667|-73087778|VLD|CF|0|35300|3540|17320|1200|0|1|5000|0|0|0|0|0

P|ISUD2Q|33|ISUDO|0|3
S| |91000000|181000000| |VA|0|32800|0|0|0|0|1|700|0|0|0|0|0
S| |91000000|181000000| |VI|0|32300|0|0|0|0|0|0|0|0|0|0|0
S|ISUDO|-40261667|-73087778|VLD|CF|0|35300|3540|17320|1900|0|1|5000|0|0|0|0|0

P|ISUD2R|15|ISUDO|0|2
S| |91000000|181000000| |CA|0|14800|0|0|0|0|1|700|0|0|0|0|0
S|ISUDO|-40261667|-73087778| |DF|1|0|0|0|0|0|1|5000|0|0|0|0|0

P|KIKO2M|15|KIKOP|0|3
S| |91000000|181000000| |VA|0|14800|0|0|0|0|1|700|0|0|0|0|0
S| |91000000|181000000| |VI|0|20300|0|0|0|0|0|0|0|0|0|0|0
S|KIKOP|-40928889|-73091944|VLD|CF|0|17300|7540|17320|1400|0|1|4000|0|0|0|0|0

P|KIKO2N|33|KIKOP|0|3
S| |91000000|181000000| |VA|0|32800|0|0|0|0|1|700|0|0|0|0|0
S| |91000000|181000000| |VI|1|14300|0|0|0|0|0|0|0|0|0|0|0
S|KIKOP|-40928889|-73091944|VLD|CF|0|17300|7540|17320|1500|0|1|4000|0|0|0|0|0

P|PUKA2C|15|PUKAN|0|3
S| |91000000|181000000| |CA|0|14800|0|0|0|0|1|700|0|0|0|0|0
S|JO230|-40252192|-72891264| |DF|1|0|0|0|0|0|1|6000|0|0|0|0|0
S|PUKAN|-39713611|-72789722| |TF|0|0|0|0|0|0|1|6000|0|0|0|0|0

P|PUKA2D|33|PUKAN|0|3
S| |91000000|181000000| |CA|0|32800|0|0|0|0|1|700|0|0|0|0|0
S|JO216|-40256086|-72970875| |DF|0|0|0|0|0|0|1|6000|0|0|0|0|0
S|PUKAN|-39713611|-72789722| |TF|0|0|0|0|0|0|1|6000|0|0|0|0|0

P|TOMU2B|33|TOMUS|0|3
S| |91000000|181000000| |VA|0|32800|0|0|0|0|1|700|0|0|0|0|0
S| |91000000|181000000| |VI|1|21200|0|0|0|0|0|0|0|0|0|0|0
S|TOMUS|-41013056|-73394444|VLD|CF|0|18200|8170|18290|1600|0|1|5000|0|0|0|0|0

P|TOMU2C|15|TOMUS|0|2
S| |91000000|181000000| |CA|0|14800|0|0|0|0|1|700|0|0|0|0|0
S|TOMUS|-41013056|-73394444| |DF|0|0|0|0|0|0|1|5000|0|0|0|0|0

P|TOMU2D|33|TOMUS|0|2
S| |91000000|181000000| |CA|0|32800|0|0|0|0|1|700|0|0|0|0|0
S|TOMUS|-41013056|-73394444| |DF|1|0|0|0|0|0|1|5000|0|0|0|0|0

P|TOMU2J|15|TOMUS|0|3
S| |91000000|181000000| |VA|0|14800|0|0|0|0|1|700|0|0|0|0|0
S| |91000000|181000000| |VI|0|21200|0|0|0|0|0|0|0|0|0|0|0
S|TOMUS|-41013056|-73394444|VLD|CF|0|18200|8170|18290|300|0|1|5000|0|0|0|0|0

