P|ERUK2J|01|ERUKA|0|2
S|QP040|-38851622|-72622281|NIA|CF|0|1100|340|1110|400|0|1|1700|0|1|0|0|0
S|ERUKA|-39751111|-72524167| |DF|2|0|0|0|0|0|1|15000|0|0|0|0|0

P|ERUK2K|19|ERUKA|0|2
S|QP041|-39000181|-72680953|NIA|CF|0|19100|590|19110|400|0|1|1700|0|1|0|0|0
S|ERUKA|-39751111|-72524167| |TF|0|0|0|0|0|0|1|15000|0|0|0|0|0

P|KETI3C|01|KETIR|0|2
S|QP040|-38851622|-72622281|NIA|CF|0|1100|340|1110|400|0|1|1700|0|1|0|0|0
S|KETIR|-38254722|-72458889| |TF|0|0|0|0|0|0|1|6000|0|0|0|0|0

P|KETI4J|01|KETIR|0|3
S| |91000000|181000000| |VA|0|1100|0|0|0|0|1|800|0|0|0|0|0
S|NIA|-38906228|-72643808|NIA|FD|0|700|0|0|1400|0|1|4000|0|0|0|0|0
S|KETIR|-38254722|-72458889|NIA|CF|0|700|4000|660|2600|0|1|8000|0|0|0|0|0

P|KETI4K|19|KETIR|0|4
S| |91000000|181000000| |VA|0|19100|0|0|0|0|1|800|0|0|0|0|0
S| |91000000|181000000| |VI|1|33700|0|0|0|0|0|0|0|0|0|0|0
S|NIA|-38906228|-72643808|NIA|FD|0|700|0|0|1400|0|1|4000|0|0|0|0|0
S|KETIR|-38254722|-72458889|NIA|CF|0|700|4000|660|2600|0|1|8000|0|0|0|0|0

P|KETI7E|19|KETIR|0|3
S|QP041|-39000181|-72680953|NIA|CF|0|19100|590|19110|400|0|1|1700|0|1|0|0|0
S|QP159|-38740664|-72750433| |DF|2|0|0|0|0|0|1|6000|0|0|0|0|0
S|KETIR|-38254722|-72458889| |TF|0|0|0|0|0|0|1|6000|0|0|0|0|0

P|KIBE1L|01|KIBEL|0|4
S| |91000000|181000000| |VA|0|1100|0|0|0|0|1|800|0|0|0|0|0
S| |91000000|181000000| |VI|1|16800|0|0|0|0|0|0|0|0|0|0|0
S|NIA|-38906228|-72643808|NIA|FD|0|19800|0|0|1000|0|1|2500|0|0|0|0|0
S|KIBEL|-39291111|-72864722|NIA|CF|0|19800|2530|19800|1500|0|1|6000|0|0|0|0|0

P|KIBE1M|19|KIBEL|0|3
S| |91000000|181000000| |VA|0|19100|0|0|0|0|1|800|0|0|0|0|0
S|NIA|-38906228|-72643808|NIA|FD|0|19800|0|0|1000|0|1|2500|0|0|0|0|0
S|KIBEL|-39291111|-72864722|NIA|CF|0|19800|2530|19800|1500|0|1|6000|0|0|0|0|0

P|KIBE1N|01|KIBEL|0|2
S|QP040|-38851622|-72622281|NIA|CF|0|1100|340|1110|400|0|1|1700|0|1|0|0|0
S|KIBEL|-39291111|-72864722| |DF|1|0|0|0|0|0|1|6000|0|0|0|0|0

P|KIBE1P|19|KIBEL|0|2
S|QP041|-39000181|-72680953|NIA|CF|0|19100|590|19110|400|0|1|1700|0|1|0|0|0
S|KIBEL|-39291111|-72864722| |TF|0|0|0|0|0|0|1|6000|0|0|0|0|0

P|KIDE3C|01|KIDEM|0|3
S|QP040|-38851622|-72622281|NIA|CF|0|1100|340|1110|400|0|1|1700|0|1|0|0|0
S|QP104|-38678292|-72640161| |TF|0|0|0|0|0|0|1|5000|0|0|0|0|0
S|KIDEM|-38406111|-72670278| |TF|0|0|0|0|0|0|1|7000|0|0|0|0|0

P|KIDE4A|01|KIDEM|0|3
S| |91000000|181000000| |VA|0|1100|0|0|0|0|1|800|0|0|0|0|0
S|NIA|-38906228|-72643808|NIA|FD|0|35200|0|0|1400|0|1|4000|0|0|0|0|0
S|KIDEM|-38406111|-72670278|NIA|CF|0|35200|3000|35160|1600|0|1|7000|0|0|0|0|0

P|KIDE4B|19|KIDEM|0|4
S| |91000000|181000000| |VA|0|19100|0|0|0|0|1|800|0|0|0|0|0
S| |91000000|181000000| |VI|2|2200|0|0|0|0|0|0|0|0|0|0|0
S|NIA|-38906228|-72643808|NIA|FD|0|35200|0|0|1400|0|1|4000|0|0|0|0|0
S|KIDEM|-38406111|-72670278|NIA|CF|0|35200|3000|35160|1600|0|1|7000|0|0|0|0|0

P|KIDE4D|19|KIDEM|0|3
S|QP041|-39000181|-72680953|NIA|CF|0|19100|590|19110|400|0|1|1700|0|1|0|0|0
S|QP159|-38740664|-72750433| |DF|2|0|0|0|0|0|1|6000|0|0|0|0|0
S|KIDEM|-38406111|-72670278| |TF|0|0|0|0|0|0|1|7000|0|0|0|0|0

P|MALT3A|01|MALTU|0|4
S| |91000000|181000000| |VA|0|1100|0|0|0|0|1|800|0|0|0|0|0
S| |91000000|181000000| |VI|2|21200|0|0|0|0|0|0|0|0|0|0|0
S|NIA|-38906228|-72643808|NIA|FD|0|18200|0|0|1000|0|1|2500|0|0|0|0|0
S|MALTU|-39401667|-72733056|NIA|CF|0|18200|3000|18200|2000|0|1|6000|0|0|0|0|0

P|MALT3B|19|MALTU|0|3
S| |91000000|181000000| |VA|0|19100|0|0|0|0|1|800|0|0|0|0|0
S|NIA|-38906228|-72643808|NIA|FD|0|18200|0|0|1000|0|1|2500|0|0|0|0|0
S|MALTU|-39401667|-72733056|NIA|CF|0|18200|3000|18200|2000|0|1|6000|0|0|0|0|0

P|PUPA1L|19|PUPAR|0|2
S|QP041|-39000181|-72680953|NIA|CF|0|19100|590|19110|400|0|1|1700|0|1|0|0|0
S|PUPAR|-38500000|-72792500| |DF|2|0|0|0|0|0|1|10000|0|0|0|0|0

P|PUPA2J|01|PUPAR|0|2
S|QP040|-38851622|-72622281|NIA|CF|0|1100|340|1110|400|0|1|1700|0|1|0|0|0
S|PUPAR|-38500000|-72792500| |TF|0|0|0|0|0|0|1|10000|0|0|0|0|0

P|TESE4E|01|TESEX|0|7
S| |91000000|181000000| |VA|0|1100|0|0|0|0|1|1500|0|0|0|0|0
S| |91000000|181000000| |VI|2|11600|0|0|0|0|0|0|0|0|0|0|0
S|MUBIL|-38915556|-72252222|NIA|CF|0|8600|1840|8590|1300|0|1|7000|0|0|0|0|0
S|MUBIL|-38915556|-72252222| |IF|0|0|0|0|0|0|1|7000|0|0|0|0|0
S|NIA30|-38920958|-72003481| |TF|0|0|0|0|0|0|1|10000|0|0|0|0|0
S|NIA40|-38925086|-71789983| |TF|0|0|0|0|0|0|1|13000|0|0|0|0|0
S|TESEX|-38931111|-71433611| |TF|0|0|0|0|0|0|0|0|0|0|0|0|0

P|TESE4E|19|TESEX|0|7
S| |91000000|181000000| |VA|0|19100|0|0|0|0|1|1500|0|0|0|0|0
S| |91000000|181000000| |VI|1|5600|0|0|0|0|0|0|0|0|0|0|0
S|MUBIL|-38915556|-72252222|NIA|CF|0|8600|1840|8590|800|0|1|7000|0|0|0|0|0
S|MUBIL|-38915556|-72252222| |IF|0|0|0|0|0|0|1|7000|0|0|0|0|0
S|NIA30|-38920958|-72003481| |TF|0|0|0|0|0|0|1|10000|0|0|0|0|0
S|NIA40|-38925086|-71789983| |TF|0|0|0|0|0|0|1|13000|0|0|0|0|0
S|TESEX|-38931111|-71433611| |TF|0|0|0|0|0|0|0|0|0|0|0|0|0

P|TESE4G|01|TESEX|0|5
S|QP040|-38851622|-72622281|NIA|CF|0|1100|340|1110|400|0|1|1700|0|1|0|0|0
S|MUBIL|-38915556|-72252222| |DF|2|0|0|0|0|0|1|7000|0|0|0|0|0
S|MUBIL|-38915556|-72252222| |IF|0|0|0|0|0|0|1|7000|0|0|0|0|0
S|POXES|-38925039|-71789919| |TF|0|0|0|0|0|0|1|13000|0|0|0|0|0
S|TESEX|-38931111|-71433611| |TF|0|0|0|0|0|0|1|13000|0|0|0|0|0

P|TESE4G|19|TESEX|0|5
S|QP041|-39000181|-72680953|NIA|CF|0|19100|590|19110|400|0|1|1700|0|1|0|0|0
S|MUBIL|-38915556|-72252222| |DF|1|0|0|0|0|0|1|7000|0|0|0|0|0
S|MUBIL|-38915556|-72252222| |IF|0|0|0|0|0|0|1|7000|0|0|0|0|0
S|POXES|-38925039|-71789919| |TF|0|0|0|0|0|0|1|13000|0|0|0|0|0
S|TESEX|-38931111|-71433611| |TF|0|0|0|0|0|0|1|13000|0|0|0|0|0

