P|BUXI1J|05|BUXIS|0|3
S|VM080|-32863072|-71345900|TBN|CF|0|5100|2590|27620|800|0|1|3800|0|0|0|0|0
S|BISUX|-32491064|-71493817| |TF|0|0|0|0|0|0|1|8000|0|0|0|0|0
S|BUXIS|-32259167|-71491667| |TF|0|0|0|0|0|0|1|8000|0|0|0|0|0

P|BUXI1K|23|BUXIS|0|4
S|LIXOK|-32987350|-71536592|TBN|CF|0|23100|3560|26210|320|0|1|1400|0|1|0|0|0
S|MILIK|-32738614|-71496114| |DF|2|0|0|0|0|0|1|5000|0|0|0|0|0
S|BISUX|-32491064|-71493817| |TF|0|0|0|0|0|0|1|8000|0|0|0|0|0
S|BUXIS|-32259167|-71491667| |TF|0|0|0|0|0|0|1|8000|0|0|0|0|0

P|DGO1K|23|DGO|0|4
S|SAL|-32986667|-71535833| |DF|0|0|0|0|0|0|1|1500|0|0|0|0|0
S|SAL|-32986667|-71535833|VTN|FA|0|23100|1500|18470|0|0|1|2500|0|0|0|0|0
S| |91000000|181000000| |VI|0|15400|0|0|0|0|0|0|0|0|0|0|0
S|DGO|-33657222|-71614444|DGO|CF|0|18400|0|0|3400|0|0|0|0|0|0|0|0

P|DILO1K|05|DILOK|0|7
S|VM040|-32903433|-71408989|TBN|CF|0|5100|2890|27060|400|0|1|2100|0|0|0|0|0
S|VM200|-33096414|-71184103| |TF|0|0|0|0|0|0|0|10000|0|0|0|0|0
S|VM306|-33085936|-70977875| |TF|0|0|0|0|0|0|0|10000|0|0|0|0|0
S|TEMUS|-33047733|-70821606| |TF|0|0|0|0|0|0|1|13500|0|0|0|0|0
S|TINGO|-32908167|-70697806| |TF|0|0|0|0|0|0|1|18000|0|0|0|0|0
S|EL680|-32608047|-70677794| |TF|0|0|0|0|0|0|1|21000|0|0|0|0|0
S|DILOK|-31933333|-70633333| |TF|0|0|0|0|0|0|1|21000|0|0|0|0|0

P|DILO1K|23|DILOK|0|7
S|LIXOK|-32987350|-71536592|TBN|CF|0|23100|3560|26210|320|0|1|1800|0|1|0|0|0
S|VM200|-33096414|-71184103| |DF|1|0|0|0|0|0|0|10000|0|0|0|0|0
S|VM306|-33085936|-70977875| |TF|0|0|0|0|0|0|0|10000|0|0|0|0|0
S|TEMUS|-33047733|-70821606| |TF|0|0|0|0|0|0|1|13500|0|0|0|0|0
S|TINGO|-32908167|-70697806| |TF|0|0|0|0|0|0|1|18000|0|0|0|0|0
S|EL680|-32608047|-70677794| |TF|0|0|0|0|0|0|1|21000|0|0|0|0|0
S|DILOK|-31933333|-70633333| |TF|0|0|0|0|0|0|1|21000|0|0|0|0|0

P|GUVO1K|05|GUVOL|0|7
S|VM040|-32903433|-71408989|TBN|CF|0|5100|2890|27060|400|0|1|2100|0|0|0|0|0
S|VM200|-33096414|-71184103| |TF|0|0|0|0|0|0|0|10000|0|0|0|0|0
S|VM306|-33085936|-70977875| |TF|0|0|0|0|0|0|0|10000|0|0|0|0|0
S|TEMUS|-33047733|-70821606| |TF|0|0|0|0|0|0|1|13500|0|0|0|0|0
S|TINGO|-32908167|-70697806| |TF|0|0|0|0|0|0|1|18000|0|0|0|0|0
S|EL680|-32608047|-70677794| |TF|0|0|0|0|0|0|1|21000|0|0|0|0|0
S|GUVOL|-32375000|-70225000| |TF|0|0|0|0|0|0|1|25000|0|0|0|0|0

P|GUVO1K|23|GUVOL|0|7
S|LIXOK|-32987350|-71536592|TBN|CF|0|23100|3560|26210|320|0|1|1800|0|1|0|0|0
S|VM200|-33096414|-71184103| |DF|1|0|0|0|0|0|0|10000|0|0|0|0|0
S|VM306|-33085936|-70977875| |TF|0|0|0|0|0|0|0|10000|0|0|0|0|0
S|TEMUS|-33047733|-70821606| |TF|0|0|0|0|0|0|1|13500|0|0|0|0|0
S|TINGO|-32908167|-70697806| |TF|0|0|0|0|0|0|1|18000|0|0|0|0|0
S|EL680|-32608047|-70677794| |TF|0|0|0|0|0|0|1|21000|0|0|0|0|0
S|GUVOL|-32375000|-70225000| |TF|0|0|0|0|0|0|1|25000|0|0|0|0|0

P|SELT1J|05|DGO|0|3
S|VM020|-32924375|-71439839|TBN|CF|0|5100|3040|26820|200|0|1|1300|0|1|0|0|0
S|SELTU|-33320367|-71562831| |DF|2|0|0|0|0|0|1|6000|0|0|0|0|0
S|DGO|-33657222|-71614444| |TF|0|0|0|0|0|0|0|0|0|0|0|0|0

P|SELT1K|23|DGO|0|3
S|LIXOK|-32987350|-71536592|TBN|CF|0|23100|3560|26210|320|0|1|1400|0|1|0|0|0
S|SELTU|-33320367|-71562831| |DF|0|0|0|0|0|0|1|6000|0|0|0|0|0
S|DGO|-33657222|-71614444| |TF|0|0|0|0|0|0|0|0|0|0|0|0|0

P|VTN1K|23|VTN|0|4
S|SAL|-32986667|-71535833| |DF|0|0|0|0|0|0|1|1500|0|0|0|0|0
S|SAL|-32986667|-71535833|VTN|FA|0|23100|1500|18470|0|0|1|2500|0|0|0|0|0
S| |91000000|181000000| |VI|2|3500|0|0|0|0|0|0|0|0|0|0|0
S|VTN|-32738611|-71496111|VTN|CF|0|500|0|0|600|0|0|0|0|0|0|0|0

