P|ANGEL2|01|ANGEL|0|3
S| |91000000|181000000|ESV|VD|0|600|0|0|400|0|1|600|0|0|0|0|0
S| |91000000|181000000| |VI|0|8000|0|0|0|0|0|0|0|0|0|0|0
S|ANGEL|1416667|-79163889|ESV|CF|0|5000|3850|4940|2900|0|1|5000|0|0|0|0|0

P|BOKU2A|01|BOKUD|0|4
S| |91000000|181000000|ESV|CD|0|600|0|0|400|0|1|1000|0|0|0|0|0
S| |91000000|181000000|ESV|CR|2|16100|0|5600|0|0|1|2500|0|0|0|0|0
S| |91000000|181000000| |CI|0|13100|0|0|0|0|0|0|0|0|0|0|0
S|BOKUD|748333|-79381389|ESV|CF|0|16100|2000|13490|1400|0|1|6000|0|0|0|0|0

P|BOKUD2|19|BOKUD|0|6
S| |91000000|181000000| |CA|0|18600|0|0|0|0|1|440|0|0|0|0|0
S| |91000000|181000000| |CI|0|19200|0|0|0|0|0|0|0|0|0|0|0
S|ESV|971889|-79628528|ESV|FD|0|19000|0|0|300|0|1|1000|0|0|0|0|0
S| |91000000|181000000| |CI|0|10500|0|0|0|0|0|0|0|0|0|0|0
S|ESV|971889|-79628528|ESV|FD|0|13500|0|0|1200|0|1|3500|0|0|0|0|0
S|BOKUD|748333|-79381389|ESV|CF|0|13500|2000|13490|800|0|1|6000|0|0|0|0|0

P|BUTEG2|19|BUTEG|0|2
S| |91000000|181000000|ESV|VD|0|18600|0|0|500|0|1|1500|0|0|0|0|0
S|BUTEG|639722|-79654167|ESV|CF|0|18800|1990|18740|1500|0|1|5000|0|0|0|0|0

P|ESV2|01|ESV|0|2
S| |91000000|181000000|ESV|VD|0|600|0|0|500|0|1|1000|0|0|0|0|0
S|ESV|971889|-79628528| |DF|1|0|0|0|0|0|1|4000|0|0|0|0|0

P|ESV2A|19|ESV|0|4
S| |91000000|181000000| |CA|0|18600|0|0|0|0|1|440|0|0|0|0|0
S| |91000000|181000000| |CI|0|19200|0|0|0|0|0|0|0|0|0|0|0
S|ESV|971889|-79628528|ESV|FD|0|19000|0|0|300|0|1|1000|0|0|0|0|0
S|ESV|971889|-79628528| |DF|2|0|0|0|0|0|1|4500|0|0|0|0|0

