P|AKSI2D|01|AKSIM|0|3
S| |91000000|181000000| |CA|0|1100|0|0|0|0|1|3800|0|0|0|0|0
S|PEI|4781667|-75836111|PEI|CF|2|13500|0|0|700|0|1|7400|0|0|0|0|0
S|AKSIM|5141111|-75825000| |TF|1|0|0|0|0|0|0|0|0|0|0|0|0

P|AKSI2E|19|AKSIM|0|3
S|D248H|4715278|-75959722|PEI|CF|0|19100|840|24880|300|0|1|3800|0|1|0|0|0
S|PEI|4781667|-75836111|PEI|CF|1|3800|0|0|700|185|1|8600|0|0|0|0|0
S|AKSIM|5141111|-75825000| |TF|0|0|0|0|0|0|0|0|0|0|0|0|0

P|AXM2C|01|AXM|0|3
S| |91000000|181000000| |CA|0|1100|0|0|0|0|1|3800|0|0|0|0|0
S|PEI|4781667|-75836111|PEI|CF|2|13500|0|0|700|0|1|7400|0|0|0|0|0
S|AXM|4460000|-75765556| |TF|0|0|0|0|0|0|0|0|0|0|0|0|0

P|AXM3D|19|AXM|0|3
S|D321Q|4663889|-75963889|PEI|CF|0|19100|1040|23440|600|0|1|5000|0|0|0|0|0
S|TONET|4623056|-75924167| |TF|0|0|0|0|0|0|1|6500|0|0|0|0|0
S|AXM|4460000|-75765556| |TF|0|0|0|0|0|0|0|0|0|0|0|0|0

P|IRIG2F|19|IRIGI|0|3
S|D321Q|4663889|-75963889|PEI|CF|0|19100|1040|23440|600|0|1|5000|0|0|0|0|0
S|TONET|4623056|-75924167| |TF|0|0|0|0|0|0|1|6500|0|0|0|0|0
S|IRIGI|4452778|-76020000| |TF|0|0|0|0|0|0|0|0|0|0|0|0|0

P|IRIG2J|01|IRIGI|0|3
S| |91000000|181000000| |CA|0|1100|0|0|0|0|1|3800|0|0|0|0|0
S|PEI|4781667|-75836111|PEI|CF|2|13500|0|0|700|0|1|7400|0|0|0|0|0
S|IRIGI|4452778|-76020000| |TF|0|0|0|0|0|0|0|0|0|0|0|0|0

P|MATR2A|01|MATRO|0|3
S| |91000000|181000000| |CA|0|1100|0|0|0|0|1|3800|0|0|0|0|0
S|PEI|4781667|-75836111|PEI|CF|2|13500|0|0|700|0|1|7400|0|0|0|0|0
S|MATRO|5141111|-75710556| |TF|1|0|0|0|0|0|0|0|0|0|0|0|0

P|MATR2C|19|MATRO|0|3
S|D248H|4715278|-75959722|PEI|CF|0|19100|840|24880|300|0|1|3800|0|1|0|0|0
S|PEI|4781667|-75836111|PEI|CF|1|3800|0|0|700|185|1|8600|0|0|0|0|0
S|MATRO|5141111|-75710556| |TF|0|0|0|0|0|0|0|0|0|0|0|0|0

P|MZL2A|01|MZL|0|3
S| |91000000|181000000| |CA|0|1100|0|0|0|0|1|3800|0|0|0|0|0
S|PEI|4781667|-75836111|PEI|CF|2|13500|0|0|700|0|1|7400|0|0|0|0|0
S|MZL|5053889|-75528889| |TF|0|0|0|0|0|0|0|0|0|0|0|0|0

P|MZL2B|19|MZL|0|3
S|D248H|4715278|-75959722|PEI|CF|0|19100|840|24880|300|0|1|3800|0|1|0|0|0
S|PEI|4781667|-75836111|PEI|CF|1|3800|0|0|700|185|1|8600|0|0|0|0|0
S|MZL|5053889|-75528889| |TF|0|0|0|0|0|0|0|0|0|0|0|0|0

