P|PANI1A|18|PANID|0|2
S|PD901|3803197|-67896217|PDA|CF|0|17600|300|18220|250|0|1|1000|0|1|0|0|0
S|PANID|4043889|-68504722| |DF|2|0|0|0|0|0|1|5000|0|0|0|0|0

P|PANI1B|36|PANID|0|2
S|PD902|3920406|-67919633|PDA|CF|0|35900|420|35780|350|0|1|1000|0|1|0|0|0
S|PANID|4043889|-68504722| |DF|0|0|0|0|0|0|1|5000|0|0|0|0|0

P|UMBE1A|18|UMBET|0|2
S|PD901|3803197|-67896217|PDA|CF|0|17600|300|18220|250|0|1|1000|0|1|0|0|0
S|UMBET|4798889|-68337222| |DF|2|0|0|0|0|0|1|5000|0|0|0|0|0

P|UMBE1B|36|UMBET|0|2
S|PD902|3920406|-67919633|PDA|CF|0|35900|420|35780|350|0|1|1000|0|1|0|0|0
S|UMBET|4798889|-68337222| |DF|0|0|0|0|0|0|1|5000|0|0|0|0|0

