P|ALBE1B|31|ALBEL|0|4
S|TILPI|5711936|-76674514|UIB|CF|0|30800|230|30670|200|0|1|1000|0|1|0|0|0
S|UI906|5461928|-76654300| |DF|1|0|0|0|0|0|1|7000|0|0|0|0|0
S|USVEN|5361972|-76520933| |TF|0|0|0|0|0|0|1|11000|0|0|0|0|0
S|ALBEL|5491111|-76225278| |TF|0|0|0|0|0|0|1|13000|0|0|0|0|0

P|ALBE1D|31|ALBEL|0|7
S| |91000000|181000000| |CA|0|30800|0|0|0|0|1|600|0|0|0|0|0
S| |91000000|181000000| |VI|0|3300|0|0|0|0|0|0|0|0|0|0|0
S|UIB08|5825556|-76646389|UIB|CF|0|300|800|390|400|0|2|4000|0|0|0|0|0
S| |91000000|181000000| |CI|0|300|0|0|0|0|0|0|0|0|0|0|0
S|D121K|5612214|-76475742|UIB|AF|2|300|1100|12170|0|0|0|0|0|0|0|0|0
S|D121M|5597661|-76445628| |TF|0|0|0|0|0|0|1|10000|0|0|0|0|0
S|ALBEL|5491111|-76225278| |TF|0|0|0|0|0|0|1|13000|0|0|0|0|0

P|BAHI1C|31|BS901|0|5
S| |91000000|181000000| |CA|0|30800|0|0|0|0|1|610|0|0|0|0|0
S|D309D|5725117|-76689822|UIB|CF|0|30900|350|31010|400|0|1|1000|0|0|0|0|0
S|D309K|5795592|-76793628| |TF|0|0|0|0|0|0|1|3000|0|0|0|0|0
S|D309R|5861350|-76890539| |TF|0|0|0|0|0|0|1|5000|0|0|0|0|0
S|BS901|6203111|-77394972| |TF|0|0|0|0|0|0|0|0|0|0|0|0|0

P|GENG1B|31|GENGU|0|5
S|TILPI|5711936|-76674514|UIB|CF|0|30800|230|30670|200|0|1|1000|0|1|0|0|0
S|ATOMU|5876531|-76648350| |DF|0|0|0|0|0|0|1|4200|0|0|0|0|0
S|ORIMI|5978889|-76391944| |TF|0|0|0|0|0|0|1|11000|0|0|0|0|0
S|UI904|5879133|-76303478| |TF|0|0|0|0|0|0|1|14000|0|0|0|0|0
S|GENGU|5790556|-76225278| |TF|0|0|0|0|0|0|1|15000|0|0|0|0|0

P|GENG1D|31|GENGU|0|7
S| |91000000|181000000| |CA|0|30800|0|0|0|0|1|600|0|0|0|0|0
S| |91000000|181000000| |VI|0|3300|0|0|0|0|0|0|0|0|0|0|0
S|UIB08|5825556|-76646389|UIB|CF|0|300|800|390|400|0|2|4000|0|0|0|0|0
S| |91000000|181000000| |CI|0|300|0|0|0|0|0|0|0|0|0|0|0
S|D082K|5734561|-76462397|UIB|AF|2|300|1100|8270|0|0|0|0|0|0|0|0|0
S|D082M|5742253|-76429850| |TF|0|0|0|0|0|0|1|10500|0|0|0|0|0
S|GENGU|5790556|-76225278| |TF|0|0|0|0|0|0|1|15000|0|0|0|0|0

P|GENG1E|31|GENGU|0|4
S|TILPI|5711936|-76674514|UIB|CF|0|30800|230|30670|200|0|1|1000|0|1|0|0|0
S|UI906|5461928|-76654300| |DF|1|0|0|0|0|0|1|7000|0|0|0|0|0
S|USVEN|5361972|-76520933| |TF|0|0|0|0|0|0|1|11000|0|0|0|0|0
S|GENGU|5790556|-76225278| |TF|0|0|0|0|0|0|1|15000|0|0|0|0|0

P|ISRA1B|31|ISRAP|0|3
S|TILPI|5711936|-76674514|UIB|CF|0|30800|230|30670|200|0|1|1000|0|1|0|0|0
S|ATOMU|5876531|-76648350| |DF|0|0|0|0|0|0|1|4200|0|0|0|0|0
S|ISRAP|6846944|-76685000| |TF|0|0|0|0|0|0|1|12000|0|0|0|0|0

P|ISRA1C|31|ISRAP|0|4
S| |91000000|181000000| |CA|0|30800|0|0|0|0|1|600|0|0|0|0|0
S| |91000000|181000000| |VI|0|3300|0|0|0|0|0|0|0|0|0|0|0
S|D003K|5875556|-76648333|UIB|CF|0|300|1100|380|700|0|2|4000|0|0|0|0|0
S|ISRAP|6846944|-76685000| |TF|0|0|0|0|0|0|1|12000|0|0|0|0|0

P|NUQU1C|31|NQ901|0|5
S| |91000000|181000000| |CA|0|30800|0|0|0|0|1|610|0|0|0|0|0
S|D309D|5725117|-76689822|UIB|CF|0|30900|350|31010|400|0|1|1000|0|0|0|0|0
S|D277G|5695450|-76750014| |TF|0|0|0|0|0|0|1|2000|0|0|0|0|0
S|D277Q|5700625|-76925486| |TF|0|0|0|0|0|0|1|5000|0|0|0|0|0
S|NQ901|5710394|-77261839| |TF|0|0|0|0|0|0|0|0|0|0|0|0|0

P|OPSA1B|31|OPSAL|0|5
S|TILPI|5711936|-76674514|UIB|CF|0|30800|230|30670|200|0|1|1000|0|1|0|0|0
S|ATOMU|5876531|-76648350| |DF|0|0|0|0|0|0|1|4200|0|0|0|0|0
S|ORIMI|5978889|-76391944| |TF|0|0|0|0|0|0|1|11000|0|0|0|0|0
S|UI905|5895597|-76287828| |TF|0|0|0|0|0|0|1|14000|0|0|0|0|0
S|OPSAL|5845556|-76225278| |TF|0|0|0|0|0|0|1|14000|0|0|0|0|0

P|OPSA1D|31|OPSAL|0|7
S| |91000000|181000000| |CA|0|30800|0|0|0|0|1|600|0|0|0|0|0
S| |91000000|181000000| |VI|0|3300|0|0|0|0|0|0|0|0|0|0|0
S|UIB08|5825556|-76646389|UIB|CF|0|300|800|390|400|0|2|4000|0|0|0|0|0
S| |91000000|181000000| |CI|0|300|0|0|0|0|0|0|0|0|0|0|0
S|D075K|5755867|-76468794|UIB|AF|2|300|1100|7580|0|0|0|0|0|0|0|0|0
S|D075M|5767433|-76437411| |TF|0|0|0|0|0|0|1|10000|0|0|0|0|0
S|OPSAL|5845556|-76225278| |TF|0|0|0|0|0|0|1|14000|0|0|0|0|0

P|TEDU1B|31|TEDUL|0|5
S| |91000000|181000000| |CA|0|30800|0|0|0|0|1|600|0|0|0|0|0
S| |91000000|181000000| |VI|1|19100|0|0|0|0|0|0|0|0|0|0|0
S|D221K|5543056|-76748056|UIB|CF|0|22100|1100|22160|500|0|2|4000|0|0|0|0|0
S|D186K|5507997|-76641389|UIB|AF|1|22100|1100|18600|0|0|0|0|0|0|0|0|0
S|TEDUL|5073889|-76676111| |TF|0|0|0|0|0|0|1|5000|0|0|0|0|0

P|TEDU1D|31|TEDUL|0|3
S|TILPI|5711936|-76674514|UIB|CF|0|30800|230|30670|200|0|1|780|0|1|0|0|0
S|UI906|5461928|-76654300| |DF|1|0|0|0|0|0|1|3800|0|0|0|0|0
S|TEDUL|5073889|-76676111| |TF|0|0|0|0|0|0|1|5000|0|0|0|0|0

P|VOVR1B|31|VOVRA|0|4
S|TILPI|5711936|-76674514|UIB|CF|0|30800|230|30670|200|0|1|1000|0|1|0|0|0
S|ATOMU|5876531|-76648350| |DF|0|0|0|0|0|0|1|4200|0|0|0|0|0
S|ORIMI|5978889|-76391944| |TF|0|0|0|0|0|0|1|11000|0|0|0|0|0
S|VOVRA|5575278|-76225278| |TF|0|0|0|0|0|0|1|15000|0|0|0|0|0

P|VOVR1D|31|VOVRA|0|7
S| |91000000|181000000| |CA|0|30800|0|0|0|0|1|600|0|0|0|0|0
S| |91000000|181000000| |VI|0|3300|0|0|0|0|0|0|0|0|0|0|0
S|UIB08|5825556|-76646389|UIB|CF|0|300|800|390|400|0|2|4000|0|0|0|0|0
S| |91000000|181000000| |CI|0|300|0|0|0|0|0|0|0|0|0|0|0
S|D111K|5642497|-76464314|UIB|AF|2|300|1100|11170|0|0|0|0|0|0|0|0|0
S|D111M|5633450|-76432122| |TF|0|0|0|0|0|0|1|11000|0|0|0|0|0
S|VOVRA|5575278|-76225278| |TF|0|0|0|0|0|0|1|15000|0|0|0|0|0

P|VOVR1E|31|VOVRA|0|4
S|TILPI|5711936|-76674514|UIB|CF|0|30800|230|30670|200|0|1|1000|0|1|0|0|0
S|UI906|5461928|-76654300| |DF|1|0|0|0|0|0|1|7000|0|0|0|0|0
S|USVEN|5361972|-76520933| |TF|0|0|0|0|0|0|1|11000|0|0|0|0|0
S|VOVRA|5575278|-76225278| |TF|0|0|0|0|0|0|1|15000|0|0|0|0|0

