P|KOTKI1|13|KOTKI|0|4
S|D134F|-21604206|-64624869|TAR|CF|0|13400|600|13600|600|0|1|7600|0|1|0|0|0
S|D175F|-21644039|-64686808| |DF|2|0|0|0|0|0|1|9800|0|0|0|0|0
S|TAR|-21546667|-64712778| |TF|0|0|0|0|0|0|1|11800|0|0|0|0|0
S|KOTKI|-21052661|-64806100| |TF|0|0|0|0|0|0|1|17000|0|0|0|0|0

P|PULSA1|13|PULSA|0|4
S|D134F|-21604206|-64624869|TAR|CF|0|13400|600|13600|600|0|1|7600|0|1|0|0|0
S|D175F|-21644039|-64686808| |DF|2|0|0|0|0|0|1|9800|0|0|0|0|0
S|TAR|-21546667|-64712778| |TF|0|0|0|0|0|0|1|11800|0|0|0|0|0
S|PULSA|-21076389|-64525278| |TF|0|0|0|0|0|0|1|17000|0|0|0|0|0

P|SINIT1|13|SINIT|0|4
S|D134F|-21604206|-64624869|TAR|CF|0|13400|600|13600|600|0|1|7600|0|1|0|0|0
S|D175F|-21644039|-64686808| |DF|2|0|0|0|0|0|1|9800|0|0|0|0|0
S|TAR|-21546667|-64712778| |TF|0|0|0|0|0|0|1|11800|0|0|0|0|0
S|SINIT|-21126944|-65006389| |TF|0|0|0|0|0|0|1|19000|0|0|0|0|0

