P|KOPRA1|22|ESEDI|0|4
S| |91000000|181000000| |CA|0|22200|0|0|0|0|1|500|0|0|0|0|0
S| |91000000|181000000| |CI|2|34000|0|0|0|0|0|0|0|0|0|0|0
S|KOPRA|-13406300|-76700911|SCO|CF|0|30700|3480|30680|2900|0|0|0|0|0|0|0|0
S|ESEDI|-12577250|-76951778| |TF|0|0|0|0|0|0|0|0|0|0|0|0|0

P|TELOT1|22|ESEDI|0|4
S| |91000000|181000000| |CA|0|22200|0|0|0|0|1|500|0|0|0|0|0
S| |91000000|181000000| |CI|2|1500|0|0|0|0|0|0|0|0|0|0|0
S|TELOT|-13241675|-76529986|SCO|CF|0|33000|3500|33000|3000|0|0|0|0|0|0|0|0
S|ESEDI|-12577250|-76951778| |TF|0|0|0|0|0|0|0|0|0|0|0|0|0

