P|LFA1A|35|LFA|0|3
S|UTGUG|7992419|-72482333|LFA|CF|0|35300|1950|22930|990|0|1|4000|0|0|0|0|0
S|KEVAK|8116894|-72374081| |TF|0|0|0|0|0|0|1|4300|0|1|0|0|0
S|LFA|8241833|-72269944| |TF|0|0|0|0|0|0|1|4300|0|0|0|0|0

P|LFA1C|35|LFA|0|5
S| |91000000|181000000| |VA|0|35300|0|0|0|0|1|1720|0|0|0|0|0
S|CUC|7933333|-72513611|CUC|CF|0|32800|0|0|670|0|1|3500|0|0|0|0|0
S|LFA22|7997019|-72552353| |TF|0|0|0|0|0|0|0|5100|0|0|0|0|0
S|LFA12|8109969|-72422128| |TF|0|0|0|0|0|0|0|8000|0|0|0|0|0
S|LFA|8241833|-72269944| |TF|0|0|0|0|0|0|0|0|0|0|0|0|0

