P|BORU2J|28|BORUS|0|4
S| |91000000|181000000| |CA|0|27500|0|0|0|0|1|600|0|0|0|0|0
S|BEMUD|14572556|-61110917|FOF|CF|0|27500|520|27300|600|220|0|0|0|0|0|0|0
S|PIGPI|14406500|-61091861| |TF|0|0|0|0|0|0|0|0|0|0|0|0|0
S|BORUS|14046111|-60466389| |TF|0|0|0|0|0|0|0|0|0|0|0|0|0

P|BORU2R|10|BORUS|0|3
S| |91000000|181000000| |CA|0|9500|0|0|0|0|1|1600|0|0|0|0|0
S|LERAV|14607667|-60906222| |DF|0|0|0|0|0|0|0|0|0|1|0|0|0
S|BORUS|14046111|-60466389| |DF|0|0|0|0|0|0|0|0|0|0|0|0|0

P|DAMO2J|28|DAMOV|0|5
S| |91000000|181000000| |CA|0|27500|0|0|0|0|1|600|0|0|0|0|0
S|BEMUD|14572556|-61110917|FOF|CF|0|27500|520|27300|600|220|0|0|0|0|0|0|0
S|PIGPI|14406500|-61091861| |TF|0|0|0|0|0|0|0|0|0|0|0|0|0
S|KISES|14186389|-61001111| |TF|0|0|0|0|0|0|0|0|0|0|0|0|0
S|DAMOV|13482778|-60634444| |TF|0|0|0|0|0|0|0|0|0|0|0|0|0

P|DAMO2R|10|DAMOV|0|3
S| |91000000|181000000| |CA|0|9500|0|0|0|0|1|1600|0|0|0|0|0
S|LERAV|14607667|-60906222| |DF|0|0|0|0|0|0|0|0|0|1|0|0|0
S|DAMOV|13482778|-60634444| |DF|0|0|0|0|0|0|0|0|0|0|0|0|0

P|DOM2J|28|DOM|0|4
S| |91000000|181000000| |CA|0|27500|0|0|0|0|1|600|0|0|0|0|0
S|BEMUD|14572556|-61110917|FOF|CF|0|27500|520|27300|600|220|0|0|0|0|0|0|0
S|DEDET|14835833|-61303056| |TF|0|0|0|0|0|0|0|0|0|0|0|0|0
S|DOM|15550933|-61295625| |TF|0|0|0|0|0|0|0|0|0|0|0|0|0

P|DOM2R|10|DOM|0|4
S| |91000000|181000000| |CA|0|9500|0|0|0|0|1|1600|0|0|0|0|0
S|LERAV|14607667|-60906222| |DF|0|0|0|0|0|0|0|0|0|1|0|0|0
S|MATET|14939500|-60953194| |DF|1|0|0|0|0|0|0|0|0|0|0|0|0
S|DOM|15550933|-61295625| |TF|0|0|0|0|0|0|0|0|0|0|0|0|0

P|EMOL2J|28|EMOLA|0|4
S| |91000000|181000000| |CA|0|27500|0|0|0|0|1|600|0|0|0|0|0
S|BEMUD|14572556|-61110917|FOF|CF|0|27500|520|27300|600|220|0|0|0|0|0|0|0
S|DEDET|14835833|-61303056| |TF|0|0|0|0|0|0|0|0|0|0|0|0|0
S|EMOLA|15135278|-61646389| |TF|0|0|0|0|0|0|0|0|0|0|0|0|0

P|EMOL2R|10|EMOLA|0|4
S| |91000000|181000000| |CA|0|9500|0|0|0|0|1|1600|0|0|0|0|0
S|LERAV|14607667|-60906222| |DF|0|0|0|0|0|0|0|0|0|1|0|0|0
S|MATET|14939500|-60953194| |DF|1|0|0|0|0|0|0|0|0|0|0|0|0
S|EMOLA|15135278|-61646389| |TF|0|0|0|0|0|0|0|0|0|0|0|0|0

P|KISE2J|28|KISES|0|4
S| |91000000|181000000| |CA|0|27500|0|0|0|0|1|600|0|0|0|0|0
S|BEMUD|14572556|-61110917|FOF|CF|0|27500|520|27300|600|220|0|0|0|0|0|0|0
S|PIGPI|14406500|-61091861| |TF|0|0|0|0|0|0|0|0|0|0|0|0|0
S|KISES|14186389|-61001111| |TF|0|0|0|0|0|0|0|0|0|0|0|0|0

P|KISE2R|10|KISES|0|4
S| |91000000|181000000| |CA|0|9500|0|0|0|0|1|1600|0|0|0|0|0
S|LERAV|14607667|-60906222| |DF|0|0|0|0|0|0|0|0|0|1|0|0|0
S|DURIV|14462639|-60894944| |DF|2|0|0|0|0|0|0|0|0|0|0|0|0
S|KISES|14186389|-61001111| |TF|0|0|0|0|0|0|0|0|0|0|0|0|0

P|LIDO2J|28|LIDOS|0|4
S| |91000000|181000000| |CA|0|27500|0|0|0|0|1|600|0|0|0|0|0
S|BEMUD|14572556|-61110917|FOF|CF|0|27500|520|27300|600|220|0|0|0|0|0|0|0
S|DEDET|14835833|-61303056| |TF|0|0|0|0|0|0|0|0|0|0|0|0|0
S|LIDOS|15566667|-61075556| |TF|0|0|0|0|0|0|0|0|0|0|0|0|0

P|LIDO2R|10|LIDOS|0|4
S| |91000000|181000000| |CA|0|9500|0|0|0|0|1|1600|0|0|0|0|0
S|LERAV|14607667|-60906222| |DF|0|0|0|0|0|0|0|0|0|1|0|0|0
S|MATET|14939500|-60953194| |DF|1|0|0|0|0|0|0|0|0|0|0|0|0
S|LIDOS|15566667|-61075556| |TF|0|0|0|0|0|0|0|0|0|0|0|0|0

P|NUKA2J|28|NUKAK|0|3
S| |91000000|181000000| |CA|0|27500|0|0|0|0|1|600|0|0|0|0|0
S|BEMUD|14572556|-61110917|FOF|CF|0|27500|520|27300|600|220|0|0|0|0|0|0|0
S|NUKAK|14146983|-61175114| |TF|0|0|0|0|0|0|0|0|0|0|0|0|0

P|NUKA2R|10|NUKAK|0|4
S| |91000000|181000000| |CA|0|9500|0|0|0|0|1|1600|0|0|0|0|0
S|LERAV|14607667|-60906222| |DF|0|0|0|0|0|0|0|0|0|1|0|0|0
S|DURIV|14462639|-60894944| |DF|2|0|0|0|0|0|0|0|0|0|0|0|0
S|NUKAK|14146983|-61175114| |TF|0|0|0|0|0|0|0|0|0|0|0|0|0

P|SESP2J|28|SESPO|0|4
S| |91000000|181000000| |CA|0|27500|0|0|0|0|1|600|0|0|0|0|0
S|BEMUD|14572556|-61110917|FOF|CF|0|27500|520|27300|600|220|0|0|0|0|0|0|0
S|DEDET|14835833|-61303056| |TF|0|0|0|0|0|0|0|0|0|0|0|0|0
S|SESPO|15649722|-60099167| |TF|0|0|0|0|0|0|0|0|0|0|0|0|0

P|SESP2R|10|SESPO|0|3
S| |91000000|181000000| |CA|0|9500|0|0|0|0|1|1600|0|0|0|0|0
S|LERAV|14607667|-60906222| |DF|0|0|0|0|0|0|0|0|0|1|0|0|0
S|SESPO|15649722|-60099167| |DF|0|0|0|0|0|0|0|0|0|0|0|0|0

P|SESP2S|28|SESPO|0|5
S| |91000000|181000000| |CA|0|27500|0|0|0|0|1|600|0|0|0|0|0
S|BEMUD|14572556|-61110917|FOF|CF|0|27500|520|27300|600|220|0|0|0|0|0|0|0
S|PIGPI|14406500|-61091861| |TF|0|0|0|0|0|0|0|0|0|0|0|0|0
S|CHARB|14448528|-60722389| |TF|0|0|0|0|0|0|0|0|0|0|0|0|0
S|SESPO|15649722|-60099167| |TF|0|0|0|0|0|0|0|0|0|0|0|0|0

P|SOMO2J|28|SOMON|0|3
S| |91000000|181000000| |CA|0|27500|0|0|0|0|1|600|0|0|0|0|0
S|BEMUD|14572556|-61110917|FOF|CF|0|27500|520|27300|600|220|0|0|0|0|0|0|0
S|SOMON|14154167|-61697500| |TF|0|0|0|0|0|0|0|0|0|0|0|0|0

P|SOMO2R|10|SOMON|0|4
S| |91000000|181000000| |CA|0|9500|0|0|0|0|1|1600|0|0|0|0|0
S|LERAV|14607667|-60906222| |DF|0|0|0|0|0|0|0|0|0|1|0|0|0
S|DURIV|14462639|-60894944| |DF|2|0|0|0|0|0|0|0|0|0|0|0|0
S|SOMON|14154167|-61697500| |TF|0|0|0|0|0|0|0|0|0|0|0|0|0

