P|BANO1A|04|BANOS|0|4
S| |91000000|181000000| |CA|0|3500|0|0|0|0|1|1800|0|0|0|0|0
S|CC480|50983961|71701669| |DF|2|0|0|0|0|210|1|3700|0|0|0|0|0
S|CC482|50785350|71940908| |TF|0|0|0|0|0|0|2|14000|0|0|0|0|0
S|BANOS|50187778|72645556| |TF|0|0|0|0|0|0|1|15000|0|0|0|0|0

P|BANO4E|04|BANOS|0|3
S|D035E|51060375|71526842|AST|CF|0|3500|500|3500|400|0|1|1800|0|0|0|0|0
S| |91000000|181000000| |CI|2|16600|0|0|0|0|0|0|0|0|0|0|0
S|BANOS|50187778|72645556|AST|CF|0|12600|6740|12610|5700|0|3|24000|9000|0|0|0|0

P|BEDK1B|22|BEDKA|0|4
S|CC281|50925678|71315394|AST|CF|0|21400|640|21450|900|250|1|5100|0|0|0|0|0
S|CC283|50856842|71426186| |TF|0|0|0|0|0|0|1|8300|0|0|0|0|0
S|CC291|50717058|71612819| |TF|0|0|0|0|0|0|1|15000|0|0|0|0|0
S|BEDKA|50221667|72262500| |TF|0|0|0|0|0|0|1|22000|0|0|0|0|0

P|BEDK1E|22|BEDKA|0|5
S|CC281|50925678|71315394|AST|CF|0|21400|640|21450|900|250|1|3800|0|0|0|0|0
S|CC289|50806669|71131400| |TF|0|0|0|0|0|0|1|7400|0|0|0|0|0
S|CC290|50704558|71266231| |TF|0|0|0|0|0|0|1|10000|0|0|0|0|0
S|CC291|50717058|71612819| |TF|0|0|0|0|0|0|1|15000|0|0|0|0|0
S|BEDKA|50221667|72262500| |TF|0|0|0|0|0|0|1|22000|0|0|0|0|0

P|BEDK4H|22|BEDKA|0|3
S|D215C|50966450|71377164|AST|CF|0|21500|300|21540|400|0|1|1800|0|1|0|0|0
S|LIGMO|50760833|71143611|AST|CF|0|20600|1820|20740|1600|0|3|7000|6000|0|0|0|0
S|BEDKA|50221667|72262500| |TF|0|0|0|0|0|0|3|24000|9000|0|0|0|0

P|BEDK5G|22|BEDKA|0|3
S|D215C|50966450|71377164|AST|CF|0|21500|300|21540|400|0|1|1800|0|1|0|0|0
S| |91000000|181000000| |CI|1|9600|0|0|0|0|0|0|0|0|0|0|0
S|BEDKA|50221667|72262500|AST|CF|0|13600|5660|13560|4900|0|3|24000|9000|0|0|0|0

P|BOLS1A|04|BOLSU|0|3
S|CC471|51082597|71559961|AST|CF|0|3500|680|3450|500|0|1|2000|0|0|0|0|0
S|CC472|51209311|71610325| |TF|0|0|0|0|0|240|1|3600|0|0|0|0|0
S|BOLSU|51251944|72938889| |TF|0|0|0|0|0|0|1|13000|0|0|0|0|0

P|BOLS2B|22|BOLSU|0|5
S|CC281|50925678|71315394|AST|CF|0|21400|640|21450|900|0|1|2700|0|0|0|0|0
S|CC283|50856842|71426186| |TF|0|0|0|0|0|0|1|4000|0|0|0|0|0
S|CC285|51095467|71802658| |TF|0|0|0|0|0|250|1|9200|0|0|0|0|0
S|CC287|51213383|71988817| |TF|0|0|0|0|0|0|1|12000|0|0|0|0|0
S|BOLSU|51251944|72938889| |TF|0|0|0|0|0|0|1|18000|0|0|0|0|0

P|BOLS5E|04|BOLSU|0|3
S|D035E|51060375|71526842|AST|CF|0|3500|500|3500|400|0|1|1800|0|0|0|0|0
S|ASDET|51275944|71662889|AST|CF|0|1100|1860|1770|1400|0|1|6000|0|0|0|0|0
S|BOLSU|51251944|72938889| |TF|0|0|0|0|0|0|3|24000|12000|0|0|0|0

P|BOLS5G|22|BOLSU|0|3
S|D215C|50966450|71377164|AST|CF|0|21500|300|21540|400|0|1|1800|0|1|0|0|0
S| |91000000|181000000| |CI|1|8800|0|0|0|0|0|0|0|0|0|0|0
S|BOLSU|51251944|72938889|AST|CF|0|5800|5890|6460|5800|0|3|24000|12000|0|0|0|0

P|DIDA1A|04|DIDAL|0|5
S|CC471|51082597|71559961|AST|CF|0|3500|680|3450|500|0|1|3300|0|0|0|0|0
S|CC472|51209311|71610325| |TF|0|0|0|0|0|240|1|7400|0|0|0|0|0
S|CC474|51287181|71149258| |TF|0|0|0|0|0|0|1|17000|0|0|0|0|0
S|CC476|51363247|70686597| |TF|0|0|0|0|0|0|1|20000|0|0|0|0|0
S|DIDAL|51485556|69914722| |TF|0|0|0|0|0|0|1|26000|0|0|0|0|0

P|DIDA2F|04|DIDAL|0|4
S|D035E|51060375|71526842|AST|CF|0|3500|500|3500|400|0|1|1800|0|0|0|0|0
S|ASDET|51275944|71662889|AST|CF|0|1100|1860|1770|1400|0|1|6000|0|0|0|0|0
S|IBLAN|51308889|71105556| |TF|1|0|0|0|0|0|0|10000|0|0|0|0|0
S|DIDAL|51485556|69914722| |TF|0|0|0|0|0|0|3|24000|12000|0|0|0|0

P|DIDA5E|04|DIDAL|0|4
S|D035E|51060375|71526842|AST|CF|0|3500|500|3500|400|0|1|1800|0|0|0|0|0
S|ASDET|51275944|71662889|AST|CF|0|1100|1860|1770|1400|0|1|6000|0|0|0|0|0
S|IBLAN|51308889|71105556| |TF|1|0|0|0|0|0|1|14000|0|0|0|0|0
S|DIDAL|51485556|69914722| |TF|0|0|0|0|0|0|3|24000|12000|0|0|0|0

P|EDAN5E|04|EDANO|0|3
S|D035E|51060375|71526842|AST|CF|0|3500|500|3500|400|0|1|1800|0|0|0|0|0
S|ASDET|51275944|71662889|AST|CF|0|1100|1860|1770|1400|0|1|6000|0|0|0|0|0
S|EDANO|51149444|72967778| |TF|0|0|0|0|0|0|3|24000|12000|0|0|0|0

P|EDAN5G|22|EDANO|0|3
S|D215C|50966450|71377164|AST|CF|0|21500|300|21540|400|0|1|1800|0|1|0|0|0
S| |91000000|181000000| |CI|1|9400|0|0|0|0|0|0|0|0|0|0|0
S|EDANO|51149444|72967778|AST|CF|0|6400|5870|7070|5800|0|3|24000|12000|0|0|0|0

P|GURP4E|04|GURPI|0|4
S|D035E|51060375|71526842|AST|CF|0|3500|500|3500|400|0|1|1800|0|0|0|0|0
S| |91000000|181000000| |CI|2|21800|0|0|0|0|0|0|0|0|0|0|0
S|SUTUR|50310278|71287222|AST|CF|0|17800|4190|17770|3700|0|0|0|0|0|0|0|0
S|GURPI|49938333|71210000| |TF|0|0|0|0|0|0|3|24000|12000|0|0|0|0

P|KODO1B|22|KODOL|0|4
S|CC280|50963922|71374822|AST|CF|0|21400|320|21450|500|250|1|2000|0|1|0|0|0
S|CC284|50999619|71021106| |DF|0|0|0|0|0|0|2|14000|0|0|0|0|0
S|CC286|51026519|70863114| |TF|0|0|0|0|0|0|1|6100|0|0|0|0|0
S|KODOL|51277222|69947500| |TF|0|0|0|0|0|0|1|13000|0|0|0|0|0

P|KODO6G|22|KODOL|0|3
S|D215C|50966450|71377164|AST|CF|0|21500|300|21540|400|0|1|1800|0|1|0|0|0
S| |91000000|181000000| |CI|2|31700|0|0|0|0|0|0|0|0|0|0|0
S|KODOL|51277222|69947500|AST|CF|0|27700|5850|27700|5200|0|3|24000|12000|0|0|0|0

P|KODO6H|22|KODOL|0|4
S|D215C|50966450|71377164|AST|CF|0|21500|300|21540|400|0|1|1800|0|1|0|0|0
S| |91000000|181000000| |CI|0|28100|0|0|0|0|0|0|0|0|0|0|0
S|APTUS|50932778|70766944|AST|CF|0|25100|2560|25100|1900|0|1|9000|0|0|0|0|0
S|KODOL|51277222|69947500| |TF|0|0|0|0|0|0|3|24000|12000|0|0|0|0

P|KOKO1B|22|KOKON|0|4
S|CC281|50925678|71315394|AST|CF|0|21400|640|21450|900|250|1|2600|0|0|0|0|0
S|CC289|50806669|71131400| |TF|0|0|0|0|0|0|1|4600|0|0|0|0|0
S|CC282|50700833|70969167| |TF|0|0|0|0|0|0|1|6400|0|0|0|0|0
S|KOKON|50166111|70435833| |TF|0|0|0|0|0|0|1|14000|0|0|0|0|0

P|KOKO2A|04|KOKON|0|6
S| |91000000|181000000| |CA|0|3500|0|0|0|0|1|1800|0|0|0|0|0
S|CC480|50983961|71701669| |DF|0|0|0|0|0|210|1|4500|0|0|0|0|0
S|CC484|50822781|71377053| |TF|2|0|0|0|0|0|1|8900|0|0|0|0|0
S|CC486|50715744|71211689| |TF|0|0|0|0|0|250|1|12000|0|0|0|0|0
S|CC488|50559458|70972589| |TF|0|0|0|0|0|0|1|13000|0|0|0|0|0
S|KOKON|50166111|70435833| |TF|0|0|0|0|0|0|1|18000|0|0|0|0|0

P|KOKO5E|04|KOKON|0|5
S|D035E|51060375|71526842|AST|CF|0|3500|500|3500|400|0|1|1800|0|0|0|0|0
S| |91000000|181000000| |CI|2|24700|0|0|0|0|0|0|0|0|0|0|0
S|LIGMO|50760833|71143611|AST|CF|0|20800|1820|20740|1600|0|1|10000|0|0|0|0|0
S|BASPA|50362222|70666944| |TF|0|0|0|0|0|0|0|0|0|0|0|0|0
S|KOKON|50166111|70435833| |TF|0|0|0|0|0|0|3|24000|12000|0|0|0|0

P|KOKO5G|22|KOKON|0|4
S|D215C|50966450|71377164|AST|CF|0|21500|300|21540|400|0|1|1800|0|1|0|0|0
S|LIGMO|50760833|71143611|AST|CF|0|20600|1820|20740|1600|0|3|7000|6000|0|0|0|0
S|BASPA|50362222|70666944| |TF|0|0|0|0|0|0|0|0|0|0|0|0|0
S|KOKON|50166111|70435833| |TF|0|0|0|0|0|0|3|24000|12000|0|0|0|0

P|KOLU6G|22|KOLUR|0|4
S|D215C|50966450|71377164|AST|CF|0|21500|300|21540|400|0|1|1800|0|1|0|0|0
S| |91000000|181000000| |CI|2|35600|0|0|0|0|0|0|0|0|0|0|0
S|IBLAN|51308889|71105556|AST|CF|0|31600|2220|31630|1500|0|3|10000|9000|0|0|0|0
S|KOLUR|51983611|70684167| |TF|0|0|0|0|0|0|3|24000|12000|0|0|0|0

P|OLGA1A|04|OLGAS|0|3
S|CC471|51082597|71559961|AST|CF|0|3500|680|3450|500|0|1|2000|0|0|0|0|0
S|CC472|51209311|71610325| |TF|0|0|0|0|0|240|1|3600|0|0|0|0|0
S|OLGAS|52086111|71751944| |TF|0|0|0|0|0|0|1|14000|0|0|0|0|0

P|OLGA2B|22|OLGAS|0|5
S|CC281|50925678|71315394|AST|CF|0|21400|640|21450|900|0|1|2700|0|0|0|0|0
S|CC283|50856842|71426186| |TF|0|0|0|0|0|0|1|4000|0|0|0|0|0
S|CC285|51095467|71802658| |TF|0|0|0|0|0|250|1|9200|0|0|0|0|0
S|CC287|51213383|71988817| |TF|0|0|0|0|0|0|1|12000|0|0|0|0|0
S|OLGAS|52086111|71751944| |TF|0|0|0|0|0|0|1|22000|0|0|0|0|0

P|OLGA5E|04|OLGAS|0|3
S|D035E|51060375|71526842|AST|CF|0|3500|500|3500|400|0|1|1800|0|0|0|0|0
S|ASDET|51275944|71662889|AST|CF|0|1100|1860|1770|1400|0|1|6000|0|0|0|0|0
S|OLGAS|52086111|71751944| |TF|0|0|0|0|0|0|3|24000|12000|0|0|0|0

P|OLGA6G|22|OLGAS|0|4
S|D215C|50966450|71377164|AST|CF|0|21500|300|21540|400|0|1|1800|0|1|0|0|0
S| |91000000|181000000| |CI|2|35600|0|0|0|0|0|0|0|0|0|0|0
S|IBLAN|51308889|71105556|AST|CF|0|31600|2220|31630|1500|0|3|10000|9000|0|0|0|0
S|OLGAS|52086111|71751944| |TF|0|0|0|0|0|0|3|24000|12000|0|0|0|0

P|OSRO1B|22|OSROL|0|4
S|CC280|50963922|71374822|AST|CF|0|21400|320|21450|500|250|1|2000|0|1|0|0|0
S|CC284|50999619|71021106| |DF|0|0|0|0|0|0|2|14000|0|0|0|0|0
S|CC286|51026519|70863114| |TF|0|0|0|0|0|0|1|6100|0|0|0|0|0
S|OSROL|50805000|70020000| |TF|0|0|0|0|0|0|1|13000|0|0|0|0|0

P|OSRO6E|04|OSROL|0|4
S|D035E|51060375|71526842|AST|CF|0|3500|500|3500|400|0|1|1800|0|1|0|0|0
S|AST|51001556|71433444| |DF|2|0|0|0|0|0|1|6000|0|0|0|0|0
S|APTUS|50932778|70766944| |TF|0|0|0|0|0|0|1|10000|0|0|0|0|0
S|OSROL|50805000|70020000| |TF|0|0|0|0|0|0|3|24000|13000|0|0|0|0

P|OSRO7G|22|OSROL|0|4
S|D215C|50966450|71377164|AST|CF|0|21500|300|21540|400|0|1|1800|0|1|0|0|0
S| |91000000|181000000| |CI|0|28100|0|0|0|0|0|0|0|0|0|0|0
S|APTUS|50932778|70766944|AST|CF|0|25100|2560|25100|1900|0|1|9000|0|0|0|0|0
S|OSROL|50805000|70020000| |TF|0|0|0|0|0|0|3|24000|13000|0|0|0|0

P|VAGE5E|04|VAGEM|0|3
S|D035E|51060375|71526842|AST|CF|0|3500|500|3500|400|0|1|1800|0|0|0|0|0
S|ASDET|51275944|71662889|AST|CF|0|1100|1860|1770|1400|0|1|6000|0|0|0|0|0
S|VAGEM|52033056|71020556| |TF|0|0|0|0|0|0|3|24000|12000|0|0|0|0

P|VAGE6G|22|VAGEM|0|4
S|D215C|50966450|71377164|AST|CF|0|21500|300|21540|400|0|1|1800|0|1|0|0|0
S| |91000000|181000000| |CI|2|35600|0|0|0|0|0|0|0|0|0|0|0
S|IBLAN|51308889|71105556|AST|CF|0|31600|2220|31630|1500|0|3|10000|9000|0|0|0|0
S|VAGEM|52033056|71020556| |TF|0|0|0|0|0|0|3|24000|12000|0|0|0|0

P|VETU2A|04|VETUB|0|6
S| |91000000|181000000| |CA|0|3500|0|0|0|0|1|1800|0|0|0|0|0
S|CC480|50983961|71701669| |DF|0|0|0|0|0|210|1|4500|0|0|0|0|0
S|CC484|50822781|71377053| |TF|2|0|0|0|0|0|1|8900|0|0|0|0|0
S|CC486|50715744|71211689| |TF|0|0|0|0|0|250|1|12000|0|0|0|0|0
S|CC488|50559458|70972589| |TF|0|0|0|0|0|0|1|13000|0|0|0|0|0
S|VETUB|50685278|70213889| |TF|0|0|0|0|0|0|1|18000|0|0|0|0|0

P|VETU5E|04|VETUB|0|4
S|D035E|51060375|71526842|AST|CF|0|3500|500|3500|400|0|1|1800|0|1|0|0|0
S|AST|51001556|71433444| |DF|2|0|0|0|0|0|1|6000|0|0|0|0|0
S|APTUS|50932778|70766944| |TF|0|0|0|0|0|0|1|10000|0|0|0|0|0
S|VETUB|50685278|70213889| |TF|0|0|0|0|0|0|3|24000|13000|0|0|0|0

P|VETU7G|22|VETUB|0|4
S|D215C|50966450|71377164|AST|CF|0|21500|300|21540|400|0|1|1800|0|1|0|0|0
S| |91000000|181000000| |CI|0|28100|0|0|0|0|0|0|0|0|0|0|0
S|APTUS|50932778|70766944|AST|CF|0|25100|2560|25100|1900|0|1|9000|0|0|0|0|0
S|VETUB|50685278|70213889| |TF|0|0|0|0|0|0|3|24000|13000|0|0|0|0

