P|ABEL3G|03|ABELI|0|5
S| |91000000|181000000| |CA|0|3400|0|0|0|0|1|2000|0|0|0|0|0
S| |91000000|181000000|PVL|CD|0|3400|0|0|800|0|0|0|0|0|0|0|0
S| |91000000|181000000| |CI|1|19400|0|0|0|0|0|0|0|0|0|0|0
S|PVL|52209611|77095028| |IF|0|0|0|0|0|0|0|0|0|0|0|0|0
S|ABELI|51590000|75220000| |TF|0|0|0|0|0|0|0|0|0|0|0|0|0

P|ABEL3H|21|ABELI|0|5
S| |91000000|181000000| |CA|0|21400|0|0|0|0|1|2500|0|0|0|0|0
S| |91000000|181000000|PVL|CD|0|21400|0|0|1300|0|0|0|0|0|0|0|0
S| |91000000|181000000| |CI|0|26400|0|0|0|0|0|0|0|0|0|0|0
S|PVL|52209611|77095028| |IF|0|0|0|0|0|0|0|0|0|0|0|0|0
S|ABELI|51590000|75220000| |TF|0|0|0|0|0|0|0|0|0|0|0|0|0

P|ADAS3G|03|ADASA|0|5
S| |91000000|181000000| |CA|0|3400|0|0|0|0|1|2000|0|0|0|0|0
S| |91000000|181000000|PVL|CD|0|3400|0|0|800|0|0|0|0|0|0|0|0
S| |91000000|181000000| |CI|1|24800|0|0|0|0|0|0|0|0|0|0|0
S|PVL|52209611|77095028| |IF|0|0|0|0|0|0|0|0|0|0|0|0|0
S|ADASA|52771667|75243333| |TF|0|0|0|0|0|0|0|0|0|0|0|0|0

P|ADAS3H|21|ADASA|0|4
S| |91000000|181000000| |CA|0|21400|0|0|0|0|1|2500|0|0|0|0|0
S| |91000000|181000000|PVL|CD|0|21400|0|0|1300|0|0|0|0|0|0|0|0
S| |91000000|181000000| |CI|2|32800|0|0|0|0|0|0|0|0|0|0|0
S|ADASA|52771667|75243333|PVL|CF|0|28800|7580|28820|5700|0|0|0|0|0|0|0|0

P|ADOD3G|03|ADODA|0|5
S| |91000000|181000000| |CA|0|3400|0|0|0|0|1|2000|0|0|0|0|0
S| |91000000|181000000|PVL|CD|0|3400|0|0|800|0|0|0|0|0|0|0|0
S| |91000000|181000000| |CI|1|23700|0|0|0|0|0|0|0|0|0|0|0
S|PVL|52209611|77095028| |IF|0|0|0|0|0|0|0|0|0|0|0|0|0
S|ADODA|52541667|75098333| |TF|0|0|0|0|0|0|0|0|0|0|0|0|0

P|ADOD3H|21|ADODA|0|4
S| |91000000|181000000| |CA|0|21400|0|0|0|0|1|2500|0|0|0|0|0
S| |91000000|181000000|PVL|CD|0|21400|0|0|1300|0|0|0|0|0|0|0|0
S| |91000000|181000000| |CI|2|31700|0|0|0|0|0|0|0|0|0|0|0
S|ADODA|52541667|75098333|PVL|CF|0|27700|7610|27700|5500|0|0|0|0|0|0|0|0

P|BAGN3G|03|BAGNU|0|4
S| |91000000|181000000| |CA|0|3400|0|0|0|0|1|2000|0|0|0|0|0
S| |91000000|181000000|PVL|CD|0|3400|0|0|800|0|0|0|0|0|0|0|0
S| |91000000|181000000| |CI|1|27300|0|0|0|0|0|0|0|0|0|0|0
S|BAGNU|53122222|75884444|PVL|CF|0|31300|7040|31260|5700|0|0|0|0|0|0|0|0

P|BAGN3H|21|BAGNU|0|4
S| |91000000|181000000| |CA|0|21400|0|0|0|0|1|2500|0|0|0|0|0
S| |91000000|181000000|PVL|CD|0|21400|0|0|1300|0|0|0|0|0|0|0|0
S| |91000000|181000000| |CI|2|35300|0|0|0|0|0|0|0|0|0|0|0
S|BAGNU|53122222|75884444|PVL|CF|0|31300|7040|31260|5700|0|0|0|0|0|0|0|0

P|DOSA3G|03|DOSAK|0|4
S| |91000000|181000000| |CA|0|3400|0|0|0|0|1|1000|0|0|0|0|0
S| |91000000|181000000|PVL|CD|0|3400|0|0|300|0|0|0|0|0|0|0|0
S| |91000000|181000000| |CI|2|13700|0|0|0|0|0|0|0|0|0|0|0
S|DOSAK|52012222|78203333|PVL|CF|0|9700|4270|9670|3400|0|0|0|0|0|0|0|0

P|DOSA3H|21|DOSAK|0|4
S| |91000000|181000000| |CA|0|21400|0|0|0|0|1|1000|0|0|0|0|0
S| |91000000|181000000|PVL|CD|0|21400|0|0|550|0|0|0|0|0|0|0|0
S| |91000000|181000000| |CI|1|5700|0|0|0|0|0|0|0|0|0|0|0
S|DOSAK|52012222|78203333|PVL|CF|0|9700|4270|9670|3400|0|0|0|0|0|0|0|0

P|GOBS3G|03|GOBSO|0|5
S| |91000000|181000000| |CA|0|3400|0|0|0|0|1|1000|0|0|0|0|0
S| |91000000|181000000|PVL|CD|0|3400|0|0|300|0|0|0|0|0|0|0|0
S| |91000000|181000000| |CI|2|22500|0|0|0|0|0|0|0|0|0|0|0
S|PVL|52209611|77095028| |IF|0|0|0|0|0|0|0|0|0|0|0|0|0
S|GOBSO|50923056|76589167| |TF|0|0|0|0|0|0|0|0|0|0|0|0|0

P|GOBS3H|21|GOBSO|0|5
S| |91000000|181000000| |CA|0|21400|0|0|0|0|1|1000|0|0|0|0|0
S| |91000000|181000000|PVL|CD|0|21400|0|0|550|0|0|0|0|0|0|0|0
S| |91000000|181000000| |CI|0|15500|0|0|0|0|0|0|0|0|0|0|0
S|PVL|52209611|77095028| |IF|0|0|0|0|0|0|0|0|0|0|0|0|0
S|GOBSO|50923056|76589167| |TF|0|0|0|0|0|0|0|0|0|0|0|0|0

P|KEKA3G|03|KEKAM|0|4
S| |91000000|181000000| |CA|0|3400|0|0|0|0|1|1000|0|0|0|0|0
S| |91000000|181000000|PVL|CD|0|3400|0|0|300|0|0|0|0|0|0|0|0
S| |91000000|181000000| |CI|2|20400|0|0|0|0|0|0|0|0|0|0|0
S|KEKAM|51383333|77258056|PVL|CF|0|16400|5000|16400|4400|0|0|0|0|0|0|0|0

P|KEKA3H|21|KEKAM|0|4
S| |91000000|181000000| |CA|0|21400|0|0|0|0|1|1000|0|0|0|0|0
S| |91000000|181000000|PVL|CD|0|21400|0|0|550|0|0|0|0|0|0|0|0
S| |91000000|181000000| |CI|0|12400|0|0|0|0|0|0|0|0|0|0|0
S|KEKAM|51383333|77258056|PVL|CF|0|16400|5000|16400|4000|0|0|0|0|0|0|0|0

P|PIVA3G|03|PIVAL|0|4
S| |91000000|181000000| |CA|0|3400|0|0|0|0|1|1000|0|0|0|0|0
S| |91000000|181000000|PVL|CD|0|3400|0|0|300|0|0|0|0|0|0|0|0
S| |91000000|181000000| |CI|2|16500|0|0|0|0|0|0|0|0|0|0|0
S|PIVAL|51763611|77847222|PVL|CF|0|12500|3870|12450|3000|0|0|0|0|0|0|0|0

P|PIVA3H|21|PIVAL|0|4
S| |91000000|181000000| |CA|0|21400|0|0|0|0|1|1000|0|0|0|0|0
S| |91000000|181000000|PVL|CD|0|21400|0|0|550|0|0|0|0|0|0|0|0
S| |91000000|181000000| |CI|1|8500|0|0|0|0|0|0|0|0|0|0|0
S|PIVAL|51763611|77847222|PVL|CF|0|12500|3870|12450|2800|0|0|0|0|0|0|0|0

P|ROHI1G|03|ROHIL|0|5
S| |91000000|181000000| |CA|0|3400|0|0|0|0|1|1000|0|0|0|0|0
S| |91000000|181000000|PVL|CD|0|3400|0|0|300|0|0|0|0|0|0|0|0
S| |91000000|181000000| |CI|2|25600|0|0|0|0|0|0|0|0|0|0|0
S|PVL|52209611|77095028| |IF|0|0|0|0|0|0|0|0|0|0|0|0|0
S|ROHIL|51293889|75676111| |TF|0|0|0|0|0|0|0|0|0|0|0|0|0

P|ROHI1H|21|ROHIL|0|3
S| |91000000|181000000| |CA|0|21400|0|0|0|0|1|2500|0|0|0|0|0
S| |91000000|181000000|PVL|CD|0|21400|0|0|1300|0|0|0|0|0|0|0|0
S|ROHIL|51293889|75676111|PVL|CF|0|21600|7630|21540|6300|0|0|0|0|0|0|0|0

