P|AGDA1C|17|AGDAM|0|5
S|BB100|40382778|50064444|BAK|CF|0|17300|230|17350|450|0|1|1000|0|1|0|0|0
S|BB101|40283611|49989722| |DF|0|0|0|0|0|0|0|0|0|0|0|0|0
S|BB103|40277222|49708889| |TF|0|0|0|0|0|0|0|8000|0|0|0|0|0
S|BB105|40270278|49438889| |TF|0|0|0|0|0|0|1|11000|0|0|0|0|0
S|AGDAM|40264444|49221389| |TF|0|0|0|0|0|0|1|12000|0|0|0|0|0

P|AGDA1D|35|AGDAM|0|6
S|BB400|40485278|50062778|BAK|CF|0|35300|390|35320|100|0|0|0|0|1|0|0|0
S|BB401|40614722|50032778|BAK|CF|0|34400|1170|34700|780|0|1|1500|0|0|0|0|0
S|BB107|40618333|49768056| |TF|0|0|0|0|0|0|0|8000|0|0|0|0|0
S|BB103|40277222|49708889| |TF|0|0|0|0|0|0|0|8000|0|0|0|0|0
S|BB105|40270278|49438889| |TF|0|0|0|0|0|0|1|12000|0|0|0|0|0
S|AGDAM|40264444|49221389| |TF|0|0|0|0|0|0|1|14000|0|0|0|0|0

P|AGDA2A|16|AGDAM|0|5
S|BB100|40382778|50064444|BAK|CF|0|16100|230|17350|450|0|1|1000|0|1|0|0|0
S|BB101|40283611|49989722| |DF|0|0|0|0|0|0|0|0|0|0|0|0|0
S|BB103|40277222|49708889| |TF|0|0|0|0|0|0|0|8000|0|0|0|0|0
S|BB105|40270278|49438889| |TF|0|0|0|0|0|0|1|11000|0|0|0|0|0
S|AGDAM|40264444|49221389| |TF|0|0|0|0|0|0|1|12000|0|0|0|0|0

P|AGDA2B|34|AGDAM|0|5
S|BB200|40619444|49990000|BAK|CF|0|34100|1240|33820|790|0|1|1500|0|0|0|0|0
S|BB107|40618333|49768056| |TF|0|0|0|0|0|0|0|8000|0|0|0|0|0
S|BB103|40277222|49708889| |TF|0|0|0|0|0|0|0|8000|0|0|0|0|0
S|BB105|40270278|49438889| |TF|0|0|0|0|0|0|1|12000|0|0|0|0|0
S|AGDAM|40264444|49221389| |TF|0|0|0|0|0|0|1|14000|0|0|0|0|0

P|AGDA2D|35|AGDAM|0|7
S|BB400|40485278|50062778|BAK|CF|0|35300|390|35320|100|0|0|0|0|1|0|0|0
S|BB401|40614722|50032778|BAK|CF|0|34400|1170|34700|780|0|1|1500|0|0|0|0|0
S|BB201|40587500|50298056| |TF|2|0|0|0|0|0|2|8000|0|0|0|0|0
S|BB203|40531667|50450278| |TF|0|0|0|0|0|0|0|0|0|0|0|0|0
S|BB204|40240278|50450278| |TF|0|0|0|0|0|0|1|12000|0|0|0|0|0
S|BB105|40270278|49438889| |TF|0|0|0|0|0|0|0|0|0|0|0|0|0
S|AGDAM|40264444|49221389| |TF|0|0|0|0|0|0|1|14000|0|0|0|0|0

P|AGDA3B|34|AGDAM|0|6
S|BB200|40619444|49990000|BAK|CF|0|34100|1240|33820|790|0|1|1500|0|0|0|0|0
S|BB201|40587500|50298056| |TF|2|0|0|0|0|0|2|8000|0|0|0|0|0
S|BB203|40531667|50450278| |TF|0|0|0|0|0|0|0|0|0|0|0|0|0
S|BB204|40240278|50450278| |TF|0|0|0|0|0|0|1|12000|0|0|0|0|0
S|BB105|40270278|49438889| |TF|0|0|0|0|0|0|1|12000|0|0|0|0|0
S|AGDAM|40264444|49221389| |TF|0|0|0|0|0|0|1|14000|0|0|0|0|0

P|BAMA1A|16|BAMAK|0|2
S|BB100|40382778|50064444|BAK|CF|0|16100|230|17350|450|0|1|1000|0|1|0|0|0
S|BAMAK|39805833|50136944| |TF|0|0|0|0|0|0|1|12000|0|0|0|0|0

P|BAMA1B|34|BAMAK|0|5
S|BB200|40619444|49990000|BAK|CF|0|34100|1240|33820|790|0|1|1500|0|0|0|0|0
S|BB201|40587500|50298056| |TF|2|0|0|0|0|0|2|8000|0|0|0|0|0
S|BB203|40531667|50450278| |TF|0|0|0|0|0|0|0|0|0|0|0|0|0
S|BB204|40240278|50450278| |TF|0|0|0|0|0|0|1|12000|0|0|0|0|0
S|BAMAK|39805833|50136944| |TF|0|0|0|0|0|0|1|14000|0|0|0|0|0

P|BAMA1C|17|BAMAK|0|2
S|BB100|40382778|50064444|BAK|CF|0|17300|230|17350|450|0|1|1000|0|1|0|0|0
S|BAMAK|39805833|50136944| |TF|0|0|0|0|0|0|1|12000|0|0|0|0|0

P|BAMA1D|35|BAMAK|0|6
S|BB400|40485278|50062778|BAK|CF|0|35300|390|35320|100|0|0|0|0|1|0|0|0
S|BB401|40614722|50032778|BAK|CF|0|34400|1170|34700|780|0|1|1500|0|0|0|0|0
S|BB201|40587500|50298056| |TF|2|0|0|0|0|0|2|8000|0|0|0|0|0
S|BB203|40531667|50450278| |TF|0|0|0|0|0|0|0|0|0|0|0|0|0
S|BB204|40240278|50450278| |TF|0|0|0|0|0|0|1|12000|0|0|0|0|0
S|BAMAK|39805833|50136944| |TF|0|0|0|0|0|0|1|14000|0|0|0|0|0

P|BETE1B|34|BETEK|0|4
S|BB200|40619444|49990000|BAK|CF|0|34100|1240|33820|790|0|1|1500|0|0|0|0|0
S|BB201|40587500|50298056| |TF|2|0|0|0|0|0|2|8000|0|0|0|0|0
S|BB202|40645556|50430833| |TF|0|0|0|0|0|0|0|0|0|0|0|0|0
S|BETEK|41024444|50548889| |TF|0|0|0|0|0|0|1|12000|0|0|0|0|0

P|BETE1C|17|BETEK|0|6
S|BB100|40382778|50064444|BAK|CF|0|17300|230|17350|450|0|1|1000|0|1|0|0|0
S|BB102|40284722|50163889| |DF|0|0|0|0|0|0|0|0|0|0|0|0|0
S|BB104|40282778|50298056| |TF|0|0|0|0|0|0|2|8000|0|0|0|0|0
S|BB106|40302500|50450278| |TF|0|0|0|0|0|0|0|0|0|0|0|0|0
S|BB108|40630556|50450278| |TF|0|0|0|0|0|0|1|11000|0|0|0|0|0
S|BETEK|41024444|50548889| |TF|0|0|0|0|0|0|1|14000|0|0|0|0|0

P|BETE1D|35|BETEK|0|5
S|BB400|40485278|50062778|BAK|CF|0|35300|390|35320|100|0|0|0|0|1|0|0|0
S|BB401|40614722|50032778|BAK|CF|0|34400|1170|34700|780|0|1|1500|0|0|0|0|0
S|BB201|40587500|50298056| |TF|2|0|0|0|0|0|2|8000|0|0|0|0|0
S|BB202|40645556|50430833| |TF|0|0|0|0|0|0|0|0|0|0|0|0|0
S|BETEK|41024444|50548889| |TF|0|0|0|0|0|0|1|12000|0|0|0|0|0

P|BETE2A|16|BETEK|0|6
S|BB100|40382778|50064444|BAK|CF|0|16100|230|17350|450|0|1|1000|0|1|0|0|0
S|BB102|40284722|50163889| |DF|0|0|0|0|0|0|0|0|0|0|0|0|0
S|BB104|40282778|50298056| |TF|0|0|0|0|0|0|2|8000|0|0|0|0|0
S|BB106|40302500|50450278| |TF|0|0|0|0|0|0|0|0|0|0|0|0|0
S|BB108|40630556|50450278| |TF|0|0|0|0|0|0|1|11000|0|0|0|0|0
S|BETEK|41024444|50548889| |TF|0|0|0|0|0|0|1|14000|0|0|0|0|0

P|EKRA1A|16|EKRAM|0|6
S|BB100|40382778|50064444|BAK|CF|0|16100|230|17350|450|0|1|1000|0|1|0|0|0
S|BB102|40284722|50163889| |DF|0|0|0|0|0|0|0|0|0|0|0|0|0
S|BB104|40282778|50298056| |TF|0|0|0|0|0|0|2|8000|0|0|0|0|0
S|BB106|40302500|50450278| |TF|0|0|0|0|0|0|0|0|0|0|0|0|0
S|BB108|40630556|50450278| |TF|0|0|0|0|0|0|1|11000|0|0|0|0|0
S|EKRAM|41138889|50012222| |TF|0|0|0|0|0|0|1|14000|0|0|0|0|0

P|EKRA1C|17|EKRAM|0|6
S|BB100|40382778|50064444|BAK|CF|0|17300|230|17350|450|0|1|1000|0|1|0|0|0
S|BB102|40284722|50163889| |DF|0|0|0|0|0|0|0|0|0|0|0|0|0
S|BB104|40282778|50298056| |TF|0|0|0|0|0|0|2|8000|0|0|0|0|0
S|BB106|40302500|50450278| |TF|0|0|0|0|0|0|0|0|0|0|0|0|0
S|BB108|40630556|50450278| |TF|0|0|0|0|0|0|1|11000|0|0|0|0|0
S|EKRAM|41138889|50012222| |TF|0|0|0|0|0|0|1|14000|0|0|0|0|0

P|EKRA1D|35|EKRAM|0|3
S|BB400|40485278|50062778|BAK|CF|0|35300|390|35320|100|0|0|0|0|1|0|0|0
S|BB401|40614722|50032778|BAK|CF|0|34400|1170|34700|780|0|1|1500|0|0|0|0|0
S|EKRAM|41138889|50012222| |TF|0|0|0|0|0|0|1|12000|0|0|0|0|0

P|EKRA2B|34|EKRAM|0|2
S|BB200|40619444|49990000|BAK|CF|0|34100|1240|33820|790|0|1|1500|0|0|0|0|0
S|EKRAM|41138889|50012222| |TF|0|0|0|0|0|0|1|12000|0|0|0|0|0

P|GILA1C|17|GILAB|0|5
S|BB100|40382778|50064444|BAK|CF|0|17300|230|17350|450|0|1|1000|0|1|0|0|0
S|BB101|40283611|49989722| |DF|0|0|0|0|0|0|0|0|0|0|0|0|0
S|BB103|40277222|49708889| |TF|0|0|0|0|0|0|0|8000|0|0|0|0|0
S|BB105|40270278|49438889| |TF|0|0|0|0|0|0|1|11000|0|0|0|0|0
S|GILAB|40188333|49260833| |TF|0|0|0|0|0|0|1|12000|0|0|0|0|0

P|GILA1D|35|GILAB|0|6
S|BB400|40485278|50062778|BAK|CF|0|35300|390|35320|100|0|0|0|0|1|0|0|0
S|BB401|40614722|50032778|BAK|CF|0|34400|1170|34700|780|0|1|1500|0|0|0|0|0
S|BB107|40618333|49768056| |TF|0|0|0|0|0|0|0|8000|0|0|0|0|0
S|BB103|40277222|49708889| |TF|0|0|0|0|0|0|0|8000|0|0|0|0|0
S|BB105|40270278|49438889| |TF|0|0|0|0|0|0|1|12000|0|0|0|0|0
S|GILAB|40188333|49260833| |TF|0|0|0|0|0|0|1|14000|0|0|0|0|0

P|GILA2A|16|GILAB|0|5
S|BB100|40382778|50064444|BAK|CF|0|16100|230|17350|450|0|1|1000|0|1|0|0|0
S|BB101|40283611|49989722| |DF|0|0|0|0|0|0|0|0|0|0|0|0|0
S|BB103|40277222|49708889| |TF|0|0|0|0|0|0|0|8000|0|0|0|0|0
S|BB105|40270278|49438889| |TF|0|0|0|0|0|0|1|11000|0|0|0|0|0
S|GILAB|40188333|49260833| |TF|0|0|0|0|0|0|1|12000|0|0|0|0|0

P|GILA2B|34|GILAB|0|5
S|BB200|40619444|49990000|BAK|CF|0|34100|1240|33820|790|0|1|1500|0|0|0|0|0
S|BB107|40618333|49768056| |TF|0|0|0|0|0|0|0|8000|0|0|0|0|0
S|BB103|40277222|49708889| |TF|0|0|0|0|0|0|0|8000|0|0|0|0|0
S|BB105|40270278|49438889| |TF|0|0|0|0|0|0|1|12000|0|0|0|0|0
S|GILAB|40188333|49260833| |TF|0|0|0|0|0|0|1|14000|0|0|0|0|0

P|GILA2D|35|GILAB|0|7
S|BB400|40485278|50062778|BAK|CF|0|35300|390|35320|100|0|0|0|0|1|0|0|0
S|BB401|40614722|50032778|BAK|CF|0|34400|1170|34700|780|0|1|1500|0|0|0|0|0
S|BB201|40587500|50298056| |TF|2|0|0|0|0|0|2|8000|0|0|0|0|0
S|BB203|40531667|50450278| |TF|0|0|0|0|0|0|0|0|0|0|0|0|0
S|BB204|40240278|50450278| |TF|0|0|0|0|0|0|1|12000|0|0|0|0|0
S|BB105|40270278|49438889| |TF|0|0|0|0|0|0|0|0|0|0|0|0|0
S|GILAB|40188333|49260833| |TF|0|0|0|0|0|0|1|14000|0|0|0|0|0

P|GILA3B|34|GILAB|0|6
S|BB200|40619444|49990000|BAK|CF|0|34100|1240|33820|790|0|1|1500|0|0|0|0|0
S|BB201|40587500|50298056| |TF|2|0|0|0|0|0|2|8000|0|0|0|0|0
S|BB203|40531667|50450278| |TF|0|0|0|0|0|0|0|0|0|0|0|0|0
S|BB204|40240278|50450278| |TF|0|0|0|0|0|0|1|12000|0|0|0|0|0
S|BB105|40270278|49438889| |TF|0|0|0|0|0|0|1|12000|0|0|0|0|0
S|GILAB|40188333|49260833| |TF|0|0|0|0|0|0|1|14000|0|0|0|0|0

P|NAMA1A|16|NAMAS|0|5
S|BB100|40382778|50064444|BAK|CF|0|16100|230|17350|450|0|1|1000|0|1|0|0|0
S|BB102|40284722|50163889| |DF|0|0|0|0|0|0|0|0|0|0|0|0|0
S|BB104|40282778|50298056| |TF|0|0|0|0|0|0|2|8000|0|0|0|0|0
S|BB106|40302500|50450278| |TF|0|0|0|0|0|0|0|0|0|0|0|0|0
S|NAMAS|40361111|50912500| |TF|0|0|0|0|0|0|1|12000|0|0|0|0|0

P|NAMA1B|34|NAMAS|0|4
S|BB200|40619444|49990000|BAK|CF|0|34100|1240|33820|790|0|1|1500|0|0|0|0|0
S|BB201|40587500|50298056| |TF|2|0|0|0|0|0|2|8000|0|0|0|0|0
S|BB203|40531667|50450278| |TF|0|0|0|0|0|0|0|0|0|0|0|0|0
S|NAMAS|40361111|50912500| |TF|0|0|0|0|0|0|1|14000|0|0|0|0|0

P|NAMA1C|17|NAMAS|0|5
S|BB100|40382778|50064444|BAK|CF|0|17300|230|17350|450|0|1|1000|0|1|0|0|0
S|BB102|40284722|50163889| |DF|0|0|0|0|0|0|0|0|0|0|0|0|0
S|BB104|40282778|50298056| |TF|0|0|0|0|0|0|2|8000|0|0|0|0|0
S|BB106|40302500|50450278| |TF|0|0|0|0|0|0|0|0|0|0|0|0|0
S|NAMAS|40361111|50912500| |TF|0|0|0|0|0|0|1|12000|0|0|0|0|0

P|NAMA1D|35|NAMAS|0|5
S|BB400|40485278|50062778|BAK|CF|0|35300|390|35320|100|0|0|0|0|1|0|0|0
S|BB401|40614722|50032778|BAK|CF|0|34400|1170|34700|780|0|1|1500|0|0|0|0|0
S|BB201|40587500|50298056| |TF|2|0|0|0|0|0|2|8000|0|0|0|0|0
S|BB203|40531667|50450278| |TF|0|0|0|0|0|0|0|0|0|0|0|0|0
S|NAMAS|40361111|50912500| |TF|0|0|0|0|0|0|1|14000|0|0|0|0|0

P|RASA1A|16|RASAM|0|5
S|BB100|40382778|50064444|BAK|CF|0|16100|230|17350|450|0|1|1000|0|1|0|0|0
S|BB101|40283611|49989722| |DF|0|0|0|0|0|0|0|0|0|0|0|0|0
S|BB103|40277222|49708889| |TF|0|0|0|0|0|0|0|8000|0|0|0|0|0
S|BB107|40618333|49768056| |TF|2|0|0|0|0|0|0|0|0|0|0|0|0
S|RASAM|40612500|49194167| |TF|1|0|0|0|0|0|1|14000|0|0|0|0|0

P|RASA1C|17|RASAM|0|5
S|BB100|40382778|50064444|BAK|CF|0|17300|230|17350|450|0|1|1000|0|1|0|0|0
S|BB101|40283611|49989722| |DF|0|0|0|0|0|0|0|0|0|0|0|0|0
S|BB103|40277222|49708889| |TF|0|0|0|0|0|0|0|8000|0|0|0|0|0
S|BB107|40618333|49768056| |TF|2|0|0|0|0|0|0|0|0|0|0|0|0
S|RASAM|40612500|49194167| |TF|1|0|0|0|0|0|1|14000|0|0|0|0|0

P|RASA1D|35|RASAM|0|4
S|BB400|40485278|50062778|BAK|CF|0|35300|390|35320|100|0|0|0|0|1|0|0|0
S|BB401|40614722|50032778|BAK|CF|0|34400|1170|34700|780|0|1|1500|0|0|0|0|0
S|BB107|40618333|49768056| |TF|0|0|0|0|0|0|0|8000|0|0|0|0|0
S|RASAM|40612500|49194167| |TF|0|0|0|0|0|0|1|14000|0|0|0|0|0

P|RASA2A|16|RASAM|0|7
S|BB100|40382778|50064444|BAK|CF|0|16100|230|17350|450|0|1|1000|0|1|0|0|0
S|BB102|40284722|50163889| |DF|0|0|0|0|0|0|0|0|0|0|0|0|0
S|BB104|40282778|50298056| |TF|0|0|0|0|0|0|2|8000|0|0|0|0|0
S|BB106|40302500|50450278| |TF|0|0|0|0|0|0|0|0|0|0|0|0|0
S|BB108|40630556|50450278| |TF|0|0|0|0|0|0|1|11000|0|0|0|0|0
S|BB107|40618333|49768056| |TF|1|0|0|0|0|0|0|0|0|0|0|0|0
S|RASAM|40612500|49194167| |TF|0|0|0|0|0|0|1|14000|0|0|0|0|0

P|RASA2B|34|RASAM|0|3
S|BB200|40619444|49990000|BAK|CF|0|34100|1240|33820|790|0|1|1500|0|0|0|0|0
S|BB107|40618333|49768056| |TF|0|0|0|0|0|0|0|8000|0|0|0|0|0
S|RASAM|40612500|49194167| |TF|0|0|0|0|0|0|1|14000|0|0|0|0|0

P|RASA2C|17|RASAM|0|7
S|BB100|40382778|50064444|BAK|CF|0|17300|230|17350|450|0|1|1000|0|1|0|0|0
S|BB102|40284722|50163889| |DF|0|0|0|0|0|0|0|0|0|0|0|0|0
S|BB104|40282778|50298056| |TF|0|0|0|0|0|0|2|8000|0|0|0|0|0
S|BB106|40302500|50450278| |TF|0|0|0|0|0|0|0|0|0|0|0|0|0
S|BB108|40630556|50450278| |TF|0|0|0|0|0|0|1|11000|0|0|0|0|0
S|BB107|40618333|49768056| |TF|0|0|0|0|0|0|0|0|0|0|0|0|0
S|RASAM|40612500|49194167| |TF|0|0|0|0|0|0|1|14000|0|0|0|0|0

