P|EDAT3A|12|EDATA|0|2
S|D121F|40690833|46396389|GND|CF|0|12100|590|12220|400|0|0|2100|0|1|0|0|0
S|EDATA|40606667|47183333|GND|CF|0|9000|4150|9500|3600|0|1|9000|0|0|0|0|0

P|EDAT3B|30|EDATA|0|3
S|GND|40753528|46295500| |DF|0|0|0|0|0|0|0|0|0|0|0|0|0
S| |91000000|181000000|GND|CD|0|30100|0|0|100|0|1|1500|0|0|0|0|0
S|EDATA|40606667|47183333|GND|CF|2|10100|4150|9500|4200|0|1|9000|0|0|0|0|0

P|MATA1B|30|MATAL|0|5
S| |91000000|181000000|GND|CD|0|30100|0|0|300|0|1|2000|0|0|0|0|0
S|GND|40753528|46295500| |DF|2|0|0|0|0|0|0|0|0|0|0|0|0
S|GND|40753528|46295500| |HA|2|26500|0|0|0|0|1|11000|0|0|0|0|0
S|D265P|40760956|45940331| |TF|0|0|0|0|0|0|1|14000|0|0|0|0|0
S|MATAL|40768611|45502222| |TF|0|0|0|0|0|0|1|16000|0|0|0|0|0

P|MATA2A|12|MATAL|0|5
S|D121F|40690833|46396389|GND|CF|0|12100|590|12220|400|0|0|2100|0|1|0|0|0
S|GND|40753528|46295500| |DF|1|0|0|0|0|0|0|0|0|0|0|0|0
S|GND|40753528|46295500| |HA|2|26500|0|0|0|0|1|11000|0|0|0|0|0
S|D265P|40760956|45940331| |TF|0|0|0|0|0|0|1|14000|0|0|0|0|0
S|MATAL|40768611|45502222| |TF|0|0|0|0|0|0|1|16000|0|0|0|0|0

P|PEMA1B|30|PEMAN|0|5
S| |91000000|181000000|GND|CD|0|30100|0|0|300|0|1|2000|0|0|0|0|0
S|GND|40753528|46295500| |DF|2|0|0|0|0|0|0|0|0|0|0|0|0
S|GND|40753528|46295500| |HA|2|26500|0|0|0|0|1|11000|0|0|0|0|0
S|D227Q|40588169|45995725| |TF|0|0|0|0|0|0|1|14000|0|0|0|0|0
S|PEMAN|40391111|45642222| |TF|0|0|0|0|0|0|1|16000|0|0|0|0|0

P|PEMA2A|12|PEMAN|0|5
S|D121F|40690833|46396389|GND|CF|0|12100|590|12220|400|0|0|2100|0|1|0|0|0
S|GND|40753528|46295500| |DF|1|0|0|0|0|0|0|0|0|0|0|0|0
S|GND|40753528|46295500| |HA|2|26500|0|0|0|0|1|11000|0|0|0|0|0
S|D227Q|40588169|45995725| |TF|0|0|0|0|0|0|1|14000|0|0|0|0|0
S|PEMAN|40391111|45642222| |TF|0|0|0|0|0|0|1|16000|0|0|0|0|0

P|POLA2B|30|POLAD|0|3
S|GND|40753528|46295500| |DF|0|0|0|0|0|0|0|0|0|0|0|0|0
S| |91000000|181000000|GND|CD|0|30100|0|0|100|0|1|1500|0|0|0|0|0
S|POLAD|40979167|47011667|GND|CF|2|6700|3530|6020|3400|0|1|5000|0|0|0|0|0

P|POLA3A|12|POLAD|0|2
S|D121F|40690833|46396389|GND|CF|0|12100|590|12220|400|0|0|2100|0|1|0|0|0
S|POLAD|40979167|47011667|GND|CF|0|4800|3530|6020|3100|0|1|5000|0|0|0|0|0

P|VERC1A|12|VERCA|0|4
S|D121F|40690833|46396389|GND|CF|0|12100|590|12220|400|0|0|2100|0|1|0|0|0
S|GND|40753528|46295500| |DF|1|0|0|0|0|0|0|0|0|0|0|0|0
S|GND|40753528|46295500| |HA|2|26500|0|0|0|0|1|11000|0|0|0|0|0
S|VERCA|41211667|45652500| |TF|0|0|0|0|0|0|1|15000|0|0|0|0|0

P|VERC1B|30|VERCA|0|2
S| |91000000|181000000| |CA|0|30100|0|0|0|0|1|1490|0|0|0|0|0
S|VERCA|41211667|45652500|GND|CF|0|30600|4010|30650|4000|0|1|15000|0|0|0|0|0

