P|GOSI3S|21|GOSIS|0|2
S|YE440|40098333|44445556|ZVR|CF|0|20500|570|11350|200|210|0|0|0|1|0|0|0
S|GOSIS|39947222|44986111| |DF|2|0|0|0|0|0|1|13000|0|0|0|0|0

P|INDU3S|21|INDUR|0|2
S|YE440|40098333|44445556|ZVR|CF|0|20500|570|11350|200|210|0|0|0|1|0|0|0
S|INDUR|40115556|43664722| |DF|0|0|0|0|0|0|1|14000|0|0|0|0|0

P|SEVA3S|21|SEVAN|0|3
S|YE440|40098333|44445556|ZVR|CF|0|20500|570|11350|200|210|0|0|0|1|0|0|0
S|YE470|40341111|44696389| |DF|2|0|0|0|0|0|1|13000|0|0|0|0|0
S|SEVAN|40534167|44954722| |TF|0|0|0|0|0|0|1|13000|0|0|0|0|0

P|TIBL3S|21|TIBLO|0|2
S|YE440|40098333|44445556|ZVR|CF|0|20500|570|11350|200|210|0|0|0|1|0|0|0
S|TIBLO|40385556|43891111| |DF|2|0|0|0|0|0|1|14000|0|0|0|0|0

