P|DF1D|31L|DF|0|2
S| |91000000|181000000| |VA|0|31000|0|0|0|0|1|5000|0|0|0|0|0
S|DF|41916667|44565556| |DF|0|0|0|0|0|0|1|9000|0|0|0|0|0

P|DF1E|13R|DF|0|3
S| |91000000|181000000| |CA|0|13200|0|0|0|0|1|2030|0|0|0|0|0
S| |91000000|181000000| |CA|0|12900|0|0|0|0|1|4000|0|0|0|0|0
S|DF|41916667|44565556| |DF|2|0|0|0|0|0|0|0|0|0|0|0|0

P|DISK1D|31L|DISKA|0|3
S| |91000000|181000000| |CA|0|31000|0|0|0|0|1|6500|0|0|0|0|0
S|TB200|41601111|45037500| |DF|2|0|0|0|0|0|0|0|0|0|0|0|0
S|DISKA|41463889|45292778| |TF|0|0|0|0|0|0|1|9000|0|0|0|0|0

P|DISK1E|13R|DISKA|0|2
S|TB203|41561111|45086944|TBS|CF|0|13000|910|12910|900|0|0|0|0|0|0|0|0
S|DISKA|41463889|45292778| |TF|0|0|0|0|0|0|1|6000|0|0|0|0|0

P|KUFA1D|31L|KUFAN|0|2
S| |91000000|181000000| |CA|0|31000|0|0|0|0|1|6500|0|0|0|0|0
S|KUFAN|41955000|46285556| |DF|2|0|0|0|0|0|1|17000|0|0|0|0|0

P|KUFA1E|13R|KUFAN|0|3
S|TB203|41561111|45086944|TBS|CF|0|13000|910|12910|900|0|0|0|0|0|0|0|0
S|TB204|41532500|45230833| |TF|0|0|0|0|0|0|0|0|0|0|0|0|0
S|KUFAN|41955000|46285556| |TF|0|0|0|0|0|0|1|17000|0|0|0|0|0

P|LAPT1D|31L|LAPTO|0|2
S| |91000000|181000000| |CA|0|31000|0|0|0|0|1|6000|0|0|0|0|0
S|LAPTO|42631389|44188611| |DF|2|0|0|0|0|0|1|20000|0|0|0|0|0

P|LAPT1E|13R|LAPTO|0|3
S| |91000000|181000000| |CA|0|13000|0|0|0|0|1|4000|0|0|0|0|0
S|TB201|41861944|44928889| |DF|2|0|0|0|0|0|0|0|0|0|0|0|0
S|LAPTO|42631389|44188611| |TF|0|0|0|0|0|0|1|20000|0|0|0|0|0

P|PALLE1|13R|LAGAS|0|3
S| |91000000|181000000| |CA|0|13000|0|0|0|0|1|4000|0|0|0|0|0
S|PALLE|41476389|44323611| |DF|2|0|0|0|0|0|1|13000|0|0|0|0|0
S|LAGAS|41571944|44231389| |TF|0|0|0|0|0|0|0|0|0|0|0|0|0

P|TAVR1E|13R|TAVRO|0|3
S| |91000000|181000000| |CA|0|13000|0|0|0|0|1|4000|0|0|0|0|0
S|TB202|41374722|44614167| |DF|2|0|0|0|0|0|0|0|0|0|0|0|0
S|TAVRO|41191389|44502500| |TF|0|0|0|0|0|0|1|13000|0|0|0|0|0

P|TAVR2D|31L|TAVRO|0|3
S|TB205|41800111|44785111|TBS|CF|0|31000|1060|31000|1100|0|0|0|0|1|0|0|0
S|TB206|41592222|44600000| |DF|1|0|0|0|0|0|0|0|0|0|0|0|0
S|TAVRO|41191389|44502500| |TF|0|0|0|0|0|0|1|13000|0|0|0|0|0

P|ZAGOT1|31L|ZAGOT|0|2
S| |91000000|181000000| |CA|0|31000|0|0|0|0|1|7000|0|0|0|0|0
S|ZAGOT|41785000|44136389| |DF|1|0|0|0|0|0|1|13000|0|0|0|0|0

