P|AMER2A|18|AMERA|0|5
S|BLG|50393333|127426444| |DF|0|0|0|0|0|0|0|0|0|1|0|0|0
S| |91000000|181000000|BLG|CD|0|18100|0|0|170|0|0|0|0|0|0|0|0
S| |91000000|181000000| |CI|0|9900|0|0|0|0|0|0|0|0|0|0|0
S|D123P|50299847|127821786|BLG|CF|0|12300|1620|12310|1000|0|1|4000|0|0|0|0|0
S|AMERA|50221944|128145833| |TF|0|0|0|0|0|0|1|9000|0|0|0|0|0

P|AMER2B|36|AMERA|0|3
S| |91000000|181000000| |CA|0|100|0|0|0|0|1|1100|0|0|0|0|0
S| |91000000|181000000| |CI|2|20200|0|0|0|0|0|0|0|0|0|0|0
S|AMERA|50221944|128145833|BLG|CF|0|12300|2950|12310|2700|0|1|9000|0|0|0|0|0

P|AMER2C|18|AMERA|0|3
S|BB101|50349111|127441250|BLG|CF|0|18100|270|18090|400|0|0|0|0|1|0|0|0
S|BB102|50311361|127641806| |DF|0|0|0|0|0|0|1|4000|0|0|0|0|0
S|AMERA|50221944|128145833| |TF|0|0|0|0|0|0|1|9000|0|0|0|0|0

P|AMER2D|36|AMERA|0|3
S|BB108|50492472|127393806|BLG|CF|0|100|610|110|400|0|0|0|0|1|0|0|0
S|BB113|50385083|127782278| |DF|2|0|0|0|0|0|1|4000|0|0|0|0|0
S|AMERA|50221944|128145833| |TF|0|0|0|0|0|0|1|9000|0|0|0|0|0

P|AMER2Y|36|AMERA|0|4
S|BB108|50492472|127393806|BLG|CF|0|100|610|110|400|0|0|0|0|1|0|0|0
S|BB109|50746611|127551083| |DF|0|0|0|0|0|0|1|4000|0|0|0|0|0
S|BB110|50669556|127888167| |TF|0|0|0|0|0|0|0|0|0|0|0|0|0
S|AMERA|50221944|128145833| |TF|0|0|0|0|0|0|1|9000|0|0|0|0|0

P|AMER2Z|36|AMERA|0|5
S| |91000000|181000000| |CA|0|100|0|0|0|0|1|1100|0|0|0|0|0
S| |91000000|181000000| |CI|0|5300|0|0|0|0|0|0|0|0|0|0|0
S|D022T|50721667|127509950|BLG|CF|0|2200|2000|2220|1600|0|1|4000|0|1|0|0|0
S|WZ|50635556|128035278|BLG|CF|2|12400|2750|7080|1900|0|1|8000|0|1|0|0|0
S|AMERA|50221944|128145833| |TF|0|0|0|0|0|0|1|9000|0|0|0|0|0

P|RUNE2A|18|RUNET|0|4
S|BLG|50393333|127426444| |DF|0|0|0|0|0|0|0|0|0|1|0|0|0
S| |91000000|181000000|BLG|CD|0|18100|0|0|170|0|0|0|0|0|0|0|0
S| |91000000|181000000| |CI|1|33900|0|0|0|0|0|0|0|0|0|0|0
S|RUNET|50903333|127556667|BLG|CF|0|2200|3100|2220|2700|0|1|8000|0|0|0|0|0

P|RUNE2B|36|RUNET|0|4
S| |91000000|181000000| |CA|0|100|0|0|0|0|1|1100|0|0|0|0|0
S| |91000000|181000000| |CI|0|5300|0|0|0|0|0|0|0|0|0|0|0
S|D022T|50721667|127509950|BLG|CF|0|2200|2000|2220|1600|0|1|4000|0|0|0|0|0
S|RUNET|50903333|127556667| |TF|0|0|0|0|0|0|1|8000|0|0|0|0|0

P|RUNE2C|18|RUNET|0|2
S|BB101|50349111|127441250|BLG|CF|0|18100|270|18090|400|0|0|0|0|1|0|0|0
S|RUNET|50903333|127556667| |DF|1|0|0|0|0|0|1|8000|0|0|0|0|0

P|RUNE2D|36|RUNET|0|2
S|BB108|50492472|127393806|BLG|CF|0|100|610|110|400|0|0|0|0|1|0|0|0
S|RUNET|50903333|127556667| |DF|0|0|0|0|0|0|1|8000|0|0|0|0|0

P|RUNE2W|18|RUNET|0|3
S|BB101|50349111|127441250|BLG|CF|0|18100|270|18090|400|0|0|0|0|1|0|0|0
S|BB107|50473361|127399389| |DF|1|0|0|0|0|0|0|0|0|0|0|0|0
S|RUNET|50903333|127556667| |TF|0|0|0|0|0|0|1|8000|0|0|0|0|0

P|RUNE2Y|18|RUNET|0|4
S|BB101|50349111|127441250|BLG|CF|0|18100|270|18090|400|0|0|0|0|1|0|0|0
S|BB105|50444861|127717972| |DF|1|0|0|0|0|0|1|4000|0|0|0|0|0
S|BB106|50564583|127916694| |TF|0|0|0|0|0|0|0|0|0|0|0|0|0
S|RUNET|50903333|127556667| |TF|0|0|0|0|0|0|1|8000|0|0|0|0|0

P|RUNE2Z|18|RUNET|0|6
S|BLG|50393333|127426444| |DF|0|0|0|0|0|0|0|0|0|1|0|0|0
S| |91000000|181000000|BLG|CD|0|18100|0|0|170|0|0|0|0|0|0|0|0
S| |91000000|181000000| |CI|1|8700|0|0|0|0|0|0|0|0|0|0|0
S|D057M|50460811|127762033|BLG|CF|0|5700|1350|8540|900|0|1|4000|0|0|0|0|0
S| |91000000|181000000|BLG|CD|0|5700|0|0|2480|0|0|0|0|0|0|0|0
S|RUNET|50903333|127556667|BLG|CF|1|32500|3100|2220|2200|0|1|8000|0|0|0|0|0

P|SIML2A|18|SIMLI|0|4
S|BLG|50393333|127426444| |DF|0|0|0|0|0|0|0|0|0|1|0|0|0
S| |91000000|181000000|BLG|CD|0|18100|0|0|170|0|0|0|0|0|0|0|0
S|BLG|50393333|127426444| |DF|1|0|0|0|0|205|0|0|0|0|0|0|0
S|SIMLI|50290000|127368333| |TF|0|0|0|0|0|0|1|6000|0|0|0|0|0

P|SIML2B|36|SIMLI|0|3
S| |91000000|181000000| |CA|0|100|0|0|0|0|1|1100|0|0|0|0|0
S|BLG|50393333|127426444| |DF|2|0|0|0|0|205|0|0|0|0|0|0|0
S|SIMLI|50290000|127368333| |TF|0|0|0|0|0|0|1|6000|0|0|0|0|0

P|SIML2C|18|SIMLI|0|5
S|BB101|50349111|127441250|BLG|CF|0|18100|270|18090|400|0|0|0|0|1|0|0|0
S|BB102|50311361|127641806| |DF|0|0|0|0|0|0|1|4000|0|0|0|0|0
S|BB103|50381000|127685389| |TF|0|0|0|0|0|0|0|0|0|0|0|0|0
S|BB104|50441083|127581806| |TF|0|0|0|0|0|220|0|0|0|0|0|0|0
S|SIMLI|50290000|127368333| |TF|0|0|0|0|0|0|1|6000|0|0|0|0|0

P|SIML2D|36|SIMLI|0|2
S|BB108|50492472|127393806|BLG|CF|0|100|610|110|400|0|0|0|0|1|0|0|0
S|SIMLI|50290000|127368333| |DF|2|0|0|0|0|0|1|6000|0|0|0|0|0

P|SIML2Y|36|SIMLI|0|5
S|BB108|50492472|127393806|BLG|CF|0|100|610|110|400|0|0|0|0|1|0|0|0
S|BB109|50746611|127551083| |DF|0|0|0|0|0|0|1|4000|0|0|0|0|0
S|BB110|50669556|127888167| |TF|0|0|0|0|0|0|0|0|0|0|0|0|0
S|BB111|50497972|127767667| |TF|2|0|0|0|0|0|0|0|0|0|0|0|0
S|SIMLI|50290000|127368333| |TF|0|0|0|0|0|0|1|6000|0|0|0|0|0

P|SIML2Z|36|SIMLI|0|5
S| |91000000|181000000| |CA|0|100|0|0|0|0|1|1100|0|0|0|0|0
S| |91000000|181000000| |CI|0|5300|0|0|0|0|0|0|0|0|0|0|0
S|D022T|50721667|127509950|BLG|CF|0|2200|2000|2220|1600|0|1|4000|0|1|0|0|0
S|WZ|50635556|128035278|BLG|CF|2|12400|2750|7080|1900|0|1|8000|0|1|0|0|0
S|SIMLI|50290000|127368333| |TF|2|0|0|0|0|0|1|6000|0|0|0|0|0

P|WZ2A|18|WZ|0|5
S|BLG|50393333|127426444| |DF|0|0|0|0|0|0|0|0|0|1|0|0|0
S| |91000000|181000000|BLG|CD|0|18100|0|0|170|0|0|0|0|0|0|0|0
S| |91000000|181000000| |CI|1|8700|0|0|0|0|0|0|0|0|0|0|0
S|D057M|50460811|127762033|BLG|CF|0|5700|1350|8540|900|0|1|4000|0|0|0|0|0
S|WZ|50635556|128035278| |TF|0|0|0|0|0|0|1|8000|0|0|0|0|0

P|WZ2B|36|WZ|0|4
S| |91000000|181000000| |CA|0|100|0|0|0|0|1|1100|0|0|0|0|0
S| |91000000|181000000| |VI|0|3900|0|0|0|0|0|0|0|0|0|0|0
S|D084O|50564783|127695697|BLG|CF|0|8400|1460|5800|1000|0|1|4000|0|0|0|0|0
S|WZ|50635556|128035278| |TF|0|0|0|0|0|0|1|8000|0|0|0|0|0

P|WZ2C|18|WZ|0|4
S|BB101|50349111|127441250|BLG|CF|0|18100|270|18090|400|0|0|0|0|1|0|0|0
S|BB105|50444861|127717972| |DF|1|0|0|0|0|0|1|4000|0|0|0|0|0
S|BB106|50564583|127916694| |TF|0|0|0|0|0|0|0|0|0|0|0|0|0
S|WZ|50635556|128035278| |TF|0|0|0|0|0|0|1|8000|0|0|0|0|0

P|WZ2D|36|WZ|0|3
S|BB108|50492472|127393806|BLG|CF|0|100|610|110|400|0|0|0|0|1|0|0|0
S|BB112|50577083|127701250| |DF|0|0|0|0|0|0|1|4000|0|0|0|0|0
S|WZ|50635556|128035278| |TF|0|0|0|0|0|0|1|8000|0|0|0|0|0

P|WZ2Y|36|WZ|0|4
S|BB108|50492472|127393806|BLG|CF|0|100|610|110|400|0|0|0|0|1|0|0|0
S|BB109|50746611|127551083| |DF|0|0|0|0|0|0|1|4000|0|0|0|0|0
S|BB110|50669556|127888167| |TF|0|0|0|0|0|0|0|0|0|0|0|0|0
S|WZ|50635556|128035278| |TF|0|0|0|0|0|0|1|8000|0|0|0|0|0

P|WZ2Z|36|WZ|0|4
S| |91000000|181000000| |CA|0|100|0|0|0|0|1|1100|0|0|0|0|0
S| |91000000|181000000| |CI|0|5300|0|0|0|0|0|0|0|0|0|0|0
S|D022T|50721667|127509950|BLG|CF|0|2200|2000|2220|1600|0|1|4000|0|1|0|0|0
S|WZ|50635556|128035278|BLG|CF|2|12400|2750|7080|1900|0|1|8000|0|0|0|0|0

