P|BELI2C|24|BELIM|0|4
S|PW|55254778|124718944| |DF|0|0|0|0|0|0|0|0|0|1|0|0|0
S| |91000000|181000000| |CA|0|24300|0|0|0|0|1|2800|0|0|0|0|0
S| |91000000|181000000| |CI|1|11800|0|0|0|0|0|0|0|0|0|0|0
S|BELIM|54972500|125254167|NRG|CF|0|14600|11720|18800|1700|0|1|10000|0|0|0|0|0

P|BELI3C|24|BELIM|0|4
S|DER24|55279306|124767764| |DF|0|0|0|0|0|0|0|0|0|1|0|0|0
S| |91000000|181000000| |CA|0|24300|0|0|0|0|1|2800|0|0|0|0|0
S| |91000000|181000000| |CI|1|10000|0|0|0|0|0|0|0|0|0|0|0
S|BELIM|54972500|125254167|NRG|CF|0|15000|11720|18800|2000|0|1|10000|0|0|0|0|0

P|BELI5D|06|BELIM|0|3
S| |91000000|181000000| |CA|0|6300|0|0|0|0|1|2800|0|0|0|0|0
S|PW|55254778|124718944| |DF|1|0|0|0|0|0|0|0|0|0|0|0|0
S|BELIM|54972500|125254167| |TF|0|0|0|0|0|0|1|10000|0|0|0|0|0

P|BELI6D|06|BELIM|0|4
S|DER06|55290728|124790469| |DF|0|0|0|0|0|0|0|0|0|1|0|0|0
S| |91000000|181000000| |CA|0|6300|0|0|0|180|1|2800|0|0|0|0|0
S|P|55273167|124755583| |DF|1|0|0|0|0|0|0|0|0|1|0|0|0
S|BELIM|54972500|125254167| |TF|0|0|0|0|0|0|1|10000|0|0|0|0|0

P|DELO2C|24|DELOK|0|4
S|PW|55254778|124718944| |DF|0|0|0|0|0|0|0|0|0|1|0|0|0
S| |91000000|181000000| |CA|0|24300|0|0|0|0|1|2800|0|0|0|0|0
S| |91000000|181000000| |CI|2|34100|0|0|0|0|0|0|0|0|0|0|0
S|DELOK|55428889|124304167|NRG|CF|0|32100|9140|20680|800|0|1|10000|0|0|0|0|0

P|DELO3C|24|DELOK|0|4
S|DER24|55279306|124767764| |DF|0|0|0|0|0|0|0|0|0|1|0|0|0
S| |91000000|181000000| |CA|0|24300|0|0|0|0|1|2800|0|0|0|0|0
S| |91000000|181000000| |CI|2|35500|0|0|0|0|0|0|0|0|0|0|0
S|DELOK|55428889|124304167|NRG|CF|0|31500|9140|20680|1300|0|1|10000|0|0|0|0|0

P|DELO5D|06|DELOK|0|3
S| |91000000|181000000| |CA|0|6300|0|0|0|0|1|2800|0|0|0|0|0
S| |91000000|181000000| |CI|1|24300|0|0|0|0|0|0|0|0|0|0|0
S|DELOK|55428889|124304167|NRG|CF|0|32100|9140|20680|1400|0|1|10000|0|0|0|0|0

P|DELO5Z|06|DELOK|0|3
S| |91000000|181000000| |CA|0|6300|0|0|0|0|1|2800|0|0|0|0|0
S|PW|55254778|124718944| |DF|2|0|0|0|0|0|0|0|0|0|0|0|0
S|DELOK|55428889|124304167| |TF|0|0|0|0|0|0|1|10000|0|0|0|0|0

P|DELO6D|06|DELOK|0|4
S|DER06|55290728|124790469| |DF|0|0|0|0|0|0|0|0|0|1|0|0|0
S| |91000000|181000000| |CA|0|6300|0|0|0|0|1|2800|0|0|0|0|0
S| |91000000|181000000| |CI|1|24700|0|0|0|0|0|0|0|0|0|0|0
S|DELOK|55428889|124304167|NRG|CF|0|31500|9140|20680|1400|0|1|10000|0|0|0|0|0

P|DELO6Z|06|DELOK|0|4
S|DER06|55290728|124790469| |DF|0|0|0|0|0|0|0|0|0|1|0|0|0
S| |91000000|181000000| |CA|0|6300|0|0|0|180|1|2800|0|0|0|0|0
S|P|55273167|124755583| |DF|2|0|0|0|0|0|0|0|0|1|0|0|0
S|DELOK|55428889|124304167| |TF|0|0|0|0|0|0|1|10000|0|0|0|0|0

P|MEGE2C|24|MEGEP|0|4
S|PW|55254778|124718944| |DF|0|0|0|0|0|0|0|0|0|1|0|0|0
S| |91000000|181000000| |CA|0|24300|0|0|0|0|1|2800|0|0|0|0|0
S| |91000000|181000000| |CI|1|14900|0|0|0|0|0|0|0|0|0|0|0
S|MEGEP|54937500|124985000|NRG|CF|0|16800|11880|19250|1100|0|1|10000|0|0|0|0|0

P|MEGE3C|24|MEGEP|0|4
S|DER24|55279306|124767764| |DF|0|0|0|0|0|0|0|0|0|1|0|0|0
S| |91000000|181000000| |CA|0|24300|0|0|0|0|1|2800|0|0|0|0|0
S| |91000000|181000000| |CI|1|13000|0|0|0|0|0|0|0|0|0|0|0
S|MEGEP|54937500|124985000|NRG|CF|0|17300|11880|19250|1700|0|1|10000|0|0|0|0|0

P|MEGE5D|06|MEGEP|0|3
S| |91000000|181000000| |CA|0|6300|0|0|0|0|1|2800|0|0|0|0|0
S|PW|55254778|124718944| |DF|1|0|0|0|0|0|0|0|0|0|0|0|0
S|MEGEP|54937500|124985000| |TF|0|0|0|0|0|0|1|10000|0|0|0|0|0

P|MEGE6D|06|MEGEP|0|4
S|DER06|55290728|124790469| |DF|0|0|0|0|0|0|0|0|0|1|0|0|0
S| |91000000|181000000| |CA|0|6300|0|0|0|180|1|2800|0|0|0|0|0
S|P|55273167|124755583| |DF|1|0|0|0|0|0|0|0|0|1|0|0|0
S|MEGEP|54937500|124985000| |TF|0|0|0|0|0|0|1|10000|0|0|0|0|0

P|PEMU2C|24|PEMUK|0|2
S|PW|55254778|124718944| |DF|0|0|0|0|0|0|1|2800|0|1|0|0|0
S|PEMUK|55089722|124163056| |TF|0|0|0|0|0|0|1|10000|0|0|0|0|0

P|PEMU3C|24|PEMUK|0|3
S|DER24|55279306|124767764| |DF|0|0|0|0|0|0|0|0|0|1|0|0|0
S| |91000000|181000000| |CA|0|24300|0|0|0|0|1|2800|0|0|0|0|0
S|PEMUK|55089722|124163056|NRG|CF|0|25600|11230|20700|2200|0|1|10000|0|0|0|0|0

P|PEMU5D|06|PEMUK|0|3
S| |91000000|181000000| |CA|0|6300|0|0|0|0|1|2800|0|0|0|0|0
S|PW|55254778|124718944| |DF|2|0|0|0|0|0|0|0|0|0|0|0|0
S|PEMUK|55089722|124163056| |TF|0|0|0|0|0|0|1|10000|0|0|0|0|0

P|PEMU6D|06|PEMUK|0|4
S|DER06|55290728|124790469| |DF|0|0|0|0|0|0|0|0|0|1|0|0|0
S| |91000000|181000000| |CA|0|6300|0|0|0|180|1|2800|0|0|0|0|0
S|P|55273167|124755583| |DF|2|0|0|0|0|0|0|0|0|1|0|0|0
S|PEMUK|55089722|124163056| |TF|0|0|0|0|0|0|1|10000|0|0|0|0|0

P|UMGE2C|24|UMGER|0|4
S|PW|55254778|124718944| |DF|0|0|0|0|0|0|0|0|0|1|0|0|0
S| |91000000|181000000| |CA|0|24300|0|0|0|0|1|2800|0|0|0|0|0
S| |91000000|181000000| |CI|2|6300|0|0|0|0|0|0|0|0|0|0|0
S|UMGER|55665000|124805278|NRG|CF|0|2100|7510|19640|2000|0|1|10000|0|0|0|0|0

P|UMGE3C|24|UMGER|0|4
S|DER24|55279306|124767764| |DF|0|0|0|0|0|0|0|0|0|1|0|0|0
S| |91000000|181000000| |CA|0|24300|0|0|0|180|1|4000|0|0|0|0|0
S|P|55273167|124755583| |DF|1|0|0|0|0|0|0|0|0|0|0|0|0
S|UMGER|55665000|124805278| |TF|0|0|0|0|0|0|1|10000|0|0|0|0|0

P|UMGE5D|06|UMGER|0|3
S| |91000000|181000000| |CA|0|6300|0|0|0|0|1|2800|0|0|0|0|0
S| |91000000|181000000| |CI|0|34200|0|0|0|0|0|0|0|0|0|0|0
S|UMGER|55665000|124805278|NRG|CF|0|2100|7510|19640|1700|0|1|10000|0|0|0|0|0

P|UMGE5Z|06|UMGER|0|3
S| |91000000|181000000| |CA|0|6300|0|0|0|0|1|2800|0|0|0|0|0
S|PW|55254778|124718944| |DF|2|0|0|0|0|0|0|0|0|0|0|0|0
S|UMGER|55665000|124805278| |TF|0|0|0|0|0|0|1|10000|0|0|0|0|0

P|UMGE6D|06|UMGER|0|4
S|DER06|55290728|124790469| |DF|0|0|0|0|0|0|0|0|0|1|0|0|0
S| |91000000|181000000| |CA|0|6300|0|0|0|0|1|2800|0|0|0|0|0
S| |91000000|181000000| |CI|0|34200|0|0|0|0|0|0|0|0|0|0|0
S|UMGER|55665000|124805278|NRG|CF|0|1800|7510|19640|1600|0|1|10000|0|0|0|0|0

P|UMGE6Z|06|UMGER|0|4
S|DER06|55290728|124790469| |DF|0|0|0|0|0|0|0|0|0|1|0|0|0
S| |91000000|181000000| |CA|0|6300|0|0|0|180|1|2800|0|0|0|0|0
S|P|55273167|124755583| |DF|2|0|0|0|0|0|0|0|0|1|0|0|0
S|UMGER|55665000|124805278| |TF|0|0|0|0|0|0|1|10000|0|0|0|0|0

P|UMPO2C|24|UMPOR|0|4
S|PW|55254778|124718944| |DF|0|0|0|0|0|0|0|0|0|1|0|0|0
S| |91000000|181000000| |CA|0|24300|0|0|0|0|1|4000|0|0|0|0|0
S|PW|55254778|124718944| |DF|2|0|0|0|0|0|0|0|0|0|0|0|0
S|UMPOR|55390000|125537778| |TF|0|0|0|0|0|0|1|10000|0|0|0|0|0

P|UMPO3C|24|UMPOR|0|4
S|DER24|55279306|124767764| |DF|0|0|0|0|0|0|0|0|0|1|0|0|0
S| |91000000|181000000| |CA|0|24300|0|0|0|180|1|4000|0|0|0|0|0
S|P|55273167|124755583| |DF|2|0|0|0|0|0|0|0|0|0|0|0|0
S|UMPOR|55390000|125537778| |TF|0|0|0|0|0|0|1|10000|0|0|0|0|0

P|UMPO5D|06|UMPOR|0|3
S| |91000000|181000000| |CA|0|6300|0|0|0|0|1|2800|0|0|0|0|0
S| |91000000|181000000| |CI|0|11100|0|0|0|0|0|0|0|0|0|0|0
S|UMPOR|55390000|125537778|NRG|CF|0|8800|9400|18050|2100|0|1|10000|0|0|0|0|0

P|UMPO5Z|06|UMPOR|0|3
S| |91000000|181000000| |CA|0|6300|0|0|0|0|1|2800|0|0|0|0|0
S|PW|55254778|124718944| |DF|1|0|0|0|0|0|0|0|0|0|0|0|0
S|UMPOR|55390000|125537778| |TF|0|0|0|0|0|0|1|10000|0|0|0|0|0

P|UMPO6D|06|UMPOR|0|4
S|DER06|55290728|124790469| |DF|0|0|0|0|0|0|0|0|0|1|0|0|0
S| |91000000|181000000| |CA|0|6300|0|0|0|0|1|2800|0|0|0|0|0
S| |91000000|181000000| |CI|0|11100|0|0|0|0|0|0|0|0|0|0|0
S|UMPOR|55390000|125537778|NRG|CF|0|8900|9400|18050|2000|0|1|10000|0|0|0|0|0

