P|ABNA1C|13|ABNAK|0|3
S|DER13|53513072|142891381| |DF|0|0|0|0|0|0|0|0|0|1|0|0|0
S| |91000000|181000000| |CA|0|13200|0|0|0|0|1|780|0|0|0|0|0
S|ABNAK|52846944|142771667| |DF|0|0|0|0|0|0|1|8000|0|0|0|0|0

P|ABNA1D|31|ABNAK|0|4
S|DER31|53520194|142870356| |DF|0|0|0|0|0|0|0|0|0|1|0|0|0
S| |91000000|181000000| |CA|0|31200|0|0|0|0|1|770|0|0|0|0|0
S|TRIKO|53278611|142675000| |DF|1|0|0|0|0|0|2|3070|0|0|0|0|0
S|ABNAK|52846944|142771667| |TF|0|0|0|0|0|0|1|8000|0|0|0|0|0

P|ABNA1E|31|ABNAK|0|4
S|DER31|53520194|142870356| |DF|0|0|0|0|0|0|0|0|0|1|0|0|0
S| |91000000|181000000| |CA|0|31200|0|0|0|0|1|770|0|0|0|0|0
S| |91000000|181000000| |CI|1|13200|0|0|0|0|0|0|0|0|0|0|0
S|ABNAK|52846944|142771667|HAB|CF|0|19900|38690|5730|3700|0|1|8000|0|0|0|0|0

P|ABNA1F|13|ABNAK|0|4
S|DER13|53513072|142891381| |DF|0|0|0|0|0|0|0|0|0|1|0|0|0
S| |91000000|181000000| |CA|0|13200|0|0|0|0|1|780|0|0|0|0|0
S| |91000000|181000000| |CI|2|25500|0|0|0|0|0|0|0|0|0|0|0
S|ABNAK|52846944|142771667|HAB|CF|0|19600|38690|5730|3600|0|1|8000|0|0|0|0|0

P|ADKO1C|13|ADKOT|0|4
S|DER13|53513072|142891381| |DF|0|0|0|0|0|0|0|0|0|1|0|0|0
S| |91000000|181000000| |CA|0|13200|0|0|0|0|1|1430|0|0|0|0|0
S|SH136|53620889|143299278| |DF|0|0|0|0|0|0|2|3070|0|0|0|0|0
S|ADKOT|54115278|143404722| |TF|0|0|0|0|0|0|1|8000|0|0|0|0|0

P|ADKO1D|31|ADKOT|0|4
S|DER31|53520194|142870356| |DF|0|0|0|0|0|0|0|0|0|1|0|0|0
S| |91000000|181000000| |CA|0|31200|0|0|0|0|1|1430|0|0|0|0|0
S|SH131|53685056|142724556| |DF|0|0|0|0|0|0|0|0|0|0|0|0|0
S|ADKOT|54115278|143404722| |TF|0|0|0|0|0|0|1|8000|0|0|0|0|0

P|ADKO1E|31|ADKOT|0|4
S|DER31|53520194|142870356| |DF|0|0|0|0|0|0|0|0|0|1|0|0|0
S| |91000000|181000000| |CA|0|31200|0|0|0|0|1|1430|0|0|0|0|0
S|OI|53510083|142902528| |DF|1|0|0|0|0|0|1|4060|0|0|0|0|0
S|ADKOT|54115278|143404722| |TF|0|0|0|0|0|0|1|8000|0|0|0|0|0

P|ADKO1F|13|ADKOT|0|4
S|DER13|53513072|142891381| |DF|0|0|0|0|0|0|0|0|0|1|0|0|0
S| |91000000|181000000| |CA|0|13200|0|0|0|0|1|1430|0|0|0|0|0
S|TF|53525944|142855694| |DF|2|0|0|0|0|0|1|4060|0|0|0|0|0
S|ADKOT|54115278|143404722| |TF|0|0|0|0|0|0|1|8000|0|0|0|0|0

P|ADLE1C|13|ADLEP|0|4
S|DER13|53513072|142891381| |DF|0|0|0|0|0|0|0|0|0|1|0|0|0
S| |91000000|181000000| |CA|0|13200|0|0|0|0|1|780|0|0|0|0|0
S|TRIKO|53278611|142675000| |DF|2|0|0|0|0|0|2|3070|0|0|0|0|0
S|ADLEP|53078611|142030000| |TF|0|0|0|0|0|0|1|11000|0|0|0|0|0

P|ADLE1D|31|ADLEP|0|3
S|DER31|53520194|142870356| |DF|0|0|0|0|0|0|0|0|0|1|0|0|0
S| |91000000|181000000| |CA|0|31200|0|0|0|0|1|770|0|0|0|0|0
S|ADLEP|53078611|142030000| |DF|0|0|0|0|0|0|1|11000|0|0|0|0|0

P|ADLE1E|31|ADLEP|0|4
S|DER31|53520194|142870356| |DF|0|0|0|0|0|0|0|0|0|1|0|0|0
S| |91000000|181000000| |CA|0|31200|0|0|0|0|1|770|0|0|0|0|0
S| |91000000|181000000| |CI|1|18400|0|0|0|0|0|0|0|0|0|0|0
S|ADLEP|53078611|142030000|HAB|CF|0|24300|37590|5300|3600|0|1|11000|0|0|0|0|0

P|ADLE1F|13|ADLEP|0|4
S|DER13|53513072|142891381| |DF|0|0|0|0|0|0|0|0|0|1|0|0|0
S| |91000000|181000000| |CA|0|13200|0|0|0|0|1|780|0|0|0|0|0
S| |91000000|181000000| |CI|2|31200|0|0|0|0|0|0|0|0|0|0|0
S|ADLEP|53078611|142030000|HAB|CF|0|24000|37590|5300|3700|0|1|11000|0|0|0|0|0

P|BEBL1C|13|BEBLI|0|3
S|DER13|53513072|142891381| |DF|0|0|0|0|0|0|0|0|0|1|0|0|0
S| |91000000|181000000| |CA|0|13200|0|0|0|0|1|780|0|0|0|0|0
S|BEBLI|52845278|142985000| |DF|0|0|0|0|0|0|1|8000|0|0|0|0|0

P|BEBL1D|31|BEBLI|0|4
S|DER31|53520194|142870356| |DF|0|0|0|0|0|0|0|0|0|1|0|0|0
S| |91000000|181000000| |CA|0|31200|0|0|0|0|1|770|0|0|0|0|0
S|TRIKO|53278611|142675000| |DF|1|0|0|0|0|0|2|3070|0|0|0|0|0
S|BEBLI|52845278|142985000| |TF|0|0|0|0|0|0|1|8000|0|0|0|0|0

P|BEBL1E|31|BEBLI|0|4
S|DER31|53520194|142870356| |DF|0|0|0|0|0|0|0|0|0|1|0|0|0
S| |91000000|181000000| |CA|0|31200|0|0|0|0|1|770|0|0|0|0|0
S| |91000000|181000000| |CI|1|13200|0|0|0|220|0|0|0|0|0|0|0
S|BEBLI|52845278|142985000|HAB|CF|0|18800|39290|5800|3600|0|1|8000|0|0|0|0|0

P|BEBL1F|13|BEBLI|0|4
S|DER13|53513072|142891381| |DF|0|0|0|0|0|0|0|0|0|1|0|0|0
S| |91000000|181000000| |CA|0|13200|0|0|0|0|1|780|0|0|0|0|0
S| |91000000|181000000| |CI|2|23500|0|0|0|0|0|0|0|0|0|0|0
S|BEBLI|52845278|142985000|HAB|CF|0|18600|39290|5800|3600|0|1|8000|0|0|0|0|0

P|ERMI1C|13|ERMIS|0|3
S|DER13|53513072|142891381| |DF|0|0|0|0|0|0|0|0|0|1|0|0|0
S| |91000000|181000000| |CA|0|13200|0|0|0|0|1|1430|0|0|0|0|0
S|ERMIS|53513889|144012222| |DF|0|0|0|0|0|0|1|8000|0|0|0|0|0

P|ERMI1D|31|ERMIS|0|4
S|DER31|53520194|142870356| |DF|0|0|0|0|0|0|0|0|0|1|0|0|0
S| |91000000|181000000| |CA|0|31200|0|0|0|0|1|1430|0|0|0|0|0
S|SH315|53476639|142998583| |DF|1|0|0|0|0|220|2|3070|0|0|0|0|0
S|ERMIS|53513889|144012222| |TF|0|0|0|0|0|0|1|8000|0|0|0|0|0

P|ERMI1E|31|ERMIS|0|4
S|DER31|53520194|142870356| |DF|0|0|0|0|0|0|0|0|0|1|0|0|0
S| |91000000|181000000| |CA|0|31200|0|0|0|0|1|1430|0|0|0|0|0
S|OI|53510083|142902528| |DF|1|0|0|0|0|0|0|0|0|0|0|0|0
S|ERMIS|53513889|144012222| |TF|0|0|0|0|0|0|1|8000|0|0|0|0|0

P|ERMI1F|13|ERMIS|0|4
S|DER13|53513072|142891381| |DF|0|0|0|0|0|0|0|0|0|1|0|0|0
S| |91000000|181000000| |CA|0|13200|0|0|0|0|1|1430|0|0|0|0|0
S| |91000000|181000000| |CI|0|5600|0|0|0|0|0|0|0|0|0|0|0
S|ERMIS|53513889|144012222|HAB|CF|0|10300|44690|5680|3500|0|1|8000|0|0|0|0|0

P|GIGO1C|13|GIGOR|0|4
S|DER13|53513072|142891381| |DF|0|0|0|0|0|0|0|0|0|1|0|0|0
S| |91000000|181000000| |CA|0|13200|0|0|0|0|1|780|0|0|0|0|0
S|TRIKO|53278611|142675000| |DF|2|0|0|0|0|0|2|3070|0|0|0|0|0
S|GIGOR|53343056|141801667| |TF|0|0|0|0|0|0|1|8000|0|0|0|0|0

P|GIGO1D|31|GIGOR|0|3
S|DER31|53520194|142870356| |DF|0|0|0|0|0|0|0|0|0|1|0|0|0
S| |91000000|181000000| |CA|0|31200|0|0|0|0|1|770|0|0|0|0|0
S|GIGOR|53343056|141801667| |DF|0|0|0|0|0|0|1|8000|0|0|0|0|0

P|GIGO1E|31|GIGOR|0|4
S|DER31|53520194|142870356| |DF|0|0|0|0|0|0|0|0|0|1|0|0|0
S| |91000000|181000000| |CA|0|31200|0|0|0|0|1|770|0|0|0|0|0
S| |91000000|181000000| |CI|0|22300|0|0|0|0|0|0|0|0|0|0|0
S|GIGOR|53343056|141801667|HAB|CF|0|26800|38130|5040|3500|0|1|8000|0|0|0|0|0

P|GIGO1F|13|GIGOR|0|4
S|DER13|53513072|142891381| |DF|0|0|0|0|0|0|0|0|0|1|0|0|0
S| |91000000|181000000| |CA|0|13200|0|0|0|0|1|780|0|0|0|0|0
S| |91000000|181000000| |CI|2|31200|0|0|0|220|0|0|0|0|0|0|0
S|GIGOR|53343056|141801667|HAB|CF|0|26600|38130|5040|3500|0|1|8000|0|0|0|0|0

P|PESE1C|13|PESEB|0|4
S|DER13|53513072|142891381| |DF|0|0|0|0|0|0|0|0|0|1|0|0|0
S| |91000000|181000000| |CA|0|13200|0|0|0|0|1|1430|0|0|0|0|0
S|SH136|53620889|143299278| |DF|0|0|0|0|0|0|2|3070|0|0|0|0|0
S|PESEB|54190278|142900000| |TF|0|0|0|0|0|0|1|8000|0|0|0|0|0

P|PESE1D|31|PESEB|0|4
S|DER31|53520194|142870356| |DF|0|0|0|0|0|0|0|0|0|1|0|0|0
S| |91000000|181000000| |CA|0|31200|0|0|0|0|1|1430|0|0|0|0|0
S|SH131|53685056|142724556| |DF|0|0|0|0|0|0|0|0|0|0|0|0|0
S|PESEB|54190278|142900000| |TF|0|0|0|0|0|0|1|8000|0|0|0|0|0

P|PESE1E|31|PESEB|0|4
S|DER31|53520194|142870356| |DF|0|0|0|0|0|0|0|0|0|1|0|0|0
S| |91000000|181000000| |CA|0|31200|0|0|0|0|1|770|0|0|0|0|0
S| |91000000|181000000| |CI|2|6500|0|0|0|0|0|0|0|0|0|0|0
S|PESEB|54190278|142900000|HAB|CF|0|1200|44510|4950|3600|0|1|8000|0|0|0|0|0

P|PESE1F|13|PESEB|0|4
S|DER13|53513072|142891381| |DF|0|0|0|0|0|0|0|0|0|1|0|0|0
S| |91000000|181000000| |CA|0|13200|0|0|0|0|1|1430|0|0|0|0|0
S|TF|53525944|142855694| |DF|2|0|0|0|0|0|1|4060|0|0|0|0|0
S|PESEB|54190278|142900000| |TF|0|0|0|0|0|0|1|8000|0|0|0|0|0

