P|NIBO1A|01|NIBON|0|2
S|SM001|44025600|145693347|MNW|CF|0|1400|470|1430|400|0|0|0|0|1|0|0|0
S|NIBON|44101111|145939722|MNW|CF|0|7900|1450|5910|1100|0|1|9000|0|0|0|0|0

P|NIBO1B|01|NIBON|0|4
S| |91000000|181000000| |CA|0|1400|0|0|0|0|1|1770|0|0|0|0|0
S|SM003|43875097|145605403| |DF|1|0|0|0|0|0|0|0|0|0|0|0|0
S|SM004|43861511|145773261| |TF|0|0|0|0|0|0|0|0|0|0|0|0|0
S|NIBON|44101111|145939722| |TF|0|0|0|0|0|0|1|9000|0|0|0|0|0

P|NIBO1C|19|NIBON|0|2
S|SM002|43866614|145672878|MNW|CF|0|19400|480|19430|600|0|0|0|0|1|0|0|0
S|NIBON|44101111|145939722|MNW|CF|1|4000|1450|5910|1700|0|1|9000|0|0|0|0|0

P|NIBO1E|01|NIBON|0|3
S| |91000000|181000000|MNW|CD|0|1400|0|0|650|175|0|0|0|0|0|0|0
S|MNW|43947028|145683167| |DF|1|0|0|0|0|175|0|0|0|1|0|0|0
S|NIBON|44101111|145939722| |TF|0|0|0|0|0|0|1|9000|0|0|0|0|0

P|NIBO1F|19|NIBON|0|3
S| |91000000|181000000|MNW|CD|0|19400|0|0|650|200|0|0|0|0|0|0|0
S|MNW|43947028|145683167| |DF|2|0|0|0|0|200|0|0|0|0|0|0|0
S|NIBON|44101111|145939722| |TF|0|0|0|0|0|0|1|9000|0|0|0|0|0

P|NIBON1|01|NIBON|0|3
S| |91000000|181000000| |CA|0|1400|0|0|0|0|1|1280|0|0|0|0|0
S|BF|43913667|145679028|MNW|CF|1|17000|200|19410|500|0|0|4560|0|1|0|0|0
S|NIBON|44101111|145939722|MNW|CF|1|4800|1450|5910|1500|0|1|9000|0|0|0|0|0

P|NIBON3|19|NIBON|0|4
S|MNW|43947028|145683167| |DF|0|0|0|0|0|0|0|0|0|0|0|0|0
S|BF|43913667|145679028| |TF|0|0|0|0|0|0|0|0|0|0|0|0|0
S| |91000000|181000000| |CA|0|19400|0|0|0|0|1|2030|0|0|0|0|0
S|NIBON|44101111|145939722|MNW|CF|1|4200|1450|5910|1800|0|1|9000|0|0|0|0|0

