P|BASO1A|18L|BASOR|0|2
S| |91000000|181000000|BRP|CD|0|17600|0|0|600|0|1|3940|0|0|0|0|0
S|BASOR|50051944|30833333|BRP|CF|0|18400|1430|18360|800|0|1|6070|0|0|0|0|0

P|BASO1B|18R|BASOR|0|2
S| |91000000|181000000|BRP|CD|0|17600|0|0|650|0|1|3940|0|0|0|0|0
S|BASOR|50051944|30833333|BRP|CF|0|18400|1430|18360|800|0|1|6070|0|0|0|0|0

P|BASO1C|36R|BASOR|0|3
S| |91000000|181000000|BRP|CD|0|35600|0|0|1290|0|1|3940|0|0|0|0|0
S|BRP|50285694|30900972| |DF|2|0|0|0|0|0|1|8040|0|0|0|0|0
S|BASOR|50051944|30833333| |TF|0|0|0|0|0|0|1|8040|0|0|0|0|0

P|BASO1D|36L|BASOR|0|3
S| |91000000|181000000|BRP|CD|0|35600|0|0|1250|0|1|3940|0|0|0|0|0
S|BRP|50285694|30900972| |DF|2|0|0|0|0|0|1|8040|0|0|0|0|0
S|BASOR|50051944|30833333| |TF|0|0|0|0|0|0|1|8040|0|0|0|0|0

P|BASO1R|36R|BASOR|0|6
S| |91000000|181000000| |CA|0|35600|0|0|0|0|1|2470|0|0|0|0|0
S|BB710|50501389|30916667| |DF|0|0|0|0|0|0|1|3940|0|1|0|0|0
S|BBN03|50551389|31023611| |TF|0|0|0|0|0|0|0|0|0|0|0|0|0
S|BBN04|50484444|31101111| |TF|0|0|0|0|0|0|0|0|0|0|0|0|0
S|BRP|50285694|30900972| |TF|0|0|0|0|0|0|1|8040|0|0|0|0|0
S|BASOR|50051944|30833333| |TF|0|0|0|0|0|0|1|8040|0|0|0|0|0

P|BASO1S|36L|BASOR|0|6
S| |91000000|181000000| |CA|0|35600|0|0|0|0|1|2470|0|0|0|0|0
S|BB510|50495000|30891944| |DF|0|0|0|0|0|0|1|3940|0|1|0|0|0
S|BBN03|50551389|31023611| |TF|0|0|0|0|0|0|0|0|0|0|0|0|0
S|BBN04|50484444|31101111| |TF|0|0|0|0|0|0|0|0|0|0|0|0|0
S|BRP|50285694|30900972| |TF|0|0|0|0|0|0|1|8040|0|0|0|0|0
S|BASOR|50051944|30833333| |TF|0|0|0|0|0|0|1|8040|0|0|0|0|0

P|BASO1Y|18R|BASOR|0|4
S| |91000000|181000000| |CA|0|17600|0|0|0|0|1|990|0|0|0|0|0
S| |91000000|181000000| |CA|0|21100|0|0|0|0|1|2470|0|0|0|0|0
S|BB325|50188611|30765556| |DF|0|0|0|0|0|0|1|3940|0|1|0|0|0
S|BASOR|50051944|30833333| |TF|0|0|0|0|0|0|1|6070|0|0|0|0|0

P|BASO1Z|18L|BASOR|0|3
S| |91000000|181000000| |CA|0|17600|0|0|0|0|1|2470|0|0|0|0|0
S|BB110|50186389|30893611| |DF|0|0|0|0|0|0|1|3940|0|1|0|0|0
S|BASOR|50051944|30833333| |TF|0|0|0|0|0|0|1|6070|0|0|0|0|0

P|BO2A|18L|BO|0|2
S| |91000000|181000000|BRP|CD|0|17600|0|0|600|0|1|3940|0|0|0|0|0
S|BO|50628611|30892222| |DF|1|0|0|0|0|0|1|8040|0|0|0|0|0

P|BO2B|18R|BO|0|2
S| |91000000|181000000|BRP|CD|0|17600|0|0|650|0|1|3940|0|0|0|0|0
S|BO|50628611|30892222| |DF|1|0|0|0|0|0|1|8040|0|0|0|0|0

P|BO2C|36R|BO|0|2
S| |91000000|181000000|BRP|CD|0|35600|0|0|1290|0|1|3940|0|0|0|0|0
S|BO|50628611|30892222|BRP|CF|0|34600|2060|35210|800|0|1|6070|0|0|0|0|0

P|BO2D|36L|BO|0|2
S| |91000000|181000000|BRP|CD|0|35600|0|0|1250|0|1|3940|0|0|0|0|0
S|BO|50628611|30892222|BRP|CF|0|35400|2060|35210|800|0|1|6070|0|0|0|0|0

P|BO3R|36R|BO|0|3
S| |91000000|181000000| |CA|0|35600|0|0|0|0|1|2470|0|0|0|0|0
S|BB710|50501389|30916667| |DF|0|0|0|0|0|0|1|3940|0|1|0|0|0
S|BO|50628611|30892222| |TF|0|0|0|0|0|0|1|6070|0|0|0|0|0

P|BO3S|36L|BO|0|3
S| |91000000|181000000| |CA|0|35600|0|0|0|0|1|2470|0|0|0|0|0
S|BB510|50495000|30891944| |DF|0|0|0|0|0|0|1|3940|0|1|0|0|0
S|BO|50628611|30892222| |TF|0|0|0|0|0|0|1|6070|0|0|0|0|0

P|BO3Y|18R|BO|0|5
S| |91000000|181000000| |CA|0|17600|0|0|0|0|1|2470|0|0|0|0|0
S|BB315|50179722|30869167| |DF|0|0|0|0|0|0|1|3940|0|1|0|0|0
S|BBE01|50144167|31056111| |TF|0|0|0|0|0|0|0|0|0|0|0|0|0
S|BBE05|50205833|31095000| |TF|0|0|0|0|0|0|0|0|0|0|0|0|0
S|BO|50628611|30892222| |TF|0|0|0|0|0|0|1|8040|0|0|0|0|0

P|BO3Z|18L|BO|0|5
S| |91000000|181000000| |CA|0|17600|0|0|0|0|1|2470|0|0|0|0|0
S|BB110|50186389|30893611| |DF|0|0|0|0|0|0|1|3940|0|1|0|0|0
S|BBE01|50144167|31056111| |TF|0|0|0|0|0|0|0|0|0|0|0|0|0
S|BBE05|50205833|31095000| |TF|0|0|0|0|0|0|0|0|0|0|0|0|0
S|BO|50628611|30892222| |TF|0|0|0|0|0|0|1|8040|0|0|0|0|0

P|GOTA2A|18L|GOTAP|0|3
S| |91000000|181000000|BRP|CD|0|17600|0|0|600|0|1|3940|0|0|0|0|0
S| |91000000|181000000| |CI|1|3100|0|0|0|0|0|0|0|0|0|0|0
S|GOTAP|50255000|31820000|BRP|CF|0|7900|3540|8560|3000|0|1|11000|0|0|0|0|0

P|GOTA2B|18R|GOTAP|0|3
S| |91000000|181000000|BRP|CD|0|17600|0|0|650|0|1|3940|0|0|0|0|0
S| |91000000|181000000| |CI|1|2800|0|0|0|0|0|0|0|0|0|0|0
S|GOTAP|50255000|31820000|BRP|CF|0|7900|3540|8560|3100|0|1|11000|0|0|0|0|0

P|GOTA2C|36R|GOTAP|0|3
S| |91000000|181000000|BRP|CD|0|35600|0|0|1290|0|1|3940|0|0|0|0|0
S| |91000000|181000000| |CI|0|8600|0|0|0|0|0|0|0|0|0|0|0
S|GOTAP|50255000|31820000|BRP|CF|0|11600|3540|8560|3000|0|1|11000|0|0|0|0|0

P|GOTA2D|36L|GOTAP|0|3
S| |91000000|181000000|BRP|CD|0|35600|0|0|1250|0|1|3940|0|0|0|0|0
S| |91000000|181000000| |CI|0|8100|0|0|0|0|0|0|0|0|0|0|0
S|GOTAP|50255000|31820000|BRP|CF|0|11600|3540|8560|3100|0|1|11000|0|0|0|0|0

P|GOTA2R|36R|GOTAP|0|5
S| |91000000|181000000| |CA|0|35600|0|0|0|0|1|2470|0|0|0|0|0
S|BB710|50501389|30916667| |DF|0|0|0|0|0|0|1|3940|0|1|0|0|0
S|BBN03|50551389|31023611| |TF|0|0|0|0|0|0|0|0|0|0|0|0|0
S|BBE04|50531389|31307778| |TF|0|0|0|0|0|0|1|6070|0|0|0|0|0
S|GOTAP|50255000|31820000| |TF|0|0|0|0|0|0|1|11000|0|0|0|0|0

P|GOTA2S|36L|GOTAP|0|5
S| |91000000|181000000| |CA|0|35600|0|0|0|0|1|2470|0|0|0|0|0
S|BB510|50495000|30891944| |DF|0|0|0|0|0|0|1|3940|0|1|0|0|0
S|BBN03|50551389|31023611| |TF|0|0|0|0|0|0|0|0|0|0|0|0|0
S|BBE04|50531389|31307778| |TF|0|0|0|0|0|0|1|6070|0|0|0|0|0
S|GOTAP|50255000|31820000| |TF|0|0|0|0|0|0|1|11000|0|0|0|0|0

P|GOTA2Y|18R|GOTAP|0|5
S| |91000000|181000000| |CA|0|17600|0|0|0|0|1|2470|0|0|0|0|0
S|BB315|50179722|30869167| |DF|0|0|0|0|0|0|1|3940|0|1|0|0|0
S|BBE01|50144167|31056111| |TF|0|0|0|0|0|0|0|0|0|0|0|0|0
S|BBE02|50191111|31377500| |TF|0|0|0|0|0|0|1|8040|0|0|0|0|0
S|GOTAP|50255000|31820000| |TF|0|0|0|0|0|0|1|11000|0|0|0|0|0

P|GOTA2Z|18L|GOTAP|0|5
S| |91000000|181000000| |CA|0|17600|0|0|0|0|1|2470|0|0|0|0|0
S|BB110|50186389|30893611| |DF|0|0|0|0|0|0|1|3940|0|1|0|0|0
S|BBE01|50144167|31056111| |TF|0|0|0|0|0|0|0|0|0|0|0|0|0
S|BBE02|50191111|31377500| |TF|0|0|0|0|0|0|1|8040|0|0|0|0|0
S|GOTAP|50255000|31820000| |TF|0|0|0|0|0|0|1|11000|0|0|0|0|0

P|KAFE1A|18L|KAFEL|0|4
S| |91000000|181000000|BRP|CD|0|17600|0|0|600|0|1|3940|0|0|0|0|0
S|BI|50397444|30909111| |DF|1|0|0|0|0|0|1|8040|0|0|0|0|0
S| |91000000|181000000|BRP|CD|0|27500|0|0|1980|0|1|12000|0|0|0|0|0
S|KAFEL|50606944|29280556|BRP|CF|0|27500|6510|28090|4600|0|1|12000|0|0|0|0|0

P|KAFE1B|18R|KAFEL|0|4
S| |91000000|181000000|BRP|CD|0|17600|0|0|650|0|1|3940|0|0|0|0|0
S|KB|50386389|30884083| |DF|1|0|0|0|0|0|1|8040|0|0|0|0|0
S| |91000000|181000000|BRP|CD|0|27600|0|0|2020|0|1|12000|0|0|0|0|0
S|KAFEL|50606944|29280556|SLV|CF|0|27600|2760|32930|4500|0|1|12000|0|0|0|0|0

P|KAFE1C|36R|KAFEL|0|4
S| |91000000|181000000|BRP|CD|0|35600|0|0|1050|0|1|2960|0|0|0|0|0
S| |91000000|181000000| |CI|0|29600|0|0|0|0|0|0|0|0|0|0|0
S|SL32A|50415811|30312561|SLV|CF|0|23700|3170|5700|1900|0|1|12000|0|0|0|0|0
S|KAFEL|50606944|29280556|BRP|CF|0|28100|6510|28090|4000|0|1|12000|0|0|0|0|0

P|KAFE1D|36L|KAFEL|0|4
S| |91000000|181000000|BRP|CD|0|35600|0|0|1020|0|1|2960|0|0|0|0|0
S| |91000000|181000000| |CI|0|29600|0|0|0|0|0|0|0|0|0|0|0
S|SL32A|50415811|30312561|BRP|CF|0|23700|2390|28230|1800|0|1|12000|0|0|0|0|0
S|KAFEL|50606944|29280556| |TF|0|0|0|0|0|0|1|12000|0|0|0|0|0

P|KAFE1R|36R|KAFEL|0|5
S| |91000000|181000000| |CA|0|35600|0|0|0|0|1|2470|0|0|0|0|0
S|BB710|50501389|30916667| |DF|0|0|0|0|0|0|1|3940|0|1|0|0|0
S|BBW02|50532778|30662778| |TF|0|0|0|0|0|0|1|4930|0|0|0|0|0
S|BBW01|50404722|30288333| |TF|0|0|0|0|0|0|1|12000|0|0|0|0|0
S|KAFEL|50606944|29280556| |TF|0|0|0|0|0|0|1|12000|0|0|0|0|0

P|KAFE1S|36L|KAFEL|0|6
S| |91000000|181000000| |CA|0|35600|0|0|0|0|1|990|0|0|0|0|0
S| |91000000|181000000| |CA|0|32100|0|0|0|0|1|2470|0|0|0|0|0
S|BB515|50501389|30775556| |DF|0|0|0|0|0|0|1|3940|0|1|0|0|0
S|BBW02|50532778|30662778| |TF|0|0|0|0|0|0|1|4930|0|0|0|0|0
S|BBW01|50404722|30288333| |TF|0|0|0|0|0|0|1|12000|0|0|0|0|0
S|KAFEL|50606944|29280556| |TF|0|0|0|0|0|0|1|12000|0|0|0|0|0

P|KAFE1Y|18R|KAFEL|0|7
S| |91000000|181000000| |CA|0|17600|0|0|0|0|1|2470|0|0|0|0|0
S|BB315|50179722|30869167| |DF|0|0|0|0|0|0|1|3940|0|1|0|0|0
S|BBE01|50144167|31056111| |TF|0|0|0|0|0|0|0|0|0|0|0|0|0
S|BBE05|50205833|31095000| |TF|0|0|0|0|0|0|0|0|0|0|0|0|0
S|BBN02|50397500|30909167| |TF|0|0|0|0|0|0|1|8040|0|0|0|0|0
S|BBW01|50404722|30288333| |TF|0|0|0|0|0|0|1|12000|0|0|0|0|0
S|KAFEL|50606944|29280556| |TF|0|0|0|0|0|0|1|12000|0|0|0|0|0

P|KAFE1Z|18L|KAFEL|0|7
S| |91000000|181000000| |CA|0|17600|0|0|0|0|1|2470|0|0|0|0|0
S|BB110|50186389|30893611| |DF|0|0|0|0|0|0|1|3940|0|1|0|0|0
S|BBE01|50144167|31056111| |TF|0|0|0|0|0|0|0|0|0|0|0|0|0
S|BBE05|50205833|31095000| |TF|0|0|0|0|0|0|0|0|0|0|0|0|0
S|BBN02|50397500|30909167| |TF|0|0|0|0|0|0|1|8040|0|0|0|0|0
S|BBW01|50404722|30288333| |TF|0|0|0|0|0|0|1|12000|0|0|0|0|0
S|KAFEL|50606944|29280556| |TF|0|0|0|0|0|0|1|12000|0|0|0|0|0

P|KURO2A|18L|KUROS|0|3
S| |91000000|181000000|BRP|CD|0|17600|0|0|600|0|1|3940|0|0|0|0|0
S| |91000000|181000000| |CI|1|34000|0|0|0|0|0|0|0|0|0|0|0
S|KUROS|50748333|31796667|BRP|CF|0|4400|4410|4360|4200|0|1|17000|0|0|0|0|0

P|KURO2B|18R|KUROS|0|3
S| |91000000|181000000|BRP|CD|0|17600|0|0|650|0|1|3940|0|0|0|0|0
S| |91000000|181000000| |CI|1|34200|0|0|0|0|0|0|0|0|0|0|0
S|KUROS|50748333|31796667|BRP|CF|0|4400|4410|4360|4300|0|1|17000|0|0|0|0|0

P|KURO2C|36R|KUROS|0|2
S| |91000000|181000000|BRP|CD|0|35600|0|0|1290|0|1|3940|0|0|0|0|0
S|KUROS|50748333|31796667|BRP|CF|0|6100|4410|4360|3600|0|1|17000|0|0|0|0|0

P|KURO2D|36L|KUROS|0|2
S| |91000000|181000000|BRP|CD|0|35600|0|0|1250|0|1|3940|0|0|0|0|0
S|KUROS|50748333|31796667|BRP|CF|0|6100|4410|4360|3800|0|1|17000|0|0|0|0|0

P|KURO3R|36R|KUROS|0|5
S| |91000000|181000000| |CA|0|35600|0|0|0|0|1|2470|0|0|0|0|0
S|BB710|50501389|30916667| |DF|0|0|0|0|0|0|1|3940|0|1|0|0|0
S|BBN03|50551389|31023611| |TF|0|0|0|0|0|0|0|0|0|0|0|0|0
S|BBE04|50531389|31307778| |TF|0|0|0|0|0|0|1|6070|0|0|0|0|0
S|KUROS|50748333|31796667| |TF|0|0|0|0|0|0|1|17000|0|0|0|0|0

P|KURO3S|36L|KUROS|0|5
S| |91000000|181000000| |CA|0|35600|0|0|0|0|1|2470|0|0|0|0|0
S|BB510|50495000|30891944| |DF|0|0|0|0|0|0|1|3940|0|1|0|0|0
S|BBN03|50551389|31023611| |TF|0|0|0|0|0|0|0|0|0|0|0|0|0
S|BBE04|50531389|31307778| |TF|0|0|0|0|0|0|1|6070|0|0|0|0|0
S|KUROS|50748333|31796667| |TF|0|0|0|0|0|0|1|17000|0|0|0|0|0

P|KURO3Y|18R|KUROS|0|5
S| |91000000|181000000| |CA|0|17600|0|0|0|0|1|2470|0|0|0|0|0
S|BB315|50179722|30869167| |DF|0|0|0|0|0|0|1|3940|0|1|0|0|0
S|BBE01|50144167|31056111| |TF|0|0|0|0|0|0|0|0|0|0|0|0|0
S|BBE03|50388056|31353611| |TF|0|0|0|0|0|0|1|9030|0|0|0|0|0
S|KUROS|50748333|31796667| |TF|0|0|0|0|0|0|1|17000|0|0|0|0|0

P|KURO3Z|18L|KUROS|0|5
S| |91000000|181000000| |CA|0|17600|0|0|0|0|1|2470|0|0|0|0|0
S|BB110|50186389|30893611| |DF|0|0|0|0|0|0|1|3940|0|1|0|0|0
S|BBE01|50144167|31056111| |TF|0|0|0|0|0|0|0|0|0|0|0|0|0
S|BBE03|50388056|31353611| |TF|0|0|0|0|0|0|1|9030|0|0|0|0|0
S|KUROS|50748333|31796667| |TF|0|0|0|0|0|0|1|17000|0|0|0|0|0

P|SLV2A|18L|SLV|0|4
S| |91000000|181000000|BRP|CD|0|17600|0|0|600|0|1|3940|0|0|0|0|0
S|BI|50397444|30909111| |DF|1|0|0|0|0|0|1|8040|0|0|0|0|0
S| |91000000|181000000|BRP|CD|0|27500|0|0|1980|0|1|12000|0|0|0|0|0
S|SLV|50186806|29570139|SLV|CF|0|23700|0|0|3800|0|1|12000|0|0|0|0|0

P|SLV2B|18R|SLV|0|4
S| |91000000|181000000|BRP|CD|0|17600|0|0|650|0|1|3940|0|0|0|0|0
S|KB|50386389|30884083| |DF|1|0|0|0|0|0|1|8040|0|0|0|0|0
S| |91000000|181000000|BRP|CD|0|27600|0|0|2020|0|1|12000|0|0|0|0|0
S|SLV|50186806|29570139|SLV|CF|0|23700|0|0|3700|0|1|12000|0|0|0|0|0

P|SLV2C|36R|SLV|0|4
S| |91000000|181000000|BRP|CD|0|35600|0|0|1050|0|1|2960|0|0|0|0|0
S| |91000000|181000000| |CI|0|29600|0|0|0|0|0|0|0|0|0|0|0
S|SL32A|50415811|30312561|SLV|CF|0|23700|3170|5700|1900|0|1|12000|0|0|0|0|0
S|SLV|50186806|29570139| |TF|0|0|0|0|0|0|1|12000|0|0|0|0|0

P|SLV2D|36L|SLV|0|4
S| |91000000|181000000|BRP|CD|0|35600|0|0|1020|0|1|2960|0|0|0|0|0
S| |91000000|181000000| |CI|0|29600|0|0|0|0|0|0|0|0|0|0|0
S|SL32A|50415811|30312561|BRP|CF|0|23700|2390|28230|1800|0|1|12000|0|0|0|0|0
S|SLV|50186806|29570139| |TF|0|0|0|0|0|0|1|12000|0|0|0|0|0

P|SLV2R|36R|SLV|0|5
S| |91000000|181000000| |CA|0|35600|0|0|0|0|1|2470|0|0|0|0|0
S|BB710|50501389|30916667| |DF|0|0|0|0|0|0|1|3940|0|1|0|0|0
S|BBW02|50532778|30662778| |TF|0|0|0|0|0|0|1|4930|0|0|0|0|0
S|BBW01|50404722|30288333| |TF|0|0|0|0|0|0|1|12000|0|0|0|0|0
S|SLV|50186806|29570139| |TF|0|0|0|0|0|0|1|12000|0|0|0|0|0

P|SLV2S|36L|SLV|0|6
S| |91000000|181000000| |CA|0|35600|0|0|0|0|1|990|0|0|0|0|0
S| |91000000|181000000| |CA|0|32100|0|0|0|0|1|2470|0|0|0|0|0
S|BB515|50501389|30775556| |DF|0|0|0|0|0|0|1|3940|0|1|0|0|0
S|BBW02|50532778|30662778| |TF|0|0|0|0|0|0|1|4930|0|0|0|0|0
S|BBW01|50404722|30288333| |TF|0|0|0|0|0|0|1|12000|0|0|0|0|0
S|SLV|50186806|29570139| |TF|0|0|0|0|0|0|1|12000|0|0|0|0|0

P|SLV2Y|18R|SLV|0|7
S| |91000000|181000000| |CA|0|17600|0|0|0|0|1|2470|0|0|0|0|0
S|BB315|50179722|30869167| |DF|0|0|0|0|0|0|1|3940|0|1|0|0|0
S|BBE01|50144167|31056111| |TF|0|0|0|0|0|0|0|0|0|0|0|0|0
S|BBE05|50205833|31095000| |TF|0|0|0|0|0|0|0|0|0|0|0|0|0
S|BBN02|50397500|30909167| |TF|0|0|0|0|0|0|1|8040|0|0|0|0|0
S|BBW01|50404722|30288333| |TF|0|0|0|0|0|0|1|12000|0|0|0|0|0
S|SLV|50186806|29570139| |TF|0|0|0|0|0|0|1|12000|0|0|0|0|0

P|SLV2Z|18L|SLV|0|7
S| |91000000|181000000| |CA|0|17600|0|0|0|0|1|2470|0|0|0|0|0
S|BB110|50186389|30893611| |DF|0|0|0|0|0|0|1|3940|0|1|0|0|0
S|BBE01|50144167|31056111| |TF|0|0|0|0|0|0|0|0|0|0|0|0|0
S|BBE05|50205833|31095000| |TF|0|0|0|0|0|0|0|0|0|0|0|0|0
S|BBN02|50397500|30909167| |TF|0|0|0|0|0|0|1|8040|0|0|0|0|0
S|BBW01|50404722|30288333| |TF|0|0|0|0|0|0|1|12000|0|0|0|0|0
S|SLV|50186806|29570139| |TF|0|0|0|0|0|0|1|12000|0|0|0|0|0

P|TUVO2A|18L|TUVOG|0|3
S| |91000000|181000000|BRP|CD|0|17600|0|0|600|0|1|3940|0|0|0|0|0
S|BO|50628611|30892222| |DF|1|0|0|0|0|0|1|8040|0|0|0|0|0
S|TUVOG|50946389|30977778| |TF|0|0|0|0|0|0|1|13000|0|0|0|0|0

P|TUVO2B|18R|TUVOG|0|3
S| |91000000|181000000|BRP|CD|0|17600|0|0|650|0|1|3940|0|0|0|0|0
S|BO|50628611|30892222| |DF|1|0|0|0|0|0|1|8040|0|0|0|0|0
S|TUVOG|50946389|30977778| |TF|0|0|0|0|0|0|1|13000|0|0|0|0|0

P|TUVO2C|36R|TUVOG|0|3
S| |91000000|181000000|BRP|CD|0|35600|0|0|1290|0|1|3940|0|0|0|0|0
S|BO|50628611|30892222|BRP|CF|0|34600|2060|35210|800|0|1|6070|0|0|0|0|0
S|TUVOG|50946389|30977778| |TF|0|0|0|0|0|0|1|13000|0|0|0|0|0

P|TUVO2D|36L|TUVOG|0|3
S| |91000000|181000000|BRP|CD|0|35600|0|0|1250|0|1|3940|0|0|0|0|0
S|BO|50628611|30892222|BRP|CF|0|35400|2060|35210|800|0|1|6070|0|0|0|0|0
S|TUVOG|50946389|30977778| |TF|0|0|0|0|0|0|1|13000|0|0|0|0|0

P|TUVO2R|36R|TUVOG|0|3
S| |91000000|181000000| |CA|0|35600|0|0|0|0|1|2470|0|0|0|0|0
S|BB710|50501389|30916667| |DF|0|0|0|0|0|0|1|3940|0|1|0|0|0
S|TUVOG|50946389|30977778| |TF|0|0|0|0|0|0|1|13000|0|0|0|0|0

P|TUVO2S|36L|TUVOG|0|3
S| |91000000|181000000| |CA|0|35600|0|0|0|0|1|2470|0|0|0|0|0
S|BB510|50495000|30891944| |DF|0|0|0|0|0|0|1|3940|0|1|0|0|0
S|TUVOG|50946389|30977778| |TF|0|0|0|0|0|0|1|13000|0|0|0|0|0

P|TUVO2Y|18R|TUVOG|0|5
S| |91000000|181000000| |CA|0|17600|0|0|0|0|1|2470|0|0|0|0|0
S|BB315|50179722|30869167| |DF|0|0|0|0|0|0|1|3940|0|1|0|0|0
S|BBE01|50144167|31056111| |TF|0|0|0|0|0|0|0|0|0|0|0|0|0
S|BBE05|50205833|31095000| |TF|0|0|0|0|0|0|0|0|0|0|0|0|0
S|TUVOG|50946389|30977778| |TF|0|0|0|0|0|0|1|13000|0|0|0|0|0

P|TUVO2Z|18L|TUVOG|0|5
S| |91000000|181000000| |CA|0|17600|0|0|0|0|1|2470|0|0|0|0|0
S|BB110|50186389|30893611| |DF|0|0|0|0|0|0|1|3940|0|1|0|0|0
S|BBE01|50144167|31056111| |TF|0|0|0|0|0|0|0|0|0|0|0|0|0
S|BBE05|50205833|31095000| |TF|0|0|0|0|0|0|0|0|0|0|0|0|0
S|TUVOG|50946389|30977778| |TF|0|0|0|0|0|0|1|13000|0|0|0|0|0

P|VESE2R|36R|VESEL|0|6
S| |91000000|181000000| |CA|0|35600|0|0|0|0|1|2470|0|0|0|0|0
S|BB710|50501389|30916667| |DF|0|0|0|0|0|0|1|3940|0|1|0|0|0
S|BBN03|50551389|31023611| |TF|0|0|0|0|0|0|0|0|0|0|0|0|0
S|BBN04|50484444|31101111| |TF|0|0|0|0|0|0|0|0|0|0|0|0|0
S|BRP|50285694|30900972| |TF|0|0|0|0|0|0|1|8040|0|0|0|0|0
S|VESEL|49650000|29695278| |TF|0|0|0|0|0|0|1|10010|0|0|0|0|0

P|VESE3A|18L|VESEL|0|3
S| |91000000|181000000|BRP|CD|0|17600|0|0|600|0|1|3940|0|0|0|0|0
S| |91000000|181000000| |CI|2|27600|0|0|0|0|0|0|0|0|0|0|0
S|VESEL|49650000|29695278|BRP|CF|0|22400|6030|22420|5000|0|1|10010|0|0|0|0|0

P|VESE3B|18R|VESEL|0|3
S| |91000000|181000000|BRP|CD|0|17600|0|0|650|0|1|3940|0|0|0|0|0
S| |91000000|181000000| |CI|2|27600|0|0|0|0|0|0|0|0|0|0|0
S|VESEL|49650000|29695278|BRP|CF|0|22400|6030|22420|4900|0|1|10010|0|0|0|0|0

P|VESE3C|36R|VESEL|0|3
S| |91000000|181000000|BRP|CD|0|35600|0|0|1290|0|1|3940|0|0|0|0|0
S|BRP|50285694|30900972| |DF|2|0|0|0|0|0|1|8040|0|0|0|0|0
S|VESEL|49650000|29695278| |TF|0|0|0|0|0|0|1|10010|0|0|0|0|0

P|VESE3D|36L|VESEL|0|3
S| |91000000|181000000|BRP|CD|0|35600|0|0|1250|0|1|3940|0|0|0|0|0
S|BRP|50285694|30900972| |DF|2|0|0|0|0|0|1|8040|0|0|0|0|0
S|VESEL|49650000|29695278| |TF|0|0|0|0|0|0|1|10010|0|0|0|0|0

P|VESE3S|36L|VESEL|0|6
S| |91000000|181000000| |CA|0|35600|0|0|0|0|1|2470|0|0|0|0|0
S|BB510|50495000|30891944| |DF|0|0|0|0|0|0|1|3940|0|1|0|0|0
S|BBN03|50551389|31023611| |TF|0|0|0|0|0|0|0|0|0|0|0|0|0
S|BBN04|50484444|31101111| |TF|0|0|0|0|0|0|0|0|0|0|0|0|0
S|BRP|50285694|30900972| |TF|0|0|0|0|0|0|1|8040|0|0|0|0|0
S|VESEL|49650000|29695278| |TF|0|0|0|0|0|0|1|10010|0|0|0|0|0

P|VESE3Y|18R|VESEL|0|4
S| |91000000|181000000| |CA|0|17600|0|0|0|0|1|990|0|0|0|0|0
S| |91000000|181000000| |CA|0|21100|0|0|0|0|1|2470|0|0|0|0|0
S|BB325|50188611|30765556| |DF|0|0|0|0|0|0|1|3940|0|1|0|0|0
S|VESEL|49650000|29695278| |TF|0|0|0|0|0|0|1|10010|0|0|0|0|0

P|VESE3Z|18L|VESEL|0|3
S| |91000000|181000000| |CA|0|17600|0|0|0|0|1|2470|0|0|0|0|0
S|BB110|50186389|30893611| |DF|0|0|0|0|0|0|1|3940|0|1|0|0|0
S|VESEL|49650000|29695278| |TF|0|0|0|0|0|0|1|10010|0|0|0|0|0

