P|BRP2U|15|BRP|0|4
S| |91000000|181000000| |CA|0|14800|0|0|0|0|1|1480|0|0|0|0|0
S|LC|50650833|30155833| |DF|2|0|0|0|0|0|1|4930|0|1|0|0|0
S|D307Q|50485328|30576225|BRP|CF|2|12700|1730|30700|1600|0|1|10010|0|0|0|0|0
S|BRP|50285694|30900972| |TF|0|0|0|0|0|0|1|11000|0|0|0|0|0

P|BRP2W|33|BRP|0|3
S| |91000000|181000000| |CA|0|32800|0|0|0|0|1|4930|0|0|0|0|0
S|GO|50558056|30225000| |DF|1|0|0|0|0|0|1|10010|0|0|0|0|0
S|BRP|50285694|30900972| |TF|0|0|0|0|0|0|1|11000|0|0|0|0|0

P|GOTA7U|15|GOTAP|0|4
S| |91000000|181000000| |CA|0|14800|0|0|0|0|1|1480|0|0|0|0|0
S|LC|50650833|30155833| |DF|2|0|0|0|0|0|1|4930|0|1|0|0|0
S|BO|50628611|30892222|BRP|CF|0|9000|2060|35210|2800|0|1|11000|0|0|0|0|0
S|GOTAP|50255000|31820000| |TF|0|0|0|0|0|0|1|11000|0|0|0|0|0

P|GOTA7W|33|GOTAP|0|4
S| |91000000|181000000| |CA|0|32800|0|0|0|0|1|4930|0|0|0|0|0
S| |91000000|181000000| |VI|2|7600|0|0|0|0|0|0|0|0|0|0|0
S|BO|50628611|30892222|BRP|CF|0|10600|2060|35210|2800|0|1|11000|0|0|0|0|0
S|GOTAP|50255000|31820000| |TF|0|0|0|0|0|0|1|11000|0|0|0|0|0

P|KAFE1U|15|KAFEL|0|3
S| |91000000|181000000| |CA|0|14800|0|0|0|0|1|1480|0|0|0|0|0
S| |91000000|181000000| |CI|2|32800|0|0|0|0|0|0|0|0|0|0|0
S|KAFEL|50606944|29280556|BRP|CF|0|25800|6510|28090|3000|0|1|10010|0|0|0|0|0

P|KAFE1W|33|KAFEL|0|3
S| |91000000|181000000| |CA|0|32800|0|0|0|0|1|4930|0|0|0|0|0
S| |91000000|181000000| |CI|1|17200|0|0|0|0|0|0|0|0|0|0|0
S|KAFEL|50606944|29280556|BRP|CF|0|26100|6510|28090|2700|0|1|10010|0|0|0|0|0

P|KURO3U|15|KUROS|0|4
S| |91000000|181000000| |CA|0|14800|0|0|0|0|1|1480|0|0|0|0|0
S|LC|50650833|30155833| |DF|2|0|0|0|0|0|1|4930|0|1|0|0|0
S|BO|50628611|30892222|BRP|CF|0|9000|2060|35210|2800|0|1|11000|0|0|0|0|0
S|KUROS|50748333|31796667| |TF|0|0|0|0|0|0|1|17000|0|0|0|0|0

P|KURO3W|33|KUROS|0|4
S| |91000000|181000000| |CA|0|32800|0|0|0|0|1|4930|0|0|0|0|0
S| |91000000|181000000| |VI|2|7600|0|0|0|0|0|0|0|0|0|0|0
S|BO|50628611|30892222|BRP|CF|0|10600|2060|35210|2800|0|1|11000|0|0|0|0|0
S|KUROS|50748333|31796667| |TF|0|0|0|0|0|0|1|17000|0|0|0|0|0

P|TUVO2U|15|TUVOG|0|3
S| |91000000|181000000| |CA|0|14800|0|0|0|0|1|1480|0|0|0|0|0
S|LC|50650833|30155833| |DF|2|0|0|0|0|0|1|4930|0|1|0|0|0
S|TUVOG|50946389|30977778| |TF|0|0|0|0|0|0|1|13000|0|0|0|0|0

P|TUVO3W|33|TUVOG|0|3
S| |91000000|181000000| |CA|0|32800|0|0|0|0|1|4930|0|0|0|0|0
S| |91000000|181000000| |CI|2|10600|0|0|0|0|0|0|0|0|0|0|0
S|TUVOG|50946389|30977778|BRP|CF|0|4400|3980|35720|2500|0|1|13000|0|0|0|0|0

