P|DOZA2A|10|DOZAL|0|3
S| |91000000|181000000| |CA|0|10200|0|0|0|0|1|1100|0|0|0|0|0
S| |91000000|181000000| |CI|1|21500|0|0|0|0|0|0|0|0|0|0|0
S|DOZAL|52410278|30287222|GOL|CF|0|24500|2710|24540|2800|0|2|15000|0|0|0|0|0

P|DOZA2B|28|DOZAL|0|3
S| |91000000|181000000| |CA|0|28200|0|0|0|0|1|1500|0|0|0|0|0
S| |91000000|181000000| |CI|0|21500|0|0|0|0|0|0|0|0|0|0|0
S|DOZAL|52410278|30287222|GOL|CF|0|24500|2710|24540|2100|0|2|15000|0|0|0|0|0

P|DOZA2K|10|DOZAL|0|4
S| |91000000|181000000| |CA|0|10200|0|0|0|0|1|1500|0|0|0|0|0
S| |91000000|181000000|GOL|CD|0|10200|0|0|700|0|0|0|0|0|0|0|0
S| |91000000|181000000| |CI|2|28500|0|0|0|0|0|0|0|0|0|0|0
S|DOZAL|52410278|30287222|GOL|CF|0|24500|2710|24540|2200|0|2|15000|0|0|0|0|0

P|GOGE3A|10|GOGER|0|3
S| |91000000|181000000| |CA|0|10200|0|0|0|0|1|1100|0|0|0|0|0
S| |91000000|181000000| |CI|1|24100|0|0|0|0|0|0|0|0|0|0|0
S|GOGER|52604722|30321389|GOL|CF|0|27100|2510|27110|2300|0|2|15000|0|0|0|0|0

P|GOGE3B|28|GOGER|0|2
S| |91000000|181000000| |CA|0|28200|0|0|0|0|1|1500|0|0|0|0|0
S|GOGER|52604722|30321389|GOL|CF|0|27100|2510|27110|2300|0|2|15000|0|0|0|0|0

P|LOVI3A|10|LOVIK|0|3
S| |91000000|181000000| |CA|0|10200|0|0|0|0|1|1500|0|0|0|0|0
S| |91000000|181000000| |CI|2|21000|0|0|0|0|0|0|0|0|0|0|0
S|LOVIK|52083333|31015000|GOL|CF|0|17000|2710|16960|2100|0|2|15000|0|0|0|0|0

P|LOVI3B|28|LOVIK|0|3
S| |91000000|181000000| |CA|0|28200|0|0|0|0|1|1500|0|0|0|0|0
S| |91000000|181000000| |CI|1|13000|0|0|0|0|0|0|0|0|0|0|0
S|LOVIK|52083333|31015000|GOL|CF|0|17000|2710|16960|2100|0|2|15000|0|0|0|0|0

P|LOVI3K|10|LOVIK|0|4
S| |91000000|181000000| |CA|0|10200|0|0|0|0|1|1500|0|0|0|0|0
S| |91000000|181000000|GOL|CD|0|10200|0|0|700|0|0|0|0|0|0|0|0
S|GOL|52533500|30997194| |DF|1|0|0|0|0|0|1|3000|0|0|0|0|0
S|LOVIK|52083333|31015000| |TF|0|0|0|0|0|0|2|15000|0|0|0|0|0

P|LOVI3L|28|LOVIK|0|4
S| |91000000|181000000| |CA|0|28200|0|0|0|0|1|1500|0|0|0|0|0
S| |91000000|181000000|GOL|CD|0|28200|0|0|500|0|0|0|0|0|0|0|0
S|GOL|52533500|30997194| |DF|2|0|0|0|0|0|1|3000|0|0|0|0|0
S|LOVIK|52083333|31015000| |TF|0|0|0|0|0|0|2|15000|0|0|0|0|0

P|MABI3A|10|MABIR|0|3
S| |91000000|181000000| |CA|0|10200|0|0|0|0|1|1100|0|0|0|0|0
S| |91000000|181000000| |CI|0|3200|0|0|0|0|0|0|0|0|0|0|0
S|MABIR|52650000|31548333|GOL|CF|0|6200|2140|6160|1500|0|2|15000|0|0|0|0|0

P|MABI3B|28|MABIR|0|3
S| |91000000|181000000| |CA|0|28200|0|0|0|0|1|1100|0|0|0|0|0
S| |91000000|181000000| |CI|2|10200|0|0|0|0|0|0|0|0|0|0|0
S|MABIR|52650000|31548333|GOL|CF|0|6200|2140|6160|1700|0|2|15000|0|0|0|0|0

P|MAMI3A|10|MAMIN|0|3
S| |91000000|181000000| |CA|0|10200|0|0|0|0|1|1100|0|0|0|0|0
S| |91000000|181000000| |CI|1|30600|0|0|0|0|0|0|0|0|0|0|0
S|MAMIN|52958333|30936389|GOL|CF|0|34600|2560|34610|2000|0|2|15000|0|0|0|0|0

P|MAMI3B|28|MAMIN|0|3
S| |91000000|181000000| |CA|0|28200|0|0|0|0|1|1100|0|0|0|0|0
S| |91000000|181000000| |CI|2|1600|0|0|0|0|0|0|0|0|0|0|0
S|MAMIN|52958333|30936389|GOL|CF|0|34600|2560|34610|2100|0|2|15000|0|0|0|0|0

P|ROMA3A|10|ROMAL|0|3
S| |91000000|181000000| |CA|0|10200|0|0|0|0|1|1500|0|0|0|0|0
S| |91000000|181000000| |CI|2|25300|0|0|0|0|0|0|0|0|0|0|0
S|ROMAL|52203056|30521667|GOL|CF|0|21300|2650|21260|2000|0|2|15000|0|0|0|0|0

P|ROMA3B|28|ROMAL|0|4
S| |91000000|181000000| |CA|0|28200|0|0|0|0|1|1500|0|0|0|0|0
S| |91000000|181000000|GOL|CD|0|28200|0|0|500|0|0|0|0|0|0|0|0
S| |91000000|181000000| |CI|1|18300|0|0|0|0|0|0|0|0|0|0|0
S|ROMAL|52203056|30521667|GOL|CF|0|21300|2650|21260|1300|0|2|15000|0|0|0|0|0

