P|BATN2A|05|BATNA|0|3
S| |91000000|181000000| |CA|0|5300|0|0|0|0|1|1300|0|0|0|0|0
S| |91000000|181000000| |CI|2|14800|0|0|0|0|0|0|0|0|0|0|0
S|BATNA|54916667|30836111|VTB|CF|0|11800|2080|11850|1600|0|0|0|0|0|0|0|0

P|BATN2B|23|BATNA|0|3
S| |91000000|181000000| |CA|0|23300|0|0|0|0|1|1300|0|0|0|0|0
S| |91000000|181000000| |CI|1|8800|0|0|0|0|0|0|0|0|0|0|0
S|BATNA|54916667|30836111|VTB|CF|0|11800|2080|11850|1400|0|0|0|0|0|0|0|0

P|FOZL2A|05|FOZLU|0|3
S| |91000000|181000000| |CA|0|5300|0|0|0|0|1|1300|0|0|0|0|0
S| |91000000|181000000| |CI|2|19200|0|0|0|0|0|0|0|0|0|0|0
S|FOZLU|54851389|30433889|VTB|CF|0|16200|1680|16220|1000|0|0|0|0|0|0|0|0

P|FOZL2B|23|FOZLU|0|3
S| |91000000|181000000| |CA|0|23300|0|0|0|0|1|1300|0|0|0|0|0
S| |91000000|181000000| |CI|1|13200|0|0|0|0|0|0|0|0|0|0|0
S|FOZLU|54851389|30433889|VTB|CF|0|16200|1680|16220|1100|0|0|0|0|0|0|0|0

P|KODO2A|05|KODON|0|3
S| |91000000|181000000| |CA|0|5300|0|0|0|0|1|1300|0|0|0|0|0
S| |91000000|181000000| |CI|2|30100|0|0|0|0|0|0|0|0|0|0|0
S|KODON|55240000|29181389|VTB|CF|0|27100|4110|27090|4000|0|0|0|0|0|0|0|0

P|KODO2B|23|KODON|0|3
S| |91000000|181000000| |CA|0|23300|0|0|0|0|1|1600|0|0|0|0|0
S| |91000000|181000000| |CI|0|30100|0|0|0|0|0|0|0|0|0|0|0
S|KODON|55240000|29181389|VTB|CF|0|27100|4110|27090|3600|0|0|0|0|0|0|0|0

P|KUTH2A|05|KUTHU|0|3
S| |91000000|181000000| |CA|0|5300|0|0|0|0|1|1300|0|0|0|0|0
S| |91000000|181000000| |CI|2|24400|0|0|0|0|0|0|0|0|0|0|0
S|KUTHU|54723333|29714444|VTB|CF|0|21400|3300|21390|2700|0|0|0|0|0|0|0|0

P|KUTH2B|23|KUTHU|0|3
S| |91000000|181000000| |CA|0|23300|0|0|0|0|1|1300|0|0|0|0|0
S| |91000000|181000000| |CI|0|18400|0|0|0|0|0|0|0|0|0|0|0
S|KUTHU|54723333|29714444|VTB|CF|0|21400|3300|21390|3000|0|0|0|0|0|0|0|0

P|RATI2A|05|RATIN|0|2
S| |91000000|181000000| |CA|0|5300|0|0|0|0|1|1300|0|0|0|0|0
S|RATIN|55280000|30861389|VTB|CF|0|5300|1950|5290|1800|0|0|0|0|0|0|0|0

P|RATI2B|23|RATIN|0|3
S| |91000000|181000000| |CA|0|23300|0|0|0|0|1|1300|0|0|0|0|0
S| |91000000|181000000| |CI|1|2300|0|0|0|0|0|0|0|0|0|0|0
S|RATIN|55280000|30861389|VTB|CF|0|5300|1950|5290|1600|0|0|0|0|0|0|0|0

P|TEGL2A|05|TEGLU|0|3
S| |91000000|181000000| |CA|0|5300|0|0|0|0|1|1300|0|0|0|0|0
S| |91000000|181000000| |CI|0|32700|0|0|0|0|0|0|0|0|0|0|0
S|TEGLU|55501667|30428056|VTB|CF|0|35700|2260|35690|1900|0|0|0|0|0|0|0|0

P|TEGL2B|23|TEGLU|0|3
S| |91000000|181000000| |CA|0|23300|0|0|0|0|1|1300|0|0|0|0|0
S|VTB|55127889|30359944| |DF|1|0|0|0|0|0|0|0|0|0|0|0|0
S|TEGLU|55501667|30428056| |TF|0|0|0|0|0|0|0|0|0|0|0|0|0

P|VALT2A|05|VALTA|0|3
S| |91000000|181000000| |CA|0|5300|0|0|0|0|1|1300|0|0|0|0|0
S| |91000000|181000000| |CI|2|29300|0|0|0|0|0|0|0|0|0|0|0
S|VALTA|55141667|29176389|VTB|CF|0|26300|4080|26270|3700|0|0|0|0|0|0|0|0

P|VALT2B|23|VALTA|0|3
S| |91000000|181000000| |CA|0|23300|0|0|0|0|1|1600|0|0|0|0|0
S| |91000000|181000000| |CI|0|29300|0|0|0|0|0|0|0|0|0|0|0
S|VALTA|55141667|29176389|VTB|CF|0|26300|4080|26270|3800|0|0|0|0|0|0|0|0

