P|BUNA1B|15|BUNAT|0|3
S| |91000000|181000000| |CA|0|14800|0|0|0|0|1|800|0|0|0|0|0
S|MP|60752611|77634000| |DF|1|0|0|0|0|0|0|0|0|0|0|0|0
S|BUNAT|60928889|77610556| |TF|0|0|0|0|0|0|1|7000|0|0|0|0|0

P|BUNA1C|33|BUNAT|0|3
S| |91000000|181000000| |CA|0|32800|0|0|0|0|1|800|0|0|0|0|0
S|MP|60752611|77634000| |DF|0|0|0|0|0|0|0|0|0|1|0|0|0
S|BUNAT|60928889|77610556| |TF|0|0|0|0|0|0|1|7000|0|0|0|0|0

P|BUNA1F|33|BUNAT|0|3
S| |91000000|181000000| |CA|0|32800|0|0|0|0|1|570|0|0|0|0|0
S|SS301|60762556|77627889| |DF|0|0|0|0|0|0|0|0|0|1|0|0|0
S|BUNAT|60928889|77610556| |DF|0|0|0|0|0|0|1|7000|0|0|0|0|0

P|BUNA1G|15|BUNAT|0|3
S| |91000000|181000000| |CA|0|14800|0|0|0|0|1|570|0|0|0|0|0
S|SS401|60656833|77692667| |DF|0|0|0|0|0|0|0|0|0|1|0|0|0
S|BUNAT|60928889|77610556| |DF|1|0|0|0|0|0|1|7000|0|0|0|0|0

P|INLA1B|15|INLAS|0|3
S| |91000000|181000000| |CA|0|14800|0|0|0|0|1|800|0|0|0|0|0
S| |91000000|181000000| |CI|0|20500|0|0|0|0|0|0|0|0|0|0|0
S|INLAS|60282222|77412500|URT|CF|0|17800|42050|4370|2200|0|1|7000|0|0|0|0|0

P|INLA1C|33|INLAS|0|4
S| |91000000|181000000| |CA|0|32800|0|0|0|0|1|800|0|0|0|0|0
S|MP|60752611|77634000| |DF|0|0|0|0|0|0|0|0|0|1|0|0|0
S| |91000000|181000000| |CI|1|13100|0|0|0|0|0|0|0|0|0|0|0
S|INLAS|60282222|77412500|URT|CF|0|17800|42050|4370|2500|0|1|7000|0|0|0|0|0

P|INLA1F|33|INLAS|0|3
S| |91000000|181000000| |CA|0|32800|0|0|0|0|1|570|0|0|0|0|0
S|SS301|60762556|77627889| |DF|0|0|0|0|0|0|0|0|0|1|0|0|0
S|INLAS|60282222|77412500| |DF|1|0|0|0|0|0|1|7000|0|0|0|0|0

P|INLA1G|15|INLAS|0|3
S| |91000000|181000000| |CA|0|14800|0|0|0|0|1|570|0|0|0|0|0
S|SS401|60656833|77692667| |DF|0|0|0|0|0|0|0|0|0|1|0|0|0
S|INLAS|60282222|77412500| |DF|0|0|0|0|0|0|1|7000|0|0|0|0|0

P|NERE1B|15|NEREM|0|3
S| |91000000|181000000| |CA|0|14800|0|0|0|0|1|800|0|0|0|0|0
S| |91000000|181000000| |CI|1|3900|0|0|0|0|0|0|0|0|0|0|0
S|NEREM|60620833|78556944|URT|CF|0|9100|45950|4280|2200|0|1|7000|0|0|0|0|0

P|NERE1C|33|NEREM|0|4
S| |91000000|181000000| |CA|0|32800|0|0|0|0|1|800|0|0|0|0|0
S|MP|60752611|77634000| |DF|0|0|0|0|0|0|0|0|0|1|0|0|0
S| |91000000|181000000| |CI|2|13100|0|0|0|0|0|0|0|0|0|0|0
S|NEREM|60620833|78556944|URT|CF|0|9100|45950|4280|2300|0|1|7000|0|0|0|0|0

P|NERE1F|33|NEREM|0|3
S| |91000000|181000000| |CA|0|32800|0|0|0|0|1|570|0|0|0|0|0
S|SS301|60762556|77627889| |DF|0|0|0|0|0|0|0|0|0|1|0|0|0
S|NEREM|60620833|78556944| |DF|2|0|0|0|0|0|1|7000|0|0|0|0|0

P|NERE1G|15|NEREM|0|3
S| |91000000|181000000| |CA|0|14800|0|0|0|0|1|570|0|0|0|0|0
S|SS401|60656833|77692667| |DF|0|0|0|0|0|0|0|0|0|1|0|0|0
S|NEREM|60620833|78556944| |DF|0|0|0|0|0|0|1|7000|0|0|0|0|0

P|ORVE1B|15|ORVEL|0|3
S| |91000000|181000000| |CA|0|14800|0|0|0|0|1|800|0|0|0|0|0
S| |91000000|181000000| |CI|0|11900|0|0|0|0|0|0|0|0|0|0|0
S|ORVEL|60338056|78157778|URT|CF|0|13300|44250|4430|2300|0|1|7000|0|0|0|0|0

P|ORVE1C|33|ORVEL|0|4
S| |91000000|181000000| |CA|0|32800|0|0|0|0|1|800|0|0|0|0|0
S|MP|60752611|77634000| |DF|0|0|0|0|0|0|0|0|0|1|0|0|0
S| |91000000|181000000| |CI|2|18400|0|0|0|0|0|0|0|0|0|0|0
S|ORVEL|60338056|78157778|URT|CF|0|13300|44250|4430|2500|0|1|7000|0|0|0|0|0

P|ORVE1F|33|ORVEL|0|3
S| |91000000|181000000| |CA|0|32800|0|0|0|0|1|570|0|0|0|0|0
S|SS301|60762556|77627889| |DF|0|0|0|0|0|0|0|0|0|1|0|0|0
S|ORVEL|60338056|78157778| |DF|2|0|0|0|0|0|1|7000|0|0|0|0|0

P|ORVE1G|15|ORVEL|0|3
S| |91000000|181000000| |CA|0|14800|0|0|0|0|1|570|0|0|0|0|0
S|SS401|60656833|77692667| |DF|0|0|0|0|0|0|0|0|0|1|0|0|0
S|ORVEL|60338056|78157778| |DF|0|0|0|0|0|0|1|7000|0|0|0|0|0

P|PARO1B|15|PAROM|0|3
S| |91000000|181000000| |CA|0|14800|0|0|0|0|1|800|0|0|0|0|0
S|MP|60752611|77634000| |DF|1|0|0|0|0|0|0|0|0|0|0|0|0
S|PAROM|60833889|77033889| |TF|0|0|0|0|0|0|1|7000|0|0|0|0|0

P|PARO1C|33|PAROM|0|4
S| |91000000|181000000| |CA|0|32800|0|0|0|0|1|800|0|0|0|0|0
S|MP|60752611|77634000| |DF|0|0|0|0|0|0|0|0|0|1|0|0|0
S| |91000000|181000000| |CI|0|25800|0|0|0|0|0|0|0|0|0|0|0
S|PAROM|60833889|77033889|URT|CF|0|27100|42350|3890|1300|0|1|7000|0|0|0|0|0

P|PARO1F|33|PAROM|0|3
S| |91000000|181000000| |CA|0|32800|0|0|0|0|1|570|0|0|0|0|0
S|SS301|60762556|77627889| |DF|0|0|0|0|0|0|0|0|0|1|0|0|0
S|PAROM|60833889|77033889| |DF|0|0|0|0|0|0|1|7000|0|0|0|0|0

P|PARO1G|15|PAROM|0|3
S| |91000000|181000000| |CA|0|14800|0|0|0|0|1|570|0|0|0|0|0
S|SS401|60656833|77692667| |DF|0|0|0|0|0|0|0|0|0|1|0|0|0
S|PAROM|60833889|77033889| |DF|2|0|0|0|0|0|1|7000|0|0|0|0|0

P|TEBT1B|15|TEBTO|0|3
S| |91000000|181000000| |CA|0|14800|0|0|0|0|1|800|0|0|0|0|0
S| |91000000|181000000| |CI|0|8900|0|0|0|0|0|0|0|0|0|0|0
S|TEBTO|60425000|78358056|URT|CF|0|11700|44990|4390|2300|0|1|7000|0|0|0|0|0

P|TEBT1C|33|TEBTO|0|4
S| |91000000|181000000| |CA|0|32800|0|0|0|0|1|800|0|0|0|0|0
S|MP|60752611|77634000| |DF|0|0|0|0|0|0|0|0|0|1|0|0|0
S| |91000000|181000000| |CI|2|16500|0|0|0|0|0|0|0|0|0|0|0
S|TEBTO|60425000|78358056|URT|CF|0|11700|44990|4390|2400|0|1|7000|0|0|0|0|0

P|TEBT1F|33|TEBTO|0|3
S| |91000000|181000000| |CA|0|32800|0|0|0|0|1|570|0|0|0|0|0
S|SS301|60762556|77627889| |DF|0|0|0|0|0|0|0|0|0|1|0|0|0
S|TEBTO|60425000|78358056| |DF|2|0|0|0|0|0|1|7000|0|0|0|0|0

P|TEBT1G|15|TEBTO|0|3
S| |91000000|181000000| |CA|0|14800|0|0|0|0|1|570|0|0|0|0|0
S|SS401|60656833|77692667| |DF|0|0|0|0|0|0|0|0|0|1|0|0|0
S|TEBTO|60425000|78358056| |DF|0|0|0|0|0|0|1|7000|0|0|0|0|0

