P|ABGA1C|06|ABGAM|0|3
S|NF|43533583|43692194|WLK|CF|0|5600|4590|28910|300|0|1|2000|0|1|0|0|0
S| |91000000|181000000| |CI|1|30800|0|0|0|0|0|0|0|0|0|0|0
S|ABGAM|43763333|43533889|WLK|CF|0|32600|5890|29840|900|0|1|9000|0|0|0|0|0

P|ABGA1D|06|ABGAM|0|4
S|N|43521583|43659444| |DF|0|0|0|0|0|0|0|0|0|1|0|0|0
S| |91000000|181000000| |CA|0|5600|0|0|0|0|1|2000|0|0|0|0|0
S| |91000000|181000000| |CI|1|30100|0|0|0|0|0|0|0|0|0|0|0
S|ABGAM|43763333|43533889|WLK|CF|0|33200|5890|29840|1000|0|1|9000|0|0|0|0|0

P|ABGA1E|06|ABGAM|0|3
S|DER24|43517444|43648714| |DF|0|0|0|0|0|0|0|0|0|1|0|0|0
S| |91000000|181000000| |CA|0|5600|0|0|0|265|1|2000|0|0|0|0|0
S|ABGAM|43763333|43533889| |DF|1|0|0|0|0|0|1|9000|0|0|0|0|0

P|ABGA1G|06|ABGAM|0|4
S|NF|43533583|43692194|WLK|CF|0|5600|4590|28910|300|0|0|0|0|1|0|0|0
S| |91000000|181000000| |CA|0|5600|0|0|0|205|1|4500|0|0|0|0|0
S| |91000000|181000000| |CI|1|23600|0|0|0|0|0|0|0|0|0|0|0
S|ABGAM|43763333|43533889|WLK|CF|0|32600|5890|29840|1300|0|1|9000|0|0|0|0|0

P|ABGA1H|06|ABGAM|0|4
S|N|43521583|43659444| |DF|0|0|0|0|0|0|0|0|0|1|0|0|0
S| |91000000|181000000| |CA|0|5600|0|0|0|205|1|4000|0|0|0|0|0
S| |91000000|181000000| |CI|1|23600|0|0|0|0|0|0|0|0|0|0|0
S|ABGAM|43763333|43533889|WLK|CF|2|33200|5890|29840|1200|0|1|9000|0|0|0|0|0

P|ABGA1J|06|ABGAM|0|4
S| |91000000|181000000| |CA|0|5600|0|0|0|0|1|1870|0|0|0|0|0
S|MN018|43637167|43971278| |DF|0|0|0|0|0|265|0|0|0|0|0|0|0
S|MN022|43722222|43787500| |TF|1|0|0|0|0|0|0|0|0|0|0|0|0
S|ABGAM|43763333|43533889| |TF|0|0|0|0|0|0|1|9000|0|0|0|0|0

P|DUFL1C|06|DUFLE|0|3
S|NF|43533583|43692194|WLK|CF|0|5600|4590|28910|300|0|1|2000|0|1|0|0|0
S| |91000000|181000000| |CI|1|21200|0|0|0|0|0|0|0|0|0|0|0
S|DUFLE|43463056|42995833|WLK|CF|0|25500|7360|27590|2700|0|1|22000|0|0|0|0|0

P|DUFL1D|06|DUFLE|0|4
S|N|43521583|43659444| |DF|0|0|0|0|0|0|0|0|0|1|0|0|0
S| |91000000|181000000| |CA|0|5600|0|0|0|0|1|2000|0|0|0|0|0
S| |91000000|181000000| |CI|1|20700|0|0|0|0|0|0|0|0|0|0|0
S|DUFLE|43463056|42995833|WLK|CF|0|25600|7360|27590|2600|0|1|22000|0|0|0|0|0

P|DUFL1E|06|DUFLE|0|3
S|DER24|43517444|43648714| |DF|0|0|0|0|0|0|0|0|0|1|0|0|0
S| |91000000|181000000| |CA|0|5600|0|0|0|265|1|2000|0|0|0|0|0
S|DUFLE|43463056|42995833| |DF|1|0|0|0|0|0|1|22000|0|0|0|0|0

P|DUFL1G|06|DUFLE|0|5
S|NF|43533583|43692194|WLK|CF|0|5600|4590|28910|300|0|0|0|0|1|0|0|0
S| |91000000|181000000| |CA|0|5600|0|0|0|205|1|4500|0|0|0|0|0
S|NF|43533583|43692194| |DF|1|0|0|0|0|0|1|7000|0|0|0|0|0
S|NF|43533583|43692194| |HA|2|23600|0|0|0|260|1|16000|0|0|0|0|0
S|DUFLE|43463056|42995833| |TF|0|0|0|0|0|0|1|22000|0|0|0|0|0

P|DUFL1H|06|DUFLE|0|5
S|N|43521583|43659444| |DF|0|0|0|0|0|0|0|0|0|1|0|0|0
S| |91000000|181000000| |CA|0|5600|0|0|0|205|1|4300|0|0|0|0|0
S|N|43521583|43659444| |DF|1|0|0|0|0|0|1|7000|0|0|0|0|0
S|N|43521583|43659444| |HA|2|23600|0|0|0|260|1|17000|0|0|0|0|0
S|DUFLE|43463056|42995833| |TF|0|0|0|0|0|0|1|22000|0|0|0|0|0

P|DUFL1J|06|DUFLE|0|5
S| |91000000|181000000| |CA|0|5600|0|0|0|0|1|1870|0|0|0|0|0
S|MN020|43654111|44017222| |DF|0|0|0|0|0|265|0|0|0|0|0|0|0
S|MN021|43779250|43929528| |TF|0|0|0|0|0|0|1|8000|0|0|0|0|0
S|MN011|43686806|43462500| |TF|0|0|0|0|0|0|1|14000|0|0|0|0|0
S|DUFLE|43463056|42995833| |TF|0|0|0|0|0|0|1|22000|0|0|0|0|0

P|MEMZ1C|06|MEMZA|0|2
S|NF|43533583|43692194|WLK|CF|0|5600|4590|28910|300|0|1|2000|0|1|0|0|0
S|MEMZA|43634167|44132778| |TF|0|0|0|0|0|0|1|7000|0|0|0|0|0

P|MEMZ1D|06|MEMZA|0|3
S|N|43521583|43659444| |DF|0|0|0|0|0|0|0|0|0|1|0|0|0
S| |91000000|181000000| |CA|0|5600|0|0|0|0|1|2000|0|0|0|0|0
S|MEMZA|43634167|44132778|WLK|CF|0|6500|3410|31290|2000|0|1|7000|0|0|0|0|0

P|MEMZ1E|06|MEMZA|0|3
S|DER24|43517444|43648714| |DF|0|0|0|0|0|0|0|0|0|1|0|0|0
S| |91000000|181000000| |CA|0|5600|0|0|0|265|1|2000|0|0|0|0|0
S|MEMZA|43634167|44132778| |DF|0|0|0|0|0|0|1|7000|0|0|0|0|0

P|MEMZ1J|06|MEMZA|0|3
S| |91000000|181000000| |CA|0|5600|0|0|0|0|1|1870|0|0|0|0|0
S|MN018|43637167|43971278| |DF|0|0|0|0|0|0|0|0|0|0|0|0|0
S|MEMZA|43634167|44132778| |TF|0|0|0|0|0|0|1|7000|0|0|0|0|0

P|MOZA1C|06|MOZAT|0|3
S|NF|43533583|43692194|WLK|CF|0|5600|4590|28910|300|0|1|2000|0|1|0|0|0
S| |91000000|181000000| |CI|1|25600|0|0|0|0|0|0|0|0|0|0|0
S|MOZAT|43728889|43143611|WLK|CF|0|28900|7260|28940|2100|0|1|12000|0|0|0|0|0

P|MOZA1D|06|MOZAT|0|4
S|N|43521583|43659444| |DF|0|0|0|0|0|0|0|0|0|1|0|0|0
S| |91000000|181000000| |CA|0|5600|0|0|0|0|1|2000|0|0|0|0|0
S| |91000000|181000000| |CI|1|24700|0|0|0|0|0|0|0|0|0|0|0
S|MOZAT|43728889|43143611|WLK|CF|0|29200|7260|28940|2100|0|1|12000|0|0|0|0|0

P|MOZA1E|06|MOZAT|0|3
S|DER24|43517444|43648714| |DF|0|0|0|0|0|0|0|0|0|1|0|0|0
S| |91000000|181000000| |CA|0|5600|0|0|0|265|1|2000|0|0|0|0|0
S|MOZAT|43728889|43143611| |DF|1|0|0|0|0|0|1|12000|0|0|0|0|0

P|MOZA1G|06|MOZAT|0|4
S|NF|43533583|43692194|WLK|CF|0|5600|4590|28910|300|0|0|0|0|1|0|0|0
S| |91000000|181000000| |CA|0|5600|0|0|0|205|1|4500|0|0|0|0|0
S|NF|43533583|43692194| |DF|1|0|0|0|0|225|1|7000|0|0|0|0|0
S|MOZAT|43728889|43143611| |TF|0|0|0|0|0|0|1|12000|0|0|0|0|0

P|MOZA1H|06|MOZAT|0|4
S|N|43521583|43659444| |DF|0|0|0|0|0|0|0|0|0|1|0|0|0
S| |91000000|181000000| |CA|0|5600|0|0|0|205|1|4300|0|0|0|0|0
S|N|43521583|43659444| |DF|1|0|0|0|0|215|1|7000|0|0|0|0|0
S|MOZAT|43728889|43143611| |TF|0|0|0|0|0|0|1|12000|0|0|0|0|0

P|MOZA1J|06|MOZAT|0|4
S| |91000000|181000000| |CA|0|5600|0|0|0|0|1|1870|0|0|0|0|0
S|MN018|43637167|43971278| |DF|0|0|0|0|0|265|0|0|0|0|0|0|0
S|MN022|43722222|43787500| |TF|1|0|0|0|0|0|0|0|0|0|0|0|0
S|MOZAT|43728889|43143611| |TF|0|0|0|0|0|0|1|12000|0|0|0|0|0

P|NAMO1C|06|NAMOD|0|3
S|NF|43533583|43692194|WLK|CF|0|5600|4590|28910|300|0|1|2000|0|1|0|0|0
S| |91000000|181000000| |CI|1|19500|0|0|0|0|0|0|0|0|0|0|0
S|NAMOD|43389167|43203056|WLK|CF|0|24100|6390|27370|1900|0|1|23000|0|0|0|0|0

P|NAMO1D|06|NAMOD|0|4
S|N|43521583|43659444| |DF|0|0|0|0|0|0|0|0|0|1|0|0|0
S| |91000000|181000000| |CA|0|5600|0|0|0|0|1|2000|0|0|0|0|0
S| |91000000|181000000| |CI|1|19400|0|0|0|0|0|0|0|0|0|0|0
S|NAMOD|43389167|43203056|WLK|CF|0|24100|6390|27370|1900|0|1|23000|0|0|0|0|0

P|NAMO1E|06|NAMOD|0|3
S|DER24|43517444|43648714| |DF|0|0|0|0|0|0|0|0|0|1|0|0|0
S| |91000000|181000000| |CA|0|5600|0|0|0|265|1|2000|0|0|0|0|0
S|NAMOD|43389167|43203056| |DF|1|0|0|0|0|0|1|23000|0|0|0|0|0

P|NAMO1G|06|NAMOD|0|5
S|NF|43533583|43692194|WLK|CF|0|5600|4590|28910|300|0|0|0|0|1|0|0|0
S| |91000000|181000000| |CA|0|5600|0|0|0|205|1|4500|0|0|0|0|0
S|NF|43533583|43692194| |DF|1|0|0|0|0|0|1|7000|0|0|0|0|0
S|NF|43533583|43692194| |HA|2|23600|0|0|0|260|1|19000|0|0|0|0|0
S|NAMOD|43389167|43203056| |TF|0|0|0|0|0|0|1|23000|0|0|0|0|0

P|NAMO1H|06|NAMOD|0|5
S|N|43521583|43659444| |DF|0|0|0|0|0|0|0|0|0|1|0|0|0
S| |91000000|181000000| |CA|0|5600|0|0|0|205|1|4300|0|0|0|0|0
S|N|43521583|43659444| |DF|1|0|0|0|0|0|1|7000|0|0|0|0|0
S|N|43521583|43659444| |HA|2|23600|0|0|0|260|1|19000|0|0|0|0|0
S|NAMOD|43389167|43203056| |TF|0|0|0|0|0|0|1|23000|0|0|0|0|0

P|NAMO1J|06|NAMOD|0|5
S| |91000000|181000000| |CA|0|5600|0|0|0|0|1|1870|0|0|0|0|0
S|MN020|43654111|44017222| |DF|0|0|0|0|0|265|0|0|0|0|0|0|0
S|MN021|43779250|43929528| |TF|0|0|0|0|0|0|1|9000|0|0|0|0|0
S|MN011|43686806|43462500| |TF|0|0|0|0|0|0|1|15000|0|0|0|0|0
S|NAMOD|43389167|43203056| |TF|0|0|0|0|0|0|1|23000|0|0|0|0|0

P|OKAR1C|06|OKARU|0|2
S|NF|43533583|43692194|WLK|CF|0|5600|4590|28910|300|0|1|2000|0|1|0|0|0
S|OKARU|43846667|43811944| |TF|0|0|0|0|0|0|1|8000|0|0|0|0|0

P|OKAR1D|06|OKARU|0|4
S|N|43521583|43659444| |DF|0|0|0|0|0|0|0|0|0|1|0|0|0
S| |91000000|181000000| |CA|0|5600|0|0|0|0|1|2000|0|0|0|0|0
S| |91000000|181000000| |VI|0|34200|0|0|0|0|0|0|0|0|0|0|0
S|OKARU|43846667|43811944|WLK|CF|0|1200|5290|31040|1700|0|1|8000|0|0|0|0|0

P|OKAR1E|06|OKARU|0|3
S|DER24|43517444|43648714| |DF|0|0|0|0|0|0|0|0|0|1|0|0|0
S| |91000000|181000000| |CA|0|5600|0|0|0|265|1|2000|0|0|0|0|0
S|OKARU|43846667|43811944| |DF|0|0|0|0|0|0|1|8000|0|0|0|0|0

P|OKAR1G|06|OKARU|0|4
S|NF|43533583|43692194|WLK|CF|0|5600|4590|28910|300|0|0|0|0|1|0|0|0
S| |91000000|181000000| |CA|0|5600|0|0|0|205|1|4500|0|0|0|0|0
S| |91000000|181000000| |CI|1|27300|0|0|0|0|0|0|0|0|0|0|0
S|OKARU|43846667|43811944|WLK|CF|2|800|5290|31040|1300|0|1|8000|0|0|0|0|0

P|OKAR1H|06|OKARU|0|4
S|N|43521583|43659444| |DF|0|0|0|0|0|0|0|0|0|1|0|0|0
S| |91000000|181000000| |CA|0|5600|0|0|0|205|1|4000|0|0|0|0|0
S| |91000000|181000000| |CI|1|32500|0|0|0|0|0|0|0|0|0|0|0
S|OKARU|43846667|43811944|WLK|CF|0|1200|5290|31040|1300|0|1|8000|0|0|0|0|0

P|OKAR1J|06|OKARU|0|4
S| |91000000|181000000| |CA|0|5600|0|0|0|0|1|1870|0|0|0|0|0
S|MN018|43637167|43971278| |DF|0|0|0|0|0|220|0|0|0|0|0|0|0
S|MN022|43722222|43787500| |TF|1|0|0|0|0|220|1|7000|0|0|0|0|0
S|OKARU|43846667|43811944| |TF|0|0|0|0|0|0|1|8000|0|0|0|0|0

P|TAFI1C|06|TAFIK|0|2
S|NF|43533583|43692194|WLK|CF|0|5600|4590|28910|300|0|1|2000|0|1|0|0|0
S|TAFIK|43417222|43946944| |TF|0|0|0|0|0|0|1|7000|0|0|0|0|0

P|TAFI1D|06|TAFIK|0|4
S|N|43521583|43659444| |DF|0|0|0|0|0|0|0|0|0|1|0|0|0
S| |91000000|181000000| |CA|0|5600|0|0|0|0|1|2000|0|0|0|0|0
S| |91000000|181000000| |VI|0|13900|0|0|0|0|0|0|0|0|0|0|0
S|TAFIK|43417222|43946944|WLK|CF|0|10900|3290|28650|1000|0|1|7000|0|0|0|0|0

P|TAFI1E|06|TAFIK|0|3
S|DER24|43517444|43648714| |DF|0|0|0|0|0|0|0|0|0|1|0|0|0
S| |91000000|181000000| |CA|0|5600|0|0|0|265|1|2000|0|0|0|0|0
S|TAFIK|43417222|43946944| |DF|0|0|0|0|0|0|1|7000|0|0|0|0|0

P|TAFI1G|06|TAFIK|0|4
S|NF|43533583|43692194|WLK|CF|0|5600|4590|28910|300|0|0|0|0|1|0|0|0
S| |91000000|181000000| |CA|0|5600|0|0|0|205|1|4500|0|0|0|0|0
S|NF|43533583|43692194| |DF|1|0|0|0|0|225|1|7000|0|0|0|0|0
S|TAFIK|43417222|43946944| |TF|0|0|0|0|0|0|1|7000|0|0|0|0|0

P|TAFI1H|06|TAFIK|0|4
S|N|43521583|43659444| |DF|0|0|0|0|0|0|0|0|0|1|0|0|0
S| |91000000|181000000| |CA|0|5600|0|0|0|205|1|4300|0|0|0|0|0
S|N|43521583|43659444| |DF|1|0|0|0|0|215|1|7000|0|0|0|0|0
S|TAFIK|43417222|43946944| |TF|0|0|0|0|0|0|1|7000|0|0|0|0|0

P|TAFI1J|06|TAFIK|0|4
S| |91000000|181000000| |CA|0|5600|0|0|0|0|1|1870|0|0|0|0|0
S|MN018|43637167|43971278| |DF|0|0|0|0|0|220|0|0|0|0|0|0|0
S|MN019|43563556|44022667| |TF|0|0|0|0|0|220|0|0|0|0|0|0|0
S|TAFIK|43417222|43946944| |TF|0|0|0|0|0|0|1|7000|0|0|0|0|0

