P|AMLU5E|09|AMLUG|0|3
S| |91000000|181000000| |CA|0|8800|0|0|0|0|1|3000|0|0|0|0|0
S|SC|43328333|44945528| |DF|2|0|0|0|0|245|0|0|0|1|0|0|0
S|AMLUG|43476111|45215278| |TF|0|0|0|0|0|0|1|9000|0|0|0|0|0

P|AMLU5F|27|AMLUG|0|3
S|D268E|43332953|44889592|WLK|CF|0|26800|1360|4720|500|245|0|0|0|1|0|0|0
S| |91000000|181000000| |CI|2|9500|0|0|0|0|0|0|0|0|0|0|0
S|AMLUG|43476111|45215278|WLK|CF|0|4500|3020|4960|1100|0|1|9000|0|0|0|0|0

P|AMLU5G|09|AMLUG|0|3
S| |91000000|181000000| |CA|0|8800|0|0|0|0|1|3000|0|0|0|0|0
S|S|43325972|44979417| |DF|2|0|0|0|0|245|0|0|0|1|0|0|0
S|AMLUG|43476111|45215278| |TF|0|0|0|0|0|0|1|9000|0|0|0|0|0

P|AMLU5H|27|AMLUG|0|3
S|D268E|43332953|44889592|WLK|CF|0|26800|1360|4720|500|245|0|0|0|1|0|0|0
S| |91000000|181000000| |CI|2|10400|0|0|0|0|0|0|0|0|0|0|0
S|AMLUG|43476111|45215278|WLK|CF|0|4100|3020|4960|1100|0|1|9000|0|0|0|0|0

P|AMLU5J|09|AMLUG|0|3
S| |91000000|181000000| |CA|0|8800|0|0|0|0|1|1610|0|0|0|0|0
S|MS012|43309750|45193000| |DF|0|0|0|0|0|215|0|0|0|1|0|0|0
S|AMLUG|43476111|45215278| |DF|1|0|0|0|0|0|1|9000|0|0|0|0|0

P|AMLU5K|27|AMLUG|0|4
S| |91000000|181000000| |CA|0|26800|0|0|0|0|1|1610|0|0|0|0|0
S|MS015|43336361|44839944| |DF|0|0|0|0|0|190|0|0|0|1|0|0|0
S|MS011|43429556|44864139| |DF|2|0|0|0|0|0|0|0|0|0|0|0|0
S|AMLUG|43476111|45215278| |TF|0|0|0|0|0|0|1|9000|0|0|0|0|0

P|ATMA5E|09|ATMAG|0|3
S| |91000000|181000000| |CA|0|8800|0|0|0|0|1|3000|0|0|0|0|0
S|SC|43328333|44945528| |DF|2|0|0|0|0|245|0|0|0|1|0|0|0
S|ATMAG|43434167|44784722| |TF|0|0|0|0|0|0|1|8000|0|0|0|0|0

P|ATMA5F|27|ATMAG|0|3
S|D268E|43332953|44889592|WLK|CF|0|26800|1360|4720|500|245|0|0|0|1|0|0|0
S| |91000000|181000000| |CI|0|33400|0|0|0|0|0|0|0|0|0|0|0
S|ATMAG|43434167|44784722|MNW|CF|0|30400|8940|11510|500|0|1|8000|0|0|0|0|0

P|ATMA5G|09|ATMAG|0|3
S| |91000000|181000000| |CA|0|8800|0|0|0|0|1|3000|0|0|0|0|0
S|S|43325972|44979417| |DF|2|0|0|0|0|245|0|0|0|1|0|0|0
S|ATMAG|43434167|44784722| |TF|0|0|0|0|0|0|1|8000|0|0|0|0|0

P|ATMA5H|27|ATMAG|0|3
S|D268E|43332953|44889592|WLK|CF|0|26800|1360|4720|500|245|0|0|0|1|0|0|0
S| |91000000|181000000| |CI|0|34400|0|0|0|0|0|0|0|0|0|0|0
S|ATMAG|43434167|44784722|MNW|CF|0|29900|8940|11510|500|0|1|8000|0|0|0|0|0

P|ATMA5J|09|ATMAG|0|4
S| |91000000|181000000| |CA|0|8800|0|0|0|0|1|1610|0|0|0|0|0
S|MS012|43309750|45193000| |DF|0|0|0|0|0|215|0|0|0|1|0|0|0
S|MS013|43395972|45057611| |DF|1|0|0|0|0|0|0|0|0|0|0|0|0
S|ATMAG|43434167|44784722| |TF|0|0|0|0|0|0|1|8000|0|0|0|0|0

P|ATMA5K|27|ATMAG|0|3
S| |91000000|181000000| |CA|0|26800|0|0|0|0|1|1610|0|0|0|0|0
S|MS015|43336361|44839944| |DF|0|0|0|0|0|215|0|0|0|1|0|0|0
S|ATMAG|43434167|44784722| |DF|2|0|0|0|0|0|1|8000|0|0|0|0|0

P|WLK5E|09|WLK|0|3
S| |91000000|181000000| |CA|0|8800|0|0|0|0|1|3000|0|0|0|0|0
S|SC|43328333|44945528| |DF|2|0|0|0|0|245|0|0|0|1|0|0|0
S|WLK|43200417|44637361| |TF|0|0|0|0|0|0|1|8000|0|0|0|0|0

P|WLK5F|27|WLK|0|3
S|D268E|43332953|44889592|WLK|CF|0|26800|1360|4720|500|245|0|0|0|1|0|0|0
S| |91000000|181000000| |CI|0|20600|0|0|0|0|0|0|0|0|0|0|0
S|WLK|43200417|44637361|MNW|CF|0|23300|9290|12460|1100|0|1|8000|0|0|0|0|0

P|WLK5G|09|WLK|0|3
S| |91000000|181000000| |CA|0|8800|0|0|0|0|1|3000|0|0|0|0|0
S|S|43325972|44979417| |DF|2|0|0|0|0|245|0|0|0|1|0|0|0
S|WLK|43200417|44637361| |TF|0|0|0|0|0|0|1|8000|0|0|0|0|0

P|WLK5H|27|WLK|0|3
S|D268E|43332953|44889592|WLK|CF|0|26800|1360|4720|500|245|0|0|0|1|0|0|0
S| |91000000|181000000| |CI|0|20800|0|0|0|0|0|0|0|0|0|0|0
S|WLK|43200417|44637361|MNW|CF|0|23500|9290|12460|1000|0|1|8000|0|0|0|0|0

P|WLK5J|09|WLK|0|4
S| |91000000|181000000| |CA|0|8800|0|0|0|0|1|1610|0|0|0|0|0
S|MS012|43309750|45193000| |DF|0|0|0|0|0|215|0|0|0|1|0|0|0
S|MS014|43255750|44952667| |DF|2|0|0|0|0|0|0|0|0|0|0|0|0
S|WLK|43200417|44637361| |TF|0|0|0|0|0|0|1|8000|0|0|0|0|0

P|WLK5K|27|WLK|0|3
S| |91000000|181000000| |CA|0|26800|0|0|0|0|1|1610|0|0|0|0|0
S|MS015|43336361|44839944| |DF|0|0|0|0|0|0|0|0|0|1|0|0|0
S|WLK|43200417|44637361| |DF|1|0|0|0|0|0|1|8000|0|0|0|0|0

