P|ABIM1G|04|ABIMA|0|4
S|DER04|66596492|66638103| |DF|0|0|0|0|0|0|0|0|0|1|0|0|0
S| |91000000|181000000| |CA|0|3800|0|0|0|0|1|600|0|0|0|0|0
S| |91000000|181000000| |CI|2|14000|0|0|0|0|0|0|0|0|0|0|0
S|ABIMA|66373889|67593889|SH|CF|0|9500|2700|9510|2200|0|1|8000|0|0|0|0|0

P|ABIM1H|22|ABIMA|0|4
S|DER22|66584833|66584161| |DF|0|0|0|0|0|0|0|0|0|1|0|0|0
S| |91000000|181000000| |CA|0|21800|0|0|0|0|1|1000|0|0|0|0|0
S|SH|66588083|66607917| |DF|2|0|0|0|0|225|0|0|0|0|0|0|0
S|ABIMA|66373889|67593889| |TF|0|0|0|0|0|0|1|8000|0|0|0|0|0

P|ABIM1L|22|ABIMA|0|4
S|DER22|66584833|66584161| |DF|0|0|0|0|0|0|0|0|0|1|0|0|0
S| |91000000|181000000| |CA|0|21800|0|0|0|0|1|650|0|0|0|0|0
S|DM|66611111|66706056| |DF|2|0|0|0|0|230|0|0|0|0|0|0|0
S|ABIMA|66373889|67593889| |TF|0|0|0|0|0|0|1|8000|0|0|0|0|0

P|ABIM1M|04|ABIMA|0|2
S| |91000000|181000000| |CA|0|3800|0|0|0|0|1|600|0|0|0|0|0
S|ABIMA|66373889|67593889| |DF|0|0|0|0|0|0|1|8000|0|0|0|0|0

P|ABIM1N|22|ABIMA|0|2
S| |91000000|181000000| |CA|0|21800|0|0|0|0|1|650|0|0|0|0|0
S|ABIMA|66373889|67593889| |DF|1|0|0|0|0|0|1|8000|0|0|0|0|0

P|ABIM1R|04|ABIMA|0|4
S|DER04|66596492|66638103| |DF|0|0|0|0|0|0|0|0|0|1|0|0|0
S| |91000000|181000000| |CA|1|3800|0|0|0|0|1|600|0|0|0|0|0
S| |91000000|181000000| |CI|2|15000|0|0|0|0|0|0|0|0|0|0|0
S|ABIMA|66373889|67593889|SH|CF|0|9300|2700|9510|2200|0|1|8000|0|0|0|0|0

P|ABIM1T|22|ABIMA|0|4
S|DER22|66584833|66584161| |DF|0|0|0|0|0|0|0|0|0|1|0|0|0
S| |91000000|181000000| |CA|0|21800|0|0|0|0|1|650|0|0|0|0|0
S|D|66600861|66658389| |DF|2|0|0|0|0|230|0|0|0|0|0|0|0
S|ABIMA|66373889|67593889| |TF|0|0|0|0|0|0|1|8000|0|0|0|0|0

P|BISP1G|04|BISPU|0|4
S|DER04|66596492|66638103| |DF|0|0|0|0|0|0|0|0|0|1|0|0|0
S| |91000000|181000000| |CA|0|3800|0|0|0|0|1|600|0|0|0|0|0
S| |91000000|181000000| |CI|0|9000|0|0|0|0|0|0|0|0|0|0|0
S|BISPU|66618333|67736944|SH|CF|0|6300|2710|6260|2300|0|1|8000|0|0|0|0|0

P|BISP1H|22|BISPU|0|4
S|DER22|66584833|66584161| |DF|0|0|0|0|0|0|0|0|0|1|0|0|0
S| |91000000|181000000| |CA|0|21800|0|0|0|0|1|1000|0|0|0|0|0
S|SH|66588083|66607917| |DF|2|0|0|0|0|225|0|0|0|1|0|0|0
S|BISPU|66618333|67736944| |TF|0|0|0|0|0|0|1|8000|0|0|0|0|0

P|BISP1L|22|BISPU|0|4
S|DER22|66584833|66584161| |DF|0|0|0|0|0|0|0|0|0|1|0|0|0
S| |91000000|181000000| |CA|0|21800|0|0|0|0|1|650|0|0|0|0|0
S|DM|66611111|66706056| |DF|2|0|0|0|0|230|0|0|0|1|0|0|0
S|BISPU|66618333|67736944| |TF|0|0|0|0|0|0|1|8000|0|0|0|0|0

P|BISP1M|04|BISPU|0|2
S| |91000000|181000000| |CA|0|3800|0|0|0|0|1|600|0|0|0|0|0
S|BISPU|66618333|67736944| |DF|0|0|0|0|0|0|1|8000|0|0|0|0|0

P|BISP1N|22|BISPU|0|2
S| |91000000|181000000| |CA|0|21800|0|0|0|0|1|650|0|0|0|0|0
S|BISPU|66618333|67736944| |DF|1|0|0|0|0|0|1|8000|0|0|0|0|0

P|BISP1R|04|BISPU|0|4
S|DER04|66596492|66638103| |DF|0|0|0|0|0|0|0|0|0|1|0|0|0
S| |91000000|181000000| |CA|0|3800|0|0|0|0|1|600|0|0|0|0|0
S| |91000000|181000000| |CI|0|9000|0|0|0|0|0|0|0|0|0|0|0
S|BISPU|66618333|67736944|SH|CF|0|6200|2710|6260|2200|0|1|8000|0|0|0|0|0

P|BISP1T|22|BISPU|0|4
S|DER22|66584833|66584161| |DF|0|0|0|0|0|0|0|0|0|1|0|0|0
S| |91000000|181000000| |CA|0|21800|0|0|0|0|1|650|0|0|0|0|0
S|D|66600861|66658389| |DF|2|0|0|0|0|230|0|0|0|1|0|0|0
S|BISPU|66618333|67736944| |TF|0|0|0|0|0|0|1|8000|0|0|0|0|0

P|DIPA1G|04|DIPAR|0|4
S|DER04|66596492|66638103| |DF|0|0|0|0|0|0|0|0|0|1|0|0|0
S| |91000000|181000000| |CA|0|3800|0|0|0|0|1|600|0|0|0|0|0
S| |91000000|181000000| |CI|2|23500|0|0|0|225|0|0|0|0|0|0|0
S|DIPAR|66156667|66330556|SH|CF|0|17200|2680|17160|2400|0|1|8000|0|0|0|0|0

P|DIPA1H|22|DIPAR|0|4
S|DER22|66584833|66584161| |DF|0|0|0|0|0|0|0|0|0|1|0|0|0
S| |91000000|181000000| |CA|0|21800|0|0|0|0|1|650|0|0|0|0|0
S| |91000000|181000000| |CI|0|13000|0|0|0|0|0|0|0|0|0|0|0
S|DIPAR|66156667|66330556|SH|CF|0|17200|2680|17160|2200|0|1|8000|0|0|0|0|0

P|DIPA1L|22|DIPAR|0|4
S|DER22|66584833|66584161| |DF|0|0|0|0|0|0|0|0|0|1|0|0|0
S| |91000000|181000000| |CA|0|21800|0|0|0|0|1|650|0|0|0|0|0
S| |91000000|181000000| |CI|0|13000|0|0|0|0|0|0|0|0|0|0|0
S|DIPAR|66156667|66330556|SH|CF|0|17500|2680|17160|2100|0|1|8000|0|0|0|0|0

P|DIPA1M|04|DIPAR|0|2
S| |91000000|181000000| |CA|0|3800|0|0|0|0|1|600|0|0|0|0|0
S|DIPAR|66156667|66330556| |DF|2|0|0|0|0|0|1|8000|0|0|0|0|0

P|DIPA1N|22|DIPAR|0|2
S| |91000000|181000000| |CA|0|21800|0|0|0|0|1|650|0|0|0|0|0
S|DIPAR|66156667|66330556| |DF|0|0|0|0|0|0|1|8000|0|0|0|0|0

P|DIPA1R|04|DIPAR|0|4
S|DER04|66596492|66638103| |DF|0|0|0|0|0|0|0|0|0|1|0|0|0
S| |91000000|181000000| |CA|0|3800|0|0|0|0|1|600|0|0|0|0|0
S|N|66581000|66566444| |DF|1|0|0|0|0|230|0|0|0|0|0|0|0
S|DIPAR|66156667|66330556| |TF|0|0|0|0|0|0|1|8000|0|0|0|0|0

P|DIPA1S|04|DIPAR|0|4
S|DER04|66596492|66638103| |DF|0|0|0|0|0|0|0|0|0|1|0|0|0
S| |91000000|181000000| |CA|0|3800|0|0|0|0|1|600|0|0|0|0|0
S| |91000000|181000000| |CI|2|24000|0|0|0|0|0|0|0|0|0|0|0
S|DIPAR|66156667|66330556|SH|CF|0|17000|2680|17160|2400|0|1|8000|0|0|0|0|0

P|DIPA1T|22|DIPAR|0|4
S|DER22|66584833|66584161| |DF|0|0|0|0|0|0|0|0|0|1|0|0|0
S| |91000000|181000000| |CA|0|21800|0|0|0|0|1|650|0|0|0|0|0
S| |91000000|181000000| |CI|0|13000|0|0|0|0|0|0|0|0|0|0|0
S|DIPAR|66156667|66330556|SH|CF|0|17400|2680|17160|2200|0|1|8000|0|0|0|0|0

P|DUDL1G|04|DUDLA|0|4
S|DER04|66596492|66638103| |DF|0|0|0|0|0|0|0|0|0|1|0|0|0
S| |91000000|181000000| |CA|0|3800|0|0|0|0|1|600|0|0|0|0|0
S| |91000000|181000000| |CI|1|22000|0|0|0|0|0|0|0|0|0|0|0
S|DUDLA|66890000|65766667|SH|CF|0|29000|2710|28960|2300|0|1|10000|0|0|0|0|0

P|DUDL1H|22|DUDLA|0|4
S|DER22|66584833|66584161| |DF|0|0|0|0|0|0|0|0|0|1|0|0|0
S| |91000000|181000000| |CA|0|21800|0|0|0|0|1|650|0|0|0|0|0
S| |91000000|181000000| |CI|2|34000|0|0|0|0|0|0|0|0|0|0|0
S|DUDLA|66890000|65766667|SH|CF|0|29000|2710|28960|2200|0|1|10000|0|0|0|0|0

P|DUDL1L|22|DUDLA|0|4
S|DER22|66584833|66584161| |DF|0|0|0|0|0|0|0|0|0|1|0|0|0
S| |91000000|181000000| |CA|0|21800|0|0|0|0|1|650|0|0|0|0|0
S| |91000000|181000000| |CI|2|34500|0|0|0|0|0|0|0|0|0|0|0
S|DUDLA|66890000|65766667|SH|CF|0|28400|2710|28960|2100|0|1|10000|0|0|0|0|0

P|DUDL1M|04|DUDLA|0|2
S| |91000000|181000000| |CA|0|3800|0|0|0|0|1|600|0|0|0|0|0
S|DUDLA|66890000|65766667| |DF|1|0|0|0|0|0|1|10000|0|0|0|0|0

P|DUDL1N|22|DUDLA|0|2
S| |91000000|181000000| |CA|0|21800|0|0|0|0|1|650|0|0|0|0|0
S|DUDLA|66890000|65766667| |DF|0|0|0|0|0|0|1|10000|0|0|0|0|0

P|DUDL1R|04|DUDLA|0|4
S|DER04|66596492|66638103| |DF|0|0|0|0|0|0|0|0|0|1|0|0|0
S| |91000000|181000000| |CA|0|3800|0|0|0|0|1|600|0|0|0|0|0
S| |91000000|181000000| |CI|1|22500|0|0|0|0|0|0|0|0|0|0|0
S|DUDLA|66890000|65766667|SH|CF|0|29200|2710|28960|2200|0|1|10000|0|0|0|0|0

P|DUDL1T|22|DUDLA|0|4
S|DER22|66584833|66584161| |DF|0|0|0|0|0|0|0|0|0|1|0|0|0
S| |91000000|181000000| |CA|0|21800|0|0|0|0|1|650|0|0|0|0|0
S| |91000000|181000000| |CI|2|34000|0|0|0|0|0|0|0|0|0|0|0
S|DUDLA|66890000|65766667|SH|CF|0|28700|2710|28960|2200|0|1|10000|0|0|0|0|0

P|KULA1G|04|KULAP|0|4
S|DER04|66596492|66638103| |DF|0|0|0|0|0|0|0|0|0|1|0|0|0
S| |91000000|181000000| |CA|0|3800|0|0|0|0|1|600|0|0|0|0|0
S| |91000000|181000000| |CI|0|8000|0|0|0|0|0|0|0|0|0|0|0
S|KULAP|66672222|67721389|SH|CF|0|5600|2710|5570|2300|0|1|8000|0|0|0|0|0

P|KULA1H|22|KULAP|0|4
S|DER22|66584833|66584161| |DF|0|0|0|0|0|0|0|0|0|1|0|0|0
S| |91000000|181000000| |CA|0|21800|0|0|0|0|1|1000|0|0|0|0|0
S|SH|66588083|66607917| |DF|2|0|0|0|0|225|0|0|0|1|0|0|0
S|KULAP|66672222|67721389| |TF|0|0|0|0|0|0|1|8000|0|0|0|0|0

P|KULA1L|22|KULAP|0|4
S|DER22|66584833|66584161| |DF|0|0|0|0|0|0|0|0|0|1|0|0|0
S| |91000000|181000000| |CA|0|21800|0|0|0|0|1|650|0|0|0|0|0
S|DM|66611111|66706056| |DF|2|0|0|0|0|230|0|0|0|1|0|0|0
S|KULAP|66672222|67721389| |TF|0|0|0|0|0|0|1|8000|0|0|0|0|0

P|KULA1M|04|KULAP|0|2
S| |91000000|181000000| |CA|0|3800|0|0|0|0|1|600|0|0|0|0|0
S|KULAP|66672222|67721389| |DF|0|0|0|0|0|0|1|8000|0|0|0|0|0

P|KULA1N|22|KULAP|0|2
S| |91000000|181000000| |CA|0|21800|0|0|0|0|1|650|0|0|0|0|0
S|KULAP|66672222|67721389| |DF|1|0|0|0|0|0|1|8000|0|0|0|0|0

P|KULA1R|04|KULAP|0|4
S|DER04|66596492|66638103| |DF|0|0|0|0|0|0|0|0|0|1|0|0|0
S| |91000000|181000000| |CA|0|3800|0|0|0|0|1|600|0|0|0|0|0
S| |91000000|181000000| |CI|0|8000|0|0|0|0|0|0|0|0|0|0|0
S|KULAP|66672222|67721389|SH|CF|0|5500|2710|5570|2200|0|1|8000|0|0|0|0|0

P|KULA1T|22|KULAP|0|4
S|DER22|66584833|66584161| |DF|0|0|0|0|0|0|0|0|0|1|0|0|0
S| |91000000|181000000| |CA|0|21800|0|0|0|0|1|650|0|0|0|0|0
S|D|66600861|66658389| |DF|2|0|0|0|0|230|0|0|0|1|0|0|0
S|KULAP|66672222|67721389| |TF|0|0|0|0|0|0|1|8000|0|0|0|0|0

P|LUKA1G|04|LUKAT|0|4
S|DER04|66596492|66638103| |DF|0|0|0|0|0|0|0|0|0|1|0|0|0
S| |91000000|181000000| |CA|0|3800|0|0|0|0|1|600|0|0|0|0|0
S| |91000000|181000000| |CI|0|2000|0|0|0|0|0|0|0|0|0|0|0
S|LUKAT|66863056|67511111|SH|CF|0|2900|2720|2900|2600|0|1|8000|0|0|0|0|0

P|LUKA1H|22|LUKAT|0|4
S|DER22|66584833|66584161| |DF|0|0|0|0|0|0|0|0|0|1|0|0|0
S| |91000000|181000000| |CA|0|21800|0|0|0|0|1|650|0|0|0|0|0
S| |91000000|181000000| |CI|2|9000|0|0|0|225|0|0|0|0|0|0|0
S|LUKAT|66863056|67511111|SH|CF|0|2900|2720|2900|2500|0|1|8000|0|0|0|0|0

P|LUKA1L|22|LUKAT|0|4
S|DER22|66584833|66584161| |DF|0|0|0|0|0|0|0|0|0|1|0|0|0
S| |91000000|181000000| |CA|0|21800|0|0|0|0|1|650|0|0|0|0|0
S|DM|66611111|66706056| |DF|2|0|0|0|0|230|0|0|0|1|0|0|0
S|LUKAT|66863056|67511111| |TF|0|0|0|0|0|0|1|8000|0|0|0|0|0

P|LUKA1M|04|LUKAT|0|2
S| |91000000|181000000| |CA|0|3800|0|0|0|0|1|600|0|0|0|0|0
S|LUKAT|66863056|67511111| |DF|0|0|0|0|0|0|1|8000|0|0|0|0|0

P|LUKA1N|22|LUKAT|0|2
S| |91000000|181000000| |CA|0|21800|0|0|0|0|1|650|0|0|0|0|0
S|LUKAT|66863056|67511111| |DF|2|0|0|0|0|0|1|8000|0|0|0|0|0

P|LUKA1R|04|LUKAT|0|4
S|DER04|66596492|66638103| |DF|0|0|0|0|0|0|0|0|0|1|0|0|0
S| |91000000|181000000| |CA|0|3800|0|0|0|0|1|600|0|0|0|0|0
S| |91000000|181000000| |CI|0|2000|0|0|0|0|0|0|0|0|0|0|0
S|LUKAT|66863056|67511111|SH|CF|0|3000|2720|2900|2400|0|1|8000|0|0|0|0|0

P|LUKA1T|22|LUKAT|0|4
S|DER22|66584833|66584161| |DF|0|0|0|0|0|0|0|0|0|1|0|0|0
S| |91000000|181000000| |CA|0|21800|0|0|0|0|1|650|0|0|0|0|0
S|D|66600861|66658389| |DF|2|0|0|0|0|230|0|0|0|1|0|0|0
S|LUKAT|66863056|67511111| |TF|0|0|0|0|0|0|1|8000|0|0|0|0|0

P|MADU1G|04|MADUN|0|4
S|DER04|66596492|66638103| |DF|0|0|0|0|0|0|0|0|0|1|0|0|0
S| |91000000|181000000| |CA|0|3800|0|0|0|0|1|600|0|0|0|0|0
S| |91000000|181000000| |CI|2|22000|0|0|0|225|0|0|0|0|0|0|0
S|MADUN|66142222|66623056|SH|CF|0|15600|2690|15620|2300|0|1|8000|0|0|0|0|0

P|MADU1H|22|MADUN|0|4
S|DER22|66584833|66584161| |DF|0|0|0|0|0|0|0|0|0|1|0|0|0
S| |91000000|181000000| |CA|0|21800|0|0|0|0|1|650|0|0|0|0|0
S| |91000000|181000000| |CI|1|10000|0|0|0|0|0|0|0|0|0|0|0
S|MADUN|66142222|66623056|SH|CF|0|15600|2690|15620|2300|0|1|8000|0|0|0|0|0

P|MADU1L|22|MADUN|0|4
S|DER22|66584833|66584161| |DF|0|0|0|0|0|0|0|0|0|1|0|0|0
S| |91000000|181000000| |CA|0|21800|0|0|0|0|1|650|0|0|0|0|0
S| |91000000|181000000| |CI|1|10500|0|0|0|0|0|0|0|0|0|0|0
S|MADUN|66142222|66623056|SH|CF|0|16100|2690|15620|2100|0|1|8000|0|0|0|0|0

P|MADU1M|04|MADUN|0|2
S| |91000000|181000000| |CA|0|3800|0|0|0|0|1|600|0|0|0|0|0
S|MADUN|66142222|66623056| |DF|2|0|0|0|0|0|1|8000|0|0|0|0|0

P|MADU1N|22|MADUN|0|2
S| |91000000|181000000| |CA|0|21800|0|0|0|0|1|650|0|0|0|0|0
S|MADUN|66142222|66623056| |DF|0|0|0|0|0|0|1|8000|0|0|0|0|0

P|MADU1R|04|MADUN|0|4
S|DER04|66596492|66638103| |DF|0|0|0|0|0|0|0|0|0|1|0|0|0
S| |91000000|181000000| |CA|0|3800|0|0|0|0|1|600|0|0|0|0|0
S|N|66581000|66566444| |DF|1|0|0|0|0|230|0|0|0|0|0|0|0
S|MADUN|66142222|66623056| |TF|0|0|0|0|0|0|1|8000|0|0|0|0|0

P|MADU1S|04|MADUN|0|4
S|DER04|66596492|66638103| |DF|0|0|0|0|0|0|0|0|0|1|0|0|0
S| |91000000|181000000| |CA|0|3800|0|0|0|0|1|600|0|0|0|0|0
S| |91000000|181000000| |CI|2|22000|0|0|0|0|0|0|0|0|0|0|0
S|MADUN|66142222|66623056|SH|CF|0|15400|2690|15620|2300|0|1|8000|0|0|0|0|0

P|MADU1T|22|MADUN|0|4
S|DER22|66584833|66584161| |DF|0|0|0|0|0|0|0|0|0|1|0|0|0
S| |91000000|181000000| |CA|0|21800|0|0|0|0|1|650|0|0|0|0|0
S| |91000000|181000000| |CI|1|10500|0|0|0|0|0|0|0|0|0|0|0
S|MADUN|66142222|66623056|SH|CF|0|15900|2690|15620|2200|0|1|8000|0|0|0|0|0

P|NELA1G|04|NELAR|0|4
S|DER04|66596492|66638103| |DF|0|0|0|0|0|0|0|0|0|1|0|0|0
S| |91000000|181000000| |CA|0|3800|0|0|0|0|1|600|0|0|0|0|0
S| |91000000|181000000| |CI|0|10000|0|0|0|0|0|0|0|0|0|0|0
S|NELAR|66560556|67735278|SH|CF|0|7000|2710|7000|2200|0|1|8000|0|0|0|0|0

P|NELA1H|22|NELAR|0|4
S|DER22|66584833|66584161| |DF|0|0|0|0|0|0|0|0|0|1|0|0|0
S| |91000000|181000000| |CA|0|21800|0|0|0|0|1|1000|0|0|0|0|0
S|SH|66588083|66607917| |DF|2|0|0|0|0|225|0|0|0|1|0|0|0
S|NELAR|66560556|67735278| |TF|0|0|0|0|0|0|1|8000|0|0|0|0|0

P|NELA1L|22|NELAR|0|4
S|DER22|66584833|66584161| |DF|0|0|0|0|0|0|0|0|0|1|0|0|0
S| |91000000|181000000| |CA|0|21800|0|0|0|0|1|650|0|0|0|0|0
S|DM|66611111|66706056| |DF|2|0|0|0|0|230|0|0|0|0|0|0|0
S|NELAR|66560556|67735278| |TF|0|0|0|0|0|0|1|8000|0|0|0|0|0

P|NELA1M|04|NELAR|0|2
S| |91000000|181000000| |CA|0|3800|0|0|0|0|1|600|0|0|0|0|0
S|NELAR|66560556|67735278| |DF|0|0|0|0|0|0|1|8000|0|0|0|0|0

P|NELA1N|22|NELAR|0|2
S| |91000000|181000000| |CA|0|21800|0|0|0|0|1|650|0|0|0|0|0
S|NELAR|66560556|67735278| |DF|1|0|0|0|0|0|1|8000|0|0|0|0|0

P|NELA1R|04|NELAR|0|4
S|DER04|66596492|66638103| |DF|0|0|0|0|0|0|0|0|0|1|0|0|0
S| |91000000|181000000| |CA|0|3800|0|0|0|0|1|600|0|0|0|0|0
S| |91000000|181000000| |CI|0|10000|0|0|0|0|0|0|0|0|0|0|0
S|NELAR|66560556|67735278|SH|CF|0|6900|2710|7000|2200|0|1|8000|0|0|0|0|0

P|NELA1T|22|NELAR|0|4
S|DER22|66584833|66584161| |DF|0|0|0|0|0|0|0|0|0|1|0|0|0
S| |91000000|181000000| |CA|0|21800|0|0|0|0|1|650|0|0|0|0|0
S|D|66600861|66658389| |DF|2|0|0|0|0|230|0|0|0|0|0|0|0
S|NELAR|66560556|67735278| |TF|0|0|0|0|0|0|1|8000|0|0|0|0|0

P|REKS1G|04|REKSA|0|4
S|DER04|66596492|66638103| |DF|0|0|0|0|0|0|0|0|0|1|0|0|0
S| |91000000|181000000| |CA|0|3800|0|0|0|0|1|600|0|0|0|0|0
S| |91000000|181000000| |CI|1|18000|0|0|0|230|0|0|0|0|0|0|0
S|REKSA|66515833|65501111|SH|CF|0|23800|2690|23820|2400|0|1|9000|0|0|0|0|0

P|REKS1H|22|REKSA|0|4
S|DER22|66584833|66584161| |DF|0|0|0|0|0|0|0|0|0|1|0|0|0
S| |91000000|181000000| |CA|0|21800|0|0|0|0|1|650|0|0|0|0|0
S| |91000000|181000000| |CI|0|25000|0|0|0|0|0|0|0|0|0|0|0
S|REKSA|66515833|65501111|SH|CF|0|23800|2690|23820|2500|0|1|9000|0|0|0|0|0

P|REKS1L|22|REKSA|0|4
S|DER22|66584833|66584161| |DF|0|0|0|0|0|0|0|0|0|1|0|0|0
S| |91000000|181000000| |CA|0|21800|0|0|0|0|1|650|0|0|0|0|0
S| |91000000|181000000| |CI|0|26500|0|0|0|0|0|0|0|0|0|0|0
S|REKSA|66515833|65501111|SH|CF|0|23600|2690|23820|2300|0|1|9000|0|0|0|0|0

P|REKS1M|04|REKSA|0|2
S| |91000000|181000000| |CA|0|3800|0|0|0|0|1|600|0|0|0|0|0
S|REKSA|66515833|65501111| |DF|1|0|0|0|0|0|1|9000|0|0|0|0|0

P|REKS1N|22|REKSA|0|2
S| |91000000|181000000| |CA|0|21800|0|0|0|0|1|650|0|0|0|0|0
S|REKSA|66515833|65501111| |DF|0|0|0|0|0|0|1|9000|0|0|0|0|0

P|REKS1R|04|REKSA|0|4
S|DER04|66596492|66638103| |DF|0|0|0|0|0|0|0|0|0|1|0|0|0
S| |91000000|181000000| |CA|0|3800|0|0|0|0|1|600|0|0|0|0|0
S| |91000000|181000000| |CI|1|18000|0|0|0|230|0|0|0|0|0|0|0
S|REKSA|66515833|65501111|SH|CF|0|23900|2690|23820|2400|0|1|9000|0|0|0|0|0

P|REKS1T|22|REKSA|0|4
S|DER22|66584833|66584161| |DF|0|0|0|0|0|0|0|0|0|1|0|0|0
S| |91000000|181000000| |CA|0|21800|0|0|0|0|1|650|0|0|0|0|0
S| |91000000|181000000| |CI|0|26500|0|0|0|0|0|0|0|0|0|0|0
S|REKSA|66515833|65501111|SH|CF|0|23700|2690|23820|2300|0|1|9000|0|0|0|0|0

P|RORN1G|04|RORNI|0|4
S|DER04|66596492|66638103| |DF|0|0|0|0|0|0|0|0|0|1|0|0|0
S| |91000000|181000000| |CA|0|3800|0|0|0|0|1|600|0|0|0|0|0
S| |91000000|181000000| |CI|1|29000|0|0|0|0|0|0|0|0|0|0|0
S|RORNI|67038889|66630278|SH|CF|0|33800|2720|33810|2200|0|1|10000|0|0|0|0|0

P|RORN1H|22|RORNI|0|4
S|DER22|66584833|66584161| |DF|0|0|0|0|0|0|0|0|0|1|0|0|0
S| |91000000|181000000| |CA|0|21800|0|0|0|0|1|650|0|0|0|0|0
S| |91000000|181000000| |CI|2|4000|0|0|0|225|0|0|0|0|0|0|0
S|RORNI|67038889|66630278|SH|CF|0|33800|2720|33810|2300|0|1|10000|0|0|0|0|0

P|RORN1L|22|RORNI|0|4
S|DER22|66584833|66584161| |DF|0|0|0|0|0|0|0|0|0|1|0|0|0
S| |91000000|181000000| |CA|0|21800|0|0|0|0|1|650|0|0|0|0|0
S| |91000000|181000000| |CI|2|4000|0|0|0|230|0|0|0|0|0|0|0
S|RORNI|67038889|66630278|SH|CF|0|33300|2720|33810|2300|0|1|10000|0|0|0|0|0

P|RORN1M|04|RORNI|0|2
S| |91000000|181000000| |CA|0|3800|0|0|0|0|1|600|0|0|0|0|0
S|RORNI|67038889|66630278| |DF|0|0|0|0|0|0|1|10000|0|0|0|0|0

P|RORN1N|22|RORNI|0|2
S| |91000000|181000000| |CA|0|21800|0|0|0|0|1|650|0|0|0|0|0
S|RORNI|67038889|66630278| |DF|2|0|0|0|0|0|1|10000|0|0|0|0|0

P|RORN1R|04|RORNI|0|4
S|DER04|66596492|66638103| |DF|0|0|0|0|0|0|0|0|0|1|0|0|0
S| |91000000|181000000| |CA|0|3800|0|0|0|0|1|600|0|0|0|0|0
S| |91000000|181000000| |CI|1|29500|0|0|0|0|0|0|0|0|0|0|0
S|RORNI|67038889|66630278|SH|CF|0|34000|2720|33810|2100|0|1|10000|0|0|0|0|0

P|RORN1T|22|RORNI|0|4
S|DER22|66584833|66584161| |DF|0|0|0|0|0|0|0|0|0|1|0|0|0
S| |91000000|181000000| |CA|0|21800|0|0|0|0|1|650|0|0|0|0|0
S| |91000000|181000000| |CI|2|4000|0|0|0|230|0|0|0|0|0|0|0
S|RORNI|67038889|66630278|SH|CF|0|33500|2720|33810|2300|0|1|10000|0|0|0|0|0

P|SONU1G|04|SONUG|0|4
S|DER04|66596492|66638103| |DF|0|0|0|0|0|0|0|0|0|1|0|0|0
S| |91000000|181000000| |CA|0|3800|0|0|0|0|1|600|0|0|0|0|0
S| |91000000|181000000| |CI|0|32000|0|0|0|0|0|0|0|0|0|0|0
S|SONUG|67000556|67070833|SH|CF|0|100|2720|70|2300|0|1|9000|0|0|0|0|0

P|SONU1H|22|SONUG|0|4
S|DER22|66584833|66584161| |DF|0|0|0|0|0|0|0|0|0|1|0|0|0
S| |91000000|181000000| |CA|0|21800|0|0|0|0|1|650|0|0|0|0|0
S| |91000000|181000000| |CI|2|6000|0|0|0|225|0|0|0|0|0|0|0
S|SONUG|67000556|67070833|SH|CF|0|100|2720|70|2400|0|1|9000|0|0|0|0|0

P|SONU1L|22|SONUG|0|4
S|DER22|66584833|66584161| |DF|0|0|0|0|0|0|0|0|0|1|0|0|0
S| |91000000|181000000| |CA|0|21800|0|0|0|0|1|650|0|0|0|0|0
S| |91000000|181000000| |CI|2|6500|0|0|0|230|0|0|0|0|0|0|0
S|SONUG|67000556|67070833|SH|CF|0|35700|2720|70|2400|0|1|9000|0|0|0|0|0

P|SONU1M|04|SONUG|0|2
S| |91000000|181000000| |CA|0|3800|0|0|0|0|1|600|0|0|0|0|0
S|SONUG|67000556|67070833| |DF|0|0|0|0|0|0|1|9000|0|0|0|0|0

P|SONU1N|22|SONUG|0|2
S| |91000000|181000000| |CA|0|21800|0|0|0|0|1|650|0|0|0|0|0
S|SONUG|67000556|67070833| |DF|2|0|0|0|0|0|1|9000|0|0|0|0|0

P|SONU1R|04|SONUG|0|4
S|DER04|66596492|66638103| |DF|0|0|0|0|0|0|0|0|0|1|0|0|0
S| |91000000|181000000| |CA|0|3800|0|0|0|0|1|600|0|0|0|0|0
S| |91000000|181000000| |CI|0|32500|0|0|0|0|0|0|0|0|0|0|0
S|SONUG|67000556|67070833|SH|CF|0|200|2720|70|2200|0|1|9000|0|0|0|0|0

P|SONU1T|22|SONUG|0|4
S|DER22|66584833|66584161| |DF|0|0|0|0|0|0|0|0|0|1|0|0|0
S| |91000000|181000000| |CA|0|21800|0|0|0|0|1|650|0|0|0|0|0
S| |91000000|181000000| |CI|2|6500|0|0|0|230|0|0|0|0|0|0|0
S|SONUG|67000556|67070833|SH|CF|0|35900|2720|70|2300|0|1|9000|0|0|0|0|0

P|SUTO1G|04|SUTOT|0|4
S|DER04|66596492|66638103| |DF|0|0|0|0|0|0|0|0|0|1|0|0|0
S| |91000000|181000000| |CA|0|3800|0|0|0|0|1|600|0|0|0|0|0
S| |91000000|181000000| |CI|1|17000|0|0|0|230|0|0|0|0|0|0|0
S|SUTOT|66405278|65588333|SH|CF|0|22300|2690|22330|2500|0|1|8000|0|0|0|0|0

P|SUTO1H|22|SUTOT|0|3
S|DER22|66584833|66584161| |DF|0|0|0|0|0|0|0|0|0|1|0|0|0
S| |91000000|181000000| |CA|0|21800|0|0|0|0|1|650|0|0|0|0|0
S|SUTOT|66405278|65588333|SH|CF|0|22300|2690|22330|2500|0|1|8000|0|0|0|0|0

P|SUTO1L|22|SUTOT|0|4
S|DER22|66584833|66584161| |DF|0|0|0|0|0|0|0|0|0|1|0|0|0
S| |91000000|181000000| |CA|0|21800|0|0|0|0|1|650|0|0|0|0|0
S| |91000000|181000000| |CI|0|23000|0|0|0|0|0|0|0|0|0|0|0
S|SUTOT|66405278|65588333|SH|CF|0|22300|2690|22330|2500|0|1|8000|0|0|0|0|0

P|SUTO1M|04|SUTOT|0|2
S| |91000000|181000000| |CA|0|3800|0|0|0|0|1|600|0|0|0|0|0
S|SUTOT|66405278|65588333| |DF|1|0|0|0|0|0|1|8000|0|0|0|0|0

P|SUTO1N|22|SUTOT|0|2
S| |91000000|181000000| |CA|0|21800|0|0|0|0|1|650|0|0|0|0|0
S|SUTOT|66405278|65588333| |DF|0|0|0|0|0|0|1|8000|0|0|0|0|0

P|SUTO1R|04|SUTOT|0|4
S|DER04|66596492|66638103| |DF|0|0|0|0|0|0|0|0|0|1|0|0|0
S| |91000000|181000000| |CA|0|3800|0|0|0|0|1|600|0|0|0|0|0
S| |91000000|181000000| |CI|1|17000|0|0|0|230|0|0|0|0|0|0|0
S|SUTOT|66405278|65588333|SH|CF|0|22300|2690|22330|2400|0|1|8000|0|0|0|0|0

P|SUTO1T|22|SUTOT|0|4
S|DER22|66584833|66584161| |DF|0|0|0|0|0|0|0|0|0|1|0|0|0
S| |91000000|181000000| |CA|0|21800|0|0|0|0|1|650|0|0|0|0|0
S| |91000000|181000000| |CI|0|23000|0|0|0|0|0|0|0|0|0|0|0
S|SUTOT|66405278|65588333|SH|CF|0|22300|2690|22330|2500|0|1|8000|0|0|0|0|0

P|TOMR1G|04|TOMRA|0|3
S|DER04|66596492|66638103| |DF|0|0|0|0|0|0|0|0|0|1|0|0|0
S| |91000000|181000000| |CA|0|3800|0|0|0|0|1|600|0|0|0|0|0
S|TOMRA|66790556|67624444|SH|CF|0|4000|2710|3980|2500|0|1|8000|0|0|0|0|0

P|TOMR1H|22|TOMRA|0|4
S|DER22|66584833|66584161| |DF|0|0|0|0|0|0|0|0|0|1|0|0|0
S| |91000000|181000000| |CA|0|21800|0|0|0|0|1|650|0|0|0|0|0
S| |91000000|181000000| |CI|2|10000|0|0|0|225|0|0|0|0|0|0|0
S|TOMRA|66790556|67624444|SH|CF|0|4000|2710|3980|2600|0|1|8000|0|0|0|0|0

P|TOMR1L|22|TOMRA|0|4
S|DER22|66584833|66584161| |DF|0|0|0|0|0|0|0|0|0|1|0|0|0
S| |91000000|181000000| |CA|0|21800|0|0|0|0|1|650|0|0|0|0|0
S|DM|66611111|66706056| |DF|2|0|0|0|0|230|0|0|0|1|0|0|0
S|TOMRA|66790556|67624444| |TF|0|0|0|0|0|0|1|8000|0|0|0|0|0

P|TOMR1M|04|TOMRA|0|2
S| |91000000|181000000| |CA|0|3800|0|0|0|0|1|600|0|0|0|0|0
S|TOMRA|66790556|67624444| |DF|0|0|0|0|0|0|1|8000|0|0|0|0|0

P|TOMR1N|22|TOMRA|0|2
S| |91000000|181000000| |CA|0|21800|0|0|0|0|1|650|0|0|0|0|0
S|TOMRA|66790556|67624444| |DF|1|0|0|0|0|0|1|8000|0|0|0|0|0

P|TOMR1R|04|TOMRA|0|3
S|DER04|66596492|66638103| |DF|0|0|0|0|0|0|0|0|0|1|0|0|0
S| |91000000|181000000| |CA|0|3800|0|0|0|0|1|600|0|0|0|0|0
S|TOMRA|66790556|67624444|SH|CF|0|4000|2710|3980|2500|0|1|8000|0|0|0|0|0

P|TOMR1T|22|TOMRA|0|4
S|DER22|66584833|66584161| |DF|0|0|0|0|0|0|0|0|0|1|0|0|0
S| |91000000|181000000| |CA|0|21800|0|0|0|0|1|650|0|0|0|0|0
S|D|66600861|66658389| |DF|2|0|0|0|0|230|0|0|0|0|0|0|0
S|TOMRA|66790556|67624444| |TF|0|0|0|0|0|0|1|8000|0|0|0|0|0

