P|DEMUP1|35|DEMUP|0|3
S| |91000000|181000000| |CA|0|35400|0|0|0|0|1|860|0|0|0|0|0
S| |91000000|181000000| |CI|0|29000|0|0|0|0|0|0|0|0|0|0|0
S|DEMUP|60430278|64522778|HMN|CF|0|32200|14040|24010|1600|0|1|6000|0|0|0|0|0

P|DEMUP3|17|DEMUP|0|3
S| |91000000|181000000| |CA|0|17400|0|0|0|0|1|860|0|0|0|0|0
S|WI|60152111|64846528|HMN|CF|1|32000|13730|23220|600|0|0|0|0|0|0|0|0
S|DEMUP|60430278|64522778| |TF|0|0|0|0|0|0|1|6000|0|0|0|0|0

P|LARUS1|35|LARUS|0|3
S| |91000000|181000000| |CA|0|35400|0|0|0|0|1|860|0|0|0|0|0
S|PM|60063528|64807000|HMN|CF|2|21000|14060|23040|600|0|0|0|0|0|0|0|0
S|LARUS|59748333|64822222| |TF|0|0|0|0|0|0|1|6000|0|0|0|0|0

P|LARUS3|17|LARUS|0|2
S| |91000000|181000000| |CA|0|17400|0|0|0|0|1|860|0|0|0|0|0
S|LARUS|59748333|64822222|HMN|CF|0|16400|14960|22380|2000|0|1|6000|0|0|0|0|0

P|MILGA1|35|MILGA|0|3
S| |91000000|181000000| |CA|0|35400|0|0|0|0|1|860|0|0|0|0|0
S|PM|60063528|64807000|HMN|CF|2|21000|14060|23040|600|0|0|0|0|0|0|0|0
S|MILGA|59838611|64018333| |TF|0|0|0|0|0|0|1|6000|0|0|0|0|0

P|MILGA3|17|MILGA|0|3
S| |91000000|181000000| |CA|0|17400|0|0|0|0|1|860|0|0|0|0|0
S| |91000000|181000000| |CI|0|24500|0|0|0|0|0|0|0|0|0|0|0
S|MILGA|59838611|64018333|HMN|CF|0|21600|16800|22990|2200|0|1|6000|0|0|0|0|0

P|NARNI1|35|NARNI|0|3
S| |91000000|181000000| |CA|0|35400|0|0|0|0|1|860|0|0|0|0|0
S| |91000000|181000000| |CI|2|8500|0|0|0|0|0|0|0|0|0|0|0
S|NARNI|60265556|65472778|HMN|CF|0|4100|11740|23140|1600|0|1|6000|0|0|0|0|0

P|NARNI3|17|NARNI|0|3
S| |91000000|181000000| |CA|0|17400|0|0|0|0|1|860|0|0|0|0|0
S| |91000000|181000000| |CI|1|35500|0|0|0|0|0|0|0|0|0|0|0
S|NARNI|60265556|65472778|HMN|CF|0|5200|11740|23140|1700|0|1|6000|0|0|0|0|0

P|SADER1|35|SADER|0|3
S| |91000000|181000000| |CA|0|35400|0|0|0|0|1|860|0|0|0|0|0
S| |91000000|181000000| |CI|1|20000|0|0|0|0|0|0|0|0|0|0|0
S|SADER|60130278|63916667|HMN|CF|0|26100|16350|23590|2200|0|1|6000|0|0|0|0|0

P|SADER3|17|SADER|0|3
S| |91000000|181000000| |CA|0|17400|0|0|0|0|1|860|0|0|0|0|0
S| |91000000|181000000| |CI|2|29500|0|0|0|0|0|0|0|0|0|0|0
S|SADER|60130278|63916667|HMN|CF|0|25000|16350|23590|2000|0|1|6000|0|0|0|0|0

