P|ANIK1C|07|ANIKI|0|3
S| |91000000|181000000| |CA|0|7300|0|0|0|0|1|2150|0|0|0|0|0
S| |91000000|181000000| |VI|2|20700|0|0|0|0|0|0|0|0|0|0|0
S|ANIKI|61000556|71865278|GV|CF|0|23700|4960|22890|5000|0|0|0|0|0|0|0|0

P|ANIK1E|07|ANIKI|0|3
S| |91000000|181000000| |CA|0|7300|0|0|0|0|1|840|0|0|0|0|0
S|GK|61343944|73298806| |DF|1|0|0|0|0|0|0|0|0|0|0|0|0
S|ANIKI|61000556|71865278| |TF|0|0|0|0|0|0|0|0|0|0|0|0|0

P|ANIK1W|25|ANIKI|0|2
S| |91000000|181000000| |CA|0|25300|0|0|0|0|1|1180|0|0|0|0|0
S|ANIKI|61000556|71865278|GV|CF|0|22800|4960|22890|4600|0|0|0|0|0|0|0|0

P|BASA1E|07|BASAK|0|3
S| |91000000|181000000| |CA|0|7300|0|0|0|0|1|2150|0|0|0|0|0
S| |91000000|181000000| |VI|0|12700|0|0|0|0|0|0|0|0|0|0|0
S|BASAK|60618333|73491667|GV|CF|0|17200|4390|16010|4300|0|0|0|0|0|0|0|0

P|BASA1W|25|BASAK|0|2
S| |91000000|181000000| |CA|0|25300|0|0|0|0|1|1180|0|0|0|0|0
S|BASAK|60618333|73491667|GV|CF|1|15400|4390|16010|4200|0|0|0|0|0|0|0|0

P|INDU1E|07|INDUS|0|2
S| |91000000|181000000| |CA|0|7300|0|0|0|0|1|840|0|0|0|0|0
S|INDUS|61975833|73338333|GV|CF|1|33400|3790|33970|3600|0|0|0|0|0|0|0|0

P|INDU1W|25|INDUS|0|2
S| |91000000|181000000| |CA|0|25300|0|0|0|0|1|850|0|0|0|0|0
S|INDUS|61975833|73338333|GV|CF|2|34700|3790|33970|3600|0|0|0|0|0|0|0|0

P|KARP1E|07|KARPO|0|2
S| |91000000|181000000| |CA|0|7300|0|0|0|0|1|2150|0|0|0|0|0
S|KARPO|60841667|74056667|GV|CF|0|14200|3560|13120|3200|0|0|0|0|0|0|0|0

P|KARP1W|25|KARPO|0|2
S| |91000000|181000000| |CA|0|25300|0|0|0|0|1|1180|0|0|0|0|0
S|KARPO|60841667|74056667|GV|CF|1|12300|3560|13120|3600|0|0|0|0|0|0|0|0

P|OGIK1E|07|OGIKA|0|2
S| |91000000|181000000| |CA|0|7300|0|0|0|0|1|840|0|0|0|0|0
S|OGIKA|61783333|72446667|GV|CF|1|29200|3830|29680|3900|0|0|0|0|0|0|0|0

P|OGIK1W|25|OGIKA|0|3
S| |91000000|181000000| |CA|0|25300|0|0|0|0|1|850|0|0|0|0|0
S| |91000000|181000000| |VI|0|27300|0|0|0|0|0|0|0|0|0|0|0
S|OGIKA|61783333|72446667|GV|CF|0|30300|3830|29680|3400|0|0|0|0|0|0|0|0

P|ULGU1E|07|ULGUN|0|2
S| |91000000|181000000| |CA|0|7300|0|0|0|0|1|840|0|0|0|0|0
S|ULGUN|61500556|74248611|GV|CF|0|5000|2570|5150|2400|0|0|0|0|0|0|0|0

P|ULGU1W|25|ULGUN|0|2
S| |91000000|181000000| |CA|0|25300|0|0|0|0|1|850|0|0|0|0|0
S|ULGUN|61500556|74248611|GV|CF|2|6300|2570|5150|2800|0|0|0|0|0|0|0|0

