P|DINA2C|08|DINAT|0|3
S| |91000000|181000000| |CA|0|7500|0|0|0|0|1|560|0|0|0|0|0
S|TJ019|58058361|68472028| |DF|0|0|0|0|0|0|0|0|0|1|0|0|0
S|DINAT|58207500|69061389| |DF|0|0|0|0|0|0|1|6000|0|0|0|0|0

P|DINA2D|26|DINAT|0|2
S| |91000000|181000000| |CA|0|25500|0|0|0|0|1|700|0|0|0|0|0
S|DINAT|58207500|69061389| |DF|1|0|0|0|0|0|1|6000|0|0|0|0|0

P|DINA2F|08|DINAT|0|3
S| |91000000|181000000| |CA|0|7500|0|0|0|0|1|700|0|0|0|0|0
S| |91000000|181000000| |CI|0|2400|0|0|0|0|0|0|0|0|0|0|0
S|DINAT|58207500|69061389|URT|CF|0|5400|13500|4630|2200|0|1|6000|0|0|0|0|0

P|DINA2G|26|DINAT|0|4
S|S|58058417|68311417| |DF|0|0|0|0|0|0|0|0|0|1|0|0|0
S| |91000000|181000000| |CA|0|25500|0|0|0|0|1|700|0|0|0|0|0
S| |91000000|181000000| |CI|2|10700|0|0|0|0|0|0|0|0|0|0|0
S|DINAT|58207500|69061389|URT|CF|0|5400|13500|4630|2300|0|1|6000|0|0|0|0|0

P|DOKO2C|08|DOKOL|0|3
S| |91000000|181000000| |CA|0|7500|0|0|0|0|1|560|0|0|0|0|0
S|TJ019|58058361|68472028| |DF|0|0|0|0|0|0|0|0|0|1|0|0|0
S|DOKOL|57992778|67600000| |DF|2|0|0|0|0|0|1|6000|0|0|0|0|0

P|DOKO2D|26|DOKOL|0|3
S| |91000000|181000000| |CA|0|25500|0|0|0|0|1|560|0|0|0|0|0
S|TJ023|58058306|68166806| |DF|0|0|0|0|0|0|0|0|0|1|0|0|0
S|DOKOL|57992778|67600000| |DF|0|0|0|0|0|0|1|6000|0|0|0|0|0

P|DOKO2F|08|DOKOL|0|3
S| |91000000|181000000| |CA|0|7500|0|0|0|0|1|700|0|0|0|0|0
S| |91000000|181000000| |CI|2|30300|0|0|0|0|0|0|0|0|0|0|0
S|DOKOL|57992778|67600000|URT|CF|0|24500|8800|4050|2300|0|1|6000|0|0|0|0|0

P|DOKO2G|26|DOKOL|0|3
S|S|58058417|68311417| |DF|0|0|0|0|0|0|0|0|0|1|0|0|0
S| |91000000|181000000| |CA|0|25500|0|0|0|0|1|700|0|0|0|0|0
S|DOKOL|57992778|67600000|URT|CF|0|24500|8800|4050|2200|0|1|6000|0|0|0|0|0

P|GAFE2C|08|GAFEN|0|3
S| |91000000|181000000| |CA|0|7500|0|0|0|0|1|560|0|0|0|0|0
S|TJ019|58058361|68472028| |DF|0|0|0|0|0|0|0|0|0|1|0|0|0
S|GAFEN|57908056|69057500| |DF|0|0|0|0|0|0|1|6000|0|0|0|0|0

P|GAFE2D|26|GAFEN|0|2
S| |91000000|181000000| |CA|0|25500|0|0|0|0|1|700|0|0|0|0|0
S|GAFEN|57908056|69057500| |DF|1|0|0|0|0|0|1|6000|0|0|0|0|0

P|GAFE2F|08|GAFEN|0|3
S| |91000000|181000000| |CA|0|7500|0|0|0|0|1|700|0|0|0|0|0
S| |91000000|181000000| |CI|0|12800|0|0|0|0|0|0|0|0|0|0|0
S|GAFEN|57908056|69057500|URT|CF|0|9500|12810|5360|2100|0|1|6000|0|0|0|0|0

P|GAFE2G|26|GAFEN|0|4
S|S|58058417|68311417| |DF|0|0|0|0|0|0|0|0|0|1|0|0|0
S| |91000000|181000000| |CA|0|25500|0|0|0|0|1|700|0|0|0|0|0
S| |91000000|181000000| |CI|1|3500|0|0|0|0|0|0|0|0|0|0|0
S|GAFEN|57908056|69057500|URT|CF|0|9500|12810|5360|2400|0|1|6000|0|0|0|0|0

P|MAZI2C|08|MAZIS|0|3
S| |91000000|181000000| |CA|0|7500|0|0|0|0|1|560|0|0|0|0|0
S|TJ019|58058361|68472028| |DF|0|0|0|0|0|0|0|0|0|1|0|0|0
S|MAZIS|57748611|68839167| |DF|0|0|0|0|0|0|1|6000|0|0|0|0|0

P|MAZI2D|26|MAZIS|0|2
S| |91000000|181000000| |CA|0|25500|0|0|0|0|1|700|0|0|0|0|0
S|MAZIS|57748611|68839167| |DF|1|0|0|0|0|0|1|6000|0|0|0|0|0

P|MAZI2F|08|MAZIS|0|3
S| |91000000|181000000| |CA|0|7500|0|0|0|0|1|700|0|0|0|0|0
S| |91000000|181000000| |CI|0|16300|0|0|0|0|0|0|0|0|0|0|0
S|MAZIS|57748611|68839167|URT|CF|0|12300|11870|5690|2000|0|1|6000|0|0|0|0|0

P|MAZI2G|26|MAZIS|0|4
S|S|58058417|68311417| |DF|0|0|0|0|0|0|0|0|0|1|0|0|0
S| |91000000|181000000| |CA|0|25500|0|0|0|0|1|700|0|0|0|0|0
S| |91000000|181000000| |CI|1|7200|0|0|0|0|0|0|0|0|0|0|0
S|MAZIS|57748611|68839167|URT|CF|0|12300|11870|5690|2200|0|1|6000|0|0|0|0|0

P|MIDE2C|08|MIDET|0|4
S| |91000000|181000000| |CA|0|7500|0|0|0|0|1|560|0|0|0|0|0
S|TJ019|58058361|68472028| |DF|0|0|0|0|0|0|0|0|0|1|0|0|0
S|TJ022|58036306|67978750| |DF|2|0|0|0|0|0|0|0|0|0|0|0|0
S|MIDET|58099722|67592778| |TF|0|0|0|0|0|0|1|6000|0|0|0|0|0

P|MIDE2D|26|MIDET|0|3
S| |91000000|181000000| |CA|0|25500|0|0|0|0|1|560|0|0|0|0|0
S|TJ023|58058306|68166806| |DF|0|0|0|0|0|0|0|0|0|1|0|0|0
S|MIDET|58099722|67592778| |DF|0|0|0|0|0|0|1|6000|0|0|0|0|0

P|MIDE2F|08|MIDET|0|3
S| |91000000|181000000| |CA|0|7500|0|0|0|0|1|700|0|0|0|0|0
S| |91000000|181000000| |CI|1|20800|0|0|0|0|0|0|0|0|0|0|0
S|MIDET|58099722|67592778|URT|CF|0|26100|9140|3700|2200|0|1|6000|0|0|0|0|0

P|MIDE2G|26|MIDET|0|3
S|S|58058417|68311417| |DF|0|0|0|0|0|0|0|0|0|1|0|0|0
S| |91000000|181000000| |CA|0|25500|0|0|0|0|1|700|0|0|0|0|0
S|MIDET|58099722|67592778|URT|CF|0|26100|9140|3700|2200|0|1|6000|0|0|0|0|0

P|MOLE2C|08|MOLEG|0|4
S| |91000000|181000000| |CA|0|7500|0|0|0|0|1|560|0|0|0|0|0
S|TJ019|58058361|68472028| |DF|0|0|0|0|0|0|0|0|0|1|0|0|0
S|TJ022|58036306|67978750| |DF|2|0|0|0|0|0|0|0|0|0|0|0|0
S|MOLEG|58231667|67661111| |TF|0|0|0|0|0|0|1|6000|0|0|0|0|0

P|MOLE2D|26|MOLEG|0|3
S| |91000000|181000000| |CA|0|25500|0|0|0|0|1|560|0|0|0|0|0
S|TJ023|58058306|68166806| |DF|0|0|0|0|0|0|0|0|0|1|0|0|0
S|MOLEG|58231667|67661111| |DF|0|0|0|0|0|0|1|6000|0|0|0|0|0

P|MOLE2F|08|MOLEG|0|3
S| |91000000|181000000| |CA|0|7500|0|0|0|0|1|700|0|0|0|0|0
S| |91000000|181000000| |CI|1|21800|0|0|0|0|0|0|0|0|0|0|0
S|MOLEG|58231667|67661111|URT|CF|0|28200|9800|3400|2200|0|1|6000|0|0|0|0|0

P|MOLE2G|26|MOLEG|0|3
S|S|58058417|68311417| |DF|0|0|0|0|0|0|0|0|0|1|0|0|0
S| |91000000|181000000| |CA|0|25500|0|0|0|0|1|700|0|0|0|0|0
S|MOLEG|58231667|67661111|URT|CF|0|28200|9800|3400|2200|0|1|6000|0|0|0|0|0

P|OSNE2C|08|OSNEP|0|5
S| |91000000|181000000| |CA|0|7500|0|0|0|0|1|560|0|0|0|0|0
S|TJ019|58058361|68472028| |DF|0|0|0|0|0|0|0|0|0|1|0|0|0
S|TJ020|58279278|68627194| |DF|0|0|0|0|0|0|0|0|0|0|0|0|0
S|TJ021|58366667|68520472| |TF|0|0|0|0|0|0|0|0|0|0|0|0|0
S|OSNEP|58461111|68288333| |TF|0|0|0|0|0|0|1|6000|0|0|0|0|0

P|OSNE2D|26|OSNEP|0|4
S| |91000000|181000000| |CA|0|25500|0|0|0|0|1|560|0|0|0|0|0
S|TJ023|58058306|68166806| |DF|0|0|0|0|0|0|0|0|0|1|0|0|0
S|TJ024|58323889|68111750| |DF|2|0|0|0|0|0|0|0|0|0|0|0|0
S|OSNEP|58461111|68288333| |TF|0|0|0|0|0|0|1|6000|0|0|0|0|0

P|OSNE2F|08|OSNEP|0|3
S| |91000000|181000000| |CA|0|7500|0|0|0|0|1|700|0|0|0|0|0
S| |91000000|181000000| |CI|1|28300|0|0|0|0|0|0|0|0|0|0|0
S|OSNEP|58461111|68288333|URT|CF|0|34300|12210|3480|2000|0|1|6000|0|0|0|0|0

P|OSNE2G|26|OSNEP|0|4
S|S|58058417|68311417| |DF|0|0|0|0|0|0|0|0|0|1|0|0|0
S| |91000000|181000000| |CA|0|25500|0|0|0|0|1|700|0|0|0|0|0
S| |91000000|181000000| |CI|2|2300|0|0|0|0|0|0|0|0|0|0|0
S|OSNEP|58461111|68288333|URT|CF|0|34300|12210|3480|1900|0|1|6000|0|0|0|0|0

P|ROMN2C|08|ROMNA|0|3
S| |91000000|181000000| |CA|0|7500|0|0|0|0|1|560|0|0|0|0|0
S|TJ019|58058361|68472028| |DF|0|0|0|0|0|0|0|0|0|1|0|0|0
S|ROMNA|58368889|68841111| |DF|0|0|0|0|0|0|1|6000|0|0|0|0|0

P|ROMN2D|26|ROMNA|0|3
S| |91000000|181000000| |CA|0|25500|0|0|0|0|1|700|0|0|0|0|0
S|TJ025|58179056|68577444| |DF|1|0|0|0|0|0|0|0|0|0|0|0|0
S|ROMNA|58368889|68841111| |TF|0|0|0|0|0|0|1|6000|0|0|0|0|0

P|ROMN2F|08|ROMNA|0|3
S| |91000000|181000000| |CA|0|7500|0|0|0|0|1|700|0|0|0|0|0
S| |91000000|181000000| |CI|0|34700|0|0|0|0|0|0|0|0|0|0|0
S|ROMNA|58368889|68841111|URT|CF|0|2700|13340|4120|2000|0|1|6000|0|0|0|0|0

P|ROMN2G|26|ROMNA|0|4
S|S|58058417|68311417| |DF|0|0|0|0|0|0|0|0|0|1|0|0|0
S| |91000000|181000000| |CA|0|25500|0|0|0|0|1|700|0|0|0|0|0
S| |91000000|181000000| |CI|2|8300|0|0|0|0|0|0|0|0|0|0|0
S|ROMNA|58368889|68841111|URT|CF|0|2700|13340|4120|2200|0|1|6000|0|0|0|0|0

P|ROPS2C|08|ROPSI|0|3
S| |91000000|181000000| |CA|0|7500|0|0|0|0|1|560|0|0|0|0|0
S|TJ019|58058361|68472028| |DF|0|0|0|0|0|0|0|0|0|1|0|0|0
S|ROPSI|58417500|68701667| |DF|0|0|0|0|0|0|1|7000|0|0|0|0|0

P|ROPS2D|26|ROPSI|0|3
S| |91000000|181000000| |CA|0|25500|0|0|0|0|1|700|0|0|0|0|0
S|TJ025|58179056|68577444| |DF|1|0|0|0|0|0|0|0|0|0|0|0|0
S|ROPSI|58417500|68701667| |TF|0|0|0|0|0|0|1|7000|0|0|0|0|0

P|ROPS2F|08|ROPSI|0|3
S| |91000000|181000000| |CA|0|7500|0|0|0|0|1|700|0|0|0|0|0
S| |91000000|181000000| |CI|1|32500|0|0|0|0|0|0|0|0|0|0|0
S|ROPSI|58417500|68701667|URT|CF|0|1500|13120|3920|2000|0|1|7000|0|0|0|0|0

P|ROPS2G|26|ROPSI|0|4
S|S|58058417|68311417| |DF|0|0|0|0|0|0|0|0|0|1|0|0|0
S| |91000000|181000000| |CA|0|25500|0|0|0|0|1|700|0|0|0|0|0
S| |91000000|181000000| |CI|2|6800|0|0|0|0|0|0|0|0|0|0|0
S|ROPSI|58417500|68701667|URT|CF|0|1500|13120|3920|2100|0|1|7000|0|0|0|0|0

P|TIFA2C|08|TIFAS|0|3
S| |91000000|181000000| |CA|0|7500|0|0|0|0|1|560|0|0|0|0|0
S|TJ019|58058361|68472028| |DF|0|0|0|0|0|0|0|0|0|1|0|0|0
S|TIFAS|58022500|69110278| |DF|0|0|0|0|0|0|1|6000|0|0|0|0|0

P|TIFA2D|26|TIFAS|0|2
S| |91000000|181000000| |CA|0|25500|0|0|0|0|1|700|0|0|0|0|0
S|TIFAS|58022500|69110278| |DF|1|0|0|0|0|0|1|6000|0|0|0|0|0

P|TIFA2F|08|TIFAS|0|2
S| |91000000|181000000| |CA|0|7500|0|0|0|0|1|700|0|0|0|0|0
S|TIFAS|58022500|69110278|URT|CF|0|8000|13200|5100|2300|0|1|6000|0|0|0|0|0

P|TIFA2G|26|TIFAS|0|4
S|S|58058417|68311417| |DF|0|0|0|0|0|0|0|0|0|1|0|0|0
S| |91000000|181000000| |CA|0|25500|0|0|0|0|1|700|0|0|0|0|0
S| |91000000|181000000| |CI|1|2000|0|0|0|0|0|0|0|0|0|0|0
S|TIFAS|58022500|69110278|URT|CF|0|8000|13200|5100|2400|0|1|6000|0|0|0|0|0

P|TIRU2C|08|TIRUN|0|3
S| |91000000|181000000| |CA|0|7500|0|0|0|0|1|560|0|0|0|0|0
S|TJ019|58058361|68472028| |DF|0|0|0|0|0|0|0|0|0|1|0|0|0
S|TIRUN|58144444|69096944| |DF|0|0|0|0|0|0|1|6000|0|0|0|0|0

P|TIRU2D|26|TIRUN|0|2
S| |91000000|181000000| |CA|0|25500|0|0|0|0|1|700|0|0|0|0|0
S|TIRUN|58144444|69096944| |DF|1|0|0|0|0|0|1|6000|0|0|0|0|0

P|TIRU2F|08|TIRUN|0|2
S| |91000000|181000000| |CA|0|7500|0|0|0|0|1|700|0|0|0|0|0
S|TIRUN|58144444|69096944|URT|CF|0|6300|13440|4800|2300|0|1|6000|0|0|0|0|0

P|TIRU2G|26|TIRUN|0|4
S|S|58058417|68311417| |DF|0|0|0|0|0|0|0|0|0|1|0|0|0
S| |91000000|181000000| |CA|0|25500|0|0|0|0|1|700|0|0|0|0|0
S| |91000000|181000000| |CI|2|12200|0|0|0|0|0|0|0|0|0|0|0
S|TIRUN|58144444|69096944|URT|CF|0|6300|13440|4800|2400|0|1|6000|0|0|0|0|0

