P|GIR16V|16|GIREK|0|3
S|LBK|37800181|65143178|LBK|CF|0|16000|0|0|200|0|1|1400|0|1|0|0|0
S| |91000000|181000000| |VI|1|5700|0|0|0|0|0|0|0|0|0|0|0
S|GIREK|37786111|65701667|LBK|CF|0|8700|2660|8670|2300|0|0|0|0|0|0|0|0

P|GIR34V|34|GIREK|0|3
S|FK|37841950|65128331|LBK|CF|0|34000|260|33930|100|0|1|1400|0|1|0|0|0
S| |91000000|181000000| |VI|2|12200|0|0|0|0|0|0|0|0|0|0|0
S|GIREK|37786111|65701667|LBK|CF|0|9200|2660|8670|2200|0|0|0|0|0|0|0|0

P|PEN16V|16|PENJI|0|3
S|LBK|37800181|65143178|LBK|CF|0|16000|0|0|100|0|1|1400|0|1|0|0|0
S| |91000000|181000000| |VI|2|34100|0|0|0|0|0|0|0|0|0|0|0
S|PENJI|38090000|64816667|LBK|CF|0|31100|2330|31340|1500|0|0|0|0|0|0|0|0

P|PEN34V|34|PENJI|0|2
S|FK|37841950|65128331|LBK|CF|0|34000|260|33930|100|0|1|1400|0|1|0|0|0
S|PENJI|38090000|64816667|LBK|CF|0|31100|2330|31340|2000|0|0|0|0|0|0|0|0

P|RAP16V|16|RAPTA|0|2
S|LBK|37800181|65143178|LBK|CF|0|16000|0|0|100|0|1|1400|0|1|0|0|0
S|RAPTA|37450061|65632583|LBK|CF|0|12700|3140|12680|3100|0|0|0|0|0|0|0|0

P|RAP34V|34|RAPTA|0|3
S|FK|37841950|65128331|LBK|CF|0|34000|260|33930|100|0|1|1400|0|1|0|0|0
S| |91000000|181000000| |VI|2|15900|0|0|0|0|0|0|0|0|0|0|0
S|RAPTA|37450061|65632583|LBK|CF|0|12900|3140|12680|2700|0|0|0|0|0|0|0|0

P|RAR16V|16|RARUN|0|3
S|LBK|37800181|65143178|LBK|CF|0|16000|0|0|100|0|1|1400|0|1|0|0|0
S| |91000000|181000000| |VI|2|29200|0|0|0|0|0|0|0|0|0|0|0
S|RARUN|37775058|64549222|LBK|CF|0|26200|2830|26210|2300|0|0|0|0|0|0|0|0

P|RAR34V|34|RARUN|0|3
S|FK|37841950|65128331|LBK|CF|0|34000|260|33930|100|0|1|1400|0|0|0|0|0
S| |91000000|181000000| |VI|1|22700|0|0|0|0|0|0|0|0|0|0|0
S|RARUN|37775058|64549222|LBK|CF|0|25700|2830|26210|2300|0|0|0|0|0|0|0|0

