P|ATKA1A|01|ATKAM|0|2
S| |91000000|181000000| |CA|0|1000|0|0|0|0|1|1650|0|0|0|0|0
S|ATKAM|55035556|52750278|BGS|CF|0|33900|3910|12990|2100|0|0|0|0|0|0|0|0

P|ATKA1B|19|ATKAM|0|2
S| |91000000|181000000| |CA|0|19000|0|0|0|0|1|1620|0|0|0|0|0
S|ATKAM|55035556|52750278|BGS|CF|2|35100|3910|12990|2400|0|0|0|0|0|0|0|0

P|ATKA1M|01|ATKAM|0|3
S| |91000000|181000000| |CA|0|1000|0|0|0|0|1|1650|0|0|0|0|0
S| |91000000|181000000| |VI|0|31500|0|0|0|0|0|0|0|0|0|0|0
S|ATKAM|55035556|52750278|BGS|CF|0|34500|3910|12990|2000|0|0|0|0|0|0|0|0

P|ATKA1N|01|ATKAM|0|4
S|DER01|54649611|52806583| |DF|0|0|0|0|0|0|0|0|0|1|0|0|0
S| |91000000|181000000| |CA|0|1000|0|0|0|0|1|1650|0|0|0|0|0
S|KB011|54795056|52916389| |DF|0|0|0|0|0|0|0|0|0|0|0|0|0
S|ATKAM|55035556|52750278| |TF|0|0|0|0|0|0|1|7000|0|0|0|0|0

P|ATKA1P|19|ATKAM|0|3
S|DER19|54633278|52794306| |DF|0|0|0|0|0|0|0|0|0|1|0|0|0
S| |91000000|181000000| |CA|0|19000|0|0|0|0|1|1790|0|0|0|0|0
S|ATKAM|55035556|52750278| |DF|2|0|0|0|0|0|1|7000|0|0|0|0|0

P|ATKA2L|19|ATKAM|0|3
S| |91000000|181000000| |CA|0|19000|0|0|0|0|1|1620|0|0|0|0|0
S|LB|54687528|52835139|BGS|CF|1|33500|5860|13950|400|0|0|0|0|0|0|0|0
S|ATKAM|55035556|52750278| |TF|0|0|0|0|0|0|0|0|0|0|0|0|0

P|DIDU1A|01|DIDUN|0|2
S| |91000000|181000000| |CA|0|1000|0|0|0|0|1|1650|0|0|0|0|0
S|DIDUN|54284722|52871111|BGS|CF|2|17000|8150|14620|2200|0|0|0|0|0|0|0|0

P|DIDU1B|19|DIDUN|0|2
S| |91000000|181000000| |CA|0|19000|0|0|0|0|1|1620|0|0|0|0|0
S|DIDUN|54284722|52871111|BGS|CF|0|15500|8150|14620|1900|0|0|0|0|0|0|0|0

P|DIDU1M|01|DIDUN|0|3
S| |91000000|181000000| |CA|0|1000|0|0|0|0|1|1650|0|0|0|0|0
S|MC|54603111|52771667|BGS|CF|1|14900|6240|14340|400|0|0|0|0|0|0|0|0
S|DIDUN|54284722|52871111| |TF|0|0|0|0|0|0|0|0|0|0|0|0|0

P|DIDU1N|01|DIDUN|0|4
S|DER01|54649611|52806583| |DF|0|0|0|0|0|0|0|0|0|1|0|0|0
S| |91000000|181000000| |CA|0|1000|0|0|0|0|1|1650|0|0|0|0|0
S|KB013|54546472|52994611| |DF|2|0|0|0|0|0|0|0|0|0|0|0|0
S|DIDUN|54284722|52871111| |TF|0|0|0|0|0|0|1|7000|0|0|0|0|0

P|DIDU1P|19|DIDUN|0|4
S|DER19|54633278|52794306| |DF|0|0|0|0|0|0|0|0|0|1|0|0|0
S| |91000000|181000000| |CA|0|19000|0|0|0|0|1|1790|0|0|0|0|0
S|KB012|54509583|52702556| |DF|0|0|0|0|0|0|0|0|0|0|0|0|0
S|DIDUN|54284722|52871111| |TF|0|0|0|0|0|0|1|7000|0|0|0|0|0

P|DIDU2L|19|DIDUN|0|3
S| |91000000|181000000| |CA|0|19000|0|0|0|0|1|1620|0|0|0|0|0
S| |91000000|181000000| |VI|0|13400|0|0|0|0|0|0|0|0|0|0|0
S|DIDUN|54284722|52871111|BGS|CF|0|16400|8150|14620|1700|0|0|0|0|0|0|0|0

P|FARD1A|01|FARDA|0|2
S| |91000000|181000000| |CA|0|1000|0|0|0|0|1|1650|0|0|0|0|0
S|FARDA|54311389|52557222|BGS|CF|2|19700|7700|15350|2300|0|0|0|0|0|0|0|0

P|FARD1B|19|FARDA|0|2
S| |91000000|181000000| |CA|0|19000|0|0|0|0|1|1620|0|0|0|0|0
S|FARDA|54311389|52557222|BGS|CF|0|18900|7700|15350|2100|0|0|0|0|0|0|0|0

P|FARD1M|01|FARDA|0|3
S| |91000000|181000000| |CA|0|1000|0|0|0|0|1|1650|0|0|0|0|0
S|MC|54603111|52771667|BGS|CF|1|14900|6240|14340|400|0|0|0|0|1|0|0|0
S|FARDA|54311389|52557222| |TF|0|0|0|0|0|0|0|0|0|0|0|0|0

P|FARD1N|01|FARDA|0|4
S|DER01|54649611|52806583| |DF|0|0|0|0|0|0|0|0|0|1|0|0|0
S| |91000000|181000000| |CA|0|1000|0|0|0|0|1|1650|0|0|0|0|0
S|KB013|54546472|52994611| |DF|2|0|0|0|0|0|0|0|0|0|0|0|0
S|FARDA|54311389|52557222| |TF|0|0|0|0|0|0|1|8000|0|0|0|0|0

P|FARD1P|19|FARDA|0|4
S|DER19|54633278|52794306| |DF|0|0|0|0|0|0|0|0|0|1|0|0|0
S| |91000000|181000000| |CA|0|19000|0|0|0|0|1|1790|0|0|0|0|0
S|KB012|54509583|52702556| |DF|0|0|0|0|0|0|0|0|0|0|0|0|0
S|FARDA|54311389|52557222| |TF|0|0|0|0|0|0|1|8000|0|0|0|0|0

P|FARD2L|19|FARDA|0|2
S| |91000000|181000000| |CA|0|19000|0|0|0|0|1|1620|0|0|0|0|0
S|FARDA|54311389|52557222|BGS|CF|0|19000|7700|15350|2000|0|0|0|0|0|0|0|0

P|LEKB1A|01|LEKBO|0|2
S| |91000000|181000000| |CA|0|1000|0|0|0|0|1|1650|0|0|0|0|0
S|LEKBO|55268889|51015000|BGS|CF|0|28500|4060|23070|7200|0|0|0|0|0|0|0|0

P|LEKB1B|19|LEKBO|0|2
S| |91000000|181000000| |CA|0|19000|0|0|0|0|1|1620|0|0|0|0|0
S|LEKBO|55268889|51015000|BGS|CF|2|29100|4060|23070|7100|0|0|0|0|0|0|0|0

P|LEKB1M|01|LEKBO|0|3
S| |91000000|181000000| |CA|0|1000|0|0|0|0|1|1650|0|0|0|0|0
S|MC|54603111|52771667|BGS|CF|2|22800|6240|14340|400|0|0|0|0|1|0|0|0
S|LEKBO|55268889|51015000| |TF|0|0|0|0|0|0|0|0|0|0|0|0|0

P|LEKB1N|01|LEKBO|0|3
S|DER01|54649611|52806583| |DF|0|0|0|0|0|0|0|0|0|1|0|0|0
S| |91000000|181000000| |CA|0|1000|0|0|0|0|1|1650|0|0|0|0|0
S|LEKBO|55268889|51015000| |DF|0|0|0|0|0|0|1|8000|0|0|0|0|0

P|LEKB1P|19|LEKBO|0|3
S|DER19|54633278|52794306| |DF|0|0|0|0|0|0|0|0|0|1|0|0|0
S| |91000000|181000000| |CA|0|19000|0|0|0|0|1|1790|0|0|0|0|0
S|LEKBO|55268889|51015000| |DF|2|0|0|0|0|0|1|8000|0|0|0|0|0

P|LEKB2L|19|LEKBO|0|3
S| |91000000|181000000| |CA|0|19000|0|0|0|0|1|1620|0|0|0|0|0
S|LB|54687528|52835139|BGS|CF|1|33500|5860|13950|400|0|0|0|0|1|0|0|0
S|LEKBO|55268889|51015000| |TF|0|0|0|0|0|0|0|0|0|0|0|0|0

P|RAFI1A|01|RAFIK|0|2
S| |91000000|181000000| |CA|0|1000|0|0|0|0|1|1650|0|0|0|0|0
S|RAFIK|54529444|53508056|BGS|CF|0|9900|7920|12710|2500|0|0|0|0|0|0|0|0

P|RAFI1B|19|RAFIK|0|2
S| |91000000|181000000| |CA|0|19000|0|0|0|0|1|1620|0|0|0|0|0
S|RAFIK|54529444|53508056|BGS|CF|1|8100|7920|12710|2400|0|0|0|0|0|0|0|0

P|RAFI1M|01|RAFIK|0|3
S| |91000000|181000000| |CA|0|1000|0|0|0|0|1|1650|0|0|0|0|0
S|MC|54603111|52771667|BGS|CF|1|14900|6240|14340|400|0|0|0|0|1|0|0|0
S|RAFIK|54529444|53508056| |TF|0|0|0|0|0|0|0|0|0|0|0|0|0

P|RAFI1N|01|RAFIK|0|3
S|DER01|54649611|52806583| |DF|0|0|0|0|0|0|0|0|0|1|0|0|0
S| |91000000|181000000| |CA|0|1000|0|0|0|0|1|1650|0|0|0|0|0
S|RAFIK|54529444|53508056| |DF|0|0|0|0|0|0|1|7000|0|0|0|0|0

P|RAFI1P|19|RAFIK|0|3
S|DER19|54633278|52794306| |DF|0|0|0|0|0|0|0|0|0|1|0|0|0
S| |91000000|181000000| |CA|0|19000|0|0|0|0|1|1790|0|0|0|0|0
S|RAFIK|54529444|53508056| |DF|1|0|0|0|0|0|1|7000|0|0|0|0|0

P|RAFI2L|19|RAFIK|0|3
S| |91000000|181000000| |CA|0|19000|0|0|0|0|1|1620|0|0|0|0|0
S|LB|54687528|52835139|BGS|CF|2|4400|5860|13950|400|0|0|0|0|1|0|0|0
S|RAFIK|54529444|53508056| |TF|0|0|0|0|0|0|0|0|0|0|0|0|0

P|UNLO1A|01|UNLOP|0|2
S| |91000000|181000000| |CA|0|1000|0|0|0|0|1|1650|0|0|0|0|0
S|UNLOP|54729444|53460556|BGS|CF|0|6900|6900|12200|2300|0|0|0|0|0|0|0|0

P|UNLO1B|19|UNLOP|0|2
S| |91000000|181000000| |CA|0|19000|0|0|0|0|1|1620|0|0|0|0|0
S|UNLOP|54729444|53460556|BGS|CF|1|5200|6900|12200|2300|0|0|0|0|0|0|0|0

P|UNLO1M|01|UNLOP|0|3
S| |91000000|181000000| |CA|0|1000|0|0|0|0|1|1650|0|0|0|0|0
S| |91000000|181000000| |CI|2|12600|0|0|0|0|0|0|0|0|0|0|0
S|UNLOP|54729444|53460556|BGS|CF|0|5900|6900|12200|1900|0|0|0|0|0|0|0|0

P|UNLO1N|01|UNLOP|0|4
S|DER01|54649611|52806583| |DF|0|0|0|0|0|0|0|0|0|1|0|0|0
S| |91000000|181000000| |CA|0|1000|0|0|0|0|1|1650|0|0|0|0|0
S|KB011|54795056|52916389| |DF|0|0|0|0|0|0|0|0|0|0|0|0|0
S|UNLOP|54729444|53460556| |TF|0|0|0|0|0|0|1|7000|0|0|0|0|0

P|UNLO1P|19|UNLOP|0|3
S|DER19|54633278|52794306| |DF|0|0|0|0|0|0|0|0|0|1|0|0|0
S| |91000000|181000000| |CA|0|19000|0|0|0|0|1|1790|0|0|0|0|0
S|UNLOP|54729444|53460556| |DF|1|0|0|0|0|0|1|7000|0|0|0|0|0

P|UNLO2L|19|UNLOP|0|3
S| |91000000|181000000| |CA|0|19000|0|0|0|0|1|1620|0|0|0|0|0
S|LB|54687528|52835139|BGS|CF|2|4400|5860|13950|400|0|0|0|0|0|0|0|0
S|UNLOP|54729444|53460556| |TF|0|0|0|0|0|0|0|0|0|0|0|0|0

P|URAR1A|01|URARI|0|2
S| |91000000|181000000| |CA|0|1000|0|0|0|0|1|1650|0|0|0|0|0
S|URARI|54813611|53343889|BGS|CF|0|5200|6250|12160|2000|0|0|0|0|0|0|0|0

P|URAR1B|19|URARI|0|2
S| |91000000|181000000| |CA|0|19000|0|0|0|0|1|1620|0|0|0|0|0
S|URARI|54813611|53343889|BGS|CF|1|3600|6250|12160|2200|0|0|0|0|0|0|0|0

P|URAR1M|01|URARI|0|3
S| |91000000|181000000| |CA|0|1000|0|0|0|0|1|1650|0|0|0|0|0
S| |91000000|181000000| |VI|2|8900|0|0|0|0|0|0|0|0|0|0|0
S|URARI|54813611|53343889|BGS|CF|0|4400|6250|12160|1800|0|0|0|0|0|0|0|0

P|URAR1N|01|URARI|0|4
S|DER01|54649611|52806583| |DF|0|0|0|0|0|0|0|0|0|1|0|0|0
S| |91000000|181000000| |CA|0|1000|0|0|0|0|1|1650|0|0|0|0|0
S|KB011|54795056|52916389| |DF|0|0|0|0|0|0|0|0|0|0|0|0|0
S|URARI|54813611|53343889| |TF|0|0|0|0|0|0|1|7000|0|0|0|0|0

P|URAR1P|19|URARI|0|3
S|DER19|54633278|52794306| |DF|0|0|0|0|0|0|0|0|0|1|0|0|0
S| |91000000|181000000| |CA|0|19000|0|0|0|0|1|1790|0|0|0|0|0
S|URARI|54813611|53343889| |DF|1|0|0|0|0|0|1|7000|0|0|0|0|0

P|URAR2L|19|URARI|0|3
S| |91000000|181000000| |CA|0|19000|0|0|0|0|1|1620|0|0|0|0|0
S|LB|54687528|52835139|BGS|CF|2|4400|5860|13950|400|0|0|0|0|0|0|0|0
S|URARI|54813611|53343889| |TF|0|0|0|0|0|0|0|0|0|0|0|0|0

