P|ALGA5A|07|ALGAS|0|4
S|DER07|51075508|58615869| |DF|0|0|0|0|0|0|0|0|0|1|0|0|0
S| |91000000|181000000| |CA|0|6600|0|0|0|205|1|1500|0|0|0|0|0
S|S|51067083|58559083| |DF|2|0|0|0|0|0|0|0|0|0|0|0|0
S|ALGAS|50770278|58200833| |TF|1|0|0|0|0|0|1|12000|0|0|0|0|0

P|ALGA5B|07|ALGAS|0|4
S|DER07|51075508|58615869| |DF|0|0|0|0|0|0|0|0|0|1|0|0|0
S| |91000000|181000000| |CA|0|6600|0|0|0|0|1|1500|0|0|0|0|0
S|SF|51060917|58517333| |DF|2|0|0|0|0|0|0|0|0|0|0|0|0
S|ALGAS|50770278|58200833| |TF|0|0|0|0|0|0|1|12000|0|0|0|0|0

P|ALGA5C|07|ALGAS|0|3
S|DER07|51075508|58615869| |DF|0|0|0|0|0|0|0|0|0|1|0|0|0
S| |91000000|181000000| |CA|0|6600|0|0|0|0|1|1500|0|0|0|0|0
S|ALGAS|50770278|58200833| |DF|2|0|0|0|0|0|1|12000|0|1|0|0|0

P|ALGA5D|25|ALGAS|0|3
S|DER25|51069522|58575597| |DF|0|0|0|0|0|0|0|0|0|1|0|0|0
S| |91000000|181000000| |CA|0|24600|0|0|0|0|1|1500|0|0|0|0|0
S|ALGAS|50770278|58200833| |DF|0|0|0|0|0|0|1|12000|0|1|0|0|0

P|ALGA5J|25|ALGAS|0|4
S|DER25|51069522|58575597| |DF|0|0|0|0|0|0|0|0|0|1|0|0|0
S| |91000000|181000000| |CA|0|24600|0|0|0|0|1|1500|0|0|0|0|0
S| |91000000|181000000| |CI|0|17200|0|0|0|0|0|0|0|0|0|0|0
S|ALGAS|50770278|58200833|NRK|CF|0|21300|2450|21040|1800|0|1|12000|0|0|0|0|0

P|ALGA5M|07|ALGAS|0|4
S|DER07|51075508|58615869| |DF|0|0|0|0|0|0|0|0|0|1|0|0|0
S| |91000000|181000000| |CA|0|6600|0|0|0|205|1|1500|0|0|0|0|0
S|S|51067083|58559083| |DF|1|0|0|0|0|0|0|0|0|0|0|0|0
S|ALGAS|50770278|58200833| |TF|0|0|0|0|0|0|1|12000|0|0|0|0|0

P|ALGA5N|07|ALGAS|0|4
S|DER07|51075508|58615869| |DF|0|0|0|0|0|0|0|0|0|1|0|0|0
S| |91000000|181000000| |CA|0|6600|0|0|0|0|1|1500|0|0|0|0|0
S|SF|51060917|58517333| |DF|1|0|0|0|0|0|0|0|0|0|0|0|0
S|ALGAS|50770278|58200833| |TF|0|0|0|0|0|0|1|12000|0|0|0|0|0

P|ALGA5R|25|ALGAS|0|4
S|DER25|51069522|58575597| |DF|0|0|0|0|0|0|0|0|0|1|0|0|0
S| |91000000|181000000| |CA|0|24600|0|0|0|0|1|1500|0|0|0|0|0
S| |91000000|181000000| |CI|0|17400|0|0|0|0|0|0|0|0|0|0|0
S|ALGAS|50770278|58200833|NRK|CF|0|21100|2450|21040|1800|0|1|12000|0|0|0|0|0

P|ALGA5Y|25|ALGAS|0|4
S|DER25|51069522|58575597| |DF|0|0|0|0|0|0|0|0|0|1|0|0|0
S| |91000000|181000000| |CA|0|24600|0|0|0|0|1|1500|0|0|0|0|0
S| |91000000|181000000| |CI|0|17400|0|0|0|0|0|0|0|0|0|0|0
S|ALGAS|50770278|58200833|NRK|CF|0|21000|2450|21040|1800|0|1|12000|0|0|0|0|0

P|ALGA5Z|07|ALGAS|0|3
S| |91000000|181000000|NRK|CD|0|6600|0|0|320|0|0|0|0|0|0|0|0
S| |91000000|181000000| |CI|2|28800|0|0|0|0|0|0|0|0|0|0|0
S|ALGAS|50770278|58200833|NRK|CF|0|21000|2450|21040|2400|0|1|12000|0|0|0|0|0

P|GITA5A|07|GITAM|0|4
S|DER07|51075508|58615869| |DF|0|0|0|0|0|0|0|0|0|1|0|0|0
S| |91000000|181000000| |CA|0|6600|0|0|0|205|1|1500|0|0|0|0|0
S|S|51067083|58559083| |DF|2|0|0|0|0|0|0|0|0|0|0|0|0
S|GITAM|51521389|58346111| |TF|0|0|0|0|0|0|1|5000|0|0|0|0|0

P|GITA5B|07|GITAM|0|4
S|DER07|51075508|58615869| |DF|0|0|0|0|0|0|0|0|0|1|0|0|0
S| |91000000|181000000| |CA|0|6600|0|0|0|0|1|1500|0|0|0|0|0
S|SF|51060917|58517333| |DF|2|0|0|0|0|0|0|0|0|0|0|0|0
S|GITAM|51521389|58346111| |TF|0|0|0|0|0|0|1|5000|0|0|0|0|0

P|GITA5C|07|GITAM|0|4
S|DER07|51075508|58615869| |DF|0|0|0|0|0|0|0|0|0|1|0|0|0
S|OR015|51104286|58808153|NRK|CF|0|6600|710|6550|750|0|0|0|0|0|0|0|0
S|OR016|51158792|58946644| |TF|0|0|0|0|0|0|0|0|0|1|0|0|0
S|GITAM|51521389|58346111| |TF|1|0|0|0|0|0|1|5000|0|0|0|0|0

P|GITA5D|25|GITAM|0|3
S|DER25|51069522|58575597| |DF|0|0|0|0|0|0|0|0|0|1|0|0|0
S| |91000000|181000000| |CA|0|24600|0|0|0|0|1|1500|0|0|0|0|0
S|GITAM|51521389|58346111| |DF|2|0|0|0|0|0|1|5000|0|0|0|0|0

P|GITA5J|25|GITAM|0|4
S|DER25|51069522|58575597| |DF|0|0|0|0|0|0|0|0|0|1|0|0|0
S| |91000000|181000000| |CA|0|24600|0|0|0|0|1|1500|0|0|0|0|0
S|OR|51083333|58668750| |DF|1|0|0|0|0|0|0|0|0|0|0|0|0
S|GITAM|51521389|58346111| |TF|0|0|0|0|0|0|1|5000|0|0|0|0|0

P|GITA5L|07|GITAM|0|3
S|DER07|51075508|58615869| |DF|0|0|0|0|0|0|0|0|0|1|0|0|0
S|OR015|51104286|58808153|NRK|CF|0|6600|710|6550|750|0|0|0|0|0|0|0|0
S|GITAM|51521389|58346111| |TF|1|0|0|0|0|0|1|5000|0|0|0|0|0

P|GITA5R|25|GITAM|0|4
S|DER25|51069522|58575597| |DF|0|0|0|0|0|0|0|0|0|1|0|0|0
S| |91000000|181000000| |CA|0|24600|0|0|0|205|1|1500|0|0|0|0|0
S| |91000000|181000000| |CI|2|5300|0|0|0|0|0|0|0|0|0|0|0
S|GITAM|51521389|58346111|NRK|CF|0|32700|2870|32750|2500|0|1|5000|0|0|0|0|0

P|GITA5Y|25|GITAM|0|4
S|DER25|51069522|58575597| |DF|0|0|0|0|0|0|0|0|0|1|0|0|0
S| |91000000|181000000| |CA|0|24600|0|0|0|0|1|1500|0|0|0|0|0
S| |91000000|181000000| |CI|2|5300|0|0|0|0|0|0|0|0|0|0|0
S|GITAM|51521389|58346111|NRK|CF|0|32800|2870|32750|2500|0|1|5000|0|0|0|0|0

P|GITA5Z|07|GITAM|0|3
S| |91000000|181000000|NRK|CD|0|6600|0|0|320|0|0|0|0|0|0|0|0
S|NRK|51077028|58626333| |DF|2|0|0|0|0|205|0|0|0|0|0|0|0
S|GITAM|51521389|58346111| |TF|0|0|0|0|0|0|1|5000|0|0|0|0|0

P|LALE5A|07|LALEP|0|4
S|DER07|51075508|58615869| |DF|0|0|0|0|0|0|0|0|0|1|0|0|0
S| |91000000|181000000| |CA|0|6600|0|0|0|205|1|1500|0|0|0|0|0
S|S|51067083|58559083| |DF|2|0|0|0|0|0|0|0|0|0|0|0|0
S|LALEP|51271944|57905556| |TF|0|0|0|0|0|0|1|5000|0|0|0|0|0

P|LALE5B|07|LALEP|0|4
S|DER07|51075508|58615869| |DF|0|0|0|0|0|0|0|0|0|1|0|0|0
S| |91000000|181000000| |CA|0|6600|0|0|0|0|1|1500|0|0|0|0|0
S|SF|51060917|58517333| |DF|2|0|0|0|0|0|0|0|0|0|0|0|0
S|LALEP|51271944|57905556| |TF|0|0|0|0|0|0|1|5000|0|0|0|0|0

P|LALE5C|07|LALEP|0|3
S|DER07|51075508|58615869| |DF|0|0|0|0|0|0|0|0|0|1|0|0|0
S| |91000000|181000000| |CA|0|6600|0|0|0|0|1|1500|0|0|0|0|0
S|LALEP|51271944|57905556| |DF|2|0|0|0|0|0|1|5000|0|0|0|0|0

P|LALE5D|25|LALEP|0|3
S|DER25|51069522|58575597| |DF|0|0|0|0|0|0|0|0|0|1|0|0|0
S| |91000000|181000000| |CA|0|24600|0|0|0|0|1|1500|0|0|0|0|0
S|LALEP|51271944|57905556| |DF|0|0|0|0|0|0|1|5000|0|0|0|0|0

P|LALE5J|25|LALEP|0|4
S|DER25|51069522|58575597| |DF|0|0|0|0|0|0|0|0|0|1|0|0|0
S| |91000000|181000000| |CA|0|24600|0|0|0|0|1|1500|0|0|0|0|0
S| |91000000|181000000| |CI|0|32600|0|0|0|0|0|0|0|0|0|0|0
S|LALEP|51271944|57905556|NRK|CF|0|28100|2960|28260|2400|0|1|5000|0|0|0|0|0

P|LALE5R|25|LALEP|0|4
S|DER25|51069522|58575597| |DF|0|0|0|0|0|0|0|0|0|1|0|0|0
S| |91000000|181000000| |CA|0|24600|0|0|0|0|1|1500|0|0|0|0|0
S| |91000000|181000000| |CI|0|32000|0|0|0|0|0|0|0|0|0|0|0
S|LALEP|51271944|57905556|NRK|CF|0|28200|2960|28260|2400|0|1|5000|0|0|0|0|0

P|LALE5Y|25|LALEP|0|4
S|DER25|51069522|58575597| |DF|0|0|0|0|0|0|0|0|0|1|0|0|0
S| |91000000|181000000| |CA|0|24600|0|0|0|0|1|1500|0|0|0|0|0
S| |91000000|181000000| |CI|0|32000|0|0|0|0|0|0|0|0|0|0|0
S|LALEP|51271944|57905556|NRK|CF|0|28300|2960|28260|2400|0|1|5000|0|0|0|0|0

P|LALE5Z|07|LALEP|0|3
S| |91000000|181000000|NRK|CD|0|6600|0|0|320|0|0|0|0|0|0|0|0
S|NRK|51077028|58626333| |DF|2|0|0|0|0|205|0|0|0|0|0|0|0
S|LALEP|51271944|57905556| |TF|0|0|0|0|0|0|1|5000|0|0|0|0|0

P|OKRO5A|07|OKROG|0|4
S|DER07|51075508|58615869| |DF|0|0|0|0|0|0|0|0|0|1|0|0|0
S| |91000000|181000000| |CA|0|6600|0|0|0|0|1|4000|0|0|0|0|0
S| |91000000|181000000| |CI|0|1500|0|0|0|0|0|0|0|0|0|0|0
S|OKROG|51292222|59268611|NRK|CF|0|5200|2750|5070|1900|0|1|5000|0|0|0|0|0

P|OKRO5B|07|OKROG|0|4
S|DER07|51075508|58615869| |DF|0|0|0|0|0|0|0|0|0|1|0|0|0
S| |91000000|181000000| |CA|0|6600|0|0|0|0|1|4000|0|0|0|0|0
S| |91000000|181000000| |CI|0|1800|0|0|0|0|0|0|0|0|0|0|0
S|OKROG|51292222|59268611|NRK|CF|0|5300|2750|5070|1900|0|1|5000|0|0|0|0|0

P|OKRO5C|07|OKROG|0|4
S|DER07|51075508|58615869| |DF|0|0|0|0|0|0|0|0|0|1|0|0|0
S|OR015|51104286|58808153|NRK|CF|0|6600|710|6550|750|0|0|0|0|0|0|0|0
S|OR016|51158792|58946644| |TF|0|0|0|0|0|0|0|0|0|1|0|0|0
S|OKROG|51292222|59268611| |TF|0|0|0|0|0|0|1|5000|0|0|0|0|0

P|OKRO5D|25|OKROG|0|3
S|DER25|51069522|58575597| |DF|0|0|0|0|0|0|0|0|0|1|0|0|0
S| |91000000|181000000| |CA|0|24600|0|0|0|0|1|1500|0|0|0|0|0
S|OKROG|51292222|59268611| |DF|2|0|0|0|0|0|1|5000|0|0|0|0|0

P|OKRO5J|25|OKROG|0|4
S|DER25|51069522|58575597| |DF|0|0|0|0|0|0|0|0|0|1|0|0|0
S| |91000000|181000000| |CA|0|24600|0|0|0|0|1|1500|0|0|0|0|0
S|OR|51083333|58668750| |DF|1|0|0|0|0|0|0|0|0|0|0|0|0
S|OKROG|51292222|59268611| |TF|0|0|0|0|0|0|1|5000|0|0|0|0|0

P|OKRO5L|07|OKROG|0|3
S|DER07|51075508|58615869| |DF|0|0|0|0|0|0|0|0|0|1|0|0|0
S| |91000000|181000000| |CA|0|6600|0|0|0|0|1|1500|0|0|0|0|0
S|OKROG|51292222|59268611| |DF|0|0|0|0|0|0|1|5000|0|0|0|0|0

P|OKRO5R|25|OKROG|0|4
S|DER25|51069522|58575597| |DF|0|0|0|0|0|0|0|0|0|1|0|0|0
S| |91000000|181000000| |CA|0|24600|0|0|0|205|1|1500|0|0|0|0|0
S|O|51077750|58630944| |DF|1|0|0|0|0|0|0|0|0|0|0|0|0
S|OKROG|51292222|59268611| |TF|0|0|0|0|0|0|1|5000|0|0|0|0|0

P|OKRO5Y|25|OKROG|0|4
S|DER25|51069522|58575597| |DF|0|0|0|0|0|0|0|0|0|1|0|0|0
S| |91000000|181000000| |CA|0|24600|0|0|0|0|1|1500|0|0|0|0|0
S|NRK|51077028|58626333| |DF|1|0|0|0|0|205|0|0|0|0|0|0|0
S|OKROG|51292222|59268611| |TF|0|0|0|0|0|0|1|5000|0|0|0|0|0

P|OKRO5Z|07|OKROG|0|3
S| |91000000|181000000| |CA|0|6600|0|0|0|0|1|4000|0|0|0|0|0
S| |91000000|181000000| |CI|0|1300|0|0|0|0|0|0|0|0|0|0|0
S|OKROG|51292222|59268611|NRK|CF|0|5100|2750|5070|2100|0|1|5000|0|0|0|0|0

P|URUS5A|07|URUSU|0|4
S|DER07|51075508|58615869| |DF|0|0|0|0|0|0|0|0|0|1|0|0|0
S| |91000000|181000000| |CA|0|6600|0|0|0|0|1|1500|0|0|0|0|0
S| |91000000|181000000| |CI|2|20800|0|0|0|0|0|0|0|0|0|0|0
S|URUSU|50695000|58956667|NRK|CF|0|13500|2620|14020|2200|0|1|14000|0|0|0|0|0

P|URUS5B|07|URUSU|0|4
S|DER07|51075508|58615869| |DF|0|0|0|0|0|0|0|0|0|1|0|0|0
S| |91000000|181000000| |CA|0|6600|0|0|0|0|1|1500|0|0|0|0|0
S| |91000000|181000000| |CI|2|22000|0|0|0|0|0|0|0|0|0|0|0
S|URUSU|50695000|58956667|NRK|CF|0|13200|2620|14020|2300|0|1|14000|0|0|0|0|0

P|URUS5C|07|URUSU|0|3
S|DER07|51075508|58615869| |DF|0|0|0|0|0|0|0|0|0|0|0|0|0
S| |91000000|181000000| |CA|0|6600|0|0|0|0|1|1500|0|0|0|0|0
S|URUSU|50695000|58956667| |DF|0|0|0|0|0|0|1|14000|0|1|0|0|0

P|URUS5D|25|URUSU|0|4
S|DER25|51069522|58575597| |DF|0|0|0|0|0|0|0|0|0|1|0|0|0
S| |91000000|181000000| |CA|0|24600|0|0|0|0|1|1500|0|0|0|0|0
S|OR012|50865558|58818222| |DF|1|0|0|0|0|0|0|0|0|0|0|0|0
S|URUSU|50695000|58956667| |TF|0|0|0|0|0|0|1|14000|0|1|0|0|0

P|URUS5J|25|URUSU|0|4
S|DER25|51069522|58575597| |DF|0|0|0|0|0|0|0|0|0|1|0|0|0
S| |91000000|181000000| |CA|0|24600|0|0|0|0|1|1500|0|0|0|0|0
S|OR|51083333|58668750| |DF|2|0|0|0|0|270|0|0|0|0|0|0|0
S|URUSU|50695000|58956667| |TF|0|0|0|0|0|0|1|14000|0|0|0|0|0

P|URUS5R|25|URUSU|0|4
S|DER25|51069522|58575597| |DF|0|0|0|0|0|0|0|0|0|1|0|0|0
S| |91000000|181000000| |CA|0|24600|0|0|0|205|1|1500|0|0|0|0|0
S|O|51077750|58630944| |DF|2|0|0|0|0|0|0|0|0|0|0|0|0
S|URUSU|50695000|58956667| |TF|0|0|0|0|0|0|1|14000|0|0|0|0|0

P|URUS5Y|25|URUSU|0|4
S|DER25|51069522|58575597| |DF|0|0|0|0|0|0|0|0|0|1|0|0|0
S| |91000000|181000000| |CA|0|24600|0|0|0|0|1|1500|0|0|0|0|0
S|NRK|51077028|58626333| |DF|2|0|0|0|0|205|0|0|0|0|0|0|0
S|URUSU|50695000|58956667| |TF|0|0|0|0|0|0|1|14000|0|0|0|0|0

P|URUS5Z|07|URUSU|0|3
S| |91000000|181000000|NRK|CD|0|6600|0|0|700|0|0|0|0|0|0|0|0
S| |91000000|181000000| |CI|2|22900|0|0|0|0|0|0|0|0|0|0|0
S|URUSU|50695000|58956667|NRK|CF|0|14000|2620|14020|2100|0|1|14000|0|0|0|0|0

