P|GORI2B|20|GORIR|0|4
S|DER20|54114678|45201031| |DF|0|0|0|0|0|0|0|0|0|1|0|0|0
S| |91000000|181000000| |CA|0|20100|0|0|0|0|1|1300|0|0|0|0|0
S| |91000000|181000000| |CI|2|33600|0|0|0|0|0|0|0|0|0|0|0
S|GORIR|54257222|44642778|SRN|CF|0|27700|2160|27900|1600|0|1|7000|0|0|0|0|0

P|GORI2C|02|GORIR|0|3
S| |91000000|181000000|SRN|CD|0|2100|0|0|490|0|0|0|0|0|0|0|0
S|G|54143056|45232361| |DF|2|0|0|0|0|250|1|5000|0|0|0|0|0
S|GORIR|54257222|44642778| |TF|0|0|0|0|0|0|1|7000|0|0|0|0|0

P|GORI2D|02|GORIR|0|3
S|PS001|54208833|45305167|SRN|CF|0|2100|570|2200|600|0|0|0|0|1|0|0|0
S|PS002|54107639|45156833| |DF|2|0|0|0|0|245|0|0|0|0|0|0|0
S|GORIR|54257222|44642778| |TF|0|0|0|0|0|0|1|7000|0|0|0|0|0

P|GORI2E|20|GORIR|0|2
S|PS016|54074389|45156639|SRN|CF|0|20100|390|19940|300|0|0|0|0|1|0|0|0
S|GORIR|54257222|44642778| |DF|2|0|0|0|0|0|1|7000|0|0|0|0|0

P|GORI2L|02|GORIR|0|3
S| |91000000|181000000|SRN|CD|0|2100|0|0|490|0|0|0|0|0|0|0|0
S|SRN|54129944|45214389| |DF|2|0|0|0|0|250|1|5000|0|0|0|0|0
S|GORIR|54257222|44642778| |TF|0|0|0|0|0|0|1|7000|0|0|0|0|0

P|GORI2M|20|GORIR|0|4
S|DER20|54114678|45201031| |DF|0|0|0|0|0|0|0|0|0|1|0|0|0
S| |91000000|181000000| |CA|0|20100|0|0|0|0|1|1300|0|0|0|0|0
S| |91000000|181000000| |CI|2|33600|0|0|0|0|0|0|0|0|0|0|0
S|GORIR|54257222|44642778|SRN|CF|0|27900|2160|27900|1600|0|1|7000|0|0|0|0|0

P|GORI2X|02|GORIR|0|2
S|PS001|54208833|45305167|SRN|CF|0|2100|570|2200|600|0|0|0|0|1|0|0|0
S|GORIR|54257222|44642778| |DF|1|0|0|0|0|0|1|7000|0|0|0|0|0

P|PILE2B|20|PILEN|0|4
S|DER20|54114678|45201031| |DF|0|0|0|0|0|0|0|0|0|1|0|0|0
S| |91000000|181000000| |CA|0|20100|0|0|0|0|1|1300|0|0|0|0|0
S| |91000000|181000000| |CI|0|24800|0|0|0|0|0|0|0|0|0|0|0
S|PILEN|53900000|44738333|SRN|CF|0|21800|2180|21880|1800|0|1|7000|0|0|0|0|0

P|PILE2C|02|PILEN|0|3
S| |91000000|181000000|SRN|CD|0|2100|0|0|490|0|0|0|0|0|0|0|0
S|G|54143056|45232361| |DF|2|0|0|0|0|250|1|5000|0|0|0|0|0
S|PILEN|53900000|44738333| |TF|0|0|0|0|0|0|1|7000|0|0|0|0|0

P|PILE2D|02|PILEN|0|4
S|DER02|54135800|45224342| |DF|0|0|0|0|0|0|0|0|0|1|0|0|0
S| |91000000|181000000| |CA|0|2100|0|0|0|265|1|1300|0|0|0|0|0
S|PS003|53991333|45112139| |DF|2|0|0|0|0|0|1|6000|0|0|0|0|0
S|PILEN|53900000|44738333| |TF|0|0|0|0|0|0|1|7000|0|0|0|0|0

P|PILE2E|20|PILEN|0|2
S|PS016|54074389|45156639|SRN|CF|0|20100|390|19940|300|0|0|0|0|1|0|0|0
S|PILEN|53900000|44738333| |DF|0|0|0|0|0|0|1|7000|0|0|0|0|0

P|PILE2L|02|PILEN|0|3
S| |91000000|181000000|SRN|CD|0|2100|0|0|490|0|0|0|0|0|0|0|0
S|SRN|54129944|45214389| |DF|2|0|0|0|0|250|1|5000|0|0|0|0|0
S|PILEN|53900000|44738333| |TF|0|0|0|0|0|0|1|7000|0|0|0|0|0

P|PILE2M|20|PILEN|0|4
S|DER20|54114678|45201031| |DF|0|0|0|0|0|0|0|0|0|1|0|0|0
S| |91000000|181000000| |CA|0|20100|0|0|0|0|1|1300|0|0|0|0|0
S| |91000000|181000000| |CI|0|24800|0|0|0|0|0|0|0|0|0|0|0
S|PILEN|53900000|44738333|SRN|CF|0|21900|2180|21880|1800|0|1|7000|0|0|0|0|0

P|PILE2X|02|PILEN|0|3
S|PS001|54208833|45305167|SRN|CF|0|2100|570|2200|600|0|0|0|0|1|0|0|0
S|PS003|53991333|45112139| |DF|2|0|0|0|0|0|1|6000|0|0|0|0|0
S|PILEN|53900000|44738333| |TF|0|0|0|0|0|0|1|7000|0|0|0|0|0

P|SUDE2B|20|SUDEM|0|4
S|DER20|54114678|45201031| |DF|0|0|0|0|0|0|0|0|0|1|0|0|0
S| |91000000|181000000| |CA|0|20100|0|0|0|0|1|1300|0|0|0|0|0
S| |91000000|181000000| |CI|1|900|0|0|0|0|0|0|0|0|0|0|0
S|SUDEM|54133333|45833333|SRN|CF|0|7900|2190|7720|1900|0|1|7000|0|0|0|0|0

P|SUDE2C|02|SUDEM|0|4
S|G|54143056|45232361| |DF|0|0|0|0|0|0|0|0|0|1|0|0|0
S| |91000000|181000000| |CA|0|2100|0|0|0|0|1|1500|0|0|0|0|0
S| |91000000|181000000| |CI|2|12900|0|0|0|0|0|0|0|0|0|0|0
S|SUDEM|54133333|45833333|SRN|CF|0|7900|2190|7720|1800|0|1|7000|0|0|0|0|0

P|SUDE2D|02|SUDEM|0|3
S|DER02|54135800|45224342| |DF|0|0|0|0|0|0|0|0|0|0|0|0|0
S| |91000000|181000000| |CA|0|2100|0|0|0|0|1|1300|0|0|0|0|0
S|SUDEM|54133333|45833333| |DF|2|0|0|0|0|0|1|7000|0|0|0|0|0

P|SUDE2E|20|SUDEM|0|3
S|PS016|54074389|45156639|SRN|CF|0|20100|390|19940|300|255|0|0|0|1|0|0|0
S|PS017|53988944|45411639| |DF|1|0|0|0|0|0|2|5000|0|0|0|0|0
S|SUDEM|54133333|45833333| |TF|0|0|0|0|0|0|1|7000|0|0|0|0|0

P|SUDE2L|02|SUDEM|0|3
S| |91000000|181000000|SRN|CD|0|2100|0|0|490|0|0|0|0|0|0|0|0
S| |91000000|181000000| |CI|2|12900|0|0|0|0|0|0|0|0|0|0|0
S|SUDEM|54133333|45833333|SRN|CF|0|7700|2190|7720|1300|0|1|7000|0|0|0|0|0

P|SUDE2M|20|SUDEM|0|4
S|DER20|54114678|45201031| |DF|0|0|0|0|0|0|0|0|0|0|0|0|0
S| |91000000|181000000| |CA|0|20100|0|0|0|0|1|1300|0|0|0|0|0
S| |91000000|181000000| |CI|1|1700|0|0|0|0|0|0|0|0|0|0|0
S|SUDEM|54133333|45833333|SRN|CF|0|7700|2190|7720|1800|0|1|7000|0|0|0|0|0

P|TAKI2B|20|TAKIB|0|4
S|DER20|54114678|45201031| |DF|0|0|0|0|0|0|0|0|0|1|0|0|0
S| |91000000|181000000| |CA|0|20100|0|0|0|0|1|1300|0|0|0|0|0
S| |91000000|181000000| |CI|0|14000|0|0|0|0|0|0|0|0|0|0|0
S|TAKIB|53765556|45205000|SRN|CF|0|17000|2190|16890|1600|0|1|7000|0|0|0|0|0

P|TAKI2C|02|TAKIB|0|3
S| |91000000|181000000|SRN|CD|0|2100|0|0|490|0|0|0|0|0|0|0|0
S|G|54143056|45232361| |DF|2|0|0|0|0|250|1|5000|0|1|0|0|0
S|TAKIB|53765556|45205000| |TF|0|0|0|0|0|0|1|7000|0|0|0|0|0

P|TAKI2D|02|TAKIB|0|3
S|DER02|54135800|45224342| |DF|0|0|0|0|0|0|0|0|0|1|0|0|0
S| |91000000|181000000| |CA|0|2100|0|0|0|0|1|1300|0|0|0|0|0
S|TAKIB|53765556|45205000| |DF|2|0|0|0|0|0|1|7000|0|0|0|0|0

P|TAKI2E|20|TAKIB|0|3
S|PS016|54074389|45156639|SRN|CF|0|20100|390|19940|300|0|0|0|0|1|0|0|0
S|PS021|53844778|45151444| |DF|0|0|0|0|0|0|0|0|0|0|0|0|0
S|TAKIB|53765556|45205000| |TF|0|0|0|0|0|0|1|7000|0|0|0|0|0

P|TAKI2L|02|TAKIB|0|3
S| |91000000|181000000|SRN|CD|0|2100|0|0|490|0|0|0|0|0|0|0|0
S|SRN|54129944|45214389| |DF|2|0|0|0|0|250|1|5000|0|1|0|0|0
S|TAKIB|53765556|45205000| |TF|0|0|0|0|0|0|1|7000|0|0|0|0|0

P|TAKI2M|20|TAKIB|0|4
S|DER20|54114678|45201031| |DF|0|0|0|0|0|0|0|0|0|1|0|0|0
S| |91000000|181000000| |CA|0|20100|0|0|0|0|1|1300|0|0|0|0|0
S| |91000000|181000000| |CI|0|14000|0|0|0|0|0|0|0|0|0|0|0
S|TAKIB|53765556|45205000|SRN|CF|0|16900|2190|16890|1600|0|1|7000|0|0|0|0|0

P|UGLA2B|20|UGLAD|0|4
S|DER20|54114678|45201031| |DF|0|0|0|0|0|0|0|0|0|1|0|0|0
S| |91000000|181000000| |CA|0|20100|0|0|0|0|1|1300|0|0|0|0|0
S| |91000000|181000000| |CI|1|35000|0|0|0|0|0|0|0|0|0|0|0
S|UGLAD|54299722|45748333|SRN|CF|0|5000|2140|4930|1900|0|1|7000|0|0|0|0|0

P|UGLA2C|02|UGLAD|0|4
S|G|54143056|45232361| |DF|0|0|0|0|0|0|0|0|0|1|0|0|0
S| |91000000|181000000| |CA|0|2100|0|0|0|0|1|1500|0|0|0|0|0
S| |91000000|181000000| |CI|0|8000|0|0|0|0|0|0|0|0|0|0|0
S|UGLAD|54299722|45748333|SRN|CF|0|5000|2140|4930|1900|0|1|7000|0|0|0|0|0

P|UGLA2D|02|UGLAD|0|3
S|DER02|54135800|45224342| |DF|0|0|0|0|0|0|0|0|0|0|0|0|0
S| |91000000|181000000| |CA|0|2100|0|0|0|0|1|1300|0|0|0|0|0
S|UGLAD|54299722|45748333| |DF|0|0|0|0|0|0|1|7000|0|0|0|0|0

P|UGLA2E|20|UGLAD|0|4
S|PS016|54074389|45156639|SRN|CF|0|20100|390|19940|300|255|0|0|0|1|0|0|0
S|PS017|53988944|45411639| |DF|1|0|0|0|0|0|2|5000|0|0|0|0|0
S|PS018|54185194|45684583| |TF|0|0|0|0|0|0|0|0|0|0|0|0|0
S|UGLAD|54299722|45748333| |TF|0|0|0|0|0|0|1|7000|0|0|0|0|0

P|UGLA2L|02|UGLAD|0|3
S| |91000000|181000000|SRN|CD|0|2100|0|0|490|0|0|0|0|0|0|0|0
S| |91000000|181000000| |CI|0|8000|0|0|0|0|0|0|0|0|0|0|0
S|UGLAD|54299722|45748333|SRN|CF|0|4900|2140|4930|1200|0|1|7000|0|0|0|0|0

P|UGLA2M|20|UGLAD|0|4
S|DER20|54114678|45201031| |DF|0|0|0|0|0|0|0|0|0|0|0|0|0
S| |91000000|181000000| |CA|0|20100|0|0|0|0|1|1300|0|0|0|0|0
S| |91000000|181000000| |CI|1|34900|0|0|0|0|0|0|0|0|0|0|0
S|UGLAD|54299722|45748333|SRN|CF|0|4900|2140|4930|1900|0|1|7000|0|0|0|0|0

