P|AZRE2E|31|AZREF|0|2
S|NU530|41669756|60544242|DSH|CF|0|31300|3410|9190|590|230|1|1300|0|0|0|0|0
S|AZREF|42105889|60356222| |TF|0|0|0|0|0|0|1|6000|0|0|0|0|0

P|AZRE2F|31|AZREF|0|3
S| |91000000|181000000| |CA|0|31300|0|0|0|0|1|1300|0|0|0|0|0
S| |91000000|181000000| |CI|0|36000|0|0|0|0|0|0|0|0|0|0|0
S|AZREF|42105889|60356222|DSH|CF|0|33000|3260|4330|2900|0|1|6000|0|0|0|0|0

P|AZRE2G|13|AZREF|0|3
S|NU420|41495567|60742350|DSH|CF|0|13300|4550|10310|600|230|1|1300|0|0|0|0|0
S|NU421|41549683|60826747| |TF|0|0|0|0|0|250|1|1500|0|0|0|0|0
S|AZREF|42105889|60356222| |TF|0|0|0|0|0|0|1|6000|0|0|0|0|0

P|AZRE2H|13|AZREF|0|3
S| |91000000|181000000| |CA|0|13300|0|0|0|0|1|1300|0|0|0|0|0
S|RG|41619583|60601528| |DF|2|0|0|0|0|220|0|0|0|0|0|0|0
S|AZREF|42105889|60356222| |TF|0|0|0|0|0|0|1|6000|0|0|0|0|0

P|DARV2E|31|DARVA|0|3
S|NU530|41669756|60544242|DSH|CF|0|31300|3410|9190|590|230|1|1300|0|0|0|0|0
S|NU532|41615578|60459761| |TF|0|0|0|0|0|250|1|1500|0|0|0|0|0
S|DARVA|41306761|60427403| |TF|0|0|0|0|0|0|1|5000|0|0|0|0|0

P|DARV2F|31|DARVA|0|3
S| |91000000|181000000| |CA|0|31300|0|0|0|0|1|1300|0|0|0|0|0
S|NU|41545167|60686222| |DF|2|0|0|0|0|220|0|0|0|0|0|0|0
S|DARVA|41306761|60427403| |TF|0|21300|0|0|1900|0|1|5000|0|0|0|0|0

P|DARV2G|13|DARVA|0|3
S|NU420|41495567|60742350|DSH|CF|0|13300|4550|10310|600|230|1|1300|0|0|0|0|0
S|NU422|41441386|60658094| |TF|0|0|0|0|0|250|1|1500|0|0|0|0|0
S|DARVA|41306761|60427403| |TF|0|0|0|0|0|0|1|4000|0|0|0|0|0

P|DARV2H|13|DARVA|0|4
S| |91000000|181000000| |CA|0|13300|0|0|0|0|1|1300|0|0|0|0|0
S|RG|41619583|60601528| |DF|1|0|0|0|0|220|0|0|0|1|0|0|0
S| |91000000|181000000| |CI|1|16600|0|0|0|0|0|0|0|0|0|0|0
S|DARVA|41306761|60427403|DSH|CF|0|19600|3940|12640|1600|0|1|4000|0|0|0|0|0

P|DIKN2E|31|DIKNA|0|3
S|NU530|41669756|60544242|DSH|CF|0|31300|3410|9190|590|230|1|1300|0|0|0|0|0
S|NU531|41723869|60628864| |TF|0|0|0|0|0|250|1|1500|0|0|0|0|0
S|DIKNA|41643333|61750000| |TF|0|0|0|0|0|0|1|6000|0|0|0|0|0

P|DIKN2F|31|DIKNA|0|3
S| |91000000|181000000| |CA|0|31300|0|0|0|0|1|1300|0|0|0|0|0
S|NU|41545167|60686222| |DF|1|0|0|0|0|220|0|0|0|0|0|0|0
S|DIKNA|41643333|61750000| |TF|0|0|0|0|0|0|1|6000|0|0|0|0|0

P|DIKN2G|13|DIKNA|0|2
S|NU420|41495567|60742350|DSH|CF|0|13300|4550|10310|600|230|1|1300|0|0|0|0|0
S|DIKNA|41643333|61750000| |TF|0|0|0|0|0|0|1|6000|0|0|0|0|0

P|DIKN2H|13|DIKNA|0|4
S| |91000000|181000000| |CA|0|13300|0|0|0|0|1|1300|0|0|0|0|0
S|RG|41619583|60601528| |DF|2|0|0|0|0|220|0|0|0|1|0|0|0
S| |91000000|181000000| |CI|2|11100|0|0|0|0|0|0|0|0|0|0|0
S|DIKNA|41643333|61750000|DSH|CF|0|8100|8810|8690|4600|0|1|6000|0|0|0|0|0

P|EVTE2E|31|EVTEV|0|3
S|NU530|41669756|60544242|DSH|CF|0|31300|3410|9190|590|230|1|1300|0|0|0|0|0
S|NU531|41723869|60628864| |TF|0|0|0|0|0|250|1|1500|0|0|0|0|0
S|EVTEV|41861667|61750000| |TF|0|0|0|0|0|0|1|6000|0|0|0|0|0

P|EVTE2F|31|EVTEV|0|3
S| |91000000|181000000| |CA|0|31300|0|0|0|0|1|1300|0|0|0|0|0
S|NU|41545167|60686222| |DF|1|0|0|0|0|220|0|0|0|0|0|0|0
S|EVTEV|41861667|61750000| |TF|0|0|0|0|0|0|1|6000|0|0|0|0|0

P|EVTE2G|13|EVTEV|0|2
S|NU420|41495567|60742350|DSH|CF|0|13300|4550|10310|600|230|1|1300|0|0|0|0|0
S|EVTEV|41861667|61750000| |TF|0|0|0|0|0|0|1|6000|0|0|0|0|0

P|EVTE2H|13|EVTEV|0|4
S| |91000000|181000000| |CA|0|13300|0|0|0|0|1|1300|0|0|0|0|0
S|RG|41619583|60601528| |DF|2|0|0|0|0|220|0|0|0|1|0|0|0
S| |91000000|181000000| |CI|2|9700|0|0|0|0|0|0|0|0|0|0|0
S|EVTEV|41861667|61750000|DSH|CF|0|6700|8790|7840|4900|0|1|6000|0|0|0|0|0

P|MAKI2E|31|MAKIX|0|2
S|NU530|41669756|60544242|DSH|CF|0|31300|3410|9190|590|230|1|1300|0|0|0|0|0
S|MAKIX|42100000|60788333| |TF|0|0|0|0|0|0|1|6000|0|0|0|0|0

P|MAKI2F|31|MAKIX|0|4
S| |91000000|181000000| |CA|0|31300|0|0|0|0|1|1300|0|0|0|0|0
S|NU|41545167|60686222| |DF|1|0|0|0|0|220|0|0|0|1|0|0|0
S| |91000000|181000000| |CI|1|33100|0|0|0|0|0|0|0|0|0|0|0
S|MAKIX|42100000|60788333|DSH|CF|0|100|4890|5800|2900|0|1|6000|0|0|0|0|0

P|MAKI2G|13|MAKIX|0|3
S|NU420|41495567|60742350|DSH|CF|0|13300|4550|10310|600|230|1|1300|0|0|0|0|0
S|NU421|41549683|60826747| |TF|0|0|0|0|0|250|1|1500|0|0|0|0|0
S|MAKIX|42100000|60788333| |TF|0|0|0|0|0|0|1|6000|0|0|0|0|0

P|MAKI2H|13|MAKIX|0|3
S| |91000000|181000000| |CA|0|13300|0|0|0|0|1|1300|0|0|0|0|0
S|RG|41619583|60601528| |DF|2|0|0|0|0|220|0|0|0|0|0|0|0
S|MAKIX|42100000|60788333| |TF|0|0|0|0|0|0|1|6000|0|0|0|0|0

P|NESV2E|31|NESVA|0|3
S|NU530|41669756|60544242|DSH|CF|0|31300|3410|9190|590|230|1|1300|0|0|0|0|0
S|NU531|41723869|60628864| |TF|0|0|0|0|0|250|1|1500|0|0|0|0|0
S|NESVA|42043333|61338333| |TF|0|0|0|0|0|0|1|6000|0|0|0|0|0

P|NESV2F|31|NESVA|0|4
S| |91000000|181000000| |CA|0|31300|0|0|0|0|1|1300|0|0|0|0|0
S|NU|41545167|60686222| |DF|1|0|0|0|0|220|0|0|0|1|0|0|0
S| |91000000|181000000| |CI|1|800|0|0|0|0|0|0|0|0|0|0|0
S|NESVA|42043333|61338333|DSH|CF|0|3800|7120|6870|3900|0|1|6000|0|0|0|0|0

P|NESV2G|13|NESVA|0|3
S|NU420|41495567|60742350|DSH|CF|0|13300|4550|10310|600|230|1|1300|0|0|0|0|0
S|NU421|41549683|60826747| |TF|0|0|0|0|0|250|1|1500|0|0|0|0|0
S|NESVA|42043333|61338333| |TF|0|0|0|0|0|0|1|6000|0|0|0|0|0

P|NESV2H|13|NESVA|0|3
S| |91000000|181000000| |CA|0|13300|0|0|0|0|1|1300|0|0|0|0|0
S|RG|41619583|60601528| |DF|2|0|0|0|0|220|0|0|0|1|0|0|0
S|NESVA|42043333|61338333| |TF|0|0|0|0|0|0|1|6000|0|0|0|0|0

P|OTBO2E|31|OTBOR|0|2
S|NU530|41669756|60544242|DSH|CF|0|31300|3410|9190|590|230|1|1300|0|0|0|0|0
S|OTBOR|41471761|60197394| |TF|0|0|0|0|0|0|1|5000|0|0|0|0|0

P|OTBO2F|31|OTBOR|0|4
S| |91000000|181000000| |CA|0|31300|0|0|0|0|1|1300|0|0|0|0|0
S|NU|41545167|60686222| |DF|2|0|0|0|0|220|0|0|0|1|0|0|0
S| |91000000|181000000| |CI|2|28200|0|0|0|0|0|0|0|0|0|0|0
S|OTBOR|41471761|60197394|DSH|CF|0|25200|2500|12660|1900|0|1|5000|0|0|0|0|0

P|OTBO2G|13|OTBOR|0|3
S|NU420|41495567|60742350|DSH|CF|0|13300|4550|10310|600|230|1|1300|0|0|0|0|0
S|NU422|41441386|60658094| |TF|0|0|0|0|0|250|1|1500|0|0|0|0|0
S|OTBOR|41471761|60197394| |TF|0|0|0|0|0|0|1|6000|0|0|0|0|0

P|OTBO2H|13|OTBOR|0|3
S| |91000000|181000000| |CA|0|13300|0|0|0|0|1|1300|0|0|0|0|0
S|RG|41619583|60601528| |DF|1|0|0|0|0|220|0|0|0|1|0|0|0
S|OTBOR|41471761|60197394| |TF|0|0|0|0|0|0|1|6000|0|0|0|0|0

P|SOVO2E|31|SOVOD|0|2
S|NU530|41669756|60544242|DSH|CF|0|31300|3410|9190|590|230|1|1300|0|0|0|0|0
S|SOVOD|41701767|60110719| |TF|0|0|0|0|0|0|1|5000|0|0|0|0|0

P|SOVO2F|31|SOVOD|0|3
S| |91000000|181000000| |CA|0|31300|0|0|0|0|1|1300|0|0|0|0|0
S| |91000000|181000000| |CI|0|25400|0|0|0|0|0|0|0|0|0|0|0
S|SOVOD|41701767|60110719|DSH|CF|0|28400|1460|9670|1600|0|1|5000|0|0|0|0|0

P|SOVO2G|13|SOVOD|0|3
S|NU420|41495567|60742350|DSH|CF|0|13300|4550|10310|600|230|1|1300|0|0|0|0|0
S|NU422|41441386|60658094| |TF|0|0|0|0|0|250|1|1500|0|0|0|0|0
S|SOVOD|41701767|60110719| |TF|0|0|0|0|0|0|1|6000|0|0|0|0|0

P|SOVO2H|13|SOVOD|0|3
S| |91000000|181000000| |CA|0|13300|0|0|0|0|1|1300|0|0|0|0|0
S|RG|41619583|60601528| |DF|1|0|0|0|0|220|0|0|0|0|0|0|0
S|SOVOD|41701767|60110719| |TF|0|0|0|0|0|0|1|6000|0|0|0|0|0

P|VASI2E|31|VASIM|0|3
S|NU530|41669756|60544242|DSH|CF|0|31300|3410|9190|590|230|1|1300|0|0|0|0|0
S|NU531|41723869|60628864| |TF|0|0|0|0|0|250|1|1500|0|0|0|0|0
S|VASIM|41260000|61750000| |TF|0|0|0|0|0|0|1|6000|0|0|0|0|0

P|VASI2F|31|VASIM|0|3
S| |91000000|181000000| |CA|0|31300|0|0|0|0|1|1300|0|0|0|0|0
S|NU|41545167|60686222| |DF|1|0|0|0|0|220|0|0|0|0|0|0|0
S|VASIM|41260000|61750000| |TF|0|0|0|0|0|0|1|6000|0|0|0|0|0

P|VASI2G|13|VASIM|0|2
S|NU420|41495567|60742350|DSH|CF|0|13300|4550|10310|600|230|1|1300|0|0|0|0|0
S|VASIM|41260000|61750000| |TF|0|0|0|0|0|0|1|6000|0|0|0|0|0

P|VASI2H|13|VASIM|0|3
S| |91000000|181000000| |CA|0|13300|0|0|0|0|1|1300|0|0|0|0|0
S| |91000000|181000000| |CI|0|7600|0|0|0|0|0|0|0|0|0|0|0
S|VASIM|41260000|61750000|DSH|CF|0|10600|9310|10110|4600|0|1|6000|0|0|0|0|0

