P|ARGA2A|01|ARGAS|0|2
S|UGDAT|39855567|64500975|NVI|CF|0|500|3480|23770|400|0|1|1500|0|0|0|0|0
S|ARGAS|40291250|64020167| |TF|0|0|0|0|0|0|1|10000|0|0|0|0|0

P|ARGA2B|19|ARGAS|0|3
S|RUHLE|39694497|64463492|NVI|CF|0|18500|4150|22680|400|0|1|1500|0|0|0|0|0
S|JOHAF|39706269|64378486| |TF|0|27500|0|0|0|0|1|2500|0|0|0|0|0
S|ARGAS|40291250|64020167| |TF|0|0|0|0|0|0|1|10000|0|0|0|0|0

P|CHAR2A|01|CHARD|0|3
S|UGDAT|39855567|64500975|NVI|CF|0|500|3480|23770|400|0|1|1500|0|0|0|0|0
S|KUKIF|39867328|64415756| |TF|0|0|0|0|0|0|1|2500|0|0|0|0|0
S|CHARD|39258419|63822514| |TF|0|0|0|0|0|0|1|11000|0|0|0|0|0

P|CHAR2B|19|CHARD|0|2
S|RUHLE|39694497|64463492|NVI|CF|0|18500|4150|22680|400|0|1|1500|0|0|0|0|0
S|CHARD|39258419|63822514| |TF|0|0|0|0|0|0|1|11000|0|0|0|0|0

P|GUZA2A|01|GUZAH|0|2
S|UGDAT|39855567|64500975|NVI|CF|0|500|3480|23770|400|0|1|1500|0|0|0|0|0
S|GUZAH|40214139|63746056| |TF|0|0|0|0|0|0|1|10000|0|0|0|0|0

P|GUZA2B|19|GUZAH|0|3
S|RUHLE|39694497|64463492|NVI|CF|0|18500|4150|22680|400|0|1|1500|0|0|0|0|0
S|JOHAF|39706269|64378486| |TF|0|0|0|0|0|0|1|2500|0|0|0|0|0
S|GUZAH|40214139|63746056| |TF|0|0|0|0|0|0|1|10000|0|0|0|0|0

P|INSO2A|01|INSOM|0|2
S|UGDAT|39855567|64500975|NVI|CF|0|500|3480|23770|400|0|1|1500|0|0|0|0|0
S|INSOM|40010000|64961667| |TF|0|0|0|0|0|0|1|8000|0|0|0|0|0

P|INSO2B|19|INSOM|0|3
S|RUHLE|39694497|64463492|NVI|CF|0|18500|4150|22680|400|0|1|1500|0|0|0|0|0
S|LEPAH|39682686|64548503| |TF|0|0|0|0|0|0|1|2500|0|0|0|0|0
S|INSOM|40010000|64961667| |TF|0|0|0|0|0|0|1|8000|0|0|0|0|0

P|PETA2A|01|PETAB|0|3
S|UGDAT|39855567|64500975|NVI|CF|0|500|3480|23770|400|0|1|1500|0|0|0|0|0
S|SORFU|39843744|64586167| |TF|0|0|0|0|0|0|1|2500|0|0|0|0|0
S|PETAB|38702000|65022583| |TF|0|0|0|0|0|0|1|17000|0|0|0|0|0

P|PETA2B|19|PETAB|0|2
S|RUHLE|39694497|64463492|NVI|CF|0|18500|4150|22680|400|0|1|1500|0|0|0|0|0
S|PETAB|38702000|65022583| |TF|0|0|0|0|0|0|1|17000|0|0|0|0|0

P|REGM2A|01|REGMO|0|3
S|UGDAT|39855567|64500975|NVI|CF|0|500|3480|23770|400|0|1|1500|0|0|0|0|0
S|KUKIF|39867328|64415756| |TF|0|0|0|0|0|0|1|2500|0|0|0|0|0
S|REGMO|39825000|63265000| |TF|0|0|0|0|0|0|1|16000|0|0|0|0|0

P|REGM2B|19|REGMO|0|3
S|RUHLE|39694497|64463492|NVI|CF|0|18500|4150|22680|400|0|1|1500|0|0|0|0|0
S|JOHAF|39706269|64378486| |TF|0|0|0|0|0|0|1|2500|0|0|0|0|0
S|REGMO|39825000|63265000| |TF|0|0|0|0|0|0|1|16000|0|0|0|0|0

P|ROBA2A|01|ROBAP|0|2
S|UGDAT|39855567|64500975|NVI|CF|0|500|3480|23770|400|0|1|1500|0|0|0|0|0
S|ROBAP|40428444|64526111| |TF|0|0|0|0|0|0|1|10000|0|0|0|0|0

P|ROBA2B|19|ROBAP|0|3
S|RUHLE|39694497|64463492|NVI|CF|0|18500|4150|22680|400|0|1|1500|0|0|0|0|0
S|LEPAH|39682686|64548503| |TF|0|0|0|0|0|0|1|2500|0|0|0|0|0
S|ROBAP|40428444|64526111| |TF|1|0|0|0|0|0|1|10000|0|0|0|0|0

P|TOLI2A|01|TOLIB|0|3
S|UGDAT|39855567|64500975|NVI|CF|0|500|3480|23770|400|0|1|1500|0|0|0|0|0
S|SORFU|39843744|64586167| |TF|0|0|0|0|0|0|1|2500|0|0|0|0|0
S|TOLIB|39760000|65668333| |TF|0|0|0|0|0|0|1|10000|0|0|0|0|0

P|TOLI2B|19|TOLIB|0|3
S|RUHLE|39694497|64463492|NVI|CF|0|18500|4150|22680|400|0|1|1500|0|0|0|0|0
S|LEPAH|39682686|64548503| |TF|0|0|0|0|0|0|1|2500|0|0|0|0|0
S|TOLIB|39760000|65668333| |TF|0|0|0|0|0|0|1|10000|0|0|0|0|0

P|TUDL2A|01|TUDLI|0|3
S|UGDAT|39855567|64500975|NVI|CF|0|500|3480|23770|400|0|1|1500|0|0|0|0|0
S|SORFU|39843744|64586167| |TF|0|0|0|0|0|0|1|2500|0|0|0|0|0
S|TUDLI|39310000|65195000| |TF|0|0|0|0|0|0|1|10000|0|0|0|0|0

P|TUDL2B|19|TUDLI|0|2
S|RUHLE|39694497|64463492|NVI|CF|0|18500|4150|22680|400|0|1|1500|0|0|0|0|0
S|TUDLI|39310000|65195000| |TF|0|0|0|0|0|0|1|10000|0|0|0|0|0

P|TUKR2A|01|TUKRI|0|2
S|UGDAT|39855567|64500975|NVI|CF|0|500|3480|23770|400|0|1|1500|0|0|0|0|0
S|TUKRI|40048194|65520722| |TF|0|0|0|0|0|0|1|10000|0|0|0|0|0

P|TUKR2B|19|TUKRI|0|3
S|RUHLE|39694497|64463492|NVI|CF|0|18500|4150|22680|400|0|1|1500|0|0|0|0|0
S|LEPAH|39682686|64548503| |TF|0|0|0|0|0|0|1|2500|0|0|0|0|0
S|TUKRI|40048194|65520722| |TF|0|0|0|0|0|0|1|10000|0|0|0|0|0

