P|ASNO6A|08|TKT|0|6
S| |91000000|181000000| |CA|0|7500|0|0|0|0|1|3300|0|0|0|0|0
S|TENBU|41391744|69651872|SMK|CF|2|19500|5960|16480|500|160|1|5500|0|0|0|0|0
S|ATMAT|41335556|69615000| |TF|0|0|0|0|0|0|1|5000|0|0|0|0|0
S|ASNOV|41293783|69587936| |TF|0|0|0|0|0|0|1|4000|0|0|0|0|0
S|ASNOV|41293783|69587936| |IF|0|0|0|0|0|0|1|4000|0|0|0|0|0
S|TKT|41254472|69253611| |TF|0|0|0|0|0|0|0|0|0|0|0|0|0

P|ASNO6B|26|TKT|0|7
S|CR|41507483|69502708|SMK|CF|0|25500|5190|17100|300|0|1|3100|0|1|0|0|0
S| |91000000|181000000| |CI|1|7500|0|0|0|160|1|4000|0|0|0|0|0
S|TENBU|41391744|69651872|SMK|CF|2|19000|5960|16480|700|0|1|5500|0|0|0|0|0
S|ATMAT|41335556|69615000| |TF|0|0|0|0|0|0|1|5000|0|0|0|0|0
S|ASNOV|41293783|69587936| |TF|0|0|0|0|0|0|1|4000|0|0|0|0|0
S|ASNOV|41293783|69587936| |IF|0|0|0|0|0|0|1|4000|0|0|0|0|0
S|TKT|41254472|69253611| |TF|0|0|0|0|0|0|0|0|0|0|0|0|0

P|ASNO6C|08|TKT|0|7
S|TC301|41524614|69633775|SMK|CF|0|7500|5160|16430|200|160|1|2900|0|0|0|0|0
S|TC302|41485192|69642953| |TF|0|0|0|0|0|0|1|4000|0|0|0|0|0
S|TENBU|41391744|69651872| |TF|0|0|0|0|0|0|1|5500|0|0|0|0|0
S|ATMAT|41335556|69615000| |TF|0|0|0|0|0|0|1|5000|0|0|0|0|0
S|ASNOV|41293783|69587936| |TF|0|0|0|0|0|0|1|4000|0|0|0|0|0
S|ASNOV|41293783|69587936| |IF|0|0|0|0|0|0|1|4000|0|0|0|0|0
S|TKT|41254472|69253611| |TF|0|0|0|0|0|0|0|0|0|0|0|0|0

P|ASNO6D|26|TKT|0|8
S|TC201|41509300|69517236|SMK|CF|0|25500|5190|17020|200|160|1|2900|0|0|0|0|0
S|TC202|41469878|69526411| |TF|0|0|0|0|0|0|1|4000|0|0|0|0|0
S|TC302|41485192|69642953| |TF|0|0|0|0|0|0|1|4000|0|0|0|0|0
S|TENBU|41391744|69651872| |TF|0|0|0|0|0|0|1|5500|0|0|0|0|0
S|ATMAT|41335556|69615000| |TF|0|0|0|0|0|0|1|5000|0|0|0|0|0
S|ASNOV|41293783|69587936| |TF|0|0|0|0|0|0|1|4000|0|0|0|0|0
S|ASNOV|41293783|69587936| |IF|0|0|0|0|0|0|1|4000|0|0|0|0|0
S|TKT|41254472|69253611| |TF|0|0|0|0|0|0|0|0|0|0|0|0|0

P|DODU6A|08|DODUR|0|5
S| |91000000|181000000| |CA|0|7500|0|0|0|0|1|3300|0|0|0|0|0
S|CR|41507483|69502708| |DF|2|0|0|0|0|160|1|4000|0|0|0|0|0
S|MASUS|41431667|69468333| |TF|1|0|0|0|0|0|1|5000|0|0|0|0|0
S|UKFEK|41409817|69165422| |TF|0|0|0|0|0|0|1|6000|0|0|0|0|0
S|DODUR|41383333|68800000| |TF|0|0|0|0|0|0|1|8000|0|0|0|0|0

P|DODU6B|26|DODUR|0|4
S|CR|41507483|69502708|SMK|CF|0|25500|5190|17100|300|0|1|3100|0|0|0|0|0
S|MASUS|41431667|69468333| |TF|0|0|0|0|0|0|1|4500|0|0|0|0|0
S|UKFEK|41409817|69165422| |TF|0|0|0|0|0|0|1|6000|0|0|0|0|0
S|DODUR|41383333|68800000| |TF|0|0|0|0|0|0|1|8000|0|0|0|0|0

P|DODU6C|08|DODUR|0|6
S|TC301|41524614|69633775|SMK|CF|0|7500|5160|16430|200|160|1|2900|0|0|0|0|0
S|TC302|41485192|69642953| |TF|0|0|0|0|0|0|1|4000|0|0|0|0|0
S|TC303|41464975|69489267| |TF|0|0|0|0|0|0|1|4000|0|0|0|0|0
S|MASUS|41431667|69468333| |TF|0|0|0|0|0|0|1|5000|0|0|0|0|0
S|UKFEK|41409817|69165422| |TF|0|0|0|0|0|0|1|6000|0|0|0|0|0
S|DODUR|41383333|68800000| |TF|0|0|0|0|0|0|1|8000|0|0|0|0|0

P|DODU6D|26|DODUR|0|5
S|TC201|41509300|69517236|SMK|CF|0|25500|5190|17020|200|160|1|2900|0|0|0|0|0
S|TC202|41469878|69526411| |TF|0|0|0|0|0|0|1|4000|0|0|0|0|0
S|MASUS|41431667|69468333| |TF|0|0|0|0|0|0|1|4500|0|0|0|0|0
S|UKFEK|41409817|69165422| |TF|0|0|0|0|0|0|1|6000|0|0|0|0|0
S|DODUR|41383333|68800000| |TF|0|0|0|0|0|0|1|8000|0|0|0|0|0

P|SR6A|08|SR|0|6
S| |91000000|181000000| |CA|0|7500|0|0|0|0|1|3300|0|0|0|0|0
S|TENBU|41391744|69651872|SMK|CF|2|19500|5960|16480|500|160|1|5500|0|0|0|0|0
S|ATMAT|41335556|69615000| |TF|0|0|0|0|0|0|1|6000|0|0|0|0|0
S|ASNOV|41293783|69587936| |TF|0|0|0|0|0|0|1|6000|0|0|0|0|0
S|UTAGA|41205000|69530000| |TF|0|0|0|0|0|0|1|6000|0|0|0|0|0
S|SR|41184667|69222833| |TF|0|0|0|0|0|0|1|6000|0|0|0|0|0

P|SR6B|26|SR|0|7
S|CR|41507483|69502708|SMK|CF|0|25500|5190|17100|300|0|1|3100|0|1|0|0|0
S| |91000000|181000000| |CI|1|7500|0|0|0|160|1|4000|0|0|0|0|0
S|TENBU|41391744|69651872|SMK|CF|2|19000|5960|16480|700|0|1|5500|0|0|0|0|0
S|ATMAT|41335556|69615000| |TF|0|0|0|0|0|0|1|5500|0|0|0|0|0
S|ASNOV|41293783|69587936| |TF|0|0|0|0|0|0|1|6000|0|0|0|0|0
S|UTAGA|41205000|69530000| |TF|0|0|0|0|0|0|1|6000|0|0|0|0|0
S|SR|41184667|69222833| |TF|0|0|0|0|0|0|1|6000|0|0|0|0|0

P|SR6C|08|SR|0|7
S|TC301|41524614|69633775|SMK|CF|0|7500|5160|16430|200|160|1|2900|0|0|0|0|0
S|TC302|41485192|69642953| |TF|0|0|0|0|0|0|1|4000|0|0|0|0|0
S|TENBU|41391744|69651872| |TF|0|0|0|0|0|0|1|5500|0|0|0|0|0
S|ATMAT|41335556|69615000| |TF|0|0|0|0|0|0|1|5500|0|0|0|0|0
S|ASNOV|41293783|69587936| |TF|0|0|0|0|0|0|1|6000|0|0|0|0|0
S|UTAGA|41205000|69530000| |TF|0|0|0|0|0|0|1|6000|0|0|0|0|0
S|SR|41184667|69222833| |TF|0|0|0|0|0|0|1|6000|0|0|0|0|0

P|SR6D|26|SR|0|8
S|TC201|41509300|69517236|SMK|CF|0|25500|5190|17020|200|160|1|2900|0|0|0|0|0
S|TC202|41469878|69526411| |TF|0|0|0|0|0|0|1|4000|0|0|0|0|0
S|TC302|41485192|69642953| |TF|0|0|0|0|0|0|1|4000|0|0|0|0|0
S|TENBU|41391744|69651872| |TF|0|0|0|0|0|0|1|5500|0|0|0|0|0
S|ATMAT|41335556|69615000| |TF|0|0|0|0|0|0|1|5500|0|0|0|0|0
S|ASNOV|41293783|69587936| |TF|0|0|0|0|0|0|1|6000|0|0|0|0|0
S|UTAGA|41205000|69530000| |TF|0|0|0|0|0|0|1|6000|0|0|0|0|0
S|SR|41184667|69222833| |TF|0|0|0|0|0|0|1|6000|0|0|0|0|0

P|TISI6A|08|TISIB|0|8
S| |91000000|181000000| |CA|0|7500|0|0|0|0|1|3300|0|0|0|0|0
S|TENBU|41391744|69651872|SMK|CF|2|19500|5960|16480|500|160|1|5500|0|0|0|0|0
S|ATMAT|41335556|69615000| |TF|0|0|0|0|0|0|1|6000|0|0|0|0|0
S|ASNOV|41293783|69587936| |TF|0|0|0|0|0|0|1|6000|0|0|0|0|0
S|UTAGA|41205000|69530000| |TF|0|0|0|0|0|0|1|6000|0|0|0|0|0
S|RORSU|41005258|69594561| |TF|0|0|0|0|0|0|1|13000|0|0|0|0|0
S|ALOXA|41022650|69713458| |TF|0|0|0|0|0|0|1|15000|0|0|0|0|0
S|TISIB|41098333|70241667| |TF|0|0|0|0|0|0|1|17000|0|0|0|0|0

P|TISI6B|26|TISIB|0|9
S|CR|41507483|69502708|SMK|CF|0|25500|5190|17100|300|0|1|3100|0|1|0|0|0
S| |91000000|181000000| |CI|1|7500|0|0|0|160|1|4000|0|0|0|0|0
S|TENBU|41391744|69651872|SMK|CF|2|19000|5960|16480|700|0|1|5500|0|0|0|0|0
S|ATMAT|41335556|69615000| |TF|0|0|0|0|0|0|1|5500|0|0|0|0|0
S|ASNOV|41293783|69587936| |TF|0|0|0|0|0|0|1|6000|0|0|0|0|0
S|UTAGA|41205000|69530000| |TF|0|0|0|0|0|0|1|6000|0|0|0|0|0
S|RORSU|41005258|69594561| |TF|0|0|0|0|0|0|1|13000|0|0|0|0|0
S|ALOXA|41022650|69713458| |TF|0|0|0|0|0|0|1|15000|0|0|0|0|0
S|TISIB|41098333|70241667| |TF|0|0|0|0|0|0|1|17000|0|0|0|0|0

P|TISI6C|08|TISIB|0|9
S|TC301|41524614|69633775|SMK|CF|0|7500|5160|16430|200|160|1|2900|0|0|0|0|0
S|TC302|41485192|69642953| |TF|0|0|0|0|0|0|1|4000|0|0|0|0|0
S|TENBU|41391744|69651872| |TF|0|0|0|0|0|0|1|5500|0|0|0|0|0
S|ATMAT|41335556|69615000| |TF|0|0|0|0|0|0|1|5500|0|0|0|0|0
S|ASNOV|41293783|69587936| |TF|0|0|0|0|0|0|1|6000|0|0|0|0|0
S|UTAGA|41205000|69530000| |TF|0|0|0|0|0|0|1|6000|0|0|0|0|0
S|RORSU|41005258|69594561| |TF|0|0|0|0|0|0|1|13000|0|0|0|0|0
S|ALOXA|41022650|69713458| |TF|0|0|0|0|0|0|1|15000|0|0|0|0|0
S|TISIB|41098333|70241667| |TF|0|0|0|0|0|0|1|17000|0|0|0|0|0

P|TISI6D|26|TISIB|0|10
S|TC201|41509300|69517236|SMK|CF|0|25500|5190|17020|200|160|1|2900|0|0|0|0|0
S|TC202|41469878|69526411| |TF|0|0|0|0|0|0|1|4000|0|0|0|0|0
S|TC302|41485192|69642953| |TF|0|0|0|0|0|0|1|4000|0|0|0|0|0
S|TENBU|41391744|69651872| |TF|0|0|0|0|0|0|1|5500|0|0|0|0|0
S|ATMAT|41335556|69615000| |TF|0|0|0|0|0|0|1|5500|0|0|0|0|0
S|ASNOV|41293783|69587936| |TF|0|0|0|0|0|0|1|6000|0|0|0|0|0
S|UTAGA|41205000|69530000| |TF|0|0|0|0|0|0|1|6000|0|0|0|0|0
S|RORSU|41005258|69594561| |TF|0|0|0|0|0|0|1|13000|0|0|0|0|0
S|ALOXA|41022650|69713458| |TF|0|0|0|0|0|0|1|15000|0|0|0|0|0
S|TISIB|41098333|70241667| |TF|0|0|0|0|0|0|1|17000|0|0|0|0|0

P|USOL6A|08|USOLO|0|6
S| |91000000|181000000| |CA|0|7500|0|0|0|0|1|3300|0|0|0|0|0
S|TENBU|41391744|69651872|SMK|CF|2|19500|5960|16480|500|160|1|5500|0|0|0|0|0
S|ATMAT|41335556|69615000| |TF|0|0|0|0|0|0|1|6000|0|0|0|0|0
S|ASNOV|41293783|69587936| |TF|0|0|0|0|0|0|1|6000|0|0|0|0|0
S|UTAGA|41205000|69530000| |TF|0|0|0|0|0|0|1|6000|0|0|0|0|0
S|USOLO|40975000|69386667| |TF|0|0|0|0|0|0|1|10000|0|0|0|0|0

P|USOL6B|26|USOLO|0|7
S|CR|41507483|69502708|SMK|CF|0|25500|5190|17100|300|0|1|3100|0|1|0|0|0
S| |91000000|181000000| |CI|1|7500|0|0|0|160|1|4000|0|0|0|0|0
S|TENBU|41391744|69651872|SMK|CF|2|19000|5960|16480|700|0|1|5500|0|0|0|0|0
S|ATMAT|41335556|69615000| |TF|0|0|0|0|0|0|1|5500|0|0|0|0|0
S|ASNOV|41293783|69587936| |TF|0|0|0|0|0|0|1|6000|0|0|0|0|0
S|UTAGA|41205000|69530000| |TF|0|0|0|0|0|0|1|6000|0|0|0|0|0
S|USOLO|40975000|69386667| |TF|0|0|0|0|0|0|1|10000|0|0|0|0|0

P|USOL6C|08|USOLO|0|7
S|TC301|41524614|69633775|SMK|CF|0|7500|5160|16430|200|160|1|2900|0|0|0|0|0
S|TC302|41485192|69642953| |TF|0|0|0|0|0|0|1|4000|0|0|0|0|0
S|TENBU|41391744|69651872| |TF|0|0|0|0|0|0|1|5500|0|0|0|0|0
S|ATMAT|41335556|69615000| |TF|0|0|0|0|0|0|1|5500|0|0|0|0|0
S|ASNOV|41293783|69587936| |TF|0|0|0|0|0|0|1|6000|0|0|0|0|0
S|UTAGA|41205000|69530000| |TF|0|0|0|0|0|0|1|6000|0|0|0|0|0
S|USOLO|40975000|69386667| |TF|0|0|0|0|0|0|1|10000|0|0|0|0|0

P|USOL6D|26|USOLO|0|8
S|TC201|41509300|69517236|SMK|CF|0|25500|5190|17020|200|160|1|2900|0|0|0|0|0
S|TC202|41469878|69526411| |TF|0|0|0|0|0|0|1|4000|0|0|0|0|0
S|TC302|41485192|69642953| |TF|0|0|0|0|0|0|1|4000|0|0|0|0|0
S|TENBU|41391744|69651872| |TF|0|0|0|0|0|0|1|5500|0|0|0|0|0
S|ATMAT|41335556|69615000| |TF|0|0|0|0|0|0|1|5500|0|0|0|0|0
S|ASNOV|41293783|69587936| |TF|0|0|0|0|0|0|1|6000|0|0|0|0|0
S|UTAGA|41205000|69530000| |TF|0|0|0|0|0|0|1|6000|0|0|0|0|0
S|USOLO|40975000|69386667| |TF|0|0|0|0|0|0|1|10000|0|0|0|0|0

