P|AKRI1A|23|UKMAL|0|4
S| |91000000|181000000| |VA|0|22900|0|0|0|0|1|1000|0|0|0|0|0
S|SA507|13119358|104149575| |DF|0|0|0|0|0|0|2|5000|0|0|0|0|0
S|AKRID|12886228|104081922| |TF|0|0|0|0|0|0|0|0|0|0|0|0|0
S|UKMAL|12459383|103958347| |TF|0|0|0|0|0|0|0|0|0|0|0|0|0

P|AKRI1B|05|UKMAL|0|6
S| |91000000|181000000| |VA|0|4900|0|0|0|0|1|1000|0|0|0|0|0
S|SA424|13303386|104412928| |DF|0|0|0|0|0|0|2|5000|0|0|0|0|0
S|SA426|13129908|104251903| |TF|2|0|0|0|0|0|1|8000|0|0|0|0|0
S|SA428|12973869|104107342| |TF|0|0|0|0|0|0|0|0|0|0|0|0|0
S|AKRID|12886228|104081922| |TF|0|0|0|0|0|0|0|0|0|0|0|0|0
S|UKMAL|12459383|103958347| |TF|0|0|0|0|0|0|0|0|0|0|0|0|0

P|AKRI1C|23|UKMAL|0|4
S| |91000000|181000000| |CA|0|22900|0|0|0|0|1|1000|0|0|0|0|0
S| |91000000|181000000| |CI|0|17300|0|0|0|0|0|0|0|0|0|0|0
S|AKRID|12886228|104081922|REP|CF|0|19700|2950|19690|2700|0|0|0|0|0|0|0|0
S|UKMAL|12459383|103958347| |TF|0|0|0|0|0|0|0|0|0|0|0|0|0

P|AKRI1D|05|UKMAL|0|4
S| |91000000|181000000| |CA|0|4900|0|0|0|0|1|1000|0|0|0|0|0
S| |91000000|181000000| |CI|2|22900|0|0|0|0|0|0|0|0|0|0|0
S|AKRID|12886228|104081922|REP|CF|0|19700|2950|19690|2400|0|0|0|0|0|0|0|0
S|UKMAL|12459383|103958347| |TF|0|0|0|0|0|0|0|0|0|0|0|0|0

P|ATPU1A|23|VIBUN|0|6
S| |91000000|181000000| |VA|0|22900|0|0|0|0|1|1000|0|0|0|0|0
S|SA504|13202594|104343936| |DF|1|0|0|0|0|0|2|5000|0|0|0|0|0
S|SA506|13274567|104515511| |TF|0|0|0|0|0|0|1|8000|0|0|0|0|0
S|SA510|13427375|104627811| |TF|0|0|0|0|0|0|1|10000|0|0|0|0|0
S|ATPUB|13536772|104706919| |TF|0|0|0|0|0|0|0|0|0|0|0|0|0
S|VIBUN|13796667|105431667| |TF|0|0|0|0|0|0|0|0|0|0|0|0|0

P|ATPU1B|05|VIBUN|0|4
S| |91000000|181000000| |VA|0|4900|0|0|0|0|1|1000|0|0|0|0|0
S|SA410|13441031|104441764| |DF|0|0|0|0|0|0|2|5000|0|0|0|0|0
S|ATPUB|13536772|104706919| |TF|0|0|0|0|0|0|0|0|0|0|0|0|0
S|VIBUN|13796667|105431667| |TF|0|0|0|0|0|0|0|0|0|0|0|0|0

P|ATPU1C|23|VIBUN|0|4
S| |91000000|181000000| |CA|0|22900|0|0|0|0|1|1000|0|0|0|0|0
S| |91000000|181000000| |CI|1|3400|0|0|0|0|0|0|0|0|0|0|0
S|ATPUB|13536772|104706919|REP|CF|0|7000|3040|7070|2500|0|0|0|0|0|0|0|0
S|VIBUN|13796667|105431667| |TF|0|0|0|0|0|0|0|0|0|0|0|0|0

P|ATPU1D|05|VIBUN|0|4
S| |91000000|181000000| |CA|0|4900|0|0|0|0|1|1000|0|0|0|0|0
S| |91000000|181000000| |CI|0|8000|0|0|0|0|0|0|0|0|0|0|0
S|ATPUB|13536772|104706919|REP|CF|0|7000|3040|7070|2400|0|0|0|0|0|0|0|0
S|VIBUN|13796667|105431667| |TF|0|0|0|0|0|0|0|0|0|0|0|0|0

P|IDBA1A|23|BIDEM|0|5
S| |91000000|181000000| |VA|0|22900|0|0|0|0|1|1000|0|0|0|0|0
S|SA521|13432472|104016803| |DF|0|0|0|0|0|0|2|5000|0|0|0|0|0
S|SA505|13580825|104127022| |TF|2|0|0|0|0|0|1|8000|0|0|0|0|0
S|IDBAS|13831467|104022150| |TF|0|0|0|0|0|0|0|0|0|0|0|0|0
S|BIDEM|14365000|103796667| |TF|0|0|0|0|0|0|0|0|0|0|0|0|0

P|IDBA1B|05|BIDEM|0|4
S| |91000000|181000000| |VA|0|4900|0|0|0|0|1|1000|0|0|0|0|0
S|SA421|13538828|104144628| |DF|0|0|0|0|0|0|2|5000|0|0|0|0|0
S|IDBAS|13831467|104022150| |TF|0|0|0|0|0|0|0|0|0|0|0|0|0
S|BIDEM|14365000|103796667| |TF|0|0|0|0|0|0|0|0|0|0|0|0|0

P|IDBA1C|23|BIDEM|0|4
S| |91000000|181000000| |CA|0|22900|0|0|0|0|1|1000|0|0|0|0|0
S| |91000000|181000000| |CI|2|4900|0|0|0|0|0|0|0|0|0|0|0
S|IDBAS|13831467|104022150|REP|CF|0|33800|3040|33870|2600|0|0|0|0|0|0|0|0
S|BIDEM|14365000|103796667| |TF|0|0|0|0|0|0|0|0|0|0|0|0|0

P|IDBA1D|05|BIDEM|0|4
S| |91000000|181000000| |CA|0|4900|0|0|0|0|1|1000|0|0|0|0|0
S| |91000000|181000000| |CI|1|30000|0|0|0|0|0|0|0|0|0|0|0
S|IDBAS|13831467|104022150|REP|CF|0|33800|3040|33870|2500|0|0|0|0|0|0|0|0
S|BIDEM|14365000|103796667| |TF|0|0|0|0|0|0|0|0|0|0|0|0|0

P|IDLO1A|23|IDLOG|0|3
S| |91000000|181000000| |VA|0|22900|0|0|0|0|1|1000|0|0|0|0|0
S|SA504|13202594|104343936| |DF|1|0|0|0|0|0|2|5000|0|0|0|0|0
S|IDLOG|12915408|104443053| |TF|0|0|0|0|0|0|0|0|0|0|0|0|0

P|IDLO1B|05|IDLOG|0|3
S| |91000000|181000000| |VA|0|4900|0|0|0|0|1|1000|0|0|0|0|0
S|SA424|13303386|104412928| |DF|0|0|0|0|0|0|2|5000|0|0|0|0|0
S|IDLOG|12915408|104443053| |TF|0|0|0|0|0|0|0|0|0|0|0|0|0

P|IGMA1A|23|PAPLO|0|5
S| |91000000|181000000| |VA|0|22900|0|0|0|0|1|1000|0|0|0|0|0
S|SA504|13202594|104343936| |DF|1|0|0|0|0|0|2|5000|0|0|0|0|0
S|SA506|13274567|104515511| |TF|0|0|0|0|0|0|1|8000|0|0|0|0|0
S|IGMAK|13215264|104711328| |TF|0|0|0|0|0|0|0|0|0|0|0|0|0
S|PAPLO|12465000|107193333| |TF|0|0|0|0|0|0|0|0|0|0|0|0|0

P|IGMA1B|05|PAPLO|0|4
S| |91000000|181000000| |VA|0|4900|0|0|0|0|1|1000|0|0|0|0|0
S|SA424|13303386|104412928| |DF|0|0|0|0|0|0|2|5000|0|0|0|0|0
S|IGMAK|13215264|104711328| |TF|0|0|0|0|0|0|0|0|0|0|0|0|0
S|PAPLO|12465000|107193333| |TF|0|0|0|0|0|0|0|0|0|0|0|0|0

P|IGMA1C|23|PAPLO|0|4
S| |91000000|181000000| |CA|0|22900|0|0|0|0|1|1000|0|0|0|0|0
S| |91000000|181000000| |CI|1|7000|0|0|0|0|0|0|0|0|0|0|0
S|IGMAK|13215264|104711328|REP|CF|0|10800|3010|10770|2400|0|0|0|0|0|0|0|0
S|PAPLO|12465000|107193333| |TF|0|0|0|0|0|0|0|0|0|0|0|0|0

P|IGMA1D|05|PAPLO|0|4
S| |91000000|181000000| |CA|0|4900|0|0|0|0|1|1000|0|0|0|0|0
S| |91000000|181000000| |CI|2|15800|0|0|0|0|0|0|0|0|0|0|0
S|IGMAK|13215264|104711328|REP|CF|0|10800|3010|10770|2600|0|0|0|0|0|0|0|0
S|PAPLO|12465000|107193333| |TF|0|0|0|0|0|0|0|0|0|0|0|0|0

P|RUPN1C|23|RUPNI|0|3
S| |91000000|181000000| |CA|0|22900|0|0|0|0|1|1000|0|0|0|0|0
S| |91000000|181000000| |CI|1|12600|0|0|0|0|0|0|0|0|0|0|0
S|RUPNI|12856925|104393750|REP|CF|0|16200|3180|16230|2800|0|0|0|0|0|0|0|0

P|RUPN1D|05|RUPNI|0|3
S| |91000000|181000000| |CA|0|4900|0|0|0|0|1|1000|0|0|0|0|0
S| |91000000|181000000| |CI|2|19900|0|0|0|0|0|0|0|0|0|0|0
S|RUPNI|12856925|104393750|REP|CF|0|16200|3180|16230|2600|0|0|0|0|0|0|0|0

P|UXAR1A|23|UXARO|0|3
S| |91000000|181000000| |VA|0|22900|0|0|0|0|1|1000|0|0|0|0|0
S|SA521|13432472|104016803| |DF|0|0|0|0|0|0|2|5000|0|0|0|0|0
S|UXARO|13706861|103769728| |TF|0|0|0|0|0|0|0|0|0|0|0|0|0

P|UXAR1B|05|UXARO|0|4
S| |91000000|181000000| |VA|0|4900|0|0|0|0|1|1000|0|0|0|0|0
S|SA421|13538828|104144628| |DF|0|0|0|0|0|0|2|5000|0|0|0|0|0
S|SA423|13610744|103894864| |TF|0|0|0|0|0|0|0|0|0|0|0|0|0
S|UXARO|13706861|103769728| |TF|0|0|0|0|0|0|0|0|0|0|0|0|0

P|UXAR1C|23|UXARO|0|3
S| |91000000|181000000| |CA|0|22900|0|0|0|0|1|1000|0|0|0|0|0
S| |91000000|181000000| |CI|2|34200|0|0|0|0|0|0|0|0|0|0|0
S|UXARO|13706861|103769728|REP|CF|0|30900|3350|30920|2800|0|0|0|0|0|0|0|0

P|UXAR1D|05|UXARO|0|3
S| |91000000|181000000| |CA|0|4900|0|0|0|0|1|1000|0|0|0|0|0
S| |91000000|181000000| |CI|1|22900|0|0|0|0|0|0|0|0|0|0|0
S|UXARO|13706861|103769728|REP|CF|0|30900|3350|30920|3000|0|0|0|0|0|0|0|0

