P|AGOD2C|19L|AGODA|0|6
S| |91000000|181000000| |VA|0|18700|0|0|0|0|1|1000|0|0|0|0|0
S|GUREN|22575992|88254117| |DF|0|0|0|0|0|0|0|0|0|0|0|0|0
S|CC308|22756581|88225714| |TF|0|0|0|0|0|0|1|8000|0|0|0|0|0
S|OMBAX|23196086|88245111| |TF|0|0|0|0|0|0|1|17000|0|0|0|0|0
S|CC107|23987972|88347872| |TF|0|0|0|0|0|0|0|0|0|0|0|0|0
S|AGODA|24322222|88601667| |TF|0|0|0|0|0|0|0|0|0|0|0|0|0

P|AGOD2D|19R|AGODA|0|6
S| |91000000|181000000| |VA|0|18700|0|0|0|0|1|1000|0|0|0|0|0
S|GUREN|22575992|88254117| |DF|0|0|0|0|0|0|0|0|0|0|0|0|0
S|CC308|22756581|88225714| |TF|0|0|0|0|0|0|1|8000|0|0|0|0|0
S|OMBAX|23196086|88245111| |TF|0|0|0|0|0|0|1|17000|0|0|0|0|0
S|CC107|23987972|88347872| |TF|0|0|0|0|0|0|0|0|0|0|0|0|0
S|AGODA|24322222|88601667| |TF|0|0|0|0|0|0|0|0|0|0|0|0|0

P|AGOD2E|01R|AGODA|0|4
S| |91000000|181000000| |VA|0|700|0|0|0|0|1|4000|0|0|0|0|0
S|UBROP|23549097|88313100| |DF|0|0|0|0|0|0|0|0|0|0|0|0|0
S|CC107|23987972|88347872| |TF|0|0|0|0|0|0|0|0|0|0|0|0|0
S|AGODA|24322222|88601667| |TF|0|0|0|0|0|0|0|0|0|0|0|0|0

P|AGOD2F|01L|AGODA|0|4
S| |91000000|181000000| |VA|0|700|0|0|0|0|1|4000|0|0|0|0|0
S|UBROP|23549097|88313100| |DF|0|0|0|0|0|0|0|0|0|0|0|0|0
S|CC107|23987972|88347872| |TF|0|0|0|0|0|0|0|0|0|0|0|0|0
S|AGODA|24322222|88601667| |TF|0|0|0|0|0|0|0|0|0|0|0|0|0

P|AVPO2C|19L|AVPOP|0|3
S| |91000000|181000000| |VA|0|18700|0|0|0|0|1|1000|0|0|0|0|0
S|GUMAS|22456817|88689211| |DF|0|0|0|0|0|0|2|6000|0|0|0|0|0
S|AVPOP|22302500|89013889| |TF|0|0|0|0|0|0|0|13000|0|0|0|0|0

P|AVPO2D|19R|AVPOP|0|3
S| |91000000|181000000| |VA|0|18700|0|0|0|0|1|1000|0|0|0|0|0
S|GUMAS|22456817|88689211| |DF|0|0|0|0|0|0|2|6000|0|0|0|0|0
S|AVPOP|22302500|89013889| |TF|0|0|0|0|0|0|0|13000|0|0|0|0|0

P|AVPO2E|01R|AVPOP|0|4
S| |91000000|181000000| |VA|0|700|0|0|0|0|1|1000|0|0|0|0|0
S|KIMOM|22758131|88707528| |DF|0|0|0|0|0|0|2|7000|0|0|0|0|0
S|CC337|22491983|88882664| |TF|0|0|0|0|0|0|2|7000|0|0|0|0|0
S|AVPOP|22302500|89013889| |TF|0|0|0|0|0|0|0|13000|0|0|0|0|0

P|AVPO2F|01L|AVPOP|0|4
S| |91000000|181000000| |VA|0|700|0|0|0|0|1|1000|0|0|0|0|0
S|KIMOM|22758131|88707528| |DF|0|0|0|0|0|0|2|7000|0|0|0|0|0
S|CC337|22491983|88882664| |TF|0|0|0|0|0|0|2|7000|0|0|0|0|0
S|AVPOP|22302500|89013889| |TF|0|0|0|0|0|0|0|13000|0|0|0|0|0

P|BEMA2C|19L|BEMAK|0|4
S| |91000000|181000000| |VA|0|18700|0|0|0|0|1|1000|0|0|0|0|0
S|EMSAL|22551753|88690422| |DF|0|0|0|0|0|0|2|6000|0|0|0|0|0
S|CC312|22730567|88871633| |TF|0|0|0|0|0|0|0|0|0|0|0|0|0
S|BEMAK|22927500|88898889| |TF|0|0|0|0|0|0|2|13000|0|0|0|0|0

P|BEMA2D|19R|BEMAK|0|4
S| |91000000|181000000| |VA|0|18700|0|0|0|0|1|1000|0|0|0|0|0
S|EMSAL|22551753|88690422| |DF|0|0|0|0|0|0|2|6000|0|0|0|0|0
S|CC312|22730567|88871633| |TF|0|0|0|0|0|0|0|0|0|0|0|0|0
S|BEMAK|22927500|88898889| |TF|0|0|0|0|0|0|2|13000|0|0|0|0|0

P|BEMA2E|01R|BEMAK|0|3
S| |91000000|181000000| |VA|0|700|0|0|0|0|1|1000|0|0|0|0|0
S|KIMOM|22758131|88707528| |DF|0|0|0|0|0|0|2|7000|0|0|0|0|0
S|BEMAK|22927500|88898889| |TF|0|0|0|0|0|0|2|13000|0|0|0|0|0

P|BEMA2F|01L|BEMAK|0|3
S| |91000000|181000000| |VA|0|700|0|0|0|0|1|1000|0|0|0|0|0
S|KIMOM|22758131|88707528| |DF|0|0|0|0|0|0|2|7000|0|0|0|0|0
S|BEMAK|22927500|88898889| |TF|0|0|0|0|0|0|2|13000|0|0|0|0|0

P|BOKE2C|19L|BOKEV|0|5
S| |91000000|181000000| |VA|0|18700|0|0|0|0|1|2000|0|0|0|0|0
S|IBIPO|22101494|88262411| |DF|0|0|0|0|0|0|0|0|0|0|0|0|0
S|LEGOS|21634167|88089167| |TF|0|0|0|0|0|0|0|0|0|0|0|0|0
S|CC110|21162247|88196797| |TF|0|0|0|0|0|0|2|19000|0|0|0|0|0
S|BOKEV|20917500|88255833| |TF|0|0|0|0|0|0|0|0|0|0|0|0|0

P|BOKE2D|19R|BOKEV|0|5
S| |91000000|181000000| |VA|0|18700|0|0|0|0|1|2000|0|0|0|0|0
S|IBIPO|22101494|88262411| |DF|0|0|0|0|0|0|0|0|0|0|0|0|0
S|LEGOS|21634167|88089167| |TF|0|0|0|0|0|0|0|0|0|0|0|0|0
S|CC110|21162247|88196797| |TF|0|0|0|0|0|0|2|19000|0|0|0|0|0
S|BOKEV|20917500|88255833| |TF|0|0|0|0|0|0|0|0|0|0|0|0|0

P|BOKE2E|01R|BOKEV|0|6
S| |91000000|181000000| |VA|0|700|0|0|0|0|1|4000|0|0|0|0|0
S|CC322|22851786|88343661| |DF|0|0|0|0|0|0|0|0|0|0|0|0|0
S|TARUK|22629808|88302897| |TF|0|0|0|0|0|0|1|9000|0|0|0|0|0
S|LEGOS|21634167|88089167| |TF|0|0|0|0|0|0|0|0|0|0|0|0|0
S|CC110|21162247|88196797| |TF|0|0|0|0|0|0|2|17000|0|0|0|0|0
S|BOKEV|20917500|88255833| |TF|0|0|0|0|0|0|0|0|0|0|0|0|0

P|BOKE2F|01L|BOKEV|0|6
S| |91000000|181000000| |VA|0|700|0|0|0|0|1|4000|0|0|0|0|0
S|CC322|22851786|88343661| |DF|0|0|0|0|0|0|0|0|0|0|0|0|0
S|TARUK|22629808|88302897| |TF|0|0|0|0|0|0|1|9000|0|0|0|0|0
S|LEGOS|21634167|88089167| |TF|0|0|0|0|0|0|0|0|0|0|0|0|0
S|CC110|21162247|88196797| |TF|0|0|0|0|0|0|2|17000|0|0|0|0|0
S|BOKEV|20917500|88255833| |TF|0|0|0|0|0|0|0|0|0|0|0|0|0

P|DOPI2C|19L|DOPID|0|4
S| |91000000|181000000| |VA|0|18700|0|0|0|0|1|1000|0|0|0|0|0
S|GUMAS|22456817|88689211| |DF|0|0|0|0|0|0|2|6000|0|0|0|0|0
S|CC108|21286078|89264314| |TF|0|0|0|0|0|0|0|0|0|0|0|0|0
S|DOPID|20917500|89204444| |TF|0|0|0|0|0|0|0|0|0|0|0|0|0

P|DOPI2D|19R|DOPID|0|4
S| |91000000|181000000| |VA|0|18700|0|0|0|0|1|1000|0|0|0|0|0
S|GUMAS|22456817|88689211| |DF|0|0|0|0|0|0|2|6000|0|0|0|0|0
S|CC108|21286078|89264314| |TF|0|0|0|0|0|0|0|0|0|0|0|0|0
S|DOPID|20917500|89204444| |TF|0|0|0|0|0|0|0|0|0|0|0|0|0

P|DOPI2E|01R|DOPID|0|6
S| |91000000|181000000| |VA|0|700|0|0|0|0|1|1000|0|0|0|0|0
S|KIMOM|22758131|88707528| |DF|0|0|0|0|0|0|2|7000|0|0|0|0|0
S|CC337|22491983|88882664| |TF|0|0|0|0|0|0|2|7000|0|0|0|0|0
S|CC218|22178181|89005064| |TF|0|0|0|0|0|0|2|13000|0|0|0|0|0
S|CC112|21590128|88995700| |TF|0|0|0|0|0|0|0|0|0|0|0|0|0
S|DOPID|20917500|89204444| |TF|0|0|0|0|0|0|0|0|0|0|0|0|0

P|DOPI2F|01L|DOPID|0|6
S| |91000000|181000000| |VA|0|700|0|0|0|0|1|1000|0|0|0|0|0
S|KIMOM|22758131|88707528| |DF|0|0|0|0|0|0|2|7000|0|0|0|0|0
S|CC337|22491983|88882664| |TF|0|0|0|0|0|0|2|7000|0|0|0|0|0
S|CC218|22178181|89005064| |TF|0|0|0|0|0|0|2|13000|0|0|0|0|0
S|CC112|21590128|88995700| |TF|0|0|0|0|0|0|0|0|0|0|0|0|0
S|DOPID|20917500|89204444| |TF|0|0|0|0|0|0|0|0|0|0|0|0|0

P|DUMK2C|19L|DUMKA|0|6
S| |91000000|181000000| |VA|0|18700|0|0|0|0|1|1000|0|0|0|0|0
S|GUREN|22575992|88254117| |DF|0|0|0|0|0|0|0|0|0|0|0|0|0
S|CC308|22756581|88225714| |TF|0|0|0|0|0|0|1|8000|0|0|0|0|0
S|OMBAX|23196086|88245111| |TF|0|0|0|0|0|0|0|0|0|0|0|0|0
S|CC105|23767108|87449508| |TF|0|0|0|0|0|0|0|0|0|0|0|0|0
S|DUMKA|24183889|87352778| |TF|0|0|0|0|0|0|0|0|0|0|0|0|0

P|DUMK2D|19R|DUMKA|0|6
S| |91000000|181000000| |VA|0|18700|0|0|0|0|1|1000|0|0|0|0|0
S|GUREN|22575992|88254117| |DF|0|0|0|0|0|0|0|0|0|0|0|0|0
S|CC308|22756581|88225714| |TF|0|0|0|0|0|0|1|8000|0|0|0|0|0
S|OMBAX|23196086|88245111| |TF|0|0|0|0|0|0|0|0|0|0|0|0|0
S|CC105|23767108|87449508| |TF|0|0|0|0|0|0|0|0|0|0|0|0|0
S|DUMKA|24183889|87352778| |TF|0|0|0|0|0|0|0|0|0|0|0|0|0

P|DUMK2E|01R|DUMKA|0|4
S| |91000000|181000000| |VA|0|700|0|0|0|0|1|4000|0|0|0|0|0
S|UBROP|23549097|88313100| |DF|0|0|0|0|0|0|0|0|0|0|0|0|0
S|CC106|24044403|87743850| |TF|0|0|0|0|0|0|2|22000|0|0|0|0|0
S|DUMKA|24183889|87352778| |TF|0|0|0|0|0|0|0|0|0|0|0|0|0

P|DUMK2F|01L|DUMKA|0|4
S| |91000000|181000000| |VA|0|700|0|0|0|0|1|4000|0|0|0|0|0
S|UBROP|23549097|88313100| |DF|0|0|0|0|0|0|0|0|0|0|0|0|0
S|CC106|24044403|87743850| |TF|0|0|0|0|0|0|2|22000|0|0|0|0|0
S|DUMKA|24183889|87352778| |TF|0|0|0|0|0|0|0|0|0|0|0|0|0

P|JJS2C|19L|JJS|0|4
S| |91000000|181000000| |VA|0|18700|0|0|0|0|1|1000|0|0|0|0|0
S|GUREN|22575992|88254117| |DF|0|0|0|0|0|0|0|0|0|0|0|0|0
S|CC101|22635631|86485675| |TF|0|0|0|0|0|0|0|0|0|0|0|0|0
S|JJS|22813194|86173944| |TF|0|0|0|0|0|0|0|0|0|0|0|0|0

P|JJS2D|19R|JJS|0|4
S| |91000000|181000000| |VA|0|18700|0|0|0|0|1|1000|0|0|0|0|0
S|GUREN|22575992|88254117| |DF|0|0|0|0|0|0|0|0|0|0|0|0|0
S|CC101|22635631|86485675| |TF|0|0|0|0|0|0|0|0|0|0|0|0|0
S|JJS|22813194|86173944| |TF|0|0|0|0|0|0|0|0|0|0|0|0|0

P|JJS2E|01R|JJS|0|6
S| |91000000|181000000| |VA|0|700|0|0|0|0|1|4000|0|0|0|0|0
S|CC322|22851786|88343661| |DF|0|0|0|0|0|0|0|0|0|0|0|0|0
S|MAMRI|22901461|87955569| |TF|0|0|0|0|0|0|2|10000|0|0|0|0|0
S|CC202|22941736|87272886| |TF|0|0|0|0|0|0|2|18000|0|0|0|0|0
S|CC102|22996119|86504650| |TF|0|0|0|0|0|0|0|0|0|0|0|0|0
S|JJS|22813194|86173944| |TF|0|0|0|0|0|0|0|0|0|0|0|0|0

P|JJS2F|01L|JJS|0|6
S| |91000000|181000000| |VA|0|700|0|0|0|0|1|4000|0|0|0|0|0
S|CC322|22851786|88343661| |DF|0|0|0|0|0|0|0|0|0|0|0|0|0
S|MAMRI|22901461|87955569| |TF|0|0|0|0|0|0|2|10000|0|0|0|0|0
S|CC202|22941736|87272886| |TF|0|0|0|0|0|0|2|18000|0|0|0|0|0
S|CC102|22996119|86504650| |TF|0|0|0|0|0|0|0|0|0|0|0|0|0
S|JJS|22813194|86173944| |TF|0|0|0|0|0|0|0|0|0|0|0|0|0

P|KAKI2C|19L|KAKID|0|4
S| |91000000|181000000| |VA|0|18700|0|0|0|0|1|2000|0|0|0|0|0
S|IBIPO|22101494|88262411| |DF|0|0|0|0|0|0|0|0|0|0|0|0|0
S|LEGOS|21634167|88089167| |TF|0|0|0|0|0|0|0|0|0|0|0|0|0
S|KAKID|20642500|86997500| |TF|0|0|0|0|0|0|0|0|0|0|0|0|0

P|KAKI2D|19R|KAKID|0|4
S| |91000000|181000000| |VA|0|18700|0|0|0|0|1|2000|0|0|0|0|0
S|IBIPO|22101494|88262411| |DF|0|0|0|0|0|0|0|0|0|0|0|0|0
S|LEGOS|21634167|88089167| |TF|0|0|0|0|0|0|0|0|0|0|0|0|0
S|KAKID|20642500|86997500| |TF|0|0|0|0|0|0|0|0|0|0|0|0|0

P|KAKI2E|01R|KAKID|0|5
S| |91000000|181000000| |VA|0|700|0|0|0|0|1|4000|0|0|0|0|0
S|CC322|22851786|88343661| |DF|0|0|0|0|0|0|0|0|0|0|0|0|0
S|TARUK|22629808|88302897| |TF|0|0|0|0|0|0|1|9000|0|0|0|0|0
S|LEGOS|21634167|88089167| |TF|0|0|0|0|0|0|0|0|0|0|0|0|0
S|KAKID|20642500|86997500| |TF|0|0|0|0|0|0|0|0|0|0|0|0|0

P|KAKI2F|01L|KAKID|0|5
S| |91000000|181000000| |VA|0|700|0|0|0|0|1|4000|0|0|0|0|0
S|CC322|22851786|88343661| |DF|0|0|0|0|0|0|0|0|0|0|0|0|0
S|TARUK|22629808|88302897| |TF|0|0|0|0|0|0|1|9000|0|0|0|0|0
S|LEGOS|21634167|88089167| |TF|0|0|0|0|0|0|0|0|0|0|0|0|0
S|KAKID|20642500|86997500| |TF|0|0|0|0|0|0|0|0|0|0|0|0|0

P|NOKA2C|19L|NOKAT|0|4
S| |91000000|181000000| |VA|0|18700|0|0|0|0|1|1000|0|0|0|0|0
S|EMSAL|22551753|88690422| |DF|0|0|0|0|0|0|2|6000|0|0|0|0|0
S|CC312|22730567|88871633| |TF|0|0|0|0|0|0|0|0|0|0|0|0|0
S|NOKAT|22790833|88941667| |TF|0|0|0|0|0|0|2|13000|0|0|0|0|0

P|NOKA2D|19R|NOKAT|0|4
S| |91000000|181000000| |VA|0|18700|0|0|0|0|1|1000|0|0|0|0|0
S|EMSAL|22551753|88690422| |DF|0|0|0|0|0|0|2|6000|0|0|0|0|0
S|CC312|22730567|88871633| |TF|0|0|0|0|0|0|0|0|0|0|0|0|0
S|NOKAT|22790833|88941667| |TF|0|0|0|0|0|0|2|13000|0|0|0|0|0

P|NOKA2E|01R|NOKAT|0|3
S| |91000000|181000000| |VA|0|700|0|0|0|0|1|1000|0|0|0|0|0
S|KIMOM|22758131|88707528| |DF|0|0|0|0|0|0|2|7000|0|0|0|0|0
S|NOKAT|22790833|88941667| |TF|0|0|0|0|0|0|2|13000|0|0|0|0|0

P|NOKA2F|01L|NOKAT|0|3
S| |91000000|181000000| |VA|0|700|0|0|0|0|1|1000|0|0|0|0|0
S|KIMOM|22758131|88707528| |DF|0|0|0|0|0|0|2|7000|0|0|0|0|0
S|NOKAT|22790833|88941667| |TF|0|0|0|0|0|0|2|13000|0|0|0|0|0

P|ONOT2C|19L|ONOTO|0|6
S| |91000000|181000000| |VA|0|18700|0|0|0|0|1|1000|0|0|0|0|0
S|GUREN|22575992|88254117| |DF|0|0|0|0|0|0|0|0|0|0|0|0|0
S|CC308|22756581|88225714| |TF|0|0|0|0|0|0|1|8000|0|0|0|0|0
S|OMBAX|23196086|88245111| |TF|0|0|0|0|0|0|1|17000|0|0|0|0|0
S|CC107|23987972|88347872| |TF|0|0|0|0|0|0|0|0|0|0|0|0|0
S|ONOTO|24273889|87958056| |TF|0|0|0|0|0|0|0|0|0|0|0|0|0

P|ONOT2D|19R|ONOTO|0|6
S| |91000000|181000000| |VA|0|18700|0|0|0|0|1|1000|0|0|0|0|0
S|GUREN|22575992|88254117| |DF|0|0|0|0|0|0|0|0|0|0|0|0|0
S|CC308|22756581|88225714| |TF|0|0|0|0|0|0|1|8000|0|0|0|0|0
S|OMBAX|23196086|88245111| |TF|0|0|0|0|0|0|1|17000|0|0|0|0|0
S|CC107|23987972|88347872| |TF|0|0|0|0|0|0|0|0|0|0|0|0|0
S|ONOTO|24273889|87958056| |TF|0|0|0|0|0|0|0|0|0|0|0|0|0

P|ONOT2E|01R|ONOTO|0|4
S| |91000000|181000000| |VA|0|700|0|0|0|0|1|4000|0|0|0|0|0
S|UBROP|23549097|88313100| |DF|0|0|0|0|0|0|0|0|0|0|0|0|0
S|CC107|23987972|88347872| |TF|0|0|0|0|0|0|0|0|0|0|0|0|0
S|ONOTO|24273889|87958056| |TF|0|0|0|0|0|0|0|0|0|0|0|0|0

P|ONOT2F|01L|ONOTO|0|4
S| |91000000|181000000| |VA|0|700|0|0|0|0|1|4000|0|0|0|0|0
S|UBROP|23549097|88313100| |DF|0|0|0|0|0|0|0|0|0|0|0|0|0
S|CC107|23987972|88347872| |TF|0|0|0|0|0|0|0|0|0|0|0|0|0
S|ONOTO|24273889|87958056| |TF|0|0|0|0|0|0|0|0|0|0|0|0|0

P|SEGM2C|19L|SEGMO|0|6
S| |91000000|181000000| |VA|0|18700|0|0|0|0|1|1000|0|0|0|0|0
S|GUREN|22575992|88254117| |DF|0|0|0|0|0|0|0|0|0|0|0|0|0
S|CC308|22756581|88225714| |TF|0|0|0|0|0|0|1|8000|0|0|0|0|0
S|OMBAX|23196086|88245111| |TF|0|0|0|0|0|0|0|0|0|0|0|0|0
S|CC105|23767108|87449508| |TF|0|0|0|0|0|0|0|0|0|0|0|0|0
S|SEGMO|24133889|86764167| |TF|0|0|0|0|0|0|0|0|0|0|0|0|0

P|SEGM2D|19R|SEGMO|0|6
S| |91000000|181000000| |VA|0|18700|0|0|0|0|1|1000|0|0|0|0|0
S|GUREN|22575992|88254117| |DF|0|0|0|0|0|0|0|0|0|0|0|0|0
S|CC308|22756581|88225714| |TF|0|0|0|0|0|0|1|8000|0|0|0|0|0
S|OMBAX|23196086|88245111| |TF|0|0|0|0|0|0|0|0|0|0|0|0|0
S|CC105|23767108|87449508| |TF|0|0|0|0|0|0|0|0|0|0|0|0|0
S|SEGMO|24133889|86764167| |TF|0|0|0|0|0|0|0|0|0|0|0|0|0

P|SEGM2E|01R|SEGMO|0|5
S| |91000000|181000000| |VA|0|700|0|0|0|0|1|4000|0|0|0|0|0
S|CC303|22896278|88368897| |DF|0|0|0|0|0|0|0|0|0|0|0|0|0
S|BOMRA|23187822|87916825| |TF|0|0|0|0|0|0|2|14000|0|0|0|0|0
S|CC104|23805106|86865544| |TF|0|0|0|0|0|0|0|0|0|0|0|0|0
S|SEGMO|24133889|86764167| |TF|0|0|0|0|0|0|0|0|0|0|0|0|0

P|SEGM2F|01L|SEGMO|0|5
S| |91000000|181000000| |VA|0|700|0|0|0|0|1|4000|0|0|0|0|0
S|CC303|22896278|88368897| |DF|0|0|0|0|0|0|0|0|0|0|0|0|0
S|BOMRA|23187822|87916825| |TF|0|0|0|0|0|0|2|14000|0|0|0|0|0
S|CC104|23805106|86865544| |TF|0|0|0|0|0|0|0|0|0|0|0|0|0
S|SEGMO|24133889|86764167| |TF|0|0|0|0|0|0|0|0|0|0|0|0|0

P|SUMA2C|19L|SUMAG|0|3
S| |91000000|181000000| |VA|0|18700|0|0|0|0|1|1000|0|0|0|0|0
S|EMSAL|22551753|88690422| |DF|0|0|0|0|0|0|2|6000|0|0|0|0|0
S|SUMAG|22594167|88940556| |TF|0|0|0|0|0|0|2|13000|0|0|0|0|0

P|SUMA2D|19R|SUMAG|0|3
S| |91000000|181000000| |VA|0|18700|0|0|0|0|1|1000|0|0|0|0|0
S|EMSAL|22551753|88690422| |DF|0|0|0|0|0|0|2|6000|0|0|0|0|0
S|SUMAG|22594167|88940556| |TF|0|0|0|0|0|0|2|13000|0|0|0|0|0

P|SUMA2E|01R|SUMAG|0|3
S| |91000000|181000000| |VA|0|700|0|0|0|0|1|1000|0|0|0|0|0
S|KIMOM|22758131|88707528| |DF|0|0|0|0|0|0|2|7000|0|0|0|0|0
S|SUMAG|22594167|88940556| |TF|0|0|0|0|0|0|2|13000|0|0|0|0|0

P|SUMA2F|01L|SUMAG|0|3
S| |91000000|181000000| |VA|0|700|0|0|0|0|1|1000|0|0|0|0|0
S|KIMOM|22758131|88707528| |DF|0|0|0|0|0|0|2|7000|0|0|0|0|0
S|SUMAG|22594167|88940556| |TF|0|0|0|0|0|0|2|13000|0|0|0|0|0

P|SURU2C|19L|SURUP|0|5
S| |91000000|181000000| |VA|0|18700|0|0|0|0|1|2000|0|0|0|0|0
S|IBIPO|22101494|88262411| |DF|0|0|0|0|0|0|0|0|0|0|0|0|0
S|LEGOS|21634167|88089167| |TF|0|0|0|0|0|0|0|0|0|0|0|0|0
S|KAKID|20642500|86997500| |TF|0|0|0|0|0|0|0|0|0|0|0|0|0
S|SURUP|20470833|86483333| |TF|0|0|0|0|0|0|0|0|0|0|0|0|0

P|SURU2D|19R|SURUP|0|5
S| |91000000|181000000| |VA|0|18700|0|0|0|0|1|2000|0|0|0|0|0
S|IBIPO|22101494|88262411| |DF|0|0|0|0|0|0|0|0|0|0|0|0|0
S|LEGOS|21634167|88089167| |TF|0|0|0|0|0|0|0|0|0|0|0|0|0
S|KAKID|20642500|86997500| |TF|0|0|0|0|0|0|0|0|0|0|0|0|0
S|SURUP|20470833|86483333| |TF|0|0|0|0|0|0|0|0|0|0|0|0|0

P|SURU2E|01R|SURUP|0|6
S| |91000000|181000000| |VA|0|700|0|0|0|0|1|4000|0|0|0|0|0
S|CC322|22851786|88343661| |DF|0|0|0|0|0|0|0|0|0|0|0|0|0
S|TARUK|22629808|88302897| |TF|0|0|0|0|0|0|1|9000|0|0|0|0|0
S|LEGOS|21634167|88089167| |TF|0|0|0|0|0|0|0|0|0|0|0|0|0
S|KAKID|20642500|86997500| |TF|0|0|0|0|0|0|0|0|0|0|0|0|0
S|SURUP|20470833|86483333| |TF|0|0|0|0|0|0|0|0|0|0|0|0|0

P|SURU2F|01L|SURUP|0|6
S| |91000000|181000000| |VA|0|700|0|0|0|0|1|4000|0|0|0|0|0
S|CC322|22851786|88343661| |DF|0|0|0|0|0|0|0|0|0|0|0|0|0
S|TARUK|22629808|88302897| |TF|0|0|0|0|0|0|1|9000|0|0|0|0|0
S|LEGOS|21634167|88089167| |TF|0|0|0|0|0|0|0|0|0|0|0|0|0
S|KAKID|20642500|86997500| |TF|0|0|0|0|0|0|0|0|0|0|0|0|0
S|SURUP|20470833|86483333| |TF|0|0|0|0|0|0|0|0|0|0|0|0|0

P|TEPA2C|19L|TEPAL|0|6
S| |91000000|181000000| |VA|0|18700|0|0|0|0|1|1000|0|0|0|0|0
S|GUREN|22575992|88254117| |DF|0|0|0|0|0|0|0|0|0|0|0|0|0
S|CC201|22830017|87708267| |TF|0|0|0|0|0|0|1|18000|0|0|0|0|0
S|CC203|23032086|87383031| |TF|0|0|0|0|0|0|1|22000|0|0|0|0|0
S|CC103|23486317|86571450| |TF|0|0|0|0|0|0|0|0|0|0|0|0|0
S|TEPAL|23811667|86434167| |TF|0|0|0|0|0|0|0|0|0|0|0|0|0

P|TEPA2D|19R|TEPAL|0|6
S| |91000000|181000000| |VA|0|18700|0|0|0|0|1|1000|0|0|0|0|0
S|GUREN|22575992|88254117| |DF|0|0|0|0|0|0|0|0|0|0|0|0|0
S|CC201|22830017|87708267| |TF|0|0|0|0|0|0|1|18000|0|0|0|0|0
S|CC203|23032086|87383031| |TF|0|0|0|0|0|0|1|22000|0|0|0|0|0
S|CC103|23486317|86571450| |TF|0|0|0|0|0|0|0|0|0|0|0|0|0
S|TEPAL|23811667|86434167| |TF|0|0|0|0|0|0|0|0|0|0|0|0|0

P|TEPA2E|01R|TEPAL|0|5
S| |91000000|181000000| |VA|0|700|0|0|0|0|1|4000|0|0|0|0|0
S|CC303|22896278|88368897| |DF|0|0|0|0|0|0|0|0|0|0|0|0|0
S|BOMRA|23187822|87916825| |TF|0|0|0|0|0|0|2|14000|0|0|0|0|0
S|CC104|23805106|86865544| |TF|0|0|0|0|0|0|0|0|0|0|0|0|0
S|TEPAL|23811667|86434167| |TF|0|0|0|0|0|0|0|0|0|0|0|0|0

P|TEPA2F|01L|TEPAL|0|5
S| |91000000|181000000| |VA|0|700|0|0|0|0|1|4000|0|0|0|0|0
S|CC303|22896278|88368897| |DF|0|0|0|0|0|0|0|0|0|0|0|0|0
S|BOMRA|23187822|87916825| |TF|0|0|0|0|0|0|2|14000|0|0|0|0|0
S|CC104|23805106|86865544| |TF|0|0|0|0|0|0|0|0|0|0|0|0|0
S|TEPAL|23811667|86434167| |TF|0|0|0|0|0|0|0|0|0|0|0|0|0

