P|BISU1B|28|BISUR|0|4
S| |91000000|181000000| |VA|0|28100|0|0|0|250|1|1700|0|0|0|0|0
S|DP791|28287053|77888703| |DF|2|0|0|0|0|250|2|5000|0|0|0|0|0
S|ND420|28528825|77970219| |TF|0|0|0|0|0|0|2|6000|0|0|0|0|0
S|BISUR|28816667|79031944| |TF|0|0|0|0|0|0|0|0|0|0|0|0|0

P|BISU1D|10|BISUR|0|4
S| |91000000|181000000| |VA|0|10100|0|0|0|250|1|1700|0|0|0|0|0
S|DP791|28287053|77888703| |DF|1|0|0|0|0|250|2|5000|0|0|0|0|0
S|ND420|28528825|77970219| |TF|0|0|0|0|0|0|0|0|0|0|0|0|0
S|BISUR|28816667|79031944| |TF|0|0|0|0|0|0|0|0|0|0|0|0|0

P|IBAN1B|28|IBANI|0|7
S| |91000000|181000000| |VA|0|28100|0|0|0|250|1|1700|0|0|0|0|0
S|ND080|28127908|77397375| |DF|1|0|0|0|0|250|2|5000|0|0|0|0|0
S|SKA|27848947|77008325| |TF|0|0|0|0|0|0|2|7000|0|0|0|0|0
S|ND405|27408656|76985939| |TF|0|0|0|0|0|0|2|12000|0|0|0|0|0
S|ND402|27075000|76929758| |TF|0|0|0|0|0|0|0|0|0|0|0|0|0
S|ND403|25860967|76596331| |TF|0|0|0|0|0|0|0|0|0|0|0|0|0
S|IBANI|25001667|76719722| |TF|0|0|0|0|0|0|0|0|0|0|0|0|0

P|IBAN1D|10|IBANI|0|9
S| |91000000|181000000| |VA|0|10100|0|0|0|250|1|1700|0|0|0|0|0
S|ND077|27998644|77644758| |DF|2|0|0|0|0|250|2|4000|0|0|0|0|0
S|ND437|27880175|77519300| |TF|0|0|0|0|0|0|0|0|0|0|0|0|0
S|ND469|27817494|77276664| |TF|0|0|0|0|0|0|2|8000|0|0|0|0|0
S|ND464|27822281|77094931| |TF|0|0|0|0|0|0|3|10000|8000|0|0|0|0
S|ND405|27408656|76985939| |TF|0|0|0|0|0|0|2|12000|0|0|0|0|0
S|ND402|27075000|76929758| |TF|0|0|0|0|0|0|0|0|0|0|0|0|0
S|ND403|25860967|76596331| |TF|0|0|0|0|0|0|0|0|0|0|0|0|0
S|IBANI|25001667|76719722| |TF|0|0|0|0|0|0|0|0|0|0|0|0|0

P|ITBA1B|28|ITBAN|0|3
S| |91000000|181000000| |VA|0|28100|0|0|0|250|1|1700|0|0|0|0|0
S|DP672|27973708|77559986| |DF|1|0|0|0|0|250|2|4000|0|0|0|0|0
S|ITBAN|27828611|77713333| |TF|0|0|0|0|0|0|0|0|0|0|0|0|0

P|ITBA1D|10|ITBAN|0|3
S| |91000000|181000000| |VA|0|10100|0|0|0|250|1|1700|0|0|0|0|0
S|ND079|27961686|77722658| |DF|2|0|0|0|0|250|2|4000|0|0|0|0|0
S|ITBAN|27828611|77713333| |TF|0|0|0|0|0|0|0|0|0|0|0|0|0

P|LKN1B|28|LKN|0|5
S| |91000000|181000000| |VA|0|28100|0|0|0|250|1|1700|0|0|0|0|0
S|DP672|27973708|77559986| |DF|1|0|0|0|0|250|2|4000|0|0|0|0|0
S|ALI|27829233|78178453| |TF|0|0|0|0|0|0|0|0|0|0|0|0|0
S|ND151|27367933|79510322| |TF|0|0|0|0|0|0|0|0|0|0|0|0|0
S|LKN|26758611|80894444| |TF|0|0|0|0|0|0|0|0|0|0|0|0|0

P|LKN1D|10|LKN|0|5
S| |91000000|181000000| |VA|0|10100|0|0|0|250|1|1700|0|0|0|0|0
S|ND802|27960214|77995231| |DF|2|0|0|0|0|250|2|6000|0|0|0|0|0
S|ALI|27829233|78178453| |TF|0|0|0|0|0|0|0|0|0|0|0|0|0
S|ND151|27367933|79510322| |TF|0|0|0|0|0|0|0|0|0|0|0|0|0
S|LKN|26758611|80894444| |TF|0|0|0|0|0|0|0|0|0|0|0|0|0

P|LOVG1B|28|LOVGA|0|5
S| |91000000|181000000| |VA|0|28100|0|0|0|250|1|1700|0|0|0|0|0
S|ND080|28127908|77397375| |DF|1|0|0|0|0|250|2|5000|0|0|0|0|0
S|SKA|27848947|77008325| |TF|0|0|0|0|0|0|2|7000|0|0|0|0|0
S|ND405|27408656|76985939| |TF|0|0|0|0|0|0|2|12000|0|0|0|0|0
S|LOVGA|27027222|76705000| |TF|0|0|0|0|0|0|0|0|0|0|0|0|0

P|LOVG1D|10|LOVGA|0|7
S| |91000000|181000000| |VA|0|10100|0|0|0|250|1|1700|0|0|0|0|0
S|ND077|27998644|77644758| |DF|2|0|0|0|0|250|2|4000|0|0|0|0|0
S|ND437|27880175|77519300| |TF|0|0|0|0|0|0|0|0|0|0|0|0|0
S|ND469|27817494|77276664| |TF|0|0|0|0|0|0|2|8000|0|0|0|0|0
S|ND464|27822281|77094931| |TF|0|0|0|0|0|0|3|10000|8000|0|0|0|0
S|ND405|27408656|76985939| |TF|0|0|0|0|0|0|2|12000|0|0|0|0|0
S|LOVGA|27027222|76705000| |TF|0|0|0|0|0|0|0|0|0|0|0|0|0

P|LUN1B|28|LUN|0|7
S| |91000000|181000000| |VA|0|28100|0|0|0|250|1|1700|0|0|0|0|0
S|ND080|28127908|77397375| |DF|1|0|0|0|0|250|2|5000|0|0|0|0|0
S|ND414|27714886|76721250| |TF|0|0|0|0|0|0|3|9000|7000|0|0|0|0
S|IDLAM|27978703|76194311| |TF|0|0|0|0|0|0|3|11000|9000|0|0|0|0
S|ERVIX|28227333|76063481| |TF|0|0|0|0|0|0|3|13000|11000|0|0|0|0
S|ND418|28427703|75964258| |TF|0|0|0|0|0|0|3|13000|11000|0|0|0|0
S|LUN|28552736|73787472| |TF|0|0|0|0|0|0|0|0|0|0|0|0|0

P|NIKO1B|28|NIKOT|0|6
S| |91000000|181000000| |VA|0|28100|0|0|0|250|1|1700|0|0|0|0|0
S|ND080|28127908|77397375| |DF|1|0|0|0|0|250|2|5000|0|0|0|0|0
S|ND414|27714886|76721250| |TF|0|0|0|0|0|0|3|9000|7000|0|0|0|0
S|ND416|27492725|76573764| |TF|0|0|0|0|0|0|0|0|0|0|0|0|0
S|RIDRA|25989772|75796911| |TF|0|0|0|0|0|0|0|0|0|0|0|0|0
S|NIKOT|25881111|75440000| |TF|0|0|0|0|0|0|0|0|0|0|0|0|0

P|NIKO1D|10|NIKOT|0|9
S| |91000000|181000000| |VA|0|10100|0|0|0|250|1|1700|0|0|0|0|0
S|ND077|27998644|77644758| |DF|2|0|0|0|0|250|2|4000|0|0|0|0|0
S|ND437|27880175|77519300| |TF|0|0|0|0|0|0|0|0|0|0|0|0|0
S|ND469|27817494|77276664| |TF|0|0|0|0|0|0|2|8000|0|0|0|0|0
S|ND464|27822281|77094931| |TF|0|0|0|0|0|0|3|10000|8000|0|0|0|0
S|ND471|27830061|76797992| |TF|0|0|0|0|0|0|2|11000|0|0|0|0|0
S|ND416|27492725|76573764| |TF|0|0|0|0|0|0|0|0|0|0|0|0|0
S|RIDRA|25989772|75796911| |TF|0|0|0|0|0|0|0|0|0|0|0|0|0
S|NIKOT|25881111|75440000| |TF|0|0|0|0|0|0|0|0|0|0|0|0|0

P|OROT1B|28|OROTI|0|7
S| |91000000|181000000| |VA|0|28100|0|0|0|250|1|1700|0|0|0|0|0
S|ND080|28127908|77397375| |DF|1|0|0|0|0|250|2|5000|0|0|0|0|0
S|ND414|27714886|76721250| |TF|0|0|0|0|0|0|3|9000|7000|0|0|0|0
S|IDLAM|27978703|76194311| |TF|0|0|0|0|0|0|3|11000|9000|0|0|0|0
S|ERVIX|28227333|76063481| |TF|0|0|0|0|0|0|3|13000|11000|0|0|0|0
S|ND418|28427703|75964258| |TF|0|0|0|0|0|0|3|13000|11000|0|0|0|0
S|OROTI|29283333|75498889| |TF|0|0|0|0|0|0|0|0|0|0|0|0|0

P|OROT1D|10|OROTI|0|11
S| |91000000|181000000| |VA|0|10100|0|0|0|250|1|1700|0|0|0|0|0
S|ND077|27998644|77644758| |DF|2|0|0|0|0|250|2|4000|0|0|0|0|0
S|ND437|27880175|77519300| |TF|0|0|0|0|0|0|0|0|0|0|0|0|0
S|ND469|27817494|77276664| |TF|0|0|0|0|0|0|2|8000|0|0|0|0|0
S|ND464|27822281|77094931| |TF|0|0|0|0|0|0|3|10000|8000|0|0|0|0
S|ND471|27830061|76797992| |TF|0|0|0|0|0|0|2|11000|0|0|0|0|0
S|DP937|28052058|76598925| |TF|0|0|0|0|0|0|2|11000|0|0|0|0|0
S|DP940|28307417|76537172| |TF|0|0|0|0|0|0|3|20000|15000|0|0|0|0
S|DP414|28519703|76459875| |TF|0|0|0|0|0|0|0|0|0|0|0|0|0
S|SURAM|28750000|75882222| |TF|0|0|0|0|0|0|0|0|0|0|0|0|0
S|OROTI|29283333|75498889| |TF|0|0|0|0|0|0|0|0|0|0|0|0|0

P|SP1B|28|SP|0|7
S| |91000000|181000000| |VA|0|28100|0|0|0|250|1|1700|0|0|0|0|0
S|DP791|28287053|77888703| |DF|2|0|0|0|0|250|2|5000|0|0|0|0|0
S|ND420|28528825|77970219| |TF|0|0|0|0|0|0|2|6000|0|0|0|0|0
S|ND794|28724225|77965350| |TF|0|0|0|0|0|0|2|6000|0|0|0|0|0
S|ND421|29192897|77953589| |TF|0|0|0|0|0|0|0|0|0|0|0|0|0
S|UNVOM|29665278|77726667| |TF|0|0|0|0|0|0|0|0|0|0|0|0|0
S|SP|29989167|77437922| |TF|0|0|0|0|0|0|0|0|0|0|0|0|0

P|SP1D|10|SP|0|7
S| |91000000|181000000| |VA|0|10100|0|0|0|250|1|1700|0|0|0|0|0
S|DP791|28287053|77888703| |DF|1|0|0|0|0|250|2|5000|0|0|0|0|0
S|ND420|28528825|77970219| |TF|0|0|0|0|0|0|0|0|0|0|0|0|0
S|ND794|28724225|77965350| |TF|0|0|0|0|0|0|2|13000|0|0|0|0|0
S|ND421|29192897|77953589| |TF|0|0|0|0|0|0|0|0|0|0|0|0|0
S|UNVOM|29665278|77726667| |TF|0|0|0|0|0|0|0|0|0|0|0|0|0
S|SP|29989167|77437922| |TF|0|0|0|0|0|0|0|0|0|0|0|0|0

P|SURA1D|10|SURAM|0|10
S| |91000000|181000000| |VA|0|10100|0|0|0|250|1|1700|0|0|0|0|0
S|ND077|27998644|77644758| |DF|2|0|0|0|0|250|2|4000|0|0|0|0|0
S|ND437|27880175|77519300| |TF|0|0|0|0|0|0|0|0|0|0|0|0|0
S|ND469|27817494|77276664| |TF|0|0|0|0|0|0|2|8000|0|0|0|0|0
S|ND464|27822281|77094931| |TF|0|0|0|0|0|0|3|10000|8000|0|0|0|0
S|ND471|27830061|76797992| |TF|0|0|0|0|0|0|2|11000|0|0|0|0|0
S|DP937|28052058|76598925| |TF|0|0|0|0|0|0|2|11000|0|0|0|0|0
S|DP940|28307417|76537172| |TF|0|0|0|0|0|0|3|20000|15000|0|0|0|0
S|DP414|28519703|76459875| |TF|0|0|0|0|0|0|0|0|0|0|0|0|0
S|SURAM|28750000|75882222| |TF|0|0|0|0|0|0|0|0|0|0|0|0|0

