P|BEDE1D|10|BEDET|0|3
S| |91000000|181000000| |CA|0|10000|0|0|0|0|1|700|0|0|0|0|0
S| |91000000|181000000| |VI|1|25000|0|0|0|160|0|0|0|0|0|0|0
S|BEDET|26779578|87586125|BDP|CF|0|29500|3000|29500|2700|0|1|10500|0|0|0|0|0

P|BESV1D|10|BESVO|0|3
S| |91000000|181000000| |CA|0|10000|0|0|0|0|1|700|0|0|0|0|0
S| |91000000|181000000| |VI|1|21900|0|0|0|160|0|0|0|0|0|0|0
S|BESVO|26506367|87539261|BDP|CF|0|26300|3000|26300|2700|0|1|6000|0|0|0|0|0

P|DHAR1A|10|CHURE|0|6
S| |91000000|181000000| |CA|0|10000|0|0|0|0|1|700|0|0|0|0|0
S|CG483|26734194|88054083| |DF|1|0|0|0|0|160|1|4500|0|0|0|0|0
S|CG484|26817694|87892750| |TF|0|0|0|0|0|180|1|7500|0|0|0|0|0
S|CG485|26835333|87670056| |TF|0|0|0|0|0|0|1|10500|0|0|0|0|0
S|DHARA|26869722|87248917| |TF|0|0|0|0|0|0|1|12500|0|0|0|0|0
S|CHURE|26863333|86651944| |TF|0|0|0|0|0|0|0|0|0|0|0|0|0

P|MAHE1A|10|CHURE|0|6
S| |91000000|181000000| |CA|0|10000|0|0|0|0|1|700|0|0|0|0|0
S|MAHES|26607222|87851944| |DF|1|0|0|0|0|160|1|6000|0|0|0|0|0
S|MAHES|26607222|87851944| |IF|0|0|0|0|0|160|1|6000|0|0|0|0|0
S|DAMAK|26687694|87667972| |TF|0|0|0|0|0|0|1|8000|0|0|0|0|0
S|DHARA|26869722|87248917| |TF|0|0|0|0|0|0|1|12500|0|0|0|0|0
S|CHURE|26863333|86651944| |TF|0|0|0|0|0|0|0|0|0|0|0|0|0

P|MAHE1A|10|RANGA|0|5
S| |91000000|181000000| |CA|0|10000|0|0|0|0|1|700|0|0|0|0|0
S|MAHES|26607222|87851944| |DF|1|0|0|0|0|160|1|6000|0|0|0|0|0
S|MAHES|26607222|87851944| |IF|0|0|0|0|0|160|1|6000|0|0|0|0|0
S|TAHAR|26541083|87614722| |TF|0|0|0|0|0|0|1|4000|0|0|0|0|0
S|RANGA|26500956|87471456| |TF|0|0|0|0|0|0|1|3000|0|0|0|0|0

P|MAHE1D|10|MAHES|0|3
S| |91000000|181000000| |CA|0|10000|0|0|0|0|1|700|0|0|0|0|0
S| |91000000|181000000| |VI|1|23500|0|0|0|160|0|0|0|0|0|0|0
S|MAHES|26607222|87851944|BDP|CF|0|28000|1310|28020|1000|0|1|4000|0|0|0|0|0

