P|DAMA1A|27|DAMAR|0|3
S| |91000000|181000000| |CA|0|27100|0|0|0|0|1|2000|0|0|0|0|0
S|LALBA|26947222|85806389| |DF|2|0|0|0|0|0|1|7500|0|0|0|0|0
S|DAMAR|27255850|85662892| |TF|0|0|0|0|0|0|1|12500|0|0|0|0|0

P|DAMA1B|09|DAMAR|0|3
S| |91000000|181000000| |CA|0|9100|0|0|0|0|1|2000|0|0|0|0|0
S|LALBA|26947222|85806389| |DF|1|0|0|0|0|0|1|7500|0|0|0|0|0
S|DAMAR|27255850|85662892| |TF|0|0|0|0|0|0|1|12500|0|0|0|0|0

P|THIL1A|09|LALBA|0|4
S| |91000000|181000000| |CA|0|9100|0|0|0|0|1|1000|0|0|0|0|0
S|THILA|26790619|86095494| |DF|1|0|0|0|0|0|1|3000|0|0|0|0|0
S|THILA|26790619|86095494| |HA|2|30100|0|0|0|180|1|7000|0|0|0|0|0
S|LALBA|26947222|85806389| |TF|0|0|0|0|0|0|1|12500|0|0|0|0|0

