P|MANK1A|12|MANKA|0|3
S| |91000000|181000000| |CA|0|11500|0|0|0|0|1|4600|0|0|0|0|0
S|D113L|28119722|84190000| |DF|0|0|0|0|0|190|0|0|0|0|0|0|0
S|MANKA|28007778|84485278| |TF|0|0|0|0|0|0|0|0|0|0|0|0|0

P|NARA1A|12|NARAN|0|3
S| |91000000|181000000| |CA|0|11500|0|0|0|0|1|4600|0|0|0|0|0
S| |91000000|181000000| |CI|0|18800|0|0|0|190|0|0|0|0|0|0|0
S|NARAN|27679444|84429722|POK|CF|0|14300|3910|14240|3000|0|0|0|0|0|0|0|0

P|PUBO1A|12|PUBOB|0|3
S| |91000000|181000000| |CA|0|11500|0|0|0|0|1|4600|0|0|0|0|0
S|POK|28198361|83981528| |DF|2|0|0|0|0|190|1|7900|0|0|0|0|0
S|PUBOB|28144444|83000000| |TF|0|0|0|0|0|0|0|0|0|0|0|0|0

