P|ALBO1B|03L|ALBOS|0|4
S|LIBRA|13963708|100633439|BKK|CF|0|2900|470|2840|250|210|0|0|0|1|0|0|0
S|DM030|14095178|100699644| |DF|0|0|0|0|0|0|2|5000|0|0|0|0|0
S|FANTA|14443325|100875444| |TF|0|0|0|0|0|0|2|9000|0|0|0|0|0
S|ALBOS|14744917|101028306| |TF|0|0|0|0|0|0|0|0|0|0|0|0|0

P|ALBO1D|03R|ALBOS|0|4
S|RIVER|13961992|100636633|BKK|CF|0|2900|470|3100|250|210|0|0|0|1|0|0|0
S|DM030|14095178|100699644| |DF|0|0|0|0|0|0|2|5000|0|0|0|0|0
S|FANTA|14443325|100875444| |TF|0|0|0|0|0|0|2|9000|0|0|0|0|0
S|ALBOS|14744917|101028306| |TF|0|0|0|0|0|0|0|0|0|0|0|0|0

P|ALBO3A|21R|ALBOS|0|8
S|DE21R|13897011|100595939| |DF|0|0|0|0|0|0|0|0|0|1|0|0|0
S| |91000000|181000000| |CA|0|20900|0|0|0|200|1|1500|0|0|0|0|0
S|INTOS|13971819|100329756| |DF|2|0|0|0|0|0|2|8000|0|0|0|0|0
S|BD207|14151172|100308825| |TF|0|0|0|0|0|0|1|10000|0|0|0|0|0
S|DISCO|14470997|100271456| |TF|0|0|0|0|0|0|2|13000|0|0|0|0|0
S|BD208|14543019|100366339| |TF|0|0|0|0|0|0|0|0|0|0|0|0|0
S|BD209|14649183|100714297| |TF|0|0|0|0|0|0|3|15000|14000|0|0|0|0
S|ALBOS|14744917|101028306| |TF|0|0|0|0|0|0|0|0|0|0|0|0|0

P|ALBO3C|21L|ALBOS|0|8
S|DE21L|13899569|100601528| |DF|0|0|0|0|0|0|0|0|0|1|0|0|0
S| |91000000|181000000| |CA|0|20900|0|0|0|200|1|1500|0|0|0|0|0
S|INTOS|13971819|100329756| |DF|2|0|0|0|0|0|2|8000|0|0|0|0|0
S|BD207|14151172|100308825| |TF|0|0|0|0|0|0|1|10000|0|0|0|0|0
S|DISCO|14470997|100271456| |TF|0|0|0|0|0|0|2|13000|0|0|0|0|0
S|BD208|14543019|100366339| |TF|0|0|0|0|0|0|0|0|0|0|0|0|0
S|BD209|14649183|100714297| |TF|0|0|0|0|0|0|3|15000|14000|0|0|0|0
S|ALBOS|14744917|101028306| |TF|0|0|0|0|0|0|0|0|0|0|0|0|0

P|BONV1B|03L|BONVO|0|5
S|LIBRA|13963708|100633439|BKK|CF|0|2900|470|2840|250|210|0|0|0|1|0|0|0
S|DM032|14063375|100524392| |DF|0|0|0|0|0|0|2|6000|0|0|0|0|0
S|BLUES|14018075|100382639| |TF|0|0|0|0|0|0|0|0|0|0|0|0|0
S|JROCK|13974556|100256003| |TF|0|0|0|0|0|0|2|9000|0|0|0|0|0
S|BONVO|13736242|99768533| |TF|0|0|0|0|0|0|0|0|0|0|0|0|0

P|BONV1D|03R|BONVO|0|5
S|RIVER|13961992|100636633|BKK|CF|0|2900|470|3100|250|210|0|0|0|1|0|0|0
S|DM032|14063375|100524392| |DF|0|0|0|0|0|0|2|6000|0|0|0|0|0
S|BLUES|14018075|100382639| |TF|0|0|0|0|0|0|0|0|0|0|0|0|0
S|JROCK|13974556|100256003| |TF|0|0|0|0|0|0|2|9000|0|0|0|0|0
S|BONVO|13736242|99768533| |TF|0|0|0|0|0|0|0|0|0|0|0|0|0

P|BONV3A|21R|BONVO|0|5
S|DE21R|13897011|100595939| |DF|0|0|0|0|0|0|0|0|0|1|0|0|0
S| |91000000|181000000| |CA|0|20900|0|0|0|200|1|1500|0|0|0|0|0
S|INTOS|13971819|100329756| |DF|2|0|0|0|0|0|2|8000|0|0|0|0|0
S|OBMAR|13981533|100065178| |TF|0|0|0|0|0|0|0|0|0|0|0|0|0
S|BONVO|13736242|99768533| |TF|0|0|0|0|0|0|0|0|0|0|0|0|0

P|BONV3C|21L|BONVO|0|5
S|DE21L|13899569|100601528| |DF|0|0|0|0|0|0|0|0|0|1|0|0|0
S| |91000000|181000000| |CA|0|20900|0|0|0|200|1|1500|0|0|0|0|0
S|INTOS|13971819|100329756| |DF|2|0|0|0|0|0|2|8000|0|0|0|0|0
S|OBMAR|13981533|100065178| |TF|0|0|0|0|0|0|0|0|0|0|0|0|0
S|BONVO|13736242|99768533| |TF|0|0|0|0|0|0|0|0|0|0|0|0|0

P|DOSB1B|03L|DOSBU|0|6
S|LIBRA|13963708|100633439|BKK|CF|0|2900|470|2840|250|210|0|0|0|1|0|0|0
S|DM032|14063375|100524392| |DF|0|0|0|0|0|0|2|6000|0|0|0|0|0
S|BLUES|14018075|100382639| |TF|0|0|0|0|0|0|0|0|0|0|0|0|0
S|RUMBA|13760269|100228633| |TF|0|0|0|0|0|0|1|13000|0|0|0|0|0
S|VIOLA|13642306|100645983| |TF|1|0|0|0|0|0|0|0|0|0|0|0|0
S|DOSBU|13877850|101833883| |TF|0|0|0|0|0|0|0|0|0|0|0|0|0

P|DOSB1D|03R|DOSBU|0|6
S|RIVER|13961992|100636633|BKK|CF|0|2900|470|3100|250|210|0|0|0|1|0|0|0
S|DM032|14063375|100524392| |DF|0|0|0|0|0|0|2|6000|0|0|0|0|0
S|BLUES|14018075|100382639| |TF|0|0|0|0|0|0|0|0|0|0|0|0|0
S|RUMBA|13760269|100228633| |TF|0|0|0|0|0|0|1|13000|0|0|0|0|0
S|VIOLA|13642306|100645983| |TF|1|0|0|0|0|0|0|0|0|0|0|0|0
S|DOSBU|13877850|101833883| |TF|0|0|0|0|0|0|0|0|0|0|0|0|0

P|DOSB3A|21R|DOSBU|0|8
S|DE21R|13897011|100595939| |DF|0|0|0|0|0|0|0|0|0|1|0|0|0
S| |91000000|181000000| |CA|0|20900|0|0|0|200|1|1500|0|0|0|0|0
S|BD201|13840461|100482189| |DF|0|0|0|0|0|0|0|0|0|0|0|0|0
S|BD202|13780617|100417508| |TF|0|0|0|0|0|0|3|8000|5000|0|0|0|0
S|BD203|13637436|100431019| |TF|0|0|0|0|0|0|0|0|0|0|0|0|0
S|MATLO|13612106|100573636| |TF|0|0|0|0|0|0|1|11000|0|0|0|0|0
S|MEZZO|13526050|101054558| |TF|0|0|0|0|0|0|0|0|0|0|0|0|0
S|DOSBU|13877850|101833883| |TF|0|0|0|0|0|0|0|0|0|0|0|0|0

P|DOSB3C|21L|DOSBU|0|8
S|DE21L|13899569|100601528| |DF|0|0|0|0|0|0|0|0|0|1|0|0|0
S| |91000000|181000000| |CA|0|20900|0|0|0|200|1|1500|0|0|0|0|0
S|BD201|13840461|100482189| |DF|0|0|0|0|0|0|0|0|0|0|0|0|0
S|BD202|13780617|100417508| |TF|0|0|0|0|0|0|3|8000|5000|0|0|0|0
S|BD203|13637436|100431019| |TF|0|0|0|0|0|0|0|0|0|0|0|0|0
S|MATLO|13612106|100573636| |TF|0|0|0|0|0|0|1|11000|0|0|0|0|0
S|MEZZO|13526050|101054558| |TF|0|0|0|0|0|0|0|0|0|0|0|0|0
S|DOSBU|13877850|101833883| |TF|0|0|0|0|0|0|0|0|0|0|0|0|0

P|GORS1B|03L|GORSI|0|7
S|LIBRA|13963708|100633439|BKK|CF|0|2900|470|2840|250|210|0|0|0|1|0|0|0
S|DM032|14063375|100524392| |DF|0|0|0|0|0|0|2|6000|0|0|0|0|0
S|BLUES|14018075|100382639| |TF|0|0|0|0|0|0|0|0|0|0|0|0|0
S|RUMBA|13760269|100228633| |TF|0|0|0|0|0|0|1|13000|0|0|0|0|0
S|VIOLA|13642306|100645983| |TF|1|0|0|0|0|0|0|0|0|0|0|0|0
S|MEZZO|13526050|101054558| |TF|0|0|0|0|0|0|0|0|0|0|0|0|0
S|GORSI|13515178|101357792| |TF|0|0|0|0|0|0|0|0|0|0|0|0|0

P|GORS1D|03R|GORSI|0|7
S|RIVER|13961992|100636633|BKK|CF|0|2900|470|3100|250|210|0|0|0|1|0|0|0
S|DM032|14063375|100524392| |DF|0|0|0|0|0|0|2|6000|0|0|0|0|0
S|BLUES|14018075|100382639| |TF|0|0|0|0|0|0|0|0|0|0|0|0|0
S|RUMBA|13760269|100228633| |TF|0|0|0|0|0|0|1|13000|0|0|0|0|0
S|VIOLA|13642306|100645983| |TF|1|0|0|0|0|0|0|0|0|0|0|0|0
S|MEZZO|13526050|101054558| |TF|0|0|0|0|0|0|0|0|0|0|0|0|0
S|GORSI|13515178|101357792| |TF|0|0|0|0|0|0|0|0|0|0|0|0|0

P|GORS3A|21R|GORSI|0|8
S|DE21R|13897011|100595939| |DF|0|0|0|0|0|0|0|0|0|1|0|0|0
S| |91000000|181000000| |CA|0|20900|0|0|0|200|1|1500|0|0|0|0|0
S|BD201|13840461|100482189| |DF|0|0|0|0|0|0|0|0|0|0|0|0|0
S|BD202|13780617|100417508| |TF|0|0|0|0|0|0|3|8000|5000|0|0|0|0
S|BD203|13637436|100431019| |TF|0|0|0|0|0|0|0|0|0|0|0|0|0
S|MATLO|13612106|100573636| |TF|0|0|0|0|0|0|1|11000|0|0|0|0|0
S|MEZZO|13526050|101054558| |TF|0|0|0|0|0|0|0|0|0|0|0|0|0
S|GORSI|13515178|101357792| |TF|0|0|0|0|0|0|0|0|0|0|0|0|0

P|GORS3C|21L|GORSI|0|8
S|DE21L|13899569|100601528| |DF|0|0|0|0|0|0|0|0|0|1|0|0|0
S| |91000000|181000000| |CA|0|20900|0|0|0|200|1|1500|0|0|0|0|0
S|BD201|13840461|100482189| |DF|0|0|0|0|0|0|0|0|0|0|0|0|0
S|BD202|13780617|100417508| |TF|0|0|0|0|0|0|3|8000|5000|0|0|0|0
S|BD203|13637436|100431019| |TF|0|0|0|0|0|0|0|0|0|0|0|0|0
S|MATLO|13612106|100573636| |TF|0|0|0|0|0|0|1|11000|0|0|0|0|0
S|MEZZO|13526050|101054558| |TF|0|0|0|0|0|0|0|0|0|0|0|0|0
S|GORSI|13515178|101357792| |TF|0|0|0|0|0|0|0|0|0|0|0|0|0

P|HHN1B|03L|HHN|0|8
S|LIBRA|13963708|100633439|BKK|CF|0|2900|470|2840|250|210|0|0|0|1|0|0|0
S|DM032|14063375|100524392| |DF|0|0|0|0|0|0|2|6000|0|0|0|0|0
S|BLUES|14018075|100382639| |TF|0|0|0|0|0|0|0|0|0|0|0|0|0
S|RUMBA|13760269|100228633| |TF|0|0|0|0|0|0|1|13000|0|0|0|0|0
S|CORUS|13701508|100193592| |TF|0|0|0|0|0|0|0|0|0|0|0|0|0
S|SALMA|13241358|100191311| |TF|0|0|0|0|0|0|0|0|0|0|0|0|0
S|SABIS|12999592|100190147| |TF|0|0|0|0|0|0|0|0|0|0|0|0|0
S|HHN|12634417|99951167| |TF|0|0|0|0|0|0|0|0|0|0|0|0|0

P|HHN1D|03R|HHN|0|8
S|RIVER|13961992|100636633|BKK|CF|0|2900|470|3100|250|210|0|0|0|1|0|0|0
S|DM032|14063375|100524392| |DF|0|0|0|0|0|0|2|6000|0|0|0|0|0
S|BLUES|14018075|100382639| |TF|0|0|0|0|0|0|0|0|0|0|0|0|0
S|RUMBA|13760269|100228633| |TF|0|0|0|0|0|0|1|13000|0|0|0|0|0
S|CORUS|13701508|100193592| |TF|0|0|0|0|0|0|0|0|0|0|0|0|0
S|SALMA|13241358|100191311| |TF|0|0|0|0|0|0|0|0|0|0|0|0|0
S|SABIS|12999592|100190147| |TF|0|0|0|0|0|0|0|0|0|0|0|0|0
S|HHN|12634417|99951167| |TF|0|0|0|0|0|0|0|0|0|0|0|0|0

P|HHN3A|21R|HHN|0|9
S|DE21R|13897011|100595939| |DF|0|0|0|0|0|0|0|0|0|1|0|0|0
S| |91000000|181000000| |CA|0|20900|0|0|0|200|1|1500|0|0|0|0|0
S|INTOS|13971819|100329756| |DF|2|0|0|0|0|0|2|8000|0|0|0|0|0
S|OBMAR|13981533|100065178| |TF|0|0|0|0|0|0|3|15000|13000|0|0|0|0
S|BD206|13910997|100014156| |TF|0|0|0|0|0|270|0|0|0|0|0|0|0
S|POTEP|13698400|100080797| |TF|0|0|0|0|0|0|0|0|0|0|0|0|0
S|TUPKA|13339514|100193044| |TF|0|0|0|0|0|0|0|0|0|0|0|0|0
S|SABIS|12999592|100190147| |TF|0|0|0|0|0|0|0|0|0|0|0|0|0
S|HHN|12634417|99951167| |TF|0|0|0|0|0|0|0|0|0|0|0|0|0

P|HHN3C|21L|HHN|0|9
S|DE21L|13899569|100601528| |DF|0|0|0|0|0|0|0|0|0|1|0|0|0
S| |91000000|181000000| |CA|0|20900|0|0|0|200|1|1500|0|0|0|0|0
S|INTOS|13971819|100329756| |DF|2|0|0|0|0|0|2|8000|0|0|0|0|0
S|OBMAR|13981533|100065178| |TF|0|0|0|0|0|0|3|15000|13000|0|0|0|0
S|BD206|13910997|100014156| |TF|0|0|0|0|0|270|0|0|0|0|0|0|0
S|POTEP|13698400|100080797| |TF|0|0|0|0|0|0|0|0|0|0|0|0|0
S|TUPKA|13339514|100193044| |TF|0|0|0|0|0|0|0|0|0|0|0|0|0
S|SABIS|12999592|100190147| |TF|0|0|0|0|0|0|0|0|0|0|0|0|0
S|HHN|12634417|99951167| |TF|0|0|0|0|0|0|0|0|0|0|0|0|0

P|KASN1B|03L|KASNI|0|6
S|LIBRA|13963708|100633439|BKK|CF|0|2900|470|2840|250|210|0|0|0|1|0|0|0
S|DM032|14063375|100524392| |DF|0|0|0|0|0|0|2|6000|0|0|0|0|0
S|BLUES|14018075|100382639| |TF|0|0|0|0|0|0|0|0|0|0|0|0|0
S|RUMBA|13760269|100228633| |TF|0|0|0|0|0|0|1|13000|0|0|0|0|0
S|SAMBA|13384072|100680033| |TF|0|0|0|0|0|0|0|0|0|0|0|0|0
S|KASNI|13080603|100678300| |TF|0|0|0|0|0|0|0|0|0|0|0|0|0

P|KASN1D|03R|KASNI|0|6
S|RIVER|13961992|100636633|BKK|CF|0|2900|470|3100|250|210|0|0|0|1|0|0|0
S|DM032|14063375|100524392| |DF|0|0|0|0|0|0|2|6000|0|0|0|0|0
S|BLUES|14018075|100382639| |TF|0|0|0|0|0|0|0|0|0|0|0|0|0
S|RUMBA|13760269|100228633| |TF|0|0|0|0|0|0|1|13000|0|0|0|0|0
S|SAMBA|13384072|100680033| |TF|0|0|0|0|0|0|0|0|0|0|0|0|0
S|KASNI|13080603|100678300| |TF|0|0|0|0|0|0|0|0|0|0|0|0|0

P|KASN3A|21R|KASNI|0|8
S|DE21R|13897011|100595939| |DF|0|0|0|0|0|0|0|0|0|1|0|0|0
S| |91000000|181000000| |CA|0|20900|0|0|0|200|1|1500|0|0|0|0|0
S|BD201|13840461|100482189| |DF|0|0|0|0|0|0|0|0|0|0|0|0|0
S|BD202|13780617|100417508| |TF|0|0|0|0|0|0|3|8000|5000|0|0|0|0
S|BD203|13637436|100431019| |TF|0|0|0|0|0|0|0|0|0|0|0|0|0
S|BAXUS|13556744|100438633| |TF|0|0|0|0|0|0|0|0|0|0|0|0|0
S|SAMBA|13384072|100680033| |TF|0|0|0|0|0|0|3|18000|16000|0|0|0|0
S|KASNI|13080603|100678300| |TF|0|0|0|0|0|0|0|0|0|0|0|0|0

P|KASN3C|21L|KASNI|0|8
S|DE21L|13899569|100601528| |DF|0|0|0|0|0|0|0|0|0|1|0|0|0
S| |91000000|181000000| |CA|0|20900|0|0|0|200|1|1500|0|0|0|0|0
S|BD201|13840461|100482189| |DF|0|0|0|0|0|0|0|0|0|0|0|0|0
S|BD202|13780617|100417508| |TF|0|0|0|0|0|0|3|8000|5000|0|0|0|0
S|BD203|13637436|100431019| |TF|0|0|0|0|0|0|0|0|0|0|0|0|0
S|BAXUS|13556744|100438633| |TF|0|0|0|0|0|0|0|0|0|0|0|0|0
S|SAMBA|13384072|100680033| |TF|0|0|0|0|0|0|3|18000|16000|0|0|0|0
S|KASNI|13080603|100678300| |TF|0|0|0|0|0|0|0|0|0|0|0|0|0

P|KIGO1B|03L|KIGOB|0|6
S|LIBRA|13963708|100633439|BKK|CF|0|2900|470|2840|250|210|0|0|0|1|0|0|0
S|DM032|14063375|100524392| |DF|0|0|0|0|0|0|2|6000|0|0|0|0|0
S|BLUES|14018075|100382639| |TF|0|0|0|0|0|0|0|0|0|0|0|0|0
S|RUMBA|13760269|100228633| |TF|0|0|0|0|0|0|1|13000|0|0|0|0|0
S|SAMBA|13384072|100680033| |TF|0|0|0|0|0|0|0|0|0|0|0|0|0
S|KIGOB|13112906|100851758| |TF|0|0|0|0|0|0|0|0|0|0|0|0|0

P|KIGO1D|03R|KIGOB|0|6
S|RIVER|13961992|100636633|BKK|CF|0|2900|470|3100|250|210|0|0|0|1|0|0|0
S|DM032|14063375|100524392| |DF|0|0|0|0|0|0|2|6000|0|0|0|0|0
S|BLUES|14018075|100382639| |TF|0|0|0|0|0|0|0|0|0|0|0|0|0
S|RUMBA|13760269|100228633| |TF|0|0|0|0|0|0|1|13000|0|0|0|0|0
S|SAMBA|13384072|100680033| |TF|0|0|0|0|0|0|0|0|0|0|0|0|0
S|KIGOB|13112906|100851758| |TF|0|0|0|0|0|0|0|0|0|0|0|0|0

P|KIGO3A|21R|KIGOB|0|8
S|DE21R|13897011|100595939| |DF|0|0|0|0|0|0|0|0|0|1|0|0|0
S| |91000000|181000000| |CA|0|20900|0|0|0|200|1|1500|0|0|0|0|0
S|BD201|13840461|100482189| |DF|0|0|0|0|0|0|0|0|0|0|0|0|0
S|BD202|13780617|100417508| |TF|0|0|0|0|0|0|3|8000|5000|0|0|0|0
S|BD203|13637436|100431019| |TF|0|0|0|0|0|0|0|0|0|0|0|0|0
S|BAXUS|13556744|100438633| |TF|0|0|0|0|0|0|0|0|0|0|0|0|0
S|SAMBA|13384072|100680033| |TF|0|0|0|0|0|0|3|18000|16000|0|0|0|0
S|KIGOB|13112906|100851758| |TF|0|0|0|0|0|0|0|0|0|0|0|0|0

P|KIGO3C|21L|KIGOB|0|8
S|DE21L|13899569|100601528| |DF|0|0|0|0|0|0|0|0|0|1|0|0|0
S| |91000000|181000000| |CA|0|20900|0|0|0|200|1|1500|0|0|0|0|0
S|BD201|13840461|100482189| |DF|0|0|0|0|0|0|0|0|0|0|0|0|0
S|BD202|13780617|100417508| |TF|0|0|0|0|0|0|3|8000|5000|0|0|0|0
S|BD203|13637436|100431019| |TF|0|0|0|0|0|0|0|0|0|0|0|0|0
S|BAXUS|13556744|100438633| |TF|0|0|0|0|0|0|0|0|0|0|0|0|0
S|SAMBA|13384072|100680033| |TF|0|0|0|0|0|0|3|18000|16000|0|0|0|0
S|KIGOB|13112906|100851758| |TF|0|0|0|0|0|0|0|0|0|0|0|0|0

P|NOBE2B|03L|NOBER|0|6
S|LIBRA|13963708|100633439|BKK|CF|0|2900|470|2840|250|210|0|0|0|1|0|0|0
S|DM032|14063375|100524392| |DF|0|0|0|0|0|0|2|6000|0|0|0|0|0
S|DANCY|14217639|100307889| |TF|0|0|0|0|0|0|2|9000|0|0|0|0|0
S|DISCO|14470997|100271456| |TF|0|0|0|0|0|0|2|13000|0|0|0|0|0
S|RIVDU|14709908|100338492| |TF|0|0|0|0|0|0|0|0|0|0|0|0|0
S|NOBER|15276556|100668333| |TF|0|0|0|0|0|0|0|0|0|0|0|0|0

P|NOBE2D|03R|NOBER|0|6
S|RIVER|13961992|100636633|BKK|CF|0|2900|470|3100|250|210|0|0|0|1|0|0|0
S|DM032|14063375|100524392| |DF|0|0|0|0|0|0|2|6000|0|0|0|0|0
S|DANCY|14217639|100307889| |TF|0|0|0|0|0|0|2|9000|0|0|0|0|0
S|DISCO|14470997|100271456| |TF|0|0|0|0|0|0|2|13000|0|0|0|0|0
S|RIVDU|14709908|100338492| |TF|0|0|0|0|0|0|0|0|0|0|0|0|0
S|NOBER|15276556|100668333| |TF|0|0|0|0|0|0|0|0|0|0|0|0|0

P|NOBE4A|21R|NOBER|0|7
S|DE21R|13897011|100595939| |DF|0|0|0|0|0|0|0|0|0|1|0|0|0
S| |91000000|181000000| |CA|0|20900|0|0|0|200|1|1500|0|0|0|0|0
S|INTOS|13971819|100329756| |DF|2|0|0|0|0|0|2|8000|0|0|0|0|0
S|BD207|14151172|100308825| |TF|0|0|0|0|0|0|1|10000|0|0|0|0|0
S|DISCO|14470997|100271456| |TF|0|0|0|0|0|0|2|13000|0|0|0|0|0
S|RIVDU|14709908|100338492| |TF|0|0|0|0|0|0|0|0|0|0|0|0|0
S|NOBER|15276556|100668333| |TF|0|0|0|0|0|0|0|0|0|0|0|0|0

P|NOBE4C|21L|NOBER|0|7
S|DE21L|13899569|100601528| |DF|0|0|0|0|0|0|0|0|0|1|0|0|0
S| |91000000|181000000| |CA|0|20900|0|0|0|200|1|1500|0|0|0|0|0
S|INTOS|13971819|100329756| |DF|2|0|0|0|0|0|2|8000|0|0|0|0|0
S|BD207|14151172|100308825| |TF|0|0|0|0|0|0|1|10000|0|0|0|0|0
S|DISCO|14470997|100271456| |TF|0|0|0|0|0|0|2|13000|0|0|0|0|0
S|RIVDU|14709908|100338492| |TF|0|0|0|0|0|0|0|0|0|0|0|0|0
S|NOBER|15276556|100668333| |TF|0|0|0|0|0|0|0|0|0|0|0|0|0

P|NUNL1B|03L|NUNLI|0|5
S|LIBRA|13963708|100633439|BKK|CF|0|2900|470|2840|250|210|0|0|0|1|0|0|0
S|DM032|14063375|100524392| |DF|0|0|0|0|0|0|2|6000|0|0|0|0|0
S|DANCY|14217639|100307889| |TF|0|0|0|0|0|0|2|9000|0|0|0|0|0
S|DISCO|14470997|100271456| |TF|0|0|0|0|0|0|2|13000|0|0|0|0|0
S|NUNLI|14857625|99384333| |TF|0|0|0|0|0|0|0|0|0|0|0|0|0

P|NUNL1D|03R|NUNLI|0|5
S|RIVER|13961992|100636633|BKK|CF|0|2900|470|3100|250|210|0|0|0|1|0|0|0
S|DM032|14063375|100524392| |DF|0|0|0|0|0|0|2|6000|0|0|0|0|0
S|DANCY|14217639|100307889| |TF|0|0|0|0|0|0|2|9000|0|0|0|0|0
S|DISCO|14470997|100271456| |TF|0|0|0|0|0|0|2|13000|0|0|0|0|0
S|NUNLI|14857625|99384333| |TF|0|0|0|0|0|0|0|0|0|0|0|0|0

P|NUNL3A|21R|NUNLI|0|6
S|DE21R|13897011|100595939| |DF|0|0|0|0|0|0|0|0|0|1|0|0|0
S| |91000000|181000000| |CA|0|20900|0|0|0|200|1|1500|0|0|0|0|0
S|INTOS|13971819|100329756| |DF|2|0|0|0|0|0|2|8000|0|0|0|0|0
S|BD207|14151172|100308825| |TF|0|0|0|0|0|0|1|10000|0|0|0|0|0
S|DISCO|14470997|100271456| |TF|0|0|0|0|0|0|2|13000|0|0|0|0|0
S|NUNLI|14857625|99384333| |TF|0|0|0|0|0|0|0|0|0|0|0|0|0

P|NUNL3C|21L|NUNLI|0|6
S|DE21L|13899569|100601528| |DF|0|0|0|0|0|0|0|0|0|1|0|0|0
S| |91000000|181000000| |CA|0|20900|0|0|0|200|1|1500|0|0|0|0|0
S|INTOS|13971819|100329756| |DF|2|0|0|0|0|0|2|8000|0|0|0|0|0
S|BD207|14151172|100308825| |TF|0|0|0|0|0|0|1|10000|0|0|0|0|0
S|DISCO|14470997|100271456| |TF|0|0|0|0|0|0|2|13000|0|0|0|0|0
S|NUNLI|14857625|99384333| |TF|0|0|0|0|0|0|0|0|0|0|0|0|0

P|OLVU1B|03L|OLVUK|0|5
S|LIBRA|13963708|100633439|BKK|CF|0|2900|470|2840|250|210|0|0|0|1|0|0|0
S|DM032|14063375|100524392| |DF|0|0|0|0|0|0|2|6000|0|0|0|0|0
S|DANCY|14217639|100307889| |TF|0|0|0|0|0|0|2|9000|0|0|0|0|0
S|DISCO|14470997|100271456| |TF|0|0|0|0|0|0|2|13000|0|0|0|0|0
S|OLVUK|14657883|100211175| |TF|0|0|0|0|0|0|0|0|0|0|0|0|0

P|OLVU1D|03R|OLVUK|0|5
S|RIVER|13961992|100636633|BKK|CF|0|2900|470|3100|250|210|0|0|0|1|0|0|0
S|DM032|14063375|100524392| |DF|0|0|0|0|0|0|2|6000|0|0|0|0|0
S|DANCY|14217639|100307889| |TF|0|0|0|0|0|0|2|9000|0|0|0|0|0
S|DISCO|14470997|100271456| |TF|0|0|0|0|0|0|2|13000|0|0|0|0|0
S|OLVUK|14657883|100211175| |TF|0|0|0|0|0|0|0|0|0|0|0|0|0

P|OLVU3A|21R|OLVUK|0|6
S|DE21R|13897011|100595939| |DF|0|0|0|0|0|0|0|0|0|1|0|0|0
S| |91000000|181000000| |CA|0|20900|0|0|0|200|1|1500|0|0|0|0|0
S|INTOS|13971819|100329756| |DF|2|0|0|0|0|0|2|8000|0|0|0|0|0
S|BD207|14151172|100308825| |TF|0|0|0|0|0|0|1|10000|0|0|0|0|0
S|DISCO|14470997|100271456| |TF|0|0|0|0|0|0|2|13000|0|0|0|0|0
S|OLVUK|14657883|100211175| |TF|0|0|0|0|0|0|0|0|0|0|0|0|0

P|OLVU3C|21L|OLVUK|0|6
S|DE21L|13899569|100601528| |DF|0|0|0|0|0|0|0|0|0|1|0|0|0
S| |91000000|181000000| |CA|0|20900|0|0|0|200|1|1500|0|0|0|0|0
S|INTOS|13971819|100329756| |DF|2|0|0|0|0|0|2|8000|0|0|0|0|0
S|BD207|14151172|100308825| |TF|0|0|0|0|0|0|1|10000|0|0|0|0|0
S|DISCO|14470997|100271456| |TF|0|0|0|0|0|0|2|13000|0|0|0|0|0
S|OLVUK|14657883|100211175| |TF|0|0|0|0|0|0|0|0|0|0|0|0|0

P|PAST1B|03L|PASTO|0|5
S|LIBRA|13963708|100633439|BKK|CF|0|2900|470|2840|250|210|0|0|0|1|0|0|0
S|DM032|14063375|100524392| |DF|0|0|0|0|0|0|2|6000|0|0|0|0|0
S|BLUES|14018075|100382639| |TF|0|0|0|0|0|0|0|0|0|0|0|0|0
S|JROCK|13974556|100256003| |TF|0|0|0|0|0|0|2|9000|0|0|0|0|0
S|PASTO|14001250|99501928| |TF|0|0|0|0|0|0|0|0|0|0|0|0|0

P|PAST1D|03R|PASTO|0|5
S|RIVER|13961992|100636633|BKK|CF|0|2900|470|3100|250|210|0|0|0|1|0|0|0
S|DM032|14063375|100524392| |DF|0|0|0|0|0|0|2|6000|0|0|0|0|0
S|BLUES|14018075|100382639| |TF|0|0|0|0|0|0|0|0|0|0|0|0|0
S|JROCK|13974556|100256003| |TF|0|0|0|0|0|0|2|9000|0|0|0|0|0
S|PASTO|14001250|99501928| |TF|0|0|0|0|0|0|0|0|0|0|0|0|0

P|PAST3A|21R|PASTO|0|5
S|DE21R|13897011|100595939| |DF|0|0|0|0|0|0|0|0|0|1|0|0|0
S| |91000000|181000000| |CA|0|20900|0|0|0|200|1|1500|0|0|0|0|0
S|INTOS|13971819|100329756| |DF|2|0|0|0|0|0|2|8000|0|0|0|0|0
S|OBMAR|13981533|100065178| |TF|0|0|0|0|0|0|0|0|0|0|0|0|0
S|PASTO|14001250|99501928| |TF|0|0|0|0|0|0|0|0|0|0|0|0|0

P|PAST3C|21L|PASTO|0|5
S|DE21L|13899569|100601528| |DF|0|0|0|0|0|0|0|0|0|1|0|0|0
S| |91000000|181000000| |CA|0|20900|0|0|0|200|1|1500|0|0|0|0|0
S|INTOS|13971819|100329756| |DF|2|0|0|0|0|0|2|8000|0|0|0|0|0
S|OBMAR|13981533|100065178| |TF|0|0|0|0|0|0|0|0|0|0|0|0|0
S|PASTO|14001250|99501928| |TF|0|0|0|0|0|0|0|0|0|0|0|0|0

P|REGO1B|03L|REGOS|0|7
S|LIBRA|13963708|100633439|BKK|CF|0|2900|470|2840|250|210|0|0|0|1|0|0|0
S|DM032|14063375|100524392| |DF|0|0|0|0|0|0|2|6000|0|0|0|0|0
S|BLUES|14018075|100382639| |TF|0|0|0|0|0|0|0|0|0|0|0|0|0
S|RUMBA|13760269|100228633| |TF|0|0|0|0|0|0|1|13000|0|0|0|0|0
S|SAMBA|13384072|100680033| |TF|0|0|0|0|0|0|0|0|0|0|0|0|0
S|KASNI|13080603|100678300| |TF|0|0|0|0|0|0|0|0|0|0|0|0|0
S|REGOS|12001806|100581750| |TF|0|0|0|0|0|0|0|0|0|0|0|0|0

P|REGO1D|03R|REGOS|0|7
S|RIVER|13961992|100636633|BKK|CF|0|2900|470|3100|250|210|0|0|0|1|0|0|0
S|DM032|14063375|100524392| |DF|0|0|0|0|0|0|2|6000|0|0|0|0|0
S|BLUES|14018075|100382639| |TF|0|0|0|0|0|0|0|0|0|0|0|0|0
S|RUMBA|13760269|100228633| |TF|0|0|0|0|0|0|1|13000|0|0|0|0|0
S|SAMBA|13384072|100680033| |TF|0|0|0|0|0|0|0|0|0|0|0|0|0
S|KASNI|13080603|100678300| |TF|0|0|0|0|0|0|0|0|0|0|0|0|0
S|REGOS|12001806|100581750| |TF|0|0|0|0|0|0|0|0|0|0|0|0|0

P|REGO3A|21R|REGOS|0|9
S|DE21R|13897011|100595939| |DF|0|0|0|0|0|0|0|0|0|1|0|0|0
S| |91000000|181000000| |CA|0|20900|0|0|0|200|1|1500|0|0|0|0|0
S|BD201|13840461|100482189| |DF|0|0|0|0|0|0|0|0|0|0|0|0|0
S|BD202|13780617|100417508| |TF|0|0|0|0|0|0|3|8000|5000|0|0|0|0
S|BD203|13637436|100431019| |TF|0|0|0|0|0|0|0|0|0|0|0|0|0
S|BAXUS|13556744|100438633| |TF|0|0|0|0|0|0|0|0|0|0|0|0|0
S|SAMBA|13384072|100680033| |TF|0|0|0|0|0|0|3|18000|16000|0|0|0|0
S|KASNI|13080603|100678300| |TF|0|0|0|0|0|0|0|0|0|0|0|0|0
S|REGOS|12001806|100581750| |TF|0|0|0|0|0|0|0|0|0|0|0|0|0

P|REGO3C|21L|REGOS|0|9
S|DE21L|13899569|100601528| |DF|0|0|0|0|0|0|0|0|0|1|0|0|0
S| |91000000|181000000| |CA|0|20900|0|0|0|200|1|1500|0|0|0|0|0
S|BD201|13840461|100482189| |DF|0|0|0|0|0|0|0|0|0|0|0|0|0
S|BD202|13780617|100417508| |TF|0|0|0|0|0|0|3|8000|5000|0|0|0|0
S|BD203|13637436|100431019| |TF|0|0|0|0|0|0|0|0|0|0|0|0|0
S|BAXUS|13556744|100438633| |TF|0|0|0|0|0|0|0|0|0|0|0|0|0
S|SAMBA|13384072|100680033| |TF|0|0|0|0|0|0|3|18000|16000|0|0|0|0
S|KASNI|13080603|100678300| |TF|0|0|0|0|0|0|0|0|0|0|0|0|0
S|REGOS|12001806|100581750| |TF|0|0|0|0|0|0|0|0|0|0|0|0|0

P|ROBK1B|03L|ROBKA|0|4
S|LIBRA|13963708|100633439|BKK|CF|0|2900|470|2840|250|210|0|0|0|1|0|0|0
S|DM030|14095178|100699644| |DF|0|0|0|0|0|0|2|5000|0|0|0|0|0
S|DM031|14065956|101097722| |TF|0|0|0|0|0|0|2|8000|0|0|0|0|0
S|ROBKA|14178597|101418875| |TF|0|0|0|0|0|0|0|0|0|0|0|0|0

P|ROBK1D|03R|ROBKA|0|4
S|RIVER|13961992|100636633|BKK|CF|0|2900|470|3100|250|210|0|0|0|1|0|0|0
S|DM030|14095178|100699644| |DF|0|0|0|0|0|0|2|5000|0|0|0|0|0
S|DM031|14065956|101097722| |TF|0|0|0|0|0|0|2|8000|0|0|0|0|0
S|ROBKA|14178597|101418875| |TF|0|0|0|0|0|0|0|0|0|0|0|0|0

P|ROBK3A|21R|ROBKA|0|9
S|DE21R|13897011|100595939| |DF|0|0|0|0|0|0|0|0|0|1|0|0|0
S| |91000000|181000000| |CA|0|20900|0|0|0|200|1|1500|0|0|0|0|0
S|BD201|13840461|100482189| |DF|0|0|0|0|0|0|0|0|0|0|0|0|0
S|BD202|13780617|100417508| |TF|0|0|0|0|0|0|3|8000|5000|0|0|0|0
S|BD203|13637436|100431019| |TF|0|0|0|0|0|0|0|0|0|0|0|0|0
S|MATLO|13612106|100573636| |TF|0|0|0|0|0|0|1|11000|0|0|0|0|0
S|BD204|13669189|100965417| |TF|0|0|0|0|0|0|0|0|0|0|0|0|0
S|BD205|13901411|101263789| |TF|0|0|0|0|0|0|0|0|0|0|0|0|0
S|ROBKA|14178597|101418875| |TF|0|0|0|0|0|0|0|0|0|0|0|0|0

P|ROBK3C|21L|ROBKA|0|9
S|DE21L|13899569|100601528| |DF|0|0|0|0|0|0|0|0|0|1|0|0|0
S| |91000000|181000000| |CA|0|20900|0|0|0|200|1|1500|0|0|0|0|0
S|BD201|13840461|100482189| |DF|0|0|0|0|0|0|0|0|0|0|0|0|0
S|BD202|13780617|100417508| |TF|0|0|0|0|0|0|3|8000|5000|0|0|0|0
S|BD203|13637436|100431019| |TF|0|0|0|0|0|0|0|0|0|0|0|0|0
S|MATLO|13612106|100573636| |TF|0|0|0|0|0|0|1|11000|0|0|0|0|0
S|BD204|13669189|100965417| |TF|0|0|0|0|0|0|0|0|0|0|0|0|0
S|BD205|13901411|101263789| |TF|0|0|0|0|0|0|0|0|0|0|0|0|0
S|ROBKA|14178597|101418875| |TF|0|0|0|0|0|0|0|0|0|0|0|0|0

P|RYN1B|03L|RYN|0|7
S|LIBRA|13963708|100633439|BKK|CF|0|2900|470|2840|250|210|0|0|0|1|0|0|0
S|DM032|14063375|100524392| |DF|0|0|0|0|0|0|2|6000|0|0|0|0|0
S|BLUES|14018075|100382639| |TF|0|0|0|0|0|0|0|0|0|0|0|0|0
S|RUMBA|13760269|100228633| |TF|0|0|0|0|0|0|1|13000|0|0|0|0|0
S|VIOLA|13642306|100645983| |TF|1|0|0|0|0|0|0|0|0|0|0|0|0
S|MEZZO|13526050|101054558| |TF|0|0|0|0|0|0|0|0|0|0|0|0|0
S|RYN|12778639|101676444| |TF|0|0|0|0|0|0|0|0|0|0|0|0|0

P|RYN1D|03R|RYN|0|7
S|RIVER|13961992|100636633|BKK|CF|0|2900|470|3100|250|210|0|0|0|1|0|0|0
S|DM032|14063375|100524392| |DF|0|0|0|0|0|0|2|6000|0|0|0|0|0
S|BLUES|14018075|100382639| |TF|0|0|0|0|0|0|0|0|0|0|0|0|0
S|RUMBA|13760269|100228633| |TF|0|0|0|0|0|0|1|13000|0|0|0|0|0
S|VIOLA|13642306|100645983| |TF|1|0|0|0|0|0|0|0|0|0|0|0|0
S|MEZZO|13526050|101054558| |TF|0|0|0|0|0|0|0|0|0|0|0|0|0
S|RYN|12778639|101676444| |TF|0|0|0|0|0|0|0|0|0|0|0|0|0

P|RYN3A|21R|RYN|0|8
S|DE21R|13897011|100595939| |DF|0|0|0|0|0|0|0|0|0|1|0|0|0
S| |91000000|181000000| |CA|0|20900|0|0|0|200|1|1500|0|0|0|0|0
S|BD201|13840461|100482189| |DF|0|0|0|0|0|0|0|0|0|0|0|0|0
S|BD202|13780617|100417508| |TF|0|0|0|0|0|0|3|8000|5000|0|0|0|0
S|BD203|13637436|100431019| |TF|0|0|0|0|0|0|0|0|0|0|0|0|0
S|MATLO|13612106|100573636| |TF|0|0|0|0|0|0|1|11000|0|0|0|0|0
S|MEZZO|13526050|101054558| |TF|0|0|0|0|0|0|0|0|0|0|0|0|0
S|RYN|12778639|101676444| |TF|0|0|0|0|0|0|0|0|0|0|0|0|0

P|RYN3C|21L|RYN|0|8
S|DE21L|13899569|100601528| |DF|0|0|0|0|0|0|0|0|0|1|0|0|0
S| |91000000|181000000| |CA|0|20900|0|0|0|200|1|1500|0|0|0|0|0
S|BD201|13840461|100482189| |DF|0|0|0|0|0|0|0|0|0|0|0|0|0
S|BD202|13780617|100417508| |TF|0|0|0|0|0|0|3|8000|5000|0|0|0|0
S|BD203|13637436|100431019| |TF|0|0|0|0|0|0|0|0|0|0|0|0|0
S|MATLO|13612106|100573636| |TF|0|0|0|0|0|0|1|11000|0|0|0|0|0
S|MEZZO|13526050|101054558| |TF|0|0|0|0|0|0|0|0|0|0|0|0|0
S|RYN|12778639|101676444| |TF|0|0|0|0|0|0|0|0|0|0|0|0|0

P|SABI2B|03L|SABIS|0|7
S|LIBRA|13963708|100633439|BKK|CF|0|2900|470|2840|250|210|0|0|0|1|0|0|0
S|DM032|14063375|100524392| |DF|0|0|0|0|0|0|2|6000|0|0|0|0|0
S|BLUES|14018075|100382639| |TF|0|0|0|0|0|0|0|0|0|0|0|0|0
S|RUMBA|13760269|100228633| |TF|0|0|0|0|0|0|1|13000|0|0|0|0|0
S|CORUS|13701508|100193592| |TF|0|0|0|0|0|0|0|0|0|0|0|0|0
S|SALMA|13241358|100191311| |TF|0|0|0|0|0|0|0|0|0|0|0|0|0
S|SABIS|12999592|100190147| |TF|0|0|0|0|0|0|0|0|0|0|0|0|0

P|SABI2D|03R|SABIS|0|7
S|RIVER|13961992|100636633|BKK|CF|0|2900|470|3100|250|210|0|0|0|1|0|0|0
S|DM032|14063375|100524392| |DF|0|0|0|0|0|0|2|6000|0|0|0|0|0
S|BLUES|14018075|100382639| |TF|0|0|0|0|0|0|0|0|0|0|0|0|0
S|RUMBA|13760269|100228633| |TF|0|0|0|0|0|0|1|13000|0|0|0|0|0
S|CORUS|13701508|100193592| |TF|0|0|0|0|0|0|0|0|0|0|0|0|0
S|SALMA|13241358|100191311| |TF|0|0|0|0|0|0|0|0|0|0|0|0|0
S|SABIS|12999592|100190147| |TF|0|0|0|0|0|0|0|0|0|0|0|0|0

P|SABI3A|21R|SABIS|0|8
S|DE21R|13897011|100595939| |DF|0|0|0|0|0|0|0|0|0|1|0|0|0
S| |91000000|181000000| |CA|0|20900|0|0|0|200|1|1500|0|0|0|0|0
S|INTOS|13971819|100329756| |DF|2|0|0|0|0|0|2|8000|0|0|0|0|0
S|OBMAR|13981533|100065178| |TF|0|0|0|0|0|0|3|15000|13000|0|0|0|0
S|BD206|13910997|100014156| |TF|0|0|0|0|0|270|0|0|0|0|0|0|0
S|POTEP|13698400|100080797| |TF|0|0|0|0|0|0|0|0|0|0|0|0|0
S|TUPKA|13339514|100193044| |TF|0|0|0|0|0|0|0|0|0|0|0|0|0
S|SABIS|12999592|100190147| |TF|0|0|0|0|0|0|0|0|0|0|0|0|0

P|SABI3C|21L|SABIS|0|8
S|DE21L|13899569|100601528| |DF|0|0|0|0|0|0|0|0|0|1|0|0|0
S| |91000000|181000000| |CA|0|20900|0|0|0|200|1|1500|0|0|0|0|0
S|INTOS|13971819|100329756| |DF|2|0|0|0|0|0|2|8000|0|0|0|0|0
S|OBMAR|13981533|100065178| |TF|0|0|0|0|0|0|3|15000|13000|0|0|0|0
S|BD206|13910997|100014156| |TF|0|0|0|0|0|270|0|0|0|0|0|0|0
S|POTEP|13698400|100080797| |TF|0|0|0|0|0|0|0|0|0|0|0|0|0
S|TUPKA|13339514|100193044| |TF|0|0|0|0|0|0|0|0|0|0|0|0|0
S|SABIS|12999592|100190147| |TF|0|0|0|0|0|0|0|0|0|0|0|0|0

P|SEMB2B|03L|SEMBO|0|6
S|LIBRA|13963708|100633439|BKK|CF|0|2900|470|2840|250|210|0|0|0|1|0|0|0
S|DM032|14063375|100524392| |DF|0|0|0|0|0|0|2|6000|0|0|0|0|0
S|DANCY|14217639|100307889| |TF|0|0|0|0|0|0|2|9000|0|0|0|0|0
S|DISCO|14470997|100271456| |TF|0|0|0|0|0|0|2|13000|0|0|0|0|0
S|RIVDU|14709908|100338492| |TF|0|0|0|0|0|0|0|0|0|0|0|0|0
S|SEMBO|14899767|100263311| |TF|0|0|0|0|0|0|0|0|0|0|0|0|0

P|SEMB2D|03R|SEMBO|0|6
S|RIVER|13961992|100636633|BKK|CF|0|2900|470|3100|250|210|0|0|0|1|0|0|0
S|DM032|14063375|100524392| |DF|0|0|0|0|0|0|2|6000|0|0|0|0|0
S|DANCY|14217639|100307889| |TF|0|0|0|0|0|0|2|9000|0|0|0|0|0
S|DISCO|14470997|100271456| |TF|0|0|0|0|0|0|2|13000|0|0|0|0|0
S|RIVDU|14709908|100338492| |TF|0|0|0|0|0|0|0|0|0|0|0|0|0
S|SEMBO|14899767|100263311| |TF|0|0|0|0|0|0|0|0|0|0|0|0|0

P|SEMB4A|21R|SEMBO|0|7
S|DE21R|13897011|100595939| |DF|0|0|0|0|0|0|0|0|0|1|0|0|0
S| |91000000|181000000| |CA|0|20900|0|0|0|200|1|1500|0|0|0|0|0
S|INTOS|13971819|100329756| |DF|2|0|0|0|0|0|2|8000|0|0|0|0|0
S|BD207|14151172|100308825| |TF|0|0|0|0|0|0|1|10000|0|0|0|0|0
S|DISCO|14470997|100271456| |TF|0|0|0|0|0|0|2|13000|0|0|0|0|0
S|RIVDU|14709908|100338492| |TF|0|0|0|0|0|0|0|0|0|0|0|0|0
S|SEMBO|14899767|100263311| |TF|0|0|0|0|0|0|0|0|0|0|0|0|0

P|SEMB4C|21L|SEMBO|0|7
S|DE21L|13899569|100601528| |DF|0|0|0|0|0|0|0|0|0|1|0|0|0
S| |91000000|181000000| |CA|0|20900|0|0|0|200|1|1500|0|0|0|0|0
S|INTOS|13971819|100329756| |DF|2|0|0|0|0|0|2|8000|0|0|0|0|0
S|BD207|14151172|100308825| |TF|0|0|0|0|0|0|1|10000|0|0|0|0|0
S|DISCO|14470997|100271456| |TF|0|0|0|0|0|0|2|13000|0|0|0|0|0
S|RIVDU|14709908|100338492| |TF|0|0|0|0|0|0|0|0|0|0|0|0|0
S|SEMBO|14899767|100263311| |TF|0|0|0|0|0|0|0|0|0|0|0|0|0

P|TARE1B|03L|TARED|0|5
S|LIBRA|13963708|100633439|BKK|CF|0|2900|470|2840|250|210|0|0|0|1|0|0|0
S|DM032|14063375|100524392| |DF|0|0|0|0|0|0|2|6000|0|0|0|0|0
S|DM033|14090803|100275144| |TF|0|0|0|0|0|0|2|9000|0|0|0|0|0
S|TEMPO|14183581|99919992| |TF|0|0|0|0|0|0|0|0|0|0|0|0|0
S|TARED|14438756|99524686| |TF|0|0|0|0|0|0|0|0|0|0|0|0|0

P|TARE1D|03R|TARED|0|5
S|RIVER|13961992|100636633|BKK|CF|0|2900|470|3100|250|210|0|0|0|1|0|0|0
S|DM032|14063375|100524392| |DF|0|0|0|0|0|0|2|6000|0|0|0|0|0
S|DM033|14090803|100275144| |TF|0|0|0|0|0|0|2|9000|0|0|0|0|0
S|TEMPO|14183581|99919992| |TF|0|0|0|0|0|0|0|0|0|0|0|0|0
S|TARED|14438756|99524686| |TF|0|0|0|0|0|0|0|0|0|0|0|0|0

P|TARE3A|21R|TARED|0|5
S|DE21R|13897011|100595939| |DF|0|0|0|0|0|0|0|0|0|1|0|0|0
S| |91000000|181000000| |CA|0|20900|0|0|0|200|1|1500|0|0|0|0|0
S|INTOS|13971819|100329756| |DF|2|0|0|0|0|0|2|8000|0|0|0|0|0
S|TEMPO|14183581|99919992| |TF|0|0|0|0|0|0|0|0|0|0|0|0|0
S|TARED|14438756|99524686| |TF|0|0|0|0|0|0|0|0|0|0|0|0|0

P|TARE3C|21L|TARED|0|5
S|DE21L|13899569|100601528| |DF|0|0|0|0|0|0|0|0|0|1|0|0|0
S| |91000000|181000000| |CA|0|20900|0|0|0|200|1|1500|0|0|0|0|0
S|INTOS|13971819|100329756| |DF|2|0|0|0|0|0|2|8000|0|0|0|0|0
S|TEMPO|14183581|99919992| |TF|0|0|0|0|0|0|0|0|0|0|0|0|0
S|TARED|14438756|99524686| |TF|0|0|0|0|0|0|0|0|0|0|0|0|0

P|UGUV1B|03L|UGUVO|0|6
S|LIBRA|13963708|100633439|BKK|CF|0|2900|470|2840|250|210|0|0|0|1|0|0|0
S|DM032|14063375|100524392| |DF|0|0|0|0|0|0|2|6000|0|0|0|0|0
S|DANCY|14217639|100307889| |TF|0|0|0|0|0|0|2|9000|0|0|0|0|0
S|DISCO|14470997|100271456| |TF|0|0|0|0|0|0|2|13000|0|0|0|0|0
S|OLVUK|14657883|100211175| |TF|0|0|0|0|0|0|0|0|0|0|0|0|0
S|UGUVO|15143056|100194722| |TF|0|0|0|0|0|0|0|0|0|0|0|0|0

P|UGUV1D|03R|UGUVO|0|6
S|RIVER|13961992|100636633|BKK|CF|0|2900|470|3100|250|210|0|0|0|1|0|0|0
S|DM032|14063375|100524392| |DF|0|0|0|0|0|0|2|6000|0|0|0|0|0
S|DANCY|14217639|100307889| |TF|0|0|0|0|0|0|2|9000|0|0|0|0|0
S|DISCO|14470997|100271456| |TF|0|0|0|0|0|0|2|13000|0|0|0|0|0
S|OLVUK|14657883|100211175| |TF|0|0|0|0|0|0|0|0|0|0|0|0|0
S|UGUVO|15143056|100194722| |TF|0|0|0|0|0|0|0|0|0|0|0|0|0

P|UGUV3A|21R|UGUVO|0|7
S|DE21R|13897011|100595939| |DF|0|0|0|0|0|0|0|0|0|1|0|0|0
S| |91000000|181000000| |CA|0|20900|0|0|0|200|1|1500|0|0|0|0|0
S|INTOS|13971819|100329756| |DF|2|0|0|0|0|0|2|8000|0|0|0|0|0
S|BD207|14151172|100308825| |TF|0|0|0|0|0|0|1|10000|0|0|0|0|0
S|DISCO|14470997|100271456| |TF|0|0|0|0|0|0|2|13000|0|0|0|0|0
S|OLVUK|14657883|100211175| |TF|0|0|0|0|0|0|0|0|0|0|0|0|0
S|UGUVO|15143056|100194722| |TF|0|0|0|0|0|0|0|0|0|0|0|0|0

P|UGUV3C|21L|UGUVO|0|7
S|DE21L|13899569|100601528| |DF|0|0|0|0|0|0|0|0|0|1|0|0|0
S| |91000000|181000000| |CA|0|20900|0|0|0|200|1|1500|0|0|0|0|0
S|INTOS|13971819|100329756| |DF|2|0|0|0|0|0|2|8000|0|0|0|0|0
S|BD207|14151172|100308825| |TF|0|0|0|0|0|0|1|10000|0|0|0|0|0
S|DISCO|14470997|100271456| |TF|0|0|0|0|0|0|2|13000|0|0|0|0|0
S|OLVUK|14657883|100211175| |TF|0|0|0|0|0|0|0|0|0|0|0|0|0
S|UGUVO|15143056|100194722| |TF|0|0|0|0|0|0|0|0|0|0|0|0|0

P|UKER1B|03L|UKERA|0|8
S|LIBRA|13963708|100633439|BKK|CF|0|2900|470|2840|250|210|0|0|0|1|0|0|0
S|DM032|14063375|100524392| |DF|0|0|0|0|0|0|2|6000|0|0|0|0|0
S|BLUES|14018075|100382639| |TF|0|0|0|0|0|0|0|0|0|0|0|0|0
S|RUMBA|13760269|100228633| |TF|0|0|0|0|0|0|1|13000|0|0|0|0|0
S|CORUS|13701508|100193592| |TF|0|0|0|0|0|0|0|0|0|0|0|0|0
S|SALMA|13241358|100191311| |TF|0|0|0|0|0|0|0|0|0|0|0|0|0
S|SABIS|12999592|100190147| |TF|0|0|0|0|0|0|0|0|0|0|0|0|0
S|UKERA|12035347|100019331| |TF|0|0|0|0|0|0|0|0|0|0|0|0|0

P|UKER1D|03R|UKERA|0|8
S|RIVER|13961992|100636633|BKK|CF|0|2900|470|3100|250|210|0|0|0|1|0|0|0
S|DM032|14063375|100524392| |DF|0|0|0|0|0|0|2|6000|0|0|0|0|0
S|BLUES|14018075|100382639| |TF|0|0|0|0|0|0|0|0|0|0|0|0|0
S|RUMBA|13760269|100228633| |TF|0|0|0|0|0|0|1|13000|0|0|0|0|0
S|CORUS|13701508|100193592| |TF|0|0|0|0|0|0|0|0|0|0|0|0|0
S|SALMA|13241358|100191311| |TF|0|0|0|0|0|0|0|0|0|0|0|0|0
S|SABIS|12999592|100190147| |TF|0|0|0|0|0|0|0|0|0|0|0|0|0
S|UKERA|12035347|100019331| |TF|0|0|0|0|0|0|0|0|0|0|0|0|0

P|UKER3A|21R|UKERA|0|9
S|DE21R|13897011|100595939| |DF|0|0|0|0|0|0|0|0|0|1|0|0|0
S| |91000000|181000000| |CA|0|20900|0|0|0|200|1|1500|0|0|0|0|0
S|INTOS|13971819|100329756| |DF|2|0|0|0|0|0|2|8000|0|0|0|0|0
S|OBMAR|13981533|100065178| |TF|0|0|0|0|0|0|3|15000|13000|0|0|0|0
S|BD206|13910997|100014156| |TF|0|0|0|0|0|270|0|0|0|0|0|0|0
S|POTEP|13698400|100080797| |TF|0|0|0|0|0|0|0|0|0|0|0|0|0
S|TUPKA|13339514|100193044| |TF|0|0|0|0|0|0|0|0|0|0|0|0|0
S|SABIS|12999592|100190147| |TF|0|0|0|0|0|0|0|0|0|0|0|0|0
S|UKERA|12035347|100019331| |TF|0|0|0|0|0|0|0|0|0|0|0|0|0

P|UKER3C|21L|UKERA|0|9
S|DE21L|13899569|100601528| |DF|0|0|0|0|0|0|0|0|0|1|0|0|0
S| |91000000|181000000| |CA|0|20900|0|0|0|200|1|1500|0|0|0|0|0
S|INTOS|13971819|100329756| |DF|2|0|0|0|0|0|2|8000|0|0|0|0|0
S|OBMAR|13981533|100065178| |TF|0|0|0|0|0|0|3|15000|13000|0|0|0|0
S|BD206|13910997|100014156| |TF|0|0|0|0|0|270|0|0|0|0|0|0|0
S|POTEP|13698400|100080797| |TF|0|0|0|0|0|0|0|0|0|0|0|0|0
S|TUPKA|13339514|100193044| |TF|0|0|0|0|0|0|0|0|0|0|0|0|0
S|SABIS|12999592|100190147| |TF|0|0|0|0|0|0|0|0|0|0|0|0|0
S|UKERA|12035347|100019331| |TF|0|0|0|0|0|0|0|0|0|0|0|0|0

P|UPKU1B|03L|UPKUP|0|4
S|LIBRA|13963708|100633439|BKK|CF|0|2900|470|2840|250|210|0|0|0|1|0|0|0
S|DM030|14095178|100699644| |DF|0|0|0|0|0|0|2|5000|0|0|0|0|0
S|DM031|14065956|101097722| |TF|0|0|0|0|0|0|2|8000|0|0|0|0|0
S|UPKUP|14064625|101448567| |TF|0|0|0|0|0|0|0|0|0|0|0|0|0

P|UPKU1D|03R|UPKUP|0|4
S|RIVER|13961992|100636633|BKK|CF|0|2900|470|3100|250|210|0|0|0|1|0|0|0
S|DM030|14095178|100699644| |DF|0|0|0|0|0|0|2|5000|0|0|0|0|0
S|DM031|14065956|101097722| |TF|0|0|0|0|0|0|2|8000|0|0|0|0|0
S|UPKUP|14064625|101448567| |TF|0|0|0|0|0|0|0|0|0|0|0|0|0

P|UPKU3A|21R|UPKUP|0|9
S|DE21R|13897011|100595939| |DF|0|0|0|0|0|0|0|0|0|1|0|0|0
S| |91000000|181000000| |CA|0|20900|0|0|0|200|1|1500|0|0|0|0|0
S|BD201|13840461|100482189| |DF|0|0|0|0|0|0|0|0|0|0|0|0|0
S|BD202|13780617|100417508| |TF|0|0|0|0|0|0|3|8000|5000|0|0|0|0
S|BD203|13637436|100431019| |TF|0|0|0|0|0|0|0|0|0|0|0|0|0
S|MATLO|13612106|100573636| |TF|0|0|0|0|0|0|1|11000|0|0|0|0|0
S|BD204|13669189|100965417| |TF|0|0|0|0|0|0|0|0|0|0|0|0|0
S|BD205|13901411|101263789| |TF|0|0|0|0|0|0|0|0|0|0|0|0|0
S|UPKUP|14064625|101448567| |TF|0|0|0|0|0|0|0|0|0|0|0|0|0

P|UPKU3C|21L|UPKUP|0|9
S|DE21L|13899569|100601528| |DF|0|0|0|0|0|0|0|0|0|1|0|0|0
S| |91000000|181000000| |CA|0|20900|0|0|0|200|1|1500|0|0|0|0|0
S|BD201|13840461|100482189| |DF|0|0|0|0|0|0|0|0|0|0|0|0|0
S|BD202|13780617|100417508| |TF|0|0|0|0|0|0|3|8000|5000|0|0|0|0
S|BD203|13637436|100431019| |TF|0|0|0|0|0|0|0|0|0|0|0|0|0
S|MATLO|13612106|100573636| |TF|0|0|0|0|0|0|1|11000|0|0|0|0|0
S|BD204|13669189|100965417| |TF|0|0|0|0|0|0|0|0|0|0|0|0|0
S|BD205|13901411|101263789| |TF|0|0|0|0|0|0|0|0|0|0|0|0|0
S|UPKUP|14064625|101448567| |TF|0|0|0|0|0|0|0|0|0|0|0|0|0

