P|IGNA1C|36|IGNAX|0|5
S|MEBGO|18354953|99497131|LPN|CF|0|35600|470|35740|460|200|1|2500|0|0|0|0|0
S|PEDKA|18367144|99724628| |TF|0|0|0|0|0|200|1|7000|0|0|0|0|0
S|BIXEB|18225553|99741608| |TF|0|0|0|0|0|230|1|9000|0|0|0|0|0
S|IGNUM|18005394|99645536| |TF|0|0|0|0|0|0|1|11000|0|0|0|0|0
S|IGNAX|17862086|99560958| |TF|0|0|0|0|0|0|1|11000|0|0|0|0|0

P|IGNA1D|18|IGNAX|0|3
S|UNVOT|18096422|99518761|LPN|CF|0|17600|1080|17600|1000|210|1|4000|0|0|0|0|0
S|VEPUT|17984783|99528086| |TF|0|0|0|0|0|0|1|6000|0|0|0|0|0
S|IGNAX|17862086|99560958| |TF|0|0|0|0|0|0|2|8000|0|0|0|0|0

P|KABM1C|36|KABMU|0|2
S|MEBGO|18354953|99497131|LPN|CF|0|35600|470|35740|460|200|1|2500|0|0|0|0|0
S|KABMU|18460717|99546403| |TF|0|0|0|0|0|0|2|7000|0|0|0|0|0

P|KABM1D|18|KABMU|0|4
S|UNVOT|18096422|99518761|LPN|CF|0|17600|1080|17600|1000|210|1|4000|0|0|0|0|0
S|KAGNU|18116617|99782642| |TF|0|0|0|0|0|230|0|6000|0|0|0|0|0
S|CL172|18346567|99763747| |TF|0|0|0|0|0|250|1|8000|0|0|0|0|0
S|KABMU|18460717|99546403| |TF|0|0|0|0|0|0|1|11000|0|0|0|0|0

P|OMDI1C|36|OMDIL|0|4
S|MEBGO|18354953|99497131|LPN|CF|0|35600|470|35740|460|200|1|2500|0|0|0|0|0
S|PEDKA|18367144|99724628| |TF|0|0|0|0|0|200|1|7000|0|0|0|0|0
S|BIXEB|18225553|99741608| |TF|0|0|0|0|0|230|1|9000|0|0|0|0|0
S|OMDIL|18185211|99929508| |TF|0|0|0|0|0|0|1|11000|0|0|0|0|0

P|OMDI1D|18|OMDIL|0|3
S|UNVOT|18096422|99518761|LPN|CF|0|17600|1080|17600|1000|210|1|4000|0|0|0|0|0
S|KAGNU|18116617|99782642| |TF|0|0|0|0|0|230|0|6000|0|0|0|0|0
S|OMDIL|18185211|99929508| |TF|0|0|0|0|0|0|2|8000|0|0|0|0|0

P|OMNI|18| |0|3
S|DER18|18262314|99504883| |DF|0|0|0|0|0|0|0|0|0|1|0|0|0
S| |91000000|181000000| |VA|0|17600|0|0|0|0|1|2500|0|0|0|0|0
S| |91000000|181000000| |VM|0|17600|0|0|0|0|0|0|0|0|0|0|0

P|OTBA1C|36|OTBAD|0|3
S|MEBGO|18354953|99497131|LPN|CF|0|35600|470|35740|460|200|1|2500|0|0|0|0|0
S|PEDKA|18367144|99724628| |TF|0|0|0|0|0|200|1|7000|0|0|0|0|0
S|OTBAD|18253936|99939533| |TF|0|0|0|0|0|0|1|11000|0|0|0|0|0

P|OTBA1D|18|OTBAD|0|3
S|UNVOT|18096422|99518761|LPN|CF|0|17600|1080|17600|1000|210|1|4000|0|0|0|0|0
S|KAGNU|18116617|99782642| |TF|0|0|0|0|0|230|0|6000|0|0|0|0|0
S|OTBAD|18253936|99939533| |TF|0|0|0|0|0|0|2|8000|0|0|0|0|0

P|PANT1D|18|PANTA|0|3
S|UNVOT|18096422|99518761|LPN|CF|0|17600|1080|17600|1000|210|1|4000|0|0|0|0|0
S|RUSKU|18047822|99438353| |TF|0|0|0|0|0|210|1|5000|0|0|0|0|0
S|PANTA|18230881|99321403| |TF|0|0|0|0|0|210|2|8000|0|0|0|0|0

P|VENA1C|36|VENAG|0|5
S|MEBGO|18354953|99497131|LPN|CF|0|35600|470|35740|460|200|1|2500|0|0|0|0|0
S|PEDKA|18367144|99724628| |TF|0|0|0|0|0|200|1|7000|0|0|0|0|0
S|BIXEB|18225553|99741608| |TF|0|0|0|0|0|230|1|9000|0|0|0|0|0
S|IGNUM|18005394|99645536| |TF|0|0|0|0|0|0|1|11000|0|0|0|0|0
S|VENAG|17903164|99699383| |TF|0|0|0|0|0|0|1|11000|0|0|0|0|0

P|VENA1D|18|VENAG|0|3
S|UNVOT|18096422|99518761|LPN|CF|0|17600|1080|17600|1000|210|1|4000|0|0|0|0|0
S|VEPUT|17984783|99528086| |TF|0|0|0|0|0|0|1|6000|0|0|0|0|0
S|VENAG|17903164|99699383| |TF|0|0|0|0|0|0|2|8000|0|0|0|0|0

