P|ADLA1C|22|ADLAL|0|4
S|VEMIX|9080792|99084947|NKS|CF|0|22500|6050|30220|350|230|0|0|0|1|0|0|0
S|LUTBA|8999117|99169525| |DF|1|0|0|0|0|0|0|0|0|0|0|0|0
S|SB210|9144950|99312139| |TF|0|0|0|0|0|0|1|8000|0|0|0|0|0
S|ADLAL|9302778|99518461| |TF|0|0|0|0|0|0|1|11000|0|0|0|0|0

P|ADLA1D|04|ADLAL|0|2
S|UPDUL|9184408|99186239|NKS|CF|0|4500|5930|31040|350|230|0|0|0|1|0|0|0
S|ADLAL|9302778|99518461| |DF|0|0|0|0|0|0|2|8000|0|0|0|0|0

P|EMVE1C|22|EMVEL|0|2
S|VEMIX|9080792|99084947|NKS|CF|0|22500|6050|30220|350|230|0|0|0|1|0|0|0
S|EMVEL|8743772|99356019| |DF|0|0|0|0|0|0|2|10000|0|0|0|0|0

P|EMVE1D|04|EMVEL|0|3
S|UPDUL|9184408|99186239|NKS|CF|0|4500|5930|31040|350|230|0|0|0|1|0|0|0
S|OSIMO|9008542|99368358| |DF|2|0|0|0|0|0|2|7000|0|0|0|0|0
S|EMVEL|8743772|99356019| |TF|0|0|0|0|0|0|2|8000|0|0|0|0|0

P|IDNA1C|22|IDNAR|0|2
S|VEMIX|9080792|99084947|NKS|CF|0|22500|6050|30220|350|230|0|0|0|1|0|0|0
S|IDNAR|8728814|99256619| |DF|0|0|0|0|0|0|2|10000|0|0|0|0|0

P|IDNA1D|04|IDNAR|0|3
S|UPDUL|9184408|99186239|NKS|CF|0|4500|5930|31040|350|230|0|0|0|1|0|0|0
S|OSIMO|9008542|99368358| |DF|2|0|0|0|0|0|2|7000|0|0|0|0|0
S|IDNAR|8728814|99256619| |TF|0|0|0|0|0|0|2|8000|0|0|0|0|0

P|LAMU1C|22|LAMUL|0|2
S|VEMIX|9080792|99084947|NKS|CF|0|22500|6050|30220|350|230|0|0|0|1|0|0|0
S|LAMUL|8804867|98868933| |DF|0|0|0|0|0|0|2|10000|0|0|0|0|0

P|LAMU1D|04|LAMUL|0|5
S|UPDUL|9184408|99186239|NKS|CF|0|4500|5930|31040|350|230|0|0|0|1|0|0|0
S|ISMOM|9266083|99101622| |DF|1|0|0|0|0|0|0|0|0|0|0|0|0
S|SB414|9114017|98999994| |TF|0|0|0|0|0|0|1|8000|0|0|0|0|0
S|SB415|8926100|98920303| |TF|0|0|0|0|0|0|1|11000|0|0|0|0|0
S|LAMUL|8804867|98868933| |TF|0|0|0|0|0|0|1|11000|0|0|0|0|0

P|NIXE1C|22|NIXET|0|4
S|VEMIX|9080792|99084947|NKS|CF|0|22500|6050|30220|350|230|0|0|0|1|0|0|0
S|LUTBA|8999117|99169525| |DF|1|0|0|0|0|0|0|0|0|0|0|0|0
S|SB210|9144950|99312139| |TF|0|0|0|0|0|0|1|8000|0|0|0|0|0
S|NIXET|9421419|99437014| |TF|0|0|0|0|0|0|0|0|0|0|0|0|0

P|NIXE1D|04|NIXET|0|2
S|UPDUL|9184408|99186239|NKS|CF|0|4500|5930|31040|350|230|0|0|0|1|0|0|0
S|NIXET|9421419|99437014| |DF|0|0|0|0|0|0|0|0|0|0|0|0|0

P|NIXE1X|22|NIXET|0|5
S|VEMIX|9080792|99084947|NKS|CF|0|22500|6050|30220|350|230|0|0|0|1|0|0|0
S|REPEL|9162444|99000336| |DF|2|0|0|0|0|0|0|0|0|0|0|0|0
S|SB208|9246536|99082514| |TF|0|0|0|0|0|0|0|0|0|0|0|0|0
S|SB209|9289428|99169442| |TF|0|0|0|0|0|0|1|8000|0|0|0|0|0
S|NIXET|9421419|99437014| |TF|0|0|0|0|0|0|0|0|0|0|0|0|0

P|OMNI|04| |0|3
S|DER04|9142375|99145139| |DF|0|0|0|0|0|0|0|0|0|1|0|0|0
S| |91000000|181000000| |VA|0|4500|0|0|0|0|1|1500|0|0|0|0|0
S| |91000000|181000000| |VM|0|4500|0|0|0|0|0|0|0|0|0|0|0

P|SEGR1C|22|SEGRA|0|3
S|VEMIX|9080792|99084947|NKS|CF|0|22500|6050|30220|350|230|0|0|0|1|0|0|0
S|LUTBA|8999117|99169525| |DF|1|0|0|0|0|0|0|0|0|0|0|0|0
S|SEGRA|8883394|99475364| |TF|0|0|0|0|0|0|2|9000|0|0|0|0|0

P|SEGR1D|04|SEGRA|0|3
S|UPDUL|9184408|99186239|NKS|CF|0|4500|5930|31040|350|230|0|0|0|1|0|0|0
S|OSIMO|9008542|99368358| |DF|2|0|0|0|0|0|2|7000|0|0|0|0|0
S|SEGRA|8883394|99475364| |TF|0|0|0|0|0|0|2|9000|0|0|0|0|0

P|TAVA1C|22|TAVAT|0|2
S|VEMIX|9080792|99084947|NKS|CF|0|22500|6050|30220|350|230|0|0|0|1|0|0|0
S|TAVAT|8715719|99070978| |DF|0|0|0|0|0|0|2|10000|0|0|0|0|0

P|TAVA1D|04|TAVAT|0|5
S|UPDUL|9184408|99186239|NKS|CF|0|4500|5930|31040|350|230|0|0|0|1|0|0|0
S|ISMOM|9266083|99101622| |DF|1|0|0|0|0|0|0|0|0|0|0|0|0
S|SB414|9114017|98999994| |TF|0|0|0|0|0|0|1|8000|0|0|0|0|0
S|SB416|8913214|99035803| |TF|0|0|0|0|0|0|1|11000|0|0|0|0|0
S|TAVAT|8715719|99070978| |TF|0|0|0|0|0|0|1|11000|0|0|0|0|0

P|TOGI1C|22|TOGIM|0|3
S|VEMIX|9080792|99084947|NKS|CF|0|22500|6050|30220|350|230|0|0|0|1|0|0|0
S|SB207|9315925|98918544| |DF|2|0|0|0|0|0|1|8000|0|0|0|0|0
S|TOGIM|9449722|98863333| |TF|0|0|0|0|0|0|0|0|0|0|0|0|0

P|TOGI1D|04|TOGIM|0|2
S|UPDUL|9184408|99186239|NKS|CF|0|4500|5930|31040|350|230|0|0|0|1|0|0|0
S|TOGIM|9449722|98863333| |DF|1|0|0|0|0|0|2|7000|0|0|0|0|0

