P|DORN1A|17|DORNA|0|4
S| |91000000|181000000| |CA|0|17500|0|0|0|0|1|570|0|0|0|0|0
S|TEMUX|9462575|100092703|SMU|CF|0|16000|540|16000|500|210|1|2000|0|0|0|0|0
S|DOTOG|9400208|99924986| |TF|0|0|0|0|0|0|1|6000|0|0|0|0|0
S|DORNA|9416306|99770583| |TF|0|0|0|0|0|0|0|0|0|0|0|0|0

P|ENRA1A|17|ENRAG|0|7
S| |91000000|181000000| |CA|0|17500|0|0|0|0|1|570|0|0|0|0|0
S|TEMUX|9462575|100092703|SMU|CF|0|16000|540|16000|500|210|1|2000|0|0|0|0|0
S|UNRUB|9462567|100179864| |TF|0|0|0|0|0|210|1|4000|0|0|0|0|0
S|VETUL|9549678|100194064| |TF|0|0|0|0|0|210|1|6000|0|0|0|0|0
S|SM192|9633383|100192464| |TF|0|0|0|0|0|0|1|8000|0|0|0|0|0
S|TOSUB|9734956|100190522| |TF|0|0|0|0|0|0|1|8000|0|0|0|0|0
S|ENRAG|10039808|100158631| |TF|0|0|0|0|0|0|0|0|0|0|0|0|0

P|ENRA1B|35|ENRAG|0|4
S| |91000000|181000000| |CA|0|35500|0|0|0|0|1|800|0|0|0|0|0
S|VEBGA|9668989|100085686| |DF|0|0|0|0|0|210|1|2200|0|0|0|0|0
S|TOREK|9875467|100126283| |TF|0|0|0|0|0|0|2|5000|0|0|0|0|0
S|ENRAG|10039808|100158631| |TF|0|0|0|0|0|0|2|10000|0|0|0|0|0

P|MESE1A|17|MESEM|0|4
S| |91000000|181000000| |CA|0|17500|0|0|0|0|1|570|0|0|0|0|0
S|TEMUX|9462575|100092703|SMU|CF|0|16000|540|16000|500|210|1|2000|0|0|0|0|0
S|SM193|9240506|99904656| |TF|0|0|0|0|0|0|1|9000|0|0|0|0|0
S|MESEM|9121958|99804403| |TF|0|0|0|0|0|0|0|0|0|0|0|0|0

P|MESE1B|35|MESEM|0|5
S|NUDBA|9638722|100053619|SMU|CF|0|35500|550|35500|500|210|1|1300|0|0|0|0|0
S|POPOR|9627419|99936058| |TF|0|0|0|0|0|0|1|3300|0|0|0|0|0
S|SM371|9472531|99895672| |TF|0|0|0|0|0|0|2|5000|0|0|0|0|0
S|SM372|9263950|99841347| |TF|0|0|0|0|0|0|2|5000|0|0|0|0|0
S|MESEM|9121958|99804403| |TF|0|0|0|0|0|0|2|7000|0|0|0|0|0

P|OLBA1A|17|OLBAG|0|7
S| |91000000|181000000| |CA|0|17500|0|0|0|0|1|570|0|0|0|0|0
S|TEMUX|9462575|100092703|SMU|CF|0|16000|540|16000|500|210|1|2000|0|0|0|0|0
S|UNRUB|9462567|100179864| |TF|0|0|0|0|0|210|1|4000|0|0|0|0|0
S|VETUL|9549678|100194064| |TF|0|0|0|0|0|210|1|6000|0|0|0|0|0
S|SM192|9633383|100192464| |TF|0|0|0|0|0|0|1|8000|0|0|0|0|0
S|TOSUB|9734956|100190522| |TF|0|0|0|0|0|0|1|8000|0|0|0|0|0
S|OLBAG|9980378|100314514| |TF|0|0|0|0|0|0|0|0|0|0|0|0|0

P|OLBA1B|35|OLBAG|0|4
S| |91000000|181000000| |CA|0|35500|0|0|0|0|1|800|0|0|0|0|0
S|VEBGA|9668989|100085686| |DF|0|0|0|0|0|210|1|2200|0|0|0|0|0
S|TOREK|9875467|100126283| |TF|0|0|0|0|0|0|2|5000|0|0|0|0|0
S|OLBAG|9980378|100314514| |TF|0|0|0|0|0|0|2|10000|0|0|0|0|0

P|OMNI|17| |0|3
S|DER17|9538289|100063403| |DF|0|0|0|0|0|0|0|0|0|1|0|0|0
S| |91000000|181000000| |VA|0|16000|0|0|0|0|1|3000|0|0|0|0|0
S| |91000000|181000000| |VM|0|16000|0|0|0|0|0|0|0|0|0|0|0

P|OMNI|35| |0|3
S|DER35|9557183|100061564| |DF|0|0|0|0|0|0|0|0|0|1|0|0|0
S| |91000000|181000000| |VA|0|35500|0|0|0|0|1|3000|0|0|0|0|0
S| |91000000|181000000| |VM|0|35500|0|0|0|0|0|0|0|0|0|0|0

P|RUMV1A|17|RUMVA|0|3
S| |91000000|181000000| |CA|0|17500|0|0|0|0|1|570|0|0|0|0|0
S|TEMUX|9462575|100092703|SMU|CF|0|16000|540|16000|500|210|1|2000|0|0|0|0|0
S|RUMVA|9288036|100266589| |TF|0|0|0|0|0|0|2|6000|0|0|0|0|0

P|RUMV1B|35|RUMVA|0|4
S| |91000000|181000000| |CA|0|35500|0|0|0|0|1|800|0|0|0|0|0
S|PUBID|9568639|100290917| |DF|2|0|0|0|0|210|0|6000|0|0|0|0|0
S|SM373|9445142|100298322| |TF|0|0|0|0|0|0|1|8000|0|0|0|0|0
S|RUMVA|9288036|100266589| |TF|0|0|0|0|0|0|0|0|0|0|0|0|0

P|UPNE1A|17|UPNEP|0|5
S| |91000000|181000000| |CA|0|17500|0|0|0|0|1|570|0|0|0|0|0
S|TEMUX|9462575|100092703|SMU|CF|0|16000|540|16000|500|210|1|2000|0|0|0|0|0
S|UNRUB|9462567|100179864| |TF|0|0|0|0|0|210|1|4000|0|0|0|0|0
S|SM191|9610192|100371794| |TF|0|0|0|0|0|0|2|6000|0|0|0|0|0
S|UPNEP|9703639|100493444| |TF|0|0|0|0|0|0|2|7000|0|0|0|0|0

P|UPNE1B|35|UPNEP|0|4
S| |91000000|181000000| |CA|0|35500|0|0|0|0|1|800|0|0|0|0|0
S|DABUT|9685681|100281400| |DF|0|0|0|0|0|210|2|6000|0|0|0|0|0
S|SM374|9694242|100382286| |TF|0|0|0|0|0|0|1|8000|0|0|0|0|0
S|UPNEP|9703639|100493444| |TF|0|0|0|0|0|0|0|0|0|0|0|0|0

