P|ANLU1A|01|ANLUR|0|4
S|UGARI|17544319|101755272|LOY|CF|0|1800|610|1860|600|210|1|3000|0|0|0|0|0
S|ELDUS|17578239|101638392| |TF|0|0|0|0|0|230|1|5000|0|0|0|0|0
S|KHOTO|17377989|101575408| |TF|0|0|0|0|0|0|1|7000|0|0|0|0|0
S|ANLUR|17225069|101451517| |TF|0|0|0|0|0|0|1|11000|0|0|0|0|0

P|ANLU1B|19|ANLUR|0|2
S|LUMRO|17333939|101688892|LOY|CF|0|19800|700|19720|600|230|1|3000|0|0|0|0|0
S|ANLUR|17225069|101451517| |TF|0|0|0|0|0|0|0|8000|0|0|0|0|0

P|BARC1A|01|BARCE|0|4
S|UGARI|17544319|101755272|LOY|CF|0|1800|610|1860|600|210|1|3000|0|0|0|0|0
S|ELDUS|17578239|101638392| |TF|0|0|0|0|0|230|1|5000|0|0|0|0|0
S|UPMEN|17413244|101464131| |TF|0|0|0|0|0|0|1|7000|0|0|0|0|0
S|BARCE|17379089|101205222| |TF|0|0|0|0|0|0|1|11000|0|0|0|0|0

P|BARC1B|19|BARCE|0|3
S|LUMRO|17333939|101688892|LOY|CF|0|19800|700|19720|600|230|1|3000|0|0|0|0|0
S|RIBDO|17337133|101488217| |TF|0|0|0|0|0|0|0|7000|0|0|0|0|0
S|BARCE|17379089|101205222| |TF|0|0|0|0|0|0|0|0|0|0|0|0|0

P|BOVG1A|01|BOVGO|0|3
S|UGARI|17544319|101755272|LOY|CF|0|1800|610|1860|600|210|1|3000|0|0|0|0|0
S|MOCKE|17510331|101872111| |TF|0|0|0|0|0|230|1|5000|0|0|0|0|0
S|BOVGO|17127669|101826431| |TF|0|0|0|0|0|0|1|11000|0|0|0|0|0

P|BOVG1B|19|BOVGO|0|2
S|LUMRO|17333939|101688892|LOY|CF|0|19800|700|19720|600|230|1|3000|0|0|0|0|0
S|BOVGO|17127669|101826431| |TF|0|0|0|0|0|0|0|7000|0|0|0|0|0

P|DUBO1A|01|DUBOL|0|4
S|UGARI|17544319|101755272|LOY|CF|0|1800|610|1860|600|210|1|3000|0|0|0|0|0
S|ELDUS|17578239|101638392| |TF|0|0|0|0|0|230|1|5000|0|0|0|0|0
S|KHOTO|17377989|101575408| |TF|0|0|0|0|0|0|1|7000|0|0|0|0|0
S|DUBOL|17167644|101531650| |TF|0|0|0|0|0|0|1|11000|0|0|0|0|0

P|DUBO1B|19|DUBOL|0|2
S|LUMRO|17333939|101688892|LOY|CF|0|19800|700|19720|600|230|1|3000|0|0|0|0|0
S|DUBOL|17167644|101531650| |TF|0|0|0|0|0|0|0|7000|0|0|0|0|0

P|NOGA1A|01|NOGAD|0|2
S|UGARI|17544319|101755272|LOY|CF|0|1800|610|1860|600|210|1|3000|0|0|0|0|0
S|NOGAD|17642692|102005797| |TF|0|0|0|0|0|0|1|7000|0|0|0|0|0

P|NOGA1B|19|NOGAD|0|6
S|LUMRO|17333939|101688892|LOY|CF|0|19800|700|19720|600|230|1|3000|0|0|0|0|0
S|ATNIG|17300061|101805553| |TF|0|0|0|0|0|0|2|5000|0|0|0|0|0
S|UPDUN|17263539|101930708| |TF|0|0|0|0|0|250|2|7000|0|0|0|0|0
S|MENUS|17352014|101958722| |TF|0|0|0|0|0|270|1|9000|0|0|0|0|0
S|SWENI|17432058|101984092| |TF|0|0|0|0|0|0|1|9000|0|0|0|0|0
S|NOGAD|17642692|102005797| |TF|0|0|0|0|0|0|1|11000|0|0|0|0|0

P|OMNI|01| |0|3
S|DER01|17448231|101724936| |DF|0|0|0|0|0|0|0|0|0|1|0|0|0
S| |91000000|181000000| |VA|0|1700|0|0|0|0|1|3000|0|0|0|0|0
S| |91000000|181000000| |VM|0|1700|0|0|0|0|0|0|0|0|0|0|0

P|OMNI|19| |0|3
S|DER19|17430033|101719194| |DF|0|0|0|0|0|0|0|0|0|1|0|0|0
S| |91000000|181000000| |VA|0|19700|0|0|0|0|1|3000|0|0|0|0|0
S| |91000000|181000000| |VM|0|19700|0|0|0|0|0|0|0|0|0|0|0

P|RIBD1A|01|RIBDO|0|4
S|UGARI|17544319|101755272|LOY|CF|0|1800|610|1860|600|210|1|3000|0|0|0|0|0
S|ELDUS|17578239|101638392| |TF|0|0|0|0|0|230|1|5000|0|0|0|0|0
S|KHOTO|17377989|101575408| |TF|0|0|0|0|0|0|1|7000|0|0|0|0|0
S|RIBDO|17337133|101488217| |TF|0|0|0|0|0|0|1|9000|0|0|0|0|0

P|RIBD1B|19|RIBDO|0|2
S|LUMRO|17333939|101688892|LOY|CF|0|19800|700|19720|600|230|1|3000|0|0|0|0|0
S|RIBDO|17337133|101488217| |TF|0|0|0|0|0|0|0|7000|0|0|0|0|0

P|SWEN1A|01|SWENI|0|3
S|UGARI|17544319|101755272|LOY|CF|0|1800|610|1860|600|210|1|3000|0|0|0|0|0
S|MOCKE|17510331|101872111| |TF|0|0|0|0|0|230|1|5000|0|0|0|0|0
S|SWENI|17432058|101984092| |TF|0|0|0|0|0|0|1|7000|0|0|0|0|0

P|SWEN1B|19|SWENI|0|5
S|LUMRO|17333939|101688892|LOY|CF|0|19800|700|19720|600|230|1|3000|0|0|0|0|0
S|ATNIG|17300061|101805553| |TF|0|0|0|0|0|0|2|5000|0|0|0|0|0
S|UPDUN|17263539|101930708| |TF|0|0|0|0|0|250|2|7000|0|0|0|0|0
S|MENUS|17352014|101958722| |TF|0|0|0|0|0|270|1|9000|0|0|0|0|0
S|SWENI|17432058|101984092| |TF|0|0|0|0|0|0|1|9000|0|0|0|0|0

