P|BLUV1B|24|BLUVY|0|4
S|UMBRO|14896753|102213556|NKR|CF|0|24200|640|24230|600|210|1|1900|0|0|0|0|0
S|CIEGO|14793936|102271311| |TF|0|0|0|0|0|210|1|3200|0|0|0|0|0
S|DARCO|14881408|102435925| |TF|0|0|0|0|0|220|1|5000|0|0|0|0|0
S|BLUVY|15151925|102455936| |TF|0|0|0|0|0|0|1|7000|0|0|0|0|0

P|OMNI|06| |0|3
S|DER06|14954050|102321306| |DF|0|0|0|0|0|0|0|0|0|1|0|0|0
S| |91000000|181000000| |VA|0|6200|0|0|0|0|1|1500|0|0|0|0|0
S| |91000000|181000000| |VM|0|6200|0|0|0|0|0|0|0|0|0|0|0

P|OMNI|24| |0|3
S|DER24|14944942|102304169| |DF|0|0|0|0|0|0|0|0|0|1|0|0|0
S| |91000000|181000000| |VA|0|24200|0|0|0|0|1|1500|0|0|0|0|0
S| |91000000|181000000| |VM|0|24200|0|0|0|0|0|0|0|0|0|0|0

P|SAMB1A|06|RAMEI|0|3
S|JAIGA|15002211|102411961|NKR|CF|0|6200|670|6040|600|210|1|2300|0|0|0|0|0
S|SAMBY|14980283|102672836| |TF|0|0|0|0|0|0|1|7000|0|0|0|0|0
S|RAMEI|15044486|103011117| |TF|0|0|0|0|0|0|0|0|0|0|0|0|0

P|SAMB1B|24|RAMEI|0|5
S|UMBRO|14896753|102213556|NKR|CF|0|24200|640|24230|600|210|1|1900|0|0|0|0|0
S|CIEGO|14793936|102271311| |TF|0|0|0|0|0|210|1|3200|0|0|0|0|0
S|DARCO|14881408|102435925| |TF|0|0|0|0|0|220|1|5000|0|0|0|0|0
S|SAMBY|14980283|102672836| |TF|0|0|0|0|0|0|1|7000|0|0|0|0|0
S|RAMEI|15044486|103011117| |TF|0|0|0|0|0|0|0|0|0|0|0|0|0

P|SITA1A|06|SITTA|0|3
S|JAIGA|15002211|102411961|NKR|CF|0|6200|670|6040|600|210|1|2300|0|0|0|0|0
S|ARTIE|15105003|102354106| |TF|0|0|0|0|0|0|1|4000|0|0|0|0|0
S|SITTA|15213994|102262522| |TF|0|0|0|0|0|0|1|7000|0|0|0|0|0

P|SITA1B|24|SITTA|0|4
S|UMBRO|14896753|102213556|NKR|CF|0|24200|640|24230|600|210|1|1900|0|0|0|0|0
S|CIEGO|14793936|102271311| |TF|0|0|0|0|0|210|1|3200|0|0|0|0|0
S|DARCO|14881408|102435925| |TF|0|0|0|0|0|220|1|5000|0|0|0|0|0
S|SITTA|15213994|102262522| |TF|0|0|0|0|0|0|1|7000|0|0|0|0|0

P|VOBO1A|06|UBLOD|0|5
S|JAIGA|15002211|102411961|NKR|CF|0|6200|670|6040|600|210|1|2300|0|0|0|0|0
S|TIWAA|14899400|102469758| |TF|0|0|0|0|0|210|1|4400|0|0|0|0|0
S|SEERO|14770797|102228272| |TF|0|0|0|0|0|0|1|8000|0|0|0|0|0
S|VOBOT|14565714|101606047| |TF|0|0|0|0|0|0|1|8000|0|0|0|0|0
S|UBLOD|14620953|101436572| |TF|0|0|0|0|0|0|0|0|0|0|0|0|0

P|VOBO1B|24|UBLOD|0|3
S|UMBRO|14896753|102213556|NKR|CF|0|24200|640|24230|600|210|1|1900|0|0|0|0|0
S|VOBOT|14565714|101606047| |TF|0|0|0|0|0|0|1|8000|0|0|0|0|0
S|UBLOD|14620953|101436572| |TF|0|0|0|0|0|0|0|0|0|0|0|0|0

