P|TRN1A|09|TRN|0|4
S| |91000000|181000000| |VA|0|9200|0|0|0|0|1|660|0|0|0|0|0
S| |91000000|181000000| |VI|1|33000|0|0|0|0|0|0|0|0|0|0|0
S|NICKY|9411111|105313333|TRN|CF|0|3000|4640|21010|1200|0|1|3000|0|0|0|0|0
S|TRN|10083389|105705528| |TF|0|0|0|0|0|0|0|0|0|0|0|0|0

P|TRN1B|27|TRN|0|4
S| |91000000|181000000| |VA|0|27200|0|0|0|0|1|660|0|0|0|0|0
S| |91000000|181000000| |VI|2|9000|0|0|0|205|0|0|0|0|0|0|0
S|NICKY|9411111|105313333|TRN|CF|0|3000|4640|21010|1200|0|1|3000|0|0|0|0|0
S|TRN|10083389|105705528| |TF|0|0|0|0|0|0|0|0|0|0|0|0|0

P|TRN1N|09|TRN|0|3
S| |91000000|181000000| |CA|0|9200|0|0|0|0|1|700|0|0|0|0|0
S|NICKY|9411111|105313333| |DF|0|0|0|0|0|0|3|6000|3000|0|0|0|0
S|TRN|10083389|105705528| |TF|0|0|0|0|0|0|0|0|0|0|0|0|0

P|TRN1P|27|TRN|0|3
S| |91000000|181000000| |CA|0|27200|0|0|0|0|1|700|0|0|0|0|0
S|NICKY|9411111|105313333| |DF|2|0|0|0|0|220|3|6000|3000|0|0|0|0
S|TRN|10083389|105705528| |TF|0|0|0|0|0|0|0|0|0|0|0|0|0

