P|KAMS1M|11|KAMSU|0|6
S| |91000000|181000000| |CA|0|11500|0|0|0|0|1|500|0|0|0|0|0
S|DH510|17474167|106686667|DOH|CF|0|11500|590|11610|500|0|0|0|0|0|0|0|0
S|DH512|17366667|106636667| |TF|0|0|0|0|0|230|0|0|0|0|0|0|0
S|DH514|17492778|106341667| |TF|0|0|0|0|0|0|1|8500|0|0|0|0|0
S|ESNEV|17862222|106156111| |TF|0|0|0|0|0|0|1|11000|0|0|0|0|0
S|KAMSU|18253611|106093333| |TF|0|0|0|0|0|0|0|0|0|0|0|0|0

P|KAMS1N|29|KAMSU|0|4
S| |91000000|181000000| |CA|0|29500|0|0|0|0|1|500|0|0|0|0|0
S|DH900|17552778|106503333|DOH|CF|0|29500|560|29400|500|0|0|0|0|0|0|0|0
S|ESNEV|17862222|106156111| |TF|0|0|0|0|0|0|3|14000|9000|0|0|0|0
S|KAMSU|18253611|106093333| |TF|0|0|0|0|0|0|0|0|0|0|0|0|0

P|KAMS1U|29|KAMSU|0|5
S| |91000000|181000000|DOH|CD|0|29500|0|0|500|0|0|0|0|0|0|0|0
S| |91000000|181000000| |VI|2|3100|0|0|0|250|0|0|0|0|0|0|0
S|LIHOA|17780556|106510000|DOH|CF|0|34400|1650|34420|700|0|0|0|0|0|0|0|0
S|DENGA|17992778|106322778| |TF|0|0|0|0|0|0|0|0|0|0|0|0|0
S|KAMSU|18253611|106093333| |TF|0|0|0|0|0|0|1|9000|0|0|0|0|0

P|KAMS2T|11|KAMSU|0|5
S| |91000000|181000000| |CA|0|11500|0|0|0|0|1|500|0|0|0|0|0
S| |91000000|181000000| |VI|1|27000|0|0|0|230|0|0|0|0|0|0|0
S|LIHOA|17780556|106510000|DOH|CF|0|34400|1650|34420|1300|0|0|0|0|0|0|0|0
S|DENGA|17992778|106322778| |TF|0|0|0|0|0|0|1|9000|0|0|0|0|0
S|KAMSU|18253611|106093333| |TF|0|0|0|0|0|0|0|0|0|0|0|0|0

P|KONC1M|11|KONCO|0|4
S| |91000000|181000000| |CA|0|11500|0|0|0|0|1|500|0|0|0|0|0
S|DH510|17474167|106686667|DOH|CF|0|11500|590|11610|500|0|0|0|0|0|0|0|0
S|QUATA|17178333|107033056| |TF|0|0|0|0|0|0|3|14000|9000|0|0|0|0
S|KONCO|17000000|107186944| |TF|0|0|0|0|0|0|0|0|0|0|0|0|0

P|KONC1N|29|KONCO|0|5
S| |91000000|181000000| |CA|0|29500|0|0|0|0|1|500|0|0|0|0|0
S|DH900|17552778|106503333|DOH|CF|0|29500|560|29400|500|0|0|0|0|0|0|0|0
S|DH902|17445833|106453611| |TF|0|0|0|0|0|210|0|0|0|0|0|0|0
S|QUATA|17178333|107033056| |TF|0|0|0|0|0|0|1|11000|0|0|0|0|0
S|KONCO|17000000|107186944| |TF|0|0|0|0|0|0|0|0|0|0|0|0|0

P|KONC1U|29|KONCO|0|5
S| |91000000|181000000|DOH|CD|0|29500|0|0|500|0|0|0|0|0|0|0|0
S|DOH|17516222|106593306| |DF|2|0|0|0|0|250|0|0|0|0|0|0|0
S|KIGIA|17331111|106904444| |TF|0|0|0|0|0|0|1|9000|0|0|0|0|0
S|QUATA|17178333|107033056| |TF|0|0|0|0|0|0|0|0|0|0|0|0|0
S|KONCO|17000000|107186944| |TF|0|0|0|0|0|0|0|0|0|0|0|0|0

P|KONC2T|11|KONCO|0|4
S| |91000000|181000000| |CA|0|11500|0|0|0|0|1|500|0|0|0|0|0
S|KIGIA|17331111|106904444|DOH|CF|0|12300|2100|12270|2000|0|0|0|0|0|0|0|0
S|QUATA|17178333|107033056| |TF|0|0|0|0|0|0|0|0|0|0|0|0|0
S|KONCO|17000000|107186944| |TF|0|0|0|0|0|0|1|9000|0|0|0|0|0

