P|BND1E|10|BND|0|9
S| |91000000|181000000| |CA|0|10300|0|0|0|0|1|660|0|0|0|0|0
S|ESLAP|-7480833|109530556|BND|CF|0|9800|12560|10570|700|0|0|0|0|0|0|0|0
S|IDGOS|-7376667|109545833| |TF|0|0|0|0|0|0|0|0|0|0|0|0|0
S|APONA|-7350833|109417778| |TF|0|0|0|0|0|0|0|0|0|0|0|0|0
S|DUBIG|-7516389|109233889| |TF|0|0|0|0|0|0|0|0|0|0|0|0|0
S|SUSVI|-7488889|108793056| |TF|0|0|0|0|0|0|3|6000|4000|0|0|0|0
S|DOVUS|-7483889|108711389| |TF|0|0|0|0|0|0|0|0|0|0|0|0|0
S|REGIP|-7308611|108363056| |TF|0|0|0|0|0|0|3|14000|13000|0|0|0|0
S|BND|-6882083|107512333| |TF|0|0|0|0|0|0|0|0|0|0|0|0|0

P|BND1F|28|BND|0|6
S|LUXOP|-7421111|109254722|BND|CF|0|28300|10880|10630|1000|0|0|0|0|0|0|0|0
S|DUBIG|-7516389|109233889| |TF|1|0|0|0|0|0|3|6000|3000|0|0|0|0
S|SUSVI|-7488889|108793056| |TF|0|0|0|0|0|0|3|6000|4000|0|0|0|0
S|DOVUS|-7483889|108711389| |TF|0|0|0|0|0|0|0|0|0|0|0|0|0
S|REGIP|-7308611|108363056| |TF|0|0|0|0|0|0|3|14000|13000|0|0|0|0
S|BND|-6882083|107512333| |TF|0|0|0|0|0|0|0|0|0|0|0|0|0

P|CA1F|10|CA|0|9
S| |91000000|181000000| |CA|0|10300|0|0|0|0|1|660|0|0|0|0|0
S|ESLAP|-7480833|109530556|BND|CF|0|9800|12560|10570|700|0|0|0|0|0|0|0|0
S|IDGOS|-7376667|109545833| |TF|0|0|0|0|0|0|0|0|0|0|0|0|0
S|APONA|-7350833|109417778| |TF|0|0|0|0|0|0|0|0|0|0|0|0|0
S|DUBIG|-7516389|109233889| |TF|0|0|0|0|0|0|0|0|0|0|0|0|0
S|SUSVI|-7488889|108793056| |TF|0|0|0|0|0|0|3|6000|4000|0|0|0|0
S|DOVUS|-7483889|108711389| |TF|0|0|0|0|0|0|0|0|0|0|0|0|0
S|ATBOX|-7320278|108679722| |TF|0|0|0|0|0|0|2|8000|0|0|0|0|0
S|CA|-6697981|108559758| |TF|0|0|0|0|0|0|0|0|0|0|0|0|0

P|CA1G|28|CA|0|6
S|LUXOP|-7421111|109254722|BND|CF|0|28300|10880|10630|1000|0|0|0|0|0|0|0|0
S|DUBIG|-7516389|109233889| |TF|1|0|0|0|0|0|3|6000|3000|0|0|0|0
S|SUSVI|-7488889|108793056| |TF|0|0|0|0|0|0|3|6000|4000|0|0|0|0
S|DOVUS|-7483889|108711389| |TF|0|0|0|0|0|0|0|0|0|0|0|0|0
S|ATBOX|-7320278|108679722| |TF|0|0|0|0|0|0|2|8000|0|0|0|0|0
S|CA|-6697981|108559758| |TF|0|0|0|0|0|0|0|0|0|0|0|0|0

P|LILP1F|10|LILPO|0|7
S| |91000000|181000000| |CA|0|10300|0|0|0|0|1|660|0|0|0|0|0
S|ESLAP|-7480833|109530556|BND|CF|0|9800|12560|10570|700|0|0|0|0|0|0|0|0
S|IDGOS|-7376667|109545833| |TF|0|0|0|0|0|0|0|0|0|0|0|0|0
S|APONA|-7350833|109417778| |TF|0|0|0|0|0|0|0|0|0|0|0|0|0
S|KALDU|-7456667|109416389| |TF|1|0|0|0|0|0|0|0|0|0|0|0|0
S|BIBIA|-7578889|109698611| |TF|0|0|0|0|0|0|1|13000|0|0|0|0|0
S|LILPO|-7767778|110018333| |TF|0|0|0|0|0|0|0|0|0|0|0|0|0

P|LILP1G|28|LILPO|0|4
S|LUXOP|-7421111|109254722|BND|CF|0|28300|10880|10630|1000|0|0|0|0|0|0|0|0
S|DUBIG|-7516389|109233889| |TF|1|0|0|0|0|0|3|6000|3000|0|0|0|0
S|BIBIA|-7578889|109698611| |TF|1|0|0|0|0|0|1|13000|0|0|0|0|0
S|LILPO|-7767778|110018333| |TF|0|0|0|0|0|0|0|0|0|0|0|0|0

