P|AJAM2A|07|AJAMA|0|8
S|IRTOP|-1231389|116981667|BPN|CF|0|6700|260|7100|500|210|1|1000|0|0|0|0|0
S|UBLAS|-1459167|117077778| |TF|0|0|0|0|0|230|3|5000|4000|0|0|0|0
S|NITAV|-1542500|116881111| |TF|0|0|0|0|0|0|1|8000|0|0|0|0|0
S|LL439|-1495000|116696111| |TF|0|0|0|0|0|0|1|11000|0|0|0|0|0
S|AKSUS|-1447222|116516111| |TF|0|0|0|0|0|0|0|14000|0|0|0|0|0
S|LK419|-1557778|116228611| |TF|0|0|0|0|0|0|0|0|0|0|0|0|0
S|LL410|-1653333|115981111| |TF|0|0|0|0|0|0|1|24000|0|0|0|0|0
S|AJAMA|-1871944|115413889| |TF|0|0|0|0|0|0|0|0|0|0|0|0|0

P|AJAM2B|25|AJAMA|0|5
S|OSVON|-1341389|116721667|BPN|CF|0|24700|1430|24650|1100|250|1|1000|0|0|0|0|0
S|LL621|-1465000|116430000| |TF|0|0|0|0|0|0|3|13000|10000|0|0|0|0
S|LL618|-1533056|116265278| |TF|0|0|0|0|0|0|0|0|0|0|0|0|0
S|LL614|-1643611|115987500| |TF|0|0|0|0|0|0|2|17000|0|0|0|0|0
S|AJAMA|-1871944|115413889| |TF|0|0|0|0|0|0|0|0|0|0|0|0|0

P|ATGE2A|07|ATGER|0|5
S|IRTOP|-1231389|116981667|BPN|CF|0|6700|260|7100|500|210|1|1000|0|0|0|0|0
S|UBLAS|-1459167|117077778| |TF|0|0|0|0|0|0|3|5000|4000|0|0|0|0
S|LL639|-1691667|117346389| |TF|0|0|0|0|0|0|2|11000|0|0|0|0|0
S|LL453|-2128056|117850556| |TF|0|0|0|0|0|0|2|23000|0|0|0|0|0
S|ATGER|-2836111|118155000| |TF|0|0|0|0|0|0|0|0|0|0|0|0|0

P|ATGE2B|25|ATGER|0|6
S|OSVON|-1341389|116721667|BPN|CF|0|24700|1430|24650|1100|250|1|1000|0|0|0|0|0
S|OMGIN|-1556111|116812500| |TF|0|0|0|0|0|0|2|6000|0|0|0|0|0
S|OLSOL|-1465278|117027222| |TF|0|0|0|0|0|0|1|10000|0|0|0|0|0
S|LL645|-1455000|117259722| |TF|0|0|0|0|0|0|1|12000|0|0|0|0|0
S|LK612|-1443333|117539167| |TF|0|0|0|0|0|0|3|15000|13000|0|0|0|0
S|ATGER|-2836111|118155000| |TF|0|0|0|0|0|0|0|0|0|0|0|0|0

P|DADB2A|07|DADBI|0|4
S|IRTOP|-1231389|116981667|BPN|CF|0|6700|260|7100|500|210|1|1000|0|0|0|0|0
S|UBLAS|-1459167|117077778| |TF|0|0|0|0|0|0|3|5000|4000|0|0|0|0
S|LL417|-2816667|116847500| |TF|0|0|0|0|0|0|0|0|0|0|0|0|0
S|DADBI|-3082500|116632500| |TF|0|0|0|0|0|0|0|0|0|0|0|0|0

P|DADB2B|25|DADBI|0|5
S|OSVON|-1341389|116721667|BPN|CF|0|24700|1430|24650|1100|250|1|1000|0|0|0|0|0
S|OMGIN|-1556111|116812500| |TF|0|0|0|0|0|0|2|6000|0|0|0|0|0
S|LL646|-1805556|116783056| |TF|0|0|0|0|0|0|0|0|0|0|0|0|0
S|LK627|-2542222|116696111| |TF|0|0|0|0|0|0|0|0|0|0|0|0|0
S|DADBI|-3082500|116632500| |TF|0|0|0|0|0|0|0|0|0|0|0|0|0

P|ELAP2A|07|ELAPA|0|7
S|IRTOP|-1231389|116981667|BPN|CF|0|6700|260|7100|500|0|1|1000|0|0|0|0|0
S|LL422|-1153333|117165833| |TF|0|0|0|0|0|0|2|4000|0|0|0|0|0
S|LL455|-1072222|117573611| |TF|0|0|0|0|0|0|2|9000|0|0|0|0|0
S|LL452|-881389|117783056| |TF|0|0|0|0|0|0|2|14000|0|0|0|0|0
S|LL458|-735000|117943333| |TF|0|0|0|0|0|0|2|17000|0|0|0|0|0
S|LK414|-459167|118246111| |TF|0|0|0|0|0|0|0|0|0|0|0|0|0
S|ELAPA|-365278|118443333| |TF|0|0|0|0|0|0|0|0|0|0|0|0|0

P|ELAP2B|25|ELAPA|0|8
S|OSVON|-1341389|116721667|BPN|CF|0|24700|1430|24650|1100|250|1|1000|0|0|0|0|0
S|OMGIN|-1556111|116812500| |TF|0|0|0|0|0|0|2|6000|0|0|0|0|0
S|OLSOL|-1465278|117027222| |TF|0|0|0|0|0|250|1|10000|0|0|0|0|0
S|LL647|-1213889|116940556| |TF|0|0|0|0|0|0|0|0|0|0|0|0|0
S|LL642|-898333|116831667| |TF|0|0|0|0|0|0|3|21000|20000|0|0|0|0
S|LK633|-716111|117087500| |TF|0|0|0|0|0|0|1|23000|0|0|0|0|0
S|LK610|-622222|117450278| |TF|0|0|0|0|0|0|0|0|0|0|0|0|0
S|ELAPA|-365278|118443333| |TF|0|0|0|0|0|0|0|0|0|0|0|0|0

P|GUGU2A|07|GUGUP|0|9
S|IRTOP|-1231389|116981667|BPN|CF|0|6700|260|7100|500|210|1|1000|0|0|0|0|0
S|UBLAS|-1459167|117077778| |TF|0|0|0|0|0|230|3|5000|4000|0|0|0|0
S|NITAV|-1542500|116881111| |TF|0|0|0|0|0|0|1|8000|0|0|0|0|0
S|LL439|-1495000|116696111| |TF|0|0|0|0|0|0|1|11000|0|0|0|0|0
S|AKSUS|-1447222|116516111| |TF|0|0|0|0|0|0|0|14000|0|0|0|0|0
S|LL426|-1335278|116236389| |TF|0|0|0|0|0|0|1|17000|0|0|0|0|0
S|LL456|-1216389|115837222| |TF|0|0|0|0|0|0|1|24000|0|0|0|0|0
S|LL415|-1173889|115693889| |TF|0|0|0|0|0|0|0|0|0|0|0|0|0
S|GUGUP|-1033056|114773333| |TF|0|0|0|0|0|0|0|0|0|0|0|0|0

P|GUGU2B|25|GUGUP|0|8
S|OSVON|-1341389|116721667|BPN|CF|0|24700|1430|24650|1100|250|1|1000|0|0|0|0|0
S|OMGIN|-1556111|116812500| |TF|0|0|0|0|0|0|2|6000|0|0|0|0|0
S|OLSOL|-1465278|117027222| |TF|0|0|0|0|0|250|1|10000|0|0|0|0|0
S|LL647|-1213889|116940556| |TF|0|0|0|0|0|0|0|0|0|0|0|0|0
S|LL648|-1257222|116610556| |TF|0|0|0|0|0|0|1|21000|0|0|0|0|0
S|LK618|-1286111|116390833| |TF|0|0|0|0|0|0|0|0|0|0|0|0|0
S|LK616|-1250833|116172500| |TF|0|0|0|0|0|0|0|0|0|0|0|0|0
S|GUGUP|-1033056|114773333| |TF|0|0|0|0|0|0|0|0|0|0|0|0|0

P|JIDA2A|07|JIDAR|0|7
S|IRTOP|-1231389|116981667|BPN|CF|0|6700|260|7100|500|210|1|1000|0|0|0|0|0
S|UBLAS|-1459167|117077778| |TF|0|0|0|0|0|230|3|5000|4000|0|0|0|0
S|NITAV|-1542500|116881111| |TF|0|0|0|0|0|0|1|8000|0|0|0|0|0
S|LL440|-1632222|116721389| |TF|0|0|0|0|0|0|1|11000|0|0|0|0|0
S|LK420|-1870278|116385278| |TF|0|0|0|0|0|0|0|13000|0|0|0|0|0
S|LK416|-2259167|116249722| |TF|0|0|0|0|0|0|0|0|0|0|0|0|0
S|JIDAR|-2396667|115941667| |TF|0|0|0|0|0|0|0|0|0|0|0|0|0

P|JIDA2B|25|JIDAR|0|5
S|OSVON|-1341389|116721667|BPN|CF|0|24700|1430|24650|1100|250|1|1000|0|0|0|0|0
S|OMGIN|-1556111|116812500| |TF|0|0|0|0|0|0|2|6000|0|0|0|0|0
S|LL646|-1805556|116783056| |TF|0|0|0|0|0|0|0|0|0|0|0|0|0
S|LL622|-1921667|116431111| |TF|0|0|0|0|0|0|0|16000|0|0|0|0|0
S|JIDAR|-2396667|115941667| |TF|0|0|0|0|0|0|1|24000|0|0|0|0|0

P|KALK2A|07|KALKU|0|5
S|IRTOP|-1231389|116981667|BPN|CF|0|6700|260|7100|500|0|1|1000|0|0|0|0|0
S|LL422|-1153333|117165833| |TF|0|0|0|0|0|0|2|4000|0|0|0|0|0
S|LL455|-1072222|117573611| |TF|0|0|0|0|0|0|2|9000|0|0|0|0|0
S|LK644|-956667|118155000| |TF|0|0|0|0|0|0|0|0|0|0|0|0|0
S|KALKU|-907500|118505833| |TF|0|0|0|0|0|0|0|0|0|0|0|0|0

P|KALK2B|25|KALKU|0|8
S|OSVON|-1341389|116721667|BPN|CF|0|24700|1430|24650|1100|250|1|1000|0|0|0|0|0
S|OMGIN|-1556111|116812500| |TF|0|0|0|0|0|0|2|6000|0|0|0|0|0
S|OLSOL|-1465278|117027222| |TF|0|0|0|0|0|0|1|10000|0|0|0|0|0
S|LL645|-1455000|117259722| |TF|0|0|0|0|0|0|1|12000|0|0|0|0|0
S|LK612|-1443333|117539167| |TF|0|0|0|0|0|0|3|15000|13000|0|0|0|0
S|LL613|-1114444|117660833| |TF|0|0|0|0|0|0|3|18000|17000|0|0|0|0
S|LL615|-995000|117705000| |TF|0|0|0|0|0|0|0|0|0|0|0|0|0
S|KALKU|-907500|118505833| |TF|0|0|0|0|0|0|0|0|0|0|0|0|0

P|LUPD2A|07|LUPDI|0|7
S|IRTOP|-1231389|116981667|BPN|CF|0|6700|260|7100|500|210|1|1000|0|0|0|0|0
S|UBLAS|-1459167|117077778| |TF|0|0|0|0|0|230|3|5000|4000|0|0|0|0
S|NITAV|-1542500|116881111| |TF|0|0|0|0|0|0|1|8000|0|0|0|0|0
S|LL424|-1276111|116768611| |TF|0|0|0|0|0|0|0|12000|0|0|0|0|0
S|LK444|-685000|116870833| |TF|0|0|0|0|0|0|1|23000|0|0|0|0|0
S|LL419|-9722|116991944| |TF|0|0|0|0|0|0|0|0|0|0|0|0|0
S|LUPDI|454167|117051667| |TF|0|0|0|0|0|0|0|0|0|0|0|0|0

P|LUPD2B|25|LUPDI|0|8
S|OSVON|-1341389|116721667|BPN|CF|0|24700|1430|24650|1100|250|1|1000|0|0|0|0|0
S|OMGIN|-1556111|116812500| |TF|0|0|0|0|0|0|2|6000|0|0|0|0|0
S|OLSOL|-1465278|117027222| |TF|0|0|0|0|0|250|1|10000|0|0|0|0|0
S|LL647|-1213889|116940556| |TF|0|0|0|0|0|0|0|0|0|0|0|0|0
S|LL642|-898333|116831667| |TF|0|0|0|0|0|0|3|21000|20000|0|0|0|0
S|LK628|-791944|116794444| |TF|0|0|0|0|0|0|1|23000|0|0|0|0|0
S|LL632|95278|117123333| |TF|0|0|0|0|0|0|0|0|0|0|0|0|0
S|LUPDI|454167|117051667| |TF|0|0|0|0|0|0|0|0|0|0|0|0|0

