P|SBR1A|17|SBR|0|4
S| |91000000|181000000| |VA|0|16500|0|0|0|0|1|2800|0|0|0|0|0
S|ABD|-7932764|112713111|ABD|FA|0|16200|0|0|0|0|1|5500|0|0|0|0|0
S|ABD|-7932764|112713111|ABD|CF|2|400|0|0|800|0|1|10500|0|0|0|0|0
S|SBR|-7373944|112771222| |TF|0|0|0|0|0|0|0|0|0|0|0|0|0

P|SBR1B|35|SBR|0|3
S| |91000000|181000000|ABD|VD|0|34500|0|0|300|0|0|0|0|0|0|0|0
S| |91000000|181000000| |VI|0|1400|0|0|0|0|0|0|0|0|0|0|0
S|SBR|-7373944|112771222|SBR|CF|0|500|0|0|2800|0|0|0|0|0|0|0|0

P|SBR1C|35|SBR|0|6
S| |91000000|181000000| |VA|0|34500|0|0|0|0|1|2800|0|0|0|0|0
S| |91000000|181000000| |VI|1|16200|0|0|0|0|0|0|0|0|0|0|0
S|ABD|-7932764|112713111|ABD|FA|0|18400|0|0|0|0|1|7000|0|0|0|0|0
S| |91000000|181000000| |VI|1|1200|0|0|0|0|0|0|0|0|0|0|0
S|ABD|-7932764|112713111|ABD|CF|0|34200|0|0|1400|0|1|10500|0|0|0|0|0
S|SBR|-7373944|112771222| |TF|0|0|0|0|0|0|0|0|0|0|0|0|0

