P|HIPN1A|08|HIPNO|0|3
S| |91000000|181000000| |VA|0|8000|0|0|0|0|1|690|0|0|0|0|0
S|KDI|-4075722|122452833| |DF|0|0|0|0|0|0|0|0|0|1|0|0|0
S|HIPNO|-4420556|123417778| |TF|0|0|0|0|0|0|0|3000|0|0|0|0|0

P|HIPN1B|26|HIPNO|0|3
S| |91000000|181000000| |VA|0|26000|0|0|0|0|1|2500|0|0|0|0|0
S|KDI|-4075722|122452833| |DF|2|0|0|0|0|0|1|5000|0|0|0|0|0
S|HIPNO|-4420556|123417778| |TF|0|0|0|0|0|0|0|0|0|0|0|0|0

P|HIPN1C|08|HIPNO|0|4
S| |91000000|181000000| |CA|0|8000|0|0|0|0|1|1000|0|0|0|0|0
S|TEGOT|-4218889|122540278| |DF|0|0|0|0|0|0|2|3000|0|0|0|0|0
S|KALEX|-4318889|122685556| |TF|0|0|0|0|0|0|2|6000|0|0|0|0|0
S|HIPNO|-4420556|123417778| |TF|0|0|0|0|0|0|0|0|0|0|0|0|0

P|IDPA1A|08|IDPAP|0|2
S| |91000000|181000000| |VA|0|8000|0|0|0|0|1|2500|0|0|0|0|0
S|IDPAP|-3877778|123002500|KDI|CF|0|7000|3500|7030|3300|0|0|3000|0|0|0|0|0

P|IDPA1B|08|IDPAP|0|5
S| |91000000|181000000| |CA|0|8000|0|0|0|0|1|690|0|0|0|0|0
S| |91000000|181000000| |VA|0|36000|0|0|0|0|1|4000|0|0|0|0|0
S| |91000000|181000000|KDI|CR|2|10000|0|2400|0|0|1|5000|0|0|0|0|0
S| |91000000|181000000| |CI|0|10000|0|0|0|0|0|0|0|0|0|0|0
S|IDPAP|-3877778|123002500|KDI|CF|0|7000|3500|7030|1900|0|0|0|0|0|0|0|0

P|IDPA1C|26|IDPAP|0|3
S| |91000000|181000000| |VA|0|26000|0|0|0|0|1|2500|0|0|0|0|0
S|KDI|-4075722|122452833| |DF|2|0|0|0|0|0|1|5000|0|0|0|0|0
S|IDPAP|-3877778|123002500| |TF|0|0|0|0|0|0|0|0|0|0|0|0|0

P|IDPA1E|08|IDPAP|0|5
S| |91000000|181000000| |CA|0|8000|0|0|0|0|1|1000|0|0|0|0|0
S|IDUTI|-3901111|122483056| |DF|0|0|0|0|0|0|2|3000|0|0|0|0|0
S|KAPNU|-3768333|122589722| |TF|0|0|0|0|0|0|2|6000|0|0|0|0|0
S|BILOL|-3804722|122838889| |TF|0|0|0|0|0|0|1|13000|0|0|0|0|0
S|IDPAP|-3877778|123002500| |TF|0|0|0|0|0|0|0|0|0|0|0|0|0

P|LEKE1K|08|LEKEX|0|4
S|KDI|-4075722|122452833| |DF|0|0|0|0|0|0|0|0|0|0|0|0|0
S| |91000000|181000000| |VA|0|8000|0|0|0|0|1|1500|0|0|0|0|0
S|KDI|-4075722|122452833| |DF|1|0|0|0|0|0|0|3000|0|0|0|0|0
S|LEKEX|-4260278|121906944| |TF|2|0|0|0|0|0|0|0|0|0|0|0|0

P|LEKE1L|26|LEKEX|0|3
S| |91000000|181000000| |VA|0|26000|0|0|0|0|1|2500|0|0|0|0|0
S| |91000000|181000000| |VI|0|22100|0|0|0|0|0|0|0|0|0|0|0
S|LEKEX|-4260278|121906944|KDI|CF|0|25100|3450|25140|2600|0|0|0|0|0|0|0|0

P|LEKE1N|08|LEKEX|0|3
S| |91000000|181000000| |CA|0|8000|0|0|0|0|1|1000|0|0|0|0|0
S|DAMSO|-3981389|122344722| |DF|1|0|0|0|0|0|2|3000|0|0|0|0|0
S|LEKEX|-4260278|121906944| |TF|0|0|0|0|0|0|2|13000|0|0|0|0|0

P|NITU1A|08|NITUR|0|3
S| |91000000|181000000| |CA|0|8000|0|0|0|0|1|1000|0|0|0|0|0
S|IDUTI|-3901111|122483056| |DF|0|0|0|0|0|0|2|3000|0|0|0|0|0
S|NITUR|-3575833|122460000| |TF|0|0|0|0|0|0|0|0|0|0|0|0|0

P|RALT1A|08|RALTO|0|2
S| |91000000|181000000| |VA|0|8000|0|0|0|0|1|2500|0|0|0|0|0
S|RALTO|-4021944|123151389|KDI|CF|0|8500|4200|8560|4000|0|0|3000|0|0|0|0|0

P|RALT1B|08|RALTO|0|5
S| |91000000|181000000| |CA|0|8000|0|0|0|0|1|690|0|0|0|0|0
S| |91000000|181000000| |VA|0|36000|0|0|0|0|1|4000|0|0|0|0|0
S| |91000000|181000000|KDI|CR|2|15500|0|2400|0|0|1|5000|0|0|0|0|0
S| |91000000|181000000| |CI|0|15500|0|0|0|0|0|0|0|0|0|0|0
S|RALTO|-4021944|123151389|KDI|CF|0|8500|4200|8560|3500|0|0|0|0|0|0|0|0

P|RALT1C|26|RALTO|0|3
S| |91000000|181000000| |VA|0|26000|0|0|0|0|1|2500|0|0|0|0|0
S|KDI|-4075722|122452833| |DF|2|0|0|0|0|0|1|5000|0|0|0|0|0
S|RALTO|-4021944|123151389| |TF|0|0|0|0|0|0|0|0|0|0|0|0|0

P|RALT1E|08|RALTO|0|5
S| |91000000|181000000| |CA|0|8000|0|0|0|0|1|1000|0|0|0|0|0
S|IDUTI|-3901111|122483056| |DF|0|0|0|0|0|0|2|3000|0|0|0|0|0
S|KAPNU|-3768333|122589722| |TF|0|0|0|0|0|0|2|6000|0|0|0|0|0
S|BILOL|-3804722|122838889| |TF|0|0|0|0|0|0|1|13000|0|0|0|0|0
S|RALTO|-4021944|123151389| |TF|0|0|0|0|0|0|0|0|0|0|0|0|0

P|RULK1A|08|RULKI|0|3
S| |91000000|181000000| |CA|0|8000|0|0|0|0|1|1000|0|0|0|0|0
S|TEGOT|-4218889|122540278| |DF|0|0|0|0|0|0|2|3000|0|0|0|0|0
S|RULKI|-4562222|122568056| |TF|0|0|0|0|0|0|0|0|0|0|0|0|0

