P|ADGA1A|17|ADGAB|0|3
S| |91000000|181000000| |CA|0|16800|0|0|0|0|1|2000|0|0|0|0|0
S|BUDVA|2882081|112992653| |DF|0|0|0|0|0|230|1|3500|0|0|0|0|0
S|ADGAB|3095556|112600833| |TF|2|0|0|0|0|0|1|7000|0|0|0|0|0

P|ADGA1B|17|ADGAB|0|4
S| |91000000|181000000| |CA|0|16800|0|0|0|0|1|2200|0|0|0|0|0
S| |91000000|181000000|VBU|CR|2|30700|0|19300|0|0|1|3500|0|0|0|0|0
S| |91000000|181000000| |CI|0|30700|0|0|0|0|0|0|0|0|0|0|0
S|ADGAB|3095556|112600833|VBU|CF|0|26200|2500|26200|1500|0|1|7000|0|0|0|0|0

P|ADGA2C|35|ADGAB|0|2
S| |91000000|181000000| |CA|0|34800|0|0|0|0|1|1000|0|0|0|0|0
S|ADGAB|3095556|112600833| |DF|1|0|0|0|0|0|1|7000|0|0|0|0|0

P|ADGA2D|35|ADGAB|0|3
S| |91000000|181000000| |CA|0|34800|0|0|0|0|1|1000|0|0|0|0|0
S| |91000000|181000000| |CI|1|21700|0|0|0|0|0|0|0|0|0|0|0
S|ADGAB|3095556|112600833|VBU|CF|0|26200|2500|26200|2000|0|1|7000|0|0|0|0|0

P|BASU1A|17|BASUV|0|3
S| |91000000|181000000| |CA|0|16800|0|0|0|0|1|2000|0|0|0|0|0
S|BUDVA|2882081|112992653| |DF|0|0|0|0|0|230|1|3500|0|0|0|0|0
S|BASUV|2873756|112703728| |TF|0|0|0|0|0|0|1|7000|0|0|0|0|0

P|BASU1B|17|BASUV|0|4
S| |91000000|181000000| |CA|0|16800|0|0|0|0|1|2200|0|0|0|0|0
S| |91000000|181000000|VBU|CR|2|27300|0|19300|0|0|1|3500|0|0|0|0|0
S| |91000000|181000000| |CI|0|27300|0|0|0|0|0|0|0|0|0|0|0
S|BASUV|2873756|112703728|VBU|CF|0|22800|2500|22800|1300|0|1|7000|0|0|0|0|0

P|BASU2C|35|BASUV|0|2
S| |91000000|181000000| |CA|0|34800|0|0|0|0|1|1000|0|0|0|0|0
S|BASUV|2873756|112703728| |DF|1|0|0|0|0|0|1|7000|0|0|0|0|0

P|BASU2D|35|BASUV|0|3
S| |91000000|181000000| |CA|0|34800|0|0|0|0|1|1000|0|0|0|0|0
S| |91000000|181000000| |CI|1|18300|0|0|0|0|0|0|0|0|0|0|0
S|BASUV|2873756|112703728|VBU|CF|0|22800|2500|22800|2000|0|1|7000|0|0|0|0|0

P|BENL1A|17|BENLI|0|3
S| |91000000|181000000| |CA|0|16800|0|0|0|0|1|2000|0|0|0|0|0
S|BUDVA|2882081|112992653| |DF|0|0|0|0|0|230|1|3500|0|0|0|0|0
S|BENLI|2786467|112813892| |TF|0|0|0|0|0|0|1|7000|0|0|0|0|0

P|BENL1B|17|BENLI|0|4
S| |91000000|181000000| |CA|0|16800|0|0|0|0|1|2200|0|0|0|0|0
S| |91000000|181000000|VBU|CR|0|25300|0|19300|0|0|1|3500|0|0|0|0|0
S| |91000000|181000000| |CI|0|25300|0|0|0|0|0|0|0|0|0|0|0
S|BENLI|2786467|112813892|VBU|CF|0|20900|2500|20860|1400|0|1|7000|0|0|0|0|0

P|BENL2C|35|BENLI|0|2
S| |91000000|181000000| |CA|0|34800|0|0|0|0|1|1000|0|0|0|0|0
S|BENLI|2786467|112813892| |DF|1|0|0|0|0|0|1|7000|0|0|0|0|0

P|BENL2D|35|BENLI|0|3
S| |91000000|181000000| |CA|0|34800|0|0|0|0|1|1000|0|0|0|0|0
S| |91000000|181000000| |CI|1|16300|0|0|0|0|0|0|0|0|0|0|0
S|BENLI|2786467|112813892|VBU|CF|0|20900|2500|20860|2000|0|1|7000|0|0|0|0|0

P|DUNA1A|17|DUNAS|0|2
S| |91000000|181000000| |CA|0|16800|0|0|0|0|1|1300|0|0|0|0|0
S|DUNAS|3439486|113317931| |DF|1|0|0|0|0|0|1|7000|0|0|0|0|0

P|DUNA1B|17|DUNAS|0|3
S| |91000000|181000000| |CA|0|16800|0|0|0|0|1|1300|0|0|0|0|0
S| |91000000|181000000| |CI|1|200|0|0|0|0|0|0|0|0|0|0|0
S|DUNAS|3439486|113317931|VBU|CF|0|4700|2500|4700|1900|0|1|7000|0|0|0|0|0

P|DUNA2C|35|DUNAS|0|2
S| |91000000|181000000| |CA|0|34800|0|0|0|0|1|2000|0|0|0|0|0
S|DUNAS|3439486|113317931| |DF|0|0|0|0|0|0|1|7000|0|0|0|0|0

P|DUNA2D|35|DUNAS|0|3
S| |91000000|181000000| |CA|0|34800|0|0|0|0|1|2000|0|0|0|0|0
S| |91000000|181000000| |CI|2|9200|0|0|0|0|0|0|0|0|0|0|0
S|DUNAS|3439486|113317931|VBU|CF|0|4700|2500|4700|1900|0|1|7000|0|0|0|0|0

P|EKET1A|17|EKETO|0|2
S| |91000000|181000000| |CA|0|16800|0|0|0|0|1|1300|0|0|0|0|0
S|EKETO|3474686|113281039| |DF|1|0|0|0|0|0|1|7000|0|0|0|0|0

P|EKET1B|17|EKETO|0|3
S| |91000000|181000000| |CA|0|16800|0|0|0|0|1|1300|0|0|0|0|0
S| |91000000|181000000| |CI|1|35500|0|0|0|0|0|0|0|0|0|0|0
S|EKETO|3474686|113281039|VBU|CF|0|4000|2500|4000|1900|0|1|7000|0|0|0|0|0

P|EKET2C|35|EKETO|0|2
S| |91000000|181000000| |CA|0|34800|0|0|0|0|1|2000|0|0|0|0|0
S|EKETO|3474686|113281039| |DF|0|0|0|0|0|0|1|7000|0|0|0|0|0

P|EKET2D|35|EKETO|0|3
S| |91000000|181000000| |CA|0|34800|0|0|0|0|1|2000|0|0|0|0|0
S| |91000000|181000000| |CI|2|8500|0|0|0|0|0|0|0|0|0|0|0
S|EKETO|3474686|113281039|VBU|CF|0|4000|2500|4000|1900|0|1|7000|0|0|0|0|0

P|NOKE1A|17|NOKER|0|2
S| |91000000|181000000| |CA|0|16800|0|0|0|0|1|1300|0|0|0|0|0
S|NOKER|3337453|113387658| |DF|1|0|0|0|0|0|1|7000|0|0|0|0|0

P|NOKE1B|17|NOKER|0|3
S| |91000000|181000000| |CA|0|16800|0|0|0|0|1|1300|0|0|0|0|0
S| |91000000|181000000| |CI|1|1900|0|0|0|0|0|0|0|0|0|0|0
S|NOKER|3337453|113387658|VBU|CF|0|6400|2500|6400|1700|0|1|7000|0|0|0|0|0

P|NOKE2C|35|NOKER|0|2
S| |91000000|181000000| |CA|0|34800|0|0|0|0|1|2000|0|0|0|0|0
S|NOKER|3337453|113387658| |DF|0|0|0|0|0|0|1|7000|0|0|0|0|0

P|NOKE2D|35|NOKER|0|3
S| |91000000|181000000| |CA|0|34800|0|0|0|0|1|2000|0|0|0|0|0
S| |91000000|181000000| |CI|2|10900|0|0|0|0|0|0|0|0|0|0|0
S|NOKER|3337453|113387658|VBU|CF|0|6400|2500|6400|1800|0|1|7000|0|0|0|0|0

