P|ADLE1F|02|ADLEX|0|4
S| |91000000|181000000| |CA|0|2200|0|0|0|205|1|1500|0|0|0|0|0
S|BITON|6048408|115952503| |DF|0|0|0|0|0|0|1|4000|0|0|0|0|0
S|UKALO|6005939|115755825| |TF|0|0|0|0|0|0|0|0|0|0|0|0|0
S|ADLEX|5925458|115253461| |TF|0|0|0|0|0|0|0|0|0|0|0|0|0

P|ADLE1G|20|ADLEX|0|3
S|DAGIR|5867531|116021183|VJN|CF|0|20200|200|20200|320|205|0|0|0|1|0|0|0
S|APEBU|5843344|115754858| |DF|0|0|0|0|0|0|0|0|0|0|0|0|0
S|ADLEX|5925458|115253461| |TF|0|0|0|0|0|0|0|0|0|0|0|0|0

P|ADLE1J|02|ADLEX|0|4
S| |91000000|181000000|VJN|CD|0|2200|0|0|900|0|0|0|0|0|0|0|0
S| |91000000|181000000|VJN|CR|1|28300|0|34800|0|0|1|4000|0|0|0|0|0
S| |91000000|181000000| |CI|0|22500|0|0|0|0|0|0|0|0|0|0|0
S|ADLEX|5925458|115253461|VJN|CF|0|27200|4670|27200|3200|0|0|0|0|0|0|0|0

P|ADLE1K|20|ADLEX|0|4
S| |91000000|181000000|VJN|CD|0|20200|0|0|600|0|0|0|0|0|0|0|0
S| |91000000|181000000| |CI|2|31500|0|0|0|0|0|0|0|0|0|0|0
S|VJ14G|5907222|115799956|VJN|CF|0|27200|1400|27200|200|0|1|4500|0|0|0|0|0
S|ADLEX|5925458|115253461| |TF|0|0|0|0|0|0|0|0|0|0|0|0|0

P|ANLO2F|02|ANLOD|0|5
S| |91000000|181000000| |CA|0|2200|0|0|0|205|1|1500|0|0|0|0|0
S|BITON|6048408|115952503| |DF|0|0|0|0|0|0|1|4000|0|0|0|0|0
S|VJN|5899250|116033972| |TF|1|0|0|0|0|0|1|7000|0|0|0|0|0
S|TOMEL|5840994|116190797| |TF|0|0|0|0|0|0|1|9000|0|0|0|0|0
S|ANLOD|5898839|116703056| |TF|0|0|0|0|0|0|1|17000|0|0|0|0|0

P|ANLO2G|02|ANLOD|0|4
S|LEPNA|6182808|116150572|VJN|CF|0|2200|1830|2240|1500|205|1|4600|0|0|0|0|0
S|KIGIS|6099458|116265256| |TF|2|0|0|0|0|0|1|7000|0|0|0|0|0
S|TIBNI|5898728|116390564| |TF|0|0|0|0|0|0|1|10000|0|0|0|0|0
S|ANLOD|5898839|116703056| |TF|0|0|0|0|0|0|1|17000|0|0|0|0|0

P|ANLO2H|20|ANLOD|0|4
S|DAGIR|5867531|116021183|VJN|CF|0|20200|200|20200|320|205|0|0|0|1|0|0|0
S|UPKEX|5684783|115948956| |TF|0|0|0|0|0|0|1|4500|0|0|0|0|0
S|AROKI|5603567|116052886| |TF|0|0|0|0|0|0|1|7000|0|0|0|0|0
S|ANLOD|5898839|116703056| |TF|0|0|0|0|0|0|1|17000|0|0|0|0|0

P|ANLO2J|02|ANLOD|0|6
S| |91000000|181000000|VJN|CD|0|2200|0|0|900|0|0|0|0|0|0|0|0
S| |91000000|181000000|VJN|CR|1|28300|0|34800|0|0|1|4000|0|0|0|0|0
S| |91000000|181000000| |CI|0|19500|0|0|0|0|0|0|0|0|0|0|0
S|VJN|5899250|116033972|VJN|CF|0|14000|0|0|1000|0|0|0|0|0|0|0|0
S| |91000000|181000000|VJN|CD|0|9000|0|0|1000|0|1|9000|0|0|0|0|0
S|ANLOD|5898839|116703056|VJN|CF|0|9000|4000|9000|3000|0|1|17000|0|0|0|0|0

P|ANLO2K|20|ANLOD|0|5
S| |91000000|181000000|VJN|CD|0|20200|0|0|600|0|0|0|0|0|0|0|0
S| |91000000|181000000|VJN|CR|2|36000|0|25000|0|0|1|5500|0|0|0|0|0
S|VJN|5899250|116033972|VJN|CF|0|9000|0|0|600|0|0|0|0|0|0|0|0
S| |91000000|181000000|VJN|CD|0|9000|0|0|1000|0|1|9000|0|0|0|0|0
S|ANLOD|5898839|116703056|VJN|CF|0|9000|4000|9000|3000|0|1|17000|0|0|0|0|0

P|ANLO2L|20|ANLOD|0|5
S|DAGIR|5867531|116021183|VJN|CF|0|20200|200|20200|320|205|0|0|0|1|0|0|0
S|POLEB|5964022|115877364| |DF|2|0|0|0|0|0|1|4000|0|0|0|0|0
S|PEDSI|6056381|115974325| |TF|0|0|0|0|0|0|1|6500|0|0|0|0|0
S|SATKO|5925669|116202764| |TF|0|0|0|0|0|0|1|9000|0|0|0|0|0
S|ANLOD|5898839|116703056| |TF|0|0|0|0|0|0|1|17000|0|0|0|0|0

P|DULI2F|02|DULIM|0|5
S| |91000000|181000000| |CA|0|2200|0|0|0|205|1|1500|0|0|0|0|0
S|BITON|6048408|115952503| |DF|0|0|0|0|0|0|1|4000|0|0|0|0|0
S|UKBON|5746736|115806278| |TF|0|0|0|0|0|0|0|0|0|0|0|0|0
S|KILOB|5564678|115720072| |TF|0|0|0|0|0|0|0|0|0|0|0|0|0
S|DULIM|5450000|115536667| |TF|0|0|0|0|0|0|0|0|0|0|0|0|0

P|DULI2G|20|DULIM|0|3
S|DAGIR|5867531|116021183|VJN|CF|0|20200|200|20200|320|205|0|0|0|1|0|0|0
S|UGUKI|5690328|115797514| |DF|0|0|0|0|0|0|0|0|0|0|0|0|0
S|DULIM|5450000|115536667| |TF|0|0|0|0|0|0|0|0|0|0|0|0|0

P|DULI2J|02|DULIM|0|5
S| |91000000|181000000|VJN|CD|0|2200|0|0|900|0|0|0|0|0|0|0|0
S| |91000000|181000000|VJN|CR|1|28300|0|34800|0|0|1|4000|0|0|0|0|0
S| |91000000|181000000|VJN|CR|0|19500|0|27200|0|0|1|7000|0|0|0|0|0
S| |91000000|181000000| |CI|0|19500|0|0|0|0|0|0|0|0|0|0|0
S|DULIM|5450000|115536667|VJN|CF|0|22800|4010|22800|3000|0|0|0|0|0|0|0|0

P|DULI2K|20|DULIM|0|4
S| |91000000|181000000|VJN|CD|0|20200|0|0|600|0|0|0|0|0|0|0|0
S| |91000000|181000000| |CI|0|25400|0|0|0|0|0|0|0|0|0|0|0
S|VJ14D|5742278|115860064|VJN|CF|0|22800|1400|22800|200|0|1|4500|0|0|0|0|0
S|DULIM|5450000|115536667| |TF|0|0|0|0|0|0|0|0|0|0|0|0|0

P|EGEN2F|02|VIDIP|0|5
S| |91000000|181000000| |CA|0|2200|0|0|0|205|1|1500|0|0|0|0|0
S|BITON|6048408|115952503| |DF|0|0|0|0|0|0|1|4000|0|0|0|0|0
S|UKALO|6005939|115755825| |TF|0|0|0|0|0|0|0|0|0|0|0|0|0
S|EGENU|5750000|115385000| |TF|0|0|0|0|0|0|0|0|0|0|0|0|0
S|VIDIP|5685000|115167500| |TF|0|0|0|0|0|0|0|0|0|0|0|0|0

P|EGEN2G|20|VIDIP|0|4
S|DAGIR|5867531|116021183|VJN|CF|0|20200|200|20200|320|205|0|0|0|1|0|0|0
S|APEBU|5843344|115754858| |DF|0|0|0|0|0|0|0|0|0|0|0|0|0
S|EGENU|5750000|115385000| |TF|0|0|0|0|0|0|0|0|0|0|0|0|0
S|VIDIP|5685000|115167500| |TF|0|0|0|0|0|0|0|0|0|0|0|0|0

P|EGEN2J|02|VIDIP|0|5
S| |91000000|181000000|VJN|CD|0|2200|0|0|900|0|0|0|0|0|0|0|0
S| |91000000|181000000|VJN|CR|1|28300|0|34800|0|0|1|4000|0|0|0|0|0
S| |91000000|181000000| |CI|0|22500|0|0|0|0|0|0|0|0|0|0|0
S|EGENU|5750000|115385000|VJN|CF|0|25700|3980|25710|1900|0|0|0|0|0|0|0|0
S|VIDIP|5685000|115167500| |TF|0|0|0|0|0|0|0|0|0|0|0|0|0

P|EGEN2K|20|VIDIP|0|5
S| |91000000|181000000|VJN|CD|0|20200|0|0|600|0|0|0|0|0|0|0|0
S| |91000000|181000000| |CI|2|29800|0|0|0|0|0|0|0|0|0|0|0
S|VJ14F|5846858|115805753|VJN|CF|0|25700|1400|25710|200|0|1|4500|0|0|0|0|0
S|EGENU|5750000|115385000| |TF|0|0|0|0|0|0|0|0|0|0|0|0|0
S|VIDIP|5685000|115167500| |TF|0|0|0|0|0|0|0|0|0|0|0|0|0

P|ELAD2F|02|ELADO|0|5
S| |91000000|181000000| |CA|0|2200|0|0|0|205|1|1500|0|0|0|0|0
S|BITON|6048408|115952503| |DF|0|0|0|0|0|0|1|4000|0|0|0|0|0
S|UKBON|5746736|115806278| |TF|0|0|0|0|0|0|0|0|0|0|0|0|0
S|DOVID|5552636|115858325| |TF|0|0|0|0|0|0|0|0|0|0|0|0|0
S|ELADO|5235811|115940967| |TF|0|0|0|0|0|0|0|0|0|0|0|0|0

P|ELAD2G|02|ELADO|0|4
S|LEPNA|6182808|116150572|VJN|CF|0|2200|1830|2240|1500|205|1|4600|0|0|0|0|0
S|KIGIS|6099458|116265256| |TF|2|0|0|0|0|0|1|7000|0|0|0|0|0
S|EKIGO|5597372|116078019| |TF|0|0|0|0|0|0|0|0|0|0|0|0|0
S|ELADO|5235811|115940967| |TF|0|0|0|0|0|0|0|0|0|0|0|0|0

P|ELAD2H|20|ELADO|0|3
S|DAGIR|5867531|116021183|VJN|CF|0|20200|200|20200|320|205|0|0|0|1|0|0|0
S|UPKEX|5684783|115948956| |TF|0|0|0|0|0|0|1|4500|0|0|0|0|0
S|ELADO|5235811|115940967| |TF|0|0|0|0|0|0|0|0|0|0|0|0|0

P|ELAD2J|02|ELADO|0|5
S| |91000000|181000000|VJN|CD|0|2200|0|0|900|0|0|0|0|0|0|0|0
S| |91000000|181000000|VJN|CR|1|28300|0|34800|0|0|1|4000|0|0|0|0|0
S| |91000000|181000000|VJN|CR|0|19500|0|27200|0|0|1|7000|0|0|0|0|0
S| |91000000|181000000| |CI|0|14500|0|0|0|0|0|0|0|0|0|0|0
S|ELADO|5235811|115940967|VJN|CF|0|18800|4000|18800|3300|0|0|0|0|0|0|0|0

P|ELAD2K|20|ELADO|0|4
S| |91000000|181000000|VJN|CD|0|20200|0|0|600|0|0|0|0|0|0|0|0
S| |91000000|181000000| |CI|0|15800|0|0|0|0|0|0|0|0|0|0|0
S|VJ14A|5667067|116001397|VJN|CF|0|18800|1400|18800|500|0|1|4500|0|0|0|0|0
S|ELADO|5235811|115940967| |TF|0|0|0|0|0|0|0|0|0|0|0|0|0

P|ENBA1F|02|ENBAX|0|2
S|LEPNA|6182808|116150572|VJN|CF|0|2200|1830|2240|1500|205|1|4600|0|0|0|0|0
S|ENBAX|6734047|116092281| |TF|0|0|0|0|0|0|0|0|0|0|0|0|0

P|ENBA1G|20|ENBAX|0|3
S|DAGIR|5867531|116021183|VJN|CF|0|20200|200|20200|320|205|0|0|0|1|0|0|0
S|POLEB|5964022|115877364| |DF|2|0|0|0|0|0|1|4000|0|0|0|0|0
S|ENBAX|6734047|116092281| |TF|0|0|0|0|0|0|0|0|0|0|0|0|0

P|ENBA1H|20|ENBAX|0|4
S| |91000000|181000000| |CA|0|20200|0|0|0|205|1|3000|0|0|0|0|0
S|AKSAP|5738653|116099867| |DF|0|0|0|0|0|0|1|6000|0|0|0|0|0
S|SATKO|5925669|116202764| |TF|1|0|0|0|0|0|1|7000|0|0|0|0|0
S|ENBAX|6734047|116092281| |TF|0|0|0|0|0|0|0|0|0|0|0|0|0

P|ENBA1J|02|ENBAX|0|3
S| |91000000|181000000|VJN|CD|0|2200|0|0|900|0|0|0|0|0|0|0|0
S| |91000000|181000000| |CI|0|34900|0|0|0|0|0|0|0|0|0|0|0
S|ENBAX|6734047|116092281|VJN|CF|0|400|5000|400|3100|0|0|0|0|0|0|0|0

P|ENBA1K|20|ENBAX|0|4
S| |91000000|181000000|VJN|CD|0|20200|0|0|600|0|0|0|0|0|0|0|0
S| |91000000|181000000|VJN|CR|2|36000|0|25000|0|0|1|5500|0|0|0|0|0
S| |91000000|181000000| |CI|0|4400|0|0|0|0|0|0|0|0|0|0|0
S|ENBAX|6734047|116092281|VJN|CF|0|400|5000|400|4600|0|0|0|0|0|0|0|0

P|KABD1F|02|KABDU|0|3
S|LEPNA|6182808|116150572|VJN|CF|0|2200|1830|2240|1500|205|1|4600|0|0|0|0|0
S|AKNIR|6473372|116378944| |TF|0|0|0|0|0|0|1|11000|0|0|0|0|0
S|KABDU|6556100|116553300| |TF|0|0|0|0|0|0|0|0|0|0|0|0|0

P|KABD1G|20|KABDU|0|5
S|DAGIR|5867531|116021183|VJN|CF|0|20200|200|20200|320|205|0|0|0|1|0|0|0
S|POLEB|5964022|115877364| |DF|2|0|0|0|0|0|1|4000|0|0|0|0|0
S|PEDSI|6056381|115974325| |TF|0|0|0|0|0|0|1|6500|0|0|0|0|0
S|EMTEN|6365036|116277508| |TF|0|0|0|0|0|0|1|9000|0|0|0|0|0
S|KABDU|6556100|116553300| |TF|0|0|0|0|0|0|0|0|0|0|0|0|0

P|KABD1H|20|KABDU|0|5
S| |91000000|181000000| |CA|0|20200|0|0|0|205|1|3000|0|0|0|0|0
S|AKSAP|5738653|116099867| |DF|0|0|0|0|0|0|1|6000|0|0|0|0|0
S|SATKO|5925669|116202764| |TF|1|0|0|0|0|0|1|7000|0|0|0|0|0
S|ELBAR|6269575|116392189| |TF|0|0|0|0|0|0|1|9000|0|0|0|0|0
S|KABDU|6556100|116553300| |TF|0|0|0|0|0|0|0|0|0|0|0|0|0

P|KABD1J|02|KABDU|0|4
S| |91000000|181000000|VJN|CD|0|2200|0|0|900|0|0|0|0|0|0|0|0
S| |91000000|181000000| |CI|0|6000|0|0|0|0|0|0|0|0|0|0|0
S|VJ35B|6358969|116397278|VJN|CF|0|3800|3500|3830|2000|0|1|9000|0|0|0|0|0
S|KABDU|6556100|116553300| |TF|0|0|0|0|0|0|0|0|0|0|0|0|0

P|KABD1K|20|KABDU|0|5
S| |91000000|181000000|VJN|CD|0|20200|0|0|600|0|0|0|0|0|0|0|0
S| |91000000|181000000|VJN|CR|2|36000|0|25000|0|0|1|5500|0|0|0|0|0
S| |91000000|181000000| |CI|0|5700|0|0|0|0|0|0|0|0|0|0|0
S|VJ35B|6358969|116397278|VJN|CF|0|3800|3500|3830|2800|0|1|9000|0|0|0|0|0
S|KABDU|6556100|116553300| |TF|0|0|0|0|0|0|0|0|0|0|0|0|0

P|MAKS2F|02|MAKSU|0|5
S| |91000000|181000000| |CA|0|2200|0|0|0|205|1|1500|0|0|0|0|0
S|BITON|6048408|115952503| |DF|0|0|0|0|0|0|1|4000|0|0|0|0|0
S|VJN|5899250|116033972| |TF|1|0|0|0|0|0|1|7000|0|0|0|0|0
S|TOMEL|5840994|116190797| |TF|0|0|0|0|0|0|1|9000|0|0|0|0|0
S|MAKSU|5495811|116567950| |TF|0|0|0|0|0|0|1|11000|0|0|0|0|0

P|MAKS2G|02|MAKSU|0|4
S|LEPNA|6182808|116150572|VJN|CF|0|2200|1830|2240|1500|205|1|4600|0|0|0|0|0
S|KIGIS|6099458|116265256| |TF|2|0|0|0|0|0|1|7000|0|0|0|0|0
S|TIBNI|5898728|116390564| |TF|0|0|0|0|0|0|1|10000|0|0|0|0|0
S|MAKSU|5495811|116567950| |TF|0|0|0|0|0|0|1|11000|0|0|0|0|0

P|MAKS2H|20|MAKSU|0|4
S|DAGIR|5867531|116021183|VJN|CF|0|20200|200|20200|320|205|0|0|0|1|0|0|0
S|UPKEX|5684783|115948956| |TF|0|0|0|0|0|0|1|4500|0|0|0|0|0
S|AROKI|5603567|116052886| |TF|0|0|0|0|0|0|1|7000|0|0|0|0|0
S|MAKSU|5495811|116567950| |TF|0|0|0|0|0|0|1|11000|0|0|0|0|0

P|MAKS2J|02|MAKSU|0|6
S| |91000000|181000000|VJN|CD|0|2200|0|0|900|0|0|0|0|0|0|0|0
S| |91000000|181000000|VJN|CR|1|28300|0|34800|0|0|1|4000|0|0|0|0|0
S| |91000000|181000000| |CI|0|19500|0|0|0|0|0|0|0|0|0|0|0
S|VJN|5899250|116033972|VJN|CF|0|14000|0|0|1000|0|0|0|0|0|0|0|0
S| |91000000|181000000|VJN|CD|0|12700|0|0|1000|0|1|9000|0|0|0|0|0
S|MAKSU|5495811|116567950|VJN|CF|0|12700|4000|12700|3000|0|0|0|0|0|0|0|0

P|MAKS2K|20|MAKSU|0|5
S| |91000000|181000000|VJN|CD|0|20200|0|0|600|0|0|0|0|0|0|0|0
S| |91000000|181000000|VJN|CR|2|36000|0|25000|0|0|1|5500|0|0|0|0|0
S|VJN|5899250|116033972|VJN|CF|0|9000|0|0|600|0|0|0|0|0|0|0|0
S| |91000000|181000000|VJN|CD|0|12700|0|0|1000|0|1|9000|0|0|0|0|0
S|MAKSU|5495811|116567950|VJN|CF|0|12700|4000|12700|3000|0|0|0|0|0|0|0|0

P|MAKS2L|20|MAKSU|0|5
S|DAGIR|5867531|116021183|VJN|CF|0|20200|200|20200|320|205|0|0|0|1|0|0|0
S|POLEB|5964022|115877364| |DF|2|0|0|0|0|0|1|4000|0|0|0|0|0
S|PEDSI|6056381|115974325| |TF|0|0|0|0|0|0|1|6500|0|0|0|0|0
S|SATKO|5925669|116202764| |TF|0|0|0|0|0|0|1|9000|0|0|0|0|0
S|MAKSU|5495811|116567950| |TF|0|0|0|0|0|0|1|11000|0|0|0|0|0

P|OREK1F|02|OREKO|0|5
S| |91000000|181000000| |CA|0|2200|0|0|0|205|1|1500|0|0|0|0|0
S|BITON|6048408|115952503| |DF|0|0|0|0|0|0|1|4000|0|0|0|0|0
S|UKBON|5746736|115806278| |TF|0|0|0|0|0|0|0|0|0|0|0|0|0
S|KILOB|5564678|115720072| |TF|0|0|0|0|0|0|0|0|0|0|0|0|0
S|OREKO|5409094|115578056| |TF|0|0|0|0|0|0|0|0|0|0|0|0|0

P|OREK1G|20|OREKO|0|3
S|DAGIR|5867531|116021183|VJN|CF|0|20200|200|20200|320|205|0|0|0|1|0|0|0
S|UGUKI|5690328|115797514| |DF|0|0|0|0|0|0|0|0|0|0|0|0|0
S|OREKO|5409094|115578056| |TF|0|0|0|0|0|0|0|0|0|0|0|0|0

P|OREK1J|02|OREKO|0|5
S| |91000000|181000000|VJN|CD|0|2200|0|0|900|0|0|0|0|0|0|0|0
S| |91000000|181000000|VJN|CR|1|28300|0|34800|0|0|1|4000|0|0|0|0|0
S| |91000000|181000000|VJN|CR|0|19500|0|27200|0|0|1|7000|0|0|0|0|0
S| |91000000|181000000| |CI|0|19500|0|0|0|0|0|0|0|0|0|0|0
S|OREKO|5409094|115578056|VJN|CF|0|22300|4000|22300|2800|0|0|0|0|0|0|0|0

P|OREK1K|20|OREKO|0|4
S| |91000000|181000000|VJN|CD|0|20200|0|0|600|0|0|0|0|0|0|0|0
S| |91000000|181000000| |CI|0|25400|0|0|0|0|0|0|0|0|0|0|0
S|VJ14C|5727753|115874328|VJN|CF|0|22300|1400|22300|400|0|1|4500|0|0|0|0|0
S|OREKO|5409094|115578056| |TF|0|0|0|0|0|0|0|0|0|0|0|0|0

P|PIME2F|02|PIMEP|0|5
S| |91000000|181000000| |CA|0|2200|0|0|0|205|1|1500|0|0|0|0|0
S|BITON|6048408|115952503| |DF|0|0|0|0|0|0|1|4000|0|0|0|0|0
S|UKBON|5746736|115806278| |TF|0|0|0|0|0|0|0|0|0|0|0|0|0
S|KILOB|5564678|115720072| |TF|0|0|0|0|0|0|0|0|0|0|0|0|0
S|PIMEP|5371172|115622428| |TF|0|0|0|0|0|0|0|0|0|0|0|0|0

P|PIME2G|20|PIMEP|0|3
S|DAGIR|5867531|116021183|VJN|CF|0|20200|200|20200|320|205|0|0|0|1|0|0|0
S|UGUKI|5690328|115797514| |DF|0|0|0|0|0|0|0|0|0|0|0|0|0
S|PIMEP|5371172|115622428| |TF|0|0|0|0|0|0|0|0|0|0|0|0|0

P|PIME2J|02|PIMEP|0|5
S| |91000000|181000000|VJN|CD|0|2200|0|0|900|0|0|0|0|0|0|0|0
S| |91000000|181000000|VJN|CR|1|28300|0|34800|0|0|1|4000|0|0|0|0|0
S| |91000000|181000000|VJN|CR|0|19500|0|27200|0|0|1|7000|0|0|0|0|0
S| |91000000|181000000| |CI|0|19500|0|0|0|0|0|0|0|0|0|0|0
S|PIMEP|5371172|115622428|VJN|CF|0|21800|4000|21800|2600|0|0|0|0|0|0|0|0

P|PIME2K|20|PIMEP|0|4
S| |91000000|181000000|VJN|CD|0|20200|0|0|600|0|0|0|0|0|0|0|0
S| |91000000|181000000| |CI|0|25400|0|0|0|0|0|0|0|0|0|0|0
S|VJ14B|5714472|115889858|VJN|CF|0|21800|1400|21800|500|0|1|4500|0|0|0|0|0
S|PIMEP|5371172|115622428| |TF|0|0|0|0|0|0|0|0|0|0|0|0|0

P|RADAR2|02| |0|2
S| |91000000|181000000| |CA|0|2200|0|0|0|0|1|2000|0|0|0|0|0
S| |91000000|181000000| |VM|0|2200|0|0|0|0|0|0|0|0|0|0|0

P|RADAR2|20| |0|2
S| |91000000|181000000| |CA|0|20200|0|0|0|0|1|800|0|0|0|0|0
S| |91000000|181000000| |VM|0|20200|0|0|0|0|0|0|0|0|0|0|0

P|RUME2J|02|VETAG|0|5
S| |91000000|181000000|VJN|CD|0|2200|0|0|900|0|0|0|0|0|0|0|0
S| |91000000|181000000| |CI|0|6000|0|0|0|0|0|0|0|0|0|0|0
S|VJ35A|6379278|116370044|VJN|CF|0|3500|3500|3500|2200|0|1|9000|0|0|0|0|0
S|RUMEG|6447881|116418136| |TF|0|0|0|0|0|0|0|0|0|0|0|0|0
S|VETAG|6584992|116514300| |TF|0|0|0|0|0|0|0|0|0|0|0|0|0

P|RUME2K|20|RUMEG|0|5
S| |91000000|181000000|VJN|CD|0|20200|0|0|600|0|0|0|0|0|0|0|0
S| |91000000|181000000|VJN|CR|2|36000|0|25000|0|0|1|5500|0|0|0|0|0
S| |91000000|181000000| |CI|0|5700|0|0|0|0|0|0|0|0|0|0|0
S|VJ35A|6379278|116370044|VJN|CF|0|3500|3500|3500|3000|0|1|9000|0|0|0|0|0
S|RUMEG|6447881|116418136| |TF|0|0|0|0|0|0|0|0|0|0|0|0|0

P|SUKU1F|02|SUKUS|0|5
S| |91000000|181000000| |CA|0|2200|0|0|0|205|1|1500|0|0|0|0|0
S|BITON|6048408|115952503| |DF|0|0|0|0|0|0|1|4000|0|0|0|0|0
S|UKBON|5746736|115806278| |TF|0|0|0|0|0|0|0|0|0|0|0|0|0
S|KILOB|5564678|115720072| |TF|0|0|0|0|0|0|0|0|0|0|0|0|0
S|SUKUS|5486542|115507117| |TF|0|0|0|0|0|0|0|0|0|0|0|0|0

P|SUKU1G|20|SUKUS|0|3
S|DAGIR|5867531|116021183|VJN|CF|0|20200|200|20200|320|205|0|0|0|1|0|0|0
S|UGUKI|5690328|115797514| |DF|0|0|0|0|0|250|0|0|0|0|0|0|0
S|SUKUS|5486542|115507117| |TF|0|0|0|0|0|0|0|0|0|0|0|0|0

P|SUKU1J|02|SUKUS|0|5
S| |91000000|181000000|VJN|CD|0|2200|0|0|900|0|0|0|0|0|0|0|0
S| |91000000|181000000|VJN|CR|1|28300|0|34800|0|0|1|4000|0|0|0|0|0
S| |91000000|181000000|VJN|CR|0|19500|0|27200|0|0|1|7000|0|0|0|0|0
S| |91000000|181000000| |CI|0|19500|0|0|0|0|0|0|0|0|0|0|0
S|SUKUS|5486542|115507117|VJN|CF|0|23200|4000|23200|3100|0|0|0|0|0|0|0|0

P|SUKU1K|20|SUKUS|0|4
S| |91000000|181000000|VJN|CD|0|20200|0|0|600|0|0|0|0|0|0|0|0
S| |91000000|181000000| |CI|0|25400|0|0|0|0|0|0|0|0|0|0|0
S|VJ14E|5754872|115849503|VJN|CF|0|23200|1400|23200|100|0|1|4500|0|0|0|0|0
S|SUKUS|5486542|115507117| |TF|0|0|0|0|0|0|0|0|0|0|0|0|0

P|TUSV1F|02|TUSVU|0|5
S| |91000000|181000000| |CA|0|2200|0|0|0|205|1|1500|0|0|0|0|0
S|BITON|6048408|115952503| |DF|0|0|0|0|0|0|1|4000|0|0|0|0|0
S|VJN|5899250|116033972| |TF|1|0|0|0|0|0|1|7000|0|0|0|0|0
S|TOMEL|5840994|116190797| |TF|0|0|0|0|0|0|1|9000|0|0|0|0|0
S|TUSVU|5669758|116662453| |TF|0|0|0|0|0|0|1|11000|0|0|0|0|0

P|TUSV1G|02|TUSVU|0|4
S|LEPNA|6182808|116150572|VJN|CF|0|2200|1830|2240|1500|205|1|4600|0|0|0|0|0
S|KIGIS|6099458|116265256| |TF|2|0|0|0|0|0|1|7000|0|0|0|0|0
S|TIBNI|5898728|116390564| |TF|0|0|0|0|0|0|1|10000|0|0|0|0|0
S|TUSVU|5669758|116662453| |TF|0|0|0|0|0|0|1|11000|0|0|0|0|0

P|TUSV1H|20|TUSVU|0|4
S|DAGIR|5867531|116021183|VJN|CF|0|20200|200|20200|320|205|0|0|0|1|0|0|0
S|UPKEX|5684783|115948956| |TF|0|0|0|0|0|0|1|4500|0|0|0|0|0
S|AROKI|5603567|116052886| |TF|0|0|0|0|0|0|1|7000|0|0|0|0|0
S|TUSVU|5669758|116662453| |TF|0|0|0|0|0|0|1|11000|0|0|0|0|0

P|TUSV1J|02|TUSVU|0|6
S| |91000000|181000000|VJN|CD|0|2200|0|0|900|0|0|0|0|0|0|0|0
S| |91000000|181000000|VJN|CR|1|28300|0|34800|0|0|1|4000|0|0|0|0|0
S| |91000000|181000000| |CI|0|19500|0|0|0|0|0|0|0|0|0|0|0
S|VJN|5899250|116033972|VJN|CF|0|14000|0|0|1000|0|0|0|0|0|0|0|0
S| |91000000|181000000|VJN|CD|0|11100|0|0|1000|0|1|9000|0|0|0|0|0
S|TUSVU|5669758|116662453|VJN|CF|0|11100|4000|11000|3000|0|0|0|0|0|0|0|0

P|TUSV1K|20|TUSVU|0|5
S| |91000000|181000000|VJN|CD|0|20200|0|0|600|0|0|0|0|0|0|0|0
S| |91000000|181000000|VJN|CR|2|36000|0|25000|0|0|1|5500|0|0|0|0|0
S|VJN|5899250|116033972|VJN|CF|0|9000|0|0|600|0|0|0|0|0|0|0|0
S| |91000000|181000000|VJN|CD|0|11100|0|0|1000|0|1|9000|0|0|0|0|0
S|TUSVU|5669758|116662453|VJN|CF|0|11100|4000|11000|3000|0|0|0|0|0|0|0|0

P|TUSV1L|20|TUSVU|0|5
S|DAGIR|5867531|116021183|VJN|CF|0|20200|200|20200|320|205|0|0|0|1|0|0|0
S|POLEB|5964022|115877364| |DF|2|0|0|0|0|0|1|4000|0|0|0|0|0
S|PEDSI|6056381|115974325| |TF|0|0|0|0|0|0|1|6500|0|0|0|0|0
S|SATKO|5925669|116202764| |TF|0|0|0|0|0|0|1|9000|0|0|0|0|0
S|TUSVU|5669758|116662453| |TF|0|0|0|0|0|0|1|11000|0|0|0|0|0

P|VETA1F|02|VETAG|0|3
S|LEPNA|6182808|116150572|VJN|CF|0|2200|1830|2240|1500|205|1|4600|0|0|0|0|0
S|AKNIR|6473372|116378944| |TF|0|0|0|0|0|0|1|11000|0|0|0|0|0
S|VETAG|6584992|116514300| |TF|0|0|0|0|0|0|0|0|0|0|0|0|0

P|VETA1G|20|VETAG|0|5
S|DAGIR|5867531|116021183|VJN|CF|0|20200|200|20200|320|205|0|0|0|1|0|0|0
S|POLEB|5964022|115877364| |DF|2|0|0|0|0|0|1|4000|0|0|0|0|0
S|PEDSI|6056381|115974325| |TF|0|0|0|0|0|0|1|6500|0|0|0|0|0
S|EMTEN|6365036|116277508| |TF|0|0|0|0|0|0|1|9000|0|0|0|0|0
S|VETAG|6584992|116514300| |TF|0|0|0|0|0|0|0|0|0|0|0|0|0

P|VETA1H|20|VETAG|0|5
S| |91000000|181000000| |CA|0|20200|0|0|0|205|1|3000|0|0|0|0|0
S|AKSAP|5738653|116099867| |DF|0|0|0|0|0|0|1|6000|0|0|0|0|0
S|SATKO|5925669|116202764| |TF|1|0|0|0|0|0|1|7000|0|0|0|0|0
S|ELBAR|6269575|116392189| |TF|0|0|0|0|0|0|1|9000|0|0|0|0|0
S|VETAG|6584992|116514300| |TF|0|0|0|0|0|0|0|0|0|0|0|0|0

