P|BIBU1A|13|BIBUL|0|3
S| |91000000|181000000| |CA|0|13300|0|0|0|0|1|2000|0|0|0|0|0
S|BKL|-3864750|102342861|BKL|CF|2|5800|0|0|150|0|1|5000|0|0|0|0|0
S|BIBUL|-2676944|102090000| |TF|0|0|0|0|0|0|0|0|0|0|0|0|0

P|BIBU1B|31|BIBUL|0|3
S| |91000000|181000000| |CA|0|31300|0|0|0|0|1|2000|0|0|0|0|0
S|BKL|-3864750|102342861|BKL|CF|1|1700|0|0|300|0|1|6000|0|0|0|0|0
S|BIBUL|-2676944|102090000| |TF|0|0|0|0|0|0|0|0|0|0|0|0|0

P|BIBU1E|13|BIBUL|0|6
S|GG512|-3985000|102468056|SLP|CF|0|13300|4970|21280|1000|230|1|2000|0|0|0|0|0
S|GG513|-4068333|102395833| |TF|0|0|0|0|0|0|0|0|0|0|0|0|0
S|GG514|-4087778|102131111| |TF|0|0|0|0|0|0|2|6000|0|0|0|0|0
S|GG515|-3585000|101620556| |TF|0|0|0|0|0|0|0|0|0|0|0|0|0
S|GG516|-3375278|101728889| |TF|0|0|0|0|0|0|1|13000|0|0|0|0|0
S|BIBUL|-2676944|102090000| |TF|0|0|0|0|0|0|0|0|0|0|0|0|0

P|BIBU1F|31|BIBUL|0|3
S|GG713|-3742778|102210278|SLP|CF|0|31300|5040|23720|1000|0|1|2000|0|0|0|0|0
S|GG712|-3053333|102135556| |TF|0|0|0|0|0|0|0|11000|0|0|0|0|0
S|BIBUL|-2676944|102090000| |TF|0|0|0|0|0|0|0|0|0|0|0|0|0

P|LEBE1A|13|LEBEG|0|4
S| |91000000|181000000| |CA|0|13300|0|0|0|0|1|2000|0|0|0|0|0
S| |91000000|181000000| |CI|2|34800|0|0|0|0|0|0|0|0|0|0|0
S|BKL|-3864750|102342861| |IF|0|0|0|0|0|0|0|0|0|0|0|0|0
S|LEBEG|-1886944|100567778| |TF|0|0|0|0|0|0|0|0|0|0|0|0|0

P|LEBE1B|31|LEBEG|0|3
S| |91000000|181000000| |CA|0|31300|0|0|0|0|1|2000|0|0|0|0|0
S|BKL|-3864750|102342861| |IF|0|0|0|0|0|0|0|0|0|0|0|0|0
S|LEBEG|-1886944|100567778| |TF|0|0|0|0|0|0|0|0|0|0|0|0|0

P|LEBE1E|13|LEBEG|0|6
S|GG512|-3985000|102468056|SLP|CF|0|13300|4970|21280|1000|230|1|2000|0|0|0|0|0
S|GG513|-4068333|102395833| |TF|0|0|0|0|0|0|0|0|0|0|0|0|0
S|GG514|-4087778|102131111| |TF|0|0|0|0|0|0|2|6000|0|0|0|0|0
S|GG515|-3585000|101620556| |TF|0|0|0|0|0|0|0|0|0|0|0|0|0
S|GG517|-2972222|101238611| |TF|0|0|0|0|0|0|0|0|0|0|0|0|0
S|LEBEG|-1886944|100567778| |TF|0|0|0|0|0|0|0|0|0|0|0|0|0

P|LEBE1F|31|LEBEG|0|3
S|GG713|-3742778|102210278|SLP|CF|0|31300|5040|23720|1000|0|1|2000|0|0|0|0|0
S|GG711|-2817778|101398333| |TF|0|0|0|0|0|0|1|16000|0|0|0|0|0
S|LEBEG|-1886944|100567778| |TF|0|0|0|0|0|0|0|0|0|0|0|0|0

P|PLB1A|13|PLB|0|4
S| |91000000|181000000| |CA|0|13300|0|0|0|0|1|2000|0|0|0|0|0
S|BKL|-3864750|102342861|BKL|CF|2|5800|0|0|150|0|1|5000|0|0|0|0|0
S|D067G|-3822308|102442667| |TF|0|0|0|0|0|0|1|8500|0|0|0|0|0
S|PLB|-2878583|104653167| |TF|0|0|0|0|0|0|0|0|0|0|0|0|0

P|PLB1B|31|PLB|0|4
S| |91000000|181000000| |CA|0|31300|0|0|0|0|1|2000|0|0|0|0|0
S|BKL|-3864750|102342861|BKL|CF|1|1700|0|0|300|0|1|6000|0|0|0|0|0
S|D067G|-3822308|102442667| |TF|0|0|0|0|0|0|1|8500|0|0|0|0|0
S|PLB|-2878583|104653167| |TF|0|0|0|0|0|0|0|0|0|0|0|0|0

P|PONI1A|13|PONIN|0|4
S| |91000000|181000000| |CA|0|13300|0|0|0|0|1|2000|0|0|0|0|0
S| |91000000|181000000| |CI|2|35800|0|0|0|0|0|0|0|0|0|0|0
S|BKL|-3864750|102342861| |IF|0|0|0|0|0|0|0|0|0|0|0|0|0
S|PONIN|-2641667|101585833| |TF|0|0|0|0|0|0|0|0|0|0|0|0|0

P|PONI1B|31|PONIN|0|4
S| |91000000|181000000| |CA|0|31300|0|0|0|0|1|2000|0|0|0|0|0
S| |91000000|181000000| |CI|0|35800|0|0|0|0|0|0|0|0|0|0|0
S|BKL|-3864750|102342861| |IF|0|0|0|0|0|0|0|0|0|0|0|0|0
S|PONIN|-2641667|101585833| |TF|0|0|0|0|0|0|0|0|0|0|0|0|0

P|SUKE1A|13|SUKEP|0|3
S| |91000000|181000000| |CA|0|13300|0|0|0|0|1|2000|0|0|0|0|0
S|BKL|-3864750|102342861|BKL|CF|2|5800|0|0|150|0|1|5000|0|0|0|0|0
S|SUKEP|-2132778|102627778| |TF|0|0|0|0|0|0|0|0|0|0|0|0|0

P|SUKE1B|31|SUKEP|0|3
S| |91000000|181000000| |CA|0|31300|0|0|0|0|1|2000|0|0|0|0|0
S|BKL|-3864750|102342861|BKL|CF|1|1700|0|0|300|0|1|6000|0|0|0|0|0
S|SUKEP|-2132778|102627778| |TF|0|0|0|0|0|0|0|0|0|0|0|0|0

P|TOLI1C|13|TOLIT|0|4
S| |91000000|181000000| |CA|0|13300|0|0|0|0|1|3500|0|0|0|0|0
S| |91000000|181000000| |CI|0|8600|0|0|0|0|0|0|0|0|0|0|0
S|BKL|-3864750|102342861| |IF|0|0|0|0|0|0|0|0|0|0|0|0|0
S|TOLIT|-4914444|104475278| |TF|0|0|0|0|0|0|0|0|0|0|0|0|0

P|TOLI1D|13|TOLIT|0|3
S| |91000000|181000000| |CA|0|13300|0|0|0|0|1|2000|0|0|0|0|0
S|BKL|-3864750|102342861|BKL|CF|2|5800|0|0|150|0|1|5000|0|0|0|0|0
S|TOLIT|-4914444|104475278| |TF|0|0|0|0|0|0|0|0|0|0|0|0|0

P|TOLI1E|31|TOLIT|0|4
S| |91000000|181000000| |CA|0|31300|0|0|0|0|1|2000|0|0|0|0|0
S| |91000000|181000000| |CI|1|8600|0|0|0|0|0|0|0|0|0|0|0
S|BKL|-3864750|102342861| |IF|0|0|0|0|0|0|0|0|0|0|0|0|0
S|TOLIT|-4914444|104475278| |TF|0|0|0|0|0|0|0|0|0|0|0|0|0

P|TOLI1H|13|TOLIT|0|4
S|GG512|-3985000|102468056|SLP|CF|0|13300|4970|21280|1000|0|1|2000|0|0|0|0|0
S|GG511|-4191111|102715000| |TF|0|0|0|0|0|0|1|6000|0|0|0|0|0
S|GG518|-4343056|103312778| |TF|0|0|0|0|0|0|1|15000|0|0|0|0|0
S|TOLIT|-4914444|104475278| |TF|0|0|0|0|0|0|0|0|0|0|0|0|0

P|TOLI1J|31|TOLIT|0|5
S|GG713|-3742778|102210278|SLP|CF|0|31300|5040|23720|1000|0|1|2000|0|0|0|0|0
S|GG714|-3947222|101988333| |TF|0|0|0|0|0|0|0|0|0|0|0|0|0
S|GG514|-4087778|102131111| |TF|0|0|0|0|0|0|1|10000|0|0|0|0|0
S|GG518|-4343056|103312778| |TF|0|0|0|0|0|0|1|15000|0|0|0|0|0
S|TOLIT|-4914444|104475278| |TF|0|0|0|0|0|0|0|0|0|0|0|0|0

P|TOPU1A|13|TOPUK|0|4
S| |91000000|181000000| |CA|0|13300|0|0|0|0|1|2000|0|0|0|0|0
S|BKL|-3864750|102342861|BKL|CF|2|5800|0|0|150|0|1|5000|0|0|0|0|0
S|D078G|-3842908|102449039| |TF|0|0|0|0|0|0|1|8500|0|0|0|0|0
S|TOPUK|-3255556|105280000| |TF|0|0|0|0|0|0|0|0|0|0|0|0|0

P|TOPU1B|31|TOPUK|0|4
S| |91000000|181000000| |CA|0|31300|0|0|0|0|1|2000|0|0|0|0|0
S|BKL|-3864750|102342861|BKL|CF|1|1700|0|0|300|0|1|6000|0|0|0|0|0
S|D078G|-3842908|102449039| |TF|0|0|0|0|0|0|1|8500|0|0|0|0|0
S|TOPUK|-3255556|105280000| |TF|0|0|0|0|0|0|0|0|0|0|0|0|0

