P|ADKO1E|09|ADKON|0|4
S| |91000000|181000000| |VA|0|9000|0|0|0|0|1|500|0|0|0|0|0
S|PEDBU|-142750|111519944| |DF|0|0|0|0|0|0|0|0|0|0|0|0|0
S|ISKOK|-254500|111354444| |TF|0|0|0|0|0|0|0|3500|0|0|0|0|0
S|ADKON|-383333|111120000| |TF|0|0|0|0|0|0|1|7000|0|0|0|0|0

P|ADKO1F|27|ADKON|0|3
S| |91000000|181000000| |VA|0|27000|0|0|0|0|1|500|0|0|0|0|0
S|SUPGI|-78639|111200167| |DF|0|0|0|0|0|0|1|3500|0|0|0|0|0
S|ADKON|-383333|111120000| |TF|0|0|0|0|0|0|0|0|0|0|0|0|0

P|OSRU1A|09|OSRUT|0|3
S| |91000000|181000000| |VA|0|9000|0|0|0|0|1|500|0|0|0|0|0
S|PEDBU|-142750|111519944| |DF|0|0|0|0|0|0|0|0|0|0|0|0|0
S|OSRUT|-530833|112285556| |TF|0|0|0|0|0|0|1|13000|0|0|0|0|0

P|OSRU1B|27|OSRUT|0|4
S| |91000000|181000000| |VA|0|27000|0|0|0|0|1|500|0|0|0|0|0
S|IPGAP|170917|111601667| |DF|2|0|0|0|0|0|1|4000|0|0|0|0|0
S|RUVBI|153306|111864167| |TF|0|0|0|0|0|0|1|9000|0|0|0|0|0
S|OSRUT|-530833|112285556| |TF|0|0|0|0|0|0|0|0|0|0|0|0|0

