P|ANSA1A|17|ANSAX|0|4
S| |91000000|181000000| |CA|0|16900|0|0|0|0|1|1500|0|0|0|0|0
S| |91000000|181000000| |CI|1|36000|0|0|0|210|0|0|0|0|0|0|0
S|D038J|5656372|95522900|BAC|CF|0|3800|1000|3800|400|0|0|0|0|0|0|0|0
S|ANSAX|6000000|95508333| |TF|0|0|0|0|0|0|0|0|0|0|0|0|0

P|ANSA2E|17|ANSAX|0|5
S| |91000000|181000000| |VA|0|16900|0|0|0|0|1|1500|0|0|0|0|0
S|TT406|5561667|95585000| |DF|1|0|0|0|0|250|0|0|0|0|0|0|0
S|TT422|5835000|95678611| |TF|0|0|0|0|0|0|2|8500|0|0|0|0|0
S|TT426|5930000|95580278| |TF|0|0|0|0|0|0|1|10000|0|0|0|0|0
S|ANSAX|6000000|95508333| |TF|0|0|0|0|0|0|0|0|0|0|0|0|0

P|ANSA2F|35|ANSAX|0|5
S| |91000000|181000000| |VA|0|34900|0|0|0|0|1|2000|0|0|0|0|0
S|TT419|5687500|95577222| |DF|0|0|0|0|0|0|2|4000|0|0|0|0|0
S|TT407|5754167|95801667| |TF|0|0|0|0|0|0|2|8500|0|0|0|0|0
S|TT408|5908056|95624722| |TF|1|0|0|0|0|0|1|10000|0|0|0|0|0
S|ANSAX|6000000|95508333| |TF|0|0|0|0|0|0|0|0|0|0|0|0|0

P|ANSA3B|35|ANSAX|0|3
S| |91000000|181000000| |CA|0|34900|0|0|0|0|1|2000|0|0|0|0|0
S| |91000000|181000000| |CI|0|4000|0|0|0|0|0|0|0|0|0|0|0
S|ANSAX|6000000|95508333|BAC|CF|0|1100|2900|1120|2300|0|0|0|0|0|0|0|0

P|AVDI1A|17|AVDIN|0|4
S| |91000000|181000000| |CA|0|16900|0|0|0|0|1|1500|0|0|0|0|0
S| |91000000|181000000| |CI|1|7000|0|0|0|0|0|0|0|0|0|0|0
S|D108J|5473058|95581936|BAC|CF|0|10800|1000|10820|400|0|1|7000|0|0|0|0|0
S|AVDIN|4936389|97300278| |TF|0|0|0|0|0|0|0|0|0|0|0|0|0

P|AVDI1B|35|AVDIN|0|5
S| |91000000|181000000| |CA|0|34900|0|0|0|0|1|2000|0|0|0|0|0
S| |91000000|181000000|BAC|CR|2|16800|0|7800|0|0|1|8000|0|0|0|0|0
S| |91000000|181000000| |CI|0|16800|0|0|0|0|0|0|0|0|0|0|0
S|BAC|5522639|95422306| |IF|0|0|0|0|0|0|0|0|0|0|0|0|0
S|AVDIN|4936389|97300278| |TF|0|0|0|0|0|0|0|0|0|0|0|0|0

P|AVDI1C|17|AVDIN|0|4
S| |91000000|181000000| |VA|0|16900|0|0|0|0|1|500|0|0|0|0|0
S|SUPMI|5390556|95524444| |DF|0|0|0|0|0|0|0|0|0|0|0|0|0
S|TT410|5389167|95904444| |TF|0|0|0|0|0|0|2|10000|0|0|0|0|0
S|AVDIN|4936389|97300278| |TF|0|0|0|0|0|0|0|0|0|0|0|0|0

P|AVDI1D|35|AVDIN|0|4
S| |91000000|181000000| |VA|0|34900|0|0|0|0|1|2000|0|0|0|0|0
S|TEUKU|5655800|95522500| |DF|0|0|0|0|0|0|2|4000|0|0|0|0|0
S|TT410|5389167|95904444| |TF|0|0|0|0|0|0|2|10000|0|0|0|0|0
S|AVDIN|4936389|97300278| |TF|0|0|0|0|0|0|0|0|0|0|0|0|0

P|BULV1A|17|BULVA|0|5
S| |91000000|181000000| |CA|0|16900|0|0|0|0|1|1500|0|0|0|0|0
S|BAC|5522639|95422306| |DF|1|0|0|0|0|0|1|3000|0|0|0|0|0
S|D237J|5429544|95283356| |TF|0|0|0|0|0|0|1|7000|0|0|0|0|0
S|EMREB|5176111|94905556| |TF|0|0|0|0|0|0|0|0|0|0|0|0|0
S|BULVA|4566667|94000000| |TF|0|0|0|0|0|0|0|0|0|0|0|0|0

P|BULV1B|35|BULVA|0|4
S| |91000000|181000000| |CA|0|34900|0|0|0|0|1|2000|0|0|0|0|0
S| |91000000|181000000| |CI|1|20400|0|0|0|0|0|0|0|0|0|0|0
S|EMREB|5176111|94905556|BAC|CF|0|23700|3720|23720|2800|0|0|0|0|0|0|0|0
S|BULVA|4566667|94000000| |TF|0|0|0|0|0|0|0|0|0|0|0|0|0

P|BULV1C|17|BULVA|0|5
S| |91000000|181000000| |VA|0|16900|0|0|0|0|1|1500|0|0|0|0|0
S|TT421|5532222|95419722| |DF|1|0|0|0|0|250|0|0|0|0|0|0|0
S|TT414|5560833|95144722| |TF|0|0|0|0|0|0|1|9000|0|0|0|0|0
S|OTKUL|5236667|94770278| |TF|0|0|0|0|0|0|0|0|0|0|0|0|0
S|BULVA|4566667|94000000| |TF|0|0|0|0|0|0|0|0|0|0|0|0|0

P|BULV1D|35|BULVA|0|4
S| |91000000|181000000| |VA|0|34900|0|0|0|0|1|2000|0|0|0|0|0
S|TT414|5560833|95144722| |DF|0|0|0|0|0|0|2|4000|0|0|0|0|0
S|OTKUL|5236667|94770278| |TF|0|0|0|0|0|0|0|0|0|0|0|0|0
S|BULVA|4566667|94000000| |TF|0|0|0|0|0|0|0|0|0|0|0|0|0

P|DUAM1A|17|DUAMO|0|4
S| |91000000|181000000| |CA|0|16900|0|0|0|0|1|1500|0|0|0|0|0
S| |91000000|181000000| |CI|1|6000|0|0|0|0|0|0|0|0|0|0|0
S|D098J|5502528|95588219|BAC|CF|0|9800|1000|9790|400|0|1|7000|0|0|0|0|0
S|DUAMO|5266111|97511389| |TF|0|0|0|0|0|0|0|0|0|0|0|0|0

P|DUAM2E|17|DUAMO|0|4
S| |91000000|181000000| |VA|0|16900|0|0|0|0|1|500|0|0|0|0|0
S|SUPMI|5390556|95524444| |DF|0|0|0|0|0|0|0|0|0|0|0|0|0
S|TT410|5389167|95904444| |TF|0|0|0|0|0|0|2|10000|0|0|0|0|0
S|DUAMO|5266111|97511389| |TF|0|0|0|0|0|0|0|0|0|0|0|0|0

P|DUAM2F|35|DUAMO|0|4
S| |91000000|181000000| |VA|0|34900|0|0|0|0|1|2000|0|0|0|0|0
S|TEUKU|5655800|95522500| |DF|0|0|0|0|0|0|2|4000|0|0|0|0|0
S|TT410|5389167|95904444| |TF|0|0|0|0|0|0|2|10000|0|0|0|0|0
S|DUAMO|5266111|97511389| |TF|0|0|0|0|0|0|0|0|0|0|0|0|0

P|DUAM3B|35|DUAMO|0|4
S| |91000000|181000000| |CA|0|34900|0|0|0|0|1|2000|0|0|0|0|0
S| |91000000|181000000| |CI|2|13000|0|0|0|0|0|0|0|0|0|0|0
S|BAC|5522639|95422306| |IF|0|0|0|0|0|0|0|0|0|0|0|0|0
S|DUAMO|5266111|97511389| |TF|0|0|0|0|0|0|0|0|0|0|0|0|0

P|ELDE1A|17|ELDEL|0|4
S| |91000000|181000000| |CA|0|16900|0|0|0|0|1|1500|0|0|0|0|0
S| |91000000|181000000| |CI|0|9000|0|0|0|0|0|0|0|0|0|0|0
S|D143J|5390544|95525036|BAC|CF|0|14300|1000|14310|700|0|1|7000|0|0|0|0|0
S|ELDEL|1872222|98245000| |TF|0|0|0|0|0|0|0|0|0|0|0|0|0

P|ELDE1B|35|ELDEL|0|5
S| |91000000|181000000| |CA|0|34900|0|0|0|0|1|2000|0|0|0|0|0
S| |91000000|181000000|BAC|CR|2|16800|0|7800|0|0|1|8000|0|0|0|0|0
S| |91000000|181000000| |CI|0|16800|0|0|0|0|0|0|0|0|0|0|0
S|BAC|5522639|95422306| |IF|0|0|0|0|0|0|0|0|0|0|0|0|0
S|ELDEL|1872222|98245000| |TF|0|0|0|0|0|0|0|0|0|0|0|0|0

P|ELDE1C|17|ELDEL|0|5
S| |91000000|181000000| |VA|0|16900|0|0|0|0|1|500|0|0|0|0|0
S|SUPMI|5390556|95524444| |DF|0|0|0|0|0|0|0|0|0|0|0|0|0
S|TT411|5123056|95730556| |TF|0|0|0|0|0|0|1|8000|0|0|0|0|0
S|UDODO|4859167|95935278| |TF|0|0|0|0|0|0|0|0|0|0|0|0|0
S|ELDEL|1872222|98245000| |TF|0|0|0|0|0|0|0|0|0|0|0|0|0

P|ELDE1D|35|ELDEL|0|6
S| |91000000|181000000| |VA|0|34900|0|0|0|0|1|2000|0|0|0|0|0
S|TEUKU|5655800|95522500| |DF|0|0|0|0|0|0|2|4000|0|0|0|0|0
S|BELRI|5434167|95563889| |TF|2|0|0|0|0|0|2|8000|0|0|0|0|0
S|TT411|5123056|95730556| |TF|0|0|0|0|0|0|2|14000|0|0|0|0|0
S|UDODO|4859167|95935278| |TF|0|0|0|0|0|0|0|0|0|0|0|0|0
S|ELDEL|1872222|98245000| |TF|0|0|0|0|0|0|0|0|0|0|0|0|0

P|EMRE1A|17|EMREB|0|4
S| |91000000|181000000| |CA|0|16900|0|0|0|0|1|1500|0|0|0|0|0
S|BAC|5522639|95422306| |DF|1|0|0|0|0|0|1|3000|0|0|0|0|0
S|D237J|5429544|95283356| |TF|0|0|0|0|0|0|1|7000|0|0|0|0|0
S|EMREB|5176111|94905556| |TF|0|0|0|0|0|0|0|0|0|0|0|0|0

P|EMRE1B|35|EMREB|0|3
S| |91000000|181000000| |CA|0|34900|0|0|0|0|1|2000|0|0|0|0|0
S| |91000000|181000000| |CI|1|20400|0|0|0|0|0|0|0|0|0|0|0
S|EMREB|5176111|94905556|BAC|CF|0|23700|3720|23720|2800|0|0|0|0|0|0|0|0

P|IVRA1A|17|IVRAR|0|4
S| |91000000|181000000| |CA|0|16900|0|0|0|0|1|1500|0|0|0|0|0
S| |91000000|181000000| |CI|0|10000|0|0|0|0|0|0|0|0|0|0|0
S|D151J|5376744|95504369|BAC|CF|0|15100|1000|15160|700|0|1|7000|0|0|0|0|0
S|IVRAR|4048056|96250000| |TF|0|0|0|0|0|0|0|0|0|0|0|0|0

P|IVRA1B|35|IVRAR|0|5
S| |91000000|181000000| |CA|0|34900|0|0|0|0|1|2000|0|0|0|0|0
S| |91000000|181000000|BAC|CR|2|16800|0|7800|0|0|1|8000|0|0|0|0|0
S| |91000000|181000000| |CI|0|16800|0|0|0|0|0|0|0|0|0|0|0
S|BAC|5522639|95422306| |IF|0|0|0|0|0|0|0|0|0|0|0|0|0
S|IVRAR|4048056|96250000| |TF|0|0|0|0|0|0|0|0|0|0|0|0|0

P|IVRA1C|17|IVRAR|0|4
S| |91000000|181000000| |VA|0|16900|0|0|0|0|1|500|0|0|0|0|0
S|SUPMI|5390556|95524444| |DF|0|0|0|0|0|0|0|0|0|0|0|0|0
S|TT411|5123056|95730556| |TF|0|0|0|0|0|0|1|8000|0|0|0|0|0
S|IVRAR|4048056|96250000| |TF|0|0|0|0|0|0|0|0|0|0|0|0|0

P|IVRA1D|35|IVRAR|0|5
S| |91000000|181000000| |VA|0|34900|0|0|0|0|1|2000|0|0|0|0|0
S|TEUKU|5655800|95522500| |DF|0|0|0|0|0|0|2|4000|0|0|0|0|0
S|BELRI|5434167|95563889| |TF|2|0|0|0|0|0|2|8000|0|0|0|0|0
S|TT411|5123056|95730556| |TF|0|0|0|0|0|0|2|14000|0|0|0|0|0
S|IVRAR|4048056|96250000| |TF|0|0|0|0|0|0|0|0|0|0|0|0|0

P|OPUN1E|17|OPUNG|0|4
S| |91000000|181000000| |CA|0|16900|0|0|0|0|1|1500|0|0|0|0|0
S| |91000000|181000000| |CI|0|9000|0|0|0|0|0|0|0|0|0|0|0
S|D123J|5433694|95563908|BAC|CF|0|12300|1000|12310|500|0|1|7000|0|0|0|0|0
S|OPUNG|4522500|97009722| |TF|0|0|0|0|0|0|0|0|0|0|0|0|0

P|OPUN1F|35|OPUNG|0|5
S| |91000000|181000000| |CA|0|34900|0|0|0|0|1|2000|0|0|0|0|0
S| |91000000|181000000|BAC|CR|2|16800|0|7800|0|0|1|8000|0|0|0|0|0
S| |91000000|181000000| |CI|0|16800|0|0|0|0|0|0|0|0|0|0|0
S|BAC|5522639|95422306| |IF|0|0|0|0|0|0|0|0|0|0|0|0|0
S|OPUNG|4522500|97009722| |TF|0|0|0|0|0|0|0|0|0|0|0|0|0

P|OPUN1G|17|OPUNG|0|5
S| |91000000|181000000| |VA|0|16900|0|0|0|0|1|500|0|0|0|0|0
S|SUPMI|5390556|95524444| |DF|0|0|0|0|0|0|0|0|0|0|0|0|0
S|TT410|5389167|95904444| |TF|0|0|0|0|0|0|2|10000|0|0|0|0|0
S|AKBUR|5075556|96130556| |TF|0|0|0|0|0|0|0|0|0|0|0|0|0
S|OPUNG|4522500|97009722| |TF|0|0|0|0|0|0|0|0|0|0|0|0|0

P|OPUN1H|35|OPUNG|0|5
S| |91000000|181000000| |VA|0|34900|0|0|0|0|1|2000|0|0|0|0|0
S|TEUKU|5655800|95522500| |DF|0|0|0|0|0|0|2|4000|0|0|0|0|0
S|TT410|5389167|95904444| |TF|0|0|0|0|0|0|2|10000|0|0|0|0|0
S|AKBUR|5075556|96130556| |TF|0|0|0|0|0|0|0|0|0|0|0|0|0
S|OPUNG|4522500|97009722| |TF|0|0|0|0|0|0|0|0|0|0|0|0|0

P|OTKU1A|17|OTKUL|0|4
S| |91000000|181000000| |VA|0|16900|0|0|0|0|1|1500|0|0|0|0|0
S|TT421|5532222|95419722| |DF|1|0|0|0|0|250|0|0|0|0|0|0|0
S|TT414|5560833|95144722| |TF|0|0|0|0|0|0|1|9000|0|0|0|0|0
S|OTKUL|5236667|94770278| |TF|0|0|0|0|0|0|0|0|0|0|0|0|0

P|OTKU1B|35|OTKUL|0|3
S| |91000000|181000000| |VA|0|34900|0|0|0|0|1|2000|0|0|0|0|0
S|TT414|5560833|95144722| |DF|0|0|0|0|0|0|2|4000|0|0|0|0|0
S|OTKUL|5236667|94770278| |TF|0|0|0|0|0|0|0|0|0|0|0|0|0

P|TASE1A|17|TASEK|0|5
S| |91000000|181000000| |CA|0|16900|0|0|0|0|1|1500|0|0|0|0|0
S| |91000000|181000000| |CI|1|6000|0|0|0|0|0|0|0|0|0|0|0
S|D098J|5502528|95588219|BAC|CF|0|9800|1000|9790|400|0|1|7000|0|0|0|0|0
S|DUAMO|5266111|97511389| |TF|0|0|0|0|0|0|0|0|0|0|0|0|0
S|TASEK|5258333|98300000| |TF|0|0|0|0|0|0|0|0|0|0|0|0|0

P|TASE1B|17|TASEK|0|5
S| |91000000|181000000| |VA|0|16900|0|0|0|0|1|500|0|0|0|0|0
S|SUPMI|5390556|95524444| |DF|0|0|0|0|0|0|0|0|0|0|0|0|0
S|TT410|5389167|95904444| |TF|0|0|0|0|0|0|2|10000|0|0|0|0|0
S|DUAMO|5266111|97511389| |TF|0|0|0|0|0|0|0|0|0|0|0|0|0
S|TASEK|5258333|98300000| |TF|0|0|0|0|0|0|0|0|0|0|0|0|0

P|TASE1C|35|TASEK|0|5
S| |91000000|181000000| |CA|0|34900|0|0|0|0|1|2000|0|0|0|0|0
S| |91000000|181000000| |CI|2|13000|0|0|0|0|0|0|0|0|0|0|0
S|BAC|5522639|95422306| |IF|0|0|0|0|0|0|0|0|0|0|0|0|0
S|DUAMO|5266111|97511389| |TF|0|0|0|0|0|0|0|0|0|0|0|0|0
S|TASEK|5258333|98300000| |TF|0|0|0|0|0|0|0|0|0|0|0|0|0

P|TASE1D|35|TASEK|0|5
S| |91000000|181000000| |VA|0|34900|0|0|0|0|1|2000|0|0|0|0|0
S|TEUKU|5655800|95522500| |DF|0|0|0|0|0|0|2|4000|0|0|0|0|0
S|TT410|5389167|95904444| |TF|0|0|0|0|0|0|2|10000|0|0|0|0|0
S|DUAMO|5266111|97511389| |TF|0|0|0|0|0|0|0|0|0|0|0|0|0
S|TASEK|5258333|98300000| |TF|0|0|0|0|0|0|0|0|0|0|0|0|0

