P|GUNB1C|04|GUNBO|0|3
S| |91000000|181000000| |CA|0|4500|0|0|0|0|1|1500|0|0|0|0|0
S| |91000000|181000000| |CI|2|23000|0|0|0|0|0|0|0|0|0|0|0
S|GUNBO|4867444|102832342|VKR|CF|0|20700|3300|20690|2500|0|1|9000|0|0|0|0|0

P|IKUK1C|04|IKUKO|0|3
S| |91000000|181000000| |CA|0|4500|0|0|0|0|1|1500|0|0|0|0|0
S| |91000000|181000000| |CI|0|35000|0|0|0|0|0|0|0|0|0|0|0
S|IKUKO|5753300|103223300|VKR|CF|0|2000|2490|1990|1800|0|1|6000|0|0|0|0|0

P|IKUK1D|22|IKUKO|0|3
S| |91000000|181000000| |CA|0|22500|0|0|0|0|1|1500|0|0|0|0|0
S| |91000000|181000000| |CI|2|6500|0|0|0|0|0|0|0|0|0|0|0
S|IKUKO|5753300|103223300|VKR|CF|0|2000|2490|1990|2100|0|1|6000|0|0|0|0|0

P|LASO1A|04|LASOB|0|4
S| |91000000|181000000| |CA|0|4500|0|0|0|0|1|1500|0|0|0|0|0
S|KN411|5477642|103025983| |DF|1|0|0|0|0|0|1|3000|0|0|0|0|0
S|OPASO|5356375|102913608| |TF|0|0|0|0|0|0|0|0|0|0|0|0|0
S|LASOB|5205156|102698058| |TF|0|0|0|0|0|0|1|6000|0|0|0|0|0

P|LASO1B|22|LASOB|0|2
S| |91000000|181000000| |CA|0|22500|0|0|0|0|1|1500|0|0|0|0|0
S|LASOB|5205156|102698058| |DF|0|0|0|0|0|0|1|6000|0|0|0|0|0

P|LASO1C|04|LASOB|0|3
S| |91000000|181000000| |CA|0|4500|0|0|0|0|1|1500|0|0|0|0|0
S| |91000000|181000000| |CI|1|22500|0|0|0|0|0|0|0|0|0|0|0
S|LASOB|5205156|102698058|VKR|CF|0|24800|2480|24800|1500|0|1|6000|0|0|0|0|0

P|LASO1D|22|LASOB|0|3
S| |91000000|181000000| |CA|0|22500|0|0|0|0|1|1500|0|0|0|0|0
S| |91000000|181000000| |CI|0|26800|0|0|0|0|0|0|0|0|0|0|0
S|LASOB|5205156|102698058|VKR|CF|0|24800|2480|24800|2400|0|1|6000|0|0|0|0|0

P|PALN1A|04|PALNO|0|5
S| |91000000|181000000| |CA|0|4500|0|0|0|0|1|1500|0|0|0|0|0
S|KN411|5477642|103025983| |DF|1|0|0|0|0|0|1|3000|0|0|0|0|0
S|OPASO|5356375|102913608| |TF|0|0|0|0|0|0|0|0|0|0|0|0|0
S|KN410|5352986|102805844| |TF|0|0|0|0|0|0|1|8000|0|0|0|0|0
S|PALNO|5348314|102640231| |TF|0|0|0|0|0|0|1|8000|0|0|0|0|0

P|PALN1B|22|PALNO|0|2
S| |91000000|181000000| |CA|0|22500|0|0|0|0|1|1500|0|0|0|0|0
S|PALNO|5348314|102640231| |DF|0|0|0|0|0|0|1|8000|0|0|0|0|0

P|PALN1C|04|PALNO|0|4
S| |91000000|181000000| |CA|0|4500|0|0|0|0|1|1500|0|0|0|0|0
S| |91000000|181000000| |CI|1|23000|0|0|0|0|0|0|0|0|0|0|0
S|KN410|5352986|102805844|VKR|CF|0|26900|1650|26840|1000|0|1|8000|0|0|0|0|0
S|PALNO|5348314|102640231| |TF|0|0|0|0|0|0|1|8000|0|0|0|0|0

P|PALN1D|22|PALNO|0|3
S| |91000000|181000000| |CA|0|22500|0|0|0|0|1|1500|0|0|0|0|0
S| |91000000|181000000| |CI|0|31000|0|0|0|0|0|0|0|0|0|0|0
S|PALNO|5348314|102640231|VKR|CF|0|26900|2640|26840|2400|0|1|8000|0|0|0|0|0

P|PALN2B|22|PALNO|0|7
S| |91000000|181000000| |CA|0|22500|0|0|0|0|1|1500|0|0|0|0|0
S|KN412|5241203|103021272| |DF|0|0|0|0|0|210|0|0|0|0|0|0|0
S|KN413|5241197|103088097| |TF|1|0|0|0|0|210|0|0|0|0|0|0|0
S|KN414|5308189|103088103| |TF|0|0|0|0|0|210|1|3700|0|0|0|0|0
S|OPASO|5356375|102913608| |TF|0|0|0|0|0|0|0|0|0|0|0|0|0
S|KN410|5352986|102805844| |TF|0|0|0|0|0|0|1|8000|0|0|0|0|0
S|PALNO|5348314|102640231| |TF|0|0|0|0|0|0|1|8000|0|0|0|0|0

P|PALN2D|22|PALNO|0|4
S| |91000000|181000000| |CA|0|22500|0|0|0|0|1|1500|0|0|0|0|0
S|VKR|5360675|103081717| |DF|1|0|0|0|0|0|0|0|0|1|0|0|0
S|KN410|5352986|102805844| |TF|0|0|0|0|0|0|1|8000|0|0|0|0|0
S|PALNO|5348314|102640231| |TF|0|0|0|0|0|0|1|8000|0|0|0|0|0

