P|APAGI5|14|APAGI|0|3
S|SMALL|-28196056|153525889|CG|CF|0|13900|200|13350|200|0|0|0|0|1|0|0|0
S|CUDGN|-28239056|153544250| |DF|0|0|0|0|0|0|0|0|0|1|0|0|0
S|APAGI|-28848889|152585306| |DF|0|0|0|0|0|0|0|0|0|0|0|0|0

P|BURLI5|32|APAGI|0|6
S|LUVLY|-28145853|153494200| |IF|0|0|0|0|0|180|0|0|0|0|0|0|0
S|MEETA|-28119425|153542164| |RF|2|13310|0|0|490|180|0|0|0|0|0|0|0
S|MAIDS|-28142050|153560247| |TF|0|0|0|0|0|0|1|2500|0|0|0|0|0
S|BURLI|-28192469|153600583| |TF|0|0|0|0|0|0|1|6000|0|0|0|0|0
S|CG612|-28287328|153579939| |RF|2|22600|0|0|650|0|0|0|0|0|0|0|0
S|APAGI|-28848889|152585306| |TF|0|0|0|0|0|0|0|0|0|0|0|0|0

P|CG7|14| |0|3
S| |91000000|181000000|CG|CD|0|13900|0|0|200|0|1|600|0|0|0|0|0
S| |91000000|181000000| |CA|0|13900|0|0|0|0|1|600|0|0|0|0|0
S| |91000000|181000000| |VM|0|13900|0|0|0|0|0|0|0|0|0|0|0

P|CG7|32| |0|2
S| |91000000|181000000| |CA|0|31900|0|0|0|0|1|600|0|0|0|0|0
S| |91000000|181000000| |VM|0|31900|0|0|0|0|0|0|0|0|0|0|0

P|CUDGN4|14|APAGI|0|5
S|SMALL|-28196056|153525889| |IF|0|0|0|0|0|0|0|0|0|0|0|0|0
S|CG847|-28214411|153535222| |RF|2|15070|0|0|120|0|0|0|0|0|0|0|0
S|CUDGN|-28239056|153544250| |TF|0|0|0|0|0|0|0|0|0|0|0|0|0
S|CG851|-28289578|153524872| |RF|2|22590|0|0|340|0|0|0|0|0|0|0|0
S|APAGI|-28848889|152585306| |TF|0|0|0|0|0|0|0|0|0|0|0|0|0

