P|ANTLA2|04|ANTLA|0|5
S|D026A|-38089175|147167808|ESL|CF|0|4100|100|2620|100|0|0|0|0|0|0|0|0
S| |91000000|181000000| |CA|0|4100|0|0|0|0|1|2000|0|0|0|0|0
S| |91000000|181000000| |CI|2|19700|0|0|0|250|0|0|0|0|0|0|0
S|ESL|-38102167|147154444| |IF|0|0|0|0|0|0|0|0|0|0|0|0|0
S|ANTLA|-40000028|147187778| |TF|0|0|0|0|0|0|0|0|0|0|0|0|0

P|ANTLA2|09|ANTLA|0|5
S|D075A|-38101525|147175614|ESL|CF|0|8600|100|7500|200|0|0|0|0|0|0|0|0
S| |91000000|181000000| |CA|0|8600|0|0|0|0|1|2000|0|0|0|0|0
S| |91000000|181000000| |CI|2|19700|0|0|0|250|0|0|0|0|0|0|0
S|ESL|-38102167|147154444| |IF|0|0|0|0|0|0|0|0|0|0|0|0|0
S|ANTLA|-40000028|147187778| |TF|0|0|0|0|0|0|0|0|0|0|0|0|0

P|ANTLA2|22|ANTLA|0|5
S|D236A|-38108208|147134814|ESL|CF|0|22100|100|23560|100|0|0|0|0|0|0|0|0
S| |91000000|181000000| |CA|0|22100|0|0|0|0|1|2000|0|0|0|0|0
S| |91000000|181000000| |CI|0|13700|0|0|0|250|0|0|0|0|0|0|0
S|ESL|-38102167|147154444| |IF|0|0|0|0|0|0|0|0|0|0|0|0|0
S|ANTLA|-40000028|147187778| |TF|0|0|0|0|0|0|0|0|0|0|0|0|0

P|ANTLA2|27|ANTLA|0|5
S|D277A|-38096458|147134606|ESL|CF|0|26600|100|27680|100|0|0|0|0|0|0|0|0
S| |91000000|181000000| |CA|0|26600|0|0|0|0|1|2000|0|0|0|0|0
S| |91000000|181000000| |CI|1|13700|0|0|0|250|0|0|0|0|0|0|0
S|ESL|-38102167|147154444| |IF|0|0|0|0|0|0|0|0|0|0|0|0|0
S|ANTLA|-40000028|147187778| |TF|0|0|0|0|0|0|0|0|0|0|0|0|0

P|AY3|04|AY|0|5
S|D026A|-38089175|147167808|ESL|CF|0|4100|100|2620|100|0|0|0|0|0|0|0|0
S| |91000000|181000000| |CA|0|4100|0|0|0|0|1|2000|0|0|0|0|0
S| |91000000|181000000| |CI|0|31300|0|0|0|250|0|0|0|0|0|0|0
S|ESL|-38102167|147154444| |IF|0|0|0|0|0|0|0|0|0|0|0|0|0
S|AY|-36068000|146966083| |TF|0|0|0|0|0|0|0|0|0|0|0|0|0

P|AY3|09|AY|0|5
S|D075A|-38101525|147175614|ESL|CF|0|8600|100|7500|200|0|0|0|0|0|0|0|0
S| |91000000|181000000| |CA|0|8600|0|0|0|0|1|2000|0|0|0|0|0
S| |91000000|181000000| |CI|1|31300|0|0|0|250|0|0|0|0|0|0|0
S|ESL|-38102167|147154444| |IF|0|0|0|0|0|0|0|0|0|0|0|0|0
S|AY|-36068000|146966083| |TF|0|0|0|0|0|0|0|0|0|0|0|0|0

P|AY3|22|AY|0|5
S|D236A|-38108208|147134814|ESL|CF|0|22100|100|23560|100|0|0|0|0|0|0|0|0
S| |91000000|181000000| |CA|0|22100|0|0|0|0|1|2000|0|0|0|0|0
S| |91000000|181000000| |CI|2|1300|0|0|0|250|0|0|0|0|0|0|0
S|ESL|-38102167|147154444| |IF|0|0|0|0|0|0|0|0|0|0|0|0|0
S|AY|-36068000|146966083| |TF|0|0|0|0|0|0|0|0|0|0|0|0|0

P|AY3|27|AY|0|5
S|D277A|-38096458|147134606|ESL|CF|0|26600|100|27680|100|0|0|0|0|0|0|0|0
S| |91000000|181000000| |CA|0|26600|0|0|0|0|1|2000|0|0|0|0|0
S| |91000000|181000000| |CI|2|1300|0|0|0|250|0|0|0|0|0|0|0
S|ESL|-38102167|147154444| |IF|0|0|0|0|0|0|0|0|0|0|0|0|0
S|AY|-36068000|146966083| |TF|0|0|0|0|0|0|0|0|0|0|0|0|0

P|BULKO1|04|BULKO|0|4
S|D026A|-38089175|147167808|ESL|CF|0|4100|100|2610|100|0|0|0|0|0|0|0|0
S| |91000000|181000000| |CA|0|4100|0|0|0|0|1|2000|0|0|0|0|0
S| |91000000|181000000| |CI|1|22400|0|0|0|250|0|0|0|0|0|0|0
S|BULKO|-38153333|146101667|ESL|CF|0|25400|4990|25320|4100|0|0|0|0|0|0|0|0

P|BULKO1|09|BULKO|0|4
S|D075A|-38101525|147175614|ESL|CF|0|8600|100|7480|200|0|0|0|0|0|0|0|0
S| |91000000|181000000| |CA|0|8600|0|0|0|0|1|2000|0|0|0|0|0
S| |91000000|181000000| |CI|1|22400|0|0|0|250|0|0|0|0|0|0|0
S|BULKO|-38153333|146101667|ESL|CF|0|25400|4990|25320|4900|0|0|0|0|0|0|0|0

P|BULKO1|22|BULKO|0|4
S|D236A|-38108208|147134814|ESL|CF|0|22100|100|23570|100|0|0|0|0|0|0|0|0
S| |91000000|181000000| |CA|0|22100|0|0|0|0|1|2000|0|0|0|0|0
S| |91000000|181000000| |VI|0|28400|0|0|0|250|0|0|0|0|0|0|0
S|BULKO|-38153333|146101667|ESL|CF|0|25400|4990|25320|4100|0|0|0|0|0|0|0|0

P|BULKO1|27|BULKO|0|3
S|D277A|-38096458|147134606|ESL|CF|0|26600|100|27700|100|0|0|0|0|0|0|0|0
S| |91000000|181000000| |CA|0|26600|0|0|0|0|1|2000|0|0|0|0|0
S|BULKO|-38153333|146101667|ESL|CF|0|25400|4990|25320|4900|0|0|0|0|0|0|0|0

P|DUNNE3|04|DUNNE|0|4
S|D026A|-38089175|147167808|ESL|CF|0|4100|100|2620|100|0|0|0|0|0|0|0|0
S| |91000000|181000000| |CA|0|4100|0|0|0|0|1|2000|0|0|0|0|0
S| |91000000|181000000| |CI|1|24000|0|0|0|250|0|0|0|0|0|0|0
S|DUNNE|-37916400|146120717|ESL|CF|0|27000|5030|26950|4000|0|0|0|0|0|0|0|0

P|DUNNE3|09|DUNNE|0|4
S|D075A|-38101525|147175614|ESL|CF|0|8600|100|7500|200|0|0|0|0|0|0|0|0
S| |91000000|181000000| |CA|0|8600|0|0|0|0|1|2000|0|0|0|0|0
S| |91000000|181000000| |CI|1|24000|0|0|0|250|0|0|0|0|0|0|0
S|DUNNE|-37916400|146120717|ESL|CF|0|27000|5030|26950|4500|0|0|0|0|0|0|0|0

P|DUNNE3|22|DUNNE|0|4
S|D236A|-38108208|147134814|ESL|CF|0|22100|100|23560|100|0|0|0|0|0|0|0|0
S| |91000000|181000000| |CA|0|22100|0|0|0|0|1|2000|0|0|0|0|0
S| |91000000|181000000| |CI|0|30000|0|0|0|250|0|0|0|0|0|0|0
S|DUNNE|-37916400|146120717|ESL|CF|0|27000|5030|26950|4200|0|0|0|0|0|0|0|0

P|DUNNE3|27|DUNNE|0|3
S|D277A|-38096458|147134606|ESL|CF|0|26600|100|27680|100|0|0|0|0|0|0|0|0
S| |91000000|181000000| |CA|0|26600|0|0|0|0|1|2000|0|0|0|0|0
S|DUNNE|-37916400|146120717|ESL|CF|0|27000|5030|26950|4800|0|0|0|0|0|0|0|0

P|ESL5|04| |0|3
S|DER04|-38093103|147161006| |DF|0|0|0|0|0|0|0|0|0|1|0|0|0
S| |91000000|181000000| |CA|0|4100|0|0|0|0|1|2000|0|0|0|0|0
S| |91000000|181000000| |VM|0|4100|0|0|0|0|0|0|0|0|0|0|0

P|ESL5|09| |0|3
S|DER09|-38098789|147153425| |DF|0|0|0|0|0|0|0|0|0|1|0|0|0
S| |91000000|181000000| |CA|0|8600|0|0|0|0|1|2000|0|0|0|0|0
S| |91000000|181000000| |VM|0|8600|0|0|0|0|0|0|0|0|0|0|0

P|ESL5|22| |0|3
S|DER22|-38106050|147138561| |DF|0|0|0|0|0|0|0|0|0|1|0|0|0
S| |91000000|181000000| |CA|0|22100|0|0|0|0|1|2000|0|0|0|0|0
S| |91000000|181000000| |VM|0|22100|0|0|0|0|0|0|0|0|0|0|0

P|ESL5|27| |0|3
S|DER27|-38095681|147128300| |DF|0|0|0|0|0|0|0|0|0|1|0|0|0
S| |91000000|181000000| |CA|0|26600|0|0|0|0|1|2000|0|0|0|0|0
S| |91000000|181000000| |VM|0|26600|0|0|0|0|0|0|0|0|0|0|0

P|GIPPS3|04|GIPPS|0|3
S|D026A|-38089175|147167808|ESL|CF|0|4100|100|2620|100|0|0|0|0|0|0|0|0
S| |91000000|181000000| |CA|0|4100|0|0|0|0|1|2000|0|0|0|0|0
S|GIPPS|-37710000|148085000|ESL|CF|0|4900|5010|4930|4800|0|0|0|0|0|0|0|0

P|GIPPS3|09|GIPPS|0|4
S|D075A|-38101525|147175614|ESL|CF|0|8600|100|7500|200|0|0|0|0|0|0|0|0
S| |91000000|181000000| |CA|0|8600|0|0|0|0|1|2000|0|0|0|0|0
S| |91000000|181000000| |CI|0|1900|0|0|0|250|0|0|0|0|0|0|0
S|GIPPS|-37710000|148085000|ESL|CF|0|4900|5010|4930|4200|0|0|0|0|0|0|0|0

P|GIPPS3|22|GIPPS|0|4
S|D236A|-38108208|147134814|ESL|CF|0|22100|100|23560|100|0|0|0|0|0|0|0|0
S| |91000000|181000000| |CA|0|22100|0|0|0|0|1|2000|0|0|0|0|0
S| |91000000|181000000| |CI|1|1900|0|0|0|250|0|0|0|0|0|0|0
S|GIPPS|-37710000|148085000|ESL|CF|0|4900|5010|4930|4500|0|0|0|0|0|0|0|0

P|GIPPS3|27|GIPPS|0|4
S|D277A|-38096458|147134606|ESL|CF|0|26600|100|27680|100|0|0|0|0|0|0|0|0
S| |91000000|181000000| |CA|0|26600|0|0|0|0|1|2000|0|0|0|0|0
S| |91000000|181000000| |CI|2|7900|0|0|0|250|0|0|0|0|0|0|0
S|GIPPS|-37710000|148085000|ESL|CF|0|4900|5010|4930|4200|0|0|0|0|0|0|0|0

P|MNG3|04|MNG|0|5
S|D026A|-38089175|147167808|ESL|CF|0|4100|100|2620|100|0|0|0|0|0|0|0|0
S| |91000000|181000000| |CA|0|4100|0|0|0|0|1|2000|0|0|0|0|0
S| |91000000|181000000| |CI|1|26500|0|0|0|250|0|0|0|0|0|0|0
S|ESL|-38102167|147154444| |IF|0|0|0|0|0|0|0|0|0|0|0|0|0
S|MNG|-36885889|145194222| |TF|0|0|0|0|0|0|0|0|0|0|0|0|0

P|MNG3|09|MNG|0|5
S|D075A|-38101525|147175614|ESL|CF|0|8600|100|7500|200|0|0|0|0|0|0|0|0
S| |91000000|181000000| |CA|0|8600|0|0|0|0|1|2000|0|0|0|0|0
S| |91000000|181000000| |CI|1|26500|0|0|0|250|0|0|0|0|0|0|0
S|ESL|-38102167|147154444| |IF|0|0|0|0|0|0|0|0|0|0|0|0|0
S|MNG|-36885889|145194222| |TF|0|0|0|0|0|0|0|0|0|0|0|0|0

P|MNG3|22|MNG|0|5
S|D236A|-38108208|147134814|ESL|CF|0|22100|100|23560|100|0|0|0|0|0|0|0|0
S| |91000000|181000000| |CA|0|22100|0|0|0|0|1|2000|0|0|0|0|0
S| |91000000|181000000| |CI|2|32500|0|0|0|250|0|0|0|0|0|0|0
S|ESL|-38102167|147154444| |IF|0|0|0|0|0|0|0|0|0|0|0|0|0
S|MNG|-36885889|145194222| |TF|0|0|0|0|0|0|0|0|0|0|0|0|0

P|MNG3|27|MNG|0|5
S|D277A|-38096458|147134606|ESL|CF|0|26600|100|27680|100|0|0|0|0|0|0|0|0
S| |91000000|181000000| |CA|0|26600|0|0|0|0|1|2000|0|0|0|0|0
S| |91000000|181000000| |VI|0|32500|0|0|0|250|0|0|0|0|0|0|0
S|ESL|-38102167|147154444| |IF|0|0|0|0|0|0|0|0|0|0|0|0|0
S|MNG|-36885889|145194222| |TF|0|0|0|0|0|0|0|0|0|0|0|0|0

P|MOZZA3|04|MOZZA|0|4
S|D026A|-38089175|147167808|ESL|CF|0|4100|100|2620|100|0|0|0|0|0|0|0|0
S| |91000000|181000000| |CA|0|4100|0|0|0|0|1|2000|0|0|0|0|0
S| |91000000|181000000| |CI|1|22900|0|0|0|250|0|0|0|0|0|0|0
S|MOZZA|-38081667|146098333|ESL|CF|0|25900|5000|25810|4000|0|0|0|0|0|0|0|0

P|MOZZA3|09|MOZZA|0|4
S|D075A|-38101525|147175614|ESL|CF|0|8600|100|7500|200|0|0|0|0|0|0|0|0
S| |91000000|181000000| |CA|0|8600|0|0|0|0|1|2000|0|0|0|0|0
S| |91000000|181000000| |CI|1|22900|0|0|0|250|0|0|0|0|0|0|0
S|MOZZA|-38081667|146098333|ESL|CF|0|25900|5000|25810|4600|0|0|0|0|0|0|0|0

P|MOZZA3|22|MOZZA|0|4
S|D236A|-38108208|147134814|ESL|CF|0|22100|100|23560|100|0|0|0|0|0|0|0|0
S| |91000000|181000000| |CA|0|22100|0|0|0|0|1|2000|0|0|0|0|0
S| |91000000|181000000| |CI|0|28900|0|0|0|250|0|0|0|0|0|0|0
S|MOZZA|-38081667|146098333|ESL|CF|0|25900|5000|25810|4400|0|0|0|0|0|0|0|0

P|MOZZA3|27|MOZZA|0|3
S|D277A|-38096458|147134606|ESL|CF|0|26600|100|27680|100|0|0|0|0|0|0|0|0
S| |91000000|181000000| |CA|0|26600|0|0|0|0|1|2000|0|0|0|0|0
S|MOZZA|-38081667|146098333|ESL|CF|0|25900|5000|25810|4800|0|0|0|0|0|0|0|0

P|NUNPA2|04|NUNPA|0|5
S|D026A|-38089175|147167808|ESL|CF|0|4100|100|2620|100|0|0|0|0|0|0|0|0
S| |91000000|181000000| |CA|0|4100|0|0|0|0|1|2000|0|0|0|0|0
S| |91000000|181000000| |CI|2|17900|0|0|0|250|0|0|0|0|0|0|0
S|ESL|-38102167|147154444| |IF|0|0|0|0|0|0|0|0|0|0|0|0|0
S|NUNPA|-40095631|148014844| |TF|0|0|0|0|0|0|0|0|0|0|0|0|0

P|NUNPA2|09|NUNPA|0|5
S|D075A|-38101525|147175614|ESL|CF|0|8600|100|7500|200|0|0|0|0|0|0|0|0
S| |91000000|181000000| |CA|0|8600|0|0|0|0|1|2000|0|0|0|0|0
S| |91000000|181000000| |CI|2|17900|0|0|0|250|0|0|0|0|0|0|0
S|ESL|-38102167|147154444| |IF|0|0|0|0|0|0|0|0|0|0|0|0|0
S|NUNPA|-40095631|148014844| |TF|0|0|0|0|0|0|0|0|0|0|0|0|0

P|NUNPA2|22|NUNPA|0|5
S|D236A|-38108208|147134814|ESL|CF|0|22100|100|23560|100|0|0|0|0|0|0|0|0
S| |91000000|181000000| |CA|0|22100|0|0|0|0|1|2000|0|0|0|0|0
S| |91000000|181000000| |CI|1|11900|0|0|0|250|0|0|0|0|0|0|0
S|ESL|-38102167|147154444| |IF|0|0|0|0|0|0|0|0|0|0|0|0|0
S|NUNPA|-40095631|148014844| |TF|0|0|0|0|0|0|0|0|0|0|0|0|0

P|NUNPA2|27|NUNPA|0|5
S|D277A|-38096458|147134606|ESL|CF|0|26600|100|27680|100|0|0|0|0|0|0|0|0
S| |91000000|181000000| |CA|0|26600|0|0|0|0|1|2000|0|0|0|0|0
S| |91000000|181000000| |CI|1|11900|0|0|0|250|0|0|0|0|0|0|0
S|ESL|-38102167|147154444| |IF|0|0|0|0|0|0|0|0|0|0|0|0|0
S|NUNPA|-40095631|148014844| |TF|0|0|0|0|0|0|0|0|0|0|0|0|0

P|TYERS3|04|TYERS|0|4
S|D026A|-38089175|147167808|ESL|CF|0|4100|100|2620|100|0|0|0|0|0|0|0|0
S| |91000000|181000000| |CA|0|4100|0|0|0|0|1|2000|0|0|0|0|0
S| |91000000|181000000| |VI|0|9400|0|0|0|250|0|0|0|0|0|0|0
S|TYERS|-37910000|148181667|ESL|CF|0|6400|5010|6400|4500|0|0|0|0|0|0|0|0

P|TYERS3|09|TYERS|0|4
S|D075A|-38101525|147175614|ESL|CF|0|8600|100|7500|200|0|0|0|0|0|0|0|0
S| |91000000|181000000| |CA|0|8600|0|0|0|0|1|2000|0|0|0|0|0
S| |91000000|181000000| |CI|0|3400|0|0|0|250|0|0|0|0|0|0|0
S|TYERS|-37910000|148181667|ESL|CF|0|6400|5010|6400|4400|0|0|0|0|0|0|0|0

P|TYERS3|22|TYERS|0|4
S|D236A|-38108208|147134814|ESL|CF|0|22100|100|23560|100|0|0|0|0|0|0|0|0
S| |91000000|181000000| |CA|0|22100|0|0|0|0|1|2000|0|0|0|0|0
S| |91000000|181000000| |CI|1|3400|0|0|0|250|0|0|0|0|0|0|0
S|TYERS|-37910000|148181667|ESL|CF|0|6400|5010|6400|4300|0|0|0|0|0|0|0|0

P|TYERS3|27|TYERS|0|4
S|D277A|-38096458|147134606|ESL|CF|0|26600|100|27680|100|0|0|0|0|0|0|0|0
S| |91000000|181000000| |CA|0|26600|0|0|0|0|1|2000|0|0|0|0|0
S| |91000000|181000000| |CI|2|9400|0|0|0|250|0|0|0|0|0|0|0
S|TYERS|-37910000|148181667|ESL|CF|0|6400|5010|6400|4300|0|0|0|0|0|0|0|0

P|VALDU2|04|VALDU|0|5
S|D026A|-38089175|147167808|ESL|CF|0|4100|100|2620|100|0|0|0|0|0|0|0|0
S| |91000000|181000000| |CA|0|4100|0|0|0|0|1|2000|0|0|0|0|0
S| |91000000|181000000| |CI|0|33500|0|0|0|250|0|0|0|0|0|0|0
S|ESL|-38102167|147154444| |IF|0|0|0|0|0|0|0|0|0|0|0|0|0
S|VALDU|-37141086|147552169| |TF|0|0|0|0|0|0|0|0|0|0|0|0|0

P|VALDU2|09|VALDU|0|5
S|D075A|-38101525|147175614|ESL|CF|0|8600|100|7500|200|0|0|0|0|0|0|0|0
S| |91000000|181000000| |CA|0|8600|0|0|0|0|1|2000|0|0|0|0|0
S| |91000000|181000000| |CI|1|33500|0|0|0|250|0|0|0|0|0|0|0
S|ESL|-38102167|147154444| |IF|0|0|0|0|0|0|0|0|0|0|0|0|0
S|VALDU|-37141086|147552169| |TF|0|0|0|0|0|0|0|0|0|0|0|0|0

P|VALDU2|22|VALDU|0|5
S|D236A|-38108208|147134814|ESL|CF|0|22100|100|23560|100|0|0|0|0|0|0|0|0
S| |91000000|181000000| |CA|0|22100|0|0|0|0|1|2000|0|0|0|0|0
S| |91000000|181000000| |CI|2|3500|0|0|0|250|0|0|0|0|0|0|0
S|ESL|-38102167|147154444| |IF|0|0|0|0|0|0|0|0|0|0|0|0|0
S|VALDU|-37141086|147552169| |TF|0|0|0|0|0|0|0|0|0|0|0|0|0

P|VALDU2|27|VALDU|0|5
S|D277A|-38096458|147134606|ESL|CF|0|26600|100|27680|100|0|0|0|0|0|0|0|0
S| |91000000|181000000| |CA|0|26600|0|0|0|0|1|2000|0|0|0|0|0
S| |91000000|181000000| |CI|2|3500|0|0|0|250|0|0|0|0|0|0|0
S|ESL|-38102167|147154444| |IF|0|0|0|0|0|0|0|0|0|0|0|0|0
S|VALDU|-37141086|147552169| |TF|0|0|0|0|0|0|0|0|0|0|0|0|0

P|VISER1|04|VISER|0|3
S|D026A|-38089175|147167808|ESL|CF|0|4100|100|2610|100|0|0|0|0|0|0|0|0
S| |91000000|181000000| |CA|0|4100|0|0|0|0|1|2000|0|0|0|0|0
S|VISER|-37460000|147826667|ESL|CF|0|2700|5000|2690|4800|0|0|0|0|0|0|0|0

P|VISER1|09|VISER|0|4
S|D075A|-38101525|147175614|ESL|CF|0|8600|100|7480|200|0|0|0|0|0|0|0|0
S| |91000000|181000000| |CA|0|8600|0|0|0|0|1|2000|0|0|0|0|0
S| |91000000|181000000| |CI|0|35700|0|0|0|250|0|0|0|0|0|0|0
S|VISER|-37460000|147826667|ESL|CF|0|2700|5000|2690|4000|0|0|0|0|0|0|0|0

P|VISER1|22|VISER|0|4
S|D236A|-38108208|147134814|ESL|CF|0|22100|100|23570|100|0|0|0|0|0|0|0|0
S| |91000000|181000000| |CA|0|22100|0|0|0|0|1|2000|0|0|0|0|0
S| |91000000|181000000| |CI|2|5700|0|0|0|250|0|0|0|0|0|0|0
S|VISER|-37460000|147826667|ESL|CF|0|2700|5000|2690|4400|0|0|0|0|0|0|0|0

P|VISER1|27|VISER|0|4
S|D277A|-38096458|147134606|ESL|CF|0|26600|100|27700|100|0|0|0|0|0|0|0|0
S| |91000000|181000000| |CA|0|26600|0|0|0|0|1|2000|0|0|0|0|0
S| |91000000|181000000| |CI|2|5700|0|0|0|250|0|0|0|0|0|0|0
S|VISER|-37460000|147826667|ESL|CF|0|2700|5000|2690|4100|0|0|0|0|0|0|0|0

