P|ISPET1|06L| |0|4
S| |91000000|181000000| |CA|0|5600|0|0|0|0|1|600|0|0|0|0|0
S|D307C|-32069383|115832428| |DF|1|0|0|0|0|0|1|700|0|0|0|0|0
S|ISPET|-32016667|115746667| |TF|0|0|0|0|0|0|0|0|0|0|0|0|0
S| |91000000|181000000| |VM|0|30700|0|0|0|0|0|0|0|0|0|0|0

P|ISPET1|12| |0|4
S| |91000000|181000000| |CA|0|11600|0|0|0|0|1|600|0|0|0|0|0
S|D307C|-32069383|115832428| |DF|1|0|0|0|0|0|1|700|0|0|0|0|0
S|ISPET|-32016667|115746667| |TF|0|0|0|0|0|0|0|0|0|0|0|0|0
S| |91000000|181000000| |VM|0|30700|0|0|0|0|0|0|0|0|0|0|0

P|ISPET1|24R| |0|4
S| |91000000|181000000| |CA|0|23600|0|0|0|0|1|600|0|0|0|0|0
S| |91000000|181000000| |CI|2|35200|0|0|0|0|0|0|0|0|0|0|0
S|ISPET|-32016667|115746667|PH|CF|0|30700|1170|25040|300|0|0|0|0|0|0|0|0
S| |91000000|181000000| |VM|0|30700|0|0|0|0|0|0|0|0|0|0|0

P|ISPET1|30| |0|4
S| |91000000|181000000| |CA|0|29600|0|0|0|0|1|600|0|0|0|0|0
S| |91000000|181000000| |CI|0|33700|0|0|0|0|0|0|0|0|0|0|0
S|ISPET|-32016667|115746667|PH|CF|0|30700|1170|25040|700|0|0|0|0|0|0|0|0
S| |91000000|181000000| |VM|0|30700|0|0|0|0|0|0|0|0|0|0|0

P|SCARP5|06L| |0|4
S| |91000000|181000000| |CA|0|5600|0|0|0|0|1|600|0|0|0|0|0
S|D115C|-32120153|115933653| |DF|2|0|0|0|0|0|1|700|0|0|0|0|0
S|SCARP|-32163333|116050000| |TF|0|0|0|0|0|0|0|0|0|0|0|0|0
S| |91000000|181000000| |VM|0|11500|0|0|0|0|0|0|0|0|0|0|0

P|SCARP5|12| |0|3
S| |91000000|181000000| |CA|0|11600|0|0|0|0|1|600|0|0|0|0|0
S|SCARP|-32163333|116050000|PH|CF|0|11500|1390|16250|900|0|0|0|0|0|0|0|0
S| |91000000|181000000| |VM|0|11500|0|0|0|0|0|0|0|0|0|0|0

P|SCARP5|24R| |0|4
S| |91000000|181000000| |CA|0|23600|0|0|0|0|1|600|0|0|0|0|0
S| |91000000|181000000| |CI|1|8500|0|0|0|0|0|0|0|0|0|0|0
S|SCARP|-32163333|116050000|PH|CF|0|11500|1390|16250|300|0|0|0|0|0|0|0|0
S| |91000000|181000000| |VM|0|11500|0|0|0|0|0|0|0|0|0|0|0

P|SCARP5|30| |0|4
S| |91000000|181000000| |CA|0|29600|0|0|0|0|1|600|0|0|0|0|0
S| |91000000|181000000| |CI|1|8500|0|0|0|0|0|0|0|0|0|0|0
S|SCARP|-32163333|116050000|PH|CF|0|11500|1390|16250|300|0|0|0|0|0|0|0|0
S| |91000000|181000000| |VM|0|11500|0|0|0|0|0|0|0|0|0|0|0

P|TONEG6|06L|TONEG|0|4
S| |91000000|181000000| |CA|0|5600|0|0|0|0|1|600|0|0|0|0|0
S| |91000000|181000000| |CI|1|21000|0|0|0|150|0|0|0|0|0|0|0
S|TONEG|-32154417|115787083|PH|CF|0|24000|1530|21690|200|0|0|0|0|0|0|0|0
S|TONEG|-32154417|115787083|PH|FM|0|24000|1530|21690|0|0|0|0|0|0|0|0|0

P|TONEG6|12|TONEG|0|4
S| |91000000|181000000| |CA|0|11600|0|0|0|0|1|600|0|0|0|0|0
S| |91000000|181000000| |CI|2|28200|0|0|0|150|0|0|0|0|0|0|0
S|TONEG|-32154417|115787083|PH|CF|0|24000|1530|21690|200|0|0|0|0|0|0|0|0
S|TONEG|-32154417|115787083|PH|FM|0|24000|1530|21690|0|0|0|0|0|0|0|0|0

P|TONEG6|24R|TONEG|0|3
S| |91000000|181000000| |CA|0|23600|0|0|0|0|1|600|0|0|0|0|0
S|TONEG|-32154417|115787083| |DF|0|0|0|0|0|0|0|0|0|0|0|0|0
S|TONEG|-32154417|115787083|PH|FM|0|24000|1530|21690|0|0|0|0|0|0|0|0|0

P|TONEG6|30|TONEG|0|4
S| |91000000|181000000| |CA|0|29600|0|0|0|0|1|600|0|0|0|0|0
S| |91000000|181000000| |CI|1|16800|0|0|0|150|0|0|0|0|0|0|0
S|TONEG|-32154417|115787083|PH|CF|0|24000|1530|21690|300|0|0|0|0|0|0|0|0
S|TONEG|-32154417|115787083|PH|FM|0|24000|1530|21690|0|0|0|0|0|0|0|0|0

