P|ABAS5A|03|ABASS|0|3
S|DER03|-34935658|150552131| |DF|0|0|0|0|0|0|0|0|0|1|0|0|0
S| |91000000|181000000| |CA|0|3200|0|0|0|0|1|1000|0|0|0|0|0
S|ABASS|-34583389|150943444|CB|CF|0|3000|9580|5260|2800|0|0|0|0|0|0|0|0

P|ABAS5A|08|ABASS|0|4
S|DER08|-34949308|150549458| |DF|0|0|0|0|0|0|0|0|0|1|0|0|0
S| |91000000|181000000| |CA|0|8200|0|0|0|180|1|1000|0|0|0|0|0
S| |91000000|181000000| |CI|1|33000|0|0|0|0|0|0|0|0|0|0|0
S|ABASS|-34583389|150943444|CB|CF|0|3000|9580|5260|2600|0|0|0|0|0|0|0|0

P|ABAS5A|26|ABASS|0|4
S|DER26|-34947867|150526597| |DF|0|0|0|0|0|0|0|0|0|1|0|0|0
S| |91000000|181000000| |CA|0|26200|0|0|0|0|1|1100|0|0|0|0|0
S| |91000000|181000000| |CI|2|7000|0|0|0|0|0|0|0|0|0|0|0
S|ABASS|-34583389|150943444|CB|CF|0|3000|9580|5260|2400|0|0|0|0|0|0|0|0

P|ABAS5T|21|ABASS|0|5
S|DER21|-34948839|150536464| |DF|0|0|0|0|0|0|0|0|0|1|0|0|0
S| |91000000|181000000| |CA|0|21200|0|0|0|0|1|1300|0|0|0|0|0
S| |91000000|181000000|NWR|CR|2|3000|0|30000|0|0|0|0|0|0|0|0|0
S| |91000000|181000000| |VI|0|5900|0|0|0|0|0|0|0|0|0|0|0
S|ABASS|-34583389|150943444|NWR|CF|0|2900|2980|2940|2300|0|0|0|0|0|0|0|0

P|AKMI3A|03|AKMIR|0|4
S|DER03|-34935658|150552131| |DF|0|0|0|0|0|0|0|0|0|1|0|0|0
S| |91000000|181000000| |CA|0|3200|0|0|0|0|1|1000|0|0|0|0|0
S| |91000000|181000000| |CI|1|27000|0|0|0|0|0|0|0|0|0|0|0
S|AKMIR|-34178556|150106750|CB|CF|0|32300|8000|2260|4600|0|0|0|0|0|0|0|0

P|AKMI3A|08|AKMIR|0|4
S|DER08|-34949308|150549458| |DF|0|0|0|0|0|0|0|0|0|1|0|0|0
S| |91000000|181000000| |CA|0|8200|0|0|0|180|1|1000|0|0|0|0|0
S| |91000000|181000000| |CI|1|28500|0|0|0|0|0|0|0|0|0|0|0
S|AKMIR|-34178556|150106750|CB|CF|0|32300|8000|2260|4500|0|0|0|0|0|0|0|0

P|AKMI3A|21|AKMIR|0|4
S|DER21|-34948839|150536464| |DF|0|0|0|0|0|0|0|0|0|1|0|0|0
S| |91000000|181000000| |CA|0|21200|0|0|0|0|1|1300|0|0|0|0|0
S| |91000000|181000000| |CI|2|3000|0|0|0|0|0|0|0|0|0|0|0
S|AKMIR|-34178556|150106750|CB|CF|0|32300|8000|2260|4800|0|0|0|0|0|0|0|0

P|AKMI3A|26|AKMIR|0|4
S|DER26|-34947867|150526597| |DF|0|0|0|0|0|0|0|0|0|1|0|0|0
S| |91000000|181000000| |CA|0|26200|0|0|0|0|1|1100|0|0|0|0|0
S| |91000000|181000000| |CI|2|2500|0|0|0|0|0|0|0|0|0|0|0
S|AKMIR|-34178556|150106750|CB|CF|0|32300|8000|2260|4700|0|0|0|0|0|0|0|0

P|CB5A|08|CB|0|5
S|DER08|-34949308|150549458| |DF|0|0|0|0|0|0|0|0|0|1|0|0|0
S| |91000000|181000000| |CA|0|8200|0|0|0|180|1|1000|0|0|0|0|0
S| |91000000|181000000| |CI|2|26000|0|0|0|0|0|0|0|0|0|0|0
S|NWA|-34951222|150529778| |IF|0|0|0|0|0|0|0|0|0|0|0|0|0
S|CB|-35281444|149195731| |TF|0|0|0|0|0|0|0|0|0|0|0|0|0

P|CB5A|21|CB|0|5
S|DER21|-34948839|150536464| |DF|0|0|0|0|0|0|0|0|0|1|0|0|0
S| |91000000|181000000| |CA|0|21200|0|0|0|0|1|1300|0|0|0|0|0
S| |91000000|181000000| |CI|2|32000|0|0|0|0|0|0|0|0|0|0|0
S|NWA|-34951222|150529778| |IF|0|0|0|0|0|0|0|0|0|0|0|0|0
S|CB|-35281444|149195731| |TF|0|0|0|0|0|0|0|0|0|0|0|0|0

P|CB5A|26|CB|0|5
S|DER26|-34947867|150526597| |DF|0|0|0|0|0|0|0|0|0|1|0|0|0
S| |91000000|181000000| |CA|0|26200|0|0|0|0|1|1100|0|0|0|0|0
S| |91000000|181000000| |CI|0|18000|0|0|0|0|0|0|0|0|0|0|0
S|NWA|-34951222|150529778| |IF|0|0|0|0|0|0|0|0|0|0|0|0|0
S|CB|-35281444|149195731| |TF|0|0|0|0|0|0|0|0|0|0|0|0|0

P|CB5T|03|CB|0|6
S|DER03|-34935658|150552131| |DF|0|0|0|0|0|0|0|0|0|1|0|0|0
S| |91000000|181000000| |CA|0|3200|0|0|0|0|1|1000|0|0|0|0|0
S| |91000000|181000000|NWR|CR|1|21000|0|30000|0|0|0|0|0|0|0|0|0
S| |91000000|181000000| |VI|0|21000|0|0|0|0|0|0|0|0|0|0|0
S|NWR|-34951056|150538000| |IF|0|0|0|0|0|0|0|0|0|0|0|0|0
S|CB|-35281444|149195731| |TF|0|0|0|0|0|0|0|0|0|0|0|0|0

P|COM5A|08|COM|0|5
S|DER08|-34949308|150549458| |DF|0|0|0|0|0|0|0|0|0|1|0|0|0
S| |91000000|181000000| |CA|0|8200|0|0|0|180|1|1000|0|0|0|0|0
S| |91000000|181000000| |CI|2|26000|0|0|0|0|0|0|0|0|0|0|0
S|NWA|-34951222|150529778| |IF|0|0|0|0|0|0|0|0|0|0|0|0|0
S|COM|-36353786|148957519| |TF|0|0|0|0|0|0|0|0|0|0|0|0|0

P|COM5A|21|COM|0|4
S|DER21|-34948839|150536464| |DF|0|0|0|0|0|0|0|0|0|1|0|0|0
S| |91000000|181000000| |CA|0|21200|0|0|0|0|1|1300|0|0|0|0|0
S|NWA|-34951222|150529778| |IF|0|0|0|0|0|0|0|0|0|0|0|0|0
S|COM|-36353786|148957519| |TF|0|0|0|0|0|0|0|0|0|0|0|0|0

P|COM5A|26|COM|0|5
S|DER26|-34947867|150526597| |DF|0|0|0|0|0|0|0|0|0|1|0|0|0
S| |91000000|181000000| |CA|0|26200|0|0|0|0|1|1100|0|0|0|0|0
S| |91000000|181000000| |CI|1|14500|0|0|0|0|0|0|0|0|0|0|0
S|NWA|-34951222|150529778| |IF|0|0|0|0|0|0|0|0|0|0|0|0|0
S|COM|-36353786|148957519| |TF|0|0|0|0|0|0|0|0|0|0|0|0|0

P|COM5T|03|COM|0|6
S|DER03|-34935658|150552131| |DF|0|0|0|0|0|0|0|0|0|1|0|0|0
S| |91000000|181000000| |CA|0|3200|0|0|0|0|1|1000|0|0|0|0|0
S| |91000000|181000000|NWR|CR|1|21000|0|30000|0|0|0|0|0|0|0|0|0
S| |91000000|181000000| |VI|0|17900|0|0|0|0|0|0|0|0|0|0|0
S|NWR|-34951056|150538000| |IF|0|0|0|0|0|0|0|0|0|0|0|0|0
S|COM|-36353786|148957519| |TF|0|0|0|0|0|0|0|0|0|0|0|0|0

P|GLB5A|03|GLB|0|4
S|DER03|-34935658|150552131| |DF|0|0|0|0|0|0|0|0|0|1|0|0|0
S| |91000000|181000000| |CA|0|3200|0|0|0|0|1|1000|0|0|0|0|0
S| |91000000|181000000| |CI|1|24000|0|0|0|0|0|0|0|0|0|0|0
S|GLB|-34807178|149737172|CB|CF|0|26900|3900|3140|3300|0|0|0|0|0|0|0|0

P|GLB5A|21|GLB|0|4
S|DER21|-34948839|150536464| |DF|0|0|0|0|0|0|0|0|0|1|0|0|0
S| |91000000|181000000| |CA|0|21200|0|0|0|0|1|1300|0|0|0|0|0
S| |91000000|181000000| |CI|2|32000|0|0|0|0|0|0|0|0|0|0|0
S|GLB|-34807178|149737172|CB|CF|0|26900|3900|3140|3600|0|0|0|0|0|0|0|0

P|GLB5A|26|GLB|0|4
S|DER26|-34947867|150526597| |DF|0|0|0|0|0|0|0|0|0|1|0|0|0
S| |91000000|181000000| |CA|0|26200|0|0|0|0|1|1100|0|0|0|0|0
S| |91000000|181000000| |CI|0|32000|0|0|0|0|0|0|0|0|0|0|0
S|GLB|-34807178|149737172|CB|CF|0|26900|3900|3140|3800|0|0|0|0|0|0|0|0

P|GLB5T|08|GLB|0|5
S|DER08|-34949308|150549458| |DF|0|0|0|0|0|0|0|0|0|1|0|0|0
S| |91000000|181000000| |CA|0|8200|0|0|0|180|1|1000|0|0|0|0|0
S| |91000000|181000000|NWR|CR|1|26000|0|35000|0|0|0|0|0|0|0|0|0
S| |91000000|181000000| |VI|0|23900|0|0|0|0|0|0|0|0|0|0|0
S|GLB|-34807178|149737172|NWR|CF|0|26900|4050|26910|3400|0|0|0|0|0|0|0|0

P|NWA5|03| |0|3
S|DER03|-34935658|150552131| |DF|0|0|0|0|0|0|0|0|0|1|0|0|0
S| |91000000|181000000| |CA|0|3200|0|0|0|0|1|1000|0|0|0|0|0
S| |91000000|181000000| |VM|0|3200|0|0|0|0|0|0|0|0|0|0|0

P|NWA5|08| |0|3
S|DER08|-34949308|150549458| |DF|0|0|0|0|0|0|0|0|0|1|0|0|0
S| |91000000|181000000| |CA|0|8200|0|0|0|0|1|1000|0|0|0|0|0
S| |91000000|181000000| |VM|0|8200|0|0|0|0|0|0|0|0|0|0|0

P|NWA5|21| |0|3
S|DER21|-34948839|150536464| |DF|0|0|0|0|0|0|0|0|0|1|0|0|0
S| |91000000|181000000| |CA|0|21200|0|0|0|0|1|1300|0|0|0|0|0
S| |91000000|181000000| |VM|0|21200|0|0|0|0|0|0|0|0|0|0|0

P|NWA5|26| |0|3
S|DER26|-34947867|150526597| |DF|0|0|0|0|0|0|0|0|0|1|0|0|0
S| |91000000|181000000| |CA|0|26200|0|0|0|0|1|1000|0|0|0|0|0
S| |91000000|181000000| |VM|0|26200|0|0|0|0|0|0|0|0|0|0|0

P|TONT5A|03|TONTO|0|4
S|DER03|-34935658|150552131| |DF|0|0|0|0|0|0|0|0|0|1|0|0|0
S| |91000000|181000000| |CA|0|3200|0|0|0|0|1|1000|0|0|0|0|0
S| |91000000|181000000| |CI|0|31500|0|0|0|0|0|0|0|0|0|0|0
S|TONTO|-34292683|150644981|CB|CF|0|35500|9290|3880|3600|0|0|0|0|0|0|0|0

P|TONT5A|08|TONTO|0|4
S|DER08|-34949308|150549458| |DF|0|0|0|0|0|0|0|0|0|1|0|0|0
S| |91000000|181000000| |CA|0|8200|0|0|0|180|1|1000|0|0|0|0|0
S| |91000000|181000000| |CI|1|28500|0|0|0|0|0|0|0|0|0|0|0
S|TONTO|-34292683|150644981|CB|CF|0|35500|9290|3880|3600|0|0|0|0|0|0|0|0

P|TONT5A|21|TONTO|0|4
S|DER21|-34948839|150536464| |DF|0|0|0|0|0|0|0|0|0|1|0|0|0
S| |91000000|181000000| |CA|0|21200|0|0|0|0|1|1300|0|0|0|0|0
S| |91000000|181000000| |CI|2|3000|0|0|0|0|0|0|0|0|0|0|0
S|TONTO|-34292683|150644981|CB|CF|0|35500|9290|3880|3400|0|0|0|0|0|0|0|0

P|TONT5A|26|TONTO|0|4
S|DER26|-34947867|150526597| |DF|0|0|0|0|0|0|0|0|0|1|0|0|0
S| |91000000|181000000| |CA|0|26200|0|0|0|0|1|1100|0|0|0|0|0
S| |91000000|181000000| |CI|2|2500|0|0|0|0|0|0|0|0|0|0|0
S|TONTO|-34292683|150644981|CB|CF|0|35500|9290|3880|3300|0|0|0|0|0|0|0|0

P|URBO3A|08|URBOB|0|5
S|DER08|-34949308|150549458| |DF|0|0|0|0|0|0|0|0|0|1|0|0|0
S| |91000000|181000000| |CA|0|8200|0|0|0|180|1|1000|0|0|0|0|0
S| |91000000|181000000| |CI|2|26000|0|0|0|0|0|0|0|0|0|0|0
S|NWA|-34951222|150529778| |IF|0|0|0|0|0|0|0|0|0|0|0|0|0
S|URBOB|-35898372|150142742| |TF|0|0|0|0|0|0|0|0|0|0|0|0|0

P|URBO3A|21|URBOB|0|5
S|DER21|-34948839|150536464| |DF|0|0|0|0|0|0|0|0|0|1|0|0|0
S| |91000000|181000000| |CA|0|21200|0|0|0|0|1|1300|0|0|0|0|0
S| |91000000|181000000| |CI|0|14500|0|0|0|0|0|0|0|0|0|0|0
S|NWA|-34951222|150529778| |IF|0|0|0|0|0|0|0|0|0|0|0|0|0
S|URBOB|-35898372|150142742| |TF|0|0|0|0|0|0|0|0|0|0|0|0|0

P|URBO3A|26|URBOB|0|5
S|DER26|-34947867|150526597| |DF|0|0|0|0|0|0|0|0|0|1|0|0|0
S| |91000000|181000000| |CA|0|26200|0|0|0|0|1|1100|0|0|0|0|0
S| |91000000|181000000| |CI|1|14500|0|0|0|0|0|0|0|0|0|0|0
S|NWA|-34951222|150529778| |IF|0|0|0|0|0|0|0|0|0|0|0|0|0
S|URBOB|-35898372|150142742| |TF|0|0|0|0|0|0|0|0|0|0|0|0|0

P|URBO3T|03|URBOB|0|5
S|DER03|-34935658|150552131| |DF|0|0|0|0|0|0|0|0|0|1|0|0|0
S| |91000000|181000000| |CA|0|3200|0|0|0|0|1|1000|0|0|0|0|0
S| |91000000|181000000|NWR|CR|2|21000|0|12000|0|180|0|0|0|0|0|0|0
S| |91000000|181000000| |CI|0|25500|0|0|0|0|0|0|0|0|0|0|0
S|URBOB|-35898372|150142742|NWR|CF|0|18600|6000|18570|5800|0|0|0|0|0|0|0|0

P|WOL5A|03|WOL|0|4
S|DER03|-34935658|150552131| |DF|0|0|0|0|0|0|0|0|0|1|0|0|0
S| |91000000|181000000| |CA|0|3200|0|0|0|0|1|1000|0|0|0|0|0
S| |91000000|181000000| |CI|0|31500|0|0|0|0|0|0|0|0|0|0|0
S|WOL|-34557944|150791000|CB|CF|0|1600|8990|4960|2400|0|0|0|0|0|0|0|0

P|WOL5A|08|WOL|0|4
S|DER08|-34949308|150549458| |DF|0|0|0|0|0|0|0|0|0|1|0|0|0
S| |91000000|181000000| |CA|0|8200|0|0|0|180|1|1000|0|0|0|0|0
S| |91000000|181000000| |CI|1|33000|0|0|0|0|0|0|0|0|0|0|0
S|WOL|-34557944|150791000|CB|CF|0|1600|8990|4960|2200|0|0|0|0|0|0|0|0

P|WOL5A|26|WOL|0|4
S|DER26|-34947867|150526597| |DF|0|0|0|0|0|0|0|0|0|1|0|0|0
S| |91000000|181000000| |CA|0|26200|0|0|0|0|1|1100|0|0|0|0|0
S| |91000000|181000000| |CI|2|7000|0|0|0|0|0|0|0|0|0|0|0
S|WOL|-34557944|150791000|CB|CF|0|1600|8990|4960|2300|0|0|0|0|0|0|0|0

P|WOL5T|21|WOL|0|5
S|DER21|-34948839|150536464| |DF|0|0|0|0|0|0|0|0|0|1|0|0|0
S| |91000000|181000000| |CA|0|21200|0|0|0|0|1|1300|0|0|0|0|0
S| |91000000|181000000|NWR|CR|2|3000|0|30000|0|0|0|0|0|0|0|0|0
S| |91000000|181000000| |VI|0|4500|0|0|0|0|0|0|0|0|0|0|0
S|WOL|-34557944|150791000|NWR|CF|0|1500|2670|1510|2000|0|0|0|0|0|0|0|0

