P|ANKUB2|10|ANKUB|0|4
S|D099A|-33613483|150817497| |DF|0|0|0|0|0|0|0|0|0|0|0|0|0
S| |91000000|181000000| |CA|0|9500|0|0|0|0|1|1000|0|0|0|0|0
S| |91000000|181000000| |CI|0|17000|0|0|0|0|0|0|0|0|0|0|0
S|ANKUB|-33986639|150976500|RIC|CF|0|14400|2440|14670|1300|0|0|0|0|0|0|0|0

P|ANKUB2|28|ANKUB|0|4
S|DER28|-33601617|150771250| |DF|0|0|0|0|0|0|1|570|0|1|0|0|0
S| |91000000|181000000| |CA|0|28500|0|0|0|0|1|1000|0|0|0|0|0
S| |91000000|181000000| |CI|1|11500|0|0|0|0|0|0|0|0|0|0|0
S|ANKUB|-33986639|150976500|RIC|CF|0|14400|2440|14670|1800|0|0|0|0|0|0|0|0

P|KADOM3|10|KADOM|0|4
S|D099A|-33613483|150817497| |DF|0|0|0|0|0|0|0|0|0|0|0|0|0
S| |91000000|181000000| |CA|0|9500|0|0|0|0|1|1000|0|0|0|0|0
S| |91000000|181000000| |CI|2|27000|0|0|0|0|0|0|0|0|0|0|0
S|KADOM|-33710806|150299611|RIC|CF|0|24200|2580|24390|1600|0|0|0|0|0|0|0|0

P|KADOM4|28|KADOM|0|4
S|DER28|-33601617|150771250| |DF|0|0|0|0|0|0|1|570|0|1|0|0|0
S| |91000000|181000000| |CA|0|28500|0|0|0|0|1|1000|0|0|0|0|0
S|RIC|-33596936|150776400|RIC|CF|2|21000|130|28680|300|0|1|2500|0|0|0|0|0
S|KADOM|-33710806|150299611| |TF|0|0|0|0|0|0|0|0|0|0|0|0|0

P|MUDGI3|10|MUDGI|0|5
S|D099A|-33613483|150817497| |DF|0|0|0|0|0|0|0|0|0|0|0|0|0
S| |91000000|181000000| |CA|0|9500|0|0|0|0|1|1000|0|0|0|0|0
S| |91000000|181000000| |CI|1|28000|0|0|0|0|0|0|0|0|0|0|0
S|RIC|-33596936|150776400| |IF|0|0|0|0|0|0|0|0|0|0|0|0|0
S|MUDGI|-32560928|149593689| |TF|0|0|0|0|0|0|0|0|0|0|0|0|0

P|MUDGI3|28|MUDGI|0|5
S|DER28|-33601617|150771250| |DF|0|0|0|0|0|0|1|570|0|1|0|0|0
S| |91000000|181000000| |CA|0|28500|0|0|0|0|1|1000|0|0|0|0|0
S| |91000000|181000000| |CI|0|34000|0|0|0|0|0|0|0|0|0|0|0
S|RIC|-33596936|150776400| |IF|0|0|0|0|0|0|0|0|0|0|0|0|0
S|MUDGI|-32560928|149593689| |TF|0|0|0|0|0|0|0|0|0|0|0|0|0

P|RIC4|10| |0|3
S|DER10|-33607278|150793225| |DF|0|0|0|0|0|0|0|0|0|1|0|0|0
S| |91000000|181000000| |CA|0|9500|0|0|0|0|1|1000|0|0|0|0|0
S| |91000000|181000000| |VM|0|9500|0|0|0|0|0|0|0|0|0|0|0

P|RIC4|28| |0|3
S|DER28|-33601617|150771250| |DF|0|0|0|0|0|0|0|0|0|1|0|0|0
S| |91000000|181000000| |CA|0|28500|0|0|0|0|1|1000|0|0|0|0|0
S| |91000000|181000000| |VM|0|28500|0|0|0|0|0|0|0|0|0|0|0

