P|ALG01D|13|ALGOV|0|4
S| |91000000|181000000| |CA|0|12800|0|0|0|0|1|4990|0|0|0|0|0
S|D011E|39572886|109873647| |DF|1|0|0|0|0|0|0|0|0|0|0|0|0
S|D011T|39821533|109909764| |TF|0|0|0|0|0|0|1|8860|0|0|0|0|0
S|ALGOV|40198611|109965278| |TF|0|0|0|0|0|0|0|0|0|0|0|0|0

P|ALG11D|31|ALGOV|0|4
S| |91000000|181000000| |CA|0|30800|0|0|0|0|1|4990|0|0|0|0|0
S|D011I|39642508|109883733| |DF|2|0|0|0|0|0|0|0|0|0|0|0|0
S|D011T|39821533|109909764| |TF|0|0|0|0|0|0|1|8860|0|0|0|0|0
S|ALGOV|40198611|109965278| |TF|0|0|0|0|0|0|0|0|0|0|0|0|0

P|ALG8ZD|13|ALGOV|0|4
S| |91000000|181000000| |CA|0|12800|0|0|0|0|1|4990|0|0|0|0|0
S|DS511|39643417|109879111| |DF|1|0|0|0|0|0|0|0|0|0|0|0|0
S|DS601|39821361|109907917| |TF|0|0|0|0|0|0|1|8860|0|0|0|0|0
S|ALGOV|40198611|109965278| |TF|0|0|0|0|0|0|0|0|0|0|0|0|0

P|ALG9ZD|31|ALGOV|0|3
S|DS531|39564278|109717306|HDS|CF|0|30800|810|30870|700|0|0|0|0|0|0|0|0
S|DS601|39821361|109907917| |TF|0|0|0|0|0|0|1|11800|0|0|0|0|0
S|ALGOV|40198611|109965278| |TF|0|0|0|0|0|0|0|0|0|0|0|0|0

P|KIB01D|13|KIBIP|0|5
S| |91000000|181000000| |CA|0|12800|0|0|0|0|1|4990|0|0|0|0|0
S|IDSOT|39224167|109499722| |DF|2|0|0|0|0|0|0|0|0|0|0|0|0
S|HDS27|39151667|109481667| |TF|0|0|0|0|0|0|1|11800|0|0|0|0|0
S|IPNON|39074444|109462778| |TF|0|0|0|0|0|0|0|0|0|0|0|0|0
S|KIBIP|38895278|109418611| |TF|0|0|0|0|0|0|0|0|0|0|0|0|0

P|KIB11D|31|KIBIP|0|5
S| |91000000|181000000| |CA|0|30800|0|0|0|0|1|4990|0|0|0|0|0
S|IDSOT|39224167|109499722| |DF|0|0|0|0|0|0|0|0|0|0|0|0|0
S|HDS27|39151667|109481667| |TF|0|0|0|0|0|0|1|11800|0|0|0|0|0
S|IPNON|39074444|109462778| |TF|0|0|0|0|0|0|0|0|0|0|0|0|0
S|KIBIP|38895278|109418611| |TF|0|0|0|0|0|0|0|0|0|0|0|0|0

P|KIB8ZD|13|KIBIP|0|6
S|DS513|39422694|110002250|HDS|CF|0|12800|770|12670|700|0|0|0|0|0|0|0|0
S|DS514|39309056|109908139| |TF|0|0|0|0|0|0|0|0|0|0|0|0|0
S|IDSOT|39224167|109499722| |TF|0|0|0|0|0|0|0|0|0|0|0|0|0
S|DS604|39150861|109481611| |TF|0|0|0|0|0|0|1|11800|0|0|0|0|0
S|IPNON|39074444|109462778| |TF|0|0|0|0|0|0|0|0|0|0|0|0|0
S|KIBIP|38895278|109418611| |TF|0|0|0|0|0|0|0|0|0|0|0|0|0

P|KIB9ZD|31|KIBIP|0|6
S|DS531|39564278|109717306|HDS|CF|0|30800|810|30870|700|0|0|0|0|0|0|0|0
S|DS532|39450417|109623500| |TF|0|0|0|0|0|0|0|0|0|0|0|0|0
S|IDSOT|39224167|109499722| |TF|0|0|0|0|0|0|0|0|0|0|0|0|0
S|DS604|39150861|109481611| |TF|0|0|0|0|0|0|1|11800|0|0|0|0|0
S|IPNON|39074444|109462778| |TF|0|0|0|0|0|0|0|0|0|0|0|0|0
S|KIBIP|38895278|109418611| |TF|0|0|0|0|0|0|0|0|0|0|0|0|0

P|LAV01D|13|LAVOM|0|4
S| |91000000|181000000| |CA|0|12800|0|0|0|0|1|4990|0|0|0|0|0
S|IDSOT|39224167|109499722| |DF|2|0|0|0|0|0|0|0|0|0|0|0|0
S|HDS33|39235000|109233333| |TF|0|0|0|0|0|0|1|11800|0|0|0|0|0
S|LAVOM|39248333|108835556| |TF|0|0|0|0|0|0|0|0|0|0|0|0|0

P|LAV11D|31|LAVOM|0|4
S| |91000000|181000000| |CA|0|30800|0|0|0|0|1|4990|0|0|0|0|0
S|IDSOT|39224167|109499722| |DF|0|0|0|0|0|0|0|0|0|0|0|0|0
S|HDS33|39235000|109233333| |TF|0|0|0|0|0|0|1|11800|0|0|0|0|0
S|LAVOM|39248333|108835556| |TF|0|0|0|0|0|0|0|0|0|0|0|0|0

P|LAV8ZD|13|LAVOM|0|5
S|DS513|39422694|110002250|HDS|CF|0|12800|770|12670|700|0|0|0|0|0|0|0|0
S|DS514|39309056|109908139| |TF|0|0|0|0|0|0|0|0|0|0|0|0|0
S|IDSOT|39224167|109499722| |TF|0|0|0|0|0|0|0|0|0|0|0|0|0
S|DS605|39234306|109233333| |TF|0|0|0|0|0|0|1|11800|0|0|0|0|0
S|LAVOM|39248333|108835556| |TF|0|0|0|0|0|0|0|0|0|0|0|0|0

P|LAV9ZD|31|LAVOM|0|5
S|DS531|39564278|109717306|HDS|CF|0|30800|810|30870|700|0|0|0|0|0|0|0|0
S|DS532|39450417|109623500| |TF|0|0|0|0|0|0|0|0|0|0|0|0|0
S|IDSOT|39224167|109499722| |TF|0|0|0|0|0|0|0|0|0|0|0|0|0
S|DS605|39234306|109233333| |TF|0|0|0|0|0|0|1|11800|0|0|0|0|0
S|LAVOM|39248333|108835556| |TF|0|0|0|0|0|0|0|0|0|0|0|0|0

P|OMD01D|13|OMDIS|0|3
S| |91000000|181000000| |CA|0|12800|0|0|0|0|1|4990|0|0|0|0|0
S|VEXEB|39193611|110161111|HDS|CF|0|14700|2260|14680|2100|0|1|7880|0|0|0|0|0
S|OMDIS|38951667|110405556| |TF|0|0|0|0|0|0|0|0|0|0|0|0|0

P|OMD11D|31|OMDIS|0|4
S| |91000000|181000000| |CA|0|30800|0|0|0|0|1|4990|0|0|0|0|0
S|D196E|39416408|109842569| |DF|1|0|0|0|0|0|0|0|0|0|0|0|0
S|VEXEB|39193611|110161111| |TF|0|0|0|0|0|0|1|7880|0|0|0|0|0
S|OMDIS|38951667|110405556| |TF|0|0|0|0|0|0|0|0|0|0|0|0|0

P|OMD8ZD|13|OMDIS|0|5
S|DS513|39422694|110002250|HDS|CF|0|12800|770|12670|700|0|0|0|0|0|0|0|0
S|DS502|39294194|110059000| |TF|0|0|0|0|0|0|0|0|0|0|0|0|0
S|VEXEB|39193611|110161111| |TF|0|0|0|0|0|0|0|0|0|0|0|0|0
S|DS602|39058194|110298333| |TF|0|0|0|0|0|0|1|11800|0|0|0|0|0
S|OMDIS|38951667|110405556| |TF|0|0|0|0|0|0|0|0|0|0|0|0|0

P|OMD9ZD|31|OMDIS|0|5
S|DS531|39564278|109717306|HDS|CF|0|30800|810|30870|700|0|0|0|0|0|0|0|0
S|DS532|39450417|109623500| |TF|0|0|0|0|0|0|0|0|0|0|0|0|0
S|VEXEB|39193611|110161111| |TF|1|0|0|0|0|0|0|0|0|0|0|0|0
S|DS602|39058194|110298333| |TF|0|0|0|0|0|0|1|11800|0|0|0|0|0
S|OMDIS|38951667|110405556| |TF|0|0|0|0|0|0|0|0|0|0|0|0|0

P|YLX01D|13|YLX|0|5
S| |91000000|181000000| |CA|0|12800|0|0|0|0|1|4990|0|0|0|0|0
S|D196L|39290475|109809986| |DF|2|0|0|0|0|0|0|0|0|0|0|0|0
S|D196U|39149811|109773733| |TF|0|0|0|0|0|0|1|7880|0|0|0|0|0
S|TESAN|39069444|109753333| |TF|0|0|0|0|0|0|0|0|0|0|0|0|0
S|YLX|38381667|109578333| |TF|0|0|0|0|0|0|0|0|0|0|0|0|0

P|YLX11D|31|YLX|0|5
S| |91000000|181000000| |CA|0|30800|0|0|0|0|1|4990|0|0|0|0|0
S|D196E|39416408|109842569| |DF|1|0|0|0|0|0|0|0|0|0|0|0|0
S|D196U|39149811|109773733| |TF|0|0|0|0|0|0|1|7880|0|0|0|0|0
S|TESAN|39069444|109753333| |TF|0|0|0|0|0|0|0|0|0|0|0|0|0
S|YLX|38381667|109578333| |TF|0|0|0|0|0|0|0|0|0|0|0|0|0

P|YLX8ZD|13|YLX|0|5
S|DS513|39422694|110002250|HDS|CF|0|12800|770|12670|700|0|0|0|0|0|0|0|0
S|DS514|39309056|109908139| |TF|0|0|0|0|0|0|0|0|0|0|0|0|0
S|DS603|39151167|109775028| |TF|0|0|0|0|0|0|1|11800|0|0|0|0|0
S|TESAN|39069444|109753333| |TF|0|0|0|0|0|0|0|0|0|0|0|0|0
S|YLX|38381667|109578333| |TF|0|0|0|0|0|0|0|0|0|0|0|0|0

P|YLX9ZD|31|YLX|0|5
S|DS531|39564278|109717306|HDS|CF|0|30800|810|30870|700|0|0|0|0|0|0|0|0
S|DS532|39450417|109623500| |TF|0|0|0|0|0|0|0|0|0|0|0|0|0
S|DS603|39151167|109775028| |TF|0|0|0|0|0|0|1|11800|0|0|0|0|0
S|TESAN|39069444|109753333| |TF|0|0|0|0|0|0|0|0|0|0|0|0|0
S|YLX|38381667|109578333| |TF|0|0|0|0|0|0|0|0|0|0|0|0|0

