P|ANBA1A|06L|ANBAP|0|6
S| |91000000|181000000|LCZ|CD|0|5200|0|0|820|0|1|4270|0|0|0|0|0
S| |91000000|181000000|LCZ|CD|0|5200|0|0|1140|0|1|5250|0|0|0|0|0
S|MIZ|34820000|108995000| |DF|0|0|0|0|0|0|1|7880|0|0|0|0|0
S|MIZ|34820000|108995000| |IF|0|0|0|0|0|0|1|7880|0|0|0|0|0
S|D304R|34976403|108676475| |TF|0|0|0|0|0|0|1|8860|0|0|0|0|0
S|ANBAP|35762500|108759444| |TF|0|0|0|0|0|0|0|0|0|0|0|0|0

P|ANBA1A|06R|ANBAP|0|6
S| |91000000|181000000|LCZ|CD|0|5200|0|0|820|0|1|4270|0|0|0|0|0
S| |91000000|181000000|LCZ|CD|0|5200|0|0|1140|0|1|5250|0|0|0|0|0
S|MIZ|34820000|108995000| |DF|0|0|0|0|0|0|1|7880|0|0|0|0|0
S|MIZ|34820000|108995000| |IF|0|0|0|0|0|0|1|7880|0|0|0|0|0
S|D304R|34976403|108676475| |TF|0|0|0|0|0|0|1|8860|0|0|0|0|0
S|ANBAP|35762500|108759444| |TF|0|0|0|0|0|0|0|0|0|0|0|0|0

P|ANBA1B|24L|ANBAP|0|6
S| |91000000|181000000|LCZ|CD|0|23200|0|0|1010|0|1|4600|0|0|0|0|0
S| |91000000|181000000|LCZ|CD|0|23200|0|0|1610|220|1|5910|0|0|0|0|0
S|FNH|34553333|108631667| |DF|2|0|0|0|0|0|1|7880|0|0|0|0|0
S|FNH|34553333|108631667| |IF|0|0|0|0|0|0|1|7880|0|0|0|0|0
S|D008Y|34975797|108675875| |TF|0|0|0|0|0|0|1|8860|0|0|0|0|0
S|ANBAP|35762500|108759444| |TF|0|0|0|0|0|0|0|0|0|0|0|0|0

P|ANBA1B|24R|ANBAP|0|6
S| |91000000|181000000|LCZ|CD|0|23200|0|0|1010|0|1|4600|0|0|0|0|0
S| |91000000|181000000|LCZ|CD|0|23200|0|0|1610|220|1|5910|0|0|0|0|0
S|FNH|34553333|108631667| |DF|2|0|0|0|0|0|1|7880|0|0|0|0|0
S|FNH|34553333|108631667| |IF|0|0|0|0|0|0|1|7880|0|0|0|0|0
S|D008Y|34975797|108675875| |TF|0|0|0|0|0|0|1|8860|0|0|0|0|0
S|ANBAP|35762500|108759444| |TF|0|0|0|0|0|0|0|0|0|0|0|0|0

P|ANBA1C|23R|ANBAP|0|7
S|DE23R|34442156|108735622| |DF|0|0|0|0|0|0|0|0|0|1|0|0|0
S| |91000000|181000000| |CA|0|23200|0|0|0|0|1|2140|0|0|0|0|0
S|D262K|34417075|108579756| |DF|0|0|0|0|0|0|1|4600|0|1|0|0|0
S| |91000000|181000000|LCZ|CD|0|26200|0|0|1580|220|0|0|0|0|0|0|0
S|FNH|34553333|108631667| |DF|2|0|0|0|0|0|1|7880|0|0|0|0|0
S|D008Y|34975797|108675875| |TF|0|0|0|0|0|0|1|8860|0|0|0|0|0
S|ANBAP|35762500|108759444| |TF|0|0|0|0|0|0|0|0|0|0|0|0|0

P|ANBA1D|05L|ANBAP|0|6
S|DE05L|34464703|108766756| |DF|0|0|0|0|0|0|0|0|0|1|0|0|0
S| |91000000|181000000| |CA|0|5200|0|0|0|0|1|2140|0|0|0|0|0
S| |91000000|181000000|LCZ|CD|0|1600|0|0|1140|250|1|4930|0|0|0|0|0
S|MIZ|34820000|108995000| |DF|0|0|0|0|0|0|1|7880|0|0|0|0|0
S|D304R|34976403|108676475| |TF|1|0|0|0|0|0|1|8860|0|0|0|0|0
S|ANBAP|35762500|108759444| |TF|0|0|0|0|0|0|0|0|0|0|0|0|0

P|ANBA9W|05L|ANBAP|0|6
S|DE05L|34464703|108766756| |DF|0|0|0|0|0|0|0|0|0|1|0|0|0
S| |91000000|181000000| |VA|0|5200|0|0|0|0|1|2140|0|0|0|0|0
S|XY410|34636278|108842250| |DF|0|0|0|0|0|0|1|4930|0|0|0|0|0
S|MIZ|34820000|108995000| |TF|0|0|0|0|0|0|1|7880|0|0|0|0|0
S|XY411|35110028|108402917| |TF|0|0|0|0|0|0|1|8860|0|0|0|0|0
S|ANBAP|35762500|108759444| |TF|0|0|0|0|0|0|0|0|0|0|0|0|0

P|ANBA9X|23R|ANBAP|0|7
S|DE23R|34442156|108735622| |DF|0|0|0|0|0|0|0|0|0|1|0|0|0
S| |91000000|181000000| |VA|0|23200|0|0|0|0|1|2140|0|0|0|0|0
S|XY701|34416583|108576944| |DF|0|0|0|0|0|0|1|4600|0|0|0|0|0
S|XY702|34389361|108409333| |TF|0|0|0|0|0|205|0|0|0|0|0|0|0
S|XY703|34497306|108373306| |TF|0|0|0|0|0|220|1|6890|0|0|0|0|0
S|XY704|34841222|108257833| |TF|0|0|0|0|0|0|1|8860|0|0|0|0|0
S|ANBAP|35762500|108759444| |TF|0|0|0|0|0|0|0|0|0|0|0|0|0

P|ANBA9Y|24L|ANBAP|0|6
S|XY699|34336972|108641611|LCZ|CF|0|23200|1020|23070|800|0|1|4600|0|0|0|0|0
S|XY620|34250861|108523361| |TF|0|0|0|0|0|220|1|5910|0|0|0|0|0
S|XY620|34250861|108523361| |IF|0|0|0|0|0|220|1|5910|0|0|0|0|0
S|XY960|34337639|108426583| |TF|0|0|0|0|0|230|1|6890|0|0|0|0|0
S|XY704|34841222|108257833| |TF|0|0|0|0|0|0|1|8860|0|0|0|0|0
S|ANBAP|35762500|108759444| |TF|0|0|0|0|0|0|0|0|0|0|0|0|0

P|ANBA9Y|24R|ANBAP|0|6
S|XY630|34339556|108638889|LCZ|CF|0|23200|1020|23180|700|0|1|4600|0|0|0|0|0
S|XY620|34250861|108523361| |TF|0|0|0|0|0|220|1|5910|0|0|0|0|0
S|XY620|34250861|108523361| |IF|0|0|0|0|0|220|1|5910|0|0|0|0|0
S|XY960|34337639|108426583| |TF|0|0|0|0|0|230|1|6890|0|0|0|0|0
S|XY704|34841222|108257833| |TF|0|0|0|0|0|0|1|8860|0|0|0|0|0
S|ANBAP|35762500|108759444| |TF|0|0|0|0|0|0|0|0|0|0|0|0|0

P|ANBA9Z|06L|ANBAP|0|6
S|XY510|34540611|108916500|FNH|CF|0|5200|1410|9600|900|0|1|4270|0|0|0|0|0
S|XY420|34619417|109032194| |TF|0|0|0|0|0|0|1|5250|0|0|0|0|0
S|XY420|34619417|109032194| |IF|0|0|0|0|0|0|1|5250|0|0|0|0|0
S|MIZ|34820000|108995000| |TF|0|0|0|0|0|0|1|7880|0|0|0|0|0
S|XY411|35110028|108402917| |TF|0|0|0|0|0|0|1|8860|0|0|0|0|0
S|ANBAP|35762500|108759444| |TF|0|0|0|0|0|0|0|0|0|0|0|0|0

P|ANBA9Z|06R|ANBAP|0|6
S|XY599|34538056|108919250|FNH|CF|0|5200|1430|9660|900|0|1|4270|0|0|0|0|0
S|XY420|34619417|109032194| |TF|0|0|0|0|0|0|1|5250|0|0|0|0|0
S|XY420|34619417|109032194| |IF|0|0|0|0|0|0|1|5250|0|0|0|0|0
S|MIZ|34820000|108995000| |TF|0|0|0|0|0|0|1|7880|0|0|0|0|0
S|XY411|35110028|108402917| |TF|0|0|0|0|0|0|1|8860|0|0|0|0|0
S|ANBAP|35762500|108759444| |TF|0|0|0|0|0|0|0|0|0|0|0|0|0

P|ESKU1A|06L|ESKUG|0|7
S| |91000000|181000000|LCZ|CD|0|5200|0|0|820|0|1|4270|0|0|0|0|0
S| |91000000|181000000|LCZ|CD|0|5200|0|0|1140|220|1|5250|0|0|0|0|0
S|D336S|34540083|109078883| |DF|0|0|0|0|0|0|1|5910|0|0|0|0|0
S|D336S|34540083|109078883| |IF|0|0|0|0|0|0|1|5910|0|0|0|0|0
S|KLX|34265000|109248333| |TF|0|0|0|0|0|0|1|9850|0|0|0|0|0
S|KLX34|33955317|108676353| |TF|0|0|0|0|0|0|1|12800|0|0|0|0|0
S|ESKUG|33697778|108207500| |TF|0|0|0|0|0|0|0|0|0|0|0|0|0

P|ESKU1A|06R|ESKUG|0|7
S| |91000000|181000000|LCZ|CD|0|5200|0|0|820|0|1|4270|0|0|0|0|0
S| |91000000|181000000|LCZ|CD|0|5200|0|0|1140|220|1|5250|0|0|0|0|0
S|D336S|34540083|109078883| |DF|0|0|0|0|0|0|1|5910|0|0|0|0|0
S|D336S|34540083|109078883| |IF|0|0|0|0|0|0|1|5910|0|0|0|0|0
S|KLX|34265000|109248333| |TF|0|0|0|0|0|0|1|9850|0|0|0|0|0
S|KLX34|33955317|108676353| |TF|0|0|0|0|0|0|1|12800|0|0|0|0|0
S|ESKUG|33697778|108207500| |TF|0|0|0|0|0|0|0|0|0|0|0|0|0

P|ESKU1B|24L|ESKUG|0|6
S| |91000000|181000000|LCZ|CD|0|23200|0|0|1010|0|1|4600|0|0|0|0|0
S| |91000000|181000000|LCZ|CD|0|23200|0|0|1610|220|1|5910|0|0|0|0|0
S|ZNX|34111667|108503333| |DF|0|0|0|0|0|0|1|8860|0|0|0|0|0
S|ZNX|34111667|108503333| |IF|0|0|0|0|0|0|1|8860|0|0|0|0|0
S|D214O|33896617|108349200| |TF|0|0|0|0|0|0|1|12800|0|0|0|0|0
S|ESKUG|33697778|108207500| |TF|0|0|0|0|0|0|0|0|0|0|0|0|0

P|ESKU1B|24R|ESKUG|0|6
S| |91000000|181000000|LCZ|CD|0|23200|0|0|1010|0|1|4600|0|0|0|0|0
S| |91000000|181000000|LCZ|CD|0|23200|0|0|1610|220|1|5910|0|0|0|0|0
S|ZNX|34111667|108503333| |DF|0|0|0|0|0|0|1|8860|0|0|0|0|0
S|ZNX|34111667|108503333| |IF|0|0|0|0|0|0|1|8860|0|0|0|0|0
S|D214O|33896617|108349200| |TF|0|0|0|0|0|0|1|12800|0|0|0|0|0
S|ESKUG|33697778|108207500| |TF|0|0|0|0|0|0|0|0|0|0|0|0|0

P|ESKU1C|23R|ESKUG|0|7
S|DE23R|34442156|108735622| |DF|0|0|0|0|0|0|0|0|0|1|0|0|0
S| |91000000|181000000| |CA|0|23200|0|0|0|0|1|2140|0|0|0|0|0
S|D262K|34417075|108579756| |DF|0|0|0|0|0|0|1|4600|0|1|0|0|0
S| |91000000|181000000|LCZ|CD|0|26200|0|0|1580|220|0|0|0|0|0|0|0
S|ZNX|34111667|108503333|ZNX|CF|1|16800|0|0|1500|0|1|8860|0|0|0|0|0
S|D214O|33896617|108349200| |TF|0|0|0|0|0|0|1|12800|0|0|0|0|0
S|ESKUG|33697778|108207500| |TF|0|0|0|0|0|0|0|0|0|0|0|0|0

P|ESKU1D|05L|ESKUG|0|7
S|DE05L|34464703|108766756| |DF|0|0|0|0|0|0|0|0|0|1|0|0|0
S| |91000000|181000000| |CA|0|5200|0|0|0|0|1|2140|0|0|0|0|0
S| |91000000|181000000|LCZ|CD|0|1600|0|0|1140|220|1|4930|0|0|0|0|0
S|D336X|34618844|109030133| |DF|2|0|0|0|0|0|1|5910|0|0|0|0|0
S|KLX|34265000|109248333| |TF|0|0|0|0|0|0|1|9850|0|0|0|0|0
S|KLX34|33955317|108676353| |TF|0|0|0|0|0|0|1|12800|0|0|0|0|0
S|ESKUG|33697778|108207500| |TF|0|0|0|0|0|0|0|0|0|0|0|0|0

P|ESKU2E|06L|ESKUG|0|9
S| |91000000|181000000|LCZ|CD|0|5200|0|0|820|0|1|4270|0|0|0|0|0
S| |91000000|181000000|LCZ|CD|0|5200|0|0|1140|0|1|5250|0|0|0|0|0
S|FNH|34553333|108631667| |DF|1|0|0|0|0|0|0|0|0|0|0|0|0
S|FNH|34553333|108631667| |IF|0|0|0|0|0|0|0|0|0|0|0|0|0
S|D154J|34407347|108729483| |TF|0|0|0|0|0|0|1|7880|0|0|0|0|0
S|ZS|34221667|108853333| |TF|0|0|0|0|0|0|1|9850|0|0|0|0|0
S|ZNX|34111667|108503333| |TF|0|0|0|0|0|0|0|0|0|0|0|0|0
S|D214O|33896617|108349200| |TF|0|0|0|0|0|0|1|12800|0|0|0|0|0
S|ESKUG|33697778|108207500| |TF|0|0|0|0|0|0|0|0|0|0|0|0|0

P|ESKU2E|06R|ESKUG|0|9
S| |91000000|181000000|LCZ|CD|0|5200|0|0|820|0|1|4270|0|0|0|0|0
S| |91000000|181000000|LCZ|CD|0|5200|0|0|1140|0|1|5250|0|0|0|0|0
S|FNH|34553333|108631667| |DF|1|0|0|0|0|0|0|0|0|0|0|0|0
S|FNH|34553333|108631667| |IF|0|0|0|0|0|0|0|0|0|0|0|0|0
S|D154J|34407347|108729483| |TF|0|0|0|0|0|0|1|7880|0|0|0|0|0
S|ZS|34221667|108853333| |TF|0|0|0|0|0|0|1|9850|0|0|0|0|0
S|ZNX|34111667|108503333| |TF|0|0|0|0|0|0|0|0|0|0|0|0|0
S|D214O|33896617|108349200| |TF|0|0|0|0|0|0|1|12800|0|0|0|0|0
S|ESKUG|33697778|108207500| |TF|0|0|0|0|0|0|0|0|0|0|0|0|0

P|ESKU2F|24L|ESKUG|0|9
S| |91000000|181000000|LCZ|CD|0|23200|0|0|1010|0|1|4600|0|0|0|0|0
S| |91000000|181000000|LCZ|CD|0|23200|0|0|1610|220|1|5910|0|0|0|0|0
S|D219H|34449297|108540453| |DF|2|0|0|0|0|0|0|0|0|1|0|0|0
S|D232G|34372500|108683569|LCZ|CF|2|14000|720|23200|700|0|1|7880|0|0|0|0|0
S|D232G|34372500|108683569| |IF|0|0|0|0|0|0|1|7880|0|0|0|0|0
S|ZS|34221667|108853333| |TF|0|0|0|0|0|0|1|9850|0|0|0|0|0
S|ZNX|34111667|108503333| |TF|0|0|0|0|0|0|0|0|0|0|0|0|0
S|D214O|33896617|108349200| |TF|0|0|0|0|0|0|1|12800|0|0|0|0|0
S|ESKUG|33697778|108207500| |TF|0|0|0|0|0|0|0|0|0|0|0|0|0

P|ESKU2F|24R|ESKUG|0|9
S| |91000000|181000000|LCZ|CD|0|23200|0|0|1010|0|1|4600|0|0|0|0|0
S| |91000000|181000000|LCZ|CD|0|23200|0|0|1610|220|1|5910|0|0|0|0|0
S|D219H|34449297|108540453| |DF|2|0|0|0|0|0|0|0|0|1|0|0|0
S|D232G|34372500|108683569|LCZ|CF|2|14000|720|23200|700|0|1|7880|0|0|0|0|0
S|D232G|34372500|108683569| |IF|0|0|0|0|0|0|1|7880|0|0|0|0|0
S|ZS|34221667|108853333| |TF|0|0|0|0|0|0|1|9850|0|0|0|0|0
S|ZNX|34111667|108503333| |TF|0|0|0|0|0|0|0|0|0|0|0|0|0
S|D214O|33896617|108349200| |TF|0|0|0|0|0|0|1|12800|0|0|0|0|0
S|ESKUG|33697778|108207500| |TF|0|0|0|0|0|0|0|0|0|0|0|0|0

P|ESKU2G|23R|ESKUG|0|10
S|DE23R|34442156|108735622| |DF|0|0|0|0|0|0|0|0|0|1|0|0|0
S| |91000000|181000000| |CA|0|23200|0|0|0|0|1|2140|0|0|0|0|0
S|D262K|34417075|108579756| |DF|0|0|0|0|0|0|1|4600|0|1|0|0|0
S| |91000000|181000000|LCZ|CD|0|26200|0|0|1580|220|0|0|0|0|0|0|0
S| |91000000|181000000| |VI|2|9500|0|0|0|0|0|0|0|0|0|0|0
S|D232G|34372500|108683569|LCZ|CF|0|14000|720|23200|800|0|1|7880|0|0|0|0|0
S|ZS|34221667|108853333| |TF|0|0|0|0|0|0|1|9850|0|0|0|0|0
S|ZNX|34111667|108503333| |TF|0|0|0|0|0|0|0|0|0|0|0|0|0
S|D214O|33896617|108349200| |TF|0|0|0|0|0|0|1|12800|0|0|0|0|0
S|ESKUG|33697778|108207500| |TF|0|0|0|0|0|0|0|0|0|0|0|0|0

P|ESKU2H|05L|ESKUG|0|9
S|DE05L|34464703|108766756| |DF|0|0|0|0|0|0|0|0|0|1|0|0|0
S| |91000000|181000000| |CA|0|5200|0|0|0|0|1|2140|0|0|0|0|0
S| |91000000|181000000|LCZ|CD|0|1600|0|0|1140|0|1|4930|0|0|0|0|0
S|FNH|34553333|108631667| |DF|1|0|0|0|0|0|0|0|0|0|0|0|0
S|D154J|34407347|108729483| |TF|0|0|0|0|0|0|1|7880|0|0|0|0|0
S|ZS|34221667|108853333| |TF|0|0|0|0|0|0|1|9850|0|0|0|0|0
S|ZNX|34111667|108503333| |TF|0|0|0|0|0|0|0|0|0|0|0|0|0
S|D214O|33896617|108349200| |TF|0|0|0|0|0|0|1|12800|0|0|0|0|0
S|ESKUG|33697778|108207500| |TF|0|0|0|0|0|0|0|0|0|0|0|0|0

P|ESKU7R|05L|ESKUG|0|8
S|DE05L|34464703|108766756| |DF|0|0|0|0|0|0|0|0|0|1|0|0|0
S| |91000000|181000000| |VA|0|5200|0|0|0|0|1|2140|0|0|0|0|0
S|XY410|34636278|108842250| |DF|0|0|0|0|0|0|1|4930|0|1|0|0|0
S| |91000000|181000000| |CA|0|1700|0|0|0|0|1|7880|0|0|0|0|0
S|FNH|34553333|108631667| |DF|1|0|0|0|0|0|0|0|0|0|0|0|0
S|ZS|34221667|108853333| |TF|0|0|0|0|0|0|1|9850|0|0|0|0|0
S|XY705|33965694|108536778| |TF|0|0|0|0|0|0|1|11800|0|0|0|0|0
S|ESKUG|33697778|108207500| |TF|0|0|0|0|0|0|0|0|0|0|0|0|0

P|ESKU7S|23R|ESKUG|0|9
S|DE23R|34442156|108735622| |DF|0|0|0|0|0|0|0|0|0|1|0|0|0
S| |91000000|181000000| |VA|0|23200|0|0|0|0|1|2140|0|0|0|0|0
S|XY701|34416583|108576944| |DF|0|0|0|0|0|0|1|4600|0|0|0|0|0
S|XY702|34389361|108409333| |TF|0|0|0|0|0|205|0|0|0|0|0|0|0
S|XY703|34497306|108373306| |TF|0|0|0|0|0|220|0|0|0|0|0|0|0
S|FNH|34553333|108631667| |TF|0|0|0|0|0|0|1|7880|0|0|0|0|0
S|ZS|34221667|108853333| |TF|0|0|0|0|0|0|1|9850|0|0|0|0|0
S|XY705|33965694|108536778| |TF|0|0|0|0|0|0|1|11800|0|0|0|0|0
S|ESKUG|33697778|108207500| |TF|0|0|0|0|0|0|0|0|0|0|0|0|0

P|ESKU7T|24L|ESKUG|0|8
S|XY699|34336972|108641611|FNH|CF|0|23200|1300|18080|800|0|1|4600|0|0|0|0|0
S|XY620|34250861|108523361| |TF|0|0|0|0|0|220|1|5910|0|0|0|0|0
S|XY620|34250861|108523361| |IF|0|0|0|0|0|220|1|5910|0|0|0|0|0
S|XY960|34337639|108426583| |TF|0|0|0|0|0|230|0|0|0|0|0|0|0
S|XY640|34484611|108563000| |TF|0|0|0|0|0|250|1|7880|0|0|0|0|0
S|ZS|34221667|108853333| |TF|0|0|0|0|0|0|1|9850|0|0|0|0|0
S|XY705|33965694|108536778| |TF|0|0|0|0|0|0|1|11800|0|0|0|0|0
S|ESKUG|33697778|108207500| |TF|0|0|0|0|0|0|0|0|0|0|0|0|0

P|ESKU7T|24R|ESKUG|0|8
S|XY630|34339556|108638889|FNH|CF|0|23200|1280|18140|700|0|1|4600|0|0|0|0|0
S|XY620|34250861|108523361| |TF|0|0|0|0|0|220|1|5910|0|0|0|0|0
S|XY620|34250861|108523361| |IF|0|0|0|0|0|220|1|5910|0|0|0|0|0
S|XY960|34337639|108426583| |TF|0|0|0|0|0|230|0|0|0|0|0|0|0
S|XY640|34484611|108563000| |TF|0|0|0|0|0|250|1|7880|0|0|0|0|0
S|ZS|34221667|108853333| |TF|0|0|0|0|0|0|1|9850|0|0|0|0|0
S|XY705|33965694|108536778| |TF|0|0|0|0|0|0|1|11800|0|0|0|0|0
S|ESKUG|33697778|108207500| |TF|0|0|0|0|0|0|0|0|0|0|0|0|0

P|ESKU7U|06L|ESKUG|0|8
S|XY510|34540611|108916500|FNH|CF|0|5200|1410|9600|900|0|1|4270|0|0|0|0|0
S|XY420|34619417|109032194| |TF|0|0|0|0|0|250|1|5250|0|0|0|0|0
S|XY420|34619417|109032194| |IF|0|0|0|0|0|250|1|5250|0|0|0|0|0
S|XY530|34704944|108833917| |TF|0|0|0|0|0|0|0|0|0|0|0|0|0
S|FNH|34553333|108631667| |TF|0|0|0|0|0|0|1|7880|0|0|0|0|0
S|ZS|34221667|108853333| |TF|0|0|0|0|0|0|1|9850|0|0|0|0|0
S|XY705|33965694|108536778| |TF|0|0|0|0|0|0|1|11800|0|0|0|0|0
S|ESKUG|33697778|108207500| |TF|0|0|0|0|0|0|0|0|0|0|0|0|0

P|ESKU7U|06R|ESKUG|0|8
S|XY599|34538056|108919250|FNH|CF|0|5200|1430|9660|900|0|1|4270|0|0|0|0|0
S|XY420|34619417|109032194| |TF|0|0|0|0|0|250|1|5250|0|0|0|0|0
S|XY420|34619417|109032194| |IF|0|0|0|0|0|250|1|5250|0|0|0|0|0
S|XY530|34704944|108833917| |TF|0|0|0|0|0|0|0|0|0|0|0|0|0
S|FNH|34553333|108631667| |TF|0|0|0|0|0|0|1|7880|0|0|0|0|0
S|ZS|34221667|108853333| |TF|0|0|0|0|0|0|1|9850|0|0|0|0|0
S|XY705|33965694|108536778| |TF|0|0|0|0|0|0|1|11800|0|0|0|0|0
S|ESKUG|33697778|108207500| |TF|0|0|0|0|0|0|0|0|0|0|0|0|0

P|ESKU9W|05L|ESKUG|0|7
S|DE05L|34464703|108766756| |DF|0|0|0|0|0|0|0|0|0|1|0|0|0
S| |91000000|181000000| |VA|0|5200|0|0|0|0|1|2140|0|0|0|0|0
S|XY410|34636278|108842250| |DF|0|0|0|0|0|0|1|4930|0|0|0|0|0
S|XY420|34619417|109032194| |TF|0|0|0|0|0|0|1|5910|0|0|0|0|0
S|KLX|34265000|109248333| |TF|0|0|0|0|0|0|1|9850|0|0|0|0|0
S|XY421|33916528|108813000| |TF|0|0|0|0|0|0|1|12800|0|0|0|0|0
S|ESKUG|33697778|108207500| |TF|0|0|0|0|0|0|0|0|0|0|0|0|0

P|ESKU9X|23R|ESKUG|0|7
S|DE23R|34442156|108735622| |DF|0|0|0|0|0|0|0|0|0|1|0|0|0
S| |91000000|181000000| |VA|0|23200|0|0|0|0|1|2140|0|0|0|0|0
S|XY701|34416583|108576944| |DF|0|0|0|0|0|0|1|4600|0|0|0|0|0
S|XY702|34389361|108409333| |TF|0|0|0|0|0|220|0|0|0|0|0|0|0
S|ZNX|34111667|108503333| |TF|0|0|0|0|0|0|1|8860|0|0|0|0|0
S|XY608|33895472|108348083| |TF|0|0|0|0|0|0|1|12800|0|0|0|0|0
S|ESKUG|33697778|108207500| |TF|0|0|0|0|0|0|0|0|0|0|0|0|0

P|ESKU9Y|24L|ESKUG|0|6
S|XY699|34336972|108641611|FNH|CF|0|23200|1300|18080|800|0|1|4600|0|0|0|0|0
S|XY620|34250861|108523361| |TF|0|0|0|0|0|220|1|5910|0|0|0|0|0
S|XY620|34250861|108523361| |IF|0|0|0|0|0|220|1|5910|0|0|0|0|0
S|ZNX|34111667|108503333| |TF|0|0|0|0|0|230|1|8860|0|0|0|0|0
S|XY608|33895472|108348083| |TF|0|0|0|0|0|0|1|12800|0|0|0|0|0
S|ESKUG|33697778|108207500| |TF|0|0|0|0|0|0|0|0|0|0|0|0|0

P|ESKU9Y|24R|ESKUG|0|6
S|XY630|34339556|108638889|FNH|CF|0|23200|1280|18140|700|0|1|4600|0|0|0|0|0
S|XY620|34250861|108523361| |TF|0|0|0|0|0|220|1|5910|0|0|0|0|0
S|XY620|34250861|108523361| |IF|0|0|0|0|0|220|1|5910|0|0|0|0|0
S|ZNX|34111667|108503333| |TF|0|0|0|0|0|230|1|8860|0|0|0|0|0
S|XY608|33895472|108348083| |TF|0|0|0|0|0|0|1|12800|0|0|0|0|0
S|ESKUG|33697778|108207500| |TF|0|0|0|0|0|0|0|0|0|0|0|0|0

P|ESKU9Z|06L|ESKUG|0|7
S|XY510|34540611|108916500|FNH|CF|0|5200|1410|9600|900|0|1|4270|0|0|0|0|0
S|XY420|34619417|109032194| |TF|0|0|0|0|0|220|1|5250|0|0|0|0|0
S|XY420|34619417|109032194| |IF|0|0|0|0|0|220|1|5250|0|0|0|0|0
S|XY520|34540083|109080167| |TF|0|0|0|0|0|0|1|5910|0|0|0|0|0
S|KLX|34265000|109248333| |TF|0|0|0|0|0|0|1|9850|0|0|0|0|0
S|XY421|33916528|108813000| |TF|0|0|0|0|0|0|1|12800|0|0|0|0|0
S|ESKUG|33697778|108207500| |TF|0|0|0|0|0|0|0|0|0|0|0|0|0

P|ESKU9Z|06R|ESKUG|0|7
S|XY599|34538056|108919250|FNH|CF|0|5200|1430|9660|900|0|1|4270|0|0|0|0|0
S|XY420|34619417|109032194| |TF|0|0|0|0|0|220|1|5250|0|0|0|0|0
S|XY420|34619417|109032194| |IF|0|0|0|0|0|220|1|5250|0|0|0|0|0
S|XY520|34540083|109080167| |TF|0|0|0|0|0|0|1|5910|0|0|0|0|0
S|KLX|34265000|109248333| |TF|0|0|0|0|0|0|1|9850|0|0|0|0|0
S|XY421|33916528|108813000| |TF|0|0|0|0|0|0|1|12800|0|0|0|0|0
S|ESKUG|33697778|108207500| |TF|0|0|0|0|0|0|0|0|0|0|0|0|0

P|KABM1A|06L|KABMO|0|7
S| |91000000|181000000|LCZ|CD|0|5200|0|0|820|0|1|4270|0|0|0|0|0
S| |91000000|181000000|LCZ|CD|0|5200|0|0|1140|220|1|5250|0|0|0|0|0
S|D336S|34540083|109078883| |DF|0|0|0|0|0|0|1|5910|0|0|0|0|0
S|D336S|34540083|109078883| |IF|0|0|0|0|0|0|1|5910|0|0|0|0|0
S|KLX|34265000|109248333| |TF|0|0|0|0|0|0|1|9850|0|0|0|0|0
S|D147J|34128997|109364886| |TF|0|0|0|0|0|0|1|11800|0|0|0|0|0
S|KABMO|33735556|109699444| |TF|0|0|0|0|0|0|0|0|0|0|0|0|0

P|KABM1A|06R|KABMO|0|7
S| |91000000|181000000|LCZ|CD|0|5200|0|0|820|0|1|4270|0|0|0|0|0
S| |91000000|181000000|LCZ|CD|0|5200|0|0|1140|220|1|5250|0|0|0|0|0
S|D336S|34540083|109078883| |DF|0|0|0|0|0|0|1|5910|0|0|0|0|0
S|D336S|34540083|109078883| |IF|0|0|0|0|0|0|1|5910|0|0|0|0|0
S|KLX|34265000|109248333| |TF|0|0|0|0|0|0|1|9850|0|0|0|0|0
S|D147J|34128997|109364886| |TF|0|0|0|0|0|0|1|11800|0|0|0|0|0
S|KABMO|33735556|109699444| |TF|0|0|0|0|0|0|0|0|0|0|0|0|0

P|KABM1B|24L|KABMO|0|6
S| |91000000|181000000|LCZ|CD|0|23200|0|0|1010|0|1|4600|0|0|0|0|0
S| |91000000|181000000|LCZ|CD|0|23200|0|0|1610|220|1|5910|0|0|0|0|0
S|ZNX|34111667|108503333| |DF|0|0|0|0|0|0|1|8860|0|0|0|0|0
S|ZNX|34111667|108503333| |IF|0|0|0|0|0|0|1|8860|0|0|0|0|0
S|D113S|34002092|108856739| |TF|0|0|0|0|0|0|1|11800|0|0|0|0|0
S|KABMO|33735556|109699444| |TF|0|0|0|0|0|0|0|0|0|0|0|0|0

P|KABM1B|24R|KABMO|0|6
S| |91000000|181000000|LCZ|CD|0|23200|0|0|1010|0|1|4600|0|0|0|0|0
S| |91000000|181000000|LCZ|CD|0|23200|0|0|1610|220|1|5910|0|0|0|0|0
S|ZNX|34111667|108503333| |DF|0|0|0|0|0|0|1|8860|0|0|0|0|0
S|ZNX|34111667|108503333| |IF|0|0|0|0|0|0|1|8860|0|0|0|0|0
S|D113S|34002092|108856739| |TF|0|0|0|0|0|0|1|11800|0|0|0|0|0
S|KABMO|33735556|109699444| |TF|0|0|0|0|0|0|0|0|0|0|0|0|0

P|KABM1C|23R|KABMO|0|7
S|DE23R|34442156|108735622| |DF|0|0|0|0|0|0|0|0|0|1|0|0|0
S| |91000000|181000000| |CA|0|23200|0|0|0|0|1|2140|0|0|0|0|0
S|D262K|34417075|108579756| |DF|0|0|0|0|0|0|1|4600|0|1|0|0|0
S| |91000000|181000000|LCZ|CD|0|26200|0|0|1580|220|0|0|0|0|0|0|0
S|ZNX|34111667|108503333|ZNX|CF|1|16800|0|0|1500|0|1|8860|0|0|0|0|0
S|D113S|34002092|108856739| |TF|0|0|0|0|0|0|1|11800|0|0|0|0|0
S|KABMO|33735556|109699444| |TF|0|0|0|0|0|0|0|0|0|0|0|0|0

P|KABM1D|05L|KABMO|0|7
S|DE05L|34464703|108766756| |DF|0|0|0|0|0|0|0|0|0|1|0|0|0
S| |91000000|181000000| |CA|0|5200|0|0|0|0|1|2140|0|0|0|0|0
S| |91000000|181000000|LCZ|CD|0|1600|0|0|1140|220|1|4930|0|0|0|0|0
S|D336X|34618844|109030133| |DF|2|0|0|0|0|0|1|5910|0|0|0|0|0
S|KLX|34265000|109248333| |TF|0|0|0|0|0|0|1|9850|0|0|0|0|0
S|D147J|34128997|109364886| |TF|0|0|0|0|0|0|1|11800|0|0|0|0|0
S|KABMO|33735556|109699444| |TF|0|0|0|0|0|0|0|0|0|0|0|0|0

P|KABM2E|06L|KABMO|0|9
S| |91000000|181000000|LCZ|CD|0|5200|0|0|820|0|1|4270|0|0|0|0|0
S| |91000000|181000000|LCZ|CD|0|5200|0|0|1140|0|1|5250|0|0|0|0|0
S|FNH|34553333|108631667| |DF|1|0|0|0|0|0|0|0|0|0|0|0|0
S|FNH|34553333|108631667| |IF|0|0|0|0|0|0|0|0|0|0|0|0|0
S|D154J|34407347|108729483| |TF|0|0|0|0|0|0|1|7880|0|0|0|0|0
S|ZS|34221667|108853333| |TF|0|0|0|0|0|0|1|9850|0|0|0|0|0
S|KLX|34265000|109248333| |TF|0|0|0|0|0|0|0|0|0|0|0|0|0
S|D147J|34128997|109364886| |TF|0|0|0|0|0|0|1|11800|0|0|0|0|0
S|KABMO|33735556|109699444| |TF|0|0|0|0|0|0|0|0|0|0|0|0|0

P|KABM2E|06R|KABMO|0|9
S| |91000000|181000000|LCZ|CD|0|5200|0|0|820|0|1|4270|0|0|0|0|0
S| |91000000|181000000|LCZ|CD|0|5200|0|0|1140|0|1|5250|0|0|0|0|0
S|FNH|34553333|108631667| |DF|1|0|0|0|0|0|0|0|0|0|0|0|0
S|FNH|34553333|108631667| |IF|0|0|0|0|0|0|0|0|0|0|0|0|0
S|D154J|34407347|108729483| |TF|0|0|0|0|0|0|1|7880|0|0|0|0|0
S|ZS|34221667|108853333| |TF|0|0|0|0|0|0|1|9850|0|0|0|0|0
S|KLX|34265000|109248333| |TF|0|0|0|0|0|0|0|0|0|0|0|0|0
S|D147J|34128997|109364886| |TF|0|0|0|0|0|0|1|11800|0|0|0|0|0
S|KABMO|33735556|109699444| |TF|0|0|0|0|0|0|0|0|0|0|0|0|0

P|KABM2F|24L|KABMO|0|9
S| |91000000|181000000|LCZ|CD|0|23200|0|0|1010|0|1|4600|0|0|0|0|0
S| |91000000|181000000|LCZ|CD|0|23200|0|0|1610|220|1|5910|0|0|0|0|0
S|D219H|34449297|108540453| |DF|2|0|0|0|0|0|0|0|0|1|0|0|0
S|D232G|34372500|108683569|LCZ|CF|2|14000|720|23200|700|0|1|7880|0|0|0|0|0
S|D232G|34372500|108683569| |IF|0|0|0|0|0|0|1|7880|0|0|0|0|0
S|ZS|34221667|108853333| |TF|0|0|0|0|0|0|1|9850|0|0|0|0|0
S|KLX|34265000|109248333| |TF|0|0|0|0|0|0|0|0|0|0|0|0|0
S|D147J|34128997|109364886| |TF|0|0|0|0|0|0|1|11800|0|0|0|0|0
S|KABMO|33735556|109699444| |TF|0|0|0|0|0|0|0|0|0|0|0|0|0

P|KABM2F|24R|KABMO|0|9
S| |91000000|181000000|LCZ|CD|0|23200|0|0|1010|0|1|4600|0|0|0|0|0
S| |91000000|181000000|LCZ|CD|0|23200|0|0|1610|220|1|5910|0|0|0|0|0
S|D219H|34449297|108540453| |DF|2|0|0|0|0|0|0|0|0|1|0|0|0
S|D232G|34372500|108683569|LCZ|CF|2|14000|720|23200|700|0|1|7880|0|0|0|0|0
S|D232G|34372500|108683569| |IF|0|0|0|0|0|0|1|7880|0|0|0|0|0
S|ZS|34221667|108853333| |TF|0|0|0|0|0|0|1|9850|0|0|0|0|0
S|KLX|34265000|109248333| |TF|0|0|0|0|0|0|0|0|0|0|0|0|0
S|D147J|34128997|109364886| |TF|0|0|0|0|0|0|1|11800|0|0|0|0|0
S|KABMO|33735556|109699444| |TF|0|0|0|0|0|0|0|0|0|0|0|0|0

P|KABM2G|23R|KABMO|0|10
S|DE23R|34442156|108735622| |DF|0|0|0|0|0|0|0|0|0|1|0|0|0
S| |91000000|181000000| |CA|0|23200|0|0|0|0|1|2140|0|0|0|0|0
S|D262K|34417075|108579756| |DF|0|0|0|0|0|0|1|4600|0|1|0|0|0
S| |91000000|181000000|LCZ|CD|0|26200|0|0|1580|220|0|0|0|0|0|0|0
S| |91000000|181000000| |VI|2|9500|0|0|0|0|0|0|0|0|0|0|0
S|D232G|34372500|108683569|LCZ|CF|0|14000|720|23200|800|0|1|7880|0|0|0|0|0
S|ZS|34221667|108853333| |TF|0|0|0|0|0|0|1|9850|0|0|0|0|0
S|KLX|34265000|109248333| |TF|0|0|0|0|0|0|0|0|0|0|0|0|0
S|D147J|34128997|109364886| |TF|0|0|0|0|0|0|1|11800|0|0|0|0|0
S|KABMO|33735556|109699444| |TF|0|0|0|0|0|0|0|0|0|0|0|0|0

P|KABM2H|05L|KABMO|0|9
S|DE05L|34464703|108766756| |DF|0|0|0|0|0|0|0|0|0|1|0|0|0
S| |91000000|181000000| |CA|0|5200|0|0|0|0|1|2140|0|0|0|0|0
S| |91000000|181000000|LCZ|CD|0|1600|0|0|1140|0|1|4930|0|0|0|0|0
S|FNH|34553333|108631667| |DF|1|0|0|0|0|0|0|0|0|0|0|0|0
S|D154J|34407347|108729483| |TF|0|0|0|0|0|0|1|7880|0|0|0|0|0
S|ZS|34221667|108853333| |TF|0|0|0|0|0|0|1|9850|0|0|0|0|0
S|KLX|34265000|109248333| |TF|0|0|0|0|0|0|0|0|0|0|0|0|0
S|D147J|34128997|109364886| |TF|0|0|0|0|0|0|1|11800|0|0|0|0|0
S|KABMO|33735556|109699444| |TF|0|0|0|0|0|0|0|0|0|0|0|0|0

P|KABM7R|05L|KABMO|0|8
S|DE05L|34464703|108766756| |DF|0|0|0|0|0|0|0|0|0|1|0|0|0
S| |91000000|181000000| |VA|0|5200|0|0|0|0|1|2140|0|0|0|0|0
S|XY410|34636278|108842250| |DF|0|0|0|0|0|0|1|4930|0|1|0|0|0
S| |91000000|181000000| |CA|0|1700|0|0|0|0|1|7880|0|0|0|0|0
S|FNH|34553333|108631667| |DF|1|0|0|0|0|0|0|0|0|0|0|0|0
S|ZS|34221667|108853333| |TF|0|0|0|0|0|0|1|9850|0|0|0|0|0
S|XY402|34053417|109150528| |TF|0|0|0|0|0|0|1|11800|0|0|0|0|0
S|KABMO|33735556|109699444| |TF|0|0|0|0|0|0|0|0|0|0|0|0|0

P|KABM7S|23R|KABMO|0|9
S|DE23R|34442156|108735622| |DF|0|0|0|0|0|0|0|0|0|1|0|0|0
S| |91000000|181000000| |VA|0|23200|0|0|0|0|1|2140|0|0|0|0|0
S|XY701|34416583|108576944| |DF|0|0|0|0|0|0|1|4600|0|0|0|0|0
S|XY702|34389361|108409333| |TF|0|0|0|0|0|205|0|0|0|0|0|0|0
S|XY703|34497306|108373306| |TF|0|0|0|0|0|220|0|0|0|0|0|0|0
S|FNH|34553333|108631667| |TF|0|0|0|0|0|0|1|7880|0|0|0|0|0
S|ZS|34221667|108853333| |TF|0|0|0|0|0|0|1|9850|0|0|0|0|0
S|XY402|34053417|109150528| |TF|0|0|0|0|0|0|1|11800|0|0|0|0|0
S|KABMO|33735556|109699444| |TF|0|0|0|0|0|0|0|0|0|0|0|0|0

P|KABM7T|24L|KABMO|0|8
S|XY699|34336972|108641611|FNH|CF|0|23200|1300|18080|800|0|1|4600|0|0|0|0|0
S|XY620|34250861|108523361| |TF|0|0|0|0|0|220|1|5910|0|0|0|0|0
S|XY620|34250861|108523361| |IF|0|0|0|0|0|220|1|5910|0|0|0|0|0
S|XY960|34337639|108426583| |TF|0|0|0|0|0|230|0|0|0|0|0|0|0
S|XY640|34484611|108563000| |TF|0|0|0|0|0|250|1|7880|0|0|0|0|0
S|ZS|34221667|108853333| |TF|0|0|0|0|0|0|1|9850|0|0|0|0|0
S|XY402|34053417|109150528| |TF|0|0|0|0|0|0|1|11800|0|0|0|0|0
S|KABMO|33735556|109699444| |TF|0|0|0|0|0|0|0|0|0|0|0|0|0

P|KABM7T|24R|KABMO|0|8
S|XY630|34339556|108638889|FNH|CF|0|23200|1280|18140|700|0|1|4600|0|0|0|0|0
S|XY620|34250861|108523361| |TF|0|0|0|0|0|220|1|5910|0|0|0|0|0
S|XY620|34250861|108523361| |IF|0|0|0|0|0|220|1|5910|0|0|0|0|0
S|XY960|34337639|108426583| |TF|0|0|0|0|0|230|0|0|0|0|0|0|0
S|XY640|34484611|108563000| |TF|0|0|0|0|0|250|1|7880|0|0|0|0|0
S|ZS|34221667|108853333| |TF|0|0|0|0|0|0|1|9850|0|0|0|0|0
S|XY402|34053417|109150528| |TF|0|0|0|0|0|0|1|11800|0|0|0|0|0
S|KABMO|33735556|109699444| |TF|0|0|0|0|0|0|0|0|0|0|0|0|0

P|KABM7U|06L|KABMO|0|8
S|XY510|34540611|108916500|FNH|CF|0|5200|1410|9600|900|0|1|4270|0|0|0|0|0
S|XY420|34619417|109032194| |TF|0|0|0|0|0|250|1|5250|0|0|0|0|0
S|XY420|34619417|109032194| |IF|0|0|0|0|0|250|1|5250|0|0|0|0|0
S|XY530|34704944|108833917| |TF|0|0|0|0|0|0|0|0|0|0|0|0|0
S|FNH|34553333|108631667| |TF|0|0|0|0|0|0|1|7880|0|0|0|0|0
S|ZS|34221667|108853333| |TF|0|0|0|0|0|0|1|9850|0|0|0|0|0
S|XY402|34053417|109150528| |TF|0|0|0|0|0|0|1|11800|0|0|0|0|0
S|KABMO|33735556|109699444| |TF|0|0|0|0|0|0|0|0|0|0|0|0|0

P|KABM7U|06R|KABMO|0|8
S|XY599|34538056|108919250|FNH|CF|0|5200|1430|9660|900|0|1|4270|0|0|0|0|0
S|XY420|34619417|109032194| |TF|0|0|0|0|0|250|1|5250|0|0|0|0|0
S|XY420|34619417|109032194| |IF|0|0|0|0|0|250|1|5250|0|0|0|0|0
S|XY530|34704944|108833917| |TF|0|0|0|0|0|0|0|0|0|0|0|0|0
S|FNH|34553333|108631667| |TF|0|0|0|0|0|0|1|7880|0|0|0|0|0
S|ZS|34221667|108853333| |TF|0|0|0|0|0|0|1|9850|0|0|0|0|0
S|XY402|34053417|109150528| |TF|0|0|0|0|0|0|1|11800|0|0|0|0|0
S|KABMO|33735556|109699444| |TF|0|0|0|0|0|0|0|0|0|0|0|0|0

P|KABM9W|05L|KABMO|0|7
S|DE05L|34464703|108766756| |DF|0|0|0|0|0|0|0|0|0|1|0|0|0
S| |91000000|181000000| |VA|0|5200|0|0|0|0|1|2140|0|0|0|0|0
S|XY410|34636278|108842250| |DF|0|0|0|0|0|0|1|4930|0|0|0|0|0
S|XY420|34619417|109032194| |TF|0|0|0|0|0|0|1|5910|0|0|0|0|0
S|KLX|34265000|109248333| |TF|0|0|0|0|0|0|1|9850|0|0|0|0|0
S|XY403|34128028|109363528| |TF|0|0|0|0|0|0|1|11800|0|0|0|0|0
S|KABMO|33735556|109699444| |TF|0|0|0|0|0|0|0|0|0|0|0|0|0

P|KABM9X|23R|KABMO|0|7
S|DE23R|34442156|108735622| |DF|0|0|0|0|0|0|0|0|0|1|0|0|0
S| |91000000|181000000| |VA|0|23200|0|0|0|0|1|2140|0|0|0|0|0
S|XY701|34416583|108576944| |DF|0|0|0|0|0|0|1|4600|0|0|0|0|0
S|XY702|34389361|108409333| |TF|0|0|0|0|0|220|0|0|0|0|0|0|0
S|ZNX|34111667|108503333| |TF|0|0|0|0|0|0|1|8860|0|0|0|0|0
S|XY406|34001639|108854861| |TF|0|0|0|0|0|0|1|11800|0|0|0|0|0
S|KABMO|33735556|109699444| |TF|0|0|0|0|0|0|0|0|0|0|0|0|0

P|KABM9Y|24L|KABMO|0|6
S|XY699|34336972|108641611|FNH|CF|0|23200|1300|18080|800|0|1|4600|0|0|0|0|0
S|XY620|34250861|108523361| |TF|0|0|0|0|0|220|1|5910|0|0|0|0|0
S|XY620|34250861|108523361| |IF|0|0|0|0|0|220|1|5910|0|0|0|0|0
S|ZNX|34111667|108503333| |TF|0|0|0|0|0|230|1|8860|0|0|0|0|0
S|XY406|34001639|108854861| |TF|0|0|0|0|0|0|1|11800|0|0|0|0|0
S|KABMO|33735556|109699444| |TF|0|0|0|0|0|0|0|0|0|0|0|0|0

P|KABM9Y|24R|KABMO|0|6
S|XY630|34339556|108638889|FNH|CF|0|23200|1280|18140|700|0|1|4600|0|0|0|0|0
S|XY620|34250861|108523361| |TF|0|0|0|0|0|220|1|5910|0|0|0|0|0
S|XY620|34250861|108523361| |IF|0|0|0|0|0|220|1|5910|0|0|0|0|0
S|ZNX|34111667|108503333| |TF|0|0|0|0|0|230|1|8860|0|0|0|0|0
S|XY406|34001639|108854861| |TF|0|0|0|0|0|0|1|11800|0|0|0|0|0
S|KABMO|33735556|109699444| |TF|0|0|0|0|0|0|0|0|0|0|0|0|0

P|KABM9Z|06L|KABMO|0|7
S|XY510|34540611|108916500|FNH|CF|0|5200|1410|9600|900|0|1|4270|0|0|0|0|0
S|XY420|34619417|109032194| |TF|0|0|0|0|0|220|1|5250|0|0|0|0|0
S|XY420|34619417|109032194| |IF|0|0|0|0|0|220|1|5250|0|0|0|0|0
S|XY520|34540083|109080167| |TF|0|0|0|0|0|0|1|5910|0|0|0|0|0
S|KLX|34265000|109248333| |TF|0|0|0|0|0|0|1|9850|0|0|0|0|0
S|XY403|34128028|109363528| |TF|0|0|0|0|0|0|1|11800|0|0|0|0|0
S|KABMO|33735556|109699444| |TF|0|0|0|0|0|0|0|0|0|0|0|0|0

P|KABM9Z|06R|KABMO|0|7
S|XY599|34538056|108919250|FNH|CF|0|5200|1430|9660|900|0|1|4270|0|0|0|0|0
S|XY420|34619417|109032194| |TF|0|0|0|0|0|220|1|5250|0|0|0|0|0
S|XY420|34619417|109032194| |IF|0|0|0|0|0|220|1|5250|0|0|0|0|0
S|XY520|34540083|109080167| |TF|0|0|0|0|0|0|1|5910|0|0|0|0|0
S|KLX|34265000|109248333| |TF|0|0|0|0|0|0|1|9850|0|0|0|0|0
S|XY403|34128028|109363528| |TF|0|0|0|0|0|0|1|11800|0|0|0|0|0
S|KABMO|33735556|109699444| |TF|0|0|0|0|0|0|0|0|0|0|0|0|0

P|PUMU1A|06L|PUMUR|0|7
S| |91000000|181000000|LCZ|CD|0|5200|0|0|820|0|1|4270|0|0|0|0|0
S| |91000000|181000000|LCZ|CD|0|5200|0|0|1140|220|1|5250|0|0|0|0|0
S|D336S|34540083|109078883| |DF|0|0|0|0|0|0|1|5910|0|0|0|0|0
S|D336S|34540083|109078883| |IF|0|0|0|0|0|0|1|5910|0|0|0|0|0
S|KLX|34265000|109248333| |TF|0|0|0|0|0|0|1|9850|0|0|0|0|0
S|D158J|34112722|109330722| |TF|0|0|0|0|0|0|1|11800|0|0|0|0|0
S|PUMUR|33660278|109573611| |TF|0|0|0|0|0|0|0|0|0|0|0|0|0

P|PUMU1A|06R|PUMUR|0|7
S| |91000000|181000000|LCZ|CD|0|5200|0|0|820|0|1|4270|0|0|0|0|0
S| |91000000|181000000|LCZ|CD|0|5200|0|0|1140|220|1|5250|0|0|0|0|0
S|D336S|34540083|109078883| |DF|0|0|0|0|0|0|1|5910|0|0|0|0|0
S|D336S|34540083|109078883| |IF|0|0|0|0|0|0|1|5910|0|0|0|0|0
S|KLX|34265000|109248333| |TF|0|0|0|0|0|0|1|9850|0|0|0|0|0
S|D158J|34112722|109330722| |TF|0|0|0|0|0|0|1|11800|0|0|0|0|0
S|PUMUR|33660278|109573611| |TF|0|0|0|0|0|0|0|0|0|0|0|0|0

P|PUMU1B|24L|PUMUR|0|6
S| |91000000|181000000|LCZ|CD|0|23200|0|0|1010|0|1|4600|0|0|0|0|0
S| |91000000|181000000|LCZ|CD|0|23200|0|0|1610|220|1|5910|0|0|0|0|0
S|ZNX|34111667|108503333| |DF|0|0|0|0|0|0|1|8860|0|0|0|0|0
S|ZNX|34111667|108503333| |IF|0|0|0|0|0|0|1|8860|0|0|0|0|0
S|D120O|33999519|108772378| |TF|0|0|0|0|0|0|1|11800|0|0|0|0|0
S|PUMUR|33660278|109573611| |TF|0|0|0|0|0|0|0|0|0|0|0|0|0

P|PUMU1B|24R|PUMUR|0|6
S| |91000000|181000000|LCZ|CD|0|23200|0|0|1010|0|1|4600|0|0|0|0|0
S| |91000000|181000000|LCZ|CD|0|23200|0|0|1610|220|1|5910|0|0|0|0|0
S|ZNX|34111667|108503333| |DF|0|0|0|0|0|0|1|8860|0|0|0|0|0
S|ZNX|34111667|108503333| |IF|0|0|0|0|0|0|1|8860|0|0|0|0|0
S|D120O|33999519|108772378| |TF|0|0|0|0|0|0|1|11800|0|0|0|0|0
S|PUMUR|33660278|109573611| |TF|0|0|0|0|0|0|0|0|0|0|0|0|0

P|PUMU1C|23R|PUMUR|0|7
S|DE23R|34442156|108735622| |DF|0|0|0|0|0|0|0|0|0|1|0|0|0
S| |91000000|181000000| |CA|0|23200|0|0|0|0|1|2140|0|0|0|0|0
S|D262K|34417075|108579756| |DF|0|0|0|0|0|0|1|4600|0|1|0|0|0
S| |91000000|181000000|LCZ|CD|0|26200|0|0|1580|220|0|0|0|0|0|0|0
S|ZNX|34111667|108503333|ZNX|CF|1|16800|0|0|1500|0|1|8860|0|0|0|0|0
S|D120O|33999519|108772378| |TF|0|0|0|0|0|0|1|11800|0|0|0|0|0
S|PUMUR|33660278|109573611| |TF|0|0|0|0|0|0|0|0|0|0|0|0|0

P|PUMU1D|05L|PUMUR|0|7
S|DE05L|34464703|108766756| |DF|0|0|0|0|0|0|0|0|0|1|0|0|0
S| |91000000|181000000| |CA|0|5200|0|0|0|0|1|2140|0|0|0|0|0
S| |91000000|181000000|LCZ|CD|0|1600|0|0|1140|220|1|4930|0|0|0|0|0
S|D336X|34618844|109030133| |DF|2|0|0|0|0|0|1|5910|0|0|0|0|0
S|KLX|34265000|109248333| |TF|0|0|0|0|0|0|1|9850|0|0|0|0|0
S|D158J|34112722|109330722| |TF|0|0|0|0|0|0|1|11800|0|0|0|0|0
S|PUMUR|33660278|109573611| |TF|0|0|0|0|0|0|0|0|0|0|0|0|0

P|PUMU2E|06L|PUMUR|0|9
S| |91000000|181000000|LCZ|CD|0|5200|0|0|820|0|1|4270|0|0|0|0|0
S| |91000000|181000000|LCZ|CD|0|5200|0|0|1140|0|1|5250|0|0|0|0|0
S|FNH|34553333|108631667| |DF|1|0|0|0|0|0|0|0|0|0|0|0|0
S|FNH|34553333|108631667| |IF|0|0|0|0|0|0|0|0|0|0|0|0|0
S|D154J|34407347|108729483| |TF|0|0|0|0|0|0|1|7880|0|0|0|0|0
S|ZS|34221667|108853333| |TF|0|0|0|0|0|0|1|9850|0|0|0|0|0
S|KLX|34265000|109248333| |TF|0|0|0|0|0|0|0|0|0|0|0|0|0
S|D158J|34112722|109330722| |TF|0|0|0|0|0|0|1|11800|0|0|0|0|0
S|PUMUR|33660278|109573611| |TF|0|0|0|0|0|0|0|0|0|0|0|0|0

P|PUMU2E|06R|PUMUR|0|9
S| |91000000|181000000|LCZ|CD|0|5200|0|0|820|0|1|4270|0|0|0|0|0
S| |91000000|181000000|LCZ|CD|0|5200|0|0|1140|0|1|5250|0|0|0|0|0
S|FNH|34553333|108631667| |DF|1|0|0|0|0|0|0|0|0|0|0|0|0
S|FNH|34553333|108631667| |IF|0|0|0|0|0|0|0|0|0|0|0|0|0
S|D154J|34407347|108729483| |TF|0|0|0|0|0|0|1|7880|0|0|0|0|0
S|ZS|34221667|108853333| |TF|0|0|0|0|0|0|1|9850|0|0|0|0|0
S|KLX|34265000|109248333| |TF|0|0|0|0|0|0|0|0|0|0|0|0|0
S|D158J|34112722|109330722| |TF|0|0|0|0|0|0|1|11800|0|0|0|0|0
S|PUMUR|33660278|109573611| |TF|0|0|0|0|0|0|0|0|0|0|0|0|0

P|PUMU2F|24L|PUMUR|0|9
S| |91000000|181000000|LCZ|CD|0|23200|0|0|1010|0|1|4600|0|0|0|0|0
S| |91000000|181000000|LCZ|CD|0|23200|0|0|1610|220|1|5910|0|0|0|0|0
S|D219H|34449297|108540453| |DF|2|0|0|0|0|0|0|0|0|1|0|0|0
S|D232G|34372500|108683569|LCZ|CF|2|14000|720|23200|700|0|1|7880|0|0|0|0|0
S|D232G|34372500|108683569| |IF|0|0|0|0|0|0|1|7880|0|0|0|0|0
S|ZS|34221667|108853333| |TF|0|0|0|0|0|0|1|9850|0|0|0|0|0
S|KLX|34265000|109248333| |TF|0|0|0|0|0|0|0|0|0|0|0|0|0
S|D158J|34112722|109330722| |TF|0|0|0|0|0|0|1|11800|0|0|0|0|0
S|PUMUR|33660278|109573611| |TF|0|0|0|0|0|0|0|0|0|0|0|0|0

P|PUMU2F|24R|PUMUR|0|9
S| |91000000|181000000|LCZ|CD|0|23200|0|0|1010|0|1|4600|0|0|0|0|0
S| |91000000|181000000|LCZ|CD|0|23200|0|0|1610|220|1|5910|0|0|0|0|0
S|D219H|34449297|108540453| |DF|2|0|0|0|0|0|0|0|0|1|0|0|0
S|D232G|34372500|108683569|LCZ|CF|2|14000|720|23200|700|0|1|7880|0|0|0|0|0
S|D232G|34372500|108683569| |IF|0|0|0|0|0|0|1|7880|0|0|0|0|0
S|ZS|34221667|108853333| |TF|0|0|0|0|0|0|1|9850|0|0|0|0|0
S|KLX|34265000|109248333| |TF|0|0|0|0|0|0|0|0|0|0|0|0|0
S|D158J|34112722|109330722| |TF|0|0|0|0|0|0|1|11800|0|0|0|0|0
S|PUMUR|33660278|109573611| |TF|0|0|0|0|0|0|0|0|0|0|0|0|0

P|PUMU2G|23R|PUMUR|0|10
S|DE23R|34442156|108735622| |DF|0|0|0|0|0|0|0|0|0|1|0|0|0
S| |91000000|181000000| |CA|0|23200|0|0|0|0|1|2140|0|0|0|0|0
S|D262K|34417075|108579756| |DF|0|0|0|0|0|0|1|4600|0|1|0|0|0
S| |91000000|181000000|LCZ|CD|0|26200|0|0|1580|220|0|0|0|0|0|0|0
S| |91000000|181000000| |VI|2|9500|0|0|0|0|0|0|0|0|0|0|0
S|D232G|34372500|108683569|LCZ|CF|0|14000|720|23200|800|0|1|7880|0|0|0|0|0
S|ZS|34221667|108853333| |TF|0|0|0|0|0|0|1|9850|0|0|0|0|0
S|KLX|34265000|109248333| |TF|0|0|0|0|0|0|0|0|0|0|0|0|0
S|D158J|34112722|109330722| |TF|0|0|0|0|0|0|1|11800|0|0|0|0|0
S|PUMUR|33660278|109573611| |TF|0|0|0|0|0|0|0|0|0|0|0|0|0

P|PUMU2H|05L|PUMUR|0|9
S|DE05L|34464703|108766756| |DF|0|0|0|0|0|0|0|0|0|1|0|0|0
S| |91000000|181000000| |CA|0|5200|0|0|0|0|1|2140|0|0|0|0|0
S| |91000000|181000000|LCZ|CD|0|1600|0|0|1140|0|1|4930|0|0|0|0|0
S|FNH|34553333|108631667| |DF|1|0|0|0|0|0|0|0|0|0|0|0|0
S|D154J|34407347|108729483| |TF|0|0|0|0|0|0|1|7880|0|0|0|0|0
S|ZS|34221667|108853333| |TF|0|0|0|0|0|0|1|9850|0|0|0|0|0
S|KLX|34265000|109248333| |TF|0|0|0|0|0|0|0|0|0|0|0|0|0
S|D158J|34112722|109330722| |TF|0|0|0|0|0|0|1|11800|0|0|0|0|0
S|PUMUR|33660278|109573611| |TF|0|0|0|0|0|0|0|0|0|0|0|0|0

P|PUMU7R|05L|PUMUR|0|8
S|DE05L|34464703|108766756| |DF|0|0|0|0|0|0|0|0|0|1|0|0|0
S| |91000000|181000000| |VA|0|5200|0|0|0|0|1|2140|0|0|0|0|0
S|XY410|34636278|108842250| |DF|0|0|0|0|0|0|1|4930|0|1|0|0|0
S| |91000000|181000000| |CA|0|1700|0|0|0|0|1|7880|0|0|0|0|0
S|FNH|34553333|108631667| |DF|1|0|0|0|0|0|0|0|0|0|0|0|0
S|ZS|34221667|108853333| |TF|0|0|0|0|0|0|1|9850|0|0|0|0|0
S|XY405|34046194|109082028| |TF|0|0|0|0|0|0|1|11800|0|0|0|0|0
S|PUMUR|33660278|109573611| |TF|0|0|0|0|0|0|0|0|0|0|0|0|0

P|PUMU7S|23R|PUMUR|0|9
S|DE23R|34442156|108735622| |DF|0|0|0|0|0|0|0|0|0|1|0|0|0
S| |91000000|181000000| |VA|0|23200|0|0|0|0|1|2140|0|0|0|0|0
S|XY701|34416583|108576944| |DF|0|0|0|0|0|0|1|4600|0|0|0|0|0
S|XY702|34389361|108409333| |TF|0|0|0|0|0|205|0|0|0|0|0|0|0
S|XY703|34497306|108373306| |TF|0|0|0|0|0|220|0|0|0|0|0|0|0
S|FNH|34553333|108631667| |TF|0|0|0|0|0|0|1|7880|0|0|0|0|0
S|ZS|34221667|108853333| |TF|0|0|0|0|0|0|1|9850|0|0|0|0|0
S|XY405|34046194|109082028| |TF|0|0|0|0|0|0|1|11800|0|0|0|0|0
S|PUMUR|33660278|109573611| |TF|0|0|0|0|0|0|0|0|0|0|0|0|0

P|PUMU7T|24L|PUMUR|0|8
S|XY699|34336972|108641611|FNH|CF|0|23200|1300|18080|800|0|1|4600|0|0|0|0|0
S|XY620|34250861|108523361| |TF|0|0|0|0|0|220|1|5910|0|0|0|0|0
S|XY620|34250861|108523361| |IF|0|0|0|0|0|220|1|5910|0|0|0|0|0
S|XY960|34337639|108426583| |TF|0|0|0|0|0|230|0|0|0|0|0|0|0
S|XY640|34484611|108563000| |TF|0|0|0|0|0|250|1|7880|0|0|0|0|0
S|ZS|34221667|108853333| |TF|0|0|0|0|0|0|1|9850|0|0|0|0|0
S|XY405|34046194|109082028| |TF|0|0|0|0|0|0|1|11800|0|0|0|0|0
S|PUMUR|33660278|109573611| |TF|0|0|0|0|0|0|0|0|0|0|0|0|0

P|PUMU7T|24R|PUMUR|0|8
S|XY630|34339556|108638889|FNH|CF|0|23200|1280|18140|700|0|1|4600|0|0|0|0|0
S|XY620|34250861|108523361| |TF|0|0|0|0|0|220|1|5910|0|0|0|0|0
S|XY620|34250861|108523361| |IF|0|0|0|0|0|220|1|5910|0|0|0|0|0
S|XY960|34337639|108426583| |TF|0|0|0|0|0|230|0|0|0|0|0|0|0
S|XY640|34484611|108563000| |TF|0|0|0|0|0|250|1|7880|0|0|0|0|0
S|ZS|34221667|108853333| |TF|0|0|0|0|0|0|1|9850|0|0|0|0|0
S|XY405|34046194|109082028| |TF|0|0|0|0|0|0|1|11800|0|0|0|0|0
S|PUMUR|33660278|109573611| |TF|0|0|0|0|0|0|0|0|0|0|0|0|0

P|PUMU7U|06L|PUMUR|0|8
S|XY510|34540611|108916500|FNH|CF|0|5200|1410|9600|900|0|1|4270|0|0|0|0|0
S|XY420|34619417|109032194| |TF|0|0|0|0|0|250|1|5250|0|0|0|0|0
S|XY420|34619417|109032194| |IF|0|0|0|0|0|250|1|5250|0|0|0|0|0
S|XY530|34704944|108833917| |TF|0|0|0|0|0|0|0|0|0|0|0|0|0
S|FNH|34553333|108631667| |TF|0|0|0|0|0|0|1|7880|0|0|0|0|0
S|ZS|34221667|108853333| |TF|0|0|0|0|0|0|1|9850|0|0|0|0|0
S|XY405|34046194|109082028| |TF|0|0|0|0|0|0|1|11800|0|0|0|0|0
S|PUMUR|33660278|109573611| |TF|0|0|0|0|0|0|0|0|0|0|0|0|0

P|PUMU7U|06R|PUMUR|0|8
S|XY599|34538056|108919250|FNH|CF|0|5200|1430|9660|900|0|1|4270|0|0|0|0|0
S|XY420|34619417|109032194| |TF|0|0|0|0|0|250|1|5250|0|0|0|0|0
S|XY420|34619417|109032194| |IF|0|0|0|0|0|250|1|5250|0|0|0|0|0
S|XY530|34704944|108833917| |TF|0|0|0|0|0|0|0|0|0|0|0|0|0
S|FNH|34553333|108631667| |TF|0|0|0|0|0|0|1|7880|0|0|0|0|0
S|ZS|34221667|108853333| |TF|0|0|0|0|0|0|1|9850|0|0|0|0|0
S|XY405|34046194|109082028| |TF|0|0|0|0|0|0|1|11800|0|0|0|0|0
S|PUMUR|33660278|109573611| |TF|0|0|0|0|0|0|0|0|0|0|0|0|0

P|PUMU9W|05L|PUMUR|0|7
S|DE05L|34464703|108766756| |DF|0|0|0|0|0|0|0|0|0|1|0|0|0
S| |91000000|181000000| |VA|0|5200|0|0|0|0|1|2140|0|0|0|0|0
S|XY410|34636278|108842250| |DF|0|0|0|0|0|0|1|4930|0|0|0|0|0
S|XY420|34619417|109032194| |TF|0|0|0|0|0|0|1|5910|0|0|0|0|0
S|KLX|34265000|109248333| |TF|0|0|0|0|0|0|1|9850|0|0|0|0|0
S|XY404|34111694|109329361| |TF|0|0|0|0|0|0|1|11800|0|0|0|0|0
S|PUMUR|33660278|109573611| |TF|0|0|0|0|0|0|0|0|0|0|0|0|0

P|PUMU9X|23R|PUMUR|0|7
S|DE23R|34442156|108735622| |DF|0|0|0|0|0|0|0|0|0|1|0|0|0
S| |91000000|181000000| |VA|0|23200|0|0|0|0|1|2140|0|0|0|0|0
S|XY701|34416583|108576944| |DF|0|0|0|0|0|0|1|4600|0|0|0|0|0
S|XY702|34389361|108409333| |TF|0|0|0|0|0|220|0|0|0|0|0|0|0
S|ZNX|34111667|108503333| |TF|0|0|0|0|0|0|1|8860|0|0|0|0|0
S|XY605|33998972|108770750| |TF|0|0|0|0|0|0|1|11800|0|0|0|0|0
S|PUMUR|33660278|109573611| |TF|0|0|0|0|0|0|0|0|0|0|0|0|0

P|PUMU9Y|24L|PUMUR|0|6
S|XY699|34336972|108641611|FNH|CF|0|23200|1300|18080|800|0|1|4600|0|0|0|0|0
S|XY620|34250861|108523361| |TF|0|0|0|0|0|220|1|5910|0|0|0|0|0
S|XY620|34250861|108523361| |IF|0|0|0|0|0|220|1|5910|0|0|0|0|0
S|ZNX|34111667|108503333| |TF|0|0|0|0|0|230|1|8860|0|0|0|0|0
S|XY605|33998972|108770750| |TF|0|0|0|0|0|0|1|11800|0|0|0|0|0
S|PUMUR|33660278|109573611| |TF|0|0|0|0|0|0|0|0|0|0|0|0|0

P|PUMU9Y|24R|PUMUR|0|6
S|XY630|34339556|108638889|FNH|CF|0|23200|1280|18140|700|0|1|4600|0|0|0|0|0
S|XY620|34250861|108523361| |TF|0|0|0|0|0|220|1|5910|0|0|0|0|0
S|XY620|34250861|108523361| |IF|0|0|0|0|0|220|1|5910|0|0|0|0|0
S|ZNX|34111667|108503333| |TF|0|0|0|0|0|230|1|8860|0|0|0|0|0
S|XY605|33998972|108770750| |TF|0|0|0|0|0|0|1|11800|0|0|0|0|0
S|PUMUR|33660278|109573611| |TF|0|0|0|0|0|0|0|0|0|0|0|0|0

P|PUMU9Z|06L|PUMUR|0|7
S|XY510|34540611|108916500|FNH|CF|0|5200|1410|9600|900|0|1|4270|0|0|0|0|0
S|XY420|34619417|109032194| |TF|0|0|0|0|0|220|1|5250|0|0|0|0|0
S|XY420|34619417|109032194| |IF|0|0|0|0|0|220|1|5250|0|0|0|0|0
S|XY520|34540083|109080167| |TF|0|0|0|0|0|0|1|5910|0|0|0|0|0
S|KLX|34265000|109248333| |TF|0|0|0|0|0|0|1|9850|0|0|0|0|0
S|XY404|34111694|109329361| |TF|0|0|0|0|0|0|1|11800|0|0|0|0|0
S|PUMUR|33660278|109573611| |TF|0|0|0|0|0|0|0|0|0|0|0|0|0

P|PUMU9Z|06R|PUMUR|0|7
S|XY599|34538056|108919250|FNH|CF|0|5200|1430|9660|900|0|1|4270|0|0|0|0|0
S|XY420|34619417|109032194| |TF|0|0|0|0|0|220|1|5250|0|0|0|0|0
S|XY420|34619417|109032194| |IF|0|0|0|0|0|220|1|5250|0|0|0|0|0
S|XY520|34540083|109080167| |TF|0|0|0|0|0|0|1|5910|0|0|0|0|0
S|KLX|34265000|109248333| |TF|0|0|0|0|0|0|1|9850|0|0|0|0|0
S|XY404|34111694|109329361| |TF|0|0|0|0|0|0|1|11800|0|0|0|0|0
S|PUMUR|33660278|109573611| |TF|0|0|0|0|0|0|0|0|0|0|0|0|0

P|TEBI1A|06L|TEBIB|0|6
S| |91000000|181000000|LCZ|CD|0|5200|0|0|820|0|1|4270|0|0|0|0|0
S| |91000000|181000000|LCZ|CD|0|5200|0|0|1140|0|1|5250|0|0|0|0|0
S| |91000000|181000000| |CI|1|30300|0|0|0|0|0|0|0|0|0|0|0
S|DOVOP|34757222|108708333|LCZ|CF|0|31500|1880|35010|200|0|1|6890|0|0|0|0|0
S|DOVOP|34757222|108708333| |IF|0|0|0|0|0|0|1|6890|0|0|0|0|0
S|TEBIB|35352500|107898333| |TF|0|0|0|0|0|0|0|0|0|0|0|0|0

P|TEBI1A|06R|TEBIB|0|6
S| |91000000|181000000|LCZ|CD|0|5200|0|0|820|0|1|4270|0|0|0|0|0
S| |91000000|181000000|LCZ|CD|0|5200|0|0|1140|0|1|5250|0|0|0|0|0
S| |91000000|181000000| |CI|1|30300|0|0|0|0|0|0|0|0|0|0|0
S|DOVOP|34757222|108708333|LCZ|CF|0|31500|1880|35010|200|0|1|6890|0|0|0|0|0
S|DOVOP|34757222|108708333| |IF|0|0|0|0|0|0|1|6890|0|0|0|0|0
S|TEBIB|35352500|107898333| |TF|0|0|0|0|0|0|0|0|0|0|0|0|0

P|TEBI1B|24L|TEBIB|0|6
S| |91000000|181000000|LCZ|CD|0|23200|0|0|1010|0|1|4600|0|0|0|0|0
S| |91000000|181000000|LCZ|CD|0|23200|0|0|1610|220|1|5910|0|0|0|0|0
S|ZNX32|34627603|108336061|ZNX|CF|2|34800|3200|34800|2100|0|1|7880|0|0|0|0|0
S|ZNX32|34627603|108336061| |IF|0|0|0|0|0|0|1|7880|0|0|0|0|0
S|ZNX66|35173333|108145000| |TF|0|0|0|0|0|0|0|0|0|0|0|0|0
S|TEBIB|35352500|107898333| |TF|0|0|0|0|0|0|0|0|0|0|0|0|0

P|TEBI1B|24R|TEBIB|0|6
S| |91000000|181000000|LCZ|CD|0|23200|0|0|1010|0|1|4600|0|0|0|0|0
S| |91000000|181000000|LCZ|CD|0|23200|0|0|1610|220|1|5910|0|0|0|0|0
S|ZNX32|34627603|108336061|ZNX|CF|2|34800|3200|34800|2100|0|1|7880|0|0|0|0|0
S|ZNX32|34627603|108336061| |IF|0|0|0|0|0|0|1|7880|0|0|0|0|0
S|ZNX66|35173333|108145000| |TF|0|0|0|0|0|0|0|0|0|0|0|0|0
S|TEBIB|35352500|107898333| |TF|0|0|0|0|0|0|0|0|0|0|0|0|0

P|TEBI1C|23R|TEBIB|0|8
S|DE23R|34442156|108735622| |DF|0|0|0|0|0|0|0|0|0|1|0|0|0
S| |91000000|181000000| |CA|0|23200|0|0|0|0|1|2140|0|0|0|0|0
S|D262K|34417075|108579756| |DF|0|0|0|0|0|0|1|4600|0|1|0|0|0
S| |91000000|181000000|LCZ|CD|0|26200|0|0|1580|220|0|0|0|0|0|0|0
S| |91000000|181000000| |VI|0|31800|0|0|0|0|0|0|0|0|0|0|0
S|ZNX32|34627603|108336061|ZNX|CF|0|34800|3200|34800|1200|0|1|7880|0|0|0|0|0
S|ZNX66|35173333|108145000| |TF|0|0|0|0|0|0|0|0|0|0|0|0|0
S|TEBIB|35352500|107898333| |TF|0|0|0|0|0|0|0|0|0|0|0|0|0

P|TEBI1D|05L|TEBIB|0|5
S|DE05L|34464703|108766756| |DF|0|0|0|0|0|0|0|0|0|1|0|0|0
S| |91000000|181000000| |CA|0|5200|0|0|0|0|1|2140|0|0|0|0|0
S| |91000000|181000000|LCZ|CD|0|1600|0|0|1140|250|1|4930|0|0|0|0|0
S|DOVOP|34757222|108708333|LCZ|CF|0|31500|1880|35010|900|0|1|6890|0|0|0|0|0
S|TEBIB|35352500|107898333| |TF|0|0|0|0|0|0|0|0|0|0|0|0|0

P|TEBI2E|06L|TEBIB|0|6
S| |91000000|181000000|LCZ|CD|0|5200|0|0|820|0|1|4270|0|0|0|0|0
S| |91000000|181000000|LCZ|CD|0|5200|0|0|1140|0|1|5250|0|0|0|0|0
S|MIZ|34820000|108995000| |DF|0|0|0|0|0|0|1|7880|0|0|0|0|0
S|MIZ|34820000|108995000| |IF|0|0|0|0|0|0|1|7880|0|0|0|0|0
S|D304R|34976403|108676475| |TF|0|0|0|0|0|0|1|8860|0|0|0|0|0
S|TEBIB|35352500|107898333| |TF|0|0|0|0|0|0|0|0|0|0|0|0|0

P|TEBI2E|06R|TEBIB|0|6
S| |91000000|181000000|LCZ|CD|0|5200|0|0|820|0|1|4270|0|0|0|0|0
S| |91000000|181000000|LCZ|CD|0|5200|0|0|1140|0|1|5250|0|0|0|0|0
S|MIZ|34820000|108995000| |DF|0|0|0|0|0|0|1|7880|0|0|0|0|0
S|MIZ|34820000|108995000| |IF|0|0|0|0|0|0|1|7880|0|0|0|0|0
S|D304R|34976403|108676475| |TF|0|0|0|0|0|0|1|8860|0|0|0|0|0
S|TEBIB|35352500|107898333| |TF|0|0|0|0|0|0|0|0|0|0|0|0|0

P|TEBI2H|05L|TEBIB|0|6
S|DE05L|34464703|108766756| |DF|0|0|0|0|0|0|0|0|0|1|0|0|0
S| |91000000|181000000| |CA|0|5200|0|0|0|0|1|2140|0|0|0|0|0
S| |91000000|181000000|LCZ|CD|0|1600|0|0|1140|250|1|4930|0|0|0|0|0
S|MIZ|34820000|108995000| |DF|0|0|0|0|0|0|1|7880|0|0|0|0|0
S|D304R|34976403|108676475| |TF|1|0|0|0|0|0|1|8860|0|0|0|0|0
S|TEBIB|35352500|107898333| |TF|0|0|0|0|0|0|0|0|0|0|0|0|0

P|TEBI7R|05L|TEBIB|0|6
S|DE05L|34464703|108766756| |DF|0|0|0|0|0|0|0|0|0|1|0|0|0
S| |91000000|181000000| |VA|0|5200|0|0|0|0|1|2140|0|0|0|0|0
S|XY410|34636278|108842250| |DF|0|0|0|0|0|0|1|4930|0|0|0|0|0
S|MIZ|34820000|108995000| |TF|0|0|0|0|0|0|1|7880|0|0|0|0|0
S|XY411|35110028|108402917| |TF|0|0|0|0|0|0|1|8860|0|0|0|0|0
S|TEBIB|35352500|107898333| |TF|0|0|0|0|0|0|0|0|0|0|0|0|0

P|TEBI7U|06L|TEBIB|0|6
S|XY510|34540611|108916500|FNH|CF|0|5200|1410|9600|900|0|1|4270|0|0|0|0|0
S|XY420|34619417|109032194| |TF|0|0|0|0|0|0|1|5250|0|0|0|0|0
S|XY420|34619417|109032194| |IF|0|0|0|0|0|0|1|5250|0|0|0|0|0
S|MIZ|34820000|108995000| |TF|0|0|0|0|0|0|1|7880|0|0|0|0|0
S|XY411|35110028|108402917| |TF|0|0|0|0|0|0|1|8860|0|0|0|0|0
S|TEBIB|35352500|107898333| |TF|0|0|0|0|0|0|0|0|0|0|0|0|0

P|TEBI7U|06R|TEBIB|0|6
S|XY599|34538056|108919250|FNH|CF|0|5200|1430|9660|900|0|1|4270|0|0|0|0|0
S|XY420|34619417|109032194| |TF|0|0|0|0|0|0|1|5250|0|0|0|0|0
S|XY420|34619417|109032194| |IF|0|0|0|0|0|0|1|5250|0|0|0|0|0
S|MIZ|34820000|108995000| |TF|0|0|0|0|0|0|1|7880|0|0|0|0|0
S|XY411|35110028|108402917| |TF|0|0|0|0|0|0|1|8860|0|0|0|0|0
S|TEBIB|35352500|107898333| |TF|0|0|0|0|0|0|0|0|0|0|0|0|0

P|TEBI9W|05L|TEBIB|0|5
S|DE05L|34464703|108766756| |DF|0|0|0|0|0|0|0|0|0|1|0|0|0
S| |91000000|181000000| |VA|0|5200|0|0|0|0|1|2140|0|0|0|0|0
S|XY410|34636278|108842250| |DF|0|0|0|0|0|0|1|4930|0|0|0|0|0
S|DOVOP|34757222|108708333| |TF|0|0|0|0|0|0|1|6890|0|0|0|0|0
S|TEBIB|35352500|107898333| |TF|0|0|0|0|0|0|0|0|0|0|0|0|0

P|TEBI9X|23R|TEBIB|0|8
S|DE23R|34442156|108735622| |DF|0|0|0|0|0|0|0|0|0|1|0|0|0
S| |91000000|181000000| |VA|0|23200|0|0|0|0|1|2140|0|0|0|0|0
S|XY701|34416583|108576944| |DF|0|0|0|0|0|0|1|4600|0|0|0|0|0
S|XY702|34389361|108409333| |TF|0|0|0|0|0|205|0|0|0|0|0|0|0
S|XY703|34497306|108373306| |TF|0|0|0|0|0|220|1|6890|0|0|0|0|0
S|XY704|34841222|108257833| |TF|0|0|0|0|0|0|1|8860|0|0|0|0|0
S|XY610|35172139|108145778| |TF|0|0|0|0|0|0|0|0|0|0|0|0|0
S|TEBIB|35352500|107898333| |TF|0|0|0|0|0|0|0|0|0|0|0|0|0

P|TEBI9Y|24L|TEBIB|0|7
S|XY699|34336972|108641611|LCZ|CF|0|23200|1020|23070|800|0|1|4600|0|0|0|0|0
S|XY620|34250861|108523361| |TF|0|0|0|0|0|220|1|5910|0|0|0|0|0
S|XY620|34250861|108523361| |IF|0|0|0|0|0|220|1|5910|0|0|0|0|0
S|XY960|34337639|108426583| |TF|0|0|0|0|0|230|1|6890|0|0|0|0|0
S|XY704|34841222|108257833| |TF|0|0|0|0|0|0|1|8860|0|0|0|0|0
S|XY610|35172139|108145778| |TF|0|0|0|0|0|0|0|0|0|0|0|0|0
S|TEBIB|35352500|107898333| |TF|0|0|0|0|0|0|0|0|0|0|0|0|0

P|TEBI9Y|24R|TEBIB|0|7
S|XY630|34339556|108638889|LCZ|CF|0|23200|1020|23180|700|0|1|4600|0|0|0|0|0
S|XY620|34250861|108523361| |TF|0|0|0|0|0|220|1|5910|0|0|0|0|0
S|XY620|34250861|108523361| |IF|0|0|0|0|0|220|1|5910|0|0|0|0|0
S|XY960|34337639|108426583| |TF|0|0|0|0|0|230|1|6890|0|0|0|0|0
S|XY704|34841222|108257833| |TF|0|0|0|0|0|0|1|8860|0|0|0|0|0
S|XY610|35172139|108145778| |TF|0|0|0|0|0|0|0|0|0|0|0|0|0
S|TEBIB|35352500|107898333| |TF|0|0|0|0|0|0|0|0|0|0|0|0|0

P|TEBI9Z|06L|TEBIB|0|6
S|XY510|34540611|108916500|FNH|CF|0|5200|1410|9600|900|0|1|4270|0|0|0|0|0
S|XY420|34619417|109032194| |TF|0|0|0|0|0|0|1|5250|0|0|0|0|0
S|XY420|34619417|109032194| |IF|0|0|0|0|0|0|1|5250|0|0|0|0|0
S|XY530|34704944|108833917| |TF|0|0|0|0|0|0|0|0|0|0|0|0|0
S|DOVOP|34757222|108708333| |TF|0|0|0|0|0|0|1|6890|0|0|0|0|0
S|TEBIB|35352500|107898333| |TF|0|0|0|0|0|0|0|0|0|0|0|0|0

P|TEBI9Z|06R|TEBIB|0|6
S|XY599|34538056|108919250|FNH|CF|0|5200|1430|9660|900|0|1|4270|0|0|0|0|0
S|XY420|34619417|109032194| |TF|0|0|0|0|0|0|1|5250|0|0|0|0|0
S|XY420|34619417|109032194| |IF|0|0|0|0|0|0|1|5250|0|0|0|0|0
S|XY530|34704944|108833917| |TF|0|0|0|0|0|0|0|0|0|0|0|0|0
S|DOVOP|34757222|108708333| |TF|0|0|0|0|0|0|1|6890|0|0|0|0|0
S|TEBIB|35352500|107898333| |TF|0|0|0|0|0|0|0|0|0|0|0|0|0

P|UPDU1A|06L|UPDUM|0|7
S| |91000000|181000000|LCZ|CD|0|5200|0|0|820|0|1|4270|0|0|0|0|0
S| |91000000|181000000|LCZ|CD|0|5200|0|0|1140|220|1|5250|0|0|0|0|0
S|D336S|34540083|109078883| |DF|0|0|0|0|0|0|1|5910|0|0|0|0|0
S|D336S|34540083|109078883| |IF|0|0|0|0|0|0|1|5910|0|0|0|0|0
S|KLX|34265000|109248333| |TF|0|0|0|0|0|0|1|9850|0|0|0|0|0
S|D203N|34054319|109151958| |TF|0|0|0|0|0|0|1|11800|0|0|0|0|0
S|UPDUM|33395556|108853889| |TF|0|0|0|0|0|0|0|0|0|0|0|0|0

P|UPDU1A|06R|UPDUM|0|7
S| |91000000|181000000|LCZ|CD|0|5200|0|0|820|0|1|4270|0|0|0|0|0
S| |91000000|181000000|LCZ|CD|0|5200|0|0|1140|220|1|5250|0|0|0|0|0
S|D336S|34540083|109078883| |DF|0|0|0|0|0|0|1|5910|0|0|0|0|0
S|D336S|34540083|109078883| |IF|0|0|0|0|0|0|1|5910|0|0|0|0|0
S|KLX|34265000|109248333| |TF|0|0|0|0|0|0|1|9850|0|0|0|0|0
S|D203N|34054319|109151958| |TF|0|0|0|0|0|0|1|11800|0|0|0|0|0
S|UPDUM|33395556|108853889| |TF|0|0|0|0|0|0|0|0|0|0|0|0|0

P|UPDU1B|24L|UPDUM|0|7
S| |91000000|181000000|LCZ|CD|0|23200|0|0|1010|0|1|4600|0|0|0|0|0
S| |91000000|181000000|LCZ|CD|0|23200|0|0|1610|220|1|5910|0|0|0|0|0
S|ZNX|34111667|108503333| |DF|0|0|0|0|0|0|1|8860|0|0|0|0|0
S|ZNX|34111667|108503333| |IF|0|0|0|0|0|0|1|8860|0|0|0|0|0
S|D161J|33963386|108576444| |TF|0|0|0|0|0|0|1|11800|0|0|0|0|0
S|D161P|33862961|108625803| |TF|0|0|0|0|0|0|1|12800|0|0|0|0|0
S|UPDUM|33395556|108853889| |TF|0|0|0|0|0|0|0|0|0|0|0|0|0

P|UPDU1B|24R|UPDUM|0|7
S| |91000000|181000000|LCZ|CD|0|23200|0|0|1010|0|1|4600|0|0|0|0|0
S| |91000000|181000000|LCZ|CD|0|23200|0|0|1610|220|1|5910|0|0|0|0|0
S|ZNX|34111667|108503333| |DF|0|0|0|0|0|0|1|8860|0|0|0|0|0
S|ZNX|34111667|108503333| |IF|0|0|0|0|0|0|1|8860|0|0|0|0|0
S|D161J|33963386|108576444| |TF|0|0|0|0|0|0|1|11800|0|0|0|0|0
S|D161P|33862961|108625803| |TF|0|0|0|0|0|0|1|12800|0|0|0|0|0
S|UPDUM|33395556|108853889| |TF|0|0|0|0|0|0|0|0|0|0|0|0|0

P|UPDU1C|23R|UPDUM|0|8
S|DE23R|34442156|108735622| |DF|0|0|0|0|0|0|0|0|0|1|0|0|0
S| |91000000|181000000| |CA|0|23200|0|0|0|0|1|2140|0|0|0|0|0
S|D262K|34417075|108579756| |DF|0|0|0|0|0|0|1|4600|0|1|0|0|0
S| |91000000|181000000|LCZ|CD|0|26200|0|0|1580|220|0|0|0|0|0|0|0
S|ZNX|34111667|108503333|ZNX|CF|1|16800|0|0|1500|0|1|8860|0|0|0|0|0
S|D161J|33963386|108576444| |TF|0|0|0|0|0|0|1|11800|0|0|0|0|0
S|D161P|33862961|108625803| |TF|0|0|0|0|0|0|1|12800|0|0|0|0|0
S|UPDUM|33395556|108853889| |TF|0|0|0|0|0|0|0|0|0|0|0|0|0

P|UPDU1D|05L|UPDUM|0|7
S|DE05L|34464703|108766756| |DF|0|0|0|0|0|0|0|0|0|1|0|0|0
S| |91000000|181000000| |CA|0|5200|0|0|0|0|1|2140|0|0|0|0|0
S| |91000000|181000000|LCZ|CD|0|1600|0|0|1140|220|1|4930|0|0|0|0|0
S|D336X|34618844|109030133| |DF|2|0|0|0|0|0|1|5910|0|0|0|0|0
S|KLX|34265000|109248333| |TF|0|0|0|0|0|0|1|9850|0|0|0|0|0
S|D203N|34054319|109151958| |TF|0|0|0|0|0|0|1|11800|0|0|0|0|0
S|UPDUM|33395556|108853889| |TF|0|0|0|0|0|0|0|0|0|0|0|0|0

P|UPDU2E|06L|UPDUM|0|9
S| |91000000|181000000|LCZ|CD|0|5200|0|0|820|0|1|4270|0|0|0|0|0
S| |91000000|181000000|LCZ|CD|0|5200|0|0|1140|0|1|5250|0|0|0|0|0
S|FNH|34553333|108631667| |DF|1|0|0|0|0|0|0|0|0|0|0|0|0
S|FNH|34553333|108631667| |IF|0|0|0|0|0|0|0|0|0|0|0|0|0
S|D154J|34407347|108729483| |TF|0|0|0|0|0|0|1|7880|0|0|0|0|0
S|ZS|34221667|108853333| |TF|0|0|0|0|0|0|1|9850|0|0|0|0|0
S|KLX|34265000|109248333| |TF|0|0|0|0|0|0|0|0|0|0|0|0|0
S|D203N|34054319|109151958| |TF|0|0|0|0|0|0|1|11800|0|0|0|0|0
S|UPDUM|33395556|108853889| |TF|0|0|0|0|0|0|0|0|0|0|0|0|0

P|UPDU2E|06R|UPDUM|0|9
S| |91000000|181000000|LCZ|CD|0|5200|0|0|820|0|1|4270|0|0|0|0|0
S| |91000000|181000000|LCZ|CD|0|5200|0|0|1140|0|1|5250|0|0|0|0|0
S|FNH|34553333|108631667| |DF|1|0|0|0|0|0|0|0|0|0|0|0|0
S|FNH|34553333|108631667| |IF|0|0|0|0|0|0|0|0|0|0|0|0|0
S|D154J|34407347|108729483| |TF|0|0|0|0|0|0|1|7880|0|0|0|0|0
S|ZS|34221667|108853333| |TF|0|0|0|0|0|0|1|9850|0|0|0|0|0
S|KLX|34265000|109248333| |TF|0|0|0|0|0|0|0|0|0|0|0|0|0
S|D203N|34054319|109151958| |TF|0|0|0|0|0|0|1|11800|0|0|0|0|0
S|UPDUM|33395556|108853889| |TF|0|0|0|0|0|0|0|0|0|0|0|0|0

P|UPDU2F|24L|UPDUM|0|9
S| |91000000|181000000|LCZ|CD|0|23200|0|0|1010|0|1|4600|0|0|0|0|0
S| |91000000|181000000|LCZ|CD|0|23200|0|0|1610|220|1|5910|0|0|0|0|0
S|D219H|34449297|108540453| |DF|2|0|0|0|0|0|0|0|0|1|0|0|0
S|D232G|34372500|108683569|LCZ|CF|2|14000|720|23200|700|0|1|7880|0|0|0|0|0
S|D232G|34372500|108683569| |IF|0|0|0|0|0|0|1|7880|0|0|0|0|0
S|ZS|34221667|108853333| |TF|0|0|0|0|0|0|1|9850|0|0|0|0|0
S|KLX|34265000|109248333| |TF|0|0|0|0|0|0|0|0|0|0|0|0|0
S|D203N|34054319|109151958| |TF|0|0|0|0|0|0|1|11800|0|0|0|0|0
S|UPDUM|33395556|108853889| |TF|0|0|0|0|0|0|0|0|0|0|0|0|0

P|UPDU2F|24R|UPDUM|0|9
S| |91000000|181000000|LCZ|CD|0|23200|0|0|1010|0|1|4600|0|0|0|0|0
S| |91000000|181000000|LCZ|CD|0|23200|0|0|1610|220|1|5910|0|0|0|0|0
S|D219H|34449297|108540453| |DF|2|0|0|0|0|0|0|0|0|1|0|0|0
S|D232G|34372500|108683569|LCZ|CF|2|14000|720|23200|700|0|1|7880|0|0|0|0|0
S|D232G|34372500|108683569| |IF|0|0|0|0|0|0|1|7880|0|0|0|0|0
S|ZS|34221667|108853333| |TF|0|0|0|0|0|0|1|9850|0|0|0|0|0
S|KLX|34265000|109248333| |TF|0|0|0|0|0|0|0|0|0|0|0|0|0
S|D203N|34054319|109151958| |TF|0|0|0|0|0|0|1|11800|0|0|0|0|0
S|UPDUM|33395556|108853889| |TF|0|0|0|0|0|0|0|0|0|0|0|0|0

P|UPDU2G|23R|UPDUM|0|10
S|DE23R|34442156|108735622| |DF|0|0|0|0|0|0|0|0|0|1|0|0|0
S| |91000000|181000000| |CA|0|23200|0|0|0|0|1|2140|0|0|0|0|0
S|D262K|34417075|108579756| |DF|0|0|0|0|0|0|1|4600|0|1|0|0|0
S| |91000000|181000000|LCZ|CD|0|26200|0|0|1580|220|0|0|0|0|0|0|0
S| |91000000|181000000| |VI|2|9500|0|0|0|0|0|0|0|0|0|0|0
S|D232G|34372500|108683569|LCZ|CF|0|14000|720|23200|800|0|1|7880|0|0|0|0|0
S|ZS|34221667|108853333| |TF|0|0|0|0|0|0|1|9850|0|0|0|0|0
S|KLX|34265000|109248333| |TF|0|0|0|0|0|0|0|0|0|0|0|0|0
S|D203N|34054319|109151958| |TF|0|0|0|0|0|0|1|11800|0|0|0|0|0
S|UPDUM|33395556|108853889| |TF|0|0|0|0|0|0|0|0|0|0|0|0|0

P|UPDU2H|05L|UPDUM|0|9
S|DE05L|34464703|108766756| |DF|0|0|0|0|0|0|0|0|0|1|0|0|0
S| |91000000|181000000| |CA|0|5200|0|0|0|0|1|2140|0|0|0|0|0
S| |91000000|181000000|LCZ|CD|0|1600|0|0|1140|0|1|4930|0|0|0|0|0
S|FNH|34553333|108631667| |DF|1|0|0|0|0|0|0|0|0|0|0|0|0
S|D154J|34407347|108729483| |TF|0|0|0|0|0|0|1|7880|0|0|0|0|0
S|ZS|34221667|108853333| |TF|0|0|0|0|0|0|1|9850|0|0|0|0|0
S|KLX|34265000|109248333| |TF|0|0|0|0|0|0|0|0|0|0|0|0|0
S|D203N|34054319|109151958| |TF|0|0|0|0|0|0|1|11800|0|0|0|0|0
S|UPDUM|33395556|108853889| |TF|0|0|0|0|0|0|0|0|0|0|0|0|0

P|UPDU7R|05L|UPDUM|0|8
S|DE05L|34464703|108766756| |DF|0|0|0|0|0|0|0|0|0|1|0|0|0
S| |91000000|181000000| |VA|0|5200|0|0|0|0|1|2140|0|0|0|0|0
S|XY410|34636278|108842250| |DF|0|0|0|0|0|0|1|4930|0|1|0|0|0
S| |91000000|181000000| |CA|0|1700|0|0|0|0|1|7880|0|0|0|0|0
S|FNH|34553333|108631667| |DF|1|0|0|0|0|0|0|0|0|0|0|0|0
S|ZS|34221667|108853333| |TF|0|0|0|0|0|0|1|9850|0|0|0|0|0
S|XY406|34001639|108854861| |TF|0|0|0|0|0|0|1|11800|0|0|0|0|0
S|UPDUM|33395556|108853889| |TF|0|0|0|0|0|0|0|0|0|0|0|0|0

P|UPDU7S|23R|UPDUM|0|9
S|DE23R|34442156|108735622| |DF|0|0|0|0|0|0|0|0|0|1|0|0|0
S| |91000000|181000000| |VA|0|23200|0|0|0|0|1|2140|0|0|0|0|0
S|XY701|34416583|108576944| |DF|0|0|0|0|0|0|1|4600|0|0|0|0|0
S|XY702|34389361|108409333| |TF|0|0|0|0|0|205|0|0|0|0|0|0|0
S|XY703|34497306|108373306| |TF|0|0|0|0|0|220|0|0|0|0|0|0|0
S|FNH|34553333|108631667| |TF|0|0|0|0|0|0|1|7880|0|0|0|0|0
S|ZS|34221667|108853333| |TF|0|0|0|0|0|0|1|9850|0|0|0|0|0
S|XY406|34001639|108854861| |TF|0|0|0|0|0|0|1|11800|0|0|0|0|0
S|UPDUM|33395556|108853889| |TF|0|0|0|0|0|0|0|0|0|0|0|0|0

P|UPDU7T|24L|UPDUM|0|8
S|XY699|34336972|108641611|FNH|CF|0|23200|1300|18080|800|0|1|4600|0|0|0|0|0
S|XY620|34250861|108523361| |TF|0|0|0|0|0|220|1|5910|0|0|0|0|0
S|XY620|34250861|108523361| |IF|0|0|0|0|0|220|1|5910|0|0|0|0|0
S|XY960|34337639|108426583| |TF|0|0|0|0|0|230|0|0|0|0|0|0|0
S|XY640|34484611|108563000| |TF|0|0|0|0|0|250|1|7880|0|0|0|0|0
S|ZS|34221667|108853333| |TF|0|0|0|0|0|0|1|9850|0|0|0|0|0
S|XY406|34001639|108854861| |TF|0|0|0|0|0|0|1|11800|0|0|0|0|0
S|UPDUM|33395556|108853889| |TF|0|0|0|0|0|0|0|0|0|0|0|0|0

P|UPDU7T|24R|UPDUM|0|8
S|XY630|34339556|108638889|FNH|CF|0|23200|1280|18140|700|0|1|4600|0|0|0|0|0
S|XY620|34250861|108523361| |TF|0|0|0|0|0|220|1|5910|0|0|0|0|0
S|XY620|34250861|108523361| |IF|0|0|0|0|0|220|1|5910|0|0|0|0|0
S|XY960|34337639|108426583| |TF|0|0|0|0|0|230|0|0|0|0|0|0|0
S|XY640|34484611|108563000| |TF|0|0|0|0|0|250|1|7880|0|0|0|0|0
S|ZS|34221667|108853333| |TF|0|0|0|0|0|0|1|9850|0|0|0|0|0
S|XY406|34001639|108854861| |TF|0|0|0|0|0|0|1|11800|0|0|0|0|0
S|UPDUM|33395556|108853889| |TF|0|0|0|0|0|0|0|0|0|0|0|0|0

P|UPDU7U|06L|UPDUM|0|8
S|XY510|34540611|108916500|FNH|CF|0|5200|1410|9600|900|0|1|4270|0|0|0|0|0
S|XY420|34619417|109032194| |TF|0|0|0|0|0|250|1|5250|0|0|0|0|0
S|XY420|34619417|109032194| |IF|0|0|0|0|0|250|1|5250|0|0|0|0|0
S|XY530|34704944|108833917| |TF|0|0|0|0|0|0|0|0|0|0|0|0|0
S|FNH|34553333|108631667| |TF|0|0|0|0|0|0|1|7880|0|0|0|0|0
S|ZS|34221667|108853333| |TF|0|0|0|0|0|0|1|9850|0|0|0|0|0
S|XY406|34001639|108854861| |TF|0|0|0|0|0|0|1|11800|0|0|0|0|0
S|UPDUM|33395556|108853889| |TF|0|0|0|0|0|0|0|0|0|0|0|0|0

P|UPDU7U|06R|UPDUM|0|8
S|XY599|34538056|108919250|FNH|CF|0|5200|1430|9660|900|0|1|4270|0|0|0|0|0
S|XY420|34619417|109032194| |TF|0|0|0|0|0|250|1|5250|0|0|0|0|0
S|XY420|34619417|109032194| |IF|0|0|0|0|0|250|1|5250|0|0|0|0|0
S|XY530|34704944|108833917| |TF|0|0|0|0|0|0|0|0|0|0|0|0|0
S|FNH|34553333|108631667| |TF|0|0|0|0|0|0|1|7880|0|0|0|0|0
S|ZS|34221667|108853333| |TF|0|0|0|0|0|0|1|9850|0|0|0|0|0
S|XY406|34001639|108854861| |TF|0|0|0|0|0|0|1|11800|0|0|0|0|0
S|UPDUM|33395556|108853889| |TF|0|0|0|0|0|0|0|0|0|0|0|0|0

P|UPDU9W|05L|UPDUM|0|7
S|DE05L|34464703|108766756| |DF|0|0|0|0|0|0|0|0|0|1|0|0|0
S| |91000000|181000000| |VA|0|5200|0|0|0|0|1|2140|0|0|0|0|0
S|XY410|34636278|108842250| |DF|0|0|0|0|0|0|1|4930|0|0|0|0|0
S|XY420|34619417|109032194| |TF|0|0|0|0|0|0|1|5910|0|0|0|0|0
S|KLX|34265000|109248333| |TF|0|0|0|0|0|0|1|9850|0|0|0|0|0
S|XY402|34053417|109150528| |TF|0|0|0|0|0|0|1|11800|0|0|0|0|0
S|UPDUM|33395556|108853889| |TF|0|0|0|0|0|0|0|0|0|0|0|0|0

P|UPDU9X|23R|UPDUM|0|8
S|DE23R|34442156|108735622| |DF|0|0|0|0|0|0|0|0|0|1|0|0|0
S| |91000000|181000000| |VA|0|23200|0|0|0|0|1|2140|0|0|0|0|0
S|XY701|34416583|108576944| |DF|0|0|0|0|0|0|1|4600|0|0|0|0|0
S|XY702|34389361|108409333| |TF|0|0|0|0|0|220|0|0|0|0|0|0|0
S|ZNX|34111667|108503333| |TF|0|0|0|0|0|0|1|8860|0|0|0|0|0
S|XY606|33962833|108575194| |TF|0|0|0|0|0|0|1|11800|0|0|0|0|0
S|XY607|33861500|108625278| |TF|0|0|0|0|0|0|1|12800|0|0|0|0|0
S|UPDUM|33395556|108853889| |TF|0|0|0|0|0|0|0|0|0|0|0|0|0

P|UPDU9Y|24L|UPDUM|0|7
S|XY699|34336972|108641611|FNH|CF|0|23200|1300|18080|800|0|1|4600|0|0|0|0|0
S|XY620|34250861|108523361| |TF|0|0|0|0|0|220|1|5910|0|0|0|0|0
S|XY620|34250861|108523361| |IF|0|0|0|0|0|220|1|5910|0|0|0|0|0
S|ZNX|34111667|108503333| |TF|0|0|0|0|0|230|1|8860|0|0|0|0|0
S|XY606|33962833|108575194| |TF|0|0|0|0|0|0|1|11800|0|0|0|0|0
S|XY607|33861500|108625278| |TF|0|0|0|0|0|0|1|12800|0|0|0|0|0
S|UPDUM|33395556|108853889| |TF|0|0|0|0|0|0|0|0|0|0|0|0|0

P|UPDU9Y|24R|UPDUM|0|7
S|XY630|34339556|108638889|FNH|CF|0|23200|1280|18140|700|0|1|4600|0|0|0|0|0
S|XY620|34250861|108523361| |TF|0|0|0|0|0|220|1|5910|0|0|0|0|0
S|XY620|34250861|108523361| |IF|0|0|0|0|0|220|1|5910|0|0|0|0|0
S|ZNX|34111667|108503333| |TF|0|0|0|0|0|230|1|8860|0|0|0|0|0
S|XY606|33962833|108575194| |TF|0|0|0|0|0|0|1|11800|0|0|0|0|0
S|XY607|33861500|108625278| |TF|0|0|0|0|0|0|1|12800|0|0|0|0|0
S|UPDUM|33395556|108853889| |TF|0|0|0|0|0|0|0|0|0|0|0|0|0

P|UPDU9Z|06L|UPDUM|0|7
S|XY510|34540611|108916500|FNH|CF|0|5200|1410|9600|900|0|1|4270|0|0|0|0|0
S|XY420|34619417|109032194| |TF|0|0|0|0|0|220|1|5250|0|0|0|0|0
S|XY420|34619417|109032194| |IF|0|0|0|0|0|220|1|5250|0|0|0|0|0
S|XY520|34540083|109080167| |TF|0|0|0|0|0|0|1|5910|0|0|0|0|0
S|KLX|34265000|109248333| |TF|0|0|0|0|0|0|1|9850|0|0|0|0|0
S|XY402|34053417|109150528| |TF|0|0|0|0|0|0|1|11800|0|0|0|0|0
S|UPDUM|33395556|108853889| |TF|0|0|0|0|0|0|0|0|0|0|0|0|0

P|UPDU9Z|06R|UPDUM|0|7
S|XY599|34538056|108919250|FNH|CF|0|5200|1430|9660|900|0|1|4270|0|0|0|0|0
S|XY420|34619417|109032194| |TF|0|0|0|0|0|220|1|5250|0|0|0|0|0
S|XY420|34619417|109032194| |IF|0|0|0|0|0|220|1|5250|0|0|0|0|0
S|XY520|34540083|109080167| |TF|0|0|0|0|0|0|1|5910|0|0|0|0|0
S|KLX|34265000|109248333| |TF|0|0|0|0|0|0|1|9850|0|0|0|0|0
S|XY402|34053417|109150528| |TF|0|0|0|0|0|0|1|11800|0|0|0|0|0
S|UPDUM|33395556|108853889| |TF|0|0|0|0|0|0|0|0|0|0|0|0|0

P|WJC1A|06L|WJC|0|5
S| |91000000|181000000|LCZ|CD|0|5200|0|0|820|0|1|4270|0|0|0|0|0
S| |91000000|181000000|LCZ|CD|0|5200|0|0|1140|0|1|5250|0|0|0|0|0
S|MIZ|34820000|108995000| |DF|0|0|0|0|0|0|1|7880|0|0|0|0|0
S|MIZ|34820000|108995000| |IF|0|0|0|0|0|0|1|7880|0|0|0|0|0
S|WJC|35778333|109376667| |TF|0|0|0|0|0|0|0|0|0|0|0|0|0

P|WJC1A|06R|WJC|0|5
S| |91000000|181000000|LCZ|CD|0|5200|0|0|820|0|1|4270|0|0|0|0|0
S| |91000000|181000000|LCZ|CD|0|5200|0|0|1140|0|1|5250|0|0|0|0|0
S|MIZ|34820000|108995000| |DF|0|0|0|0|0|0|1|7880|0|0|0|0|0
S|MIZ|34820000|108995000| |IF|0|0|0|0|0|0|1|7880|0|0|0|0|0
S|WJC|35778333|109376667| |TF|0|0|0|0|0|0|0|0|0|0|0|0|0

P|WJC1B|24L|WJC|0|6
S| |91000000|181000000|LCZ|CD|0|23200|0|0|1010|0|1|4600|0|0|0|0|0
S| |91000000|181000000|LCZ|CD|0|23200|0|0|1610|220|1|5910|0|0|0|0|0
S|FNH|34553333|108631667| |DF|2|0|0|0|0|0|1|7880|0|0|0|0|0
S|FNH|34553333|108631667| |IF|0|0|0|0|0|0|1|7880|0|0|0|0|0
S|MIZ|34820000|108995000| |TF|0|0|0|0|0|0|1|8860|0|0|0|0|0
S|WJC|35778333|109376667| |TF|0|0|0|0|0|0|0|0|0|0|0|0|0

P|WJC1B|24R|WJC|0|6
S| |91000000|181000000|LCZ|CD|0|23200|0|0|1010|0|1|4600|0|0|0|0|0
S| |91000000|181000000|LCZ|CD|0|23200|0|0|1610|220|1|5910|0|0|0|0|0
S|FNH|34553333|108631667| |DF|2|0|0|0|0|0|1|7880|0|0|0|0|0
S|FNH|34553333|108631667| |IF|0|0|0|0|0|0|1|7880|0|0|0|0|0
S|MIZ|34820000|108995000| |TF|0|0|0|0|0|0|1|8860|0|0|0|0|0
S|WJC|35778333|109376667| |TF|0|0|0|0|0|0|0|0|0|0|0|0|0

P|WJC1C|23R|WJC|0|7
S|DE23R|34442156|108735622| |DF|0|0|0|0|0|0|0|0|0|1|0|0|0
S| |91000000|181000000| |CA|0|23200|0|0|0|0|1|2140|0|0|0|0|0
S|D262K|34417075|108579756| |DF|0|0|0|0|0|0|1|4600|0|1|0|0|0
S| |91000000|181000000|LCZ|CD|0|26200|0|0|1580|220|0|0|0|0|0|0|0
S|FNH|34553333|108631667| |DF|2|0|0|0|0|0|1|7880|0|0|0|0|0
S|MIZ|34820000|108995000| |TF|0|0|0|0|0|0|1|8860|0|0|0|0|0
S|WJC|35778333|109376667| |TF|0|0|0|0|0|0|0|0|0|0|0|0|0

P|WJC1D|05L|WJC|0|5
S|DE05L|34464703|108766756| |DF|0|0|0|0|0|0|0|0|0|1|0|0|0
S| |91000000|181000000| |CA|0|5200|0|0|0|0|1|2140|0|0|0|0|0
S| |91000000|181000000|LCZ|CD|0|1600|0|0|1140|250|1|4930|0|0|0|0|0
S|MIZ|34820000|108995000| |DF|0|0|0|0|0|0|1|7880|0|0|0|0|0
S|WJC|35778333|109376667| |TF|0|0|0|0|0|0|0|0|0|0|0|0|0

P|WJC9W|05L|WJC|0|5
S|DE05L|34464703|108766756| |DF|0|0|0|0|0|0|0|0|0|1|0|0|0
S| |91000000|181000000| |VA|0|5200|0|0|0|0|1|2140|0|0|0|0|0
S|XY410|34636278|108842250| |DF|0|0|0|0|0|0|1|4930|0|0|0|0|0
S|MIZ|34820000|108995000| |TF|0|0|0|0|0|0|1|7880|0|0|0|0|0
S|WJC|35778333|109376667| |TF|0|0|0|0|0|0|0|0|0|0|0|0|0

P|WJC9X|23R|WJC|0|8
S|DE23R|34442156|108735622| |DF|0|0|0|0|0|0|0|0|0|1|0|0|0
S| |91000000|181000000| |VA|0|23200|0|0|0|0|1|2140|0|0|0|0|0
S|XY701|34416583|108576944| |DF|0|0|0|0|0|0|1|4600|0|0|0|0|0
S|XY702|34389361|108409333| |TF|0|0|0|0|0|205|0|0|0|0|0|0|0
S|XY703|34497306|108373306| |TF|0|0|0|0|0|220|1|6890|0|0|0|0|0
S|FNH|34553333|108631667| |TF|0|0|0|0|0|0|0|0|0|0|0|0|0
S|MIZ|34820000|108995000| |TF|0|0|0|0|0|0|1|8860|0|0|0|0|0
S|WJC|35778333|109376667| |TF|0|0|0|0|0|0|0|0|0|0|0|0|0

P|WJC9Y|24L|WJC|0|7
S|XY699|34336972|108641611|LCZ|CF|0|23200|1020|23070|800|0|1|4600|0|0|0|0|0
S|XY620|34250861|108523361| |TF|0|0|0|0|0|220|1|5910|0|0|0|0|0
S|XY620|34250861|108523361| |IF|0|0|0|0|0|220|1|5910|0|0|0|0|0
S|XY960|34337639|108426583| |TF|0|0|0|0|0|230|1|6890|0|0|0|0|0
S|FNH|34553333|108631667| |TF|0|0|0|0|0|0|0|0|0|0|0|0|0
S|MIZ|34820000|108995000| |TF|0|0|0|0|0|0|1|8860|0|0|0|0|0
S|WJC|35778333|109376667| |TF|0|0|0|0|0|0|0|0|0|0|0|0|0

P|WJC9Y|24R|WJC|0|7
S|XY630|34339556|108638889|LCZ|CF|0|23200|1020|23180|700|0|1|4600|0|0|0|0|0
S|XY620|34250861|108523361| |TF|0|0|0|0|0|220|1|5910|0|0|0|0|0
S|XY620|34250861|108523361| |IF|0|0|0|0|0|220|1|5910|0|0|0|0|0
S|XY960|34337639|108426583| |TF|0|0|0|0|0|230|1|6890|0|0|0|0|0
S|FNH|34553333|108631667| |TF|0|0|0|0|0|0|0|0|0|0|0|0|0
S|MIZ|34820000|108995000| |TF|0|0|0|0|0|0|1|8860|0|0|0|0|0
S|WJC|35778333|109376667| |TF|0|0|0|0|0|0|0|0|0|0|0|0|0

P|WJC9Z|06L|WJC|0|5
S|XY510|34540611|108916500|FNH|CF|0|5200|1410|9600|900|0|1|4270|0|0|0|0|0
S|XY420|34619417|109032194| |TF|0|0|0|0|0|0|1|5250|0|0|0|0|0
S|XY420|34619417|109032194| |IF|0|0|0|0|0|0|1|5250|0|0|0|0|0
S|MIZ|34820000|108995000| |TF|0|0|0|0|0|0|1|7880|0|0|0|0|0
S|WJC|35778333|109376667| |TF|0|0|0|0|0|0|0|0|0|0|0|0|0

P|WJC9Z|06R|WJC|0|5
S|XY599|34538056|108919250|FNH|CF|0|5200|1430|9660|900|0|1|4270|0|0|0|0|0
S|XY420|34619417|109032194| |TF|0|0|0|0|0|0|1|5250|0|0|0|0|0
S|XY420|34619417|109032194| |IF|0|0|0|0|0|0|1|5250|0|0|0|0|0
S|MIZ|34820000|108995000| |TF|0|0|0|0|0|0|1|7880|0|0|0|0|0
S|WJC|35778333|109376667| |TF|0|0|0|0|0|0|0|0|0|0|0|0|0

