P|BIDR5T|34|BIDRU|0|4
S| |91000000|181000000| |CA|0|34100|0|0|0|0|1|2220|0|0|0|0|0
S|BNN|21980000|100755000|BNN|FA|0|34800|0|0|0|0|1|5420|0|0|0|0|0
S| |91000000|181000000| |CI|0|6700|0|0|0|0|0|0|0|0|0|0|0
S|BIDRU|22718333|100965000|JHG|CF|0|700|4010|740|3600|0|0|0|0|0|0|0|0

P|BIDR6U|16|BIDRU|0|3
S| |91000000|181000000| |CA|0|16100|0|0|0|0|1|4930|0|0|0|0|0
S|JHG|22051667|100885000| |DF|1|0|0|0|0|205|0|0|0|0|0|0|0
S|BIDRU|22718333|100965000| |TF|0|0|0|0|0|0|0|0|0|0|0|0|0

P|BIDR7W|34|BIDRU|0|4
S|JH422|22017306|100745333|JHG|CF|0|34100|810|25620|300|0|0|0|0|1|0|0|0
S| |91000000|181000000| |CA|0|34800|0|0|0|0|1|5420|0|0|0|0|0
S|JH810|22454250|100933889| |DF|2|0|0|0|0|0|0|0|0|0|0|0|0
S|BIDRU|22718333|100965000| |TF|0|0|0|0|0|0|0|0|0|0|0|0|0

P|BIDR8X|16|BIDRU|0|4
S|JH401|21807528|100827222|JHG|CF|0|16100|1500|19350|1100|0|1|5060|0|0|0|0|0
S|JH405|21736500|100618333| |TF|0|0|0|0|0|230|1|8860|0|0|0|0|0
S|JH406|22050250|100495556| |TF|0|0|0|0|0|0|0|0|0|0|0|0|0
S|BIDRU|22718333|100965000| |TF|0|0|0|0|0|0|0|0|0|0|0|0|0

P|BIDR9Y|16|BIDRU|0|4
S|JH401|21807528|100827222|JHG|CF|0|16100|1500|19350|1100|0|1|5060|0|0|0|0|0
S|JH402|21853750|100963556| |TF|0|0|0|0|0|230|0|0|0|0|0|0|0
S|JH811|22210444|101185833| |TF|0|0|0|0|0|0|0|0|0|0|0|0|0
S|BIDRU|22718333|100965000| |TF|0|0|0|0|0|0|0|0|0|0|0|0|0

P|GUKR5T|34|GUKRU|0|4
S| |91000000|181000000| |CA|0|34100|0|0|0|0|1|2220|0|0|0|0|0
S|BNN|21980000|100755000|BNN|FA|0|34800|0|0|0|0|1|5420|0|0|0|0|0
S|JHG|22051667|100885000| |DF|2|0|0|0|0|205|0|0|0|0|0|0|0
S|GUKRU|21922500|101309444| |TF|0|0|0|0|0|0|0|0|0|0|0|0|0

P|GUKR6U|16|GUKRU|0|3
S| |91000000|181000000| |CA|0|16100|0|0|0|0|1|4930|0|0|0|0|0
S| |91000000|181000000| |CI|1|3700|0|0|0|205|0|0|0|0|0|0|0
S|GUKRU|21922500|101309444|JHG|CF|0|9700|2490|10900|2200|0|0|0|0|0|0|0|0

P|GUKR7W|34|GUKRU|0|3
S|JH422|22017306|100745333|JHG|CF|0|34100|810|25620|300|0|0|0|0|1|0|0|0
S| |91000000|181000000| |CA|0|34800|0|0|0|0|1|5420|0|0|0|0|0
S|GUKRU|21922500|101309444| |DF|2|0|0|0|0|0|0|0|0|0|0|0|0

P|GUKR9Y|16|GUKRU|0|3
S|JH401|21807528|100827222|JHG|CF|0|16100|1500|19350|1100|0|1|5060|0|0|0|0|0
S|JH402|21853750|100963556| |TF|0|0|0|0|0|230|0|0|0|0|0|0|0
S|GUKRU|21922500|101309444| |TF|0|0|0|0|0|0|0|0|0|0|0|0|0

