P|APAK1D|05|APAKA|0|4
S| |91000000|181000000|XMN|CD|0|5600|0|0|700|0|1|1650|0|0|0|0|0
S|XLN|24565000|118015000| |DF|1|0|0|0|0|230|1|4930|0|0|0|0|0
S|ALADU|24321389|118011111| |TF|0|0|0|0|0|0|0|0|0|0|0|0|0
S|APAKA|23863889|118444444| |TF|0|0|0|0|0|0|0|0|0|0|0|0|0

P|APAK3C|23|APAKA|0|3
S| |91000000|181000000|XMN|CD|0|23600|0|0|770|0|1|2300|0|0|0|0|0
S|ALADU|24321389|118011111| |DF|0|0|0|0|0|230|1|2960|0|0|0|0|0
S|APAKA|23863889|118444444| |TF|0|0|0|0|0|0|0|0|0|0|0|0|0

P|APAK7Y|23|APAKA|0|4
S|AM401|24450861|117997222|XLN|CF|0|23600|690|19210|800|0|1|2300|0|0|0|0|0
S|AM106|24350722|117984111| |TF|0|0|0|0|0|230|1|2960|0|0|0|0|0
S|AM303|24050278|118268333| |TF|0|0|0|0|0|0|0|0|0|0|0|0|0
S|APAKA|23863889|118444444| |TF|0|0|0|0|0|0|1|20700|0|0|0|0|0

P|APAK9Z|05|APAKA|0|5
S|AM301|24614444|118226194|XMN|CF|0|5600|710|5690|600|0|1|1320|0|1|0|0|0
S|AM206|24513250|118212972|XMN|CF|2|23600|520|11410|500|200|1|2960|0|0|0|0|0
S|AM106|24350722|117984111| |TF|0|0|0|0|0|0|1|5910|0|0|0|0|0
S|AM303|24050278|118268333| |TF|0|0|0|0|0|0|0|0|0|0|0|0|0
S|APAKA|23863889|118444444| |TF|0|0|0|0|0|0|1|20700|0|0|0|0|0

P|BUPD5Q|23|BUPDU|0|6
S|AM401|24450861|117997222|XLN|CF|0|23600|690|19210|800|0|1|2300|0|1|0|0|0
S|AM402|24438472|118107583|XMN|CF|1|5600|630|19190|400|200|1|3940|0|0|0|0|0
S|AM205|24613333|118354417| |TF|0|0|0|0|0|0|1|11800|0|0|0|0|0
S|QZ201|24606194|118719667| |TF|0|0|0|0|0|0|0|0|0|0|0|0|0
S|QZ209|25033389|118995861| |TF|0|0|0|0|0|0|0|0|0|0|0|0|0
S|BUPDU|25537222|119290278| |TF|0|0|0|0|0|0|0|0|0|0|0|0|0

P|BUPD5T|05|BUPDU|0|5
S|AM301|24614444|118226194|XMN|CF|0|5600|710|5690|600|0|1|1320|0|0|0|0|0
S|AM205|24613333|118354417| |TF|0|0|0|0|0|230|1|2960|0|0|0|0|0
S|QZ201|24606194|118719667| |TF|0|0|0|0|0|0|0|0|0|0|0|0|0
S|QZ209|25033389|118995861| |TF|0|0|0|0|0|0|0|0|0|0|0|0|0
S|BUPDU|25537222|119290278| |TF|0|0|0|0|0|0|0|0|0|0|0|0|0

P|DOVP1D|05|DOVPU|0|4
S| |91000000|181000000|XMN|CD|0|5600|0|0|700|0|1|1650|0|0|0|0|0
S| |91000000|181000000|XMN|CD|0|4200|0|0|1130|230|1|2960|0|0|0|0|0
S|XMN29|24869647|118505581|XMN|CF|0|5200|2860|5090|1700|0|1|4930|0|0|0|0|0
S|DOVPU|25263889|118971667| |TF|0|0|0|0|0|0|0|0|0|0|0|0|0

P|DOVP3C|23|DOVPU|0|4
S| |91000000|181000000|XMN|CD|0|23600|0|0|770|0|1|2300|0|0|0|0|0
S|XLN|24565000|118015000| |DF|2|0|0|0|0|230|1|4930|0|0|0|0|0
S|D052K|24672447|118274203| |TF|0|0|0|0|0|0|1|7880|0|0|0|0|0
S|DOVPU|25263889|118971667| |TF|0|0|0|0|0|0|0|0|0|0|0|0|0

P|DOVP5U|05|DOVPU|0|4
S|AM301|24614444|118226194|XMN|CF|0|5600|710|5690|600|0|1|1320|0|0|0|0|0
S|AM306|24929472|118430083| |TF|0|0|0|0|0|0|1|5910|0|0|0|0|0
S|ATSAB|25093333|118618333| |TF|0|0|0|0|0|0|0|0|0|0|0|0|0
S|DOVPU|25263889|118971667| |TF|0|0|0|0|0|0|0|0|0|0|0|0|0

P|DOVP7Y|23|DOVPU|0|5
S|AM401|24450861|117997222|XLN|CF|0|23600|690|19210|800|0|1|2300|0|1|0|0|0
S|AM402|24438472|118107583|XMN|CF|1|5600|630|19190|400|200|1|3940|0|0|0|0|0
S|AM205|24613333|118354417| |TF|0|0|0|0|0|0|1|11800|0|0|0|0|0
S|AM305|24869583|118508444| |TF|0|0|0|0|0|0|0|0|0|0|0|0|0
S|DOVPU|25263889|118971667| |TF|0|0|0|0|0|0|0|0|0|0|0|0|0

P|DOVP9Z|05|DOVPU|0|4
S|AM301|24614444|118226194|XMN|CF|0|5600|710|5690|600|0|1|1320|0|0|0|0|0
S|AM304|24736389|118350833| |TF|0|0|0|0|0|0|1|4930|0|0|0|0|0
S|AM305|24869583|118508444| |TF|0|0|0|0|0|0|0|0|0|0|0|0|0
S|DOVPU|25263889|118971667| |TF|0|0|0|0|0|0|0|0|0|0|0|0|0

P|NUSP1D|05|NUSPA|0|3
S| |91000000|181000000|XMN|CD|0|5600|0|0|700|0|1|1650|0|0|0|0|0
S|XLN|24565000|118015000| |DF|1|0|0|0|0|230|1|4930|0|0|0|0|0
S|NUSPA|24053333|117631111| |TF|0|0|0|0|0|0|0|0|0|0|0|0|0

P|NUSP3C|23|NUSPA|0|3
S| |91000000|181000000|XMN|CD|0|23600|0|0|770|0|1|2300|0|0|0|0|0
S|D219Q|24335031|117841986| |DF|0|0|0|0|0|0|1|4930|0|0|0|0|0
S|NUSPA|24053333|117631111| |TF|0|0|0|0|0|230|0|0|0|0|0|0|0

P|NUSP7Y|23|NUSPA|0|4
S|AM401|24450861|117997222|XLN|CF|0|23600|690|19210|800|0|1|2300|0|0|0|0|0
S|AM106|24350722|117984111| |TF|0|0|0|0|0|230|1|2960|0|0|0|0|0
S|AM302|24247611|117839528| |TF|0|0|0|0|0|0|1|4930|0|0|0|0|0
S|NUSPA|24053333|117631111| |TF|0|0|0|0|0|0|0|0|0|0|0|0|0

P|NUSP9Z|05|NUSPA|0|5
S|AM301|24614444|118226194|XLN|CF|0|5600|1190|7960|600|0|1|1320|0|1|0|0|0
S|AM206|24513250|118212972|XMN|CF|2|23600|520|11410|500|200|1|2960|0|0|0|0|0
S|AM106|24350722|117984111| |TF|0|0|0|0|0|0|1|5910|0|0|0|0|0
S|AM302|24247611|117839528| |TF|0|0|0|0|0|0|0|0|0|0|0|0|0
S|NUSPA|24053333|117631111| |TF|0|0|0|0|0|0|0|0|0|0|0|0|0

