P|POMK1D|36|POMOK|0|4
S| |91000000|181000000| |CA|0|400|0|0|0|0|1|1970|0|0|0|0|0
S|NTG|32098292|120979353| |DF|2|0|0|0|0|230|1|5910|0|0|0|0|0
S|XIREM|31745000|120958611| |TF|0|0|0|0|0|0|0|0|0|0|0|0|0
S|POMOK|31450000|121116667| |TF|0|0|0|0|0|0|0|0|0|0|0|0|0

P|POMK3B|18|POMOK|0|3
S|D184M|31877858|120983861|NTG|CF|0|18400|1320|18400|1100|0|1|2960|0|0|0|0|0
S|XIREM|31745000|120958611| |TF|0|0|0|0|0|0|1|4930|0|0|0|0|0
S|POMOK|31450000|121116667| |TF|0|0|0|0|0|0|0|0|0|0|0|0|0

P|POMK7Y|18|POMOK|0|3
S|NT303|31877917|120986639|NTG|CF|0|18400|1320|18340|1100|0|1|2960|0|0|0|0|0
S|XIREM|31745000|120958611| |TF|0|0|0|0|0|0|1|4930|0|0|0|0|0
S|POMOK|31450000|121116667| |TF|0|0|0|0|0|0|0|0|0|0|0|0|0

P|POMK9Z|36|POMOK|0|6
S|NT203|32256222|120973944|NTG|CF|0|400|950|330|1000|0|1|2960|0|0|0|0|0
S|NT206|32253778|120875861| |TF|1|0|0|0|0|210|1|3940|0|0|0|0|0
S|NT307|32154389|120879306| |TF|0|0|0|0|0|0|0|0|0|0|0|0|0
S|NT303|31877917|120986639| |TF|0|0|0|0|0|0|0|0|0|0|0|0|0
S|XIREM|31745000|120958611| |TF|0|0|0|0|0|0|0|0|0|0|0|0|0
S|POMOK|31450000|121116667| |TF|0|0|0|0|0|0|0|0|0|0|0|0|0

P|UNTA1D|36|UNTAN|0|4
S| |91000000|181000000| |CA|0|400|0|0|0|0|1|1970|0|0|0|0|0
S|NTG|32098292|120979353| |DF|2|0|0|0|0|230|1|5910|0|0|0|0|0
S|PIKAS|32166667|120733333| |TF|0|0|0|0|0|0|1|9850|0|0|0|0|0
S|UNTAN|32203889|120284444| |TF|0|0|0|0|0|0|0|0|0|0|0|0|0

P|UNTA3B|18|UNTAN|0|4
S| |91000000|181000000| |CA|0|18400|0|0|0|0|1|1970|0|0|0|0|0
S|NTG|32098292|120979353| |DF|1|0|0|0|0|230|1|5910|0|0|0|0|0
S|PIKAS|32166667|120733333| |TF|0|0|0|0|0|0|1|9850|0|0|0|0|0
S|UNTAN|32203889|120284444| |TF|0|0|0|0|0|0|0|0|0|0|0|0|0

P|UNTA7Y|18|UNTAN|0|4
S|NT303|31877917|120986639|NTG|CF|0|18400|1320|18340|1100|0|1|2960|0|0|0|0|0
S|NT304|31875500|120888944| |TF|2|0|0|0|0|230|1|3940|0|0|0|0|0
S|PIKAS|32166667|120733333| |TF|0|0|0|0|0|0|1|9850|0|0|0|0|0
S|UNTAN|32203889|120284444| |TF|0|0|0|0|0|0|0|0|0|0|0|0|0

P|UNTA9Z|36|UNTAN|0|5
S|NT203|32256222|120973944|NTG|CF|0|400|950|330|1000|0|1|2960|0|0|0|0|0
S|NT206|32253778|120875861| |TF|1|0|0|0|0|210|1|3940|0|0|0|0|0
S|NT307|32154389|120879306| |TF|0|0|0|0|0|0|0|0|0|0|0|0|0
S|PIKAS|32166667|120733333| |TF|2|0|0|0|0|0|1|9850|0|0|0|0|0
S|UNTAN|32203889|120284444| |TF|0|0|0|0|0|0|0|0|0|0|0|0|0

