P|NIX11D|35|NIXEM|0|4
S|D353H|32669364|119690867|SJD|CF|0|35300|770|35300|600|0|1|990|0|1|0|0|0
S|D316M|32683294|119528239|SJD|CF|0|26300|1300|31590|700|230|1|2960|0|0|0|0|0
S|YA107|32726111|119467500| |TF|0|0|0|0|0|0|1|7880|0|0|0|0|0
S|NIXEM|32941944|119160556| |TF|0|0|0|0|0|0|1|13800|0|0|0|0|0

P|NIX12D|17|NIXEM|0|4
S|D173E|32463633|119747222|SJD|CF|0|17300|500|17290|600|0|1|1320|0|1|0|0|0
S|SJD|32544072|119725067|SJD|CF|2|4700|0|0|500|230|0|0|0|0|0|0|0
S|YA107|32726111|119467500| |TF|1|0|0|0|0|0|1|7880|0|0|0|0|0
S|NIXEM|32941944|119160556| |TF|0|0|0|0|0|0|1|13800|0|0|0|0|0

P|NIX91D|35|NIXEM|0|4
S|YA202|32669722|119690278|SJD|CF|0|35300|770|35280|600|0|0|0|0|0|0|0|0
S|YA205|32699722|119572778| |TF|0|0|0|0|0|0|1|2960|0|0|0|0|0
S|YA107|32726111|119467500| |TF|0|0|0|0|0|0|1|7880|0|0|0|0|0
S|NIXEM|32941944|119160556| |TF|0|0|0|0|0|0|1|13800|0|0|0|0|0

P|NIX92D|17|NIXEM|0|4
S| |91000000|181000000| |CA|0|17300|0|0|0|0|1|1320|0|0|0|0|0
S|YA106|32640000|119589444| |DF|2|0|0|0|0|230|0|0|0|0|0|0|0
S|YA107|32726111|119467500| |TF|0|0|0|0|0|0|1|7880|0|0|0|0|0
S|NIXEM|32941944|119160556| |TF|0|0|0|0|0|0|1|13800|0|0|0|0|0

P|NOB11D|35|NOBEM|0|6
S|D353H|32669364|119690867|SJD|CF|0|35300|770|35300|600|0|1|990|0|1|0|0|0
S|SJD|32544072|119725067|SJD|CF|1|13500|0|0|800|230|1|3940|0|0|0|0|0
S|YA206|32452778|119572778| |TF|2|0|0|0|0|0|0|0|0|0|0|0|0
S|YA108|32346389|119395556| |TF|0|0|0|0|0|0|1|10800|0|0|0|0|0
S|YA109|32268889|119267222| |TF|0|0|0|0|0|0|1|13800|0|0|0|0|0
S|NOBEM|31990278|118808611| |TF|0|0|0|0|0|0|0|0|0|0|0|0|0

P|NOB12D|17|NOBEM|0|5
S|D173E|32463633|119747222|SJD|CF|0|17300|500|17290|600|0|1|1320|0|1|0|0|0
S|D241I|32458333|119580000|SJD|CF|2|30300|900|24120|600|230|1|4930|0|0|0|0|0
S|YA108|32346389|119395556| |TF|0|0|0|0|0|0|1|10800|0|0|0|0|0
S|YA109|32268889|119267222| |TF|0|0|0|0|0|0|1|13800|0|0|0|0|0
S|NOBEM|31990278|118808611| |TF|0|0|0|0|0|0|0|0|0|0|0|0|0

P|NOB91D|35|NOBEM|0|6
S| |91000000|181000000| |CA|0|35300|0|0|0|0|1|1320|0|0|0|0|0
S|YA105|32487778|119631111| |DF|1|0|0|0|0|230|1|4930|0|0|0|0|0
S|YA206|32452778|119572778| |TF|0|0|0|0|0|0|0|0|0|0|0|0|0
S|YA108|32346389|119395556| |TF|0|0|0|0|0|0|1|10800|0|0|0|0|0
S|YA109|32268889|119267222| |TF|0|0|0|0|0|0|1|13800|0|0|0|0|0
S|NOBEM|31990278|118808611| |TF|0|0|0|0|0|0|0|0|0|0|0|0|0

P|NOB92D|17|NOBEM|0|4
S|YA103|32377778|119770278|SJD|CF|0|17300|1020|17300|1100|0|1|2960|0|0|0|0|0
S|YA108|32346389|119395556|SJD|CF|2|28100|2050|24080|1700|230|1|10800|0|0|0|0|0
S|YA109|32268889|119267222| |TF|0|0|0|0|0|0|1|13800|0|0|0|0|0
S|NOBEM|31990278|118808611| |TF|0|0|0|0|0|0|0|0|0|0|0|0|0

P|VMB11D|35|VMB|0|5
S|D353H|32669364|119690867|SJD|CF|0|35300|770|35300|600|0|1|990|0|1|0|0|0
S|SJD|32544072|119725067|SJD|CF|1|13500|0|0|800|230|1|3940|0|0|0|0|0
S|PIMOL|32245833|119761667| |TF|0|0|0|0|0|0|1|4930|0|0|0|0|0
S|ZJ|31941667|119710000| |TF|0|0|0|0|0|0|1|8860|0|0|0|0|0
S|VMB|31743333|120191667| |TF|0|0|0|0|0|0|1|11800|0|0|0|0|0

P|VMB12D|17|VMB|0|5
S|D173E|32463633|119747222|SJD|CF|0|17300|500|17290|600|0|1|1320|0|1|0|0|0
S|D180K|32369672|119746664|SJD|CF|0|18700|1050|18000|500|0|1|2960|0|0|0|0|0
S|PIMOL|32245833|119761667| |TF|0|0|0|0|0|0|1|4930|0|0|0|0|0
S|ZJ|31941667|119710000| |TF|0|0|0|0|0|0|1|8860|0|0|0|0|0
S|VMB|31743333|120191667| |TF|0|0|0|0|0|0|1|11800|0|0|0|0|0

P|VMB13D|35|VMB|0|4
S|D353H|32669364|119690867|SJD|CF|0|35300|770|35300|600|0|1|990|0|1|0|0|0
S|SJD|32544072|119725067|SJD|CF|1|13500|0|0|800|230|1|3940|0|0|0|0|0
S|PIMOL|32245833|119761667| |TF|0|0|0|0|0|0|1|4930|0|0|0|0|0
S|VMB|31743333|120191667| |TF|0|0|0|0|0|0|1|11800|0|0|0|0|0

P|VMB14D|17|VMB|0|4
S|D173E|32463633|119747222|SJD|CF|0|17300|500|17290|600|0|1|1320|0|1|0|0|0
S|D180K|32369672|119746664|SJD|CF|0|18700|1050|18000|500|0|1|2960|0|0|0|0|0
S|PIMOL|32245833|119761667| |TF|0|0|0|0|0|0|1|4930|0|0|0|0|0
S|VMB|31743333|120191667| |TF|0|0|0|0|0|0|1|11800|0|0|0|0|0

P|VMB91D|35|VMB|0|5
S| |91000000|181000000| |CA|0|35300|0|0|0|0|1|1320|0|0|0|0|0
S|YA105|32487778|119631111| |DF|1|0|0|0|0|230|1|4930|0|0|0|0|0
S|PIMOL|32245833|119761667| |TF|0|0|0|0|0|0|1|4930|0|0|0|0|0
S|ZJ|31941667|119710000| |TF|0|0|0|0|0|0|1|8860|0|0|0|0|0
S|VMB|31743333|120191667| |TF|0|0|0|0|0|0|1|11800|0|0|0|0|0

P|VMB92D|17|VMB|0|4
S|YA103|32377778|119770278|SJD|CF|0|17300|1020|17300|1100|0|1|2960|0|0|0|0|0
S|PIMOL|32245833|119761667| |TF|0|0|0|0|0|230|1|4930|0|0|0|0|0
S|ZJ|31941667|119710000| |TF|0|0|0|0|0|0|1|8860|0|0|0|0|0
S|VMB|31743333|120191667| |TF|0|0|0|0|0|0|1|11800|0|0|0|0|0

P|VMB93D|35|VMB|0|4
S| |91000000|181000000| |CA|0|35300|0|0|0|0|1|1320|0|0|0|0|0
S|YA105|32487778|119631111| |DF|1|0|0|0|0|230|1|4930|0|0|0|0|0
S|PIMOL|32245833|119761667| |TF|0|0|0|0|0|0|1|4930|0|0|0|0|0
S|VMB|31743333|120191667| |TF|0|0|0|0|0|0|1|11800|0|0|0|0|0

P|VMB94D|17|VMB|0|3
S|YA103|32377778|119770278|SJD|CF|0|17300|1020|17300|1100|0|1|2960|0|0|0|0|0
S|PIMOL|32245833|119761667| |TF|0|0|0|0|0|230|1|4930|0|0|0|0|0
S|VMB|31743333|120191667| |TF|0|0|0|0|0|0|1|11800|0|0|0|0|0

P|ZJ11D|35|ZJ|0|4
S|D353H|32669364|119690867|SJD|CF|0|35300|770|35300|400|0|1|990|0|1|0|0|0
S|SJD|32544072|119725067|SJD|CF|1|13500|0|0|800|230|1|3940|0|0|0|0|0
S|PIMOL|32245833|119761667| |TF|0|0|0|0|0|0|1|4930|0|0|0|0|0
S|ZJ|31941667|119710000| |TF|0|0|0|0|0|0|1|8860|0|0|0|0|0

P|ZJ12D|17|ZJ|0|4
S|D173E|32463633|119747222|SJD|CF|0|17300|500|17290|600|0|1|1320|0|1|0|0|0
S|D180K|32369672|119746664|SJD|CF|0|18700|1050|18000|500|0|1|2960|0|0|0|0|0
S|PIMOL|32245833|119761667| |TF|0|0|0|0|0|0|1|4930|0|0|0|0|0
S|ZJ|31941667|119710000| |TF|0|0|0|0|0|0|1|8860|0|0|0|0|0

P|ZJ91D|35|ZJ|0|4
S| |91000000|181000000| |CA|0|35300|0|0|0|0|1|1320|0|0|0|0|0
S|YA105|32487778|119631111| |DF|1|0|0|0|0|230|1|4930|0|0|0|0|0
S|PIMOL|32245833|119761667| |TF|0|0|0|0|0|0|1|4930|0|0|0|0|0
S|ZJ|31941667|119710000| |TF|0|0|0|0|0|0|1|8860|0|0|0|0|0

P|ZJ92D|17|ZJ|0|3
S|YA103|32377778|119770278|SJD|CF|0|17300|1020|17300|1100|0|1|2960|0|0|0|0|0
S|PIMOL|32245833|119761667| |TF|0|0|0|0|0|230|1|4930|0|0|0|0|0
S|ZJ|31941667|119710000| |TF|0|0|0|0|0|0|1|8860|0|0|0|0|0

