P|VIDU1H|11L|VIDUT|0|4
S| |91000000|181000000| |CA|0|10800|0|0|0|0|1|6240|0|0|0|0|0
S| |91000000|181000000| |CI|0|4400|0|0|0|0|0|0|0|0|0|0|0
S|HTN|37036667|79868333| |IF|0|0|0|0|0|0|0|0|0|0|0|0|0
S|VIDUT|37746667|83367222| |TF|0|0|0|0|0|0|0|0|0|0|0|0|0

P|VIDU2H|29R|VIDUT|0|3
S| |91000000|181000000| |CA|0|28800|0|0|0|0|1|6240|0|0|0|0|0
S|HTN|37036667|79868333| |DF|2|0|0|0|0|0|0|0|0|0|0|0|0
S|VIDUT|37746667|83367222| |TF|0|0|0|0|0|0|0|0|0|0|0|0|0

P|VIDU8Z|29R|VIDUT|0|3
S| |91000000|181000000| |CA|0|28800|0|0|0|0|1|5910|0|0|0|0|0
S|TN632|37157778|80432222| |DF|2|0|0|0|0|250|1|9850|0|0|0|0|0
S|VIDUT|37746667|83367222| |TF|0|0|0|0|0|0|0|0|0|0|0|0|0

P|VIDU9Z|11L|VIDUT|0|3
S| |91000000|181000000| |CA|0|10800|0|0|0|0|1|5910|0|0|0|0|0
S|TN632|37157778|80432222| |DF|1|0|0|0|0|250|1|9850|0|0|0|0|0
S|VIDUT|37746667|83367222| |TF|0|0|0|0|0|0|0|0|0|0|0|0|0

